Sample	1	2	3	4	5	6	7	8	9	12	17	22	27	32	37	42	47	52	57	62	67	72	77	82	87	92	97	102	107	112	117	122	127	132	137	142	147	150
Sor-CPnd_001-Ex1-3E-lcwgs-1-3.clmp.r1	39.56841079289611	39.55131510753263	39.65514152268279	39.59726932288869	39.51778723008154	39.21588588348604	39.45836218903714	38.90875091347582	39.107476349747905	39.45501297311554	39.61295843137057	39.631193564512095	39.578470491055384	39.53699874717704	39.532621985616544	39.5291270892579	39.51773028443581	39.501962329501566	39.487777743019215	39.44805312645641	39.4307581421812	39.40784799087788	39.37695859348132	39.35250892855921	39.314334140722885	39.284804606626224	39.25939671786572	39.21018269953048	39.16897281483618	39.13004466052915	39.099993066680995	39.068837745567706	39.0333814585209	38.98369962400563	38.93467070779691	38.91516343065605	38.93124043723694	39.459183015664955
Sor-CPnd_001-Ex1-3E-lcwgs-1-3.clmp.r2	38.71774638862486	39.08393658966982	39.39888230787423	39.3947649695033	39.53770140890398	39.490987369274414	39.50066051675627	39.54467692766173	39.57913311843463	39.55919101444658	39.516021811213975	39.57631743913965	39.51492457589557	39.48263249942106	39.46682269949442	39.43678097162216	39.418649252311624	39.38572674904126	39.35521174429868	39.31512746055376	39.28648969239589	39.24415634986288	39.20115227768162	39.15420843052634	39.11991645435668	39.059427182288566	39.01394465173429	38.94411006652852	38.89026077886992	38.843357200441645	38.767184478080445	38.703299439350296	38.635629799743214	38.57500585144737	38.49554297833485	38.458423151364926	38.48297414635086	39.24039118876984
Sor-CPnd_002-Ex1-5E-lcwgs-1-3.clmp.r1	39.563283005208824	39.58388336619926	39.68738805834317	39.6339701799154	39.56922382927205	39.26328227339537	39.50581425786517	39.01917482591753	39.20075763333031	39.51851358555378	39.65666848118873	39.66495478612565	39.61294206458085	39.5767643726855	39.56483897892398	39.56320615304257	39.54721962377782	39.531123973192884	39.512657721171855	39.47264719102181	39.45535145378252	39.431411479527966	39.40046378842602	39.375166147419286	39.33519659709019	39.3068901375918	39.27783652352496	39.23059903396463	39.1903739560639	39.14588439589038	39.1208050308412	39.08767478403702	39.049867487825516	39.0009990997986	38.949607153128476	38.928807968960136	38.94828666418107	39.46817929094218
Sor-CPnd_002-Ex1-5E-lcwgs-1-3.clmp.r2	38.637120542998076	39.16134216087999	39.471449048802015	39.43684590654517	39.587675661029266	39.52944395125222	39.54934252190796	39.60698915621346	39.61482744120301	39.6087392036406	39.56696091196716	39.62615178524015	39.57130105360496	39.541257708958895	39.524413055697515	39.49480356469289	39.47271818929022	39.43908979426136	39.409028595129065	39.37015175757514	39.33760250294581	39.29553458466851	39.250935092164255	39.199817385207965	39.16498877934935	39.106235535786006	39.05919572590229	38.98880213319032	38.930621461897466	38.88365155439977	38.81067222534972	38.74334721245899	38.681622262150434	38.617931326449536	38.539036085376054	38.4952060432953	38.523252459051534	39.2627804779387
Sor-CPnd_003-Ex1-2B-lcwgs-1-3.clmp.r1	39.69395812801794	39.63793502159138	39.749637919554225	39.68893123375452	39.554766079579	39.42889143409636	39.35799387643909	39.22992347141092	39.20002171497009	39.47753496875971	39.61856763386741	39.644523513354784	39.5998886956142	39.547568081908715	39.544547149052505	39.53733950192428	39.52047005467459	39.503575117606246	39.483005372122435	39.43966762838352	39.420647080639895	39.39849116295496	39.36323742679269	39.34088293886208	39.29967183928828	39.27148630873636	39.244571264609746	39.196322035435706	39.15793595847343	39.11796749142945	39.090328455555785	39.06172568890104	39.02513080486294	38.97867245528586	38.93476137671153	38.91184734600517	38.927087750544864	39.45772376532116
Sor-CPnd_003-Ex1-2B-lcwgs-1-3.clmp.r2	38.59553639084763	39.08542945220197	39.406969625882304	39.39844831981177	39.55714532455616	39.49847487212506	39.51075808446669	39.55771761713384	39.589631950970265	39.575376497699835	39.52992833908229	39.596606944938756	39.537041568852004	39.50843056324688	39.493479700280695	39.4664272669894	39.447456485647976	39.41745175418065	39.386944734554305	39.350626016284444	39.32031157278921	39.279917859506654	39.2376248560826	39.191610029903394	39.15694514852606	39.10028033401953	39.05970491320714	38.98697973173155	38.93495515740774	38.892573277548365	38.820805163940136	38.76080965171129	38.6964403074207	38.639481230223645	38.560091108954346	38.523362537735956	38.545998188497435	39.26699539926606
Sor-CPnd_004-Ex1-1G-lcwgs-1-3.clmp.r1	39.68549290575598	39.67508092777846	39.738627903203	39.657059550072404	39.59826691185297	39.32762970048188	39.57408191216613	39.3001775547105	39.156453059428294	39.47836322459692	39.636224195189016	39.6515792897463	39.595981221700654	39.55394805133811	39.5521323586445	39.54206076105114	39.52812786544861	39.510232315950034	39.490138145127005	39.44803443317248	39.42846877513519	39.40497806573432	39.373574199041734	39.34717780708462	39.30629965040938	39.27839490025981	39.25163958164454	39.204274373926026	39.16216971283191	39.11918269291967	39.09406611989397	39.0646399704457	39.02534401186337	38.97907626518241	38.927495637451344	38.90589894885737	38.927883757650086	39.45582446598386
Sor-CPnd_004-Ex1-1G-lcwgs-1-3.clmp.r2	38.73238319711853	39.14862449685059	39.438479358355146	39.42669479359073	39.529111089629914	39.518685785567094	39.5340347706268	39.574058950296056	39.59741650259351	39.58089929139054	39.54870269021885	39.59187436822823	39.54200700890582	39.50962687035776	39.49130605429214	39.45979785097478	39.4377165465332	39.40144568865118	39.36801133988355	39.32702024785179	39.29276968423772	39.24761539348365	39.202821128454794	39.15375435086186	39.11501553967783	39.053936010025325	39.00356047201665	38.92865188564452	38.8707625498839	38.82325324022719	38.74481032247251	38.6783851069619	38.608048550753885	38.541453860710305	38.45546838119624	38.41109417669549	38.44715457083655	39.22794173060665
Sor-CPnd_005-Ex1-3D-lcwgs-1-3.clmp.r1	39.468079444078334	39.643109793289796	39.69460342879622	39.6032333945351	39.67173859229735	39.329849143188135	39.28615866874923	39.02301738920118	39.11009374892716	39.43994841602025	39.609765954211994	39.63530415420884	39.586188172596735	39.54087832561611	39.54343189140066	39.534439749494595	39.52348023398709	39.50729449372626	39.48992676535546	39.4498519003035	39.43061514908114	39.410108761927695	39.37817304725959	39.3524378414336	39.31244660936646	39.286159957480024	39.260650664009404	39.212028655625794	39.17240920598406	39.132010180434584	39.10813965104846	39.07894318782415	39.04619623371686	39.00191300463363	38.957774325217954	38.93882412234268	38.95948424470578	39.46817695982772
Sor-CPnd_005-Ex1-3D-lcwgs-1-3.clmp.r2	38.5616283232806	38.97924070054472	39.322958200817695	39.34933304010174	39.51786170155374	39.46729525607559	39.4636195361417	39.50040771064857	39.557019992664046	39.531648748822626	39.48594344295703	39.553873535100415	39.4919762699238	39.46180961210661	39.44781288543837	39.419147577369344	39.40205023615889	39.372922492091845	39.34227747278679	39.306442051861886	39.276859774061165	39.237743306525495	39.19645759566987	39.14746576702681	39.11727049998813	39.05794035120539	39.0164742070492	38.94509846495157	38.896123141167095	38.852030272241805	38.78062273173002	38.72185654706318	38.66518928002832	38.60659232793675	38.53055896133636	38.499626154410734	38.52075020288184	39.25250956451884
Sor-CPnd_006-Ex1-2D-lcwgs-1-3.clmp.r1	39.50725883105337	39.671774440241734	39.71271828164072	39.62178940715992	39.69695664047514	39.351641256044054	39.35608391057786	39.13540741382887	39.20207268205881	39.492418090296795	39.636277304435666	39.65616506298782	39.599322825241174	39.552398619040034	39.54383460690527	39.53193820061027	39.511016283915964	39.490000937643075	39.466564997130355	39.4215615698835	39.40099030478506	39.373917000373865	39.3383145786881	39.310942582800806	39.268519827768856	39.23851449432955	39.208746013943724	39.15658983236251	39.11560440654691	39.072829517701585	39.041384656796154	39.00833247241813	38.97289059048418	38.92027589319135	38.87112683031519	38.84687358902916	38.86549975744116	39.43337959793756
Sor-CPnd_006-Ex1-2D-lcwgs-1-3.clmp.r2	38.6354801358525	39.09720623160637	39.41474746966627	39.40655766747116	39.556120674220146	39.50511166732662	39.515738328363746	39.565091480130285	39.590046218996584	39.57755175019493	39.53560023903326	39.595625305514524	39.536273437194765	39.5056209722319	39.490462801536836	39.46142631591975	39.440369128507925	39.409070356690464	39.37607042101189	39.33820778829544	39.30639588749446	39.2637954439591	39.22048972847328	39.1711247796172	39.13357806872147	39.07513518668604	39.03004481169297	38.95939690867375	38.90458047556619	38.85699379598497	38.78370873912319	38.71903740502863	38.653962926324326	38.590185094351135	38.511566522663685	38.471925387715935	38.50060977900672	39.251693675499716
Sor-CPnd_007-Ex1-1C-lcwgs-1-3.clmp.r1	39.5712312067703	39.537041582797386	39.668777256795224	39.53614198322637	39.66492439837118	38.88183852982888	39.6129481489062	39.02070876829537	39.07262970033861	39.431797836950516	39.62382853258784	39.64108895110562	39.5985327053884	39.564323952449705	39.55868991770958	39.55821680270064	39.54346077845478	39.53285403057289	39.5139644836574	39.477419528178366	39.45809701757814	39.441536254272684	39.40943269369884	39.38800829841942	39.35124690078144	39.32580042155341	39.304125578463285	39.26039147507903	39.22597055027224	39.18527036673326	39.16843488120616	39.14283369051778	39.11395713995094	39.07400683148766	39.03238375233356	39.01887010221088	39.029716897518156	39.49848687072709
Sor-CPnd_007-Ex1-1C-lcwgs-1-3.clmp.r2	38.5514669834511	39.01360670281199	39.34838981357338	39.36895129923337	39.494037819138306	39.475403454158105	39.48125949471684	39.51303935350529	39.558817285864535	39.54092707850026	39.50133792099151	39.56348773578187	39.50926407776523	39.479622098546585	39.46513034880548	39.43570426594031	39.417120258206026	39.386641692698234	39.357405485663946	39.32054352397425	39.28952134284633	39.248877859928385	39.20683063880973	39.16195481617715	39.12880973404484	39.072402699204034	39.03076258739377	38.96248927685495	38.91086527700208	38.87231011114029	38.801798293676654	38.742944403249965	38.68633339092577	38.63189564551048	38.55492088460325	38.52094400564388	38.53872038030809	39.258082988747226
Sor-CPnd_008-Ex1-1A-lcwgs-1-3.clmp.r1	39.573237293551145	39.63498048253547	39.6058427745813	39.584821873323136	39.658976508820665	39.14179615099553	39.58915592498425	38.604484160739645	38.88242774456183	39.38397780299927	39.5973107985168	39.62128627434053	39.601555892015924	39.56055448777727	39.560270162587976	39.5586722624165	39.55172816619903	39.537174576298874	39.525647939824545	39.48577868177129	39.46900033607378	39.44856778015087	39.42017476543923	39.39629045500771	39.35903832665282	39.33441381417489	39.31219542326393	39.2696654634488	39.23365264232564	39.19769824393562	39.179233277748665	39.157961297328015	39.130651403723235	39.09314130384178	39.0538393764736	39.04306748470028	39.05569615860444	39.51296478756265
Sor-CPnd_008-Ex1-1A-lcwgs-1-3.clmp.r2	37.48223378198713	38.577165184265226	39.08863238868461	39.17515123904112	39.38761767446036	39.361107422767255	39.346729606755815	39.36755939185022	39.4682513355845	39.43731216229172	39.40015808528504	39.48709345001741	39.40900463667832	39.38044570240324	39.374191418767666	39.351136309435994	39.34082765131349	39.31554923052819	39.291973065930335	39.25837458504908	39.233328360666846	39.19406670792316	39.15690005325533	39.11353757375313	39.0847218777385	39.02869309288613	38.9898063815	38.922642005000895	38.87491653785805	38.83963703872449	38.77465537477578	38.723950128434936	38.67002751456083	38.62448498215916	38.557929549135885	38.532111165451504	38.55231450777519	39.262323081100334
Sor-CPnd_009-Ex1-6A-lcwgs-1-3.clmp.r1	39.59337126334634	39.65932980114112	39.651497478845485	39.616485669989565	39.710198037814095	39.30500133624409	39.641607260152234	38.96546855479567	39.1885058054171	39.51774097471762	39.655895412335944	39.66766723980269	39.624627461587	39.58895260849489	39.58135714474683	39.580824219368026	39.56900816661097	39.55536892267783	39.5397991449341	39.50223612035421	39.48761394526546	39.46934091985614	39.441686777758626	39.420581290916	39.38490561181233	39.36165632443518	39.3397794307314	39.29814839026427	39.26536721992126	39.23201686448326	39.21134934064077	39.18907298526636	39.161094626985495	39.12177668524372	39.084964944943444	39.071485403712174	39.08461227568425	39.529693565223916
Sor-CPnd_009-Ex1-6A-lcwgs-1-3.clmp.r2	38.6032029207398	39.08732033151733	39.41015972141726	39.3817844573883	39.561254717102635	39.48396527214302	39.496588955218115	39.57089096892186	39.59082113004392	39.58383353940471	39.52900885301959	39.6145503297142	39.555317124531506	39.530371393584154	39.51993965925195	39.49486800740907	39.47957970989902	39.45226423727611	39.426539767609455	39.393318094251896	39.36826882737215	39.33267674258484	39.29506692399686	39.25402307778394	39.224096701490645	39.17409648371578	39.13771676425739	39.0775522384243	39.03145626896389	38.9954992046856	38.934737707286246	38.885127807668496	38.83232614299449	38.78413463219418	38.717739042568596	38.68806391462044	38.70420283119269	39.33830688430677
Sor-CPnd_010-Ex1-1H-lcwgs-1-3.clmp.r1	39.660424616112685	39.6397531724678	39.6923396381612	39.66454055454906	39.65619921979063	39.416222463494584	39.57991351217357	39.109849841487275	39.1022264216849	39.458324151480056	39.63023291189364	39.650848982725776	39.60784330137861	39.571967979881755	39.574504883441236	39.56988414917809	39.557779510175195	39.547456434912064	39.533856316998914	39.499388192422565	39.479900147747664	39.46464285409923	39.43462868922202	39.41407290147746	39.37826535537917	39.35316594970425	39.33223396887746	39.288849445260816	39.2525307538447	39.218712805171876	39.19624651588786	39.169342989186205	39.14156283568078	39.10314078683412	39.057392303043905	39.041822714298995	39.05306539758931	39.510657871250324
Sor-CPnd_010-Ex1-1H-lcwgs-1-3.clmp.r2	38.68480072628527	39.06773270062383	39.38667849241079	39.400924114296565	39.508596870631244	39.49888409295228	39.50939687900155	39.54039921544451	39.57781771559783	39.55634529777776	39.52473192878477	39.573876265908616	39.52547881788703	39.4975741733121	39.482616653913	39.458227247102975	39.44292072679507	39.414157704185	39.38656202419853	39.35082447247801	39.32041392974823	39.281693154995295	39.24430185552319	39.198440702631444	39.168779414947856	39.11625104089471	39.07361119206605	39.00586944133988	38.95573393806849	38.91454244999461	38.84628103059455	38.794595541903774	38.73554596866641	38.6809480478688	38.60929073151931	38.57688374623587	38.594481146138044	39.29048046494946
Sor-CPnd_012-Ex1-5B-lcwgs-1-3.clmp.r1	39.694378692871354	39.65043349749134	39.75664217131262	39.705155217897556	39.57176600098722	39.44172979869709	39.3748563459631	39.23177923967195	39.20005268542049	39.49894456626896	39.63620683488128	39.65950035537411	39.621147052499005	39.57389877178956	39.57390720897986	39.567230575375596	39.55653369211365	39.54201774222999	39.52401914437512	39.484978792705775	39.46748674338868	39.4480195141076	39.41835684850169	39.39351603217245	39.35625774598492	39.33056102538861	39.304913746991254	39.25852958295445	39.22132780231222	39.18308494142654	39.15989450191707	39.13084758539756	39.099793690881995	39.05454205509304	39.01070409609389	38.99518398194822	39.01452177373448	39.49266683858207
Sor-CPnd_012-Ex1-5B-lcwgs-1-3.clmp.r2	38.55116145682762	39.08917470308694	39.413146274842	39.39937863185389	39.56337462742528	39.51112011644656	39.52047262020334	39.57250157698573	39.597862116531566	39.58341696933431	39.54162177675268	39.60613456916834	39.54752027147299	39.5201320418974	39.506693258148076	39.47803922647162	39.46015867296125	39.42807993332961	39.39861957708446	39.359075665047065	39.331661815431566	39.29061548314993	39.246140925745884	39.20178439982807	39.16712262062712	39.109270852217115	39.06693517552765	38.99734610565076	38.945053338209725	38.90399911263533	38.83357037651475	38.77648367930356	38.7139423814162	38.65730915380958	38.58127573516864	38.545122606161705	38.567148437600125	39.279874265338314
Sor-CPnd_013-Ex1-7F-lcwgs-1-3.clmp.r1	39.43659516137912	39.540435059705935	39.681018112868806	39.64955317360118	39.60515793589252	39.32876102602576	39.52205765026328	39.32383879724057	39.200740153909464	39.47481153229215	39.63936485985878	39.657780247445814	39.60452854379477	39.56632675633659	39.56072763784431	39.55514034586507	39.54088250855151	39.525192040687955	39.50733982071741	39.46980339209424	39.453222632469846	39.43186020739802	39.40074835992231	39.37735057480373	39.33872076296023	39.31259215716798	39.288192335427325	39.243703096358004	39.20431300671386	39.16455263658345	39.14107507873659	39.113200568587565	39.08278898095438	39.034443577662294	38.98654206995209	38.9687172484961	38.98407212815615	39.47837908670746
Sor-CPnd_013-Ex1-7F-lcwgs-1-3.clmp.r2	38.58627990545588	39.09012950827168	39.41047235666983	39.37469218574019	39.52775017286121	39.48648183347657	39.501547586055025	39.56019349258027	39.57973590726241	39.56934818493397	39.52253643615706	39.59148029848769	39.53346742324356	39.50691821678147	39.4917756517416	39.46400269823032	39.44479958982973	39.41441901465922	39.384992275232115	39.34747465630775	39.3192044961902	39.27984478880671	39.23825233138014	39.19291445944735	39.15631941141733	39.10063649254439	39.05832628679278	38.986283694154096	38.93609294071196	38.89509064930426	38.8235177748721	38.765049211018216	38.701369999775125	38.64035131698216	38.5685383546557	38.53584297195111	38.55986954983282	39.27348577090699
Sor-CPnd_014-Ex1-1F-lcwgs-1-3.clmp.r1	39.43836599579147	39.5344333941858	39.67886801731967	39.64759123487993	39.602744414172925	39.33351446787999	39.52142761834485	39.302566480123886	39.17509478114241	39.468097034643975	39.63988088127727	39.65865821878653	39.60764330443173	39.57150787107871	39.570457699186534	39.563764754963486	39.551898647268615	39.53639787285505	39.52022615860378	39.479983256905975	39.463764591679116	39.442974534169466	39.414139724750044	39.39064806370728	39.35196491602419	39.327740747676906	39.30413459525755	39.25868490554741	39.221033997023014	39.181755905229565	39.15780235579881	39.13216938668007	39.10154440949318	39.05527535335624	39.01002174012735	38.991856286816635	39.007233981223315	39.492975052263326
Sor-CPnd_014-Ex1-1F-lcwgs-1-3.clmp.r2	38.70638301441073	39.09595030964008	39.416180203571	39.40647570698652	39.5227135517707	39.50471456955045	39.518435995297956	39.5534421997117	39.58462113939078	39.5665770419811	39.53352881098359	39.58508682792372	39.53203424668654	39.50188272868245	39.486776489705356	39.457821380469724	39.43758095271268	39.40666552685915	39.37612250109692	39.33829156870553	39.306994978555316	39.26508531156891	39.224103417378174	39.1784552385608	39.14480571662129	39.0862342715018	39.043116582918856	38.97332256864209	38.91924725197839	38.878729284372646	38.805036767409334	38.74654698114349	38.68444646073021	38.62616816331875	38.55152083078781	38.5155232171936	38.54154257753361	39.26678135829831
Sor-CPnd_015-Ex1-5F-lcwgs-1-3.clmp.r1	39.46687808718253	39.571979064088495	39.70432404205156	39.677259778896996	39.63863643921952	39.37355146609516	39.5591638531846	39.3674393619406	39.2674136959774	39.529648655557956	39.67421804492381	39.686704142527084	39.63073315039671	39.597518104749824	39.59187221378832	39.58571475672498	39.57091765197492	39.55342283352425	39.537369070382645	39.49488804616372	39.48043796159987	39.459000234352104	39.42915861095876	39.405523745365386	39.36636244598222	39.338449914488955	39.31431706551347	39.270628246627055	39.22946510353964	39.19501335615496	39.16853231719555	39.13970381856219	39.105345195570024	39.061446208996145	39.018208009483374	39.000313296167576	39.01750695900948	39.5001111650257
Sor-CPnd_015-Ex1-5F-lcwgs-1-3.clmp.r2	38.57355684807755	39.103642510451074	39.43079646484994	39.41295417775114	39.5726066235448	39.51814248493743	39.52824588754348	39.581647338495465	39.60053809669239	39.59139776429405	39.54855901229453	39.614144154367445	39.55705990425656	39.53011516189497	39.514732978088375	39.48698580263154	39.4693607451387	39.43739458350967	39.40678044561768	39.36973000336299	39.34164599497827	39.29925647835619	39.25857118541735	39.212795949892794	39.17661962570133	39.121080674256376	39.078919439587246	39.012353882972164	38.96156318835896	38.92005456604919	38.84777806753425	38.789372168190425	38.73099796317687	38.677170528577285	38.600893300772114	38.567717279988585	38.58949785595429	39.28629215838484
Sor-CPnd_016-Ex1-1B-lcwgs-1-3.clmp.r1	39.58644034379367	39.649147491730076	39.731944875521805	39.66477196687138	39.512623297917486	39.40748609129999	39.212631052866776	39.10616300453158	39.05027713131807	39.403540060296656	39.58777829470857	39.628835046067294	39.60945795748144	39.554649426528414	39.56949231823106	39.56394852693303	39.56082038183341	39.54830798073903	39.53587269695488	39.49985322451593	39.48439260352377	39.466066947462124	39.4399398107834	39.419206514959015	39.38565129425088	39.362571013615195	39.342979316949126	39.3025573812411	39.2700006691572	39.23670167206032	39.22128339440462	39.1998541239385	39.17594658426525	39.138874164935935	39.10313555440858	39.09204599134514	39.10408379858876	39.532076040638124
Sor-CPnd_016-Ex1-1B-lcwgs-1-3.clmp.r2	38.16654076475886	38.86514937045393	39.27992884641486	39.3065426001166	39.457934376540884	39.446247922707386	39.44430083207821	39.4665526193452	39.53507722335848	39.50652538401069	39.47159555208337	39.53959151619212	39.48135067400818	39.45461869943114	39.445109088390595	39.42147693002746	39.40831446589274	39.382508835303796	39.3579365279988	39.32436009829856	39.29863236809258	39.26157541561825	39.22564049008655	39.18389499427862	39.15480142309587	39.101116805593385	39.063732452753406	38.99993078410641	38.95332782751949	38.91896523240506	38.85471424260315	38.80627946820531	38.75304238972273	38.70710193013428	38.640244088067405	38.61311389262871	38.626146533245176	39.29670224162411
Sor-CPnd_017-Ex1-3G-lcwgs-1-3.clmp.r1	39.644014788928565	39.65633467547925	39.72339132416622	39.6416622350528	39.57201245916584	39.291113981108666	39.54665856314417	39.303264200157	39.170381625262735	39.45543214566082	39.62049634075312	39.63735318696346	39.578196966243766	39.537983227349095	39.53906252696614	39.53089187580733	39.51849904277405	39.508075018176854	39.487835642022596	39.452522607118205	39.4352418856329	39.4138875268515	39.38749476312935	39.36450844075714	39.32563857894652	39.29997935478134	39.27848282235043	39.22789728162123	39.19069812030457	39.145944371346324	39.12169860710861	39.09212290912602	39.05964108231049	39.013191087974626	38.96964006886625	38.944815291289835	38.96545944518796	39.47592161174472
Sor-CPnd_017-Ex1-3G-lcwgs-1-3.clmp.r2	38.648757881941805	39.04002127174656	39.37198207095647	39.38461343665325	39.52440932918028	39.49302337359771	39.50315277672263	39.54164450859733	39.571855453417406	39.55732735698548	39.51779128364861	39.578220263870946	39.51855605358454	39.48665833948782	39.47709792718	39.4511530341127	39.432281437469804	39.40154207893884	39.37283292147974	39.336471881362	39.31187349351546	39.27291716403451	39.23498311614354	39.189483759623144	39.16049844535809	39.102410823482444	39.05727824864711	38.990737512633146	38.94268205336685	38.89637358571715	38.8242863139512	38.76650872254193	38.69888290434103	38.6428441216374	38.55636078944525	38.52087737638086	38.55260643435016	39.27468509844937
Sor-CPnd_018-Ex1-1E-lcwgs-1-3.clmp.r1	39.5640705153759	39.55475172591726	39.660014232224945	39.61144292674762	39.534443816633086	39.210679021730144	39.45225643161376	38.87153609483396	39.07731802287952	39.4602073626261	39.623513873943295	39.642696377715524	39.60120176630132	39.56700447240375	39.56278022466151	39.56342045211328	39.55293881766896	39.538959362669786	39.524333138745405	39.48758090851884	39.471369789621846	39.4527861863994	39.42391915415109	39.40002773264452	39.361662593121174	39.33577907428165	39.31009810067495	39.26747345631428	39.22824772606073	39.19184801827169	39.16645045707857	39.13762797860146	39.103456017439484	39.05887425557295	39.014397107953776	38.992179836166734	39.00467851098188	39.492167903422306
Sor-CPnd_018-Ex1-1E-lcwgs-1-3.clmp.r2	38.72406716778228	39.12634194678416	39.441733300781785	39.427561490986506	39.53733829661957	39.5181446011882	39.53542927688511	39.57331948076644	39.597559822141754	39.58128100919053	39.546041346742854	39.59653157607778	39.54514165619719	39.51934659141468	39.5022251570294	39.4733411538797	39.45272959103867	39.42105104713293	39.38997481187947	39.351576951387436	39.321512491774605	39.28013276694399	39.23792067596498	39.19299590453396	39.15479370627924	39.10102056573513	39.056144357288744	38.98511788407867	38.932541790552214	38.88705359195738	38.81429110276449	38.75451771157866	38.692033026864145	38.63167717436794	38.5515705021503	38.51490621405148	38.53726274770033	39.2647155140789
Sor-CPnd_019-Ex1-6G-lcwgs-1-3.clmp.r1	39.67164017872004	39.695374550336986	39.75550108419843	39.676837701267516	39.6296985988642	39.35989638799885	39.60338644522468	39.357406232019855	39.25126883901983	39.538653748702416	39.66872362235864	39.677049348298695	39.61225679716147	39.57243102431773	39.56342438237352	39.553752038348215	39.535664963817574	39.51515546641389	39.492548783706944	39.44823172145466	39.42704318171534	39.40206551662065	39.36962117533787	39.34085527933506	39.29908612725309	39.26954860724198	39.24228621862229	39.192561872319125	39.15095657306906	39.10960061437301	39.079805326802685	39.048222537587336	39.01185787559224	38.96109107605868	38.91477625630962	38.89186931787404	38.91457510091094	39.45523136639191
Sor-CPnd_019-Ex1-6G-lcwgs-1-3.clmp.r2	38.420799501876076	39.14275093850274	39.45183836194007	39.414559507587995	39.57648965433148	39.51337780780039	39.526469787791974	39.60285327088548	39.61115641805134	39.608707896033785	39.55995554716901	39.62898391343474	39.57172136030856	39.541511029570124	39.526747150718826	39.49510909333639	39.473465153220616	39.4381651016979	39.406168783382896	39.36406940448388	39.333301254457005	39.289197584260606	39.24241001901292	39.193953052299605	39.15335267033227	39.09287553257269	39.0453521273766	38.97213974976378	38.91512590616031	38.86512167499566	38.78813134641156	38.7232182024926	38.65363817674255	38.590202382845796	38.508323218213164	38.46561654283631	38.49665911859752	39.25179231824309
Sor-CPnd_020-Ex1-2E-lcwgs-1-3.clmp.r1	39.572655772717745	39.574626076902625	39.67527081669841	39.61886365514577	39.54609427490364	39.239395768173445	39.481410858925635	38.975264818846306	39.15984744746458	39.48795461325674	39.63546141163649	39.65073456105002	39.59507035167927	39.55194632712541	39.54262314378377	39.537405021798605	39.51732966421454	39.49697222295606	39.47596110927177	39.43344422678358	39.41148575246429	39.3848615289921	39.34985540936627	39.32287716411102	39.27898652559507	39.24834610193977	39.21750040049375	39.16582481784982	39.12264898303066	39.07995158122052	39.04933064180885	39.01334224299872	38.97616761554517	38.923262473337005	38.87146374680126	38.84655103944068	38.86474227448742	39.43328027922457
Sor-CPnd_020-Ex1-2E-lcwgs-1-3.clmp.r2	38.6394954849068	39.10952957107152	39.42125025324807	39.40251878529233	39.56099669063138	39.5030072292678	39.514653416948995	39.565037328326135	39.594284183703074	39.579446279075185	39.537162867473455	39.597529705485925	39.537727837789944	39.50590998424867	39.49027233806563	39.46097036509695	39.43987104232825	39.40693364443344	39.37497388622228	39.336352496054005	39.30347962296587	39.262059325454096	39.21708659817328	39.16850656806736	39.131477154727705	39.0720383065932	39.02988222531418	38.95703179418202	38.90332201319378	38.8561078584995	38.783754761526836	38.7208832190412	38.657722270800214	38.59569873916793	38.51601080764773	38.477549972695606	38.507249159802136	39.25282933436463
Sor-CPnd_022-Ex1-7C-lcwgs-1-3.clmp.r1	39.58304966034265	39.56078240083865	39.67520512831599	39.5417465338064	39.671766973520945	38.92761563875952	39.61946526125933	39.0790272048862	39.10903241082072	39.44475918547344	39.62902709044211	39.6458626299608	39.59649419603154	39.55888123218838	39.55091880119299	39.54652326214778	39.52820965557218	39.51474842911049	39.49406465417938	39.455043027930756	39.43457271688389	39.41193773413376	39.38091293220684	39.35469810370836	39.316138502227986	39.28768872531414	39.26225814808798	39.21569512863673	39.17509279901701	39.13456820873552	39.112063840351084	39.08155665296075	39.05140485492918	39.00729723566037	38.96323357050936	38.94289823581958	38.96201044798179	39.469682911186815
Sor-CPnd_022-Ex1-7C-lcwgs-1-3.clmp.r2	38.47616091449475	39.004176700658256	39.35265386944371	39.34823454731386	39.51665479415196	39.465953518914176	39.478457934548665	39.53475781468755	39.563416140838456	39.552347311873625	39.50269464968791	39.57773090939055	39.517076050132616	39.488914761344766	39.47362473182634	39.44469564377366	39.42525865171383	39.39451998587519	39.36295070692459	39.32539740489342	39.29255273123751	39.24994984640771	39.207939974874094	39.16077155375723	39.12474272081191	39.06386925998736	39.018976277649884	38.94682879652315	38.893099425542495	38.849150510335434	38.77737553472813	38.71532730454252	38.65315462364611	38.5943545624074	38.51671254986068	38.48158631435928	38.506015521789685	39.247837308072555
Sor-CPnd_024-Ex1-5G-lcwgs-1-3.clmp.r1	39.67642406788865	39.695599918471046	39.75858404364055	39.68040349310952	39.63271356787699	39.36146433221093	39.60166337116207	39.351316835503305	39.23952138593204	39.53427758502816	39.66855938188418	39.67692482413739	39.61617417111604	39.580401093937475	39.571620389694345	39.563669079447216	39.54659674620604	39.52775624970083	39.50667535422427	39.466900102768136	39.44621451241485	39.42258040893559	39.39062281475095	39.364525687184326	39.32458624100667	39.29924375815183	39.26941886326663	39.22095918130086	39.17793444122625	39.13581901085754	39.10743171074685	39.07603971411585	39.0412361115851	38.990132868117755	38.943166374954515	38.92079320585087	38.94214264350975	39.469442842448856
Sor-CPnd_024-Ex1-5G-lcwgs-1-3.clmp.r2	38.56995883690374	39.16616262619501	39.46175848326062	39.43883937066266	39.579122570959896	39.5352150175731	39.549381049331785	39.60628585224457	39.61825045183136	39.6077300579352	39.569461690793176	39.623705821874275	39.569792620125476	39.54233382451866	39.52747001830046	39.4975946508734	39.47555347355256	39.441487092460214	39.4108406844159	39.37146577572597	39.341639827761504	39.297763563358004	39.253251660397936	39.203699971363875	39.16314240080989	39.1049596457774	39.053779116929434	38.982884604210604	38.92576345745454	38.87977440616786	38.80224652714717	38.73592190049385	38.66699610241251	38.607014481656535	38.51840913956913	38.48435580182896	38.50990473404728	39.25957772360773
Sor-CPnd_026-Ex1-3H-lcwgs-1-3.clmp.r1	39.646186482086826	39.634218103044766	39.683509940033176	39.65939304573465	39.65135784220188	39.41952656414753	39.58502781935844	39.14663672187553	39.14077766053028	39.45756194298064	39.62254201213763	39.639094636192354	39.58429437884338	39.543998182044874	39.54166146087637	39.53683986113333	39.52368508933587	39.50840556850666	39.49095924163039	39.452107324755595	39.43450244970835	39.41464537285479	39.383879416977436	39.362321077574585	39.32187494194511	39.29655602786529	39.27179213098966	39.22569057098291	39.18774549921996	39.14645337949446	39.123654791026674	39.0953824874785	39.06343659072924	39.01831452169594	38.9739842497562	38.95650266338427	38.97377260324093	39.476562365976534
Sor-CPnd_026-Ex1-3H-lcwgs-1-3.clmp.r2	38.6171553348428	39.026758690615246	39.35040261652889	39.372335913337956	39.52455061152618	39.47614313454341	39.48017081104215	39.51821864224444	39.566278742455786	39.54115050622507	39.49540743325842	39.55828077513379	39.497724661997765	39.46650233839203	39.45152195894862	39.42384204497916	39.40383026491279	39.37467325012602	39.34456651330437	39.30834828763754	39.27826295803635	39.23784635261801	39.19777537341202	39.151675760401034	39.11814286001484	39.06107790623365	39.01837366314602	38.94884107386552	38.897020451958056	38.85382800911464	38.78181132398246	38.72470114314248	38.66078228611379	38.60646134710447	38.52970496471231	38.495490577817655	38.52107551523554	39.25675442650858
Sor-CPnd_027-Ex1-3C-lcwgs-1-3.clmp.r1	39.58374725332492	39.54800778005572	39.665121169111075	39.52471849865952	39.661206749724016	38.884160016821745	39.61077937233875	39.04188235294118	39.08224780528833	39.425923734426746	39.620507974557114	39.63661016664038	39.5872056352836	39.54811327150558	39.54477657286894	39.54169232914124	39.52573693292601	39.51376474511021	39.494416507863534	39.45796568038368	39.43862925987604	39.41756715225716	39.38685185321836	39.36248219395274	39.32488666330458	39.29693714531378	39.274091401353374	39.228919281158426	39.19156545109761	39.15139965101268	39.13080902895923	39.10382854271994	39.074858046491144	39.03233865213527	38.98904527240474	38.976257389993506	38.9917432911735	39.48061957950545
Sor-CPnd_027-Ex1-3C-lcwgs-1-3.clmp.r2	38.421127266992585	38.90799432266204	39.27438574357357	39.32210818482889	39.496104715344586	39.44714966093676	39.44214224885665	39.478641223781736	39.53769731377806	39.51745032854965	39.47112543762814	39.54667423645061	39.47886587814751	39.450189495659295	39.438506890785035	39.41226386996967	39.39573682162155	39.36800893884917	39.339817751701716	39.304887504952696	39.27523475370926	39.236186100557276	39.1976891709413	39.153282822438115	39.120479889357135	39.062353909390495	39.02330602616458	38.95375165039862	38.90458300319358	38.862749691208556	38.79356802361478	38.736997373409544	38.678122411717325	38.62379750490983	38.550893062113325	38.51922052755633	38.542748735024404	39.257924922155105
Sor-CPnd_028-Ex1-3A-lcwgs-1-3.clmp.r1	39.587934148478354	39.639028123233025	39.612690850870024	39.58297720117016	39.67557214281337	39.2349272137334	39.612504110999474	38.79890537072904	39.04792182967076	39.43792128404745	39.608957721606764	39.625805364925284	39.58619065607902	39.54687035745483	39.542348773684964	39.54138804941067	39.53058629396428	39.516063591538696	39.50203784923763	39.46319502746129	39.4477251795898	39.4263071392529	39.39741968989556	39.37389351089337	39.33552067958576	39.30955942465554	39.28648115278787	39.242431820228646	39.20516508007124	39.1665423533887	39.14439209360172	39.11891711619425	39.088104333420276	39.04624597924301	39.004277771409456	38.989877983729215	39.00623269777578	39.49205538179528
Sor-CPnd_028-Ex1-3A-lcwgs-1-3.clmp.r2	38.39489389248255	38.90934856630233	39.27227704134076	39.3184307502645	39.49667604188858	39.44298624392096	39.44572362800352	39.47710982748688	39.54157168940155	39.517762958293176	39.46993994320652	39.54718848181064	39.48024622323825	39.44983465314719	39.439945150963055	39.41339281070605	39.39807537433142	39.370271399064734	39.34347120744145	39.30796505302277	39.279115595682484	39.239503155932184	39.20188576113119	39.15706159402394	39.12702208621382	39.07009233515005	39.03062151655064	38.96093556480567	38.91311078147655	38.87456323121485	38.80633868509376	38.7521211792746	38.69574742094973	38.6428982759836	38.57396872077695	38.54311829491718	38.565910238628675	39.27366645731746
Sor-CPnd_029-Ex1-8E-lcwgs-1-3.clmp.r1	39.56729375385291	39.56047259333143	39.66206708410106	39.60302012974855	39.524226107368925	39.21225180104583	39.44692190339405	38.897122263004206	39.08207025370897	39.45726468314018	39.62205461788939	39.63973616950488	39.59151068784257	39.55109612301251	39.547500524256655	39.54373209458346	39.53170359240518	39.51508512173708	39.49882725889788	39.459342002035015	39.44104610873857	39.41829117384172	39.38813450375683	39.363519742943524	39.32244923606872	39.295335523999505	39.26882337449488	39.22258136334856	39.18340480569176	39.14287497621426	39.11826636925737	39.090536855930644	39.0571762215767	39.01157319654569	38.96569025431929	38.94724024591927	38.96682960687032	39.47683398058819
Sor-CPnd_029-Ex1-8E-lcwgs-1-3.clmp.r2	38.66232962073896	39.02270445596898	39.36166595413242	39.40287102810648	39.52334008900232	39.493919726770216	39.507574027972645	39.534379121388795	39.57490663177131	39.55317044652108	39.5225799649974	39.57316177288561	39.51482613194537	39.48358763345543	39.46807379690112	39.43739482821601	39.417020997536795	39.38518082801731	39.35358907425033	39.313815607686266	39.283246595394225	39.24012661701484	39.19757231800661	39.149276652055065	39.11488815998898	39.055170650577864	39.0107790770162	38.94253903358195	38.88748944108055	38.8460567692455	38.77218699514242	38.71461092044335	38.65224104750206	38.59691116244022	38.522324618951934	38.49060692029777	38.51949484197375	39.255610811565376
Sor-CPnd_030-Ex1-2H-lcwgs-1-3.clmp.r1	39.64685321592916	39.640811551432634	39.69512510950966	39.68421096113112	39.678233592588505	39.428461412190586	39.609833473479355	39.221970107050964	39.22035157314958	39.50158379971846	39.64402182326803	39.65602792527732	39.59500574892034	39.55045974917548	39.539191261276045	39.530909202582905	39.50650596899154	39.487496922757416	39.46311349797918	39.418208449669	39.39339375222029	39.36782630616394	39.330397770548664	39.30310951068035	39.25715360540265	39.224057095624026	39.19551428771847	39.14293831247482	39.09932095031132	39.05507413393877	39.0246415635993	38.98800175677199	38.9496405811834	38.90124997296446	38.84615593549756	38.82068693023585	38.841708889229025	39.41951646401607
Sor-CPnd_030-Ex1-2H-lcwgs-1-3.clmp.r2	38.665556873004	39.142699661386615	39.43756916753981	39.42997757543909	39.57232845821535	39.514136309577474	39.525256636042876	39.575493686963476	39.60113089039839	39.5858845596679	39.539916400892096	39.59646832023408	39.539556702745436	39.50984453982981	39.491587642263184	39.461427528263975	39.4378034585527	39.40706025179516	39.37085295279773	39.33209533346902	39.29807434758423	39.25378665876115	39.20972353464927	39.15934847917673	39.11962928951243	39.05698597523845	39.010590107524216	38.93490383165947	38.8759453172777	38.82531780202442	38.748619506989726	38.68392851993813	38.61477989830202	38.545582487084026	38.461883291712105	38.41992009702885	38.4494932292568	39.22899699322122
Sor-CPnd_031-Ex1-5D-lcwgs-1-3.clmp.r1	39.51395105279868	39.677418283333004	39.72296747689134	39.63582770179544	39.70747063456382	39.36739208197954	39.36535051898144	39.11182180554394	39.19131261525677	39.50779881921513	39.65242764859048	39.67237307805832	39.6235117739036	39.584013731124664	39.57965414915257	39.57280792943908	39.55899181071308	39.54326845284193	39.52551074635179	39.485349919296866	39.46860930150503	39.4467983604529	39.41712141701289	39.39250808351211	39.354083232073364	39.32709788380748	39.302998534376556	39.25711742757091	39.22060292458898	39.18180003904624	39.157658376154316	39.130406473340386	39.10021685105123	39.05600833824596	39.01318262766817	38.995467121212	39.01397655144816	39.4973792987523
Sor-CPnd_031-Ex1-5D-lcwgs-1-3.clmp.r2	38.59260552098075	39.086668817009425	39.406337567099875	39.39325039070873	39.561003738041634	39.50624478379197	39.515407147587815	39.565851041852724	39.59275849251843	39.579838992357544	39.537260146699225	39.60289567836467	39.54412989935056	39.51704778272778	39.50307883043302	39.47572117977758	39.4577632652385	39.4273757675394	39.39880908258575	39.36175755315094	39.33452675234493	39.29432997741934	39.25294533497364	39.207161071613264	39.17474487446176	39.117819718490225	39.076503149627726	39.00889568685524	38.9579578266206	38.917650990034865	38.84754707014771	38.7907973460143	38.73209480552078	38.675891724328594	38.60638304841102	38.57519280345019	38.59626532507485	39.29183870464315
Sor-CPnd_033-Ex1-2F-lcwgs-1-3.clmp.r1	39.466437404388145	39.56395324863824	39.68999802075731	39.663962732509475	39.62288623065599	39.34959920335481	39.55385189491871	39.35835735226809	39.257892230235406	39.50543353661806	39.65597329259392	39.671673944506985	39.61011712580974	39.5703035140919	39.561421367343925	39.55151793272051	39.53197899911218	39.51198391396116	39.490283544458634	39.44641597458279	39.42636979940378	39.399513823126526	39.36391815898046	39.33538213037549	39.29250306365894	39.26066228837429	39.229540418098296	39.178383324341915	39.13511519210384	39.0905444679646	39.05788917963869	39.02498791422993	38.987790400184316	38.93688327828853	38.88184882195917	38.85637782335892	38.874800126339856	39.433718931854884
Sor-CPnd_033-Ex1-2F-lcwgs-1-3.clmp.r2	38.670447844893346	39.130649603945294	39.42556604279287	39.415059047406984	39.56937606435837	39.51512058948445	39.523834411608256	39.5713630384674	39.60160731000301	39.586891022072685	39.54243888057333	39.60422733251689	39.54695722361731	39.518357974038	39.503206593061336	39.475282493886866	39.45491367304121	39.42573758922484	39.394162085823226	39.35819223431315	39.32642364209035	39.28489723161768	39.24272602908036	39.19528265402905	39.16004122018482	39.10259224680688	39.060287370094535	38.98919051786245	38.93349733002051	38.88854191772928	38.81396528439143	38.75023605824442	38.684091105151786	38.62429071675947	38.53982352389804	38.50243272242062	38.53329593301973	39.26586098650801
Sor-CPnd_034-Ex1-4G-lcwgs-1-3.clmp.r1	39.68415401746138	39.689477240595096	39.75165482729486	39.669676768054174	39.61574661711673	39.34537961362748	39.58696977056422	39.326508995584426	39.203921885172484	39.5079037984803	39.6557959226691	39.66654106463758	39.60972603835808	39.57241518439667	39.56894734186321	39.561129272560066	39.54546509717157	39.528873671221405	39.50889478943679	39.47113989250912	39.450983560103126	39.42902834394196	39.39817464734527	39.37335852493479	39.33416286720565	39.30576116812779	39.280195941535084	39.23127528293959	39.19415490888909	39.154223782687	39.12581637152884	39.09613121867844	39.059225883442174	39.01467164490064	38.963579626988405	38.94536759961166	38.96824826937972	39.47499215921079
Sor-CPnd_034-Ex1-4G-lcwgs-1-3.clmp.r2	38.61614175240562	39.12516271572501	39.437678423322076	39.42500096052066	39.55140124984006	39.52624230570077	39.53697898803773	39.57516717465579	39.59443257550309	39.58581940167141	39.5502582126279	39.598541841513736	39.546794980477635	39.51635598841611	39.49985320011554	39.46827635696768	39.44775684582284	39.414707340987356	39.38219420153384	39.34423409110192	39.31239718929911	39.27021534225126	39.22488711205511	39.17628033316831	39.14133274273962	39.08091120022353	39.0342587051776	38.96118422690632	38.90537743768296	38.858993205608485	38.78221247575668	38.71831203871557	38.65202162417313	38.588774250734964	38.50015053093507	38.46068941854952	38.48665536923638	39.23944586849457
Sor-CPnd_036-Ex1-5C-lcwgs-1-3.clmp.r1	39.58647864404544	39.58959033116232	39.694197457114214	39.57941808153971	39.70357628147109	39.04103988752711	39.65338482322493	39.16470158339659	39.20805796655486	39.508382990281085	39.660737950258536	39.67040215651535	39.61418215772424	39.57771603026017	39.5645792180933	39.56205377723355	39.540275658299294	39.52434715523539	39.50145116023225	39.46041916456236	39.43833969973051	39.415272066517225	39.381695355829464	39.35378467031864	39.31302807744723	39.28101681845817	39.25489740050368	39.20259335343529	39.16336611220113	39.11734344852432	39.09142519304311	39.05876520811839	39.02267196126341	38.97211035640295	38.92357299697197	38.903720266374634	38.925487190087765	39.45954857049774
Sor-CPnd_036-Ex1-5C-lcwgs-1-3.clmp.r2	38.5661525919867	39.08863382491815	39.408656597381125	39.395402686381345	39.560831756164305	39.50266973962778	39.515595329957364	39.57042350815248	39.59255581451393	39.58072932325515	39.534850149971696	39.59994045876191	39.53983426576665	39.50866389999995	39.4933475970882	39.4638399045338	39.44220570045768	39.40844246574648	39.376214095626516	39.33604195462321	39.30265355569814	39.25883331054281	39.212520993570706	39.16356499185122	39.12355475201117	39.062533512011655	39.01745281103818	38.94190728833787	38.88531162135484	38.83880672929287	38.76389095513379	38.698049850324495	38.63045162744287	38.567041315566044	38.48398538553437	38.446275139508295	38.476895245507016	39.23789355849706
Sor-CPnd_037-Ex1-6C-lcwgs-1-3.clmp.r1	39.57327803931488	39.58941473156478	39.69213438183074	39.57493081955702	39.70192799193618	39.046118533563366	39.647815106064094	39.18455265830335	39.22557090381937	39.51056216424362	39.663441694005364	39.673477369595346	39.61569265384862	39.579421335735674	39.56777666221984	39.56464035153741	39.543394727241946	39.52603446395617	39.50179427620575	39.46039355753283	39.438976770183835	39.41531566170037	39.38035722932807	39.35100903994222	39.30868450897786	39.278016626275175	39.251375595531	39.200039431163006	39.161166461858066	39.11798755471271	39.09252141760213	39.05855226884809	39.025326594575276	38.97555665904094	38.93357898267472	38.91096116040686	38.93479666629088	39.46177629272525
Sor-CPnd_037-Ex1-6C-lcwgs-1-3.clmp.r2	38.38961934711783	39.04059466867004	39.38643799053936	39.37473941718544	39.55048983151306	39.476228731496825	39.48947588971901	39.56347348114479	39.581497770747525	39.57628800205371	39.523961387308546	39.603362641428234	39.54109518398411	39.51120558628097	39.49764120841648	39.46870713784606	39.44838125104008	39.41531005542311	39.38232399993105	39.34344662656694	39.310649150536086	39.266496528183055	39.22046026128589	39.17079982605119	39.13056071044389	39.07040898978231	39.02350964822187	38.95356930639507	38.89776706304495	38.85197076782372	38.77513825296673	38.71371392796243	38.648414224052296	38.59021704316118	38.509904898756034	38.4730664593923	38.498441905093976	39.247832934399
Sor-CPnd_038-Ex1-2A-lcwgs-1-3.clmp.r1	39.601053835467525	39.65675159771409	39.63301525959068	39.60231642809806	39.694696262277105	39.26333459066026	39.627637519117236	38.882780802710116	39.11542353613493	39.47569473894809	39.63232378299843	39.64855655983925	39.60783472926312	39.56748243662081	39.56102841484474	39.55762860080417	39.543362370239265	39.52704555907367	39.51087981934522	39.47079506282394	39.4542785478728	39.43180953773284	39.399773493103154	39.376481338602744	39.33717741273408	39.30962509520451	39.28479414119879	39.238896273431976	39.20066296284923	39.16112201224769	39.135296483344874	39.10868605086618	39.07678518842624	39.03121063279565	38.99105286835624	38.97141383020306	38.98519176162927	39.48418041577007
Sor-CPnd_038-Ex1-2A-lcwgs-1-3.clmp.r2	38.390963412962826	38.954360208955464	39.309473923378455	39.32991891627774	39.51710529002448	39.457414891585174	39.46072354641146	39.500607894741485	39.55489013486281	39.537168967513324	39.49006577564789	39.567741489326565	39.500706341003024	39.47279587538323	39.46203473691195	39.438375514123834	39.42272838205265	39.395922269672454	39.36788000682926	39.334575696318915	39.30682044585185	39.26929153557542	39.229245540487774	39.186357137839266	39.154632976679075	39.09930568691609	39.06039402327958	38.994115002404484	38.94504557861207	38.90792690145112	38.84272285092998	38.78766375285229	38.73269476677071	38.68091874408958	38.613384449342206	38.58228677163429	38.60566055155549	39.290593166728044
Sor-CPnd_041-Ex1-7A-lcwgs-1-3.clmp.r1	39.597986582618276	39.64217713190795	39.620217971359	39.59141012261718	39.68586339621474	39.27378597173179	39.62255032288098	38.84697983710363	39.08727149754094	39.46229932125731	39.62217455959926	39.63897378407698	39.60391644375444	39.56955830466409	39.566236884339894	39.56977379176612	39.562753136158676	39.55396637857816	39.544470635130814	39.510577776353536	39.50230558382014	39.48878156147355	39.466057259657205	39.45037774331403	39.42101072683774	39.403788241092805	39.38815380445175	39.35314097914699	39.32577982133323	39.2987735772184	39.28561773122626	39.26853230356999	39.24854215434208	39.21565845188528	39.18504154074816	39.176521969177564	39.18466745768533	39.5650554249932
Sor-CPnd_041-Ex1-7A-lcwgs-1-3.clmp.r2	38.830577854216514	39.070251008988414	39.40245108479185	39.36440060018751	39.51971180501552	39.466074549148004	39.489667346656894	39.547679669769664	39.564606291149325	39.557095631835544	39.50805561783982	39.58840631952372	39.52967088441824	39.50675945968446	39.49787520423037	39.47453772391646	39.46298695603552	39.439407538271624	39.41734289514069	39.38919009180783	39.36676393996696	39.33619300369877	39.30487553053657	39.270037427846205	39.24573109259577	39.19981336205441	39.171521060797986	39.11656503377207	39.078731020305625	39.05105908219023	38.99654113537891	38.95345516114345	38.91186224163447	38.86995818037845	38.81150310094558	38.78843892314595	38.794516402519065	39.36945340416539
Sor-CPnd_043-Ex1-1D-lcwgs-1-3.clmp.r1	39.47617042571717	39.647790939516746	39.70119855712628	39.6116274562553	39.67983754653615	39.332766134701	39.286278525538116	39.01581850106596	39.08791636655009	39.443719860340934	39.617484435882076	39.64611979785883	39.603447993774935	39.56048379032296	39.56516769627022	39.55743690790738	39.54592891429742	39.53012126467134	39.51577591295539	39.47570988362343	39.45852559354031	39.43763418375012	39.40749462132167	39.38515108836042	39.34729706182462	39.32100740650124	39.29544791613225	39.251238289670944	39.213251014956995	39.17245789990289	39.15092698614158	39.12370993258414	39.094058906818645	39.050070502546085	39.00741189491872	38.990810371989966	39.00739502751113	39.49235625256787
Sor-CPnd_043-Ex1-1D-lcwgs-1-3.clmp.r2	38.61832519041131	39.027878935143	39.36507400947067	39.38328522790057	39.50183275045632	39.486708379254786	39.49853855521711	39.52955328190131	39.56892950225485	39.54922014816358	39.514979540004454	39.56888317293368	39.51425025817257	39.4859553197913	39.469911965396825	39.44270000497194	39.42361758256174	39.392983181421904	39.3628944823471	39.32498718664311	39.294298499326494	39.25243052051771	39.211464757230246	39.16424449328136	39.13126924621843	39.07321671457144	39.030617109711145	38.9603614607038	38.90629882178022	38.86680399883717	38.794471261320965	38.73868999241426	38.675609374135796	38.62225159434832	38.54660073959941	38.511827311906686	38.53694475824833	39.26572797451203
Sor-CPnd_044-Ex1-8G-lcwgs-1-3.clmp.r1	39.67331628518523	39.67564378741434	39.7395194306938	39.65515465637507	39.59707867642403	39.32932063401315	39.57255582707997	39.313779897425604	39.18104816246344	39.48741391083694	39.64104107381088	39.65438164818441	39.59565089183114	39.55610497631767	39.55295460830709	39.543730981414235	39.52790438802537	39.51060138832872	39.49087702723383	39.45012386474303	39.42984908585299	39.40667502880881	39.37523017545153	39.350766571690826	39.31011097492498	39.28237383979164	39.25537596671025	39.20757271319532	39.168319170764214	39.12479997627942	39.10068092532696	39.06992700429491	39.03659920864085	38.98875144790673	38.94366984757603	38.92038565465108	38.94226984024235	39.46273764514527
Sor-CPnd_044-Ex1-8G-lcwgs-1-3.clmp.r2	38.66965258858867	39.06683748094826	39.38560824869032	39.42053164193564	39.523638869672574	39.49865587972376	39.518331050584024	39.55031143566759	39.58161360818108	39.56293477222296	39.53426379123454	39.58114765232393	39.52451700781792	39.493194630126254	39.47710253915418	39.44596389956963	39.42466259832198	39.39015504780967	39.35931139325059	39.318719436935424	39.28708007432574	39.24267871765764	39.19969361763157	39.15123689360512	39.11434815239422	39.05491212043732	39.00871506658633	38.9355673586136	38.88058016079928	38.83389900829932	38.7588218120754	38.697612135743725	38.6304317947934	38.56982125908338	38.48993832034095	38.44922882699693	38.48021106163223	39.241260398619794
Sor-CPnd_045-Ex1-7B-lcwgs-1-3.clmp.r1	39.64368508243683	39.63914665014936	39.738858430987165	39.67467956750677	39.530095606850104	39.41458097169558	39.26443993769802	39.156068053320105	39.10066550371975	39.42712261738388	39.595567889467425	39.63168154707302	39.60133137728816	39.54805212039996	39.55608754188107	39.54873735228156	39.54201668407142	39.52756965887135	39.51257723253285	39.47438308177162	39.45721293467499	39.438437422898396	39.40802005853489	39.38696522778054	39.34897948608263	39.32463222710876	39.30064348436711	39.256709328897806	39.22087414349661	39.18302083162763	39.163784085977156	39.13870945650146	39.112405823841534	39.06958747736404	39.02978514751716	39.01468372736953	39.02616386147381	39.4994612510223
Sor-CPnd_045-Ex1-7B-lcwgs-1-3.clmp.r2	38.396427534531455	38.94587566681036	39.31699465266978	39.32101802204356	39.503797810359714	39.457539671377795	39.462776533648004	39.51091720227402	39.55350819453221	39.53801414437509	39.488383881100276	39.56812052550044	39.505847939840805	39.479625055895625	39.46646403691961	39.439949362161045	39.42490454331808	39.39556113034312	39.36832468888071	39.333244000446946	39.30480229776136	39.265338913915066	39.226895450003326	39.180590620870156	39.15069774534028	39.09574397580699	39.053417713186725	38.9849514045231	38.93574090566246	38.89566217652404	38.82810884761758	38.77357641275791	38.71791073698192	38.66438858937964	38.59293981106543	38.561824748419	38.58208866538153	39.278120343891956
Sor-CPnd_046-Ex1-5A-lcwgs-1-3.clmp.r1	39.5919490133712	39.65897023633104	39.651831898467385	39.61804209503543	39.714929279629395	39.300448718004766	39.64135316587062	38.95363402714573	39.177987783749224	39.51507808485978	39.65535985890023	39.66365553192041	39.62182371796833	39.586686076028386	39.576835315627044	39.57581571172514	39.564653642357044	39.54943072306896	39.534833345965424	39.496207804663214	39.48305637209275	39.462618322852094	39.43520772026013	39.41332799436637	39.37748748458525	39.35282710780525	39.329473282539006	39.2845223411518	39.249945638303586	39.210921297963324	39.18868717042005	39.16305089435176	39.134537674759635	39.09132003442543	39.04869057560814	39.02953932591712	39.04342869208119	39.51004603407405
Sor-CPnd_046-Ex1-5A-lcwgs-1-3.clmp.r2	38.685332892687995	39.107307922202786	39.42574586945999	39.40937437979606	39.566275011067134	39.51235132955696	39.52694508340932	39.57895871893443	39.60131505820919	39.58889643698028	39.543541092363284	39.612250639766316	39.554690818227684	39.528529190473876	39.51671252596402	39.4891018532193	39.47331310395873	39.445539970302235	39.41759720706026	39.38104859775685	39.35503366420056	39.3172908060354	39.2766905442772	39.235055362373146	39.20287768014721	39.14755745492181	39.111146696164795	39.04722532344677	38.99543453032968	38.95701110774338	38.89129025731815	38.83591424565308	38.77939611490142	38.72790299116926	38.65398794952388	38.61805737315302	38.63812793484533	39.309998755578874
Sor-CPnd_049-Ex1-3B-lcwgs-1-3.clmp.r1	39.666809860706046	39.63362971895957	39.73578200347727	39.6756037971935	39.5300621566272	39.419756403507265	39.321147780934986	39.192302825713064	39.144573909212895	39.44204078062101	39.596864675384325	39.62856439904586	39.588740262154445	39.53791076952022	39.54492621205562	39.53815834123266	39.53064491445142	39.516334096438065	39.500248100496705	39.46484218435548	39.44944049664143	39.42900849499915	39.396411268228135	39.37450782287512	39.337437296786135	39.31269861194124	39.28881836875304	39.242893239633034	39.20526747783924	39.16484631043941	39.143225989372546	39.11276200705125	39.081734811442814	39.035763212009414	38.98982339469731	38.971194512255366	38.990799359381484	39.48743201188826
Sor-CPnd_049-Ex1-3B-lcwgs-1-3.clmp.r2	38.6146031364181	39.03359254057989	39.36432156486612	39.3809713867067	39.531343873456045	39.487431989340116	39.49313371563538	39.53281304430007	39.576577308379036	39.55651676073213	39.50928194177366	39.57747099539644	39.515246884748585	39.485905536826195	39.47368539554303	39.442701510161086	39.426914187626025	39.397518728877046	39.36956339173552	39.33474778248958	39.305375531151455	39.265371322492534	39.2248821708515	39.17928182286157	39.14660303753527	39.08824100691566	39.049425527877446	38.97745006692562	38.9270369113707	38.88088400299479	38.81220353973488	38.7526696191769	38.69291323617157	38.634430876481915	38.55811940087714	38.52545763729707	38.54639529201522	39.2699802111061
Sor-CPnd_050-Ex1-3F-lcwgs-1-3.clmp.r1	39.43659574094316	39.53914244233418	39.67729423754404	39.64486786864322	39.59950238808875	39.33071475312527	39.52217051991523	39.321732867373065	39.19958818962231	39.46769842702581	39.63620491865613	39.65321400941182	39.59588443883324	39.558914361351796	39.556446458516476	39.550986919045535	39.53741360850326	39.52121409943657	39.5069888083818	39.46723386511614	39.45013859625561	39.43059771576769	39.401726004236494	39.37721527715938	39.339458743210784	39.31405695743912	39.288555290661336	39.24368673036904	39.20555563654787	39.166185687881026	39.141797902615664	39.115338854764055	39.083944475332046	39.03865043995904	38.996959757734516	38.98095431925633	38.99717319930402	39.4882590875676
Sor-CPnd_050-Ex1-3F-lcwgs-1-3.clmp.r2	38.61468038350882	39.029973443593235	39.357259140278806	39.37675171389257	39.52889110070285	39.47839879360085	39.48565170448491	39.52659928441706	39.569143623492145	39.55001824900613	39.504772918336215	39.571969619045355	39.5093667213482	39.47921260908857	39.465506124727916	39.43826397332124	39.419629532707766	39.39083457814304	39.36100261703486	39.32434928095618	39.29524465234257	39.25690505327263	39.21567052565306	39.16971151549612	39.138573396273344	39.08247452067667	39.0401865722602	38.97105252276945	38.92244088712345	38.88006725570875	38.8107873892463	38.75349232705232	38.69418392004706	38.6403961223706	38.56640144495307	38.53525777443984	38.55909667786082	39.272869466862254
Sor-CPnd_052-Ex1-6D-lcwgs-1-3.clmp.r1	39.516701808145655	39.67880288868138	39.72242419218849	39.62698787878003	39.71064100388931	39.37745445314635	39.403313228435586	39.192621714066654	39.24797537160819	39.52646095086625	39.65608547668294	39.67440595142964	39.617151480928406	39.57514161107203	39.57055095491793	39.561755510191496	39.54651785207877	39.52786213727849	39.508207995273516	39.46579068355667	39.44622067783298	39.42332185624929	39.38972983097695	39.36457082361521	39.32204420605121	39.29369185446449	39.266482702622284	39.21573549017562	39.175813366351505	39.13281983611864	39.102558683930326	39.06814352959001	39.02991560536534	38.977651799948376	38.92863507909076	38.90605940691372	38.92906799473711	39.46266032493795
Sor-CPnd_052-Ex1-6D-lcwgs-1-3.clmp.r2	38.496315001482934	39.145231875480015	39.44891965854916	39.413480405171754	39.56618977434767	39.509185460234654	39.528357748890386	39.6003494289078	39.60523728916731	39.602403651260104	39.558854098536884	39.62441197383298	39.56632608788565	39.53925253946593	39.52554450434618	39.49610671300976	39.474801032827955	39.4419001896332	39.411983616903726	39.372682211617644	39.34137045240559	39.298432450103185	39.25615016565817	39.20777307403303	39.170544874084115	39.1118977797664	39.066464670380434	38.99423910131212	38.93784666464977	38.89085692441445	38.81576030433771	38.74958964484549	38.68191281986311	38.61722779743462	38.535554360647765	38.495377562475575	38.52574386390633	39.272344907704344
Sor-CPnd_053-Ex1-2C-lcwgs-1-3.clmp.r1	39.57827635438057	39.57304915903201	39.6804794797046	39.553513115404	39.68498950111311	38.96687973162151	39.630998101965545	39.12954492877287	39.16905754847719	39.47187149982574	39.641232629118996	39.654162779961084	39.598924762574555	39.557775876725415	39.546321135220424	39.54040687162835	39.518964950364776	39.50110681048292	39.47744437532716	39.4366333890646	39.41465059391605	39.389480147974396	39.35582172698165	39.32955078338671	39.28671502411405	39.256142616564055	39.22930577035009	39.17897680888574	39.13817241126579	39.09292394478367	39.06694107131017	39.0369405606684	39.00076967358004	38.954885981539356	38.90680516228208	38.885423578609526	38.902500513119136	39.44870879290431
Sor-CPnd_053-Ex1-2C-lcwgs-1-3.clmp.r2	38.442409744706616	38.994659450095504	39.33703812800287	39.355441431432475	39.52985201290913	39.46852297000212	39.47327701578326	39.520444591467566	39.56337355238883	39.548438938638945	39.502078093034086	39.5745168488561	39.50853853762958	39.47878122450185	39.465803765273115	39.43752090357027	39.41770685713619	39.389103806242154	39.35636709231583	39.319567852057936	39.28762422350994	39.24542528899481	39.20110940693502	39.15224855579117	39.11877501168124	39.05729575950141	39.014333785589045	38.94243152048651	38.890812280065695	38.846045382178275	38.7719114925694	38.71210454868036	38.64897667281604	38.58888633568743	38.51282887582195	38.477809643299764	38.50371765090692	39.24855330615707
Sor-CPnd_054-Ex1-8F-lcwgs-1-3.clmp.r1	39.444214116498344	39.5416648855872	39.68216483271727	39.64765223729828	39.6108718590195	39.35297815234191	39.53329928659331	39.33531284379521	39.22426707642743	39.488397905900506	39.64811515297411	39.66246301916591	39.606972172414494	39.57202831840167	39.57004238331841	39.56477290148523	39.55162204816637	39.536152260059744	39.517129250588255	39.47859057864049	39.46141452175787	39.44285041148285	39.41358936259593	39.38812937082823	39.350607554870045	39.32136502044418	39.29794929034117	39.25152464839124	39.21061387370612	39.171157311946864	39.14522958284412	39.11802007174397	39.08641221766013	39.04156194934067	38.993884811726986	38.97240701261181	38.98936639969823	39.479930028425954
Sor-CPnd_054-Ex1-8F-lcwgs-1-3.clmp.r2	38.68871305572491	39.100814197040634	39.40113254155914	39.43766994310295	39.54040860587599	39.51009410848911	39.52919387968602	39.56658169980224	39.59405966878671	39.57701314099175	39.540286397577425	39.59488794947883	39.540697298233695	39.51025169805528	39.494847786043486	39.4646823889985	39.44274194217063	39.41127970656491	39.38006879785561	39.34380742174349	39.31095752012773	39.27192601522326	39.23236357382866	39.18576329109863	39.15093395242584	39.09368286229251	39.04945602799803	38.98093062449786	38.923848085958966	38.88519850869653	38.80830090908461	38.74985263950467	38.688054972922494	38.62846178497562	38.5469590464582	38.514084293735515	38.53638317200348	39.2662558595213
Sor-CPnd_055-Ex1-7G-lcwgs-1-3.clmp.r1	39.67993030778745	39.67631796774654	39.74171162171162	39.65818752675896	39.59946767518196	39.32578944864659	39.565740925740926	39.32150325864612	39.174684838970556	39.48106897864041	39.63574906046334	39.65156781313924	39.59239118024832	39.54948128516795	39.5443838742271	39.53455303265367	39.51697952425587	39.497652817469636	39.477176338909786	39.43594319918247	39.41480653002209	39.39091097512088	39.35840162216307	39.33092779839938	39.28970913029498	39.25812385848582	39.232132975089975	39.17998692083514	39.13771450595617	39.09566562687629	39.067442166632596	39.03572052744592	38.99734918031221	38.944801988872634	38.895301960295896	38.87224582451547	38.89342215727283	39.439729480810215
Sor-CPnd_055-Ex1-7G-lcwgs-1-3.clmp.r2	38.62531183102612	39.12112791969935	39.4319685076828	39.39679130393416	39.53412563626849	39.497964416535844	39.5181351981352	39.57882022739165	39.58983302411874	39.58129893915608	39.539128680842964	39.598581275866984	39.54069202226345	39.511588549747565	39.49531588839164	39.4650462923536	39.44274339473801	39.409314913558475	39.37585242288709	39.335963811516066	39.3036038684919	39.258988380761664	39.21338545403663	39.16265676009775	39.12361714803224	39.062254625241806	39.012721636632456	38.93622915628458	38.880841049945374	38.82994346297951	38.75387697321737	38.68555396156691	38.61496486712683	38.55096196086088	38.465347549660734	38.4251901957929	38.45765313609736	39.23512720174274
Sor-CPnd_058-Ex1-2G-lcwgs-1-3.clmp.r1	39.67518786905767	39.69481562851036	39.75055066007341	39.668720634910954	39.61442992907733	39.350680631966554	39.59210168122825	39.35292987746316	39.24047805613618	39.514508983697326	39.65289986719695	39.66309177174253	39.59639101503954	39.55072146767408	39.54256051747508	39.5281835864475	39.5057462235993	39.48055553286461	39.45531896639694	39.407188360966806	39.382127089446115	39.354214411226884	39.315459108520265	39.28176816566725	39.23606140079645	39.20012278416855	39.166232107953235	39.11117712845924	39.061963589156555	39.01415066854853	38.97614813999961	38.937787617891644	38.89633073525438	38.837779372463004	38.780844205250695	38.7523329306086	38.77459002153476	39.39020312437003
Sor-CPnd_058-Ex1-2G-lcwgs-1-3.clmp.r2	38.67160580186865	39.1674812414058	39.455024019102034	39.43888729424565	39.5754279076311	39.52531163418313	39.54338922618376	39.59382041142376	39.613951245730945	39.60089804306059	39.56035160358921	39.613325690660794	39.55640096329034	39.52553399445658	39.50888516148068	39.47856139376195	39.45310723563569	39.42043809388106	39.38596865463685	39.347068179031886	39.311588869753024	39.267615142388685	39.22084724074753	39.168469516023315	39.131631472045584	39.06694833185421	39.01811213522224	38.94019432335531	38.880644112608955	38.824687699016955	38.746152542700436	38.675232566112825	38.60096543900213	38.52405504528837	38.43776961866253	38.39023229760606	38.427066670229024	39.22443799729589
Sor-CPnd_063-Ex1-7D-lcwgs-1-3.clmp.r1	39.497802735723624	39.660757650376205	39.70528401478553	39.6108949209669	39.68662107835493	39.34786844969004	39.32387191024318	39.083194773816906	39.13855002653629	39.46372682536317	39.62048839520673	39.64482329890485	39.594508751451635	39.550492503537555	39.54842513796147	39.5404688768392	39.525435812513486	39.508454766807105	39.49080948558531	39.44969262918849	39.43182216755646	39.409955230855665	39.37841093170126	39.35304622308975	39.313650206383066	39.28671452490214	39.26212438947727	39.21344955008702	39.17343196896492	39.13305758998179	39.108189613169344	39.07816328674367	39.0439252705866	38.99686894021276	38.95139678552387	38.92948626489431	38.94606436024323	39.46684787372598
Sor-CPnd_063-Ex1-7D-lcwgs-1-3.clmp.r2	38.65493730084504	39.10329542900193	39.417875388642976	39.38866061211508	39.533552790644606	39.49208946617654	39.50793220477262	39.5678647018906	39.580566002699946	39.57239214559819	39.527273824340384	39.592855343015	39.534291345090324	39.50648606487895	39.49179680689152	39.46279449440239	39.442958254959066	39.410761823685576	39.38070070656481	39.34303525349833	39.312660536989455	39.26833776575374	39.22768115346038	39.18063276792093	39.14464244782048	39.08547231320643	39.04186924366175	38.969887529002435	38.91490512000869	38.869060024769865	38.7972953479184	38.73314810021539	38.669345958903065	38.60788963511323	38.52846415622963	38.49101154262907	38.52148759661575	39.262402998229426
Sor-CPnd_066-Ex1-8B-lcwgs-1-3.clmp.r1	39.56025374785891	39.59540555698716	39.70887208015643	39.64279001379394	39.49699110215094	39.35494383895954	39.16952903548529	39.12569159176002	39.06593806369465	39.3775022358309	39.56369768534659	39.595681435782396	39.56352639796274	39.5113631283476	39.52468679120984	39.52281484284257	39.518712392046666	39.50532465134038	39.49017049434444	39.4581859930421	39.44190040793707	39.420156244530894	39.39544273962742	39.37894792864638	39.343210730602195	39.31200641892953	39.28958550159071	39.248291383635745	39.20562098189288	39.170712157566534	39.15571273422953	39.11920757928857	39.099641526208494	39.05155238166362	39.01946172589321	39.006311593033146	39.0118551219209	39.488981208341414
Sor-CPnd_066-Ex1-8B-lcwgs-1-3.clmp.r2	38.39768231495657	38.901168695335826	39.27246820572676	39.366699004107865	39.49747616376893	39.48304558063391	39.49245880765791	39.49941641024086	39.56690060784284	39.53335859695927	39.50247987752194	39.561426990647405	39.504104833942186	39.475741176146656	39.45973630295095	39.44085379301155	39.42040370006124	39.39102443814111	39.368721689792544	39.33265023271383	39.30418162281642	39.2662170464089	39.23569692138866	39.19093347966763	39.158656485292546	39.09337751172141	39.0512408731551	38.988635094796344	38.935388972653946	38.89625823134175	38.82926901396386	38.76268610218142	38.711672794930564	38.66351759123519	38.573607436794056	38.55959118182531	38.571724296513636	39.29517668990947
Sor-CPnd_069-Ex1-6B-lcwgs-1-3.clmp.r1	39.691683664796024	39.64490886132742	39.755067926262846	39.69835893057512	39.57521769624624	39.43550615738133	39.367995200904204	39.23227172183143	39.204877882149276	39.497677540475394	39.63690477498445	39.66047627789609	39.61939702469644	39.571016971328646	39.571245649148096	39.56509606299174	39.551798008142356	39.53616368096537	39.518523382226604	39.47697450516712	39.45823737593188	39.43640475725421	39.40353228062769	39.37991852044487	39.33974265887836	39.312596078850426	39.28802432244053	39.24117533893364	39.20526014764921	39.16424879981394	39.13907465286896	39.11173454912946	39.08070149599336	39.03613532662487	38.99421914816904	38.97668318047626	38.99569023612988	39.49031783410849
Sor-CPnd_069-Ex1-6B-lcwgs-1-3.clmp.r2	38.3861418318187	39.027971752774654	39.36825329413459	39.35747330722703	39.5501407027607	39.47420056520819	39.478936935558394	39.55295216106136	39.57948062932399	39.57206847940538	39.51891413865479	39.6014881511835	39.53956111765556	39.51011002987455	39.497861494816604	39.469866316403774	39.451544106995115	39.42200605110706	39.39262551431853	39.35458298385008	39.32594899724367	39.28481999590664	39.241145226446534	39.19500714461766	39.1585084723066	39.101291327633064	39.05989263901735	38.99144610328507	38.93827564196393	38.89759398648497	38.825103126055964	38.768934820007594	38.70600469504464	38.65151128316887	38.57806063024492	38.54329382959857	38.5652853659967	39.27544407755666
Sor-CPnd_072-Ex1-8C-lcwgs-1-3.clmp.r1	39.57887537527782	39.54422432469781	39.670874549443994	39.53672058222604	39.667005267329074	38.8658663158412	39.60714484775668	39.02833922641402	39.06474583348037	39.42595390567619	39.62620399744467	39.644105726517736	39.5968826422197	39.559203432162896	39.55497574065212	39.55021006326193	39.5354701800138	39.52138986683082	39.50275312458171	39.46364250749844	39.44437474972483	39.42211753670695	39.3922757892094	39.36767782984651	39.33036602457408	39.301958147452304	39.27937376809908	39.23308587164463	39.19825187070076	39.15806160533336	39.138081443108206	39.113179448787875	39.08298514457707	39.04058969831702	39.00156617794538	38.98749429801465	39.00408825439981	39.49082765499378
Sor-CPnd_072-Ex1-8C-lcwgs-1-3.clmp.r2	38.25253282639977	38.834348915449986	39.225578949416686	39.31260283758348	39.47300192903436	39.44139943873642	39.4344954481847	39.45737638794665	39.52901648270647	39.504436218353895	39.47243624605759	39.53781593338186	39.472022834437134	39.44118767211627	39.42958269663018	39.40202965038748	39.384832987999964	39.35520406618552	39.327337476048555	39.2906179293624	39.26198217434259	39.22066892656299	39.179536195156295	39.13400636530177	39.1018479380376	39.0434572545214	39.00239677517986	38.93263630916007	38.88057664069303	38.84286481700328	38.772887608300685	38.71658212086848	38.658154214184364	38.60446614416637	38.53773426029555	38.50606485618267	38.52916719009013	39.25534230673255
