	20.0	21.0	22.0	23.0	24.0	25.0	26.0	27.0	28.0	29.0	30.0	31.0	32.0	33.0	34.0	35.0	36.0	37.0	38.0	39.0	40.0
Sor-CPnd_001-Ex1-3E-lcwgs-1-3.clmp.r1	10.0	246.0	911.0	1957.0	3454.0	5129.0	6475.0	7621.0	8842.0	10265.0	12371.0	14581.0	18146.0	22614.0	30998.0	44828.0	73078.0	120452.0	292117.0	2535426.0	2333866.0
	19.0	20.0	21.0	22.0	23.0	24.0	25.0	26.0	27.0	28.0	29.0	30.0	31.0	32.0	33.0	34.0	35.0	36.0	37.0	38.0	39.0	40.0
Sor-CPnd_001-Ex1-3E-lcwgs-1-3.clmp.r2	1.0	160.0	1037.0	2261.0	3394.0	5181.0	6997.0	8643.0	9541.0	11079.0	12331.0	14307.0	16529.0	20344.0	24860.0	34309.0	49460.0	78510.0	131786.0	354324.0	3158682.0	1599651.0
	20.0	21.0	22.0	23.0	24.0	25.0	26.0	27.0	28.0	29.0	30.0	31.0	32.0	33.0	34.0	35.0	36.0	37.0	38.0	39.0	40.0
Sor-CPnd_002-Ex1-5E-lcwgs-1-3.clmp.r1	10.0	194.0	692.0	1533.0	2768.0	4005.0	5276.0	6286.0	7700.0	8829.0	10435.0	12587.0	15882.0	19862.0	27725.0	39504.0	65782.0	109234.0	267810.0	2221814.0	2501299.0
	20.0	21.0	22.0	23.0	24.0	25.0	26.0	27.0	28.0	29.0	30.0	31.0	32.0	33.0	34.0	35.0	36.0	37.0	38.0	39.0	40.0
Sor-CPnd_002-Ex1-5E-lcwgs-1-3.clmp.r2	112.0	734.0	1622.0	2517.0	3987.0	5583.0	6840.0	7672.0	8944.0	9968.0	11607.0	13438.0	16607.0	20935.0	28723.0	41445.0	67160.0	113668.0	307748.0	2848084.0	1811833.0
	20.0	21.0	22.0	23.0	24.0	25.0	26.0	27.0	28.0	29.0	30.0	31.0	32.0	33.0	34.0	35.0	36.0	37.0	38.0	39.0	40.0
Sor-CPnd_003-Ex1-2B-lcwgs-1-3.clmp.r1	15.0	322.0	1082.0	2261.0	3946.0	5718.0	7531.0	8840.0	10358.0	12206.0	14517.0	17154.0	21338.0	26760.0	37085.0	53249.0	87052.0	142429.0	354615.0	3221167.0	2566884.0
	20.0	21.0	22.0	23.0	24.0	25.0	26.0	27.0	28.0	29.0	30.0	31.0	32.0	33.0	34.0	35.0	36.0	37.0	38.0	39.0	40.0
Sor-CPnd_003-Ex1-2B-lcwgs-1-3.clmp.r2	176.0	1184.0	2430.0	3804.0	5593.0	7710.0	9528.0	10788.0	12470.0	13862.0	16123.0	18855.0	23374.0	28892.0	38976.0	56805.0	91379.0	153585.0	413778.0	3753929.0	1931288.0
	20.0	21.0	22.0	23.0	24.0	25.0	26.0	27.0	28.0	29.0	30.0	31.0	32.0	33.0	34.0	35.0	36.0	37.0	38.0	39.0	40.0
Sor-CPnd_004-Ex1-1G-lcwgs-1-3.clmp.r1	25.0	354.0	1336.0	3075.0	5748.0	8276.0	10976.0	12851.0	15256.0	17444.0	21368.0	25277.0	31365.0	39769.0	54397.0	78894.0	129292.0	208526.0	495479.0	4205447.0	4390148.0
	20.0	21.0	22.0	23.0	24.0	25.0	26.0	27.0	28.0	29.0	30.0	31.0	32.0	33.0	34.0	35.0	36.0	37.0	38.0	39.0	40.0
Sor-CPnd_004-Ex1-1G-lcwgs-1-3.clmp.r2	164.0	1364.0	2906.0	4740.0	7710.0	11274.0	14414.0	16406.0	18541.0	20840.0	24239.0	28118.0	34960.0	43808.0	60505.0	86484.0	141597.0	237217.0	630725.0	5446783.0	2922508.0
	20.0	21.0	22.0	23.0	24.0	25.0	26.0	27.0	28.0	29.0	30.0	31.0	32.0	33.0	34.0	35.0	36.0	37.0	38.0	39.0	40.0
Sor-CPnd_005-Ex1-3D-lcwgs-1-3.clmp.r1	13.0	185.0	702.0	1455.0	2777.0	3924.0	4976.0	5695.0	6790.0	7859.0	9311.0	11005.0	13817.0	16832.0	23020.0	32832.0	53126.0	85855.0	206642.0	1886859.0	1500396.0
	19.0	20.0	21.0	22.0	23.0	24.0	25.0	26.0	27.0	28.0	29.0	30.0	31.0	32.0	33.0	34.0	35.0	36.0	37.0	38.0	39.0	40.0
Sor-CPnd_005-Ex1-3D-lcwgs-1-3.clmp.r2	3.0	151.0	903.0	1762.0	2652.0	3910.0	5323.0	6615.0	7346.0	8606.0	9597.0	11023.0	12907.0	15932.0	19377.0	26260.0	37653.0	60099.0	100505.0	268186.0	2351218.0	924043.0
	20.0	21.0	22.0	23.0	24.0	25.0	26.0	27.0	28.0	29.0	30.0	31.0	32.0	33.0	34.0	35.0	36.0	37.0	38.0	39.0	40.0
Sor-CPnd_006-Ex1-2D-lcwgs-1-3.clmp.r1	20.0	476.0	1635.0	3516.0	6393.0	9245.0	11866.0	13824.0	16729.0	19229.0	22750.0	26978.0	33518.0	42280.0	57671.0	83303.0	135015.0	219821.0	546543.0	4884536.0	3923503.0
	20.0	21.0	22.0	23.0	24.0	25.0	26.0	27.0	28.0	29.0	30.0	31.0	32.0	33.0	34.0	35.0	36.0	37.0	38.0	39.0	40.0
Sor-CPnd_006-Ex1-2D-lcwgs-1-3.clmp.r2	254.0	1877.0	3919.0	5833.0	8851.0	12456.0	15277.0	17069.0	19765.0	21887.0	25516.0	29179.0	36556.0	44825.0	61322.0	87757.0	140739.0	234332.0	616225.0	5572011.0	3103201.0
	20.0	21.0	22.0	23.0	24.0	25.0	26.0	27.0	28.0	29.0	30.0	31.0	32.0	33.0	34.0	35.0	36.0	37.0	38.0	39.0	40.0
Sor-CPnd_007-Ex1-1C-lcwgs-1-3.clmp.r1	4.0	117.0	395.0	842.0	1576.0	2228.0	2979.0	3365.0	4198.0	4789.0	5957.0	6981.0	8878.0	11166.0	15377.0	22837.0	37218.0	62252.0	154774.0	1388826.0	1157639.0
	20.0	21.0	22.0	23.0	24.0	25.0	26.0	27.0	28.0	29.0	30.0	31.0	32.0	33.0	34.0	35.0	36.0	37.0	38.0	39.0	40.0
Sor-CPnd_007-Ex1-1C-lcwgs-1-3.clmp.r2	75.0	508.0	1070.0	1637.0	2341.0	3422.0	4305.0	4777.0	5569.0	6177.0	7199.0	8327.0	10429.0	13053.0	17938.0	26517.0	42656.0	73900.0	204993.0	1716522.0	740983.0
	20.0	21.0	22.0	23.0	24.0	25.0	26.0	27.0	28.0	29.0	30.0	31.0	32.0	33.0	34.0	35.0	36.0	37.0	38.0	39.0	40.0
Sor-CPnd_008-Ex1-1A-lcwgs-1-3.clmp.r1	37.0	517.0	1915.0	4256.0	8142.0	12001.0	15487.0	17999.0	21622.0	24816.0	29371.0	34620.0	43113.0	53755.0	72653.0	104874.0	172478.0	292381.0	744912.0	7081612.0	4051473.0
	19.0	20.0	21.0	22.0	23.0	24.0	25.0	26.0	27.0	28.0	29.0	30.0	31.0	32.0	33.0	34.0	35.0	36.0	37.0	38.0	39.0	40.0
Sor-CPnd_008-Ex1-1A-lcwgs-1-3.clmp.r2	5.0	844.0	4208.0	7125.0	10178.0	15166.0	19979.0	25064.0	28461.0	32765.0	35968.0	42287.0	48621.0	59527.0	73653.0	99585.0	139885.0	226186.0	389784.0	1098904.0	8540663.0	1889176.0
	20.0	21.0	22.0	23.0	24.0	25.0	26.0	27.0	28.0	29.0	30.0	31.0	32.0	33.0	34.0	35.0	36.0	37.0	38.0	39.0	40.0
Sor-CPnd_009-Ex1-6A-lcwgs-1-3.clmp.r1	30.0	625.0	1843.0	3679.0	6428.0	8892.0	11235.0	13359.0	15906.0	18282.0	21590.0	25574.0	31676.0	38804.0	52464.0	75518.0	122038.0	197136.0	465560.0	4490599.0	4337066.0
	19.0	20.0	21.0	22.0	23.0	24.0	25.0	26.0	27.0	28.0	29.0	30.0	31.0	32.0	33.0	34.0	35.0	36.0	37.0	38.0	39.0	40.0
Sor-CPnd_009-Ex1-6A-lcwgs-1-3.clmp.r2	2.0	311.0	1951.0	3904.0	5926.0	8687.0	11771.0	14309.0	16569.0	18675.0	21039.0	24610.0	27720.0	34836.0	42649.0	58071.0	82620.0	132596.0	222281.0	594489.0	5953826.0	2661462.0
	21.0	22.0	23.0	24.0	25.0	26.0	27.0	28.0	29.0	30.0	31.0	32.0	33.0	34.0	35.0	36.0	37.0	38.0	39.0	40.0
Sor-CPnd_010-Ex1-1H-lcwgs-1-3.clmp.r1	56.0	202.0	361.0	679.0	950.0	1236.0	1431.0	1742.0	2077.0	2463.0	3010.0	3731.0	4520.0	6285.0	9481.0	15468.0	25618.0	62603.0	585395.0	515179.0
	20.0	21.0	22.0	23.0	24.0	25.0	26.0	27.0	28.0	29.0	30.0	31.0	32.0	33.0	34.0	35.0	36.0	37.0	38.0	39.0	40.0
Sor-CPnd_010-Ex1-1H-lcwgs-1-3.clmp.r2	27.0	208.0	400.0	656.0	993.0	1400.0	1745.0	1979.0	2270.0	2562.0	3010.0	3461.0	4406.0	5479.0	7531.0	10842.0	17589.0	30129.0	85385.0	753003.0	309412.0
	20.0	21.0	22.0	23.0	24.0	25.0	26.0	27.0	28.0	29.0	30.0	31.0	32.0	33.0	34.0	35.0	36.0	37.0	38.0	39.0	40.0
Sor-CPnd_012-Ex1-5B-lcwgs-1-3.clmp.r1	12.0	220.0	675.0	1452.0	2663.0	3855.0	4891.0	5861.0	7067.0	8010.0	9937.0	11526.0	14730.0	18158.0	25032.0	36247.0	59199.0	97541.0	237569.0	2079846.0	2128247.0
	19.0	20.0	21.0	22.0	23.0	24.0	25.0	26.0	27.0	28.0	29.0	30.0	31.0	32.0	33.0	34.0	35.0	36.0	37.0	38.0	39.0	40.0
Sor-CPnd_012-Ex1-5B-lcwgs-1-3.clmp.r2	1.0	133.0	802.0	1651.0	2582.0	3962.0	5378.0	6650.0	7584.0	8901.0	9811.0	11280.0	13084.0	16590.0	20327.0	27567.0	39801.0	64195.0	108343.0	296407.0	2695773.0	1411916.0
	20.0	21.0	22.0	23.0	24.0	25.0	26.0	27.0	28.0	29.0	30.0	31.0	32.0	33.0	34.0	35.0	36.0	37.0	38.0	39.0	40.0
Sor-CPnd_013-Ex1-7F-lcwgs-1-3.clmp.r1	16.0	140.0	468.0	1085.0	2070.0	3020.0	3843.0	4654.0	5737.0	6757.0	8254.0	9791.0	12606.0	15945.0	22298.0	32884.0	54763.0	89827.0	223838.0	1869124.0	1919556.0
	19.0	20.0	21.0	22.0	23.0	24.0	25.0	26.0	27.0	28.0	29.0	30.0	31.0	32.0	33.0	34.0	35.0	36.0	37.0	38.0	39.0	40.0
Sor-CPnd_013-Ex1-7F-lcwgs-1-3.clmp.r2	1.0	90.0	622.0	1333.0	2209.0	3297.0	4398.0	5551.0	6193.0	7261.0	8076.0	9597.0	11214.0	13883.0	17720.0	24281.0	34879.0	57504.0	97799.0	270187.0	2336662.0	1373919.0
	20.0	21.0	22.0	23.0	24.0	25.0	26.0	27.0	28.0	29.0	30.0	31.0	32.0	33.0	34.0	35.0	36.0	37.0	38.0	39.0	40.0
Sor-CPnd_014-Ex1-1F-lcwgs-1-3.clmp.r1	17.0	318.0	1172.0	2721.0	4926.0	7229.0	9333.0	11061.0	13437.0	15277.0	18636.0	21989.0	28330.0	35407.0	49123.0	72557.0	119489.0	195612.0	473178.0	4139720.0	4081105.0
	19.0	20.0	21.0	22.0	23.0	24.0	25.0	26.0	27.0	28.0	29.0	30.0	31.0	32.0	33.0	34.0	35.0	36.0	37.0	38.0	39.0	40.0
Sor-CPnd_014-Ex1-1F-lcwgs-1-3.clmp.r2	1.0	213.0	1425.0	3004.0	4714.0	7298.0	10381.0	13177.0	14874.0	17142.0	19286.0	22413.0	25959.0	33009.0	41181.0	56259.0	81149.0	132853.0	224353.0	608641.0	5341730.0	2641575.0
	20.0	21.0	22.0	23.0	24.0	25.0	26.0	27.0	28.0	29.0	30.0	31.0	32.0	33.0	34.0	35.0	36.0	37.0	38.0	39.0	40.0
Sor-CPnd_015-Ex1-5F-lcwgs-1-3.clmp.r1	9.0	177.0	500.0	1061.0	1964.0	2933.0	3734.0	4304.0	5377.0	6381.0	7694.0	9048.0	11305.0	14388.0	19618.0	28560.0	47498.0	77836.0	188541.0	1606984.0	1901157.0
	19.0	20.0	21.0	22.0	23.0	24.0	25.0	26.0	27.0	28.0	29.0	30.0	31.0	32.0	33.0	34.0	35.0	36.0	37.0	38.0	39.0	40.0
Sor-CPnd_015-Ex1-5F-lcwgs-1-3.clmp.r2	1.0	99.0	622.0	1295.0	2047.0	2973.0	4214.0	5145.0	5774.0	6900.0	7492.0	8697.0	10091.0	12632.0	15651.0	21614.0	31080.0	50472.0	85297.0	234253.0	2154995.0	1277725.0
	20.0	21.0	22.0	23.0	24.0	25.0	26.0	27.0	28.0	29.0	30.0	31.0	32.0	33.0	34.0	35.0	36.0	37.0	38.0	39.0	40.0
Sor-CPnd_016-Ex1-1B-lcwgs-1-3.clmp.r1	51.0	755.0	2514.0	5338.0	10093.0	14454.0	18418.0	21668.0	25805.0	29797.0	35834.0	42311.0	53387.0	66199.0	91524.0	132110.0	217949.0	365765.0	922781.0	8946693.0	5876097.0
	19.0	20.0	21.0	22.0	23.0	24.0	25.0	26.0	27.0	28.0	29.0	30.0	31.0	32.0	33.0	34.0	35.0	36.0	37.0	38.0	39.0	40.0
Sor-CPnd_016-Ex1-1B-lcwgs-1-3.clmp.r2	6.0	733.0	3965.0	7304.0	10778.0	16380.0	21582.0	27399.0	31338.0	36215.0	40403.0	47472.0	55191.0	68460.0	84657.0	115536.0	164472.0	267923.0	464068.0	1301968.0	11045725.0	3067968.0
	20.0	21.0	22.0	23.0	24.0	25.0	26.0	27.0	28.0	29.0	30.0	31.0	32.0	33.0	34.0	35.0	36.0	37.0	38.0	39.0	40.0
Sor-CPnd_017-Ex1-3G-lcwgs-1-3.clmp.r1	3.0	37.0	127.0	262.0	454.0	706.0	878.0	978.0	1143.0	1363.0	1683.0	1994.0	2486.0	3114.0	4348.0	6351.0	10324.0	16860.0	41098.0	340370.0	355201.0
	19.0	20.0	21.0	22.0	23.0	24.0	25.0	26.0	27.0	28.0	29.0	30.0	31.0	32.0	33.0	34.0	35.0	36.0	37.0	38.0	39.0	40.0
Sor-CPnd_017-Ex1-3G-lcwgs-1-3.clmp.r2	1.0	17.0	160.0	324.0	471.0	657.0	919.0	1043.0	1232.0	1396.0	1557.0	1900.0	2145.0	2673.0	3287.0	4732.0	6564.0	10827.0	18609.0	50909.0	439555.0	240802.0
	20.0	21.0	22.0	23.0	24.0	25.0	26.0	27.0	28.0	29.0	30.0	31.0	32.0	33.0	34.0	35.0	36.0	37.0	38.0	39.0	40.0
Sor-CPnd_018-Ex1-1E-lcwgs-1-3.clmp.r1	10.0	128.0	499.0	1034.0	1929.0	2824.0	3673.0	4449.0	5439.0	6325.0	7626.0	9055.0	11719.0	14894.0	20755.0	30731.0	50267.0	83921.0	209980.0	1822411.0	1751053.0
	19.0	20.0	21.0	22.0	23.0	24.0	25.0	26.0	27.0	28.0	29.0	30.0	31.0	32.0	33.0	34.0	35.0	36.0	37.0	38.0	39.0	40.0
Sor-CPnd_018-Ex1-1E-lcwgs-1-3.clmp.r2	2.0	111.0	579.0	1201.0	1934.0	3119.0	4239.0	5275.0	5836.0	6866.0	7623.0	8960.0	10571.0	13109.0	16590.0	22848.0	33687.0	54570.0	92334.0	254292.0	2252700.0	1242276.0
	20.0	21.0	22.0	23.0	24.0	25.0	26.0	27.0	28.0	29.0	30.0	31.0	32.0	33.0	34.0	35.0	36.0	37.0	38.0	39.0	40.0
Sor-CPnd_019-Ex1-6G-lcwgs-1-3.clmp.r1	29.0	399.0	1481.0	3180.0	5471.0	7889.0	10143.0	11897.0	14304.0	16461.0	19773.0	22726.0	28806.0	35390.0	48127.0	68764.0	110462.0	175446.0	406187.0	3376903.0	4263734.0
	20.0	21.0	22.0	23.0	24.0	25.0	26.0	27.0	28.0	29.0	30.0	31.0	32.0	33.0	34.0	35.0	36.0	37.0	38.0	39.0	40.0
Sor-CPnd_019-Ex1-6G-lcwgs-1-3.clmp.r2	168.0	1313.0	2958.0	4542.0	7183.0	9862.0	12506.0	13921.0	16152.0	18012.0	20856.0	23791.0	29865.0	36445.0	49507.0	70600.0	113987.0	190898.0	503955.0	4615290.0	2885761.0
	20.0	21.0	22.0	23.0	24.0	25.0	26.0	27.0	28.0	29.0	30.0	31.0	32.0	33.0	34.0	35.0	36.0	37.0	38.0	39.0	40.0
Sor-CPnd_020-Ex1-2E-lcwgs-1-3.clmp.r1	31.0	558.0	1838.0	4007.0	7177.0	10174.0	13255.0	15245.0	18163.0	20872.0	24596.0	28948.0	36135.0	44271.0	60077.0	85913.0	139299.0	227846.0	560678.0	5137099.0	3800816.0
	19.0	20.0	21.0	22.0	23.0	24.0	25.0	26.0	27.0	28.0	29.0	30.0	31.0	32.0	33.0	34.0	35.0	36.0	37.0	38.0	39.0	40.0
Sor-CPnd_020-Ex1-2E-lcwgs-1-3.clmp.r2	2.0	291.0	1981.0	4010.0	6129.0	9757.0	13335.0	17012.0	18946.0	21610.0	24254.0	27714.0	31997.0	39305.0	48153.0	64769.0	92105.0	147714.0	247176.0	643809.0	5947045.0	2829884.0
	20.0	21.0	22.0	23.0	24.0	25.0	26.0	27.0	28.0	29.0	30.0	31.0	32.0	33.0	34.0	35.0	36.0	37.0	38.0	39.0	40.0
Sor-CPnd_022-Ex1-7C-lcwgs-1-3.clmp.r1	14.0	304.0	1029.0	2454.0	4527.0	6491.0	8310.0	9870.0	11803.0	13848.0	16665.0	19699.0	24802.0	31102.0	43358.0	62855.0	103286.0	171404.0	430387.0	3713951.0	3187943.0
	19.0	20.0	21.0	22.0	23.0	24.0	25.0	26.0	27.0	28.0	29.0	30.0	31.0	32.0	33.0	34.0	35.0	36.0	37.0	38.0	39.0	40.0
Sor-CPnd_022-Ex1-7C-lcwgs-1-3.clmp.r2	1.0	207.0	1343.0	2864.0	4241.0	6631.0	9050.0	11359.0	12989.0	15063.0	16729.0	19829.0	22757.0	28866.0	35762.0	49207.0	70366.0	114266.0	194269.0	536238.0	4483749.0	2228316.0
	20.0	21.0	22.0	23.0	24.0	25.0	26.0	27.0	28.0	29.0	30.0	31.0	32.0	33.0	34.0	35.0	36.0	37.0	38.0	39.0	40.0
Sor-CPnd_024-Ex1-5G-lcwgs-1-3.clmp.r1	9.0	108.0	364.0	807.0	1450.0	2030.0	2787.0	3152.0	3938.0	4447.0	5354.0	6404.0	8157.0	10202.0	14078.0	20238.0	33010.0	53289.0	126832.0	1053456.0	1309066.0
	20.0	21.0	22.0	23.0	24.0	25.0	26.0	27.0	28.0	29.0	30.0	31.0	32.0	33.0	34.0	35.0	36.0	37.0	38.0	39.0	40.0
Sor-CPnd_024-Ex1-5G-lcwgs-1-3.clmp.r2	47.0	380.0	921.0	1297.0	2017.0	2768.0	3431.0	3820.0	4400.0	5052.0	5871.0	6723.0	8461.0	10403.0	14772.0	20737.0	34037.0	57428.0	154536.0	1409366.0	912711.0
	20.0	21.0	22.0	23.0	24.0	25.0	26.0	27.0	28.0	29.0	30.0	31.0	32.0	33.0	34.0	35.0	36.0	37.0	38.0	39.0	40.0
Sor-CPnd_026-Ex1-3H-lcwgs-1-3.clmp.r1	38.0	543.0	1776.0	3821.0	6688.0	9400.0	11772.0	14020.0	16825.0	18937.0	22821.0	26479.0	33546.0	41189.0	56100.0	80986.0	131055.0	212120.0	505836.0	4544522.0	4187348.0
	20.0	21.0	22.0	23.0	24.0	25.0	26.0	27.0	28.0	29.0	30.0	31.0	32.0	33.0	34.0	35.0	36.0	37.0	38.0	39.0	40.0
Sor-CPnd_026-Ex1-3H-lcwgs-1-3.clmp.r2	314.0	2114.0	4243.0	6341.0	9503.0	12806.0	16265.0	17911.0	20787.0	22893.0	26754.0	30727.0	38271.0	47071.0	64331.0	91400.0	147058.0	249093.0	678168.0	5895705.0	2544067.0
	20.0	21.0	22.0	23.0	24.0	25.0	26.0	27.0	28.0	29.0	30.0	31.0	32.0	33.0	34.0	35.0	36.0	37.0	38.0	39.0	40.0
Sor-CPnd_027-Ex1-3C-lcwgs-1-3.clmp.r1	14.0	260.0	902.0	1820.0	3161.0	4631.0	5960.0	6918.0	8298.0	9473.0	11243.0	12925.0	16142.0	20313.0	27604.0	39469.0	63687.0	105169.0	255586.0	2368432.0	1793743.0
	19.0	20.0	21.0	22.0	23.0	24.0	25.0	26.0	27.0	28.0	29.0	30.0	31.0	32.0	33.0	34.0	35.0	36.0	37.0	38.0	39.0	40.0
Sor-CPnd_027-Ex1-3C-lcwgs-1-3.clmp.r2	1.0	192.0	1126.0	2170.0	3286.0	4771.0	6505.0	8124.0	9123.0	10458.0	11489.0	13468.0	15803.0	19201.0	23902.0	32653.0	45921.0	73617.0	125029.0	342268.0	2937278.0	1069365.0
	20.0	21.0	22.0	23.0	24.0	25.0	26.0	27.0	28.0	29.0	30.0	31.0	32.0	33.0	34.0	35.0	36.0	37.0	38.0	39.0	40.0
Sor-CPnd_028-Ex1-3A-lcwgs-1-3.clmp.r1	29.0	492.0	1595.0	3302.0	5627.0	8280.0	10480.0	12182.0	14700.0	16879.0	20143.0	23638.0	29459.0	35917.0	49153.0	70499.0	114960.0	188186.0	458131.0	4258976.0	3309701.0
	19.0	20.0	21.0	22.0	23.0	24.0	25.0	26.0	27.0	28.0	29.0	30.0	31.0	32.0	33.0	34.0	35.0	36.0	37.0	38.0	39.0	40.0
Sor-CPnd_028-Ex1-3A-lcwgs-1-3.clmp.r2	3.0	367.0	2174.0	4054.0	5989.0	8978.0	11819.0	14535.0	16679.0	18812.0	21177.0	24369.0	27815.0	35074.0	43042.0	58179.0	81947.0	131751.0	221606.0	604684.0	5310737.0	1988538.0
	20.0	21.0	22.0	23.0	24.0	25.0	26.0	27.0	28.0	29.0	30.0	31.0	32.0	33.0	34.0	35.0	36.0	37.0	38.0	39.0	40.0
Sor-CPnd_029-Ex1-8E-lcwgs-1-3.clmp.r1	17.0	486.0	1867.0	3927.0	7303.0	10669.0	13572.0	16147.0	19137.0	21703.0	26487.0	30921.0	38960.0	48116.0	65917.0	94993.0	155169.0	254525.0	616839.0	5429555.0	4829678.0
	19.0	20.0	21.0	22.0	23.0	24.0	25.0	26.0	27.0	28.0	29.0	30.0	31.0	32.0	33.0	34.0	35.0	36.0	37.0	38.0	39.0	40.0
Sor-CPnd_029-Ex1-8E-lcwgs-1-3.clmp.r2	3.0	354.0	2311.0	4760.0	7247.0	11325.0	15183.0	19058.0	21233.0	24586.0	27096.0	31883.0	36512.0	45183.0	55750.0	75807.0	106056.0	171789.0	286590.0	761942.0	6748224.0	3233096.0
	20.0	21.0	22.0	23.0	24.0	25.0	26.0	27.0	28.0	29.0	30.0	31.0	32.0	33.0	34.0	35.0	36.0	37.0	38.0	39.0	40.0
Sor-CPnd_030-Ex1-2H-lcwgs-1-3.clmp.r1	17.0	271.0	945.0	1928.0	3562.0	5125.0	6576.0	7644.0	8977.0	10360.0	12604.0	14857.0	18726.0	23069.0	31786.0	45585.0	73626.0	120350.0	295984.0	2625738.0	2260272.0
	19.0	20.0	21.0	22.0	23.0	24.0	25.0	26.0	27.0	28.0	29.0	30.0	31.0	32.0	33.0	34.0	35.0	36.0	37.0	38.0	39.0	40.0
Sor-CPnd_030-Ex1-2H-lcwgs-1-3.clmp.r2	1.0	114.0	912.0	1994.0	2974.0	4759.0	6550.0	8395.0	9094.0	10581.0	11967.0	13952.0	15712.0	19657.0	24372.0	33291.0	47806.0	77604.0	130262.0	350156.0	3092228.0	1705621.0
	20.0	21.0	22.0	23.0	24.0	25.0	26.0	27.0	28.0	29.0	30.0	31.0	32.0	33.0	34.0	35.0	36.0	37.0	38.0	39.0	40.0
Sor-CPnd_031-Ex1-5D-lcwgs-1-3.clmp.r1	30.0	445.0	1497.0	3379.0	5992.0	8938.0	11400.0	13473.0	16140.0	18535.0	22148.0	25980.0	32915.0	40333.0	55683.0	79738.0	128799.0	210280.0	506856.0	4619110.0	4494362.0
	20.0	21.0	22.0	23.0	24.0	25.0	26.0	27.0	28.0	29.0	30.0	31.0	32.0	33.0	34.0	35.0	36.0	37.0	38.0	39.0	40.0
Sor-CPnd_031-Ex1-5D-lcwgs-1-3.clmp.r2	258.0	1910.0	3696.0	5686.0	8691.0	12097.0	15211.0	17094.0	19760.0	22153.0	25614.0	29839.0	36749.0	45207.0	61712.0	87180.0	141276.0	238046.0	635631.0	5950154.0	2938069.0
	20.0	21.0	22.0	23.0	24.0	25.0	26.0	27.0	28.0	29.0	30.0	31.0	32.0	33.0	34.0	35.0	36.0	37.0	38.0	39.0	40.0
Sor-CPnd_033-Ex1-2F-lcwgs-1-3.clmp.r1	10.0	196.0	654.0	1415.0	2479.0	3577.0	4490.0	5246.0	6452.0	7407.0	8869.0	10259.0	12874.0	16208.0	22014.0	31436.0	50837.0	83158.0	202804.0	1878411.0	1531476.0
	19.0	20.0	21.0	22.0	23.0	24.0	25.0	26.0	27.0	28.0	29.0	30.0	31.0	32.0	33.0	34.0	35.0	36.0	37.0	38.0	39.0	40.0
Sor-CPnd_033-Ex1-2F-lcwgs-1-3.clmp.r2	1.0	109.0	719.0	1360.0	2035.0	3300.0	4603.0	5735.0	6603.0	7493.0	8521.0	9817.0	11341.0	13867.0	17395.0	23456.0	33602.0	53740.0	90137.0	237533.0	2220009.0	1128896.0
	20.0	21.0	22.0	23.0	24.0	25.0	26.0	27.0	28.0	29.0	30.0	31.0	32.0	33.0	34.0	35.0	36.0	37.0	38.0	39.0	40.0
Sor-CPnd_034-Ex1-4G-lcwgs-1-3.clmp.r1	5.0	104.0	355.0	795.0	1481.0	2115.0	2803.0	3246.0	3860.0	4648.0	5647.0	6552.0	8417.0	10645.0	14898.0	21245.0	35107.0	56624.0	135862.0	1140496.0	1382098.0
	20.0	21.0	22.0	23.0	24.0	25.0	26.0	27.0	28.0	29.0	30.0	31.0	32.0	33.0	34.0	35.0	36.0	37.0	38.0	39.0	40.0
Sor-CPnd_034-Ex1-4G-lcwgs-1-3.clmp.r2	65.0	439.0	897.0	1404.0	2193.0	2964.0	3655.0	4210.0	4845.0	5425.0	6395.0	7407.0	9430.0	11735.0	15912.0	23273.0	37454.0	63198.0	172604.0	1517880.0	945618.0
	20.0	21.0	22.0	23.0	24.0	25.0	26.0	27.0	28.0	29.0	30.0	31.0	32.0	33.0	34.0	35.0	36.0	37.0	38.0	39.0	40.0
Sor-CPnd_036-Ex1-5C-lcwgs-1-3.clmp.r1	30.0	426.0	1480.0	3305.0	6029.0	8730.0	11523.0	13487.0	16246.0	18669.0	22322.0	26118.0	33134.0	40370.0	55757.0	79835.0	130596.0	212442.0	515589.0	4430108.0	4565060.0
	19.0	20.0	21.0	22.0	23.0	24.0	25.0	26.0	27.0	28.0	29.0	30.0	31.0	32.0	33.0	34.0	35.0	36.0	37.0	38.0	39.0	40.0
Sor-CPnd_036-Ex1-5C-lcwgs-1-3.clmp.r2	4.0	296.0	1760.0	3635.0	5557.0	8793.0	11947.0	15415.0	17092.0	19844.0	22195.0	25612.0	29185.0	36651.0	45127.0	61470.0	87672.0	141711.0	237589.0	639776.0	5687950.0	3091975.0
	20.0	21.0	22.0	23.0	24.0	25.0	26.0	27.0	28.0	29.0	30.0	31.0	32.0	33.0	34.0	35.0	36.0	37.0	38.0	39.0	40.0
Sor-CPnd_037-Ex1-6C-lcwgs-1-3.clmp.r1	16.0	263.0	848.0	1883.0	3430.0	4927.0	6272.0	7321.0	8881.0	10318.0	12188.0	14201.0	17774.0	21853.0	29716.0	42505.0	68323.0	109784.0	262718.0	2260146.0	2414373.0
	20.0	21.0	22.0	23.0	24.0	25.0	26.0	27.0	28.0	29.0	30.0	31.0	32.0	33.0	34.0	35.0	36.0	37.0	38.0	39.0	40.0
Sor-CPnd_037-Ex1-6C-lcwgs-1-3.clmp.r2	153.0	1036.0	2196.0	3239.0	4761.0	6679.0	8215.0	9029.0	10677.0	11742.0	13890.0	15718.0	19567.0	24046.0	32722.0	46068.0	74313.0	124493.0	333423.0	2955005.0	1600768.0
	20.0	21.0	22.0	23.0	24.0	25.0	26.0	27.0	28.0	29.0	30.0	31.0	32.0	33.0	34.0	35.0	36.0	37.0	38.0	39.0	40.0
Sor-CPnd_038-Ex1-2A-lcwgs-1-3.clmp.r1	47.0	726.0	2286.0	4703.0	8288.0	11843.0	15226.0	17375.0	20864.0	23485.0	28197.0	33012.0	41083.0	50155.0	68297.0	97265.0	156832.0	256903.0	628959.0	6152652.0	4282711.0
	19.0	20.0	21.0	22.0	23.0	24.0	25.0	26.0	27.0	28.0	29.0	30.0	31.0	32.0	33.0	34.0	35.0	36.0	37.0	38.0	39.0	40.0
Sor-CPnd_038-Ex1-2A-lcwgs-1-3.clmp.r2	1.0	511.0	3096.0	5651.0	8221.0	12330.0	16218.0	20550.0	22952.0	26418.0	29185.0	34363.0	38985.0	48333.0	59018.0	79645.0	111257.0	178223.0	300090.0	804347.0	7408622.0	2692893.0
	20.0	21.0	22.0	23.0	24.0	25.0	26.0	27.0	28.0	29.0	30.0	31.0	32.0	33.0	34.0	35.0	36.0	37.0	38.0	39.0	40.0
Sor-CPnd_041-Ex1-7A-lcwgs-1-3.clmp.r1	54.0	733.0	2398.0	4674.0	7842.0	10846.0	14046.0	16344.0	20038.0	22868.0	28134.0	33586.0	42289.0	53263.0	74312.0	108835.0	178835.0	294671.0	729654.0	7379698.0	5912879.0
	19.0	20.0	21.0	22.0	23.0	24.0	25.0	26.0	27.0	28.0	29.0	30.0	31.0	32.0	33.0	34.0	35.0	36.0	37.0	38.0	39.0	40.0
Sor-CPnd_041-Ex1-7A-lcwgs-1-3.clmp.r2	2.0	366.0	2817.0	5860.0	8660.0	12268.0	15719.0	19395.0	21785.0	25381.0	28087.0	33036.0	38549.0	48056.0	60094.0	83194.0	120856.0	195935.0	333813.0	925159.0	9224596.0	3732371.0
	20.0	21.0	22.0	23.0	24.0	25.0	26.0	27.0	28.0	29.0	30.0	31.0	32.0	33.0	34.0	35.0	36.0	37.0	38.0	39.0	40.0
Sor-CPnd_043-Ex1-1D-lcwgs-1-3.clmp.r1	21.0	322.0	1101.0	2659.0	5020.0	7219.0	9472.0	11035.0	13220.0	15306.0	18581.0	21669.0	27430.0	34106.0	47016.0	68753.0	112611.0	186386.0	455288.0	4119066.0	3486194.0
	20.0	21.0	22.0	23.0	24.0	25.0	26.0	27.0	28.0	29.0	30.0	31.0	32.0	33.0	34.0	35.0	36.0	37.0	38.0	39.0	40.0
Sor-CPnd_043-Ex1-1D-lcwgs-1-3.clmp.r2	271.0	1521.0	3119.0	4885.0	7626.0	10652.0	13461.0	14987.0	17431.0	19425.0	22786.0	26348.0	32725.0	40349.0	55259.0	79722.0	128709.0	217070.0	588458.0	5107179.0	2250492.0
	20.0	21.0	22.0	23.0	24.0	25.0	26.0	27.0	28.0	29.0	30.0	31.0	32.0	33.0	34.0	35.0	36.0	37.0	38.0	39.0	40.0
Sor-CPnd_044-Ex1-8G-lcwgs-1-3.clmp.r1	23.0	505.0	1822.0	3733.0	6655.0	9751.0	12393.0	14583.0	17640.0	20228.0	24802.0	28995.0	36955.0	46115.0	63997.0	91733.0	148354.0	239915.0	567252.0	4742883.0	5339915.0
	20.0	21.0	22.0	23.0	24.0	25.0	26.0	27.0	28.0	29.0	30.0	31.0	32.0	33.0	34.0	35.0	36.0	37.0	38.0	39.0	40.0
Sor-CPnd_044-Ex1-8G-lcwgs-1-3.clmp.r2	278.0	2072.0	4461.0	6693.0	10140.0	13645.0	17118.0	18997.0	21938.0	24580.0	28819.0	33012.0	41276.0	51150.0	70471.0	99897.0	161781.0	269811.0	721298.0	6202691.0	3618121.0
	20.0	21.0	22.0	23.0	24.0	25.0	26.0	27.0	28.0	29.0	30.0	31.0	32.0	33.0	34.0	35.0	36.0	37.0	38.0	39.0	40.0
Sor-CPnd_045-Ex1-7B-lcwgs-1-3.clmp.r1	32.0	440.0	1481.0	3364.0	5938.0	8899.0	11437.0	13330.0	16162.0	18462.0	22251.0	26070.0	32842.0	41018.0	57270.0	82524.0	134913.0	222779.0	560042.0	5103233.0	3911986.0
	19.0	20.0	21.0	22.0	23.0	24.0	25.0	26.0	27.0	28.0	29.0	30.0	31.0	32.0	33.0	34.0	35.0	36.0	37.0	38.0	39.0	40.0
Sor-CPnd_045-Ex1-7B-lcwgs-1-3.clmp.r2	2.0	327.0	2038.0	4136.0	6142.0	9201.0	12850.0	15932.0	17946.0	21147.0	23326.0	27425.0	31687.0	39249.0	48708.0	66226.0	94855.0	153214.0	261762.0	722630.0	6239053.0	2476617.0
	20.0	21.0	22.0	23.0	24.0	25.0	26.0	27.0	28.0	29.0	30.0	31.0	32.0	33.0	34.0	35.0	36.0	37.0	38.0	39.0	40.0
Sor-CPnd_046-Ex1-5A-lcwgs-1-3.clmp.r1	14.0	153.0	497.0	1105.0	1839.0	2759.0	3454.0	4012.0	4967.0	5670.0	6857.0	8105.0	10155.0	12640.0	17443.0	25318.0	41649.0	68505.0	167914.0	1511462.0	1536813.0
	20.0	21.0	22.0	23.0	24.0	25.0	26.0	27.0	28.0	29.0	30.0	31.0	32.0	33.0	34.0	35.0	36.0	37.0	38.0	39.0	40.0
Sor-CPnd_046-Ex1-5A-lcwgs-1-3.clmp.r2	79.0	573.0	1237.0	1792.0	2762.0	3688.0	4561.0	5172.0	5978.0	6786.0	7855.0	8976.0	11221.0	13960.0	19148.0	27595.0	44600.0	74819.0	203652.0	1955495.0	1031382.0
	20.0	21.0	22.0	23.0	24.0	25.0	26.0	27.0	28.0	29.0	30.0	31.0	32.0	33.0	34.0	35.0	36.0	37.0	38.0	39.0	40.0
Sor-CPnd_049-Ex1-3B-lcwgs-1-3.clmp.r1	4.0	115.0	378.0	866.0	1463.0	2076.0	2652.0	3231.0	3905.0	4464.0	5349.0	6348.0	7905.0	9954.0	13945.0	20172.0	32878.0	54231.0	132861.0	1144977.0	1112854.0
	20.0	21.0	22.0	23.0	24.0	25.0	26.0	27.0	28.0	29.0	30.0	31.0	32.0	33.0	34.0	35.0	36.0	37.0	38.0	39.0	40.0
Sor-CPnd_049-Ex1-3B-lcwgs-1-3.clmp.r2	61.0	515.0	1034.0	1496.0	2220.0	2896.0	3718.0	3920.0	4710.0	5327.0	6107.0	7132.0	8971.0	11037.0	15290.0	22073.0	35725.0	60546.0	166057.0	1450704.0	751089.0
	20.0	21.0	22.0	23.0	24.0	25.0	26.0	27.0	28.0	29.0	30.0	31.0	32.0	33.0	34.0	35.0	36.0	37.0	38.0	39.0	40.0
Sor-CPnd_050-Ex1-3F-lcwgs-1-3.clmp.r1	20.0	387.0	1383.0	2914.0	5097.0	7451.0	9458.0	10982.0	13309.0	15330.0	18596.0	21691.0	27591.0	33897.0	46984.0	68022.0	111785.0	182287.0	437439.0	3800789.0	3837114.0
	19.0	20.0	21.0	22.0	23.0	24.0	25.0	26.0	27.0	28.0	29.0	30.0	31.0	32.0	33.0	34.0	35.0	36.0	37.0	38.0	39.0	40.0
Sor-CPnd_050-Ex1-3F-lcwgs-1-3.clmp.r2	1.0	243.0	1708.0	3561.0	5321.0	7709.0	10187.0	12892.0	14276.0	17234.0	18851.0	22104.0	25247.0	31351.0	39092.0	53001.0	76076.0	122868.0	206675.0	558126.0	4952349.0	2473654.0
	20.0	21.0	22.0	23.0	24.0	25.0	26.0	27.0	28.0	29.0	30.0	31.0	32.0	33.0	34.0	35.0	36.0	37.0	38.0	39.0	40.0
Sor-CPnd_052-Ex1-6D-lcwgs-1-3.clmp.r1	18.0	292.0	920.0	2005.0	3668.0	5234.0	6651.0	7697.0	9509.0	10820.0	13129.0	15584.0	19398.0	24220.0	33512.0	48070.0	77791.0	125471.0	296300.0	2500447.0	2976200.0
	19.0	20.0	21.0	22.0	23.0	24.0	25.0	26.0	27.0	28.0	29.0	30.0	31.0	32.0	33.0	34.0	35.0	36.0	37.0	38.0	39.0	40.0
Sor-CPnd_052-Ex1-6D-lcwgs-1-3.clmp.r2	1.0	122.0	1042.0	2230.0	3287.0	5102.0	6884.0	8578.0	9691.0	11152.0	12374.0	14288.0	16372.0	20649.0	25720.0	34645.0	49589.0	80346.0	133407.0	352214.0	3282661.0	2106582.0
	20.0	21.0	22.0	23.0	24.0	25.0	26.0	27.0	28.0	29.0	30.0	31.0	32.0	33.0	34.0	35.0	36.0	37.0	38.0	39.0	40.0
Sor-CPnd_053-Ex1-2C-lcwgs-1-3.clmp.r1	13.0	283.0	921.0	1931.0	3293.0	4795.0	6161.0	7234.0	8668.0	9798.0	11787.0	13705.0	17388.0	21329.0	29062.0	41661.0	67204.0	109909.0	272109.0	2501992.0	1837474.0
	19.0	20.0	21.0	22.0	23.0	24.0	25.0	26.0	27.0	28.0	29.0	30.0	31.0	32.0	33.0	34.0	35.0	36.0	37.0	38.0	39.0	40.0
Sor-CPnd_053-Ex1-2C-lcwgs-1-3.clmp.r2	1.0	188.0	1096.0	2142.0	3280.0	4681.0	6519.0	8134.0	9091.0	10749.0	11781.0	13760.0	15688.0	19278.0	24075.0	32820.0	46352.0	74154.0	125003.0	335236.0	2920430.0	1302259.0
	20.0	21.0	22.0	23.0	24.0	25.0	26.0	27.0	28.0	29.0	30.0	31.0	32.0	33.0	34.0	35.0	36.0	37.0	38.0	39.0	40.0
Sor-CPnd_054-Ex1-8F-lcwgs-1-3.clmp.r1	2.0	73.0	290.0	537.0	1052.0	1501.0	1989.0	2417.0	2888.0	3421.0	4242.0	5032.0	6553.0	8058.0	11236.0	16454.0	27339.0	44474.0	108519.0	879686.0	1096672.0
	20.0	21.0	22.0	23.0	24.0	25.0	26.0	27.0	28.0	29.0	30.0	31.0	32.0	33.0	34.0	35.0	36.0	37.0	38.0	39.0	40.0
Sor-CPnd_054-Ex1-8F-lcwgs-1-3.clmp.r2	42.0	281.0	706.0	1116.0	1686.0	2299.0	2845.0	3084.0	3674.0	4071.0	4949.0	5480.0	6934.0	8969.0	12173.0	17727.0	29188.0	48682.0	134445.0	1159681.0	774403.0
	20.0	21.0	22.0	23.0	24.0	25.0	26.0	27.0	28.0	29.0	30.0	31.0	32.0	33.0	34.0	35.0	36.0	37.0	38.0	39.0	40.0
Sor-CPnd_055-Ex1-7G-lcwgs-1-3.clmp.r1	16.0	309.0	1113.0	2562.0	4745.0	6965.0	8818.0	10382.0	12622.0	14737.0	17845.0	20745.0	26915.0	33701.0	46965.0	68401.0	111181.0	180640.0	439180.0	3597386.0	3803172.0
	19.0	20.0	21.0	22.0	23.0	24.0	25.0	26.0	27.0	28.0	29.0	30.0	31.0	32.0	33.0	34.0	35.0	36.0	37.0	38.0	39.0	40.0
Sor-CPnd_055-Ex1-7G-lcwgs-1-3.clmp.r2	1.0	140.0	1185.0	2733.0	4334.0	6873.0	9408.0	11897.0	13291.0	15205.0	16966.0	19910.0	22813.0	28914.0	36070.0	49603.0	71363.0	116627.0	195430.0	525932.0	4498493.0	2761212.0
	20.0	21.0	22.0	23.0	24.0	25.0	26.0	27.0	28.0	29.0	30.0	31.0	32.0	33.0	34.0	35.0	36.0	37.0	38.0	39.0	40.0
Sor-CPnd_058-Ex1-2G-lcwgs-1-3.clmp.r1	12.0	230.0	789.0	1729.0	3080.0	4497.0	5654.0	6627.0	7906.0	9099.0	10799.0	12698.0	15661.0	19840.0	26866.0	38607.0	62039.0	99406.0	241229.0	2120586.0	1904408.0
	20.0	21.0	22.0	23.0	24.0	25.0	26.0	27.0	28.0	29.0	30.0	31.0	32.0	33.0	34.0	35.0	36.0	37.0	38.0	39.0	40.0
Sor-CPnd_058-Ex1-2G-lcwgs-1-3.clmp.r2	107.0	762.0	1520.0	2511.0	3887.0	5621.0	6969.0	7672.0	8725.0	9790.0	11291.0	13275.0	16448.0	19763.0	27599.0	39274.0	63349.0	104808.0	275065.0	2483418.0	1489908.0
	20.0	21.0	22.0	23.0	24.0	25.0	26.0	27.0	28.0	29.0	30.0	31.0	32.0	33.0	34.0	35.0	36.0	37.0	38.0	39.0	40.0
Sor-CPnd_063-Ex1-7D-lcwgs-1-3.clmp.r1	20.0	347.0	1147.0	2717.0	4968.0	7170.0	9307.0	10841.0	13426.0	15451.0	19014.0	22468.0	28933.0	36633.0	50971.0	74535.0	122997.0	202761.0	504381.0	4252472.0	4032965.0
	20.0	21.0	22.0	23.0	24.0	25.0	26.0	27.0	28.0	29.0	30.0	31.0	32.0	33.0	34.0	35.0	36.0	37.0	38.0	39.0	40.0
Sor-CPnd_063-Ex1-7D-lcwgs-1-3.clmp.r2	195.0	1385.0	3089.0	4935.0	7505.0	10167.0	12628.0	14179.0	16828.0	18510.0	21973.0	25274.0	31669.0	39536.0	55104.0	79086.0	128373.0	216985.0	588875.0	5103697.0	3033531.0
	20.0	21.0	22.0	23.0	24.0	25.0	26.0	27.0	28.0	29.0	30.0	31.0	32.0	33.0	34.0	35.0	36.0	37.0	38.0	39.0	40.0
Sor-CPnd_066-Ex1-8B-lcwgs-1-3.clmp.r1	2.0	17.0	53.0	85.0	136.0	201.0	234.0	306.0	369.0	476.0	514.0	637.0	785.0	1026.0	1452.0	2146.0	3604.0	6143.0	15501.0	123770.0	106427.0
	20.0	21.0	22.0	23.0	24.0	25.0	26.0	27.0	28.0	29.0	30.0	31.0	32.0	33.0	34.0	35.0	36.0	37.0	38.0	39.0	40.0
Sor-CPnd_066-Ex1-8B-lcwgs-1-3.clmp.r2	7.0	45.0	82.0	131.0	215.0	309.0	361.0	399.0	454.0	544.0	600.0	715.0	903.0	1126.0	1582.0	2290.0	3777.0	6596.0	19058.0	151394.0	73296.0
	20.0	21.0	22.0	23.0	24.0	25.0	26.0	27.0	28.0	29.0	30.0	31.0	32.0	33.0	34.0	35.0	36.0	37.0	38.0	39.0	40.0
Sor-CPnd_069-Ex1-6B-lcwgs-1-3.clmp.r1	18.0	260.0	888.0	1849.0	3290.0	4645.0	6089.0	7087.0	8542.0	9503.0	11613.0	13251.0	16879.0	20411.0	28019.0	39973.0	64563.0	103829.0	246241.0	2206033.0	2212960.0
	20.0	21.0	22.0	23.0	24.0	25.0	26.0	27.0	28.0	29.0	30.0	31.0	32.0	33.0	34.0	35.0	36.0	37.0	38.0	39.0	40.0
Sor-CPnd_069-Ex1-6B-lcwgs-1-3.clmp.r2	182.0	985.0	2059.0	3026.0	4758.0	6236.0	8050.0	9021.0	10333.0	11491.0	13415.0	15344.0	18768.0	22873.0	31123.0	44337.0	70710.0	118408.0	316731.0	2907963.0	1390130.0
	20.0	21.0	22.0	23.0	24.0	25.0	26.0	27.0	28.0	29.0	30.0	31.0	32.0	33.0	34.0	35.0	36.0	37.0	38.0	39.0	40.0
Sor-CPnd_072-Ex1-8C-lcwgs-1-3.clmp.r1	35.0	610.0	1897.0	4266.0	7634.0	11155.0	14355.0	16437.0	19848.0	23078.0	27723.0	32749.0	40772.0	50599.0	69537.0	99783.0	162224.0	267018.0	657308.0	5939051.0	4682269.0
	19.0	20.0	21.0	22.0	23.0	24.0	25.0	26.0	27.0	28.0	29.0	30.0	31.0	32.0	33.0	34.0	35.0	36.0	37.0	38.0	39.0	40.0
Sor-CPnd_072-Ex1-8C-lcwgs-1-3.clmp.r2	2.0	608.0	3213.0	5617.0	8337.0	12341.0	16576.0	20837.0	23002.0	26766.0	29945.0	35019.0	40098.0	50287.0	61607.0	83561.0	118388.0	191662.0	326557.0	892253.0	7328657.0	2853015.0

