Sample	0.0	1.0	2.0	3.0	4.0	5.0	6.0	7.0	8.0	9.0	10.0	11.0	12.0	13.0	14.0	15.0	16.0	17.0	18.0	19.0	20.0	21.0	22.0	23.0	24.0	25.0	26.0	27.0	28.0	29.0	30.0	31.0	32.0	33.0	34.0	35.0	36.0	37.0	38.0	39.0	40.0	41.0	42.0	43.0	44.0	45.0	46.0	47.0	48.0	49.0	50.0	51.0	52.0	53.0	54.0	55.0	56.0	57.0	58.0	59.0	60.0	61.0	62.0	63.0	64.0	65.0	66.0	67.0	68.0	69.0	70.0	71.0	72.0	73.0	74.0	75.0	76.0	77.0	78.0	79.0	80.0	81.0	82.0	83.0	84.0	85.0	86.0	87.0	88.0	89.0	90.0	91.0	92.0	93.0	94.0	95.0	96.0	97.0	98.0	99.0	100.0
Sor-ACeb_001-Ex1-8E-lcwgs-1-3-L2-1	4.0	5.5	8.5	18.5	32.5	51.5	85.0	135.0	195.0	286.0	399.5	548.0	785.0	1162.0	1865.5	2981.0	4636.0	7108.5	10588.5	15213.0	20928.0	27768.5	35437.0	43872.5	52697.5	61902.0	71637.0	81361.0	91297.0	100797.0	109455.0	118314.0	126802.5	134413.0	140400.0	143166.0	144261.0	143363.5	140217.0	135979.5	129112.5	119522.0	108959.5	98121.5	87510.5	76984.0	66610.0	57033.0	48362.0	40640.5	34061.0	28312.5	23088.0	18845.5	15275.5	12379.5	10193.5	8579.0	7395.5	6557.0	5969.0	5596.5	5326.5	5175.5	5211.5	5161.5	5127.0	5505.0	6908.0	9176.5	9781.0	8206.0	6427.5	5113.0	4193.0	3467.0	2817.5	2242.0	1797.5	946.0	260.5	161.5	105.0	87.0	51.5	22.5	10.5	8.0	6.0	5.0	5.0	3.0	5.5	5.5	8.0	15.5	24.0	77.5	215.5	204.5	57.5
Sor-ACeb_001-Ex1-8E-lcwgs-1-3-L2-2	7.0	9.0	14.5	14.5	17.0	39.0	71.5	124.0	184.0	275.0	377.0	504.5	758.5	1158.0	1798.5	2867.0	4456.0	6866.0	10334.5	14754.0	20419.0	27304.0	34664.0	42785.5	51394.0	59892.5	68788.5	78667.0	88940.0	98485.5	107516.0	116351.5	125004.5	132877.0	138814.5	142262.5	143541.0	142974.0	140700.5	136740.0	130383.0	121874.5	111669.5	100828.5	90323.0	79797.5	69333.5	59312.5	50225.0	42101.5	34749.0	28549.0	23310.5	18587.0	14779.0	11894.0	9723.5	8089.5	7004.0	6267.0	5717.0	5383.5	5318.0	5195.5	5017.0	4985.5	4837.0	4651.5	4390.0	4066.0	3691.0	3252.5	2756.5	2261.5	1826.0	1386.0	1042.5	816.5	597.5	416.0	286.5	207.0	174.0	136.5	122.0	111.0	90.5	90.5	95.0	97.0	99.0	86.0	76.5	81.5	79.5	69.0	72.5	114.0	212.0	663.0	20808.0
Sor-ACeb_001-Ex1-8E-lcwgs-1-3-L3-1	6.0	4.0	7.0	17.5	27.5	43.0	72.0	123.0	169.0	235.0	343.5	472.5	675.0	1039.0	1642.0	2617.0	4030.0	5995.0	8725.0	12640.5	17729.0	23473.5	29616.0	36327.0	43539.5	50990.0	59008.0	66807.0	74331.5	81705.0	88732.0	95661.5	102088.0	107505.0	111479.0	113693.5	113682.5	112523.5	109909.5	106090.5	100632.5	92516.5	83872.5	75152.0	66692.0	58349.5	50219.5	43146.0	36678.5	30824.0	25716.5	21095.5	17130.0	13747.5	10818.0	8560.0	6914.5	5691.0	4824.0	4313.5	3862.5	3634.0	3578.0	3578.0	3814.0	4299.5	5077.0	6151.0	7034.0	6959.0	5979.5	4663.5	3466.0	2579.0	1899.0	1351.0	971.0	704.5	481.5	287.5	147.5	95.5	62.5	31.5	21.5	15.0	12.0	11.0	6.0	2.0	1.5	1.0	2.0	1.5	1.0	3.0	10.5	28.0	90.5	84.5	14.5
Sor-ACeb_001-Ex1-8E-lcwgs-1-3-L3-2	4.0	3.5	7.5	14.5	21.5	38.5	73.0	134.5	186.0	245.0	330.5	455.0	649.5	996.5	1565.0	2421.5	3810.5	5853.5	8708.0	12401.5	17127.5	22862.0	29072.0	35505.0	42124.0	49132.5	56829.5	64519.5	72169.5	79689.0	86768.0	93742.0	100421.0	106585.5	110784.5	112952.5	113590.0	112925.5	110930.0	107301.0	102229.0	94940.0	86554.5	77975.0	69232.5	60339.0	51923.5	44379.0	37469.5	31181.5	25652.5	21013.0	16820.0	13413.5	10602.0	8397.5	6809.5	5657.5	4942.5	4393.0	3903.0	3659.0	3528.5	3434.5	3410.0	3353.5	3199.5	3090.5	2975.0	2747.0	2512.0	2140.5	1795.5	1524.0	1260.0	1020.0	809.0	661.0	531.0	464.0	446.5	432.0	447.0	467.5	470.0	458.0	444.0	415.5	418.0	412.0	381.5	390.0	381.0	327.5	316.5	349.5	399.5	556.0	1041.0	2407.5	9765.5
Sor-ACeb_002-Ex1-9E-lcwgs-1-3-L2-1	1.0	1.5	3.5	9.5	12.5	13.5	19.0	29.0	51.0	68.0	97.5	141.0	189.0	301.5	474.5	724.5	1228.5	2063.5	3311.0	5185.0	7921.0	11698.5	16247.5	21778.5	28792.5	37375.5	47473.0	58953.0	71727.5	84927.0	99595.5	116286.0	133585.5	151503.5	168647.5	183097.0	194764.5	203721.0	211434.5	217231.5	218293.5	212593.5	202742.0	191866.5	180040.5	166674.0	152352.5	138681.0	124930.0	111119.5	98108.0	84930.0	71826.5	60107.5	49501.5	40658.5	33896.5	28641.0	24736.0	22296.0	20770.5	19919.5	19341.0	19038.0	19088.5	19355.0	20201.5	23151.0	32326.5	42919.0	39089.0	26593.5	18717.0	13900.0	10397.5	7600.5	5499.0	3782.0	2470.5	1530.5	914.5	565.0	352.5	234.5	128.0	62.5	43.5	25.0	18.0	13.5	13.5	13.0	10.0	17.5	32.5	63.0	131.0	337.0	919.5	921.0	268.0
Sor-ACeb_002-Ex1-9E-lcwgs-1-3-L2-2	1.0	0.5	2.5	8.5	12.5	17.5	20.0	27.5	40.5	71.0	97.0	118.5	189.0	290.0	439.5	723.0	1222.5	2023.0	3302.0	5216.5	7927.0	11592.5	16227.0	21779.0	28425.0	36837.5	46648.5	57576.0	69940.5	82917.5	97259.0	113994.5	131531.5	149318.0	166120.0	180344.0	192159.5	201968.5	210698.0	216978.5	218766.0	213680.0	204470.0	194779.5	183142.5	170031.0	155869.5	141106.0	126966.5	112402.0	97836.0	84118.5	70616.0	58714.5	48522.0	39725.0	32955.0	27880.5	24187.5	21824.5	20267.5	19423.0	19076.0	18859.0	18628.5	18247.5	17901.0	17464.5	16691.0	15177.5	13504.5	11924.0	10179.5	8557.5	6902.0	5360.0	4011.5	2943.0	2102.0	1461.0	1090.0	793.5	586.0	459.0	368.0	305.0	286.0	282.0	258.0	253.5	273.0	279.0	264.5	252.5	238.0	224.0	252.0	360.0	628.0	1981.0	63635.0
Sor-ACeb_002-Ex1-9E-lcwgs-1-3-L3-1	4.0	3.0	1.5	2.0	6.5	9.5	14.0	22.0	34.5	51.0	76.0	112.0	168.5	248.0	407.0	687.0	1104.0	1789.5	2844.5	4383.0	6582.5	9589.5	13310.0	17881.5	23736.0	30818.0	39053.5	48344.0	58409.0	69241.0	81594.5	95110.5	108719.5	122900.5	136400.5	147429.5	155841.0	162932.0	169400.0	174156.0	174031.0	168080.0	160461.5	151997.5	142418.5	132174.5	121190.5	110451.0	99451.5	88456.0	78095.0	67378.5	56244.0	46226.0	37869.5	31015.0	25718.5	21610.0	18745.0	17033.0	16037.0	15773.5	16236.5	17376.5	19202.0	21850.5	25035.5	27406.5	27851.0	25500.0	20690.5	15758.0	11844.0	8826.0	6672.5	4982.5	3596.0	2528.0	1722.0	1112.0	692.0	437.5	279.0	155.5	88.0	64.0	42.0	29.5	22.5	17.0	10.5	6.0	5.0	4.5	8.0	14.5	27.5	112.5	340.0	322.0	79.0
Sor-ACeb_002-Ex1-9E-lcwgs-1-3-L3-2	1.0	1.0	2.0	5.0	12.5	17.0	18.5	28.5	45.5	65.5	96.5	120.5	166.0	268.5	396.5	637.5	1041.5	1684.0	2766.0	4365.5	6547.0	9352.0	13113.5	17804.5	23267.0	30096.5	38149.5	47025.0	56838.5	67434.5	79378.5	92644.5	106539.0	121001.0	134251.0	145321.5	154348.5	162450.0	169895.0	174668.0	175250.5	170533.0	163056.5	154953.0	145579.5	134739.0	123361.5	111707.5	99475.0	87698.5	76797.0	66118.5	55535.5	45596.5	37169.0	30663.0	25617.0	21629.0	18776.0	17157.0	16154.5	15553.5	15325.0	15471.0	15649.5	15339.5	15010.5	14616.0	13881.5	12908.0	11704.0	10338.0	8871.5	7424.0	5943.5	4687.5	3777.5	2993.0	2415.5	2091.0	1913.0	1838.0	1790.5	1738.5	1678.5	1596.0	1544.5	1515.0	1394.0	1344.0	1327.0	1227.5	1160.5	1084.0	1043.5	1069.0	1203.5	1760.0	3340.5	7458.0	29791.5
Sor-ACeb_003-Ex1-10E-lcwgs-1-3-L2-1	1.0	0.5	0.0	1.0	3.0	6.0	10.5	19.5	31.0	45.0	72.0	121.0	206.5	366.0	648.5	1168.5	2078.0	3472.5	5748.0	9128.5	13578.0	19458.5	27020.5	36453.0	48013.0	61888.5	77724.5	95067.5	114490.5	135945.5	159064.5	184411.5	211595.5	239729.0	268728.0	296935.0	323106.5	346904.0	367529.0	381477.5	387050.0	386608.0	378419.0	362822.5	343592.0	319522.0	292552.5	265944.0	239574.5	214861.5	191298.0	166205.0	140088.5	115721.5	93334.5	73343.5	56649.0	43172.5	32216.0	23696.5	17222.5	12438.5	9280.0	7291.5	6384.0	6573.5	7976.0	10317.5	12999.5	14087.5	11790.5	7710.5	4413.0	2489.0	1503.5	1008.5	688.0	461.0	317.5	203.0	133.5	78.5	41.5	31.0	22.5	13.0	9.5	9.5	8.5	6.0	7.5	7.5	8.5	11.5	11.0	20.0	34.5	59.0	161.5	170.0	53.0
Sor-ACeb_003-Ex1-10E-lcwgs-1-3-L2-2	0.0	1.0	2.0	3.5	5.5	8.5	13.0	22.5	35.0	53.0	82.5	125.5	201.5	362.5	667.0	1165.5	1981.0	3457.0	5708.5	8945.5	13498.5	19331.0	26622.5	35904.5	46966.5	60233.0	75213.0	91768.5	110516.5	131308.0	154593.0	180249.5	207566.0	235932.5	264188.0	291363.5	317379.5	341923.5	363184.5	379120.0	388698.0	391173.0	387401.5	377092.5	360408.5	338257.0	311600.0	282710.0	251737.0	219607.0	188104.5	157851.5	129866.0	104334.0	82408.0	64467.0	49646.5	37889.5	28721.0	21554.5	15996.5	11760.0	8793.0	6753.0	5275.5	4238.5	3524.0	3082.5	2608.0	2205.5	1946.0	1661.5	1345.0	1159.5	1003.5	779.5	647.5	539.0	424.5	357.0	299.5	261.5	246.5	215.0	198.0	201.5	209.0	199.5	204.5	199.0	181.0	178.5	183.0	178.5	161.0	159.5	157.5	222.5	402.5	1304.5	36667.0
Sor-ACeb_003-Ex1-10E-lcwgs-1-3-L3-1	0.0	0.5	1.0	1.5	2.5	4.5	6.0	13.0	29.5	44.5	68.0	112.5	196.5	314.0	566.5	1029.5	1749.5	2961.0	4916.5	7775.5	11486.5	16509.5	22886.5	30689.0	40361.5	51644.0	64445.5	78703.5	94745.0	112338.5	131537.5	152464.5	174786.5	197519.0	220295.5	243314.0	264364.5	282682.5	298625.0	310912.5	317213.0	317450.0	312009.0	301667.5	287158.0	269663.0	249329.5	225022.0	198678.0	171566.5	144978.0	119053.0	94903.5	74107.0	57039.5	43441.5	32776.5	24757.5	18707.0	14692.5	12489.5	11804.0	11950.0	11802.5	10803.5	9210.0	7432.0	5711.5	4230.5	3117.0	2264.0	1597.5	1161.5	864.0	649.5	501.0	367.5	253.0	186.5	134.0	86.0	54.5	41.0	34.5	22.0	16.5	17.5	18.5	14.5	9.0	6.5	4.5	3.0	2.0	3.0	4.5	8.5	26.0	77.5	67.5	11.5
Sor-ACeb_003-Ex1-10E-lcwgs-1-3-L3-2	0.0	0.5	2.5	3.5	6.0	8.5	8.5	12.5	24.5	41.0	73.5	128.0	203.5	316.5	556.0	989.5	1673.0	2928.5	4868.5	7583.5	11288.0	16248.0	22485.5	30057.5	39159.5	49865.0	62279.5	75883.0	91105.5	108036.5	127029.5	148749.0	170911.5	193936.0	217369.0	239182.0	259500.5	277853.5	294690.5	308056.0	316007.5	317868.0	313312.5	303449.5	288645.0	269931.0	247958.0	222636.0	196147.0	169993.5	145505.5	123019.5	101551.0	81650.0	64022.0	49447.5	38079.0	28925.5	21449.5	15932.0	11928.0	8981.0	6828.0	5342.0	4326.5	3591.5	3018.0	2515.0	2170.0	1926.0	1681.0	1446.0	1219.5	1041.5	899.5	782.5	726.5	726.0	758.0	818.5	870.5	895.0	922.5	938.5	963.0	957.5	890.5	839.5	837.5	780.0	737.5	705.5	649.0	643.5	625.0	628.0	692.0	957.0	1853.0	4106.5	17180.0
Sor-ACeb_004-Ex1-11E-lcwgs-1-3-L2-1	6.0	6.5	8.0	9.0	10.0	21.0	33.0	47.0	73.5	118.5	181.5	262.5	363.5	577.5	992.5	1696.0	2992.0	5277.0	8992.5	14546.0	22651.5	33935.0	48201.5	66808.0	89916.0	119054.0	153253.0	191853.5	236418.0	284604.5	339260.5	399299.0	462382.0	528655.5	592083.0	647974.5	696793.5	737591.0	773582.0	800516.0	806542.0	788485.0	753762.5	709932.5	659604.5	603780.0	543332.5	481938.0	422078.5	366317.0	316356.0	268208.0	221116.5	181308.0	148575.0	121084.5	98213.0	80209.0	66168.5	55152.0	47198.5	41019.0	36367.0	33097.5	30614.5	28999.0	28405.5	31081.5	43805.0	70775.0	85801.0	78109.5	67549.5	59079.0	52025.5	46010.5	41485.5	38064.0	34222.0	17126.5	2041.0	1310.5	1018.5	1105.5	746.5	226.5	78.5	45.0	31.5	33.0	36.0	35.0	50.0	77.5	113.0	195.5	423.0	1132.0	3112.0	3051.0	830.5
Sor-ACeb_004-Ex1-11E-lcwgs-1-3-L2-2	7.0	7.5	13.5	14.0	13.0	29.5	47.0	60.5	88.5	129.0	174.5	258.0	393.0	625.0	1038.0	1725.0	3002.0	5234.0	8936.5	14430.0	22461.5	33836.0	48245.5	66284.0	88794.0	117382.5	150580.0	187787.5	230466.0	277042.0	329046.0	388578.5	452735.0	518523.0	580627.0	636345.5	686432.0	730159.0	770432.5	800236.5	809969.0	796223.5	765553.0	727274.0	681105.5	627049.5	566901.5	503254.5	439738.5	378382.5	321750.0	268642.0	218037.0	174905.0	139075.0	109500.0	86481.0	68949.0	55768.5	46529.5	39780.0	34718.0	31490.0	29195.5	27612.0	26294.5	24762.0	23454.5	22012.0	20085.0	18114.0	15889.5	13609.5	11451.0	9234.5	7362.0	5888.5	4461.5	3325.5	2470.0	1927.5	1557.0	1257.0	1145.5	1087.0	1051.0	1034.5	996.5	998.0	1000.0	999.5	1023.5	971.0	895.0	835.5	809.5	855.0	1241.5	2460.5	8441.5	273732.5
Sor-ACeb_004-Ex1-11E-lcwgs-1-3-L3-1	3.0	5.5	7.0	6.0	10.5	18.5	27.5	41.0	80.0	110.5	151.0	240.5	345.0	533.0	874.0	1486.5	2600.0	4448.0	7522.5	12352.0	19219.5	28493.0	40700.5	56841.5	76211.0	100935.5	129881.0	161530.0	197790.0	237788.0	282581.5	331750.0	383797.5	438063.0	489998.5	535481.0	574149.0	605981.5	633876.5	653673.0	656254.5	639025.5	609155.5	572950.0	532580.5	487447.0	437827.0	389303.5	342170.5	298361.5	259898.5	220476.5	180457.5	145813.5	116182.5	91509.5	71917.5	56970.0	46097.5	38147.0	32677.0	29041.5	26941.5	26532.0	28163.5	32694.5	41400.0	55293.0	71238.5	80041.5	74390.0	58834.5	43147.5	31048.0	22341.5	15955.5	11180.0	7640.0	4818.0	2463.0	1089.0	695.0	424.0	247.5	154.0	111.0	78.5	60.0	54.0	37.5	25.5	16.5	10.5	15.5	21.5	39.5	120.0	414.0	1196.5	1101.0	235.0
Sor-ACeb_004-Ex1-11E-lcwgs-1-3-L3-2	1.0	3.0	7.5	12.5	21.5	32.0	44.0	69.0	88.5	104.5	155.5	238.5	354.5	532.0	882.5	1508.0	2565.0	4362.5	7461.5	12374.0	19072.5	28204.5	40519.0	56217.0	75025.0	98674.0	126480.5	157578.0	192426.5	230559.5	273977.5	322150.5	374270.0	429246.5	480743.5	526162.0	565855.5	601362.0	634142.5	656911.5	664168.0	652432.5	625124.0	591161.0	551500.0	505486.0	454276.5	400651.5	347846.5	298253.0	253601.5	211502.0	171914.0	137247.5	107950.0	84966.0	66954.5	53285.0	43382.5	36253.0	31401.0	28027.5	25771.0	24249.0	23210.5	22416.5	21418.0	20366.0	19355.0	17815.5	15973.0	14200.0	12387.5	10419.5	8663.0	7331.0	6296.0	5779.0	5783.5	6004.5	6477.0	7066.0	7551.0	7918.5	8234.0	8607.0	8845.0	8821.0	8651.0	8218.5	7516.5	6749.5	5985.5	5369.5	5020.5	4883.5	5099.5	6977.5	13590.5	30725.5	124031.5
Sor-ACeb_005-Ex1-12E-lcwgs-1-3-L2-1	18.0	12.5	6.5	7.0	10.0	15.0	18.5	23.0	32.5	61.0	95.0	120.5	194.5	339.0	555.0	922.0	1540.0	2475.5	4046.5	6496.0	9970.0	14648.0	20776.0	28061.5	36956.5	48883.5	63095.0	79181.5	98609.0	120759.0	146564.5	176139.5	206946.0	240527.5	272863.0	300447.0	323603.0	343766.0	361241.5	371518.5	369519.0	356038.5	337230.5	315997.5	294151.5	272090.5	251028.5	232590.0	214672.5	196973.5	181501.0	165071.5	147016.0	132290.0	122439.5	116383.0	114800.5	118284.5	126930.5	139441.5	153901.0	169582.5	186016.0	202621.5	218176.5	234509.0	251483.0	266390.0	273041.0	256441.0	215040.5	169862.0	134551.5	106430.5	83358.5	64090.5	47564.0	33967.0	23080.0	15219.5	9817.0	6007.0	3463.0	1969.0	1095.0	534.0	294.0	178.0	104.5	72.5	66.5	69.0	67.5	82.0	131.5	225.0	443.0	1154.0	3219.0	3149.0	840.5
Sor-ACeb_005-Ex1-12E-lcwgs-1-3-L2-2	32.0	20.0	10.0	11.5	14.5	17.0	17.0	29.0	43.0	67.5	102.0	132.5	187.0	333.5	564.5	882.0	1514.5	2528.0	4123.0	6547.0	9910.0	14635.5	20668.0	27772.5	36461.5	47895.5	61502.5	77225.0	95970.5	116799.0	141531.0	170859.5	202378.5	234948.5	265286.0	292786.0	317823.0	339618.5	358752.5	370879.5	370510.5	357986.5	339247.0	318418.0	296817.5	275517.5	254566.5	234028.0	214783.5	196280.5	179646.0	163097.5	145726.5	132177.0	122504.5	116549.0	115520.0	119019.5	126619.5	137579.0	151301.0	166503.0	180304.0	192966.5	203464.5	209666.0	211418.0	208835.5	200576.5	186875.0	168894.5	147846.5	126587.0	104253.0	83075.5	64540.0	47979.0	34332.5	23708.5	15949.0	10451.5	6854.5	4329.0	2817.0	2013.5	1505.5	1241.5	1105.5	1029.0	1003.0	1004.0	1005.0	1020.0	996.0	950.0	947.5	1005.0	1337.5	2325.5	6806.0	206681.0
Sor-ACeb_005-Ex1-12E-lcwgs-1-3-L3-1	15.0	9.5	6.0	7.0	7.5	9.5	12.5	20.0	31.0	50.0	62.5	88.0	159.0	256.0	457.0	740.0	1155.0	1960.0	3302.0	5242.5	7917.5	11750.0	16768.5	22530.0	29905.0	39574.5	50749.5	63877.0	79659.0	97442.5	118786.5	142418.0	166312.0	192457.0	218101.5	240423.0	258824.5	274229.5	287349.0	296090.0	295473.0	284244.0	268857.5	252531.0	235375.5	217564.0	201074.5	185805.0	170235.5	155812.5	142840.0	129462.5	115568.5	104616.0	97433.0	93165.5	92933.5	96923.0	105886.5	121584.0	144479.0	171053.5	193563.0	206181.5	209059.5	205958.0	199162.0	189498.5	176931.0	161604.0	144187.0	125592.0	106843.0	87445.5	69131.0	53468.5	39854.0	28375.5	19420.0	12889.5	8252.5	5019.5	2863.0	1612.0	900.5	453.0	226.5	132.5	71.0	45.0	25.5	16.5	17.0	15.5	21.0	38.5	107.5	418.5	1306.5	1197.5	232.0
Sor-ACeb_005-Ex1-12E-lcwgs-1-3-L3-2	17.0	10.0	6.5	11.0	16.0	19.0	16.0	24.0	43.0	64.0	91.0	111.0	157.0	264.5	439.0	689.5	1187.0	2058.0	3256.0	5139.0	7992.0	11725.0	16402.5	22112.5	29147.5	38638.5	49674.5	61814.0	77163.5	94174.5	113993.5	137759.0	162889.0	188360.0	211947.0	234233.5	254176.0	270771.5	285977.0	296372.5	296531.0	285823.0	269866.5	253015.0	236150.5	218759.5	201028.5	185469.0	171013.0	156580.0	143319.5	129996.5	116891.5	106586.5	99355.0	94611.0	94168.0	97767.0	103801.5	113152.5	125173.5	137560.0	150085.0	161779.5	170463.0	175977.5	178155.0	175755.5	168822.5	157707.0	142757.5	125993.0	107955.5	88721.0	70906.0	55305.0	41784.5	31036.0	22522.5	16413.0	12598.0	10013.5	8211.5	7095.0	6324.5	5806.5	5454.0	5232.5	4952.5	4547.0	4232.5	3947.0	3704.5	3501.5	3352.0	3440.5	3851.5	5382.5	10268.0	22786.5	93621.5
Sor-ACeb_006-Ex1-1F-lcwgs-1-3-L2-1	2.0	2.5	3.5	3.5	8.5	14.5	22.5	41.0	55.5	87.0	134.5	220.5	343.5	537.5	873.0	1495.0	2668.0	4517.5	7715.0	12909.0	20807.5	32097.5	47725.0	68962.0	98279.5	142431.0	190468.5	243474.0	313158.0	399361.5	508056.0	637742.5	783791.0	946381.0	1116174.5	1279890.5	1435411.0	1582914.0	1726175.5	1850688.5	1921460.5	1927017.0	1894288.5	1837019.5	1753151.5	1649083.0	1526717.0	1392946.0	1252851.0	1112850.5	982709.5	844841.5	700885.5	577256.5	474836.0	388320.5	318222.5	263244.0	220469.5	187813.0	162507.5	143729.5	130124.5	120074.0	112835.5	107159.0	102675.5	102485.0	113177.0	132973.5	134115.5	113132.5	92522.5	75412.0	60969.5	49402.5	39407.0	30898.5	23791.5	13148.5	4848.0	3005.5	1937.0	1281.0	734.5	377.0	240.0	191.5	140.5	116.0	107.0	93.0	98.0	128.0	192.5	318.0	651.0	1498.5	4077.5	4323.5	1397.5
Sor-ACeb_006-Ex1-1F-lcwgs-1-3-L2-2	11.0	12.5	23.0	29.5	30.0	44.0	61.5	73.0	102.5	155.0	216.0	282.0	392.0	603.5	947.0	1591.0	2706.5	4648.5	7816.0	12931.0	21047.5	32473.0	47798.5	69219.5	98485.5	140188.0	186875.0	238942.5	306886.0	389676.0	492013.5	614838.5	754835.5	907729.5	1063327.5	1214455.0	1362495.5	1508651.0	1650332.5	1777459.0	1867160.0	1901756.5	1893876.0	1858087.5	1792069.5	1700240.0	1584317.5	1449459.0	1306160.5	1160090.0	1017699.0	872689.5	728015.5	599327.5	489131.5	396529.0	322827.5	265563.0	221633.5	188379.5	163406.5	145012.5	131254.5	121625.5	114212.0	108219.5	102505.5	96063.0	89018.0	81440.0	73036.5	63612.0	53912.0	44844.0	36362.0	28386.5	21838.5	16507.5	12198.5	8875.0	6432.0	4790.5	3727.0	3045.5	2566.5	2376.5	2240.5	2144.0	2137.5	2104.5	2046.5	2064.0	2050.0	1971.5	1912.5	1833.0	1966.5	2546.5	4077.5	11112.0	237824.5
Sor-ACeb_006-Ex1-1F-lcwgs-1-3-L3-1	4.0	3.5	3.5	5.0	9.5	13.5	19.0	36.0	56.0	80.5	121.0	173.0	266.5	449.0	730.5	1294.0	2238.5	3791.5	6545.0	10853.0	17576.5	27332.0	40555.0	58638.0	83599.5	120958.0	161505.0	206882.5	266515.0	339017.0	430453.5	540412.5	664239.0	801646.0	943445.0	1079455.5	1208599.0	1329305.5	1445680.0	1546505.5	1601878.0	1602838.5	1572202.0	1521879.5	1452247.0	1365443.0	1261867.0	1149701.0	1034349.0	920243.5	811663.0	695884.5	574959.5	470611.0	384169.0	311291.5	252582.0	207258.5	173357.0	147603.5	128533.5	115462.0	106951.5	102077.0	100715.5	103273.5	109445.0	116495.5	119902.0	114020.5	98192.5	79222.5	62251.5	48103.0	36604.5	27713.5	20616.5	14782.0	10127.5	6353.0	3752.5	2268.0	1372.0	803.0	456.5	284.0	183.5	129.0	92.0	63.5	45.5	35.0	29.0	28.5	37.5	68.5	175.5	569.0	2234.0	2262.0	482.0
Sor-ACeb_006-Ex1-1F-lcwgs-1-3-L3-2	5.0	7.5	13.0	19.0	44.5	69.5	73.5	86.0	113.5	154.0	193.0	249.5	364.0	518.5	802.5	1354.5	2292.5	3885.0	6534.0	10882.5	17739.5	27403.0	40567.5	58489.0	83312.5	118773.0	157677.5	202182.0	259702.5	329117.0	415730.5	520259.5	638226.0	766705.0	897361.5	1023687.0	1145516.0	1265523.5	1384459.0	1492885.5	1569116.5	1596212.0	1584537.0	1549237.0	1492876.5	1412336.5	1310427.5	1195949.0	1074544.5	951295.0	833062.0	712681.5	591426.0	484152.0	393738.5	318927.0	259557.5	213471.0	178198.0	152567.0	132865.5	118726.0	108873.0	101619.0	96665.5	92196.0	87571.0	82545.0	77144.0	70726.0	63293.5	55789.0	48060.0	39803.5	32511.5	26158.0	20402.0	15777.5	11991.0	9398.5	7654.0	6193.5	5247.0	4692.0	4234.0	4007.0	3950.5	3821.5	3729.5	3662.5	3615.0	3687.0	3692.5	3701.0	3850.0	4182.5	4706.0	6837.5	13217.0	29771.0	122150.5
Sor-ACeb_007-Ex1-2F-lcwgs-1-3-L2-1	0.0	0.0	0.0	0.0	0.5	1.0	1.5	1.5	3.0	7.0	9.5	13.0	19.5	34.5	62.5	92.0	145.5	226.0	401.5	632.0	923.5	1421.0	2077.0	2914.0	4073.5	5698.5	7477.5	9514.5	12143.5	15232.5	18888.5	23381.5	28653.5	34136.0	39626.0	45548.0	51317.0	56732.0	62303.0	67464.5	71222.0	72678.0	72484.5	70891.0	68412.0	65067.0	60334.5	55022.0	49675.5	44420.0	39084.5	33526.0	28035.5	23076.0	18757.0	15391.0	12582.5	10201.5	8455.5	7034.5	5852.0	5049.5	4549.0	4078.0	3806.0	3772.0	3852.5	4374.5	6165.5	8685.5	8501.0	6282.5	4764.5	3634.5	2716.5	2043.0	1555.5	1083.5	711.5	370.5	145.5	100.0	75.0	55.0	27.5	9.5	5.0	5.0	5.5	4.5	2.5	2.5	4.5	5.5	5.5	7.0	12.5	33.5	87.5	91.5	31.5
Sor-ACeb_007-Ex1-2F-lcwgs-1-3-L2-2	0.0	0.0	0.5	0.5	0.0	0.5	3.0	5.0	6.5	9.0	10.0	13.5	23.5	36.0	52.0	79.5	141.0	243.5	397.0	611.0	923.0	1455.0	2093.0	2882.0	4029.0	5646.0	7387.5	9276.0	11814.0	14825.0	18428.5	22610.5	27508.0	32985.5	38357.5	43866.5	49377.0	54914.0	60518.0	65952.0	70113.0	72364.0	73061.0	72085.5	69929.0	66980.5	62613.5	57221.5	51590.5	45716.0	39898.5	34113.0	28203.5	22833.0	18469.0	14778.0	11938.5	9622.0	7825.5	6547.5	5527.0	4848.5	4365.5	3921.5	3667.0	3543.5	3303.5	3114.0	2932.5	2621.5	2272.5	1989.0	1717.5	1411.5	1147.0	914.5	691.0	523.0	378.5	249.5	195.5	176.5	134.5	115.0	105.0	93.5	80.5	73.5	86.0	89.0	80.5	80.5	89.5	93.5	72.5	74.5	90.5	112.0	203.0	642.5	18196.0
Sor-ACeb_007-Ex1-2F-lcwgs-1-3-L3-1	0.0	0.0	0.0	0.0	0.5	2.0	2.5	2.0	2.0	3.0	4.0	11.0	15.5	20.0	39.5	67.0	111.0	181.0	309.0	500.0	790.5	1210.5	1703.0	2463.5	3445.5	4749.0	6298.0	7970.5	10123.0	12619.0	15634.0	19317.5	23250.5	27643.0	32511.5	37340.0	41981.5	46452.0	50719.0	54832.5	57706.0	58866.5	58465.0	56943.5	55107.5	52385.5	48940.0	44835.5	40432.0	35988.0	31517.0	27024.5	22184.5	17919.0	14521.5	11562.0	9226.0	7495.5	6094.5	5019.5	4282.5	3890.5	3691.0	3678.5	4112.0	4794.0	5547.5	6163.0	6245.5	5580.0	4379.5	3143.0	2205.5	1555.0	1077.5	787.0	588.0	406.0	247.0	150.5	96.5	65.0	45.0	28.0	17.0	11.0	9.5	5.0	2.0	3.0	3.0	2.0	2.0	2.0	1.5	0.5	5.5	21.0	53.0	47.5	10.5
Sor-ACeb_007-Ex1-2F-lcwgs-1-3-L3-2	0.0	0.0	0.0	0.0	2.0	2.5	3.0	3.0	1.5	5.5	8.0	9.5	17.5	27.0	41.5	62.5	99.0	175.5	304.0	501.0	794.0	1176.0	1714.5	2455.5	3396.0	4633.0	6104.5	7854.5	9807.0	12132.0	15168.5	18474.0	22201.5	26623.5	31314.0	35995.5	40511.0	44933.0	49394.0	53820.5	57285.0	59081.0	59317.5	58524.0	57010.0	54094.5	50244.5	46017.5	41163.0	36344.5	31740.0	26984.0	22133.0	17796.0	14361.5	11469.0	9118.0	7344.5	5982.5	4988.0	4290.0	3843.0	3500.0	3214.0	3068.0	2849.0	2656.0	2573.5	2418.5	2183.0	1908.5	1668.5	1449.5	1227.0	1029.5	847.5	664.5	542.0	486.0	454.5	396.0	347.5	331.0	307.5	288.0	279.5	282.5	263.0	230.0	224.0	256.5	262.0	249.0	246.0	253.5	295.0	338.0	495.0	988.5	2251.0	9436.0
Sor-ACeb_008-Ex1-3F-lcwgs-1-3-L2-1	4.0	6.5	15.0	28.5	52.5	99.0	157.0	233.5	381.5	612.0	867.0	1309.5	2077.0	3241.0	5290.5	9038.0	15079.0	24614.0	38839.5	58971.0	86150.0	120793.5	163451.5	214480.0	274499.5	343589.0	422242.5	509113.5	601827.5	700248.5	805209.0	915428.0	1029492.5	1147428.0	1264556.0	1375614.0	1477812.5	1567504.5	1639676.0	1686275.5	1703984.5	1693950.0	1654031.0	1586220.5	1499230.0	1394514.5	1275253.5	1150552.5	1028015.0	911505.0	801740.5	698681.0	600325.5	508470.5	424600.5	349923.5	284903.5	228368.5	179973.5	140422.0	108510.0	82940.5	63433.0	48747.0	38139.0	31404.5	28978.5	34392.5	60393.5	97822.5	102078.0	77494.0	57017.0	42442.5	31738.5	23821.5	17991.0	13066.5	8628.5	4108.5	1443.0	1116.5	1008.5	878.0	463.5	135.5	82.0	62.0	48.0	39.5	36.0	43.5	52.5	58.5	81.5	117.0	242.5	541.5	1289.5	1353.0	484.5
Sor-ACeb_008-Ex1-3F-lcwgs-1-3-L2-2	10.0	14.0	18.0	33.5	52.5	99.0	162.0	231.5	371.0	597.5	906.5	1309.0	1981.0	3160.5	5185.0	8817.0	14814.5	24102.0	38127.5	58434.5	85209.0	119083.0	160944.5	210009.5	267774.0	334109.5	409370.5	493347.5	582290.0	677978.5	782627.0	894170.0	1011478.5	1132393.5	1252812.0	1368519.5	1477057.0	1575433.0	1659000.0	1722547.5	1757703.0	1760892.0	1732267.0	1674381.5	1592196.5	1485063.0	1357458.0	1218199.5	1074663.0	935879.5	804144.0	679418.5	562496.0	454890.5	359552.0	278679.0	212804.5	160553.5	120190.5	89924.0	67848.5	51739.5	40212.0	32004.5	26348.0	22403.0	19398.5	17050.5	15330.0	13607.5	11760.5	10357.0	8923.5	7350.0	5973.5	4871.0	3950.5	3156.5	2564.0	2077.5	1683.0	1449.5	1280.5	1145.5	1100.5	1042.0	936.0	916.5	941.5	936.5	912.5	922.0	915.5	873.0	872.5	873.0	950.5	1407.0	2710.5	8887.5	263602.0
Sor-ACeb_008-Ex1-3F-lcwgs-1-3-L3-1	5.0	7.5	18.5	31.0	52.5	90.5	131.5	214.5	347.0	514.5	764.0	1184.0	1815.0	2833.5	4710.5	7955.5	13320.5	21565.5	33697.5	50930.5	73964.5	102922.0	139046.0	182718.0	233357.0	291109.0	356531.5	427760.5	504067.5	585513.0	670935.0	760392.0	852703.0	947879.0	1041732.5	1130186.5	1210584.5	1279412.5	1333048.5	1367420.5	1380186.5	1368135.5	1331166.0	1273424.0	1201531.0	1120317.5	1032832.5	944061.5	854621.0	762772.0	669473.0	572591.0	475039.5	384766.5	304665.0	236441.0	181075.0	136510.0	102041.5	76571.5	57199.0	43440.0	35746.5	33133.0	35634.5	43276.5	53648.5	63028.5	67198.5	62704.5	50249.0	35758.0	23788.5	15457.5	10065.5	6613.0	4414.0	2926.5	1879.0	1087.5	591.5	365.0	248.0	190.0	144.5	105.5	99.0	87.0	63.5	45.5	32.0	22.0	18.0	12.5	13.0	26.0	69.5	212.5	709.5	689.5	146.5
Sor-ACeb_008-Ex1-3F-lcwgs-1-3-L3-2	7.0	10.0	13.5	27.5	53.0	90.0	135.0	207.0	321.0	493.0	737.0	1127.0	1762.0	2735.5	4444.0	7628.0	12868.0	20837.0	32838.0	50006.0	72620.5	100930.0	135830.5	177667.5	227040.0	282256.0	343865.5	412314.0	486305.0	565493.5	650433.0	740566.5	835007.5	933757.5	1031137.0	1125192.0	1212671.0	1291865.0	1360150.0	1409512.5	1435479.5	1433203.5	1403142.0	1349435.0	1275208.5	1181811.0	1072301.5	955074.5	836783.5	723478.0	620126.5	523559.5	431524.5	346057.5	269766.5	205580.0	154587.0	115384.0	86175.0	65063.0	49198.0	37701.0	30009.5	24411.0	20369.5	17698.5	15689.0	14193.0	12849.0	11389.0	10131.0	9045.5	7895.0	6818.0	5874.5	5172.5	4598.5	4129.0	3919.5	3765.5	3572.5	3495.5	3446.0	3374.5	3312.0	3321.5	3307.5	3298.0	3322.0	3253.5	3207.5	3286.0	3341.0	3467.0	3700.5	4064.5	4818.5	7339.5	14771.5	34266.0	144756.5
Sor-ACeb_009-Ex1-4F-lcwgs-1-3-L2-1	0.0	0.0	0.0	0.5	0.5	0.5	3.0	5.5	7.5	13.5	23.5	40.0	68.5	111.5	191.5	312.0	521.0	867.0	1416.5	2233.0	3408.0	4852.5	6678.0	8967.5	11737.0	15141.5	19065.5	23411.0	28420.0	33846.5	39749.0	46434.5	53742.0	62296.5	70983.5	79588.5	88698.5	97678.5	105839.5	113171.5	119170.5	122670.0	123782.0	123070.5	120518.0	116468.5	111058.5	104599.5	98407.0	91779.5	84784.5	77031.5	68440.0	59699.5	51103.5	42498.5	34368.5	27533.0	21388.5	16352.0	12460.5	9235.0	6670.5	4943.0	3809.5	3245.0	3550.5	5225.0	8104.0	10474.0	10831.5	9443.0	7188.5	5012.0	3459.5	2311.5	1541.5	1019.5	645.5	421.0	319.0	268.5	210.0	143.0	59.5	12.0	5.0	4.5	3.0	2.0	3.0	3.0	3.5	4.5	4.5	5.0	9.0	16.5	32.0	34.0	18.5
Sor-ACeb_009-Ex1-4F-lcwgs-1-3-L2-2	0.0	0.5	1.0	1.5	2.0	1.5	3.5	6.5	10.5	14.5	18.5	34.5	65.0	108.0	181.5	311.5	523.0	857.5	1405.5	2184.0	3308.5	4828.0	6626.0	8921.5	11632.5	14703.0	18445.0	22733.5	27431.0	32502.5	38278.0	44962.0	51956.0	59934.0	68318.0	76704.0	85662.0	95075.5	104292.5	113136.5	120993.0	126470.0	129944.0	131444.5	131094.0	128561.0	123281.0	116022.0	107481.0	97773.5	87506.0	77253.5	66347.5	55013.0	44564.5	35087.5	26811.5	20041.5	14760.0	10727.0	7661.0	5500.5	3968.0	2907.5	2210.0	1742.0	1413.5	1117.0	906.0	769.0	670.5	577.0	449.0	354.5	307.5	266.5	218.5	173.0	141.5	119.0	96.0	92.0	96.0	84.0	68.0	67.0	61.5	58.5	63.5	62.5	63.5	63.5	60.5	66.5	71.0	55.5	59.0	119.5	244.0	895.5	32731.5
Sor-ACeb_009-Ex1-4F-lcwgs-1-3-L3-1	0.0	0.5	1.0	0.5	1.5	3.5	3.5	6.5	10.0	15.0	23.5	35.0	55.5	89.5	153.0	264.5	434.0	724.5	1210.0	1910.5	2801.5	3905.0	5337.5	7222.0	9508.5	12145.5	15118.5	18684.0	22453.0	26286.5	31110.5	36457.5	41879.5	47965.0	54699.0	61606.5	67951.5	74217.0	80418.0	85761.5	90104.5	92672.5	93541.0	93235.5	92523.0	91060.0	88071.5	84360.5	79298.0	72724.0	65317.0	56954.0	47790.5	38834.5	30965.5	24034.5	18184.5	13569.0	10006.5	7334.5	5491.0	4497.5	4308.5	4597.5	5282.5	6037.0	6407.0	6375.0	5944.5	5108.0	3972.5	2844.5	1897.0	1179.5	716.5	459.0	306.5	184.0	100.5	59.0	42.0	32.0	19.5	15.0	13.0	18.0	18.5	10.5	8.5	5.5	3.0	3.0	3.0	2.5	2.0	0.5	1.5	5.0	16.0	14.5	2.0
Sor-ACeb_009-Ex1-4F-lcwgs-1-3-L3-2	0.0	0.5	0.5	0.5	1.0	2.5	5.0	7.0	9.5	12.0	26.5	40.5	56.0	89.5	141.5	243.5	431.0	738.0	1222.0	1864.5	2732.0	3880.0	5327.5	7084.5	9165.5	11738.0	14734.5	17960.5	21430.0	25354.5	29926.0	34986.0	40321.0	46190.0	52455.0	58779.5	65597.0	72801.5	79441.0	85651.0	91351.5	95439.5	97597.0	98251.5	97466.5	94835.0	90545.5	84611.5	77666.0	70394.0	63215.5	56143.5	48091.5	39490.0	31397.0	24217.5	18140.0	13289.5	9590.5	6873.5	4945.0	3571.5	2582.5	1865.0	1451.5	1182.5	951.5	748.5	637.5	581.0	500.0	437.5	403.5	368.0	328.5	327.5	326.0	350.5	390.0	418.0	426.5	433.0	450.5	438.0	430.0	429.5	404.5	391.0	398.5	417.0	402.5	394.0	416.5	432.5	456.0	489.5	558.0	838.5	1707.5	3974.0	17277.0
Sor-ACeb_010-Ex1-5F-lcwgs-1-3-L2-1	34.0	35.5	52.5	67.5	102.5	197.0	314.5	470.0	696.5	1030.5	1542.5	2382.0	3707.5	5676.5	9393.5	16378.0	28713.0	49997.5	84726.0	139177.5	222716.0	338989.0	496752.5	709665.5	988057.0	1362689.5	1799967.5	2306956.0	2921468.5	3626910.0	4460400.5	5416030.0	6454309.5	7567534.0	8686907.5	9731571.5	10689931.5	11566793.5	12360293.5	13012261.0	13357969.0	13317634.0	12992425.5	12477730.5	11817677.0	11004377.0	10093037.5	9134394.0	8128530.0	7126438.5	6171215.0	5225575.0	4301186.0	3492565.0	2815417.0	2258503.0	1814995.0	1475307.5	1219254.0	1023723.0	883821.0	797680.0	766135.0	795397.0	861913.0	925782.0	944795.5	891477.0	767768.5	604631.0	451715.0	339817.0	264551.0	208324.0	162260.5	123872.5	91946.5	65745.5	45844.5	31167.0	20599.5	13246.0	8106.5	4868.0	3018.5	2011.5	1387.0	999.0	834.0	747.5	742.0	890.0	1212.0	1870.0	3235.5	6235.5	14496.5	35264.0	95919.0	105431.5	37065.0
Sor-ACeb_010-Ex1-5F-lcwgs-1-3-L2-2	75.0	82.0	103.0	130.0	188.5	269.5	391.5	592.0	802.5	1153.0	1750.5	2657.5	3882.5	5905.5	9704.0	16766.5	28966.0	49852.5	84651.0	139920.0	224267.5	342486.5	500568.5	710482.5	985299.0	1349393.0	1776563.5	2270569.5	2864886.0	3549243.0	4353292.0	5278257.0	6289584.0	7361020.0	8427384.5	9434128.0	10370072.0	11252133.5	12082359.0	12777795.5	13192630.0	13235972.5	12998543.5	12577596.5	11981677.5	11210207.5	10305489.5	9319564.5	8285389.5	7257547.0	6281225.0	5336756.0	4429237.0	3624000.0	2932874.5	2360609.5	1902377.5	1545284.5	1274130.5	1063457.0	905397.0	787810.5	699653.5	636253.0	587386.0	548322.0	513798.0	478760.0	439775.5	397851.5	354038.5	306795.5	259386.5	213814.0	171396.5	134563.5	103152.5	77240.0	57243.5	42157.0	31300.0	23747.0	18476.0	15278.0	13240.0	12131.5	11727.0	11354.0	11245.0	11411.0	11670.5	11959.0	12236.5	12339.5	12311.5	12238.5	12515.0	14808.0	22349.0	60779.0	1512516.0
Sor-ACeb_010-Ex1-5F-lcwgs-1-3-L3-1	30.0	36.0	46.5	55.0	79.5	157.5	272.0	397.0	576.0	880.5	1331.5	2060.5	3245.0	4930.5	8171.0	14163.5	24761.0	42998.0	72916.5	119212.5	189958.0	288569.0	422691.0	603024.5	838027.0	1154179.0	1521766.0	1946273.5	2460343.0	3050787.0	3744928.0	4539260.5	5399506.0	6319985.5	7243890.0	8099626.0	8882575.0	9594751.5	10238885.0	10773883.5	11056104.0	11010852.0	10729953.5	10300964.5	9753993.0	9058585.5	8252810.0	7404438.5	6521141.0	5646527.0	4829743.5	4037567.5	3274147.0	2625002.0	2099619.5	1673226.0	1339071.0	1094964.5	935930.0	866240.5	881990.5	925277.0	906550.0	808033.0	679671.0	569383.0	489948.0	430695.0	382425.5	339469.5	296275.0	253676.0	212658.5	172621.5	136607.0	105368.0	78824.0	56734.5	39355.0	26470.5	17538.5	11388.5	6937.5	4245.5	2794.5	1903.5	1297.5	871.0	591.5	383.0	273.0	229.5	244.5	339.5	571.5	1239.5	3710.0	12045.0	45946.5	47855.0	11286.5
Sor-ACeb_010-Ex1-5F-lcwgs-1-3-L3-2	44.0	49.5	66.0	111.5	195.0	304.5	434.0	591.0	780.0	1067.0	1543.0	2196.0	3230.0	4990.0	8342.0	14235.0	24624.0	42446.0	72057.0	118971.5	190505.0	289351.0	422896.0	602220.5	832348.5	1136612.0	1495701.0	1909917.5	2404699.0	2973506.5	3638979.0	4405928.5	5245319.0	6129925.0	7007370.0	7835529.5	8605556.5	9318842.5	9991983.5	10571222.0	10909408.5	10926521.0	10696769.5	10309396.5	9791346.0	9129820.5	8353419.5	7522560.0	6662399.0	5810487.5	5012387.0	4238882.5	3490694.5	2829592.5	2271988.0	1815446.5	1452377.5	1175516.5	969837.0	811982.0	695420.0	612602.0	552373.5	509643.0	476626.0	450584.0	428738.5	404592.0	374196.0	340770.0	304436.5	265958.0	226589.5	188167.0	153163.0	122348.0	96870.0	76401.5	60603.0	49006.0	40638.5	34905.5	30649.5	27823.5	26000.0	24631.0	23840.5	23162.0	22744.5	22508.0	22461.0	22535.5	22817.5	23471.0	24386.5	26214.0	29922.5	43127.5	83365.5	188584.0	788872.5
Sor-ACeb_011-Ex1-6F-lcwgs-1-3-L2-1	350.0	390.0	362.5	286.5	354.0	505.5	647.5	795.0	1048.5	1382.0	1852.5	2481.5	3299.5	4656.5	7019.5	10392.0	15399.5	22435.5	32574.0	46523.5	63438.5	84985.5	111080.0	142220.5	180229.0	224158.5	273227.5	327376.0	382339.0	438915.5	499885.0	559060.0	617117.5	673045.5	722425.5	767714.5	805404.5	837111.0	861400.0	879811.0	896010.0	906254.0	915317.5	928055.0	940113.5	951124.5	962444.0	969431.0	971230.5	960390.0	938505.5	901149.0	849671.0	804029.0	769156.5	746316.0	747402.0	775153.5	826544.0	902836.0	995127.5	1091469.0	1190919.5	1288222.5	1373053.0	1433783.5	1462369.0	1453860.5	1399691.0	1296448.0	1154677.5	997248.0	840933.5	689559.0	548901.5	426878.5	320986.5	230459.0	159375.5	107229.0	69229.0	42786.0	24381.5	13190.0	7422.0	3886.0	1838.0	885.5	488.5	296.0	200.5	165.5	155.5	156.5	184.5	204.0	287.5	525.0	1011.5	1019.0	407.0
Sor-ACeb_011-Ex1-6F-lcwgs-1-3-L2-2	523.0	450.0	362.5	347.0	389.0	476.5	544.0	714.0	1027.0	1341.0	1850.0	2586.5	3396.5	4545.5	6804.5	10397.0	15093.5	22029.5	32063.5	45497.0	62189.5	83180.5	109418.5	139604.0	176544.0	219781.5	266869.5	319356.0	374831.5	432053.0	490889.5	550710.0	610155.0	664346.5	712024.0	757608.0	799126.0	831107.0	857102.5	878614.0	894658.0	908593.0	919838.5	930558.5	944333.5	956563.0	964494.5	969663.0	969225.0	958332.5	937175.5	899584.5	849621.0	805461.5	770659.5	747025.0	747975.0	774184.0	822894.0	894963.0	984911.5	1082193.5	1180161.0	1274080.0	1346329.5	1389947.0	1407075.5	1388565.5	1330853.5	1240786.5	1121540.5	982913.5	836685.5	688452.5	549473.0	426739.5	319749.0	230385.5	160020.5	107539.0	69875.5	43757.0	25813.5	14661.0	8446.5	4926.5	2982.0	1999.5	1622.0	1463.0	1457.0	1444.0	1457.0	1468.5	1510.0	1662.0	1886.5	2461.5	3944.5	10239.5	249703.0
Sor-ACeb_011-Ex1-6F-lcwgs-1-3-L3-1	284.0	298.0	298.0	287.0	336.0	453.5	570.0	717.0	945.5	1240.5	1556.5	2110.0	2921.0	4126.0	6162.5	9006.0	13369.0	19459.0	28054.5	39725.0	53725.5	71693.0	93818.0	120384.5	152415.5	188902.0	229242.5	273913.5	319868.0	367419.0	417399.0	464809.5	512262.0	558152.5	598874.0	634939.5	665739.5	692161.0	711577.5	727522.5	741406.5	750764.0	759579.0	772436.0	784970.5	794888.0	805726.0	813596.5	813655.5	804970.0	788033.0	755269.0	712205.0	674206.5	644529.0	626814.0	630558.5	654807.0	701390.5	775841.5	870356.5	968712.5	1060886.5	1140141.5	1197338.0	1226414.5	1227139.0	1202439.5	1150801.5	1072487.5	966793.5	845646.5	722185.0	595407.0	473814.5	368884.5	278045.0	199501.5	137974.5	92544.0	59653.0	37161.5	21167.5	11362.5	6337.5	3296.0	1572.0	739.0	363.5	154.0	80.0	54.0	37.5	38.5	38.5	40.0	71.0	189.5	636.5	626.5	149.0
Sor-ACeb_011-Ex1-6F-lcwgs-1-3-L3-2	371.0	323.5	273.5	281.5	329.0	413.5	489.5	630.0	876.5	1139.5	1538.5	2129.0	2825.5	3831.5	5700.0	8709.5	12955.0	18822.0	27141.5	38135.5	52073.5	70169.0	92038.5	117498.0	148281.5	184193.5	223678.0	267262.0	313405.0	361050.5	408587.5	457489.5	506110.0	550456.5	591025.5	627846.0	660969.5	687183.0	708569.5	726825.5	739876.5	751486.0	761219.5	771021.0	784393.0	795808.0	804057.0	810650.0	812470.0	804655.0	788565.0	756645.5	714054.5	677833.0	648107.0	628914.0	630607.0	652727.5	695870.5	759666.5	837482.5	921222.5	1007131.5	1090339.0	1154117.5	1194886.0	1212043.0	1197248.5	1149704.0	1073481.0	971163.0	851637.5	726604.5	600504.5	479745.5	372239.5	279338.0	201586.0	141292.5	96362.0	63561.0	40950.5	25309.5	15785.5	10451.0	7228.0	5553.0	4697.0	4219.0	3969.0	3811.0	3783.0	3797.5	3784.0	3950.0	4256.0	4886.5	7122.0	13820.0	31051.5	132516.5
Sor-ACeb_012-Ex1-7F-lcwgs-1-3-L2-1	13.0	11.0	17.0	29.5	49.0	95.5	154.5	210.0	308.5	444.0	647.0	994.0	1505.5	2406.0	3896.5	6532.5	11437.0	20278.0	35364.5	59616.5	96474.0	145783.5	208591.5	287007.5	383163.0	505033.0	642909.5	796328.0	969123.5	1151535.0	1354320.0	1577365.5	1811112.5	2054794.5	2283993.0	2470984.0	2616699.0	2731912.5	2829105.0	2890868.0	2862654.5	2733501.0	2557095.0	2367354.0	2169000.5	1957213.5	1741451.5	1539823.5	1345967.5	1165135.5	1007281.5	855700.5	706872.0	579175.0	473947.0	385911.0	314556.5	258712.0	215486.0	182058.0	155668.5	135137.5	119448.5	107209.0	97674.5	90745.5	85112.5	81220.5	82446.5	90215.5	97814.5	97936.0	93143.5	88036.5	84110.5	82097.5	83923.5	94572.5	119929.0	71826.5	5641.5	3851.5	3349.0	4054.5	3024.0	957.5	290.5	166.0	132.5	123.0	128.0	143.5	163.5	266.0	511.0	957.0	2228.0	5715.0	15627.5	16226.0	5034.5
Sor-ACeb_012-Ex1-7F-lcwgs-1-3-L2-2	19.0	18.0	27.0	42.0	60.0	97.5	141.5	192.5	281.5	437.0	689.5	1015.0	1514.5	2347.5	3810.5	6628.0	11541.0	20118.5	35240.0	59820.0	96030.0	144949.0	207727.5	285684.0	380007.5	496201.5	629391.5	779505.5	944765.5	1117293.0	1310458.5	1526217.5	1753776.5	1986869.5	2201935.0	2381798.5	2534852.0	2666383.5	2775601.5	2851974.5	2858983.0	2777299.5	2635323.0	2464184.5	2277876.5	2071275.5	1850315.5	1633792.0	1424734.0	1228271.5	1050757.5	884081.5	726707.0	587660.5	469371.5	372422.0	295446.0	236468.0	193184.5	161364.5	137761.0	120237.0	107075.0	97518.5	90652.5	84813.0	79362.5	74018.0	68009.0	61601.0	54768.5	47443.5	40372.0	33787.5	27408.5	21646.0	16521.0	12172.0	9048.5	6681.5	4816.0	3475.5	2560.0	1984.0	1629.0	1391.0	1250.5	1226.0	1248.0	1279.5	1303.5	1338.5	1388.0	1474.5	1496.0	1502.5	1613.5	2149.0	3547.5	10861.5	376201.0
Sor-ACeb_012-Ex1-7F-lcwgs-1-3-L3-1	10.0	11.0	18.5	28.0	44.5	82.5	138.5	200.5	290.0	423.0	586.5	920.5	1389.5	2065.5	3451.5	5893.0	10154.0	17693.0	31036.5	51977.5	83318.0	125783.0	179724.5	247344.0	330220.5	433756.0	550870.5	681164.0	826345.5	980155.0	1151135.5	1338419.5	1534617.0	1736864.5	1924896.0	2076689.5	2192491.5	2280931.0	2354099.0	2400009.5	2371900.0	2256610.0	2105045.0	1944184.0	1775819.0	1600152.0	1424280.5	1261332.0	1104989.5	959884.0	830380.0	703192.5	577886.0	468724.5	377068.5	301085.5	240188.5	193161.0	157797.0	131711.0	112756.5	99159.5	89470.5	83896.0	81627.0	82866.0	89527.5	101554.0	115215.0	122283.5	116639.0	101099.5	83337.5	67231.5	53042.0	41585.0	32577.0	24910.5	18374.5	10061.0	3923.5	2608.0	1688.0	1102.5	718.0	458.0	309.5	227.0	171.5	117.0	66.5	42.5	36.5	51.5	102.0	215.0	653.5	2238.0	8484.0	8421.0	1697.0
Sor-ACeb_012-Ex1-7F-lcwgs-1-3-L3-2	13.0	13.0	18.0	30.0	52.5	88.0	140.5	208.5	290.0	421.0	605.5	930.0	1379.0	2085.5	3313.5	5536.0	9872.5	17460.5	30597.5	51624.5	82549.5	124407.0	177545.0	243690.5	324719.0	424261.5	538268.5	664474.5	802207.0	947712.5	1109606.5	1289157.5	1478844.0	1672917.5	1850979.0	2000203.0	2124328.0	2228852.0	2316454.0	2377709.5	2384497.5	2311532.0	2183259.5	2032296.5	1872436.0	1696947.0	1507812.0	1324968.0	1150907.5	989310.5	844838.0	708674.0	579122.0	465681.5	369373.0	291929.5	231437.5	185844.5	152783.5	128246.5	110350.5	97487.5	88001.0	81034.0	76280.0	72381.0	68303.5	64384.5	59651.5	53963.5	48496.0	42626.0	36651.0	31102.5	25765.0	20967.5	17021.0	13840.5	11387.0	9549.5	8293.0	7254.5	6516.0	5996.0	5639.0	5418.0	5194.0	5054.5	4982.5	5018.0	4965.0	4987.5	5120.5	5319.0	5643.5	6180.0	7240.0	10753.5	21215.0	48252.5	205645.5
Sor-ACeb_013-Ex1-8F-lcwgs-1-3-L2-1	57.0	64.0	88.5	117.5	164.0	244.5	386.5	621.0	1000.0	1417.0	1947.0	2990.0	4816.0	7443.0	12412.5	21465.5	38069.0	66937.5	115544.5	192043.5	303494.0	454126.5	643347.5	865425.0	1121915.5	1454341.0	1832027.0	2249374.5	2728318.5	3251846.0	3847881.0	4501624.0	5187966.0	5895525.5	6544837.0	7041140.0	7389717.5	7658722.5	7874048.5	7978767.0	7834273.5	7396611.5	6878096.5	6391428.0	5898839.5	5406658.0	4942706.0	4507945.0	4081366.5	3691476.0	3338342.0	2971539.0	2597539.0	2272040.5	2005904.0	1798930.5	1655259.0	1588985.5	1603840.5	1680345.0	1801033.5	1956035.5	2123007.0	2277402.5	2408121.0	2497384.0	2535593.5	2536905.5	2529322.0	2505420.0	2344854.0	2035979.5	1710281.5	1406084.0	1124300.0	876020.0	663753.0	489147.5	352509.5	221038.5	122134.0	76444.0	45680.5	26045.0	14010.5	7082.5	3600.0	1868.5	1058.0	655.5	525.5	565.5	649.5	875.0	1441.5	2627.5	6199.5	15157.0	40177.5	41326.0	12674.0
Sor-ACeb_013-Ex1-8F-lcwgs-1-3-L2-2	112.0	93.0	118.0	156.5	191.5	307.0	429.0	573.5	944.0	1501.0	2198.5	3223.0	4743.0	7377.0	12212.0	21085.0	37771.0	67482.5	116234.5	192339.0	305103.0	454509.0	641629.5	862516.0	1113241.5	1426418.0	1791631.0	2198882.5	2654928.0	3152447.5	3727258.0	4364500.5	5036589.0	5717740.5	6323380.0	6806809.0	7186969.0	7492328.0	7740857.0	7891489.0	7821112.5	7485982.0	7020988.0	6550795.5	6086120.0	5599761.5	5108792.0	4650287.5	4205287.5	3778528.5	3394228.0	3015881.0	2636527.5	2297527.0	2017573.5	1806892.5	1661479.0	1586390.5	1593730.0	1668101.5	1786223.0	1939881.5	2107864.0	2262484.0	2392636.0	2487972.0	2523642.5	2491332.0	2398287.5	2237874.5	2022513.0	1776898.5	1510737.0	1241185.0	988645.0	761946.0	567859.0	407229.5	284461.0	192805.5	125885.5	80747.5	51049.5	32278.0	20663.5	14159.0	10767.5	9081.5	8334.5	8084.5	7961.5	7946.5	8183.0	8259.5	8156.5	8365.5	9456.0	12644.0	21110.5	57821.0	1228343.5
Sor-ACeb_013-Ex1-8F-lcwgs-1-3-L3-1	42.0	58.0	90.5	104.5	159.5	244.0	335.0	513.5	878.0	1278.5	1735.5	2588.5	4126.5	6536.0	10807.5	18809.0	33658.5	58848.5	100767.0	166777.0	262700.0	392120.5	555470.5	745244.5	963242.0	1248373.0	1570231.5	1923563.5	2328806.0	2771033.0	3272808.5	3822610.0	4398367.5	4988447.5	5522242.5	5924532.5	6209521.0	6424724.5	6588702.0	6660350.5	6521057.5	6146639.0	5710920.0	5303668.0	4899068.0	4496846.0	4119598.0	3769535.5	3427044.0	3109917.0	2817370.0	2504071.5	2182507.5	1905783.5	1679765.0	1505684.0	1389621.5	1340404.0	1362865.5	1439751.0	1557218.5	1704747.0	1864483.5	2017615.0	2153610.0	2263735.5	2344961.0	2390376.0	2371111.5	2246455.0	2018795.0	1735932.5	1448007.5	1177784.5	929510.0	712895.0	528206.0	376684.5	260612.0	171829.0	108135.0	67331.0	39574.0	22038.0	11765.5	5993.0	3047.0	1576.0	774.0	383.0	227.0	152.0	121.0	152.0	261.0	654.0	2006.5	6407.0	22907.0	22006.5	4043.0
Sor-ACeb_013-Ex1-8F-lcwgs-1-3-L3-2	55.0	60.5	96.0	139.5	180.0	267.5	387.5	532.5	821.5	1257.0	1978.5	2842.0	4049.5	6297.5	10590.0	18395.0	32843.0	58868.5	101083.0	166899.5	262993.0	390868.0	551386.5	738901.5	952409.5	1218841.5	1528931.5	1874450.5	2259077.5	2678461.5	3162477.5	3696389.5	4259268.5	4830795.0	5332138.5	5727109.5	6038620.0	6290627.5	6498726.0	6624588.0	6561297.0	6272655.5	5866886.0	5456769.5	5066032.0	4659583.0	4249528.5	3871679.5	3505847.5	3154843.5	2838377.5	2525106.5	2208159.0	1923830.5	1692927.5	1520880.5	1402236.0	1347629.0	1364752.0	1436210.0	1548428.5	1694470.0	1852126.0	1996983.5	2119557.5	2212811.5	2251138.0	2228374.0	2150650.5	2009071.5	1817986.0	1601088.0	1364331.0	1123003.0	895668.0	692553.5	519953.0	375461.5	265153.5	184014.5	124133.5	83047.5	56519.0	39664.0	29193.5	23308.0	20401.5	18754.5	17916.0	17811.0	17762.0	17720.0	17981.5	18635.0	19682.0	21281.0	24510.5	36352.5	70974.0	161172.5	665670.0
Sor-ACeb_014-Ex1-9F-lcwgs-1-3-L2-1	100.0	106.5	126.5	200.5	277.5	411.0	640.5	924.5	1434.0	2092.0	3039.5	4401.0	6509.0	10365.0	17521.0	30099.0	52322.5	90440.5	152552.0	250566.5	394954.5	589935.5	831961.5	1122773.5	1467745.0	1901061.0	2391362.5	2932197.0	3547795.5	4202635.5	4938714.5	5752910.0	6603031.0	7469970.5	8277082.0	8951480.0	9487553.0	9908554.0	10249253.0	10472611.0	10426682.0	10057944.0	9514350.5	8908262.0	8264159.0	7568720.5	6838897.5	6123437.5	5424598.5	4766409.0	4168789.0	3586300.0	3017640.5	2517090.5	2088904.5	1733614.5	1451085.0	1237202.5	1085319.5	983323.0	915476.0	875493.5	859018.0	853076.5	853699.5	857301.0	859888.0	893776.5	1032501.5	1182151.0	1073281.0	809329.0	619934.5	480327.5	369090.5	278338.0	203128.5	143590.0	98194.0	63364.0	39583.0	24570.5	14864.0	8992.0	4904.5	2515.0	1490.5	918.5	679.5	574.5	577.5	670.0	877.5	1427.0	2473.5	4854.0	11639.0	28604.5	76093.0	82027.5	28061.0
Sor-ACeb_014-Ex1-9F-lcwgs-1-3-L2-2	161.0	129.5	166.0	260.5	342.5	464.0	668.5	1056.5	1502.5	2117.0	3102.0	4459.0	6613.5	10578.5	17559.5	29635.5	51498.0	90404.0	153879.0	253117.0	398882.0	592120.0	832364.5	1122201.0	1459337.5	1874608.5	2352220.5	2881627.5	3473084.5	4104766.0	4813198.5	5607793.0	6443457.0	7297028.5	8073348.5	8721955.0	9281549.5	9745595.0	10127154.0	10396484.5	10430197.5	10152854.0	9672676.0	9115475.5	8498977.0	7810507.0	7075976.0	6328409.0	5585443.0	4878899.5	4226901.0	3608035.5	3021627.5	2501020.5	2061060.5	1699324.5	1412976.5	1203242.0	1055439.0	955810.0	894713.0	861643.5	847137.0	841496.5	840980.0	840017.5	827260.0	801257.0	762413.5	706513.5	637740.5	558290.5	471800.0	388058.0	310355.5	240720.5	180737.0	132023.5	94178.0	65569.5	45371.5	30981.0	21683.5	15912.0	12397.5	10424.5	9322.0	8788.5	8609.5	8546.5	8540.0	8572.5	8661.0	8672.0	8477.0	8439.0	9041.0	11639.5	18856.0	52177.5	1220249.5
Sor-ACeb_014-Ex1-9F-lcwgs-1-3-L3-1	104.0	104.5	120.0	182.0	256.5	353.5	522.0	787.5	1257.5	1800.0	2670.5	3920.5	5811.5	9269.5	15553.5	26783.5	46671.0	80165.0	134040.5	219052.0	344305.5	511673.0	718924.0	967834.5	1262259.5	1633058.5	2050096.0	2509671.0	3031772.5	3585374.0	4203531.0	4885990.5	5600939.0	6326716.0	6993290.0	7545067.5	7976129.0	8308043.0	8569408.5	8732381.5	8675569.5	8345187.5	7876185.5	7360220.0	6815469.5	6235872.5	5637212.5	5052575.5	4475403.0	3926709.5	3417236.0	2912175.5	2419725.5	1989997.5	1628151.0	1332103.0	1104156.5	938501.0	827142.5	760281.0	721643.0	707797.0	716567.5	742296.5	785271.5	840673.0	892897.5	926275.5	919029.5	847942.5	726860.0	594288.5	475075.5	373405.5	288435.5	218322.5	160143.5	114105.5	78803.5	52310.5	33505.0	20416.0	11995.5	6995.0	3932.5	2212.5	1325.0	745.0	486.5	332.5	240.5	185.5	173.5	244.5	450.5	1108.0	3429.5	10664.0	35866.5	35747.5	8033.0
Sor-ACeb_014-Ex1-9F-lcwgs-1-3-L3-2	115.0	94.0	124.5	213.5	354.0	523.0	716.0	1013.0	1395.0	1949.0	2751.5	3868.0	5737.5	9130.5	15404.5	26228.0	45249.5	78856.5	134179.5	220342.0	345312.0	510319.5	715182.0	962327.0	1249161.0	1602548.0	2007288.0	2456191.0	2959554.0	3491538.5	4087457.5	4752141.5	5450612.0	6165876.5	6811081.0	7346625.0	7799363.0	8180024.0	8499529.0	8715121.0	8733947.5	8489066.0	8056487.0	7559004.5	7027141.0	6433809.5	5797653.0	5164785.5	4542439.5	3954339.0	3415765.5	2901193.5	2414503.5	1983717.5	1624161.0	1331843.5	1103831.5	940842.0	829381.0	761371.5	723412.5	708190.0	708161.0	712820.0	721930.0	727557.5	721270.0	703754.5	673506.0	626917.5	568466.5	499928.0	424013.0	349645.0	281337.5	219957.0	166981.5	124583.5	92183.0	68126.5	51085.5	38650.0	30514.5	25259.5	22060.5	20130.5	19085.5	18628.0	18201.0	17845.5	17795.5	17828.0	17936.0	18215.0	18865.5	20363.0	23582.0	34766.0	68301.0	155714.5	653519.0
Sor-ACeb_015-Ex1-10F-lcwgs-1-3-L2-1	2.0	3.0	3.0	2.5	5.5	15.0	24.0	28.0	42.5	71.5	108.0	172.0	258.0	384.0	629.0	1065.0	1789.0	3025.0	5212.0	8541.5	13469.0	20382.5	29596.5	41859.0	57487.5	78507.0	102716.5	130445.0	164000.5	201347.5	245207.0	295691.0	349798.5	408771.5	468147.0	522941.0	572713.5	616331.5	655410.5	687837.5	701567.5	691264.0	666630.0	633946.0	594581.0	548261.5	498206.0	447339.5	395981.5	346981.5	301142.5	255458.0	210113.5	170514.5	137367.0	109524.5	87452.0	70753.0	58215.0	49160.5	42959.0	38514.0	35464.0	33925.0	34150.0	35533.5	37878.0	42097.5	46532.5	47105.0	40584.0	30328.5	21679.5	15527.5	11336.5	8322.0	6052.5	4280.0	2943.0	1979.0	1301.5	827.5	474.0	264.5	163.0	105.5	59.5	36.5	35.0	32.0	33.0	34.5	49.5	77.5	121.0	208.5	498.5	1281.5	3521.0	3935.5	1444.0
Sor-ACeb_015-Ex1-10F-lcwgs-1-3-L2-2	6.0	4.5	5.0	9.5	14.0	16.5	22.0	38.5	55.5	77.5	139.5	211.0	265.0	376.5	643.0	1064.0	1809.0	3192.5	5291.0	8552.5	13493.0	20361.5	29495.0	41657.5	57144.5	77336.5	100697.0	127337.5	159516.0	195637.5	237429.0	285944.0	339056.0	395419.0	451327.0	503237.0	551911.0	598426.5	639866.5	672684.5	692348.5	691429.0	673740.0	647099.5	611967.5	566939.5	515866.0	462074.5	407894.0	355085.5	305168.5	258492.0	213368.5	173121.5	138987.0	110985.5	89158.5	72449.0	59712.0	50345.0	43761.5	39354.5	36140.0	33665.0	32175.5	31095.5	29642.5	27938.5	26321.5	24254.5	21674.0	19008.0	16232.5	13425.5	10654.5	8297.0	6440.0	4861.5	3553.5	2550.0	1863.5	1377.5	1013.0	822.0	715.5	624.5	556.0	526.5	555.0	544.5	530.0	529.5	526.0	524.5	536.5	546.5	554.0	716.5	1154.0	3192.5	74162.0
Sor-ACeb_015-Ex1-10F-lcwgs-1-3-L3-1	3.0	3.5	3.5	4.5	7.5	11.5	16.5	26.0	41.0	57.0	93.0	147.5	227.0	357.5	535.0	909.5	1600.5	2727.5	4498.0	7420.0	11775.5	17580.0	25508.0	35582.5	48805.5	67063.0	88001.5	111666.5	139499.5	171002.5	208194.5	250071.0	296153.0	345174.5	393454.0	438625.0	479193.0	515734.5	548258.0	574536.0	586012.5	577354.5	556275.0	528820.0	496278.5	457070.5	413516.5	368735.0	322216.5	278418.5	238676.5	199298.5	161228.0	129215.0	103352.0	82362.5	66030.0	53737.5	45104.5	39861.5	38211.0	39009.5	40465.0	41381.5	40079.0	37006.5	33445.0	29663.5	25911.0	22653.5	19662.0	16576.5	13711.5	11116.5	8751.0	6743.5	5132.0	3784.5	2586.5	1719.0	1148.5	707.0	425.5	229.5	126.0	77.5	47.5	29.5	27.0	18.5	10.5	12.0	10.5	8.5	19.0	51.5	156.5	492.0	1828.0	1878.5	431.0
Sor-ACeb_015-Ex1-10F-lcwgs-1-3-L3-2	0.0	1.5	3.5	5.0	10.0	17.5	21.5	28.5	50.5	74.5	107.5	160.0	240.0	337.5	526.0	912.5	1555.0	2622.5	4425.5	7265.5	11582.0	17532.0	25249.5	35220.5	48279.5	65790.0	86056.5	108926.0	135610.5	165863.0	200634.0	240482.5	285820.0	332601.5	377941.5	421256.5	460937.0	498911.0	534339.5	563461.0	578624.5	575784.0	559697.0	535146.5	504392.0	466721.5	422901.5	377161.0	331923.0	288306.5	247850.5	208076.0	170265.0	137892.0	110517.5	88226.5	71031.0	57769.0	47837.5	40721.5	35608.5	32104.5	29995.0	28600.5	27365.5	26479.0	25655.0	24432.0	22802.5	21157.5	19153.5	16676.0	14306.5	11901.5	9600.5	7715.5	6000.5	4586.0	3622.5	2869.5	2312.5	1901.5	1605.5	1445.5	1328.5	1232.5	1218.5	1204.5	1152.0	1125.0	1076.0	1057.5	1072.0	1103.5	1148.0	1207.0	1376.5	2031.5	3949.0	8908.5	37962.5
Sor-ACeb_016-Ex1-11F-lcwgs-1-3-L2-1	2.0	3.0	3.5	3.0	6.0	8.5	14.5	24.5	36.5	56.5	84.0	136.0	185.5	266.0	459.0	760.5	1264.0	2184.5	3922.0	6608.5	10682.5	16703.5	25060.0	36426.5	52011.5	75216.0	101422.0	131056.5	169491.5	215103.5	269445.0	333122.5	404763.5	482857.0	564364.5	642176.0	715381.5	784744.0	850133.5	907966.0	947460.0	962690.0	956870.0	936885.5	907657.0	867040.0	814910.0	755563.5	692152.5	627984.0	564181.0	494826.5	420949.5	355300.5	298999.0	250518.0	210392.5	176285.5	147993.0	124872.0	106348.0	92213.5	81189.5	73063.0	66578.0	61189.0	58247.0	60523.5	76695.0	112687.5	131781.5	119685.0	103992.5	90739.5	79802.5	70700.0	63434.0	58184.0	52538.5	26658.5	3535.0	2161.0	1357.5	1196.5	824.0	320.0	148.0	103.0	85.0	71.5	69.5	67.5	71.5	91.0	105.5	143.5	249.5	543.0	1391.0	1503.0	543.0
Sor-ACeb_016-Ex1-11F-lcwgs-1-3-L2-2	11.0	11.5	13.0	16.0	19.5	31.5	37.0	45.0	76.0	97.5	120.5	156.5	216.5	319.0	476.0	808.5	1344.0	2286.5	3952.0	6585.5	10751.5	16944.5	25137.5	36576.5	51968.0	73807.5	99590.5	129303.0	165944.0	209637.5	262741.5	323718.5	392533.0	467312.0	543682.5	618914.5	691323.0	761584.0	829588.0	891380.0	938874.0	963543.5	966511.5	956253.0	934230.0	897373.0	847400.0	787708.0	721096.0	651502.5	581705.5	507223.0	429200.0	356909.0	293256.5	238591.5	194189.0	159035.0	130975.0	109370.5	92898.5	80356.0	71583.5	65146.5	60054.0	55970.0	52409.0	48897.0	45322.0	41543.5	37068.0	32224.5	27570.5	23094.5	18769.0	14972.5	11616.0	8752.0	6554.5	4874.0	3647.0	2823.5	2285.5	1956.0	1730.5	1585.5	1514.5	1488.0	1464.0	1422.0	1392.0	1396.0	1415.5	1437.0	1386.5	1303.0	1440.0	2109.0	3950.0	13250.0	398254.5
Sor-ACeb_016-Ex1-11F-lcwgs-1-3-L3-1	3.0	4.5	4.0	4.5	6.5	11.0	18.0	19.5	22.5	39.0	61.0	102.0	162.0	225.0	365.0	626.5	1096.5	1876.5	3194.0	5422.0	8942.5	13987.5	20959.0	30526.0	43849.5	63036.0	85149.0	110343.5	141799.5	179221.5	224303.0	277602.5	337127.5	402382.0	469235.5	531990.5	591664.5	648020.0	700403.5	746160.0	776880.5	786407.0	780236.5	763192.5	737440.0	702982.5	660560.5	614359.0	565147.5	514484.5	462709.5	405281.0	341746.0	283605.0	234874.0	192546.0	156791.0	127622.0	104469.0	87027.0	74048.5	64680.0	58570.5	55543.5	55984.5	60604.5	72019.0	90857.0	112082.5	123772.5	114933.5	91948.0	68792.0	50509.5	36440.0	25805.5	18327.0	12777.0	8326.0	4432.5	2076.5	1255.0	776.5	482.0	294.0	192.5	144.5	118.0	89.5	62.5	40.5	27.5	19.0	17.0	20.0	31.0	69.5	195.0	653.5	658.0	161.5
Sor-ACeb_016-Ex1-11F-lcwgs-1-3-L3-2	6.0	5.5	5.5	8.5	20.5	41.5	49.5	50.5	57.0	72.5	96.0	129.5	176.5	239.5	366.0	611.5	1080.0	1909.5	3252.0	5442.5	9013.0	14129.0	20957.5	30428.0	43532.0	62030.5	83718.0	108219.0	138325.0	174548.5	217670.5	268546.5	326120.5	388458.0	451539.0	512045.0	571161.5	629036.0	685444.0	736429.0	773831.0	792420.5	794119.0	782953.0	762699.0	729833.5	685417.0	634620.5	579044.5	521742.0	464233.5	403236.0	338936.0	278827.5	227454.0	184309.0	148666.0	121022.5	99496.5	83385.5	71402.0	62510.5	56388.5	52042.5	48470.0	45980.5	43875.0	41374.5	38558.5	35620.5	32258.0	28336.5	24562.0	21073.5	17568.0	14509.5	12065.0	9990.0	8577.0	7704.0	7139.0	6758.5	6556.5	6488.0	6572.5	6768.0	6963.5	7271.0	7496.0	7485.5	7358.5	7193.0	6954.5	6773.0	6788.5	7024.0	7711.5	10975.0	21849.0	50413.0	207490.5
Sor-ACeb_017-Ex1-12F-lcwgs-1-3-L2-1	3.0	2.5	3.0	5.0	6.5	9.0	16.5	26.5	41.0	65.0	96.0	133.0	201.0	320.5	558.5	978.0	1680.0	2862.5	4931.5	8218.5	13124.0	19966.0	28987.0	41051.0	56757.0	78478.0	103458.0	131583.0	165706.5	204299.0	249679.0	302748.0	361319.5	423961.5	487129.5	547502.5	605197.5	658973.0	709287.0	753145.0	780678.0	786271.5	775792.0	754348.0	722339.0	681632.0	635257.0	586991.5	537574.0	489198.0	441463.0	387351.5	328268.5	272632.5	223911.5	181457.5	145375.5	117037.0	95594.5	79457.0	68349.0	61797.0	60286.0	66472.5	83917.0	116783.5	164872.5	220114.5	262325.0	249598.5	172888.5	91986.5	46821.0	26613.0	17013.5	11588.5	8061.0	5451.0	3562.5	2321.0	1441.5	829.5	455.0	272.0	166.5	105.5	84.0	66.0	47.5	38.0	40.0	54.5	70.0	89.0	149.0	259.0	545.0	1295.0	3569.0	3802.5	1244.5
Sor-ACeb_017-Ex1-12F-lcwgs-1-3-L2-2	7.0	7.5	9.5	12.0	12.0	17.0	21.5	37.5	51.0	71.0	109.5	155.0	250.5	379.0	575.0	973.0	1676.0	2944.5	5053.5	8332.5	13216.5	19772.5	28850.5	40932.5	56412.5	77467.5	102034.0	129636.0	161660.0	198647.0	242975.0	294313.5	350397.0	410842.0	471853.5	531255.0	588322.5	642961.0	697532.5	745871.0	779261.5	791996.5	788665.0	773697.5	747134.5	708843.5	660211.5	606957.5	549710.5	490578.5	433882.5	376461.5	318322.5	263627.5	214178.0	172411.0	138651.5	112125.0	91404.0	75713.5	64462.0	56042.5	49692.0	45290.0	41981.5	39123.5	36643.5	34419.0	31973.5	28933.0	25700.0	22508.0	19225.0	15972.5	12963.5	10178.0	7878.5	6049.0	4541.0	3477.0	2692.5	2117.5	1779.5	1586.0	1444.0	1346.0	1318.0	1308.0	1308.0	1319.5	1311.5	1315.0	1338.5	1345.5	1323.5	1302.0	1465.0	2250.5	4436.5	16576.0	614426.5
Sor-ACeb_017-Ex1-12F-lcwgs-1-3-L3-1	3.0	2.0	1.0	4.0	9.0	11.5	13.0	23.0	27.5	40.5	73.0	106.0	164.0	271.5	437.5	753.0	1346.0	2342.5	4027.0	6768.0	10873.5	16255.5	23531.5	33485.0	45978.0	63634.0	84044.5	106610.0	133845.5	164663.5	201881.0	244001.0	289815.5	340684.0	391261.0	437682.5	481948.0	524451.0	564929.5	600347.5	622418.5	628562.5	623263.0	608296.5	586071.0	556266.0	519062.5	476635.5	428351.5	378291.0	329296.5	278469.5	227575.0	182700.0	146059.0	116368.5	92961.5	76701.0	69874.5	79893.5	110911.5	151525.0	178418.0	176525.0	151331.5	118835.5	89822.5	66798.5	49412.5	36401.5	26992.0	20326.5	15456.0	11915.0	9115.5	6878.5	5126.0	3692.5	2485.0	1613.0	1009.0	651.0	419.0	255.5	191.0	165.5	133.5	117.0	99.0	70.0	43.0	28.5	20.0	19.5	33.0	52.5	157.5	521.0	1794.5	1727.0	337.5
Sor-ACeb_017-Ex1-12F-lcwgs-1-3-L3-2	1.0	1.5	3.0	6.0	13.5	26.0	32.0	38.5	54.5	69.5	95.5	132.0	189.5	289.5	453.5	760.5	1343.0	2317.0	3991.0	6698.0	10729.0	16254.5	23713.0	33283.5	45639.5	62349.0	82036.0	104163.5	130207.5	160191.5	195344.0	235915.5	280698.5	328680.0	377170.5	423612.0	468509.0	511256.5	553500.5	593225.0	620147.0	629309.0	624641.0	610574.0	588452.5	556594.0	514987.0	470226.0	423275.0	375487.0	331329.0	286522.5	240251.5	198087.0	160648.0	127917.5	101763.5	81797.0	66763.0	55570.0	47378.5	41581.5	37383.5	34294.5	31992.5	30256.0	28918.5	27388.5	25725.0	23774.0	21357.0	19149.0	16930.5	14769.5	12961.0	11489.0	10519.5	9905.5	9630.5	9649.5	9658.5	9639.5	9594.5	9373.0	9102.0	8937.5	8778.5	8580.5	8408.0	8216.5	8094.0	8133.0	8305.5	8460.0	8847.0	9811.5	11261.0	16608.5	33033.0	76111.5	318588.5
Sor-ACeb_018-Ex1-1G-lcwgs-1-3-L2-1	37.0	41.0	43.5	69.0	125.0	204.0	310.0	505.5	748.0	1068.5	1495.0	2031.0	2953.0	4430.0	6748.5	10790.0	17437.5	27990.0	44134.5	68246.0	104034.0	151953.5	212537.0	289967.0	388512.0	518318.5	664779.5	830347.5	1027065.5	1253097.5	1522491.0	1831016.5	2164155.0	2520140.0	2872619.0	3185238.5	3458837.0	3698387.5	3907941.5	4073969.5	4126046.5	4042326.5	3896944.5	3721404.0	3509394.5	3263581.0	3002168.5	2733767.5	2453011.5	2177107.5	1917664.0	1648813.0	1375964.0	1141157.5	946017.5	779636.5	641807.5	533046.5	448152.0	382086.5	328634.0	286034.0	254353.0	229121.5	208668.5	193481.0	183622.0	185622.0	218349.0	278599.5	287003.5	235690.0	188275.0	151931.5	123077.5	98336.0	78610.0	63045.0	48527.0	24811.0	6703.5	4148.5	2709.0	1971.0	1180.5	547.5	346.0	266.0	223.5	189.5	195.0	189.5	216.0	268.5	343.0	473.0	757.0	1820.5	5971.5	6450.5	1997.0
Sor-ACeb_018-Ex1-1G-lcwgs-1-3-L2-2	64.0	64.5	85.0	120.5	165.0	250.5	366.0	519.5	758.5	1070.0	1504.5	2119.0	3025.0	4369.5	6611.0	10738.0	17359.0	27524.5	43656.0	68086.5	103726.0	150980.0	211805.5	288410.0	385380.5	511793.5	654069.0	816544.0	1007431.0	1223600.0	1483684.0	1782920.0	2102031.5	2441191.5	2776452.5	3078799.5	3350110.5	3597290.0	3821497.5	4007658.0	4098802.5	4057847.0	3936189.0	3776971.0	3579301.0	3342187.5	3077400.5	2798861.0	2509788.5	2218900.5	1942284.0	1667523.0	1394533.0	1154105.0	950318.0	779578.5	640704.5	531318.5	446376.5	380569.5	329189.5	287314.5	255641.5	230659.5	210834.5	194830.0	180045.5	166297.0	151733.5	135825.0	119329.0	103029.5	87239.5	71802.0	57947.5	44984.5	33765.0	25264.5	18659.5	13694.0	10169.5	7874.0	6334.0	5467.0	5006.0	4773.0	4613.0	4471.0	4425.0	4336.0	4313.0	4320.5	4265.5	4136.5	4013.5	3973.0	4164.5	5180.5	8281.0	22498.5	608499.5
Sor-ACeb_018-Ex1-1G-lcwgs-1-3-L3-1	14.0	28.0	47.0	52.5	102.5	199.5	287.5	420.5	615.5	892.5	1291.0	1841.0	2606.5	3842.5	6014.0	9520.5	15402.0	24776.5	38681.0	59910.5	91093.0	132091.5	184348.0	251490.5	335882.0	445925.0	570623.0	711876.5	879800.5	1071472.0	1300106.0	1561817.0	1842427.0	2143768.0	2439485.0	2697730.5	2923933.0	3118262.0	3288818.0	3422070.5	3454337.0	3375773.5	3248091.0	3097733.5	2917240.5	2709271.5	2490987.0	2266700.0	2035952.0	1809240.0	1593116.0	1366147.0	1133720.5	934417.0	768839.5	629254.0	514506.0	424841.5	356915.5	304697.5	263916.0	233304.0	211571.0	198267.5	194456.5	201415.5	217633.0	236517.5	247242.5	235637.0	198960.5	154642.0	117192.0	87851.0	64955.0	47220.0	33811.0	23639.0	15603.0	9129.5	4937.0	2927.5	1619.5	922.5	603.5	415.5	306.0	237.5	179.0	125.5	98.5	75.0	68.0	67.0	75.0	110.0	203.5	615.0	2196.0	2263.5	573.0
Sor-ACeb_018-Ex1-1G-lcwgs-1-3-L3-2	33.0	38.0	59.0	113.5	203.0	296.5	382.5	511.0	694.5	949.5	1390.0	1929.0	2640.5	3790.5	5775.0	9339.5	15139.0	24187.0	38197.0	59338.0	89975.5	130587.5	182663.0	249028.5	332169.0	438863.5	560221.5	699278.0	862084.5	1044618.0	1264255.5	1517259.5	1787000.0	2071345.5	2348154.5	2596650.5	2817327.5	3014728.0	3197106.5	3350345.5	3420722.5	3382005.0	3279140.0	3147580.0	2985549.5	2789234.0	2567480.5	2332692.0	2090999.5	1851091.0	1623896.5	1393241.5	1161720.5	958449.5	787107.0	644882.5	527801.0	436000.0	367470.5	314495.0	272747.0	239941.0	215175.0	195806.5	179807.0	167106.0	155621.5	144151.5	132257.5	118989.5	105128.0	91278.0	77416.0	64336.5	52001.0	41081.5	32097.0	25312.5	20700.5	17556.0	15558.0	14479.5	13778.5	13254.0	13017.0	12693.0	12266.0	11847.0	11331.5	10826.0	10331.0	9843.0	9653.5	9533.5	9640.5	10358.5	11664.0	16690.0	32052.0	72037.5	311889.5
Sor-ACeb_019-Ex1-3G-lcwgs-1-3-L2-1	0.0	0.0	0.0	0.0	0.0	0.0	0.0	0.5	0.5	0.5	1.5	2.0	2.5	3.5	7.0	10.0	22.5	42.5	53.5	80.0	109.0	150.0	202.0	261.0	340.5	420.5	515.5	640.0	769.5	909.0	1061.0	1192.0	1355.5	1545.5	1765.5	1967.0	2078.0	2231.0	2363.0	2444.0	2547.5	2525.0	2451.5	2410.5	2282.0	2122.5	1992.5	1815.0	1640.0	1510.5	1381.0	1246.5	1079.0	913.0	781.0	654.0	510.5	431.5	370.5	299.5	259.0	205.5	164.5	139.0	122.5	116.0	107.5	110.0	159.0	234.0	238.0	187.0	145.5	113.5	96.0	67.0	42.0	31.5	23.0	11.0	3.0	1.5	2.5	2.0	0.5	1.0	0.5	0.0	0.0	0.0	0.0	0.0	0.0	0.0	0.0	0.0	0.0	0.0	0.0	0.5	0.5
Sor-ACeb_019-Ex1-3G-lcwgs-1-3-L2-2	0.0	0.0	0.0	0.0	0.0	0.0	0.0	0.0	0.0	0.5	2.0	3.0	2.5	4.5	7.0	8.0	20.0	36.5	54.0	79.5	107.5	143.5	189.5	256.0	352.5	440.0	524.0	620.5	721.5	866.5	1007.0	1183.0	1374.0	1574.5	1785.5	1953.0	2176.5	2334.5	2450.5	2605.5	2658.5	2625.0	2633.5	2600.5	2409.0	2243.5	2099.0	1923.0	1679.5	1447.5	1268.0	1094.5	922.5	735.5	620.0	506.0	411.0	343.0	262.5	202.5	183.0	162.0	119.5	105.0	106.0	95.0	81.5	67.0	63.0	62.5	53.0	37.0	30.5	31.0	25.5	21.5	15.0	9.0	7.5	4.0	2.5	3.0	4.0	3.0	3.0	4.0	3.0	3.0	3.5	2.0	2.0	2.5	3.0	3.0	3.5	4.0	3.0	4.0	7.0	22.5	590.0
Sor-ACeb_019-Ex1-3G-lcwgs-1-3-L3-1	0.0	0.0	0.0	0.0	0.0	0.0	0.0	0.0	0.5	0.5	0.5	1.0	1.5	1.5	1.5	4.5	5.5	10.0	13.5	20.0	33.5	41.5	66.0	91.5	102.5	131.5	168.5	187.0	211.0	265.0	316.0	349.0	419.0	486.0	540.5	596.0	622.0	652.0	694.5	724.0	767.0	798.5	755.0	711.5	689.0	641.0	606.5	585.5	541.5	494.5	437.5	390.0	339.0	273.0	223.5	171.5	130.0	98.0	76.5	75.5	69.0	58.0	51.0	51.5	51.0	58.5	61.5	64.5	73.5	60.5	49.0	39.5	27.0	19.5	9.5	6.0	7.5	6.0	4.5	4.0	2.5	0.0	0.0	0.0	0.0	0.0	0.0	0.0	0.0	0.0	0.0	0.0	0.0	0.0	0.0	0.0	0.0	0.0	0.0	0.0	0.0
Sor-ACeb_019-Ex1-3G-lcwgs-1-3-L3-2	0.0	0.0	0.0	0.0	0.0	0.0	0.0	0.0	1.0	1.5	0.5	0.0	1.5	2.0	2.5	3.5	6.0	12.0	13.5	19.5	29.5	42.5	65.0	77.5	109.5	132.5	146.0	182.0	219.0	256.0	299.0	350.5	405.0	482.5	555.0	588.5	619.5	678.0	726.5	742.5	773.5	818.5	809.0	780.0	745.5	681.5	609.5	560.0	507.5	453.0	422.0	367.5	308.5	257.0	194.0	149.0	114.5	89.0	79.5	68.5	58.5	53.0	45.0	30.5	32.5	35.0	29.0	22.0	15.5	12.0	12.0	13.5	11.0	11.5	8.5	6.5	6.5	4.5	5.0	5.5	6.5	8.0	7.5	5.5	4.5	3.0	3.0	4.0	3.0	1.5	3.5	4.0	3.0	5.0	4.5	3.0	1.5	3.5	13.0	28.0	132.0
Sor-ACeb_020-Ex1-2G-lcwgs-1-3-L2-1	0.0	0.0	0.0	0.0	0.5	0.5	0.0	0.0	0.5	0.5	0.0	0.0	0.5	0.5	1.0	4.5	7.0	13.5	31.5	59.0	89.5	145.5	246.0	421.0	681.5	1003.5	1346.5	1780.5	2320.0	2901.0	3603.5	4499.5	5566.0	6935.5	8164.0	9037.0	10066.0	11229.0	12181.5	12890.5	13354.0	13159.0	12380.5	11648.5	11203.0	10888.0	10858.0	11062.0	11549.0	12114.0	12354.0	11104.5	8987.5	7678.0	6917.5	6363.0	5993.0	5916.0	6079.0	6462.0	6882.0	7422.0	8053.0	8426.5	8628.5	8749.0	8592.0	8271.5	8167.0	8011.0	7149.5	5917.0	4825.0	3821.0	2961.5	2213.5	1555.5	1129.0	810.0	530.0	336.5	204.5	110.5	65.5	40.5	23.0	11.0	3.5	0.5	0.5	1.0	1.5	2.5	2.0	0.5	1.0	0.5	0.5	0.5	1.5	1.5
Sor-ACeb_020-Ex1-2G-lcwgs-1-3-L2-2	1.0	0.5	0.5	0.5	0.0	1.0	1.5	0.5	0.0	1.0	2.0	1.0	3.0	4.0	3.5	6.5	9.5	17.0	34.0	61.5	96.5	156.5	250.0	408.5	659.5	973.5	1315.0	1694.5	2200.5	2810.0	3541.5	4417.0	5588.0	7007.0	8098.0	9026.0	10010.0	11215.5	12742.0	13778.0	13924.5	13300.5	12392.5	11888.5	11508.5	11072.5	11057.5	11302.0	11574.0	11813.0	11849.0	10839.5	9130.5	7742.5	6737.0	6081.5	5700.5	5737.0	5911.5	6174.5	6630.0	7084.0	7692.0	8107.5	8349.5	8608.5	8484.5	7996.0	7534.0	6883.5	5979.5	5266.5	4370.5	3422.5	2748.5	2126.5	1529.0	1059.0	738.5	524.0	339.0	207.0	124.5	71.0	46.5	33.0	23.0	14.0	10.5	15.0	13.5	10.5	14.5	14.0	13.0	14.0	17.0	26.0	34.5	85.0	3077.5
Sor-ACeb_020-Ex1-2G-lcwgs-1-3-L3-1	0.0	0.0	0.0	0.0	0.0	0.0	0.0	0.0	0.0	0.0	0.0	0.0	0.5	0.5	0.0	0.5	6.5	11.5	17.0	39.5	78.0	127.0	196.0	328.0	494.0	768.5	1118.5	1436.5	1891.5	2417.5	2940.5	3604.5	4512.5	5724.5	6746.5	7475.0	8204.0	9034.0	9938.0	10500.5	10822.5	10660.0	9871.0	9321.5	9009.0	8799.5	8830.5	9179.5	9807.0	10242.5	10581.0	9418.5	7358.5	6199.5	5430.0	5016.0	4856.0	4881.5	5052.0	5290.5	5693.0	6086.0	6482.5	6901.0	7210.5	7417.5	7458.5	7303.0	7002.5	6397.5	5539.0	4653.5	3842.0	3091.0	2357.5	1762.5	1239.5	881.5	637.0	415.5	255.5	150.0	91.5	60.0	33.5	14.0	10.5	6.0	2.5	1.0	0.5	0.0	0.0	0.0	0.5	0.5	0.0	0.0	0.0	0.5	0.5
Sor-ACeb_020-Ex1-2G-lcwgs-1-3-L3-2	0.0	0.0	0.5	0.5	1.5	3.0	2.5	1.5	2.5	4.5	3.5	4.0	5.0	2.5	3.5	6.0	9.5	16.5	19.0	36.5	84.0	135.0	202.0	331.5	496.0	728.5	1039.5	1359.5	1794.0	2306.5	2800.0	3441.5	4409.5	5650.5	6583.5	7203.5	7881.5	8910.5	10129.5	10935.5	11184.0	10800.5	10139.5	9556.0	9146.5	9006.0	9031.0	9308.0	9823.5	10352.0	11266.0	9849.0	7015.5	5877.5	5112.5	4706.5	4613.0	4632.5	4828.5	5116.0	5468.0	5880.5	6366.5	6683.5	6941.5	7131.0	7053.0	6765.5	6398.0	5801.5	5089.0	4471.0	3803.5	3049.5	2342.5	1789.0	1313.5	928.5	634.5	443.0	308.5	214.5	166.0	127.0	91.5	73.5	73.0	63.5	54.5	42.5	41.5	46.0	41.5	43.5	46.5	49.0	54.0	77.5	158.5	351.0	1545.5
Sor-ACeb_021-Ex1-4G-lcwgs-1-3-L2-1	0.0	0.0	0.0	0.0	0.0	0.0	0.0	0.0	0.0	0.0	0.0	0.5	1.0	0.5	2.5	4.0	5.0	8.5	9.5	12.5	20.0	27.0	34.0	47.5	63.0	76.5	92.0	111.0	135.0	159.0	183.5	227.0	278.0	324.5	367.5	422.5	464.0	481.0	533.5	576.5	589.5	604.0	618.0	604.0	565.0	523.5	515.5	508.0	456.5	422.5	391.0	345.5	303.0	277.0	242.5	202.0	165.5	130.0	106.0	88.5	76.5	68.5	62.5	50.0	43.5	36.5	44.5	59.0	71.5	80.0	77.0	66.5	48.0	36.5	26.0	14.5	8.5	8.0	6.5	4.5	3.5	1.5	0.0	0.0	0.0	0.0	0.0	0.0	0.0	0.0	0.0	0.0	0.0	0.0	0.0	0.0	0.0	0.0	0.5	0.5	0.0
Sor-ACeb_021-Ex1-4G-lcwgs-1-3-L2-2	0.0	0.0	0.0	0.0	0.0	0.0	0.0	0.0	0.0	0.0	0.0	0.5	0.5	0.0	2.5	3.0	2.5	7.0	9.0	13.0	19.0	24.5	34.5	49.5	61.5	75.0	92.5	113.5	137.5	152.5	180.0	221.0	272.5	340.0	362.0	397.5	470.5	499.0	519.0	564.5	613.0	624.5	631.0	642.0	645.5	596.5	529.5	512.5	474.0	428.5	404.5	348.5	278.5	247.0	208.5	151.5	127.0	102.0	77.0	72.0	61.5	53.0	43.5	36.0	34.0	29.0	29.5	33.5	31.0	23.0	19.5	19.0	10.5	6.5	8.0	6.0	5.0	3.5	1.5	4.0	3.5	2.5	3.0	1.0	0.5	1.0	0.5	1.0	1.0	0.0	0.0	0.5	1.5	1.5	0.5	0.0	0.0	1.0	1.5	7.5	201.5
Sor-ACeb_021-Ex1-4G-lcwgs-1-3-L3-1	0.0	0.0	0.0	0.0	0.0	0.0	0.0	0.0	0.5	0.5	0.0	0.0	0.0	0.0	0.0	0.0	1.0	3.5	4.5	3.5	6.5	10.0	11.5	14.0	15.0	20.0	29.5	37.5	45.0	51.0	64.5	81.5	90.0	98.5	102.5	109.0	141.0	154.5	147.0	176.5	194.0	176.5	166.5	173.0	168.0	169.0	161.0	147.5	130.5	107.0	109.0	111.5	93.0	66.5	51.5	42.0	43.0	34.0	21.0	16.0	17.0	19.5	18.0	21.5	21.0	20.5	26.5	22.5	18.0	19.5	14.5	9.5	10.0	7.5	5.0	3.0	2.5	4.5	2.5	0.0	0.0	0.0	0.0	0.0	0.0	0.0	0.0	0.0	0.0	0.0	0.5	0.5	0.0	0.0	0.0	0.0	0.0	0.0	0.0	0.0	0.0
Sor-ACeb_021-Ex1-4G-lcwgs-1-3-L3-2	0.0	0.0	0.0	0.0	0.0	0.0	0.0	0.0	0.5	0.5	0.0	0.0	0.0	0.0	0.0	0.0	1.5	3.0	3.0	4.0	7.0	9.0	8.0	12.5	18.5	29.5	31.5	32.0	43.0	46.0	59.0	82.0	88.5	99.5	110.0	107.0	125.5	148.0	155.5	169.5	192.5	184.0	165.0	167.5	178.5	180.5	163.5	145.5	124.5	110.0	112.0	109.0	86.0	68.0	57.5	42.5	37.5	29.0	22.5	20.5	18.0	18.0	12.5	11.5	15.0	14.0	10.5	8.5	8.5	10.0	7.0	4.5	4.5	2.5	3.5	3.0	2.5	3.5	2.0	1.0	2.5	2.5	1.0	2.0	2.0	1.0	1.5	1.0	1.0	2.0	2.0	1.5	1.0	1.0	1.5	2.5	2.0	1.5	5.5	9.5	36.5
Sor-ACeb_022-Ex1-5G-lcwgs-1-3-L2-1	106.0	117.0	127.5	143.5	199.0	272.0	369.0	527.0	726.5	990.5	1390.0	1885.0	2464.0	3492.0	5298.0	8078.5	11900.5	16820.0	22748.5	29846.0	38123.5	47403.0	57902.5	69712.5	83170.0	98605.5	114357.5	129308.0	145228.5	162746.0	181471.0	200206.5	217822.0	236455.0	253033.5	265457.0	275608.5	282576.0	286385.0	287025.0	285361.0	280215.5	272886.5	264655.5	255717.0	247449.5	238734.0	229986.0	220427.0	209811.5	199030.5	184620.5	168053.5	154725.5	144518.5	136799.0	133375.5	134224.0	139079.5	147373.5	157419.5	168330.0	179621.0	188808.0	195876.5	200025.0	197381.0	188360.5	174532.0	156256.5	136116.5	116260.0	96451.5	77895.0	61251.0	46720.0	34715.5	25083.5	17181.0	11322.0	7374.0	4571.0	2665.0	1558.0	857.5	444.5	223.5	104.0	61.5	39.5	29.5	28.5	30.0	33.5	39.0	40.0	49.0	109.0	298.5	291.5	87.5
Sor-ACeb_022-Ex1-5G-lcwgs-1-3-L2-2	168.0	152.5	138.0	158.0	194.0	254.5	353.0	497.5	689.5	912.0	1323.5	1824.5	2386.5	3382.0	5076.0	7637.5	11227.0	16237.5	22553.0	29149.5	37036.0	46542.5	56383.5	67411.0	80232.5	94839.0	110413.0	125349.0	141724.5	159731.5	178973.0	199126.5	218394.0	237613.5	254756.5	268568.0	278642.5	285611.0	290267.5	291326.5	289279.5	284176.5	275523.5	266476.0	257575.5	247319.0	237358.0	228081.5	217376.0	205489.0	194757.5	182077.0	167338.0	153641.5	143137.0	136749.5	133253.0	133390.5	137577.5	145030.5	154657.0	165185.5	174761.0	181646.5	185974.5	187913.5	185022.5	176838.5	166173.5	151584.5	134545.0	116585.5	97104.0	79061.0	62191.0	47123.5	35083.5	25183.0	17255.5	11486.0	7566.5	4837.0	2977.5	1839.0	1123.5	741.0	554.0	432.5	378.0	350.5	332.0	330.0	329.5	322.0	319.5	310.0	346.5	473.5	742.0	1813.0	46362.0
Sor-ACeb_022-Ex1-5G-lcwgs-1-3-L3-1	73.0	83.5	95.5	114.0	173.0	264.0	340.0	445.5	633.0	872.5	1174.5	1581.5	2164.0	3059.5	4539.0	6960.5	10252.0	14321.0	19127.5	24838.5	31663.0	39388.5	47863.5	57192.5	67927.0	80237.5	92383.0	104210.0	116991.5	130204.0	144293.0	158889.0	172516.0	186825.0	199444.5	208058.5	214796.0	220670.5	224101.5	224161.0	222756.5	219392.0	214235.0	207330.5	199657.0	193070.5	186427.5	179636.5	171944.0	163619.5	155106.0	143755.0	131242.5	121001.5	113669.5	108460.5	106701.5	108419.0	113281.0	122128.5	133719.0	146107.5	155579.5	160524.0	162566.0	161269.5	156483.0	149033.0	138735.5	126277.0	112760.0	97639.5	81017.0	65420.0	51969.5	39916.5	29380.0	21176.5	14696.5	9758.5	6227.0	3841.0	2298.5	1241.5	674.0	376.0	191.0	90.5	44.0	25.5	17.5	10.5	11.0	7.0	3.5	7.5	10.5	38.0	122.0	111.5	25.0
Sor-ACeb_022-Ex1-5G-lcwgs-1-3-L3-2	126.0	100.0	90.5	119.0	159.5	224.0	310.5	446.5	613.5	798.0	1082.0	1481.5	2013.5	2860.5	4314.0	6534.5	9563.0	13620.0	18654.5	23974.5	30446.0	38416.5	46315.0	54956.0	65111.5	76425.0	88923.5	101293.5	113706.0	127313.0	141929.5	157197.0	171367.0	185084.5	198209.0	207681.5	214351.5	220148.0	223527.5	224217.0	223455.0	220590.5	214677.5	207206.0	199846.5	193247.0	186151.5	179079.5	172567.0	164320.0	156369.0	146531.5	134033.5	123235.0	115001.0	109292.0	106990.5	108574.0	112688.0	119152.0	127758.5	136901.5	145083.5	151162.5	155390.0	156992.5	155121.0	148912.5	139521.5	127869.5	113908.0	98556.5	82575.5	67328.0	53084.0	40463.0	29855.5	21557.0	15338.5	10485.5	6912.5	4634.5	3164.5	2189.0	1648.0	1284.5	1065.5	945.5	868.0	788.5	755.5	730.0	689.5	695.5	687.0	725.0	844.0	1228.5	2278.5	5133.5	22985.5
