	12.0	13.0	14.0	15.0	16.0	17.0	18.0	19.0	20.0	21.0	22.0	23.0	24.0	25.0	26.0	27.0	28.0	29.0	30.0	31.0	32.0	33.0	34.0	35.0	36.0	37.0	38.0	39.0	40.0
Sor-ACeb_001-Ex1-8E-lcwgs-1-3-L2-1	1.0	16.0	216.0	943.0	1897.0	2240.0	2587.0	3195.0	4336.0	5564.0	6572.0	7446.0	8556.0	9706.0	11070.0	12385.0	14356.0	17823.0	22935.0	30403.0	40814.0	49058.0	67517.0	84641.0	129653.0	321627.0	888376.0	983878.0	345399.0
	10.0	11.0	12.0	13.0	14.0	15.0	16.0	17.0	18.0	19.0	20.0	21.0	22.0	23.0	24.0	25.0	26.0	27.0	28.0	29.0	30.0	31.0	32.0	33.0	34.0	35.0	36.0	37.0	38.0	39.0	40.0
Sor-ACeb_001-Ex1-8E-lcwgs-1-3-L2-2	1.0	7.0	75.0	617.0	2659.0	4919.0	5138.0	4545.0	4615.0	5928.0	7530.0	9108.0	10869.0	12475.0	14403.0	17910.0	23851.0	35173.0	59748.0	106233.0	155195.0	206276.0	225424.0	240613.0	237944.0	219156.0	233717.0	234142.0	312869.0	629556.0	52514.0
	13.0	14.0	15.0	16.0	17.0	18.0	19.0	20.0	21.0	22.0	23.0	24.0	25.0	26.0	27.0	28.0	29.0	30.0	31.0	32.0	33.0	34.0	35.0	36.0	37.0	38.0	39.0	40.0
Sor-ACeb_001-Ex1-8E-lcwgs-1-3-L3-1	5.0	33.0	195.0	434.0	600.0	1027.0	1643.0	2357.0	3117.0	3773.0	4678.0	5389.0	6276.0	7200.0	8297.0	9894.0	12180.0	15867.0	26669.0	75933.0	145866.0	239530.0	279937.0	219302.0	219957.0	260954.0	573734.0	286831.0
	10.0	11.0	12.0	13.0	14.0	15.0	16.0	17.0	18.0	19.0	20.0	21.0	22.0	23.0	24.0	25.0	26.0	27.0	28.0	29.0	30.0	31.0	32.0	33.0	34.0	35.0	36.0	37.0	38.0	39.0	40.0
Sor-ACeb_001-Ex1-8E-lcwgs-1-3-L3-2	3.0	16.0	89.0	495.0	1726.0	2337.0	1959.0	1858.0	2143.0	2768.0	3799.0	4762.0	6055.0	7021.0	7927.0	8904.0	10839.0	14748.0	21044.0	32105.0	47108.0	72029.0	104431.0	149004.0	203544.0	223705.0	268520.0	265931.0	317702.0	514466.0	114640.0
	12.0	13.0	14.0	15.0	16.0	17.0	18.0	19.0	20.0	21.0	22.0	23.0	24.0	25.0	26.0	27.0	28.0	29.0	30.0	31.0	32.0	33.0	34.0	35.0	36.0	37.0	38.0	39.0	40.0
Sor-ACeb_002-Ex1-9E-lcwgs-1-3-L2-1	1.0	30.0	383.0	1866.0	3732.0	4131.0	3918.0	4642.0	5701.0	6726.0	8078.0	9265.0	10308.0	11984.0	13856.0	16724.0	21208.0	30107.0	46939.0	75027.0	105016.0	115804.0	152068.0	178134.0	288051.0	669458.0	850480.0	1298529.0	733304.0
	11.0	12.0	13.0	14.0	15.0	16.0	17.0	18.0	19.0	20.0	21.0	22.0	23.0	24.0	25.0	26.0	27.0	28.0	29.0	30.0	31.0	32.0	33.0	34.0	35.0	36.0	37.0	38.0	39.0	40.0
Sor-ACeb_002-Ex1-9E-lcwgs-1-3-L2-2	26.0	157.0	1367.0	5696.0	10421.0	10133.0	7951.0	7236.0	7820.0	8802.0	10088.0	11480.0	13435.0	16452.0	21037.0	30755.0	51455.0	93614.0	168928.0	240205.0	305318.0	316154.0	325372.0	314870.0	292774.0	315028.0	333498.0	488632.0	1152103.0	104663.0
	13.0	14.0	15.0	16.0	17.0	18.0	19.0	20.0	21.0	22.0	23.0	24.0	25.0	26.0	27.0	28.0	29.0	30.0	31.0	32.0	33.0	34.0	35.0	36.0	37.0	38.0	39.0	40.0
Sor-ACeb_002-Ex1-9E-lcwgs-1-3-L3-1	6.0	76.0	355.0	751.0	1059.0	1387.0	2044.0	2759.0	3442.0	4222.0	5047.0	5960.0	7189.0	8592.0	10280.0	12431.0	16344.0	23923.0	53046.0	183854.0	278521.0	361786.0	362765.0	272192.0	294551.0	342360.0	905493.0	564386.0
	10.0	11.0	12.0	13.0	14.0	15.0	16.0	17.0	18.0	19.0	20.0	21.0	22.0	23.0	24.0	25.0	26.0	27.0	28.0	29.0	30.0	31.0	32.0	33.0	34.0	35.0	36.0	37.0	38.0	39.0	40.0
Sor-ACeb_002-Ex1-9E-lcwgs-1-3-L3-2	2.0	25.0	169.0	1316.0	4057.0	5345.0	4494.0	3792.0	3850.0	4098.0	5098.0	6652.0	9159.0	10361.0	10427.0	11375.0	13559.0	19347.0	28674.0	44789.0	67897.0	103736.0	157569.0	224243.0	297577.0	319854.0	369782.0	362732.0	449392.0	923179.0	262271.0
	13.0	14.0	15.0	16.0	17.0	18.0	19.0	20.0	21.0	22.0	23.0	24.0	25.0	26.0	27.0	28.0	29.0	30.0	31.0	32.0	33.0	34.0	35.0	36.0	37.0	38.0	39.0	40.0
Sor-ACeb_003-Ex1-10E-lcwgs-1-3-L2-1	28.0	351.0	1574.0	2802.0	3950.0	4896.0	6810.0	8907.0	11006.0	13600.0	15773.0	18716.0	22130.0	27314.0	35227.0	50552.0	105790.0	222030.0	364267.0	465031.0	515606.0	673648.0	811077.0	1138212.0	792675.0	713777.0	1135960.0	533267.0
	9.0	10.0	11.0	12.0	13.0	14.0	15.0	16.0	17.0	18.0	19.0	20.0	21.0	22.0	23.0	24.0	25.0	26.0	27.0	28.0	29.0	30.0	31.0	32.0	33.0	34.0	35.0	36.0	37.0	38.0	39.0	40.0
Sor-ACeb_003-Ex1-10E-lcwgs-1-3-L2-2	1.0	1.0	11.0	107.0	1299.0	6179.0	10887.0	10795.0	9789.0	10574.0	12734.0	15366.0	18539.0	22544.0	27769.0	37841.0	54401.0	92034.0	172664.0	323914.0	537689.0	656155.0	719938.0	684108.0	644372.0	580083.0	496615.0	497437.0	465331.0	580746.0	943067.0	61986.0
	13.0	14.0	15.0	16.0	17.0	18.0	19.0	20.0	21.0	22.0	23.0	24.0	25.0	26.0	27.0	28.0	29.0	30.0	31.0	32.0	33.0	34.0	35.0	36.0	37.0	38.0	39.0	40.0
Sor-ACeb_003-Ex1-10E-lcwgs-1-3-L3-1	8.0	99.0	451.0	1075.0	1551.0	2383.0	3544.0	4851.0	6207.0	7870.0	9526.0	11382.0	13810.0	16376.0	21276.0	27149.0	39841.0	62182.0	163529.0	630512.0	981100.0	896877.0	641758.0	517560.0	472140.0	445807.0	765293.0	447218.0
	10.0	11.0	12.0	13.0	14.0	15.0	16.0	17.0	18.0	19.0	20.0	21.0	22.0	23.0	24.0	25.0	26.0	27.0	28.0	29.0	30.0	31.0	32.0	33.0	34.0	35.0	36.0	37.0	38.0	39.0	40.0
Sor-ACeb_003-Ex1-10E-lcwgs-1-3-L3-2	1.0	25.0	196.0	1293.0	4148.0	5400.0	4896.0	4462.0	4852.0	5780.0	7377.0	9338.0	12108.0	14352.0	16691.0	21181.0	30794.0	49317.0	76104.0	120486.0	179224.0	270746.0	420080.0	570885.0	707908.0	690566.0	720502.0	609139.0	648208.0	851326.0	133990.0
	12.0	13.0	14.0	15.0	16.0	17.0	18.0	19.0	20.0	21.0	22.0	23.0	24.0	25.0	26.0	27.0	28.0	29.0	30.0	31.0	32.0	33.0	34.0	35.0	36.0	37.0	38.0	39.0	40.0
Sor-ACeb_004-Ex1-11E-lcwgs-1-3-L2-1	6.0	73.0	837.0	4135.0	8536.0	10381.0	11422.0	13968.0	17720.0	21941.0	26254.0	29877.0	34499.0	39917.0	46152.0	54659.0	66138.0	87582.0	124150.0	184418.0	271066.0	353312.0	450440.0	501427.0	639976.0	1352744.0	5036368.0	4873188.0	1618602.0
	10.0	11.0	12.0	13.0	14.0	15.0	16.0	17.0	18.0	19.0	20.0	21.0	22.0	23.0	24.0	25.0	26.0	27.0	28.0	29.0	30.0	31.0	32.0	33.0	34.0	35.0	36.0	37.0	38.0	39.0	40.0
Sor-ACeb_004-Ex1-11E-lcwgs-1-3-L2-2	8.0	69.0	496.0	4416.0	18735.0	30968.0	29416.0	24035.0	23289.0	26127.0	30508.0	35656.0	41499.0	49632.0	63018.0	83489.0	128720.0	224938.0	421237.0	747793.0	1021312.0	1242215.0	1258585.0	1247357.0	1185039.0	1058622.0	1122065.0	1156366.0	1589357.0	2803058.0	211763.0
	12.0	13.0	14.0	15.0	16.0	17.0	18.0	19.0	20.0	21.0	22.0	23.0	24.0	25.0	26.0	27.0	28.0	29.0	30.0	31.0	32.0	33.0	34.0	35.0	36.0	37.0	38.0	39.0	40.0
Sor-ACeb_004-Ex1-11E-lcwgs-1-3-L3-1	2.0	15.0	228.0	1194.0	2469.0	3483.0	4831.0	6938.0	9477.0	12534.0	15317.0	18387.0	21814.0	26297.0	31236.0	38291.0	47097.0	64130.0	91012.0	183886.0	649030.0	1153851.0	1537080.0	1580832.0	1136832.0	1061323.0	1234639.0	2591289.0	1380629.0
	10.0	11.0	12.0	13.0	14.0	15.0	16.0	17.0	18.0	19.0	20.0	21.0	22.0	23.0	24.0	25.0	26.0	27.0	28.0	29.0	30.0	31.0	32.0	33.0	34.0	35.0	36.0	37.0	38.0	39.0	40.0
Sor-ACeb_004-Ex1-11E-lcwgs-1-3-L3-2	6.0	100.0	650.0	4530.0	14819.0	18911.0	15867.0	13277.0	13233.0	15163.0	18606.0	25767.0	39192.0	48186.0	48127.0	48787.0	56525.0	80169.0	120091.0	187642.0	283492.0	427892.0	645755.0	908596.0	1212820.0	1302629.0	1484511.0	1371199.0	1578265.0	2408481.0	510855.0
	12.0	13.0	14.0	15.0	16.0	17.0	18.0	19.0	20.0	21.0	22.0	23.0	24.0	25.0	26.0	27.0	28.0	29.0	30.0	31.0	32.0	33.0	34.0	35.0	36.0	37.0	38.0	39.0	40.0
Sor-ACeb_005-Ex1-12E-lcwgs-1-3-L2-1	3.0	71.0	853.0	3313.0	5917.0	6985.0	8315.0	10423.0	13165.0	16020.0	19167.0	22123.0	25262.0	28732.0	33624.0	41922.0	59186.0	94848.0	154675.0	250221.0	335830.0	389912.0	551162.0	770638.0	1099559.0	900989.0	1001070.0	2792951.0	1987414.0
	10.0	11.0	12.0	13.0	14.0	15.0	16.0	17.0	18.0	19.0	20.0	21.0	22.0	23.0	24.0	25.0	26.0	27.0	28.0	29.0	30.0	31.0	32.0	33.0	34.0	35.0	36.0	37.0	38.0	39.0	40.0
Sor-ACeb_005-Ex1-12E-lcwgs-1-3-L2-2	7.0	42.0	418.0	3825.0	15845.0	26114.0	25123.0	20298.0	18603.0	18942.0	20764.0	22679.0	25394.0	28671.0	33289.0	41367.0	57384.0	90280.0	164367.0	305032.0	451316.0	602297.0	639115.0	671992.0	656556.0	613137.0	657062.0	717887.0	1136031.0	3257910.0	302603.0
	12.0	13.0	14.0	15.0	16.0	17.0	18.0	19.0	20.0	21.0	22.0	23.0	24.0	25.0	26.0	27.0	28.0	29.0	30.0	31.0	32.0	33.0	34.0	35.0	36.0	37.0	38.0	39.0	40.0
Sor-ACeb_005-Ex1-12E-lcwgs-1-3-L3-1	3.0	14.0	148.0	631.0	1401.0	2068.0	3057.0	4440.0	5843.0	7410.0	9145.0	10864.0	12923.0	15548.0	18156.0	21458.0	26679.0	34211.0	50450.0	118403.0	447259.0	658582.0	756731.0	651056.0	592913.0	609715.0	638981.0	2324910.0	1540807.0
	10.0	11.0	12.0	13.0	14.0	15.0	16.0	17.0	18.0	19.0	20.0	21.0	22.0	23.0	24.0	25.0	26.0	27.0	28.0	29.0	30.0	31.0	32.0	33.0	34.0	35.0	36.0	37.0	38.0	39.0	40.0
Sor-ACeb_005-Ex1-12E-lcwgs-1-3-L3-2	5.0	51.0	443.0	4363.0	14534.0	17448.0	14045.0	11693.0	11386.0	12087.0	14226.0	19425.0	25886.0	27895.0	26019.0	25612.0	28887.0	38699.0	57389.0	89668.0	135525.0	209087.0	317919.0	454937.0	599299.0	640056.0	741088.0	739388.0	923452.0	2539357.0	823937.0
	11.0	12.0	13.0	14.0	15.0	16.0	17.0	18.0	19.0	20.0	21.0	22.0	23.0	24.0	25.0	26.0	27.0	28.0	29.0	30.0	31.0	32.0	33.0	34.0	35.0	36.0	37.0	38.0	39.0	40.0
Sor-ACeb_006-Ex1-1F-lcwgs-1-3-L2-1	1.0	7.0	257.0	3474.0	15970.0	30245.0	32603.0	31334.0	34726.0	41433.0	49075.0	58340.0	68174.0	77585.0	89758.0	103246.0	122030.0	145608.0	186262.0	252921.0	348487.0	480130.0	600838.0	855441.0	1083364.0	1650139.0	4174487.0	11243422.0	10870061.0	3918607.0
	9.0	10.0	11.0	12.0	13.0	14.0	15.0	16.0	17.0	18.0	19.0	20.0	21.0	22.0	23.0	24.0	25.0	26.0	27.0	28.0	29.0	30.0	31.0	32.0	33.0	34.0	35.0	36.0	37.0	38.0	39.0	40.0
Sor-ACeb_006-Ex1-1F-lcwgs-1-3-L2-2	1.0	20.0	152.0	1249.0	10267.0	47999.0	89901.0	89229.0	66499.0	55761.0	58702.0	65937.0	74771.0	85528.0	97687.0	116122.0	141990.0	182071.0	248205.0	354043.0	591819.0	933537.0	1284271.0	1491421.0	1567955.0	2041915.0	2501347.0	3265247.0	3989180.0	6153381.0	10422207.0	539611.0
	12.0	13.0	14.0	15.0	16.0	17.0	18.0	19.0	20.0	21.0	22.0	23.0	24.0	25.0	26.0	27.0	28.0	29.0	30.0	31.0	32.0	33.0	34.0	35.0	36.0	37.0	38.0	39.0	40.0
Sor-ACeb_006-Ex1-1F-lcwgs-1-3-L3-1	5.0	37.0	489.0	2698.0	5723.0	8157.0	11082.0	15494.0	20847.0	26855.0	33959.0	40879.0	48956.0	58793.0	70115.0	85147.0	105130.0	139393.0	195678.0	362831.0	1224069.0	2340789.0	3555539.0	3785452.0	2746572.0	2689520.0	3020217.0	6548275.0	3244564.0
	9.0	10.0	11.0	12.0	13.0	14.0	15.0	16.0	17.0	18.0	19.0	20.0	21.0	22.0	23.0	24.0	25.0	26.0	27.0	28.0	29.0	30.0	31.0	32.0	33.0	34.0	35.0	36.0	37.0	38.0	39.0	40.0
Sor-ACeb_006-Ex1-1F-lcwgs-1-3-L3-2	1.0	24.0	203.0	1392.0	9378.0	33620.0	45705.0	36981.0	30320.0	29047.0	31745.0	35726.0	39748.0	44185.0	48488.0	55741.0	66263.0	80373.0	108339.0	151475.0	217584.0	299483.0	416255.0	544744.0	665017.0	928249.0	1287161.0	2183007.0	3895364.0	7632369.0	10184391.0	1284887.0
	12.0	13.0	14.0	15.0	16.0	17.0	18.0	19.0	20.0	21.0	22.0	23.0	24.0	25.0	26.0	27.0	28.0	29.0	30.0	31.0	32.0	33.0	34.0	35.0	36.0	37.0	38.0	39.0	40.0
Sor-ACeb_007-Ex1-2F-lcwgs-1-3-L2-1	1.0	9.0	134.0	620.0	1239.0	1438.0	1398.0	1507.0	1791.0	2151.0	2531.0	2978.0	3451.0	3966.0	4464.0	5448.0	6948.0	9715.0	14801.0	22337.0	30622.0	36164.0	48297.0	54971.0	83310.0	199627.0	377499.0	371256.0	111420.0
	10.0	11.0	12.0	13.0	14.0	15.0	16.0	17.0	18.0	19.0	20.0	21.0	22.0	23.0	24.0	25.0	26.0	27.0	28.0	29.0	30.0	31.0	32.0	33.0	34.0	35.0	36.0	37.0	38.0	39.0	40.0
Sor-ACeb_007-Ex1-2F-lcwgs-1-3-L2-2	1.0	5.0	53.0	380.0	1842.0	3518.0	3380.0	2564.0	2155.0	2359.0	2503.0	2920.0	3347.0	3857.0	4708.0	5714.0	7524.0	10456.0	16101.0	28742.0	46431.0	61974.0	69571.0	69173.0	87692.0	103632.0	129200.0	150335.0	223386.0	338337.0	18233.0
	13.0	14.0	15.0	16.0	17.0	18.0	19.0	20.0	21.0	22.0	23.0	24.0	25.0	26.0	27.0	28.0	29.0	30.0	31.0	32.0	33.0	34.0	35.0	36.0	37.0	38.0	39.0	40.0
Sor-ACeb_007-Ex1-2F-lcwgs-1-3-L3-1	3.0	30.0	132.0	282.0	402.0	533.0	658.0	931.0	1162.0	1385.0	1677.0	2080.0	2399.0	2991.0	3605.0	4468.0	6094.0	8983.0	22073.0	75655.0	111415.0	143305.0	135085.0	94824.0	94163.0	102162.0	219153.0	91862.0
	11.0	12.0	13.0	14.0	15.0	16.0	17.0	18.0	19.0	20.0	21.0	22.0	23.0	24.0	25.0	26.0	27.0	28.0	29.0	30.0	31.0	32.0	33.0	34.0	35.0	36.0	37.0	38.0	39.0	40.0
Sor-ACeb_007-Ex1-2F-lcwgs-1-3-L3-2	9.0	52.0	382.0	1430.0	2012.0	1740.0	1407.0	1428.0	1619.0	1799.0	1922.0	2073.0	2146.0	2451.0	2787.0	3426.0	4668.0	6307.0	9271.0	12734.0	17785.0	23219.0	28206.0	38799.0	55639.0	94350.0	163216.0	282858.0	324351.0	39426.0
	12.0	13.0	14.0	15.0	16.0	17.0	18.0	19.0	20.0	21.0	22.0	23.0	24.0	25.0	26.0	27.0	28.0	29.0	30.0	31.0	32.0	33.0	34.0	35.0	36.0	37.0	38.0	39.0	40.0
Sor-ACeb_008-Ex1-3F-lcwgs-1-3-L2-1	6.0	176.0	2540.0	12345.0	25349.0	29645.0	32037.0	38585.0	48668.0	60010.0	71698.0	81767.0	94092.0	107437.0	128048.0	154648.0	195016.0	285327.0	494246.0	810309.0	1131734.0	1317134.0	1679146.0	1777323.0	2379144.0	5411063.0	9213371.0	7628192.0	2394692.0
	10.0	11.0	12.0	13.0	14.0	15.0	16.0	17.0	18.0	19.0	20.0	21.0	22.0	23.0	24.0	25.0	26.0	27.0	28.0	29.0	30.0	31.0	32.0	33.0	34.0	35.0	36.0	37.0	38.0	39.0	40.0
Sor-ACeb_008-Ex1-3F-lcwgs-1-3-L2-2	3.0	67.0	591.0	5649.0	29014.0	60718.0	66437.0	53860.0	52224.0	62572.0	76326.0	91734.0	108097.0	129186.0	157514.0	198015.0	265794.0	381026.0	574735.0	990459.0	1491176.0	1846188.0	2013781.0	1935875.0	2460999.0	2786816.0	3278802.0	3656237.0	5113828.0	7352683.0	363342.0
	12.0	13.0	14.0	15.0	16.0	17.0	18.0	19.0	20.0	21.0	22.0	23.0	24.0	25.0	26.0	27.0	28.0	29.0	30.0	31.0	32.0	33.0	34.0	35.0	36.0	37.0	38.0	39.0	40.0
Sor-ACeb_008-Ex1-3F-lcwgs-1-3-L3-1	3.0	33.0	590.0	3102.0	6572.0	8670.0	11973.0	18538.0	25214.0	33507.0	41524.0	49186.0	58773.0	69536.0	82171.0	102178.0	128459.0	183279.0	282800.0	799405.0	2759177.0	3501622.0	3926562.0	3413518.0	2263103.0	2184753.0	2321346.0	4301273.0	2113970.0
	10.0	11.0	12.0	13.0	14.0	15.0	16.0	17.0	18.0	19.0	20.0	21.0	22.0	23.0	24.0	25.0	26.0	27.0	28.0	29.0	30.0	31.0	32.0	33.0	34.0	35.0	36.0	37.0	38.0	39.0	40.0
Sor-ACeb_008-Ex1-3F-lcwgs-1-3-L3-2	9.0	124.0	721.0	5157.0	18658.0	28311.0	26378.0	24031.0	26023.0	31950.0	40145.0	47793.0	55425.0	62623.0	71562.0	85023.0	105804.0	143568.0	198740.0	278506.0	370958.0	496897.0	639431.0	746051.0	1042361.0	1463123.0	2469385.0	4352410.0	7510726.0	7594798.0	754146.0
	13.0	14.0	15.0	16.0	17.0	18.0	19.0	20.0	21.0	22.0	23.0	24.0	25.0	26.0	27.0	28.0	29.0	30.0	31.0	32.0	33.0	34.0	35.0	36.0	37.0	38.0	39.0	40.0
Sor-ACeb_009-Ex1-4F-lcwgs-1-3-L2-1	13.0	206.0	1003.0	2053.0	2245.0	2301.0	2792.0	3583.0	4449.0	5455.0	6195.0	7469.0	8784.0	11012.0	14157.0	20378.0	37188.0	83667.0	138382.0	180370.0	175722.0	198782.0	183684.0	283783.0	449925.0	325871.0	354294.0	141242.0
	11.0	12.0	13.0	14.0	15.0	16.0	17.0	18.0	19.0	20.0	21.0	22.0	23.0	24.0	25.0	26.0	27.0	28.0	29.0	30.0	31.0	32.0	33.0	34.0	35.0	36.0	37.0	38.0	39.0	40.0
Sor-ACeb_009-Ex1-4F-lcwgs-1-3-L2-2	3.0	29.0	361.0	1857.0	4191.0	4892.0	3992.0	3693.0	4432.0	5272.0	6405.0	7679.0	9803.0	12514.0	16777.0	23477.0	36181.0	57379.0	100318.0	147865.0	172272.0	181148.0	162150.0	201064.0	213299.0	231689.0	247324.0	329078.0	438447.0	21414.0
	13.0	14.0	15.0	16.0	17.0	18.0	19.0	20.0	21.0	22.0	23.0	24.0	25.0	26.0	27.0	28.0	29.0	30.0	31.0	32.0	33.0	34.0	35.0	36.0	37.0	38.0	39.0	40.0
Sor-ACeb_009-Ex1-4F-lcwgs-1-3-L3-1	10.0	71.0	279.0	497.0	641.0	939.0	1319.0	1811.0	2271.0	2938.0	3497.0	4157.0	5020.0	6136.0	8012.0	10843.0	16587.0	28976.0	116209.0	351067.0	309196.0	252313.0	177744.0	128904.0	119199.0	108800.0	197448.0	112170.0
	10.0	11.0	12.0	13.0	14.0	15.0	16.0	17.0	18.0	19.0	20.0	21.0	22.0	23.0	24.0	25.0	26.0	27.0	28.0	29.0	30.0	31.0	32.0	33.0	34.0	35.0	36.0	37.0	38.0	39.0	40.0
Sor-ACeb_009-Ex1-4F-lcwgs-1-3-L3-2	1.0	6.0	36.0	333.0	1199.0	1802.0	1835.0	1878.0	2045.0	2613.0	3134.0	3633.0	4029.0	4243.0	5120.0	6095.0	7866.0	11499.0	16215.0	23035.0	30505.0	40257.0	50900.0	57974.0	81543.0	118550.0	201128.0	339392.0	492648.0	413326.0	44214.0
	11.0	12.0	13.0	14.0	15.0	16.0	17.0	18.0	19.0	20.0	21.0	22.0	23.0	24.0	25.0	26.0	27.0	28.0	29.0	30.0	31.0	32.0	33.0	34.0	35.0	36.0	37.0	38.0	39.0	40.0
Sor-ACeb_010-Ex1-5F-lcwgs-1-3-L2-1	3.0	115.0	3509.0	50665.0	256850.0	495081.0	454818.0	313809.0	289770.0	327221.0	383743.0	453929.0	518966.0	597374.0	696190.0	816970.0	1013753.0	1395535.0	2427267.0	4505952.0	8045506.0	11314789.0	15682735.0	21831639.0	27019337.0	26498933.0	22371554.0	25839586.0	50659476.0	30433208.0
	9.0	10.0	11.0	12.0	13.0	14.0	15.0	16.0	17.0	18.0	19.0	20.0	21.0	22.0	23.0	24.0	25.0	26.0	27.0	28.0	29.0	30.0	31.0	32.0	33.0	34.0	35.0	36.0	37.0	38.0	39.0	40.0
Sor-ACeb_010-Ex1-5F-lcwgs-1-3-L2-2	3.0	74.0	1013.0	8725.0	64517.0	314716.0	713037.0	853290.0	601163.0	415268.0	406582.0	453798.0	515435.0	584484.0	670344.0	793455.0	967727.0	1248210.0	1732469.0	2535446.0	4366851.0	6916046.0	9356489.0	10783637.0	11220929.0	14526702.0	17387262.0	22247249.0	26798602.0	41799210.0	72106624.0	4308926.0
	12.0	13.0	14.0	15.0	16.0	17.0	18.0	19.0	20.0	21.0	22.0	23.0	24.0	25.0	26.0	27.0	28.0	29.0	30.0	31.0	32.0	33.0	34.0	35.0	36.0	37.0	38.0	39.0	40.0
Sor-ACeb_010-Ex1-5F-lcwgs-1-3-L3-1	8.0	438.0	6507.0	35406.0	69721.0	75629.0	86899.0	115943.0	153678.0	191886.0	237635.0	283920.0	337058.0	405487.0	478063.0	584380.0	716778.0	968032.0	1404627.0	3019806.0	11143672.0	22882343.0	25559386.0	20428659.0	18586990.0	17598052.0	18045035.0	40144975.0	24522970.0
	9.0	10.0	11.0	12.0	13.0	14.0	15.0	16.0	17.0	18.0	19.0	20.0	21.0	22.0	23.0	24.0	25.0	26.0	27.0	28.0	29.0	30.0	31.0	32.0	33.0	34.0	35.0	36.0	37.0	38.0	39.0	40.0
Sor-ACeb_010-Ex1-5F-lcwgs-1-3-L3-2	3.0	105.0	1191.0	7129.0	46439.0	171567.0	255200.0	233145.0	192374.0	183522.0	206186.0	236221.0	262269.0	290090.0	320967.0	364931.0	428576.0	525553.0	707874.0	999695.0	1449315.0	2020642.0	2821589.0	3700965.0	4525051.0	6317828.0	8822957.0	15005645.0	26641292.0	51660011.0	69901118.0	9784533.0
	12.0	13.0	14.0	15.0	16.0	17.0	18.0	19.0	20.0	21.0	22.0	23.0	24.0	25.0	26.0	27.0	28.0	29.0	30.0	31.0	32.0	33.0	34.0	35.0	36.0	37.0	38.0	39.0	40.0
Sor-ACeb_011-Ex1-6F-lcwgs-1-3-L2-1	15.0	471.0	5023.0	20194.0	36378.0	40348.0	42482.0	51678.0	63312.0	74724.0	88467.0	100760.0	112188.0	127662.0	142710.0	162822.0	198626.0	267543.0	374836.0	543677.0	752610.0	963881.0	1410254.0	2053010.0	3162115.0	3103970.0	3946962.0	15673781.0	12374128.0
	9.0	10.0	11.0	12.0	13.0	14.0	15.0	16.0	17.0	18.0	19.0	20.0	21.0	22.0	23.0	24.0	25.0	26.0	27.0	28.0	29.0	30.0	31.0	32.0	33.0	34.0	35.0	36.0	37.0	38.0	39.0	40.0
Sor-ACeb_011-Ex1-6F-lcwgs-1-3-L2-2	1.0	8.0	159.0	1242.0	7512.0	33999.0	76772.0	98364.0	86700.0	77079.0	82243.0	93489.0	105349.0	118184.0	133277.0	146817.0	167565.0	193773.0	232422.0	299979.0	439113.0	646776.0	875551.0	1029957.0	1132288.0	1444640.0	1791361.0	2421697.0	3266482.0	6255057.0	22407674.0	2229097.0
	12.0	13.0	14.0	15.0	16.0	17.0	18.0	19.0	20.0	21.0	22.0	23.0	24.0	25.0	26.0	27.0	28.0	29.0	30.0	31.0	32.0	33.0	34.0	35.0	36.0	37.0	38.0	39.0	40.0
Sor-ACeb_011-Ex1-6F-lcwgs-1-3-L3-1	2.0	97.0	999.0	4287.0	8765.0	11839.0	16459.0	23081.0	31023.0	37892.0	46231.0	55552.0	64016.0	73689.0	84673.0	96288.0	112660.0	135162.0	175731.0	318252.0	959126.0	1618922.0	2021531.0	1917152.0	1972673.0	2218774.0	2717872.0	13955018.0	10055774.0
	10.0	11.0	12.0	13.0	14.0	15.0	16.0	17.0	18.0	19.0	20.0	21.0	22.0	23.0	24.0	25.0	26.0	27.0	28.0	29.0	30.0	31.0	32.0	33.0	34.0	35.0	36.0	37.0	38.0	39.0	40.0
Sor-ACeb_011-Ex1-6F-lcwgs-1-3-L3-2	27.0	243.0	1431.0	7582.0	24280.0	38755.0	41590.0	39064.0	39788.0	45364.0	52615.0	59242.0	65066.0	71556.0	78772.0	89239.0	100287.0	118521.0	146356.0	187751.0	244139.0	319502.0	407211.0	501687.0	684470.0	941355.0	1545471.0	2709449.0	5831730.0	18495363.0	5845634.0
	12.0	13.0	14.0	15.0	16.0	17.0	18.0	19.0	20.0	21.0	22.0	23.0	24.0	25.0	26.0	27.0	28.0	29.0	30.0	31.0	32.0	33.0	34.0	35.0	36.0	37.0	38.0	39.0	40.0
Sor-ACeb_012-Ex1-7F-lcwgs-1-3-L2-1	12.0	237.0	3415.0	16958.0	37479.0	45106.0	45281.0	51652.0	61570.0	74392.0	88208.0	101142.0	115861.0	133779.0	151835.0	177093.0	206114.0	250128.0	315339.0	400603.0	548124.0	736006.0	1034052.0	1328252.0	1814992.0	3610292.0	15528443.0	22353811.0	6167005.0
	10.0	11.0	12.0	13.0	14.0	15.0	16.0	17.0	18.0	19.0	20.0	21.0	22.0	23.0	24.0	25.0	26.0	27.0	28.0	29.0	30.0	31.0	32.0	33.0	34.0	35.0	36.0	37.0	38.0	39.0	40.0
Sor-ACeb_012-Ex1-7F-lcwgs-1-3-L2-2	9.0	100.0	829.0	6074.0	30846.0	73401.0	90763.0	76179.0	68203.0	75963.0	89393.0	105174.0	122214.0	142917.0	170727.0	211767.0	274057.0	383069.0	555482.0	947888.0	1494295.0	2032558.0	2354923.0	2447779.0	3162526.0	3809723.0	4929775.0	5996552.0	9326371.0	15540417.0	877207.0
	12.0	13.0	14.0	15.0	16.0	17.0	18.0	19.0	20.0	21.0	22.0	23.0	24.0	25.0	26.0	27.0	28.0	29.0	30.0	31.0	32.0	33.0	34.0	35.0	36.0	37.0	38.0	39.0	40.0
Sor-ACeb_012-Ex1-7F-lcwgs-1-3-L3-1	2.0	67.0	792.0	4151.0	9020.0	12748.0	17687.0	25534.0	34140.0	43659.0	54473.0	65337.0	77244.0	92280.0	107932.0	130591.0	158751.0	208717.0	287904.0	528618.0	1704405.0	3185906.0	4993723.0	5726477.0	4321022.0	4062882.0	4640916.0	10569909.0	4836319.0
	10.0	11.0	12.0	13.0	14.0	15.0	16.0	17.0	18.0	19.0	20.0	21.0	22.0	23.0	24.0	25.0	26.0	27.0	28.0	29.0	30.0	31.0	32.0	33.0	34.0	35.0	36.0	37.0	38.0	39.0	40.0
Sor-ACeb_012-Ex1-7F-lcwgs-1-3-L3-2	21.0	195.0	1156.0	5925.0	19001.0	31041.0	33606.0	33160.0	36108.0	43781.0	52277.0	60055.0	67448.0	74720.0	85807.0	100863.0	123289.0	164483.0	230878.0	330955.0	457892.0	639705.0	841443.0	1032626.0	1448358.0	2028719.0	3453102.0	6084536.0	11605955.0	14898955.0	1915146.0
	11.0	12.0	13.0	14.0	15.0	16.0	17.0	18.0	19.0	20.0	21.0	22.0	23.0	24.0	25.0	26.0	27.0	28.0	29.0	30.0	31.0	32.0	33.0	34.0	35.0	36.0	37.0	38.0	39.0	40.0
Sor-ACeb_013-Ex1-8F-lcwgs-1-3-L2-1	2.0	68.0	2056.0	26501.0	125421.0	244761.0	246419.0	194411.0	187311.0	210575.0	244560.0	286280.0	328120.0	372598.0	428298.0	485698.0	562717.0	665302.0	822700.0	1089866.0	1451518.0	1950777.0	2380356.0	3233579.0	4167026.0	6450257.0	16300842.0	48617637.0	70058386.0	31516160.0
	9.0	10.0	11.0	12.0	13.0	14.0	15.0	16.0	17.0	18.0	19.0	20.0	21.0	22.0	23.0	24.0	25.0	26.0	27.0	28.0	29.0	30.0	31.0	32.0	33.0	34.0	35.0	36.0	37.0	38.0	39.0	40.0
Sor-ACeb_013-Ex1-8F-lcwgs-1-3-L2-2	1.0	60.0	1159.0	7674.0	48820.0	217018.0	464138.0	542164.0	403698.0	306471.0	305062.0	334603.0	370938.0	416122.0	467523.0	533609.0	631368.0	772345.0	1003223.0	1371919.0	2199401.0	3493755.0	4958171.0	5902771.0	6446916.0	8392786.0	10441726.0	14132091.0	18333303.0	31506370.0	73699286.0	4945711.0
	12.0	13.0	14.0	15.0	16.0	17.0	18.0	19.0	20.0	21.0	22.0	23.0	24.0	25.0	26.0	27.0	28.0	29.0	30.0	31.0	32.0	33.0	34.0	35.0	36.0	37.0	38.0	39.0	40.0
Sor-ACeb_013-Ex1-8F-lcwgs-1-3-L3-1	4.0	220.0	3521.0	18469.0	38592.0	46430.0	56289.0	77762.0	102837.0	129691.0	161087.0	193634.0	227320.0	273391.0	319201.0	379755.0	456323.0	574752.0	768711.0	1282299.0	3715619.0	7467484.0	12825209.0	15677784.0	12499854.0	12875206.0	15906885.0	50144788.0	26984610.0
	9.0	10.0	11.0	12.0	13.0	14.0	15.0	16.0	17.0	18.0	19.0	20.0	21.0	22.0	23.0	24.0	25.0	26.0	27.0	28.0	29.0	30.0	31.0	32.0	33.0	34.0	35.0	36.0	37.0	38.0	39.0	40.0
Sor-ACeb_013-Ex1-8F-lcwgs-1-3-L3-2	2.0	76.0	929.0	6216.0	40217.0	141342.0	204789.0	186891.0	157093.0	150231.0	164009.0	184191.0	203764.0	224724.0	246920.0	275347.0	318959.0	374499.0	474194.0	627818.0	872109.0	1201578.0	1666450.0	2203782.0	2747260.0	3816480.0	5269111.0	8879958.0	15980457.0	34322896.0	68029125.0	14236310.0
	11.0	12.0	13.0	14.0	15.0	16.0	17.0	18.0	19.0	20.0	21.0	22.0	23.0	24.0	25.0	26.0	27.0	28.0	29.0	30.0	31.0	32.0	33.0	34.0	35.0	36.0	37.0	38.0	39.0	40.0
Sor-ACeb_014-Ex1-9F-lcwgs-1-3-L2-1	3.0	72.0	2512.0	37879.0	206778.0	441675.0	436531.0	297904.0	245243.0	260301.0	297592.0	346860.0	396716.0	449408.0	517310.0	591134.0	696734.0	850680.0	1145131.0	1700774.0	2663967.0	3860063.0	4624423.0	6610508.0	8138638.0	13451038.0	32472157.0	43057898.0	60472070.0	31267612.0
	9.0	10.0	11.0	12.0	13.0	14.0	15.0	16.0	17.0	18.0	19.0	20.0	21.0	22.0	23.0	24.0	25.0	26.0	27.0	28.0	29.0	30.0	31.0	32.0	33.0	34.0	35.0	36.0	37.0	38.0	39.0	40.0
Sor-ACeb_014-Ex1-9F-lcwgs-1-3-L2-2	1.0	83.0	1319.0	8821.0	57032.0	272702.0	640464.0	781408.0	538420.0	354628.0	342893.0	381791.0	431668.0	489092.0	560242.0	654708.0	789509.0	996893.0	1347355.0	1921974.0	3233606.0	5114746.0	7015466.0	8215615.0	8683148.0	11202620.0	13626468.0	17793207.0	21907504.0	35283873.0	68403213.0	4489142.0
	12.0	13.0	14.0	15.0	16.0	17.0	18.0	19.0	20.0	21.0	22.0	23.0	24.0	25.0	26.0	27.0	28.0	29.0	30.0	31.0	32.0	33.0	34.0	35.0	36.0	37.0	38.0	39.0	40.0
Sor-ACeb_014-Ex1-9F-lcwgs-1-3-L3-1	8.0	267.0	5233.0	30887.0	65346.0	68526.0	71224.0	93029.0	123272.0	154705.0	193213.0	230683.0	271087.0	325400.0	380201.0	458085.0	555694.0	729679.0	1034752.0	2206335.0	7374700.0	12635715.0	18290576.0	19001861.0	14348355.0	15526848.0	17695014.0	42084103.0	25441255.0
	10.0	11.0	12.0	13.0	14.0	15.0	16.0	17.0	18.0	19.0	20.0	21.0	22.0	23.0	24.0	25.0	26.0	27.0	28.0	29.0	30.0	31.0	32.0	33.0	34.0	35.0	36.0	37.0	38.0	39.0	40.0
Sor-ACeb_014-Ex1-9F-lcwgs-1-3-L3-2	88.0	1080.0	6678.0	40009.0	148129.0	226682.0	207874.0	165695.0	154916.0	172764.0	199220.0	226080.0	252464.0	279886.0	316046.0	368616.0	440323.0	582240.0	794044.0	1126256.0	1559580.0	2184797.0	2886475.0	3560755.0	4976413.0	6963909.0	11933977.0	21250767.0	42271100.0	65002488.0	11096702.0
	12.0	13.0	14.0	15.0	16.0	17.0	18.0	19.0	20.0	21.0	22.0	23.0	24.0	25.0	26.0	27.0	28.0	29.0	30.0	31.0	32.0	33.0	34.0	35.0	36.0	37.0	38.0	39.0	40.0
Sor-ACeb_015-Ex1-10F-lcwgs-1-3-L2-1	2.0	89.0	1193.0	5737.0	10390.0	10897.0	10902.0	12801.0	15661.0	18963.0	23235.0	26325.0	30763.0	36012.0	41837.0	51326.0	65427.0	99817.0	174111.0	321632.0	494584.0	642649.0	943299.0	1284194.0	1986320.0	1520078.0	1461021.0	2581007.0	1340035.0
	10.0	11.0	12.0	13.0	14.0	15.0	16.0	17.0	18.0	19.0	20.0	21.0	22.0	23.0	24.0	25.0	26.0	27.0	28.0	29.0	30.0	31.0	32.0	33.0	34.0	35.0	36.0	37.0	38.0	39.0	40.0
Sor-ACeb_015-Ex1-10F-lcwgs-1-3-L2-2	2.0	36.0	265.0	2699.0	13252.0	25788.0	27236.0	21299.0	18586.0	20211.0	23232.0	26480.0	30482.0	34806.0	42172.0	51155.0	65709.0	91341.0	131664.0	225101.0	358791.0	495584.0	576811.0	601030.0	775560.0	944463.0	1212823.0	1447845.0	2178821.0	3574348.0	192715.0
	12.0	13.0	14.0	15.0	16.0	17.0	18.0	19.0	20.0	21.0	22.0	23.0	24.0	25.0	26.0	27.0	28.0	29.0	30.0	31.0	32.0	33.0	34.0	35.0	36.0	37.0	38.0	39.0	40.0
Sor-ACeb_015-Ex1-10F-lcwgs-1-3-L3-1	1.0	13.0	224.0	1091.0	2330.0	3199.0	4331.0	6249.0	8135.0	10515.0	12915.0	15427.0	18388.0	22599.0	26456.0	32048.0	39203.0	53783.0	77001.0	159608.0	611022.0	1276616.0	1467617.0	1183524.0	1008052.0	957946.0	938980.0	1855676.0	1140531.0
	10.0	11.0	12.0	13.0	14.0	15.0	16.0	17.0	18.0	19.0	20.0	21.0	22.0	23.0	24.0	25.0	26.0	27.0	28.0	29.0	30.0	31.0	32.0	33.0	34.0	35.0	36.0	37.0	38.0	39.0	40.0
Sor-ACeb_015-Ex1-10F-lcwgs-1-3-L3-2	9.0	66.0	367.0	2619.0	9651.0	13457.0	11314.0	9623.0	9501.0	10805.0	12482.0	14225.0	15747.0	17487.0	20106.0	23875.0	29036.0	38810.0	53925.0	77637.0	108850.0	153310.0	201029.0	245119.0	343008.0	482797.0	828373.0	1470201.0	2782293.0	3512503.0	435255.0
	11.0	12.0	13.0	14.0	15.0	16.0	17.0	18.0	19.0	20.0	21.0	22.0	23.0	24.0	25.0	26.0	27.0	28.0	29.0	30.0	31.0	32.0	33.0	34.0	35.0	36.0	37.0	38.0	39.0	40.0
Sor-ACeb_016-Ex1-11F-lcwgs-1-3-L2-1	1.0	12.0	312.0	3802.0	18512.0	39086.0	40712.0	30595.0	25887.0	27288.0	31347.0	36781.0	40665.0	46828.0	53036.0	61683.0	72847.0	88943.0	115549.0	165585.0	246732.0	366863.0	477394.0	587209.0	627723.0	773043.0	1593386.0	5964889.0	6206173.0	2175681.0
	10.0	11.0	12.0	13.0	14.0	15.0	16.0	17.0	18.0	19.0	20.0	21.0	22.0	23.0	24.0	25.0	26.0	27.0	28.0	29.0	30.0	31.0	32.0	33.0	34.0	35.0	36.0	37.0	38.0	39.0	40.0
Sor-ACeb_016-Ex1-11F-lcwgs-1-3-L2-2	10.0	198.0	1195.0	7883.0	35102.0	72285.0	80040.0	54624.0	38111.0	36033.0	39357.0	43601.0	49214.0	56806.0	67294.0	83706.0	109504.0	153130.0	225285.0	383886.0	608644.0	789222.0	860615.0	857318.0	1105100.0	1302547.0	1656207.0	2077314.0	3299618.0	5503859.0	320856.0
	13.0	14.0	15.0	16.0	17.0	18.0	19.0	20.0	21.0	22.0	23.0	24.0	25.0	26.0	27.0	28.0	29.0	30.0	31.0	32.0	33.0	34.0	35.0	36.0	37.0	38.0	39.0	40.0
Sor-ACeb_016-Ex1-11F-lcwgs-1-3-L3-1	44.0	545.0	3053.0	6689.0	7109.0	7487.0	9517.0	12650.0	15950.0	19646.0	23421.0	27721.0	33013.0	39156.0	48592.0	60128.0	80636.0	115856.0	239674.0	837358.0	1399647.0	1808445.0	1880499.0	1374416.0	1302929.0	1521297.0	3399634.0	1871063.0
	10.0	11.0	12.0	13.0	14.0	15.0	16.0	17.0	18.0	19.0	20.0	21.0	22.0	23.0	24.0	25.0	26.0	27.0	28.0	29.0	30.0	31.0	32.0	33.0	34.0	35.0	36.0	37.0	38.0	39.0	40.0
Sor-ACeb_016-Ex1-11F-lcwgs-1-3-L3-2	12.0	128.0	974.0	6578.0	23633.0	33391.0	28879.0	23538.0	22790.0	25999.0	31193.0	35835.0	39618.0	39953.0	41478.0	45544.0	53605.0	70668.0	95957.0	133757.0	181029.0	241557.0	305808.0	366503.0	501127.0	688649.0	1138603.0	2021068.0	3894630.0	5262965.0	790706.0
	12.0	13.0	14.0	15.0	16.0	17.0	18.0	19.0	20.0	21.0	22.0	23.0	24.0	25.0	26.0	27.0	28.0	29.0	30.0	31.0	32.0	33.0	34.0	35.0	36.0	37.0	38.0	39.0	40.0
Sor-ACeb_017-Ex1-12F-lcwgs-1-3-L2-1	11.0	245.0	2787.0	12831.0	23697.0	23068.0	19886.0	21342.0	25700.0	31884.0	38498.0	44301.0	50721.0	59834.0	72451.0	96494.0	155351.0	311882.0	576278.0	876741.0	1015719.0	998395.0	1226243.0	1522269.0	2010103.0	1490694.0	1505252.0	2808953.0	1719053.0
	9.0	10.0	11.0	12.0	13.0	14.0	15.0	16.0	17.0	18.0	19.0	20.0	21.0	22.0	23.0	24.0	25.0	26.0	27.0	28.0	29.0	30.0	31.0	32.0	33.0	34.0	35.0	36.0	37.0	38.0	39.0	40.0
Sor-ACeb_017-Ex1-12F-lcwgs-1-3-L2-2	1.0	12.0	60.0	574.0	4760.0	22524.0	45629.0	49586.0	35937.0	28147.0	28454.0	30887.0	33958.0	38881.0	45287.0	55658.0	70603.0	96315.0	141519.0	218957.0	392187.0	634520.0	822746.0	869612.0	815167.0	1001072.0	1152878.0	1405233.0	1737265.0	2740543.0	3966185.0	255526.0
	13.0	14.0	15.0	16.0	17.0	18.0	19.0	20.0	21.0	22.0	23.0	24.0	25.0	26.0	27.0	28.0	29.0	30.0	31.0	32.0	33.0	34.0	35.0	36.0	37.0	38.0	39.0	40.0
Sor-ACeb_017-Ex1-12F-lcwgs-1-3-L3-1	36.0	434.0	1929.0	3785.0	4614.0	5874.0	8210.0	11311.0	14344.0	17789.0	20667.0	24149.0	29982.0	35486.0	44275.0	56276.0	79703.0	130305.0	391944.0	1520091.0	1696323.0	1529730.0	1172715.0	1000995.0	969178.0	921055.0	1998884.0	1354812.0
	9.0	10.0	11.0	12.0	13.0	14.0	15.0	16.0	17.0	18.0	19.0	20.0	21.0	22.0	23.0	24.0	25.0	26.0	27.0	28.0	29.0	30.0	31.0	32.0	33.0	34.0	35.0	36.0	37.0	38.0	39.0	40.0
Sor-ACeb_017-Ex1-12F-lcwgs-1-3-L3-2	1.0	4.0	80.0	715.0	5544.0	18867.0	26270.0	24633.0	23363.0	26698.0	33322.0	39767.0	40517.0	39617.0	37572.0	38349.0	43141.0	51414.0	69569.0	95515.0	133405.0	182973.0	243733.0	308687.0	362057.0	487573.0	682586.0	1097908.0	1807548.0	2996261.0	3579320.0	547887.0
	11.0	12.0	13.0	14.0	15.0	16.0	17.0	18.0	19.0	20.0	21.0	22.0	23.0	24.0	25.0	26.0	27.0	28.0	29.0	30.0	31.0	32.0	33.0	34.0	35.0	36.0	37.0	38.0	39.0	40.0
Sor-ACeb_018-Ex1-1G-lcwgs-1-3-L2-1	4.0	12.0	416.0	5415.0	27218.0	56379.0	64610.0	62212.0	70201.0	85643.0	103511.0	124030.0	143495.0	164663.0	191227.0	218715.0	254833.0	304043.0	391326.0	530970.0	721435.0	964781.0	1170671.0	1590831.0	2015420.0	3143901.0	8117059.0	22365080.0	27201070.0	11218663.0
	9.0	10.0	11.0	12.0	13.0	14.0	15.0	16.0	17.0	18.0	19.0	20.0	21.0	22.0	23.0	24.0	25.0	26.0	27.0	28.0	29.0	30.0	31.0	32.0	33.0	34.0	35.0	36.0	37.0	38.0	39.0	40.0
Sor-ACeb_018-Ex1-1G-lcwgs-1-3-L2-2	3.0	26.0	321.0	2713.0	24306.0	106592.0	180954.0	176178.0	135788.0	117412.0	127266.0	145800.0	168273.0	192391.0	222954.0	265468.0	327389.0	438453.0	648676.0	1084597.0	1968318.0	3061567.0	4185172.0	4847790.0	4988273.0	5374347.0	5718513.0	7013895.0	7721613.0	11086096.0	19675197.0	1301493.0
	13.0	14.0	15.0	16.0	17.0	18.0	19.0	20.0	21.0	22.0	23.0	24.0	25.0	26.0	27.0	28.0	29.0	30.0	31.0	32.0	33.0	34.0	35.0	36.0	37.0	38.0	39.0	40.0
Sor-ACeb_018-Ex1-1G-lcwgs-1-3-L3-1	54.0	889.0	4734.0	10898.0	16134.0	22931.0	33420.0	46070.0	59070.0	74689.0	90367.0	106542.0	129072.0	150717.0	182053.0	220052.0	283442.0	385344.0	686685.0	2127458.0	3963609.0	6279563.0	7364833.0	5797108.0	6046308.0	7246404.0	17327735.0	9366767.0
	9.0	10.0	11.0	12.0	13.0	14.0	15.0	16.0	17.0	18.0	19.0	20.0	21.0	22.0	23.0	24.0	25.0	26.0	27.0	28.0	29.0	30.0	31.0	32.0	33.0	34.0	35.0	36.0	37.0	38.0	39.0	40.0
Sor-ACeb_018-Ex1-1G-lcwgs-1-3-L3-2	2.0	55.0	426.0	3050.0	23091.0	79085.0	96745.0	76758.0	62653.0	60638.0	66768.0	78891.0	97449.0	119318.0	130630.0	142429.0	163746.0	201230.0	275911.0	402899.0	616353.0	899946.0	1301326.0	1728331.0	2198124.0	3123750.0	4383737.0	6793883.0	9244123.0	13324051.0	18747054.0	3580496.0
	14.0	15.0	16.0	17.0	18.0	19.0	20.0	21.0	22.0	23.0	24.0	25.0	26.0	27.0	28.0	29.0	30.0	31.0	32.0	33.0	34.0	35.0	36.0	37.0	38.0	39.0	40.0
Sor-ACeb_019-Ex1-3G-lcwgs-1-3-L2-1	14.0	45.0	99.0	114.0	85.0	77.0	128.0	127.0	166.0	188.0	217.0	258.0	279.0	382.0	485.0	644.0	1016.0	1504.0	2015.0	2152.0	2605.0	2707.0	4005.0	8009.0	11500.0	11702.0	3570.0
	12.0	13.0	14.0	15.0	16.0	17.0	18.0	19.0	20.0	21.0	22.0	23.0	24.0	25.0	26.0	27.0	28.0	29.0	30.0	31.0	32.0	33.0	34.0	35.0	36.0	37.0	38.0	39.0	40.0
Sor-ACeb_019-Ex1-3G-lcwgs-1-3-L2-2	3.0	23.0	79.0	181.0	195.0	139.0	127.0	136.0	186.0	193.0	244.0	302.0	360.0	475.0	697.0	1114.0	1866.0	2974.0	3721.0	3953.0	4092.0	3557.0	3605.0	3593.0	4056.0	4227.0	5712.0	7876.0	407.0
	14.0	15.0	16.0	17.0	18.0	19.0	20.0	21.0	22.0	23.0	24.0	25.0	26.0	27.0	28.0	29.0	30.0	31.0	32.0	33.0	34.0	35.0	36.0	37.0	38.0	39.0	40.0
Sor-ACeb_019-Ex1-3G-lcwgs-1-3-L3-1	3.0	8.0	7.0	11.0	12.0	18.0	23.0	34.0	38.0	31.0	53.0	72.0	78.0	83.0	132.0	176.0	283.0	572.0	1593.0	1862.0	1971.0	1700.0	1230.0	1243.0	1301.0	2644.0	1158.0
	12.0	13.0	14.0	15.0	16.0	17.0	18.0	19.0	20.0	21.0	22.0	23.0	24.0	25.0	26.0	27.0	28.0	29.0	30.0	31.0	32.0	33.0	34.0	35.0	36.0	37.0	38.0	39.0	40.0
Sor-ACeb_019-Ex1-3G-lcwgs-1-3-L3-2	1.0	6.0	24.0	31.0	33.0	23.0	28.0	30.0	47.0	52.0	57.0	46.0	85.0	83.0	115.0	150.0	201.0	258.0	348.0	459.0	596.0	689.0	1012.0	1392.0	1994.0	2432.0	2806.0	2916.0	422.0
	12.0	13.0	14.0	15.0	16.0	17.0	18.0	19.0	20.0	21.0	22.0	23.0	24.0	25.0	26.0	27.0	28.0	29.0	30.0	31.0	32.0	33.0	34.0	35.0	36.0	37.0	38.0	39.0	40.0
Sor-ACeb_020-Ex1-2G-lcwgs-1-3-L2-1	1.0	4.0	33.0	174.0	298.0	325.0	431.0	515.0	707.0	901.0	1121.0	1539.0	1940.0	2428.0	3211.0	3800.0	4348.0	5058.0	5966.0	7589.0	9670.0	10970.0	14378.0	16260.0	22493.0	44992.0	73136.0	123335.0	48598.0
	10.0	11.0	12.0	13.0	14.0	15.0	16.0	17.0	18.0	19.0	20.0	21.0	22.0	23.0	24.0	25.0	26.0	27.0	28.0	29.0	30.0	31.0	32.0	33.0	34.0	35.0	36.0	37.0	38.0	39.0	40.0
Sor-ACeb_020-Ex1-2G-lcwgs-1-3-L2-2	1.0	4.0	25.0	126.0	440.0	690.0	748.0	761.0	708.0	788.0	995.0	1197.0	1453.0	2065.0	2701.0	3669.0	5121.0	7045.0	10827.0	17084.0	22604.0	26035.0	25488.0	23326.0	22534.0	21668.0	25002.0	27213.0	40309.0	105269.0	8325.0
	13.0	14.0	15.0	16.0	17.0	18.0	19.0	20.0	21.0	22.0	23.0	24.0	25.0	26.0	27.0	28.0	29.0	30.0	31.0	32.0	33.0	34.0	35.0	36.0	37.0	38.0	39.0	40.0
Sor-ACeb_020-Ex1-2G-lcwgs-1-3-L3-1	1.0	2.0	42.0	92.0	123.0	172.0	266.0	438.0	560.0	800.0	1167.0	1558.0	2032.0	2536.0	2938.0	3415.0	4044.0	4683.0	7649.0	18516.0	25572.0	30218.0	27455.0	20354.0	21276.0	24640.0	90996.0	39691.0
	11.0	12.0	13.0	14.0	15.0	16.0	17.0	18.0	19.0	20.0	21.0	22.0	23.0	24.0	25.0	26.0	27.0	28.0	29.0	30.0	31.0	32.0	33.0	34.0	35.0	36.0	37.0	38.0	39.0	40.0
Sor-ACeb_020-Ex1-2G-lcwgs-1-3-L3-2	11.0	45.0	122.0	247.0	354.0	314.0	312.0	305.0	350.0	425.0	492.0	679.0	797.0	938.0	1427.0	2154.0	3309.0	4774.0	6234.0	7897.0	9800.0	11640.0	13373.0	17705.0	22786.0	30310.0	35128.0	44801.0	90588.0	23919.0
	14.0	15.0	16.0	17.0	18.0	19.0	20.0	21.0	22.0	23.0	24.0	25.0	26.0	27.0	28.0	29.0	30.0	31.0	32.0	33.0	34.0	35.0	36.0	37.0	38.0	39.0	40.0
Sor-ACeb_021-Ex1-4G-lcwgs-1-3-L2-1	1.0	5.0	16.0	18.0	17.0	18.0	32.0	23.0	29.0	49.0	64.0	67.0	71.0	98.0	100.0	208.0	372.0	539.0	775.0	711.0	865.0	854.0	1376.0	1967.0	1548.0	2377.0	1019.0
	12.0	13.0	14.0	15.0	16.0	17.0	18.0	19.0	20.0	21.0	22.0	23.0	24.0	25.0	26.0	27.0	28.0	29.0	30.0	31.0	32.0	33.0	34.0	35.0	36.0	37.0	38.0	39.0	40.0
Sor-ACeb_021-Ex1-4G-lcwgs-1-3-L2-2	1.0	4.0	12.0	35.0	26.0	39.0	28.0	23.0	34.0	40.0	51.0	60.0	92.0	139.0	187.0	290.0	467.0	760.0	887.0	1015.0	946.0	858.0	857.0	821.0	877.0	1042.0	1384.0	2143.0	101.0
	17.0	18.0	19.0	20.0	21.0	22.0	23.0	24.0	25.0	26.0	27.0	28.0	29.0	30.0	31.0	32.0	33.0	34.0	35.0	36.0	37.0	38.0	39.0	40.0
Sor-ACeb_021-Ex1-4G-lcwgs-1-3-L3-1	2.0	0.0	5.0	2.0	7.0	8.0	7.0	11.0	16.0	26.0	17.0	32.0	35.0	77.0	158.0	512.0	457.0	427.0	358.0	293.0	265.0	281.0	561.0	306.0
	13.0	14.0	15.0	16.0	17.0	18.0	19.0	20.0	21.0	22.0	23.0	24.0	25.0	26.0	27.0	28.0	29.0	30.0	31.0	32.0	33.0	34.0	35.0	36.0	37.0	38.0	39.0	40.0
Sor-ACeb_021-Ex1-4G-lcwgs-1-3-L3-2	1.0	4.0	2.0	5.0	8.0	6.0	10.0	11.0	8.0	13.0	9.0	20.0	25.0	16.0	40.0	38.0	69.0	65.0	107.0	137.0	166.0	248.0	365.0	458.0	542.0	658.0	705.0	127.0
	12.0	13.0	14.0	15.0	16.0	17.0	18.0	19.0	20.0	21.0	22.0	23.0	24.0	25.0	26.0	27.0	28.0	29.0	30.0	31.0	32.0	33.0	34.0	35.0	36.0	37.0	38.0	39.0	40.0
Sor-ACeb_022-Ex1-5G-lcwgs-1-3-L2-1	3.0	90.0	1205.0	5360.0	10397.0	11056.0	11475.0	14516.0	19035.0	23480.0	27755.0	32745.0	36707.0	41170.0	46670.0	53340.0	66585.0	98344.0	164386.0	293117.0	417509.0	564366.0	755381.0	897190.0	871192.0	756650.0	899080.0	2322660.0	1594179.0
	10.0	11.0	12.0	13.0	14.0	15.0	16.0	17.0	18.0	19.0	20.0	21.0	22.0	23.0	24.0	25.0	26.0	27.0	28.0	29.0	30.0	31.0	32.0	33.0	34.0	35.0	36.0	37.0	38.0	39.0	40.0
Sor-ACeb_022-Ex1-5G-lcwgs-1-3-L2-2	3.0	41.0	323.0	2362.0	10614.0	21272.0	24251.0	19935.0	19862.0	23502.0	29774.0	35747.0	42372.0	49056.0	56117.0	66386.0	83272.0	117022.0	189734.0	329535.0	471497.0	587961.0	618554.0	586922.0	597230.0	604750.0	711343.0	764898.0	1104256.0	2652869.0	214183.0
	12.0	13.0	14.0	15.0	16.0	17.0	18.0	19.0	20.0	21.0	22.0	23.0	24.0	25.0	26.0	27.0	28.0	29.0	30.0	31.0	32.0	33.0	34.0	35.0	36.0	37.0	38.0	39.0	40.0
Sor-ACeb_022-Ex1-5G-lcwgs-1-3-L3-1	1.0	17.0	178.0	907.0	1890.0	2652.0	4017.0	6251.0	8765.0	11902.0	14514.0	17793.0	21136.0	24262.0	27877.0	32082.0	37383.0	47274.0	62818.0	115958.0	376036.0	765507.0	821280.0	650082.0	588226.0	571838.0	613040.0	1952556.0	1247887.0
	10.0	11.0	12.0	13.0	14.0	15.0	16.0	17.0	18.0	19.0	20.0	21.0	22.0	23.0	24.0	25.0	26.0	27.0	28.0	29.0	30.0	31.0	32.0	33.0	34.0	35.0	36.0	37.0	38.0	39.0	40.0
Sor-ACeb_022-Ex1-5G-lcwgs-1-3-L3-2	1.0	38.0	335.0	1885.0	5950.0	8825.0	8369.0	7827.0	8349.0	10594.0	13755.0	17568.0	21506.0	25245.0	28657.0	32856.0	38918.0	50351.0	69648.0	98691.0	134791.0	180960.0	227266.0	275967.0	381784.0	520072.0	753299.0	949542.0	1255542.0	2284170.0	611368.0

