Sample	1.0	2.0	3.0	4.0	5.0	6.0	7.0	8.0	9.0	>10	>50	>100	>500	>1k	>5k	>10k+	1.0	2.0	3.0	4.0	5.0	6.0	7.0	8.0	9.0	1.0	2.0	3.0	4.0	5.0	6.0	7.0	8.0	9.0	1.0	2.0	3.0	4.0	5.0	6.0	7.0	8.0	9.0	1.0	2.0	3.0	4.0	5.0	6.0	7.0	8.0	9.0	1.0	2.0	3.0	4.0	5.0	6.0	7.0	8.0	9.0	1.0	2.0	3.0	4.0	5.0	6.0	7.0	8.0	9.0	1.0	2.0	3.0	4.0	5.0	6.0	7.0	8.0	9.0	1.0	2.0	3.0	4.0	5.0	6.0	7.0	8.0	9.0	1.0	2.0	3.0	4.0	5.0	6.0	7.0	8.0	9.0	1.0	2.0	3.0	4.0	5.0	6.0	7.0	8.0	9.0	1.0	2.0	3.0	4.0	5.0	6.0	7.0	8.0	9.0	1.0	2.0	3.0	4.0	5.0	6.0	7.0	8.0	9.0	1.0	2.0	3.0	4.0	5.0	6.0	7.0	8.0	9.0	1.0	2.0	3.0	4.0	5.0	6.0	7.0	8.0	9.0	1.0	2.0	3.0	4.0	5.0	6.0	7.0	8.0	9.0	1.0	2.0	3.0	4.0	5.0	6.0	7.0	8.0	9.0	1.0	2.0	3.0	4.0	5.0	6.0	7.0	8.0	9.0	1.0	2.0	3.0	4.0	5.0	6.0	7.0	8.0	9.0	1.0	2.0	3.0	4.0	5.0	6.0	7.0	8.0	9.0	1.0	2.0	3.0	4.0	5.0	6.0	7.0	8.0	9.0	1.0	2.0	3.0	4.0	5.0	6.0	7.0	8.0	9.0	1.0	2.0	3.0	4.0	5.0	6.0	7.0	8.0	9.0	1.0	2.0	3.0	4.0	5.0	6.0	7.0	8.0	9.0	1.0	2.0	3.0	4.0	5.0	6.0	7.0	8.0	9.0	1.0	2.0	3.0	4.0	5.0	6.0	7.0	8.0	9.0	1.0	2.0	3.0	4.0	5.0	6.0	7.0	8.0	9.0	1.0	2.0	3.0	4.0	5.0	6.0	7.0	8.0	9.0	1.0	2.0	3.0	4.0	5.0	6.0	7.0	8.0	9.0	1.0	2.0	3.0	4.0	5.0	6.0	7.0	8.0	9.0	1.0	2.0	3.0	4.0	5.0	6.0	7.0	8.0	9.0	1.0	2.0	3.0	4.0	5.0	6.0	7.0	8.0	9.0	1.0	2.0	3.0	4.0	5.0	6.0	7.0	8.0	9.0	1.0	2.0	3.0	4.0	5.0	6.0	7.0	8.0	9.0	1.0	2.0	3.0	4.0	5.0	6.0	7.0	8.0	9.0	1.0	2.0	3.0	4.0	5.0	6.0	7.0	8.0	9.0	1.0	2.0	3.0	4.0	5.0	6.0	7.0	8.0	9.0	1.0	2.0	3.0	4.0	5.0	6.0	7.0	8.0	9.0	1.0	2.0	3.0	4.0	5.0	6.0	7.0	8.0	9.0	1.0	2.0	3.0	4.0	5.0	6.0	7.0	8.0	9.0	1.0	2.0	3.0	4.0	5.0	6.0	7.0	8.0	9.0	1.0	2.0	3.0	4.0	5.0	6.0	7.0	8.0	9.0	1.0	2.0	3.0	4.0	5.0	6.0	7.0	8.0	9.0	1.0	2.0	3.0	4.0	5.0	6.0	7.0	8.0	9.0	1.0	2.0	3.0	4.0	5.0	6.0	7.0	8.0	9.0	1.0	2.0	3.0	4.0	5.0	6.0	7.0	8.0	9.0	1.0	2.0	3.0	4.0	5.0	6.0	7.0	8.0	9.0	1.0	2.0	3.0	4.0	5.0	6.0	7.0	8.0	9.0	1.0	2.0	3.0	4.0	5.0	6.0	7.0	8.0	9.0	1.0	2.0	3.0	4.0	5.0	6.0	7.0	8.0	9.0	1.0	2.0	3.0	4.0	5.0	6.0	7.0	8.0	9.0	1.0	2.0	3.0	4.0	5.0	6.0	7.0	8.0	9.0	1.0	2.0	3.0	4.0	5.0	6.0	7.0	8.0	9.0	1.0	2.0	3.0	4.0	5.0	6.0	7.0	8.0	9.0	1.0	2.0	3.0	4.0	5.0	6.0	7.0	8.0	9.0	1.0	2.0	3.0	4.0	5.0	6.0	7.0	8.0	9.0	1.0	2.0	3.0	4.0	5.0	6.0	7.0	8.0	9.0	1.0	2.0	3.0	4.0	5.0	6.0	7.0	8.0	9.0	1.0	2.0	3.0	4.0	5.0	6.0	7.0	8.0	9.0	1.0	2.0	3.0	4.0	5.0	6.0	7.0	8.0	9.0	1.0	2.0	3.0	4.0	5.0	6.0	7.0	8.0	9.0	1.0	2.0	3.0	4.0	5.0	6.0	7.0	8.0	9.0	1.0	2.0	3.0	4.0	5.0	6.0	7.0	8.0	9.0	1.0	2.0	3.0	4.0	5.0	6.0	7.0	8.0	9.0	1.0	2.0	3.0	4.0	5.0	6.0	7.0	8.0	9.0	1.0	2.0	3.0	4.0	5.0	6.0	7.0	8.0	9.0	1.0	2.0	3.0	4.0	5.0	6.0	7.0	8.0	9.0	1.0	2.0	3.0	4.0	5.0	6.0	7.0	8.0	9.0	1.0	2.0	3.0	4.0	5.0	6.0	7.0	8.0	9.0	1.0	2.0	3.0	4.0	5.0	6.0	7.0	8.0	9.0	1.0	2.0	3.0	4.0	5.0	6.0	7.0	8.0	9.0	1.0	2.0	3.0	4.0	5.0	6.0	7.0	8.0	9.0	1.0	2.0	3.0	4.0	5.0	6.0	7.0	8.0	9.0	1.0	2.0	3.0	4.0	5.0	6.0	7.0	8.0	9.0	1.0	2.0	3.0	4.0	5.0	6.0	7.0	8.0	9.0	1.0	2.0	3.0	4.0	5.0	6.0	7.0	8.0	9.0	1.0	2.0	3.0	4.0	5.0	6.0	7.0	8.0	9.0	1.0	2.0	3.0	4.0	5.0	6.0	7.0	8.0	9.0	1.0	2.0	3.0	4.0	5.0	6.0	7.0	8.0	9.0	1.0	2.0	3.0	4.0	5.0	6.0	7.0	8.0	9.0	1.0	2.0	3.0	4.0	5.0	6.0	7.0	8.0	9.0	1.0	2.0	3.0	4.0	5.0	6.0	7.0	8.0	9.0	1.0	2.0	3.0	4.0	5.0	6.0	7.0	8.0	9.0	1.0	2.0	3.0	4.0	5.0	6.0	7.0	8.0	9.0	1.0	2.0	3.0	4.0	5.0	6.0	7.0	8.0	9.0	1.0	2.0	3.0	4.0	5.0	6.0	7.0	8.0	9.0	1.0	2.0	3.0	4.0	5.0	6.0	7.0	8.0	9.0	1.0	2.0	3.0	4.0	5.0	6.0	7.0	8.0	9.0
Sor-ACeb_001-Ex1-8E-lcwgs-1-3-L2-1										2.173892688102783	0.9929041580254767	0.46943811422135096	0.024124706173353765	0.0	0.0	1.1486968820326258																																																																																																																																																																																																																																																																																																																																																																																																																																																																																																																																																																																																																																																																																																																																																																																																															
Sor-ACeb_001-Ex1-8E-lcwgs-1-3-L2-2										1.9320443412961348	0.8496433833728303	0.3772434641700445	0.0	0.0	0.0	1.396002003169087																																																																																																																																																																																																																																																																																																																																																																																																																																																																																																																																																																																																																																																																																																																																																																																																															
Sor-ACeb_001-Ex1-8E-lcwgs-1-3-L3-1										2.1412205664870685	0.7115507330047682	0.24186320311084833	0.0	0.04778134154623227	0.0	0.984633910836783																																																																																																																																																																																																																																																																																																																																																																																																																																																																																																																																																																																																																																																																																																																																																																																																															
Sor-ACeb_001-Ex1-8E-lcwgs-1-3-L3-2										2.0222206822659228	0.6413051089954157	0.16168754665026472	0.0	0.0	0.0	1.0573965499276101																																																																																																																																																																																																																																																																																																																																																																																																																																																																																																																																																																																																																																																																																																																																																																																																															
Sor-ACeb_002-Ex1-9E-lcwgs-1-3-L2-1										3.4491221894791075	1.3157121516178905	3.621056670421615	0.4638046594848926	0.11096733770102603	0.0	2.3642526316106323																																																																																																																																																																																																																																																																																																																																																																																																																																																																																																																																																																																																																																																																																																																																																																																																															
Sor-ACeb_002-Ex1-9E-lcwgs-1-3-L2-2										3.2284871646881013	1.1419780268461843	3.3443728098049195	0.2781022205447563	0.0	0.0	2.8216118866842144																																																																																																																																																																																																																																																																																																																																																																																																																																																																																																																																																																																																																																																																																																																																																																																																															
Sor-ACeb_002-Ex1-9E-lcwgs-1-3-L3-1										3.473750051129385	1.3219524561730118	3.3534422948515643	0.26881323072305335	0.04331989659315825	0.15817372224160117	1.972710919590018																																																																																																																																																																																																																																																																																																																																																																																																																																																																																																																																																																																																																																																																																																																																																																																																															
Sor-ACeb_002-Ex1-9E-lcwgs-1-3-L3-2										3.3070760971451105	1.2051374250904836	3.05581826075202	0.15753675973045161	0.04740359512251145	0.0	2.1585222926520107																																																																																																																																																																																																																																																																																																																																																																																																																																																																																																																																																																																																																																																																																																																																																																																																															
Sor-ACeb_003-Ex1-10E-lcwgs-1-3-L2-1										0.8951997623117085	0.2834769789259983	0.12722517945871792	0.008085042218319832	0.0	0.0	0.7528234638661445																																																																																																																																																																																																																																																																																																																																																																																																																																																																																																																																																																																																																																																																																																																																																																																																															
Sor-ACeb_003-Ex1-10E-lcwgs-1-3-L2-2										0.7650026098178034	0.26061043553781954	0.08897730353722316	0.0	0.0	0.0	0.9729249117023853																																																																																																																																																																																																																																																																																																																																																																																																																																																																																																																																																																																																																																																																																																																																																																																																															
Sor-ACeb_003-Ex1-10E-lcwgs-1-3-L3-1										0.7765466067269424	0.24309163804588962	0.09190876268576897	0.03728219249467061	0.3645442639540324	0.30098949526522356	0.0																																																																																																																																																																																																																																																																																																																																																																																																																																																																																																																																																																																																																																																																																																																																																																																																															
Sor-ACeb_003-Ex1-10E-lcwgs-1-3-L3-2										0.7375352036873905	0.20833447270846286	0.09130484856074769	0.024078678902690335	0.0	0.0	0.7388326698354718																																																																																																																																																																																																																																																																																																																																																																																																																																																																																																																																																																																																																																																																																																																																																																																																															
Sor-ACeb_004-Ex1-11E-lcwgs-1-3-L2-1										3.509618276001372	1.1895856966459761	2.930997607999693	1.8723879271508437	1.3101247790513808	0.0	3.1664641386015746																																																																																																																																																																																																																																																																																																																																																																																																																																																																																																																																																																																																																																																																																																																																																																																																															
Sor-ACeb_004-Ex1-11E-lcwgs-1-3-L2-2										3.2861461855710004	1.133654917515663	2.7383977309157417	1.7036165418286484	0.9403420003286013	0.0	3.5598776537838694																																																																																																																																																																																																																																																																																																																																																																																																																																																																																																																																																																																																																																																																																																																																																																																																															
Sor-ACeb_004-Ex1-11E-lcwgs-1-3-L3-1										3.529228553250601	1.2312550713785184	3.121778156112156	1.691165318947269	0.9596684887326296	0.0	2.8396955720518813																																																																																																																																																																																																																																																																																																																																																																																																																																																																																																																																																																																																																																																																																																																																																																																																															
Sor-ACeb_004-Ex1-11E-lcwgs-1-3-L3-2										3.4773294764868248	1.1217532804531944	2.9575648440478846	1.6112878335365872	0.617550550573328	0.05875679208189428	2.807577873349372																																																																																																																																																																																																																																																																																																																																																																																																																																																																																																																																																																																																																																																																																																																																																																																																															
Sor-ACeb_005-Ex1-12E-lcwgs-1-3-L2-1										3.3472990250570502	1.1408027874174518	3.515626099707742	2.1664964611748085	0.5926348279789082	0.0	3.371515539798568																																																																																																																																																																																																																																																																																																																																																																																																																																																																																																																																																																																																																																																																																																																																																																																																															
Sor-ACeb_005-Ex1-12E-lcwgs-1-3-L2-2										3.0683720713237195	1.1206375182994	3.321951030710532	1.6422657262307077	0.2975781881941	0.0	4.050968297885947																																																																																																																																																																																																																																																																																																																																																																																																																																																																																																																																																																																																																																																																																																																																																																																																															
Sor-ACeb_005-Ex1-12E-lcwgs-1-3-L3-1										3.1261904418175113	1.1301107397589023	3.779470269564844	1.4930549588932933	0.5511376157403506	0.2099749733178936	2.565653920259691																																																																																																																																																																																																																																																																																																																																																																																																																																																																																																																																																																																																																																																																																																																																																																																																															
Sor-ACeb_005-Ex1-12E-lcwgs-1-3-L3-2										2.9725411060812057	1.033232164953928	3.6726039590762705	1.116301074873957	0.1940036164302074	0.06537484434647339	2.988889680870554																																																																																																																																																																																																																																																																																																																																																																																																																																																																																																																																																																																																																																																																																																																																																																																																															
Sor-ACeb_006-Ex1-1F-lcwgs-1-3-L2-1										3.4473398837173352	1.2144649610682532	2.2170290626758105	1.1675015295828644	2.727213431739622	0.2432959165547429	1.061689099261392																																																																																																																																																																																																																																																																																																																																																																																																																																																																																																																																																																																																																																																																																																																																																																																																															
Sor-ACeb_006-Ex1-1F-lcwgs-1-3-L2-2										3.3382969096850013	1.152930615658927	2.165549362703635	1.0565872563961611	2.4724457933459263	0.11199727870205779	1.3058440517764665																																																																																																																																																																																																																																																																																																																																																																																																																																																																																																																																																																																																																																																																																																																																																																																																															
Sor-ACeb_006-Ex1-1F-lcwgs-1-3-L3-1										3.432663023699444	1.1291755696993868	2.2255763546185836	1.287380729168345	2.4915888161681865	0.213277068449932	0.8833226642874531																																																																																																																																																																																																																																																																																																																																																																																																																																																																																																																																																																																																																																																																																																																																																																																																															
Sor-ACeb_006-Ex1-1F-lcwgs-1-3-L3-2										3.377665603736093	1.1392501515905393	2.1449177015242746	1.2148571521084737	2.2218515911010996	0.05190199625828873	0.8636564360955267																																																																																																																																																																																																																																																																																																																																																																																																																																																																																																																																																																																																																																																																																																																																																																																																															
Sor-ACeb_007-Ex1-2F-lcwgs-1-3-L2-1										2.2535415034227664	0.8019572638735502	0.5146089202830533	0.0	0.0	0.0	2.2865946703881432																																																																																																																																																																																																																																																																																																																																																																																																																																																																																																																																																																																																																																																																																																																																																																																																															
Sor-ACeb_007-Ex1-2F-lcwgs-1-3-L2-2										2.0707951433854515	0.695509166136381	0.2819641775943223	0.0	0.0	0.0	2.6483599372324305																																																																																																																																																																																																																																																																																																																																																																																																																																																																																																																																																																																																																																																																																																																																																																																																															
Sor-ACeb_007-Ex1-2F-lcwgs-1-3-L3-1										2.3349829207570383	0.7690194323959647	0.28339105231550255	0.06862668797275606	0.0	0.0	1.959894804865275																																																																																																																																																																																																																																																																																																																																																																																																																																																																																																																																																																																																																																																																																																																																																																																																															
Sor-ACeb_007-Ex1-2F-lcwgs-1-3-L3-2										2.197269942395081	0.6192742784316467	0.2822797985935826	0.0	0.0	0.0	1.805338956107993																																																																																																																																																																																																																																																																																																																																																																																																																																																																																																																																																																																																																																																																																																																																																																																																															
Sor-ACeb_008-Ex1-3F-lcwgs-1-3-L2-1										1.2950826289826034	0.31816335278144936	0.699042555208852	0.10658054074328799	0.02205635831187935	0.0	1.293625922919564																																																																																																																																																																																																																																																																																																																																																																																																																																																																																																																																																																																																																																																																																																																																																																																																															
Sor-ACeb_008-Ex1-3F-lcwgs-1-3-L2-2										1.1805204038814545	0.27105300743057764	0.6725474516819677	0.059128974810681745	0.010051561747449976	0.0	1.500003394848838																																																																																																																																																																																																																																																																																																																																																																																																																																																																																																																																																																																																																																																																																																																																																																																																															
Sor-ACeb_008-Ex1-3F-lcwgs-1-3-L3-1										1.1730333328234275	0.30805787817053104	0.685410519187444	0.07218212304699326	0.033328999816691324	0.0	1.165556335035437																																																																																																																																																																																																																																																																																																																																																																																																																																																																																																																																																																																																																																																																																																																																																																																																															
Sor-ACeb_008-Ex1-3F-lcwgs-1-3-L3-2										1.1488153008867892	0.268929492471327	0.6398174032359405	0.05336769592069673	0.10790886323909706	0.0	1.0879115347582722																																																																																																																																																																																																																																																																																																																																																																																																																																																																																																																																																																																																																																																																																																																																																																																																															
Sor-ACeb_009-Ex1-4F-lcwgs-1-3-L2-1										0.9788763435651064	0.15714699521219644	0.04985589870851746	0.0	0.0	0.0	2.219902664966832																																																																																																																																																																																																																																																																																																																																																																																																																																																																																																																																																																																																																																																																																																																																																																																																															
Sor-ACeb_009-Ex1-4F-lcwgs-1-3-L2-2										0.7952375155772913	0.11703039342438376	0.008666712741384003	0.0	0.0	0.0	2.5193151193785304																																																																																																																																																																																																																																																																																																																																																																																																																																																																																																																																																																																																																																																																																																																																																																																																															
Sor-ACeb_009-Ex1-4F-lcwgs-1-3-L3-1										0.8285659997763373	0.08298699279207966	0.09373528725712156	0.09993266162122878	0.12105537924556085	0.288332842290088	1.54283634794449																																																																																																																																																																																																																																																																																																																																																																																																																																																																																																																																																																																																																																																																																																																																																																																																															
Sor-ACeb_009-Ex1-4F-lcwgs-1-3-L3-2										0.7312435483254907	0.06704836593570693	0.182378308896294	0.02914745429796254	0.0	0.0	1.8968584442418743																																																																																																																																																																																																																																																																																																																																																																																																																																																																																																																																																																																																																																																																																																																																																																																																															
Sor-ACeb_010-Ex1-5F-lcwgs-1-3-L2-1										4.708813362893013	1.4900322604427725	2.6348761646620193	1.0599865418275625	2.0750077512882155	1.2876276869265093	2.6955972995634436																																																																																																																																																																																																																																																																																																																																																																																																																																																																																																																																																																																																																																																																																																																																																																																																															
Sor-ACeb_010-Ex1-5F-lcwgs-1-3-L2-2										4.598138215527261	1.3500695936816065	2.5549181128352556	0.9434690414447784	2.0184237208798326	1.2872381860011344	2.4961543521440737																																																																																																																																																																																																																																																																																																																																																																																																																																																																																																																																																																																																																																																																																																																																																																																																															
Sor-ACeb_010-Ex1-5F-lcwgs-1-3-L3-1										4.524861749641667	1.4359612048267998	2.832682598126355	1.0375730630771274	2.2320007175125314	1.3575910575556231	2.2027422973155875																																																																																																																																																																																																																																																																																																																																																																																																																																																																																																																																																																																																																																																																																																																																																																																																															
Sor-ACeb_010-Ex1-5F-lcwgs-1-3-L3-2										4.4128861618860284	1.3540684810724473	2.676002042462399	1.0210179031851045	2.0890813893556497	1.3346244169384247	1.7971007912730577																																																																																																																																																																																																																																																																																																																																																																																																																																																																																																																																																																																																																																																																																																																																																																																																															
Sor-ACeb_011-Ex1-6F-lcwgs-1-3-L2-1										19.451318350212276	0.10644659343773175	0.07411186969535664	0.01395713883010129	0.0810354943625631	0.032373726360308074	0.8540817089914841																																																																																																																																																																																																																																																																																																																																																																																																																																																																																																																																																																																																																																																																																																																																																																																																															
Sor-ACeb_011-Ex1-6F-lcwgs-1-3-L2-2										19.154103921274118	0.05945291228312355	0.04160403705210222	0.010204282871858917	0.05545771848261046	0.0	1.12919967817182																																																																																																																																																																																																																																																																																																																																																																																																																																																																																																																																																																																																																																																																																																																																																																																																															
Sor-ACeb_011-Ex1-6F-lcwgs-1-3-L3-1										12.864924207972425	0.06148479694800588	0.043982478359400515	0.009128896869015713	0.07955399614943924	0.05214839076787068	0.7036712564478307																																																																																																																																																																																																																																																																																																																																																																																																																																																																																																																																																																																																																																																																																																																																																																																																															
Sor-ACeb_011-Ex1-6F-lcwgs-1-3-L3-2										12.337343787534563	0.05063599618615931	0.053884614785267015	0.034192827674428085	0.11218716604522057	0.0	0.7558827850197603																																																																																																																																																																																																																																																																																																																																																																																																																																																																																																																																																																																																																																																																																																																																																																																																															
Sor-ACeb_012-Ex1-7F-lcwgs-1-3-L2-1										5.540815956963943	1.816178315154604	3.600388140127548	1.4369028906660393	3.837597207243828	0.6940556953820507	1.4048314516304827																																																																																																																																																																																																																																																																																																																																																																																																																																																																																																																																																																																																																																																																																																																																																																																																															
Sor-ACeb_012-Ex1-7F-lcwgs-1-3-L2-2										5.346192055133559	1.7224531237386078	3.573072058889657	1.2471584854478182	3.6372219271735298	0.5109882132277451	1.4300034613903037																																																																																																																																																																																																																																																																																																																																																																																																																																																																																																																																																																																																																																																																																																																																																																																																															
Sor-ACeb_012-Ex1-7F-lcwgs-1-3-L3-1										5.471107016679055	1.7789731522075098	3.613516529093093	1.4335979208244678	3.798092382231858	0.43081279635982744	1.1824674687257377																																																																																																																																																																																																																																																																																																																																																																																																																																																																																																																																																																																																																																																																																																																																																																																																															
Sor-ACeb_012-Ex1-7F-lcwgs-1-3-L3-2										5.315103318693878	1.6521277530862415	3.4294600266423774	1.3123162400180581	3.6062375152597395	0.29594234938193403	1.0145879539895277																																																																																																																																																																																																																																																																																																																																																																																																																																																																																																																																																																																																																																																																																																																																																																																																															
Sor-ACeb_013-Ex1-8F-lcwgs-1-3-L2-1										30.387562500940085	1.8421656647496496	3.510644484784817	1.3823451734509526	3.0161154153302316	1.968414998742754	3.6879310439521675																																																																																																																																																																																																																																																																																																																																																																																																																																																																																																																																																																																																																																																																																																																																																																																																															
Sor-ACeb_013-Ex1-8F-lcwgs-1-3-L2-2										30.65901684253467	1.7376306915108002	3.3873260952713933	1.3425903720650758	2.910428896609605	1.8709874183863069	3.449190758520224																																																																																																																																																																																																																																																																																																																																																																																																																																																																																																																																																																																																																																																																																																																																																																																																															
Sor-ACeb_013-Ex1-8F-lcwgs-1-3-L3-1										25.486484521279294	1.742653442460207	3.4686729953788027	1.3026729344923813	2.9997289123469644	2.129266202907601	2.955042562080359																																																																																																																																																																																																																																																																																																																																																																																																																																																																																																																																																																																																																																																																																																																																																																																																															
Sor-ACeb_013-Ex1-8F-lcwgs-1-3-L3-2										24.799742065702212	1.7178167302062435	3.3493783695410966	1.273764002529394	2.8941396351570137	2.014753388962149	2.4680386939885572																																																																																																																																																																																																																																																																																																																																																																																																																																																																																																																																																																																																																																																																																																																																																																																																															
Sor-ACeb_014-Ex1-9F-lcwgs-1-3-L2-1										10.40221688835848	1.6158157926860077	3.0980957198600043	1.148133529263617	2.6151107361141577	1.6478114535339552	3.055484673801987																																																																																																																																																																																																																																																																																																																																																																																																																																																																																																																																																																																																																																																																																																																																																																																																															
Sor-ACeb_014-Ex1-9F-lcwgs-1-3-L2-2										10.261058634450752	1.5281197741307784	2.890995588672766	1.148615058658333	2.47840895572422	1.5998157250831417	2.8544834041906606																																																																																																																																																																																																																																																																																																																																																																																																																																																																																																																																																																																																																																																																																																																																																																																																															
Sor-ACeb_014-Ex1-9F-lcwgs-1-3-L3-1										8.67319340858954	1.646354094539127	3.227760963527721	1.2203551402076815	2.7198868991620326	1.7984813509640682	2.453677176092451																																																																																																																																																																																																																																																																																																																																																																																																																																																																																																																																																																																																																																																																																																																																																																																																															
Sor-ACeb_014-Ex1-9F-lcwgs-1-3-L3-2										8.439594404826424	1.574858384900736	3.0697958431565344	1.2157540557006294	2.596142296407636	1.6751399010687438	2.051013998891897																																																																																																																																																																																																																																																																																																																																																																																																																																																																																																																																																																																																																																																																																																																																																																																																															
Sor-ACeb_015-Ex1-10F-lcwgs-1-3-L2-1										3.3097553527566372	1.083424933953091	2.881295871319586	1.5332314500775692	0.9144295778621867	0.0	0.8535397900116433																																																																																																																																																																																																																																																																																																																																																																																																																																																																																																																																																																																																																																																																																																																																																																																																															
Sor-ACeb_015-Ex1-10F-lcwgs-1-3-L2-2										3.2010464628733732	1.0423401743788974	2.734051729356251	1.3824532790551676	0.5787044046647294	0.0	1.1361188100505142																																																																																																																																																																																																																																																																																																																																																																																																																																																																																																																																																																																																																																																																																																																																																																																																															
Sor-ACeb_015-Ex1-10F-lcwgs-1-3-L3-1										3.2101865309821265	1.0897586550221807	2.9883946366567558	1.330105337998987	0.8234060336421425	0.2829272807336595	0.32393110004601844																																																																																																																																																																																																																																																																																																																																																																																																																																																																																																																																																																																																																																																																																																																																																																																																															
Sor-ACeb_015-Ex1-10F-lcwgs-1-3-L3-2										3.102203476371718	0.9993801300394851	2.9055295929554803	1.1877854533125156	0.39102072723338754	0.0	0.753130632343936																																																																																																																																																																																																																																																																																																																																																																																																																																																																																																																																																																																																																																																																																																																																																																																																															
Sor-ACeb_016-Ex1-11F-lcwgs-1-3-L2-1										3.10442283800519	0.9510803198223381	2.171508127107611	1.2863381598441475	1.15830739394072	0.02604206141777031	3.619222929424802																																																																																																																																																																																																																																																																																																																																																																																																																																																																																																																																																																																																																																																																																																																																																																																																															
Sor-ACeb_016-Ex1-11F-lcwgs-1-3-L2-2										2.9399991595822095	0.9302536365035394	2.0528774170875184	1.2079136859156772	0.7987041314198442	0.0	4.081573767940537																																																																																																																																																																																																																																																																																																																																																																																																																																																																																																																																																																																																																																																																																																																																																																																																															
Sor-ACeb_016-Ex1-11F-lcwgs-1-3-L3-1										2.9831146600799077	0.9362207541878614	2.3269040625626554	1.1266865340967658	0.9810811313583307	0.0	3.2648786304203994																																																																																																																																																																																																																																																																																																																																																																																																																																																																																																																																																																																																																																																																																																																																																																																																															
Sor-ACeb_016-Ex1-11F-lcwgs-1-3-L3-2										2.905997696455046	0.9265441211754238	2.1355546587229672	1.0069570641711034	0.8253511331809434	0.07900473742621716	2.9481644484140985																																																																																																																																																																																																																																																																																																																																																																																																																																																																																																																																																																																																																																																																																																																																																																																																															
Sor-ACeb_017-Ex1-12F-lcwgs-1-3-L2-1										2.9024191373109454	0.9724207862006525	2.49737731540379	1.5269715743249066	1.1217863015397052	0.0	6.792514881849304																																																																																																																																																																																																																																																																																																																																																																																																																																																																																																																																																																																																																																																																																																																																																																																																															
Sor-ACeb_017-Ex1-12F-lcwgs-1-3-L2-2										2.67295282525717	0.9327679610899922	2.1850194685048248	1.3296721090090395	0.6827510232868965	0.0	7.528457415924514																																																																																																																																																																																																																																																																																																																																																																																																																																																																																																																																																																																																																																																																																																																																																																																																															
Sor-ACeb_017-Ex1-12F-lcwgs-1-3-L3-1										2.9087127965323925	1.0075960489051679	2.6670580367381094	1.3246586338271777	0.7258605559566912	0.07470548244971284	6.196468361642387																																																																																																																																																																																																																																																																																																																																																																																																																																																																																																																																																																																																																																																																																																																																																																																																															
Sor-ACeb_017-Ex1-12F-lcwgs-1-3-L3-2										2.7296495419346134	0.9100884550382419	2.512603092758829	1.1396409174376625	0.758972300490375	0.23503278226332897	5.40171619500174																																																																																																																																																																																																																																																																																																																																																																																																																																																																																																																																																																																																																																																																																																																																																																																																															
Sor-ACeb_018-Ex1-1G-lcwgs-1-3-L2-1										4.498116957057207	1.3832858345882066	2.763443334274384	1.0148863478420775	3.0614867898694853	0.913573202784366	1.486704667843107																																																																																																																																																																																																																																																																																																																																																																																																																																																																																																																																																																																																																																																																																																																																																																																																															
Sor-ACeb_018-Ex1-1G-lcwgs-1-3-L2-2										4.258240777434013	1.3421380320668954	2.703617775479596	0.9493173862264072	2.902688739482799	0.7248767324668073	1.6335336301881953																																																																																																																																																																																																																																																																																																																																																																																																																																																																																																																																																																																																																																																																																																																																																																																																															
Sor-ACeb_018-Ex1-1G-lcwgs-1-3-L3-1										4.420742580107518	1.3266044024206958	2.7603792430433667	0.9921982737842295	3.0429812135707164	0.788505791589326	1.2489493608762783																																																																																																																																																																																																																																																																																																																																																																																																																																																																																																																																																																																																																																																																																																																																																																																																															
Sor-ACeb_018-Ex1-1G-lcwgs-1-3-L3-2										4.30368383881348	1.3245434677974213	2.582406574585976	0.8860099857904454	2.8955528223866844	0.5616034330271399	1.1827271814019173																																																																																																																																																																																																																																																																																																																																																																																																																																																																																																																																																																																																																																																																																																																																																																																																															
Sor-ACeb_019-Ex1-3G-lcwgs-1-3-L2-1										0.046216700867025305	0.0	0.0	1.8209380141607974	0.0	0.0	0.0																																																																																																																																																																																																																																																																																																																																																																																																																																																																																																																																																																																																																																																																																																																																																																																																															
Sor-ACeb_019-Ex1-3G-lcwgs-1-3-L2-2										0.0	0.0	0.0	0.0	2.1999149612704048	0.0	0.0																																																																																																																																																																																																																																																																																																																																																																																																																																																																																																																																																																																																																																																																																																																																																																																																															
Sor-ACeb_019-Ex1-3G-lcwgs-1-3-L3-1										0.08570029382957885	0.0	1.7201273261508325	0.0	0.0	0.0	0.0																																																																																																																																																																																																																																																																																																																																																																																																																																																																																																																																																																																																																																																																																																																																																																																																															
Sor-ACeb_019-Ex1-3G-lcwgs-1-3-L3-2										0.0	0.0	1.9037708129285014	0.0	0.0	0.0	0.0																																																																																																																																																																																																																																																																																																																																																																																																																																																																																																																																																																																																																																																																																																																																																																																																															
Sor-ACeb_020-Ex1-2G-lcwgs-1-3-L2-1										2.186575731805686	0.6932266126643355	0.20898370044789308	0.22955196258188987	4.139299272176313	2.9587825973497575	0.0																																																																																																																																																																																																																																																																																																																																																																																																																																																																																																																																																																																																																																																																																																																																																																																																															
Sor-ACeb_020-Ex1-2G-lcwgs-1-3-L2-2										2.0865751278761313	0.6340495306445694	0.18983366709077887	0.5893229906071167	3.9933684667530103	1.5672077977896028	0.0																																																																																																																																																																																																																																																																																																																																																																																																																																																																																																																																																																																																																																																																																																																																																																																																															
Sor-ACeb_020-Ex1-2G-lcwgs-1-3-L3-1										2.176969253788703	0.5394213902794947	0.15372745570004862	0.7408257507294589	4.60846183797422	1.738984538634745	0.0																																																																																																																																																																																																																																																																																																																																																																																																																																																																																																																																																																																																																																																																																																																																																																																																															
Sor-ACeb_020-Ex1-2G-lcwgs-1-3-L3-2										2.0050191065939047	0.40961975506955	0.304000311497805	0.44482623626013157	5.287401188195962	0.0	0.0																																																																																																																																																																																																																																																																																																																																																																																																																																																																																																																																																																																																																																																																																																																																																																																																															
Sor-ACeb_021-Ex1-4G-lcwgs-1-3-L2-1										0.0	0.0	2.511536424843029	0.0	0.0	0.0	0.0																																																																																																																																																																																																																																																																																																																																																																																																																																																																																																																																																																																																																																																																																																																																																																																																															
Sor-ACeb_021-Ex1-4G-lcwgs-1-3-L2-2										0.0	0.0	3.0562069748089873	0.0	0.0	0.0	0.0																																																																																																																																																																																																																																																																																																																																																																																																																																																																																																																																																																																																																																																																																																																																																																																																															
Sor-ACeb_021-Ex1-4G-lcwgs-1-3-L3-1										1.9156096298213823	0.0	0.0	0.0	0.0	0.0	0.0																																																																																																																																																																																																																																																																																																																																																																																																																																																																																																																																																																																																																																																																																																																																																																																																															
Sor-ACeb_021-Ex1-4G-lcwgs-1-3-L3-2										0.0	2.4074553455863317	0.0	0.0	0.0	0.0	0.0																																																																																																																																																																																																																																																																																																																																																																																																																																																																																																																																																																																																																																																																																																																																																																																																															
Sor-ACeb_022-Ex1-5G-lcwgs-1-3-L2-1										0.7394027982014538	0.17760764104771523	0.10486181542025867	0.07425191276710744	0.1729068705259656	0.0591214114735209	0.647922824651104																																																																																																																																																																																																																																																																																																																																																																																																																																																																																																																																																																																																																																																																																																																																																																																																															
Sor-ACeb_022-Ex1-5G-lcwgs-1-3-L2-2										0.6711531539979657	0.14150021199037388	0.0666122541425794	0.030841423852717022	0.1282009600719006	0.0	0.9526800313324859																																																																																																																																																																																																																																																																																																																																																																																																																																																																																																																																																																																																																																																																																																																																																																																																															
Sor-ACeb_022-Ex1-5G-lcwgs-1-3-L3-1										0.5745139955235072	0.08333331315172769	0.08513496994787872	0.07570731631491112	0.3534960079758621	0.06836191165479616	0.3485057157284357																																																																																																																																																																																																																																																																																																																																																																																																																																																																																																																																																																																																																																																																																																																																																																																																															
Sor-ACeb_022-Ex1-5G-lcwgs-1-3-L3-2										0.5825134390095884	0.0750010536004918	0.0837486135385168	0.07897151937441518	0.0898553739203014	0.0	0.6907687497300318																																																																																																																																																																																																																																																																																																																																																																																																																																																																																																																																																																																																																																																																																																																																																																																																															
