Sample	FastQC_mqc-generalstats-fastqc-percent_duplicates	FastQC_mqc-generalstats-fastqc-percent_gc	FastQC_mqc-generalstats-fastqc-avg_sequence_length	FastQC_mqc-generalstats-fastqc-percent_fails	FastQC_mqc-generalstats-fastqc-total_sequences
Sor-ACeb_001-Ex1-8E-lcwgs-1-3-L2-1	10.819165100058243	46.0	150.0	27.27272727272727	3073210.0
Sor-ACeb_001-Ex1-8E-lcwgs-1-3-L2-2	10.450115426074689	42.0	150.0	27.27272727272727	3073210.0
Sor-ACeb_001-Ex1-8E-lcwgs-1-3-L3-1	10.903887015758542	42.0	150.0	27.27272727272727	2411678.0
Sor-ACeb_001-Ex1-8E-lcwgs-1-3-L3-2	10.567590370678943	41.0	150.0	36.36363636363637	2411678.0
Sor-ACeb_002-Ex1-9E-lcwgs-1-3-L2-1	19.8741328187307	49.0	150.0	27.27272727272727	4665470.0
Sor-ACeb_002-Ex1-9E-lcwgs-1-3-L2-2	19.269091434155584	46.0	150.0	36.36363636363637	4665470.0
Sor-ACeb_002-Ex1-9E-lcwgs-1-3-L3-1	20.31156554245041	46.0	150.0	36.36363636363637	3724821.0
Sor-ACeb_002-Ex1-9E-lcwgs-1-3-L3-2	19.40250646703454	45.0	150.0	45.45454545454545	3724821.0
Sor-ACeb_003-Ex1-10E-lcwgs-1-3-L2-1	6.756324414080055	49.0	150.0	18.181818181818183	7694976.0
Sor-ACeb_003-Ex1-10E-lcwgs-1-3-L2-2	6.658886602962099	46.0	150.0	18.181818181818183	7694976.0
Sor-ACeb_003-Ex1-10E-lcwgs-1-3-L3-1	7.629386620032875	45.0	150.0	27.27272727272727	6191375.0
Sor-ACeb_003-Ex1-10E-lcwgs-1-3-L3-2	7.46030713781424	45.0	150.0	27.27272727272727	6191375.0
Sor-ACeb_004-Ex1-11E-lcwgs-1-3-L2-1	24.423731339305505	50.0	150.0	36.36363636363637	15879788.0
Sor-ACeb_004-Ex1-11E-lcwgs-1-3-L2-2	23.64677128812845	46.0	150.0	36.36363636363637	15879788.0
Sor-ACeb_004-Ex1-11E-lcwgs-1-3-L3-1	24.271326204099253	47.0	150.0	36.36363636363637	12904143.0
Sor-ACeb_004-Ex1-11E-lcwgs-1-3-L3-2	23.335316137712695	45.0	150.0	45.45454545454545	12904143.0
Sor-ACeb_005-Ex1-12E-lcwgs-1-3-L2-1	40.670076820239885	53.0	150.0	36.36363636363637	10624350.0
Sor-ACeb_005-Ex1-12E-lcwgs-1-3-L2-2	39.88781260076206	52.0	150.0	36.36363636363637	10624350.0
Sor-ACeb_005-Ex1-12E-lcwgs-1-3-L3-1	37.309457198792906	50.0	150.0	36.36363636363637	8563806.0
Sor-ACeb_005-Ex1-12E-lcwgs-1-3-L3-2	36.12165264810449	51.0	150.0	45.45454545454545	8563806.0
Sor-ACeb_006-Ex1-1F-lcwgs-1-3-L2-1	30.130155391854174	50.0	150.0	27.27272727272727	36568025.0
Sor-ACeb_006-Ex1-1F-lcwgs-1-3-L2-2	29.565758979593184	46.0	150.0	36.36363636363637	36568025.0
Sor-ACeb_006-Ex1-1F-lcwgs-1-3-L3-1	30.323424934530394	47.0	150.0	27.27272727272727	30387265.0
Sor-ACeb_006-Ex1-1F-lcwgs-1-3-L3-2	29.457017874142437	46.0	150.0	27.27272727272727	30387265.0
Sor-ACeb_007-Ex1-2F-lcwgs-1-3-L2-1	12.242961076806537	51.0	150.0	27.27272727272727	1400093.0
Sor-ACeb_007-Ex1-2F-lcwgs-1-3-L2-2	12.016266444875072	47.0	150.0	45.45454545454545	1400093.0
Sor-ACeb_007-Ex1-2F-lcwgs-1-3-L3-1	13.307212128884103	47.0	150.0	36.36363636363637	1127512.0
Sor-ACeb_007-Ex1-2F-lcwgs-1-3-L3-2	12.642750841391532	46.0	150.0	45.45454545454545	1127512.0
Sor-ACeb_008-Ex1-3F-lcwgs-1-3-L2-1	12.194008013819044	51.0	150.0	27.27272727272727	35603748.0
Sor-ACeb_008-Ex1-3F-lcwgs-1-3-L2-2	12.129103255952828	45.0	150.0	36.36363636363637	35603748.0
Sor-ACeb_008-Ex1-3F-lcwgs-1-3-L3-1	13.00747650226863	46.0	150.0	36.36363636363637	28690837.0
Sor-ACeb_008-Ex1-3F-lcwgs-1-3-L3-2	12.699872217317747	45.0	150.0	36.36363636363637	28690837.0
Sor-ACeb_009-Ex1-4F-lcwgs-1-3-L2-1	6.606871773682386	53.0	150.0	27.27272727272727	2645005.0
Sor-ACeb_009-Ex1-4F-lcwgs-1-3-L2-2	6.558907757166949	48.0	150.0	36.36363636363637	2645005.0
Sor-ACeb_009-Ex1-4F-lcwgs-1-3-L3-1	6.519416117205807	48.0	150.0	27.27272727272727	1967054.0
Sor-ACeb_009-Ex1-4F-lcwgs-1-3-L3-2	6.2432416907928285	47.0	150.0	36.36363636363637	1967054.0
Sor-ACeb_010-Ex1-5F-lcwgs-1-3-L2-1	54.1358314865304	48.0	150.0	27.27272727272727	254698283.0
Sor-ACeb_010-Ex1-5F-lcwgs-1-3-L2-2	54.007856875229535	45.0	150.0	45.45454545454545	254698283.0
Sor-ACeb_010-Ex1-5F-lcwgs-1-3-L3-1	52.50802275066119	44.0	150.0	36.36363636363637	208083983.0
Sor-ACeb_010-Ex1-5F-lcwgs-1-3-L3-2	52.076584130539096	45.0	150.0	36.36363636363637	208083983.0
Sor-ACeb_011-Ex1-6F-lcwgs-1-3-L2-1	74.30645813239491	54.0	150.0	36.36363636363637	45894627.0
Sor-ACeb_011-Ex1-6F-lcwgs-1-3-L2-2	73.87333557779249	53.0	150.0	36.36363636363637	45894627.0
Sor-ACeb_011-Ex1-6F-lcwgs-1-3-L3-1	72.22219806078934	53.0	150.0	36.36363636363637	38733540.0
Sor-ACeb_011-Ex1-6F-lcwgs-1-3-L3-2	71.36525806360144	53.0	150.0	45.45454545454545	38733540.0
Sor-ACeb_012-Ex1-7F-lcwgs-1-3-L2-1	31.95682030242699	49.0	150.0	27.27272727272727	55397181.0
Sor-ACeb_012-Ex1-7F-lcwgs-1-3-L2-2	30.86045465573585	44.0	150.0	36.36363636363637	55397181.0
Sor-ACeb_012-Ex1-7F-lcwgs-1-3-L3-1	31.959215275474378	46.0	150.0	36.36363636363637	45901206.0
Sor-ACeb_012-Ex1-7F-lcwgs-1-3-L3-2	30.766913915086974	44.0	150.0	27.27272727272727	45901206.0
Sor-ACeb_013-Ex1-8F-lcwgs-1-3-L2-1	80.49615093074718	50.0	150.0	36.36363636363637	192650202.0
Sor-ACeb_013-Ex1-8F-lcwgs-1-3-L2-2	80.42654061374142	47.0	150.0	45.45454545454545	192650202.0
Sor-ACeb_013-Ex1-8F-lcwgs-1-3-L3-1	79.98631064045787	48.0	150.0	45.45454545454545	163207727.0
Sor-ACeb_013-Ex1-8F-lcwgs-1-3-L3-2	79.35269432396814	47.0	150.0	45.45454545454545	163207727.0
Sor-ACeb_014-Ex1-9F-lcwgs-1-3-L2-1	70.81768102951179	48.0	150.0	27.27272727272727	215539611.0
Sor-ACeb_014-Ex1-9F-lcwgs-1-3-L2-2	71.02506996771649	45.0	150.0	36.36363636363637	215539611.0
Sor-ACeb_014-Ex1-9F-lcwgs-1-3-L3-1	69.73985096671095	45.0	150.0	36.36363636363637	179396053.0
Sor-ACeb_014-Ex1-9F-lcwgs-1-3-L3-2	69.56024752927884	44.0	150.0	36.36363636363637	179396053.0
Sor-ACeb_015-Ex1-10F-lcwgs-1-3-L2-1	20.905621726510432	49.0	150.0	18.181818181818183	13210307.0
Sor-ACeb_015-Ex1-10F-lcwgs-1-3-L2-2	20.32433843906867	45.0	150.0	36.36363636363637	13210307.0
Sor-ACeb_015-Ex1-10F-lcwgs-1-3-L3-1	21.33034655176276	44.0	150.0	27.27272727272727	10933480.0
Sor-ACeb_015-Ex1-10F-lcwgs-1-3-L3-2	20.54698506890071	45.0	150.0	27.27272727272727	10933480.0
Sor-ACeb_016-Ex1-11F-lcwgs-1-3-L2-1	21.454041423756095	52.0	150.0	27.27272727272727	19918564.0
Sor-ACeb_016-Ex1-11F-lcwgs-1-3-L2-2	20.96526295434481	48.0	150.0	45.45454545454545	19918564.0
Sor-ACeb_016-Ex1-11F-lcwgs-1-3-L3-1	21.633014320090496	48.0	150.0	36.36363636363637	16146175.0
Sor-ACeb_016-Ex1-11F-lcwgs-1-3-L3-2	20.683397458657822	47.0	150.0	45.45454545454545	16146175.0
Sor-ACeb_017-Ex1-12F-lcwgs-1-3-L2-1	24.028845192483487	51.0	150.0	36.36363636363637	16740683.0
Sor-ACeb_017-Ex1-12F-lcwgs-1-3-L2-2	23.359183319820232	49.0	150.0	36.36363636363637	16740683.0
Sor-ACeb_017-Ex1-12F-lcwgs-1-3-L3-1	24.071846055745453	47.0	150.0	36.36363636363637	13044896.0
Sor-ACeb_017-Ex1-12F-lcwgs-1-3-L3-2	22.72370641427402	49.0	150.0	45.45454545454545	13044896.0
Sor-ACeb_018-Ex1-1G-lcwgs-1-3-L2-1	47.61566795535135	48.0	150.0	27.27272727272727	81307834.0
Sor-ACeb_018-Ex1-1G-lcwgs-1-3-L2-2	47.10086502764845	45.0	150.0	27.27272727272727	81307834.0
Sor-ACeb_018-Ex1-1G-lcwgs-1-3-L3-1	45.73516199771694	45.0	150.0	36.36363636363637	68022948.0
Sor-ACeb_018-Ex1-1G-lcwgs-1-3-L3-2	45.00143894679183	44.0	150.0	36.36363636363637	68022948.0
Sor-ACeb_019-Ex1-3G-lcwgs-1-3-L2-1	4.105891705026536	51.0	150.0	36.36363636363637	54093.0
Sor-ACeb_019-Ex1-3G-lcwgs-1-3-L2-2	4.213114451038024	46.0	150.0	36.36363636363637	54093.0
Sor-ACeb_019-Ex1-3G-lcwgs-1-3-L3-1	3.0484818805093	47.0	150.0	36.36363636363637	16336.0
Sor-ACeb_019-Ex1-3G-lcwgs-1-3-L3-2	3.1219392752203703	46.0	150.0	36.36363636363637	16336.0
Sor-ACeb_020-Ex1-2G-lcwgs-1-3-L2-1	25.10767666498539	55.0	150.0	36.36363636363637	404221.0
Sor-ACeb_020-Ex1-2G-lcwgs-1-3-L2-2	23.821606432399236	52.0	150.0	36.36363636363637	404221.0
Sor-ACeb_020-Ex1-2G-lcwgs-1-3-L3-1	24.600807362141694	52.0	150.0	45.45454545454545	331236.0
Sor-ACeb_020-Ex1-2G-lcwgs-1-3-L3-2	23.076708712421635	52.0	150.0	45.45454545454545	331236.0
Sor-ACeb_021-Ex1-4G-lcwgs-1-3-L2-1	4.46327256222105	52.0	150.0	36.36363636363637	13219.0
Sor-ACeb_021-Ex1-4G-lcwgs-1-3-L2-2	5.023072849686059	48.0	150.0	45.45454545454545	13219.0
Sor-ACeb_021-Ex1-4G-lcwgs-1-3-L3-1	3.287600310639405	48.0	150.0	36.36363636363637	3863.0
Sor-ACeb_021-Ex1-4G-lcwgs-1-3-L3-2	3.4429200103546407	47.0	150.0	45.45454545454545	3863.0
Sor-ACeb_022-Ex1-5G-lcwgs-1-3-L2-1	36.60473187030922	51.0	150.0	27.27272727272727	10035643.0
Sor-ACeb_022-Ex1-5G-lcwgs-1-3-L2-2	36.391289717977635	49.0	150.0	27.27272727272727	10035643.0
Sor-ACeb_022-Ex1-5G-lcwgs-1-3-L3-1	34.26324049019347	48.0	150.0	36.36363636363637	8024129.0
Sor-ACeb_022-Ex1-5G-lcwgs-1-3-L3-2	33.869143137462984	49.0	150.0	36.36363636363637	8024129.0
