Sample	1	2	3	4	5	6	7	8	9	10	11	12	13	14	15	16	17	18	19	20	21	22	23	24	25	26	27	28	29	30	31	32	33	34	35	36	37	38	39	40	41	42	43	44	45	46	47	48	49	50	51	52	53	54	55	56	57	58	59	60	61	62	63	64	65	66	67	68	69	70	71	72	73	74	75	76	77	78	79	80	81	82	83	84	85	86	87	88	89	90	91	92	93	94	95	96	97	98	99	100	101	102	103	104	105	106	107	108	109	110	111	112	113	114	115	116	117	118	119	120	121	122	123	124	125	126	127	128	129	130	131	132	133	134	135	136	137	138	139	140	141	142	143	144	145	146	147	148	149	150
Sor-CPnd_001-Ex1-3E-lcwgs-1-3	38.7067	39.0959	39.4108	39.4116	39.5549	39.5075	39.5152	39.5579	39.5934	39.5848	39.5903	39.5724	39.5663	39.5532	39.4999	39.5464	39.5843	39.5008	39.5207	39.5769	39.5778	39.5936	39.602	39.6036	39.5986	39.5178	39.5306	39.5135	39.5127	39.5217	39.4958	39.5081	39.4945	39.5048	39.5075	39.4989	39.5013	39.4724	39.4701	39.4768	39.4637	39.4615	39.4567	39.4487	39.4435	39.4474	39.4444	39.4377	39.4511	39.4325	39.4095	39.4249	39.402	39.4004	39.3956	39.3922	39.406	39.3874	39.3447	39.3146	39.3601	39.3692	39.3485	39.3478	39.3285	39.3275	39.3229	39.3216	39.3015	39.3003	39.283	39.2756	39.2787	39.2681	39.249	39.2541	39.2515	39.2397	39.2116	39.2172	39.2104	39.2157	39.1633	39.1749	39.1365	39.1909	39.1732	39.1767	39.1454	39.1498	39.1238	39.0823	39.0898	39.0935	39.0987	39.0721	39.0707	39.0471	39.0408	39.0274	39.0311	38.9765	38.988	38.9758	38.9661	38.9554	38.9627	38.9326	38.9347	38.9337	38.9144	38.9008	38.9072	38.8826	38.8671	38.853	38.8362	38.8202	38.8092	38.8229	38.8045	38.7897	38.7334	38.7414	38.742	38.7293	38.7373	38.6702	38.7074	38.6767	38.6785	38.6485	38.665	38.6414	38.5733	38.6231	38.6142	38.5554	38.5836	38.5997	38.5756	38.5617	38.5309	38.5257	38.5193	38.5437	38.566	38.5963	38.68	39.2842
Sor-CPnd_002-Ex1-5E-lcwgs-1-3	38.6356	39.1713	39.4808	39.452	39.6019	39.5432	39.5606	39.6184	39.6276	39.635	39.6374	39.6146	39.6124	39.6076	39.5439	39.6004	39.634	39.5487	39.5679	39.6291	39.6292	39.6399	39.6491	39.648	39.6431	39.5745	39.5866	39.5699	39.5683	39.5774	39.5528	39.5629	39.5518	39.5596	39.5616	39.5506	39.5584	39.5269	39.5268	39.534	39.5179	39.5183	39.5116	39.5031	39.4954	39.4979	39.498	39.4912	39.5008	39.4821	39.4627	39.4736	39.4541	39.454	39.4522	39.445	39.456	39.438	39.3978	39.3651	39.4128	39.4192	39.4035	39.402	39.3788	39.3795	39.3676	39.3684	39.3565	39.3512	39.3359	39.3219	39.3301	39.3174	39.2966	39.3031	39.3003	39.2884	39.2581	39.2618	39.2544	39.264	39.208	39.2207	39.1833	39.2352	39.2162	39.2224	39.191	39.1954	39.1746	39.1285	39.1426	39.1354	39.14	39.1198	39.1193	39.0934	39.09	39.0751	39.0718	39.0237	39.038	39.0231	39.0058	39.0006	39.0038	38.9769	38.9795	38.9787	38.9578	38.9455	38.9475	38.9285	38.917	38.9004	38.8803	38.87	38.8539	38.8714	38.849	38.8322	38.7776	38.7876	38.7937	38.774	38.7917	38.7246	38.7591	38.7287	38.7265	38.6955	38.7159	38.6924	38.6182	38.673	38.6669	38.6076	38.6348	38.6422	38.622	38.6035	38.5756	38.5756	38.5719	38.5925	38.612	38.6377	38.7274	39.3091
Sor-CPnd_003-Ex1-2B-lcwgs-1-3	38.5746	39.0934	39.4178	39.4155	39.5742	39.5155	39.5253	39.5708	39.6038	39.5993	39.6038	39.5889	39.5794	39.5785	39.5104	39.5606	39.6022	39.5131	39.5336	39.598	39.5981	39.6139	39.6229	39.6224	39.6181	39.542	39.5532	39.5368	39.5355	39.5484	39.5206	39.5355	39.5216	39.531	39.5321	39.5227	39.5302	39.4993	39.5015	39.5047	39.4951	39.4948	39.487	39.4791	39.4733	39.4756	39.4741	39.4685	39.4807	39.4631	39.4417	39.4551	39.4368	39.4352	39.4291	39.4264	39.4367	39.4204	39.3791	39.3521	39.3944	39.4035	39.3851	39.3859	39.365	39.3657	39.3546	39.3538	39.3417	39.3363	39.3166	39.3126	39.319	39.3079	39.2876	39.2934	39.2865	39.2787	39.2496	39.2572	39.248	39.2541	39.2021	39.2185	39.1782	39.2289	39.2098	39.2171	39.1861	39.1925	39.1651	39.127	39.1352	39.1381	39.1447	39.1201	39.1192	39.098	39.0886	39.0738	39.0786	39.0162	39.0374	39.0243	39.0133	39.0073	39.005	38.9818	38.9863	38.9856	38.9696	38.9537	38.9536	38.9405	38.9239	38.909	38.8935	38.8818	38.8659	38.8876	38.8651	38.8506	38.7935	38.8021	38.8038	38.7936	38.7994	38.7384	38.7774	38.7484	38.747	38.7189	38.7339	38.7101	38.6396	38.6963	38.6812	38.6269	38.6541	38.6683	38.6472	38.6284	38.5952	38.6019	38.5924	38.6163	38.6351	38.6571	38.7371	39.313
Sor-CPnd_004-Ex1-1G-lcwgs-1-3	38.7279	39.1607	39.4502	39.4427	39.5445	39.5333	39.5468	39.5861	39.6103	39.6106	39.6106	39.585	39.5973	39.568	39.537	39.5775	39.6091	39.5332	39.5507	39.588	39.5915	39.6092	39.6192	39.6204	39.6167	39.5469	39.5578	39.54	39.54	39.5482	39.5236	39.5316	39.5211	39.5277	39.5317	39.5209	39.5263	39.4939	39.4939	39.4996	39.4848	39.4839	39.4785	39.4701	39.4636	39.4645	39.4643	39.4565	39.4656	39.4502	39.425	39.4374	39.4143	39.4161	39.4098	39.4035	39.4167	39.4005	39.3565	39.3269	39.3702	39.3761	39.3599	39.3592	39.3323	39.3365	39.3265	39.3249	39.3096	39.3039	39.2856	39.2763	39.2799	39.2701	39.2504	39.2557	39.2508	39.2382	39.2078	39.2173	39.2069	39.2134	39.1586	39.1731	39.1293	39.1835	39.1659	39.1699	39.1377	39.1442	39.1128	39.0762	39.0806	39.0816	39.0839	39.0569	39.0563	39.0319	39.029	39.0111	39.0099	38.9519	38.9712	38.955	38.9414	38.934	38.9374	38.9031	38.9111	38.91	38.891	38.8736	38.8738	38.8572	38.838	38.8242	38.8062	38.7902	38.7777	38.7936	38.7688	38.7572	38.6987	38.7047	38.702	38.6913	38.696	38.6392	38.6711	38.6368	38.6322	38.608	38.6185	38.5949	38.5216	38.5731	38.5613	38.5029	38.5309	38.538	38.5204	38.5024	38.4663	38.4683	38.4685	38.4934	38.5123	38.5503	38.6351	39.2648
Sor-CPnd_005-Ex1-3D-lcwgs-1-3	38.5259	38.9858	39.335	39.3666	39.5368	39.4855	39.4796	39.5148	39.573	39.5548	39.5624	39.5536	39.5388	39.5262	39.4733	39.5127	39.5556	39.4701	39.4938	39.5526	39.5556	39.5718	39.5827	39.5829	39.5804	39.4977	39.5064	39.4926	39.49	39.5016	39.4755	39.49	39.4777	39.4846	39.4874	39.4789	39.4854	39.456	39.456	39.4606	39.4467	39.4467	39.4429	39.4325	39.4287	39.4284	39.4301	39.4268	39.4366	39.4194	39.3985	39.4126	39.3913	39.3914	39.386	39.3814	39.3944	39.3768	39.3334	39.3084	39.3516	39.3564	39.3424	39.3443	39.318	39.3237	39.316	39.3125	39.2975	39.2951	39.2776	39.2684	39.2753	39.2673	39.2449	39.2503	39.2486	39.24	39.2081	39.2103	39.2099	39.2115	39.158	39.1741	39.1366	39.1881	39.173	39.1797	39.1493	39.1516	39.1195	39.0873	39.0928	39.098	39.1005	39.0778	39.0796	39.0526	39.0479	39.0342	39.0367	38.974	38.9943	38.9825	38.9736	38.9611	38.9706	38.9466	38.9456	38.945	38.9231	38.9136	38.9206	38.8961	38.8825	38.8675	38.8486	38.8402	38.8317	38.845	38.8242	38.8078	38.7556	38.7673	38.7692	38.7582	38.7651	38.7048	38.7441	38.7073	38.7086	38.6856	38.6988	38.6747	38.6092	38.6631	38.65	38.5929	38.6134	38.6375	38.6186	38.6002	38.5669	38.5734	38.5631	38.5887	38.603	38.6296	38.7038	39.2975
Sor-CPnd_006-Ex1-2D-lcwgs-1-3	38.6243	39.1085	39.4278	39.4261	39.575	39.5224	39.5314	39.5795	39.6066	39.6043	39.6078	39.5908	39.5851	39.579	39.5186	39.5704	39.606	39.5198	39.5409	39.601	39.6009	39.615	39.6204	39.6222	39.6184	39.5437	39.5539	39.5389	39.5365	39.5462	39.5205	39.5331	39.5227	39.5306	39.5324	39.5224	39.5297	39.4987	39.4999	39.5039	39.4917	39.4898	39.4835	39.4785	39.4713	39.4721	39.4693	39.4647	39.4746	39.4582	39.4396	39.4501	39.4314	39.4268	39.4215	39.4169	39.4296	39.4123	39.3725	39.3396	39.3867	39.3952	39.3803	39.3756	39.3526	39.3568	39.3464	39.3445	39.3292	39.3239	39.3078	39.302	39.3031	39.2935	39.2772	39.2799	39.2754	39.2626	39.2337	39.2406	39.2327	39.2392	39.1842	39.2013	39.159	39.208	39.1912	39.1965	39.1695	39.1735	39.1466	39.1045	39.1141	39.1146	39.1184	39.0938	39.0956	39.0717	39.0658	39.0516	39.0524	38.9968	39.0118	39.002	38.9869	38.9809	38.9823	38.9564	38.9611	38.9537	38.9377	38.9226	38.9273	38.9086	38.8926	38.8764	38.8586	38.846	38.8371	38.8472	38.8283	38.8143	38.7588	38.7702	38.7684	38.7584	38.7625	38.7018	38.7331	38.7084	38.7027	38.6752	38.6862	38.6671	38.5961	38.6542	38.641	38.5849	38.6055	38.6226	38.6033	38.5833	38.5503	38.5546	38.5472	38.5817	38.5915	38.619	38.7031	39.299
Sor-CPnd_007-Ex1-1C-lcwgs-1-3	38.524	39.0184	39.3575	39.3852	39.51	39.4896	39.4956	39.5256	39.5731	39.5625	39.5706	39.5552	39.5524	39.5317	39.4863	39.5273	39.5694	39.4836	39.5053	39.5584	39.5646	39.5785	39.5887	39.5925	39.5882	39.5099	39.5216	39.5096	39.5078	39.5192	39.4871	39.5009	39.4933	39.5002	39.5038	39.4921	39.4998	39.4692	39.4679	39.4717	39.4603	39.4596	39.4533	39.4476	39.438	39.444	39.4384	39.4398	39.446	39.4332	39.4064	39.4183	39.4013	39.4039	39.3953	39.3918	39.4066	39.3877	39.3467	39.3185	39.3599	39.3697	39.3518	39.3525	39.328	39.329	39.3189	39.3231	39.3087	39.2994	39.2828	39.2754	39.2832	39.2734	39.2528	39.2588	39.2519	39.2453	39.2122	39.2224	39.2173	39.2242	39.1636	39.182	39.1383	39.2008	39.1772	39.1871	39.15	39.1607	39.1306	39.0921	39.1045	39.1047	39.1087	39.0807	39.0834	39.0596	39.0631	39.0397	39.0432	38.9922	39.0055	38.9927	38.9811	38.9707	38.9813	38.9529	38.9513	38.9548	38.9391	38.9199	38.9292	38.9136	38.8974	38.8818	38.8618	38.8532	38.8354	38.8543	38.8387	38.8237	38.7695	38.775	38.7784	38.7724	38.7738	38.72	38.7515	38.7261	38.7182	38.6987	38.712	38.6954	38.6162	38.6685	38.662	38.6119	38.636	38.6454	38.6267	38.6131	38.5809	38.5768	38.5767	38.6016	38.6139	38.6339	38.6957	39.2971
Sor-CPnd_008-Ex1-1A-lcwgs-1-3	37.3167	38.5705	39.1079	39.2109	39.4253	39.3965	39.3785	39.3956	39.5008	39.4582	39.478	39.4878	39.4625	39.4495	39.4022	39.4216	39.4885	39.4052	39.4245	39.489	39.4987	39.5163	39.5328	39.535	39.5353	39.4258	39.4411	39.4259	39.4234	39.4409	39.4148	39.4292	39.4181	39.4276	39.4356	39.4264	39.4338	39.4019	39.4038	39.4122	39.3987	39.4004	39.395	39.3893	39.3849	39.392	39.3888	39.3842	39.3989	39.3829	39.3609	39.3772	39.3549	39.3589	39.3531	39.3516	39.3664	39.3489	39.3091	39.2806	39.3224	39.3351	39.3163	39.3201	39.2949	39.3022	39.2941	39.2955	39.2782	39.2751	39.2574	39.252	39.2546	39.2473	39.2277	39.2398	39.2319	39.2241	39.1978	39.2049	39.1965	39.2051	39.1499	39.1676	39.1306	39.1823	39.1649	39.1781	39.1433	39.1494	39.1201	39.0862	39.0903	39.0966	39.1026	39.076	39.0798	39.0562	39.0555	39.0418	39.043	38.9855	39.0002	38.9918	38.9798	38.9742	38.9816	38.9565	38.9582	38.9611	38.9417	38.9347	38.9369	38.9224	38.9068	38.8943	38.8778	38.8665	38.8586	38.8764	38.8552	38.849	38.7928	38.803	38.8052	38.7964	38.8046	38.7464	38.784	38.7587	38.7578	38.7359	38.7502	38.7333	38.6585	38.7206	38.7133	38.6551	38.6858	38.7011	38.6836	38.6698	38.6346	38.6392	38.6334	38.6608	38.6691	38.6891	38.7469	39.3185
Sor-CPnd_009-Ex1-6A-lcwgs-1-3	38.5999	39.1022	39.4263	39.4057	39.5841	39.5062	39.5167	39.5887	39.6108	39.612	39.6178	39.6088	39.5751	39.6004	39.5051	39.5689	39.6155	39.5134	39.5368	39.6248	39.6247	39.6346	39.64	39.6403	39.6384	39.563	39.577	39.5621	39.562	39.5734	39.5481	39.5609	39.5508	39.5605	39.5626	39.5548	39.5617	39.5344	39.5329	39.5393	39.5271	39.527	39.5202	39.5165	39.5092	39.5141	39.5133	39.5085	39.5172	39.5029	39.483	39.496	39.477	39.4779	39.474	39.4693	39.4828	39.4675	39.4277	39.3964	39.4441	39.4524	39.4381	39.4373	39.4149	39.4198	39.4112	39.4106	39.3988	39.3961	39.3793	39.3719	39.3769	39.3694	39.3503	39.3589	39.354	39.3451	39.3136	39.3264	39.3179	39.3237	39.2735	39.2917	39.2505	39.3031	39.2866	39.2943	39.2654	39.2721	39.2476	39.2106	39.2183	39.2212	39.2275	39.2018	39.209	39.1868	39.183	39.1708	39.1709	39.1198	39.1407	39.1268	39.114	39.1114	39.112	39.09	39.0951	39.0957	39.0793	39.0644	39.0707	39.0532	39.0412	39.0311	39.0131	39.0062	38.9948	39.01	38.9939	38.986	38.9275	38.9448	38.9436	38.9354	38.9413	38.8829	38.923	38.8931	38.894	38.8714	38.8881	38.8665	38.7984	38.8565	38.8443	38.7963	38.8183	38.8323	38.8139	38.8013	38.7736	38.7695	38.7684	38.7914	38.8025	38.8182	38.8765	39.3864
Sor-CPnd_010-Ex1-1H-lcwgs-1-3	38.6615	39.0701	39.3932	39.4129	39.5204	39.5102	39.5199	39.5483	39.5888	39.5815	39.5818	39.5603	39.5685	39.5408	39.5109	39.5436	39.5789	39.5113	39.5282	39.5638	39.5658	39.5896	39.602	39.5992	39.6006	39.523	39.5358	39.5233	39.5166	39.5318	39.5047	39.5169	39.5048	39.5143	39.5209	39.5043	39.5114	39.483	39.48	39.4891	39.4763	39.4791	39.4745	39.4621	39.4568	39.4586	39.4648	39.459	39.47	39.4544	39.4301	39.4438	39.4225	39.4236	39.418	39.416	39.4297	39.4141	39.3685	39.3413	39.3869	39.392	39.378	39.3781	39.3525	39.3614	39.3464	39.3439	39.3305	39.3303	39.3071	39.3062	39.3102	39.2958	39.2775	39.286	39.2837	39.2814	39.2463	39.2523	39.2444	39.2534	39.1985	39.2092	39.1728	39.2231	39.2103	39.2204	39.1919	39.1913	39.1666	39.1389	39.1379	39.1393	39.1452	39.1172	39.1233	39.0958	39.0936	39.079	39.0804	39.0223	39.0358	39.0334	39.0149	39.0109	39.018	38.987	38.9913	38.9925	38.9716	38.9641	38.9587	38.9419	38.9318	38.9148	38.8974	38.8952	38.8785	38.8992	38.8802	38.8662	38.8074	38.8184	38.825	38.8119	38.8219	38.7489	38.7951	38.7662	38.7585	38.7396	38.7571	38.7322	38.6603	38.7092	38.7093	38.6625	38.6749	38.694	38.6812	38.6484	38.6149	38.6375	38.6284	38.6464	38.6622	38.6713	38.7527	39.3242
Sor-CPnd_012-Ex1-5B-lcwgs-1-3	38.5267	39.0934	39.421	39.4151	39.5799	39.5261	39.5345	39.5835	39.612	39.607	39.6133	39.5967	39.588	39.5824	39.5208	39.5722	39.6104	39.5241	39.5451	39.6072	39.6086	39.6229	39.63	39.6309	39.6281	39.5516	39.5612	39.5484	39.5445	39.557	39.5315	39.5439	39.5329	39.544	39.5455	39.5368	39.54	39.5122	39.5133	39.5169	39.5025	39.5021	39.4987	39.493	39.4834	39.4887	39.4887	39.4789	39.4925	39.4752	39.452	39.4644	39.4436	39.4455	39.4378	39.4372	39.4487	39.4321	39.3888	39.3586	39.4015	39.4122	39.395	39.3948	39.3734	39.3778	39.3673	39.3685	39.3498	39.3487	39.3321	39.3192	39.3277	39.3192	39.2948	39.3042	39.3002	39.2872	39.2552	39.2713	39.2599	39.2634	39.2124	39.2296	39.1875	39.2414	39.2227	39.2306	39.1974	39.2023	39.1793	39.1381	39.1427	39.1483	39.1545	39.128	39.1326	39.1066	39.0996	39.0827	39.0893	39.0308	39.0517	39.0372	39.0255	39.016	39.0192	38.998	38.9981	38.9981	38.9803	38.9656	38.9733	38.958	38.9362	38.9278	38.909	38.8962	38.8844	38.904	38.8846	38.869	38.816	38.8234	38.8217	38.8174	38.8228	38.7591	38.7972	38.7671	38.7656	38.7411	38.7596	38.733	38.6599	38.7163	38.7109	38.6509	38.6796	38.6908	38.6697	38.6563	38.6279	38.6236	38.6219	38.6444	38.6575	38.6863	38.751	39.3264
Sor-CPnd_013-Ex1-7F-lcwgs-1-3	38.5717	39.0952	39.4188	39.3895	39.5419	39.4998	39.513	39.5705	39.5917	39.5933	39.5984	39.5785	39.5711	39.5636	39.5032	39.5519	39.5954	39.5011	39.5194	39.592	39.5914	39.6062	39.6105	39.6143	39.6099	39.5314	39.5468	39.528	39.5302	39.538	39.5152	39.5277	39.515	39.5281	39.5269	39.5166	39.5243	39.4924	39.4923	39.4982	39.4865	39.4861	39.4798	39.4704	39.4607	39.4687	39.4677	39.4608	39.4731	39.456	39.4327	39.4459	39.4254	39.428	39.4173	39.4172	39.4307	39.4107	39.3718	39.3427	39.3847	39.3923	39.3759	39.3744	39.352	39.3584	39.3461	39.3471	39.3341	39.3295	39.3086	39.3072	39.3083	39.2984	39.2776	39.2878	39.2805	39.2713	39.2377	39.2498	39.2396	39.2476	39.1942	39.2124	39.1683	39.2202	39.2019	39.2084	39.1748	39.1831	39.1585	39.116	39.1261	39.1279	39.1292	39.1075	39.1127	39.0852	39.0801	39.0632	39.0653	39.0133	39.0225	39.0119	39.0047	38.9971	39.0	38.9733	38.9725	38.9786	38.957	38.9437	38.949	38.9299	38.9084	38.9019	38.8829	38.8713	38.86	38.8801	38.8487	38.8454	38.7889	38.7942	38.7994	38.7827	38.7923	38.7307	38.7613	38.7321	38.7321	38.713	38.7199	38.6943	38.6323	38.6888	38.6763	38.6211	38.6455	38.6626	38.6388	38.6226	38.5959	38.602	38.5956	38.6177	38.6304	38.6592	38.7287	39.3115
Sor-CPnd_014-Ex1-1F-lcwgs-1-3	38.6941	39.1064	39.4274	39.423	39.539	39.5198	39.5318	39.566	39.5988	39.5938	39.5985	39.5761	39.5802	39.5534	39.5213	39.5609	39.5967	39.5182	39.5375	39.5824	39.5845	39.6021	39.6138	39.6121	39.608	39.5372	39.5482	39.532	39.5291	39.54	39.5147	39.5261	39.5141	39.5221	39.5264	39.5168	39.5215	39.4898	39.4918	39.4975	39.4835	39.4822	39.4765	39.4686	39.4626	39.465	39.4642	39.456	39.4653	39.4523	39.4299	39.4429	39.4217	39.4197	39.4139	39.4113	39.424	39.4087	39.3663	39.3361	39.3808	39.3869	39.3704	39.3697	39.3452	39.3496	39.3383	39.3387	39.3256	39.3183	39.2999	39.2928	39.2984	39.2894	39.2679	39.2739	39.2715	39.2619	39.2306	39.2376	39.2306	39.2376	39.184	39.1981	39.1585	39.2113	39.1908	39.2	39.168	39.1711	39.1445	39.1075	39.1123	39.1158	39.1197	39.0954	39.096	39.0706	39.0681	39.0522	39.0534	38.9975	39.0145	38.9981	38.9833	38.9786	38.9874	38.9549	38.9593	38.9605	38.944	38.9281	38.9314	38.9125	38.8968	38.8788	38.8657	38.8493	38.839	38.8572	38.8363	38.8197	38.7675	38.7748	38.7766	38.7625	38.7705	38.712	38.7469	38.719	38.7136	38.6865	38.7013	38.6777	38.6069	38.669	38.6535	38.5944	38.6282	38.6392	38.6154	38.6014	38.5668	38.5724	38.5676	38.5926	38.6104	38.6345	38.7059	39.3011
Sor-CPnd_015-Ex1-5F-lcwgs-1-3	38.5565	39.1089	39.4384	39.4276	39.5869	39.5323	39.5411	39.5928	39.6136	39.6133	39.6183	39.6005	39.5939	39.592	39.5267	39.5786	39.6182	39.5302	39.5509	39.6147	39.6147	39.629	39.6356	39.6383	39.6324	39.5605	39.5686	39.5554	39.555	39.5632	39.5397	39.552	39.5423	39.5514	39.5508	39.5414	39.5467	39.5191	39.519	39.5217	39.5108	39.51	39.5041	39.4997	39.4933	39.493	39.4951	39.488	39.4973	39.481	39.4608	39.4716	39.4496	39.4523	39.4455	39.4444	39.4539	39.4371	39.3932	39.3631	39.4089	39.4226	39.3989	39.4038	39.381	39.3817	39.3735	39.3719	39.3597	39.3547	39.3349	39.3259	39.3312	39.3252	39.3032	39.3123	39.3038	39.2989	39.2647	39.2774	39.2655	39.2726	39.2183	39.2369	39.1907	39.2448	39.2265	39.2362	39.2063	39.2094	39.183	39.1443	39.1543	39.1553	39.1597	39.1361	39.1389	39.1106	39.1107	39.0953	39.0985	39.0425	39.0572	39.0492	39.0365	39.0298	39.0314	39.0008	39.0151	39.0105	38.995	38.9778	38.9848	38.9627	38.9491	38.9325	38.925	38.9038	38.8913	38.9077	38.8915	38.8755	38.8275	38.8329	38.8387	38.8229	38.8305	38.7725	38.8101	38.7824	38.7777	38.7551	38.767	38.7476	38.673	38.7306	38.7238	38.6684	38.6927	38.7048	38.6866	38.6735	38.6417	38.6407	38.6361	38.6592	38.6723	38.7028	38.7722	39.3311
Sor-CPnd_016-Ex1-1B-lcwgs-1-3	38.0768	38.8631	39.2918	39.3294	39.4825	39.4692	39.4644	39.4845	39.5565	39.5287	39.5402	39.5354	39.525	39.5026	39.4657	39.4917	39.545	39.4657	39.4856	39.5352	39.5438	39.5601	39.5753	39.5775	39.5767	39.4882	39.5017	39.4903	39.4853	39.4999	39.4742	39.4887	39.4769	39.4859	39.4919	39.4825	39.4883	39.4595	39.459	39.467	39.4548	39.4548	39.4506	39.4433	39.4379	39.4445	39.442	39.4372	39.4501	39.436	39.4124	39.4281	39.406	39.408	39.4051	39.4014	39.4152	39.3998	39.3572	39.3284	39.3731	39.3839	39.3669	39.3689	39.3435	39.3509	39.3398	39.3429	39.3277	39.3241	39.3069	39.3006	39.3055	39.297	39.2788	39.2872	39.2826	39.2754	39.2445	39.2548	39.2461	39.2538	39.2014	39.2188	39.1808	39.2305	39.2145	39.2252	39.1931	39.1977	39.1706	39.1366	39.1397	39.1484	39.1511	39.1279	39.1302	39.1081	39.1063	39.0907	39.0944	39.0382	39.0536	39.0461	39.0317	39.0272	39.0332	39.008	39.0105	39.0146	38.9958	38.9846	38.989	38.9723	38.9603	38.9432	38.928	38.9202	38.9075	38.9297	38.9082	38.8992	38.8431	38.8554	38.8569	38.8475	38.8562	38.7986	38.8332	38.8092	38.8075	38.7873	38.798	38.7818	38.7077	38.7667	38.7605	38.7047	38.7327	38.7484	38.7278	38.7155	38.6802	38.6854	38.6783	38.7034	38.7134	38.7276	38.7802	39.3387
Sor-CPnd_017-Ex1-3G-lcwgs-1-3	38.6373	39.0474	39.3803	39.3955	39.5367	39.5039	39.5136	39.5495	39.5816	39.5765	39.5866	39.5633	39.5655	39.5433	39.4988	39.5421	39.5801	39.4989	39.5178	39.5723	39.5701	39.5926	39.6024	39.6027	39.5964	39.5159	39.5259	39.5098	39.5102	39.5191	39.4936	39.5007	39.4907	39.5006	39.5077	39.4941	39.5092	39.4746	39.4744	39.4825	39.4684	39.47	39.4626	39.455	39.4487	39.4564	39.4495	39.4406	39.4535	39.4401	39.4159	39.4253	39.4077	39.4109	39.4063	39.4016	39.4131	39.3913	39.3495	39.3205	39.3687	39.3839	39.3552	39.3627	39.3444	39.345	39.3295	39.3349	39.3197	39.3141	39.3003	39.2874	39.2982	39.2928	39.2716	39.2769	39.268	39.2607	39.231	39.2384	39.2328	39.2296	39.1858	39.2035	39.1594	39.2156	39.198	39.2057	39.1766	39.1841	39.1485	39.1039	39.1212	39.1258	39.1146	39.1012	39.1002	39.0776	39.0783	39.0565	39.0617	39.0032	39.0276	39.0115	39.0	39.0031	38.9888	38.9716	38.9758	38.9661	38.9482	38.9394	38.944	38.9248	38.903	38.8886	38.8764	38.8634	38.8509	38.8669	38.8479	38.8319	38.7822	38.7831	38.7823	38.7741	38.7714	38.7156	38.7589	38.727	38.7194	38.699	38.7221	38.6847	38.5997	38.6615	38.6587	38.6102	38.6238	38.6401	38.6083	38.6095	38.5641	38.567	38.5751	38.5943	38.6045	38.6541	38.7064	39.3099
Sor-CPnd_018-Ex1-1E-lcwgs-1-3	38.7168	39.1341	39.4509	39.441	39.5514	39.5309	39.5465	39.584	39.6096	39.6087	39.6083	39.5871	39.5929	39.5653	39.5304	39.5743	39.6066	39.5267	39.5495	39.5926	39.596	39.6132	39.6196	39.621	39.6185	39.5461	39.5583	39.5408	39.5403	39.5524	39.5268	39.5409	39.5284	39.5366	39.5372	39.5267	39.5331	39.5041	39.5024	39.5067	39.4957	39.4958	39.487	39.4815	39.4737	39.4758	39.4727	39.4693	39.4777	39.4626	39.4406	39.452	39.4318	39.4319	39.4279	39.4234	39.4338	39.416	39.3735	39.3448	39.3909	39.3965	39.3779	39.3793	39.3556	39.3591	39.3495	39.3469	39.3366	39.3297	39.3132	39.306	39.3087	39.2974	39.2794	39.2803	39.2831	39.2725	39.2378	39.2536	39.2395	39.2488	39.1878	39.2128	39.1607	39.2166	39.1996	39.209	39.1751	39.183	39.1572	39.1197	39.1193	39.1276	39.1242	39.1062	39.1059	39.0825	39.0798	39.0617	39.0605	39.0086	39.0222	39.008	38.994	38.9913	38.9914	38.968	38.9725	38.9656	38.9461	38.9371	38.9402	38.92	38.9027	38.8862	38.8737	38.8645	38.8415	38.8627	38.8403	38.8299	38.7762	38.7834	38.7855	38.771	38.7772	38.7218	38.7513	38.724	38.7239	38.6936	38.7103	38.68	38.614	38.6611	38.6611	38.599	38.6248	38.6394	38.6213	38.6034	38.5685	38.5692	38.5712	38.5843	38.6055	38.633	38.7061	39.302
Sor-CPnd_019-Ex1-6G-lcwgs-1-3	38.4216	39.1542	39.4634	39.4328	39.5943	39.5296	39.5407	39.6168	39.6269	39.6324	39.6382	39.6265	39.6064	39.6147	39.5385	39.5966	39.6322	39.5424	39.5642	39.6344	39.634	39.6468	39.6523	39.6531	39.6494	39.5771	39.5898	39.5723	39.5741	39.5803	39.5568	39.567	39.5556	39.565	39.569	39.558	39.5623	39.5361	39.532	39.5374	39.5228	39.5232	39.5181	39.5089	39.5016	39.5029	39.5031	39.4965	39.5059	39.4865	39.4663	39.4769	39.4588	39.4583	39.4507	39.4487	39.4597	39.4411	39.4003	39.3687	39.4139	39.42	39.402	39.4006	39.3806	39.3829	39.3726	39.3715	39.3563	39.3506	39.335	39.3243	39.3299	39.3197	39.2993	39.3029	39.2974	39.288	39.2564	39.2647	39.2575	39.2617	39.2084	39.2253	39.1822	39.2319	39.2131	39.2203	39.186	39.1959	39.165	39.1257	39.1328	39.1341	39.1361	39.1139	39.1164	39.0871	39.0843	39.0723	39.0692	39.0098	39.0301	39.0166	39.0042	38.9995	38.9941	38.9712	38.9724	38.9709	38.9528	38.9382	38.9379	38.9176	38.9048	38.8877	38.8722	38.8577	38.8455	38.8607	38.8412	38.8255	38.7682	38.7791	38.7783	38.7645	38.7665	38.7112	38.7461	38.7144	38.7121	38.6837	38.6981	38.6758	38.5978	38.6576	38.6486	38.5933	38.6181	38.6259	38.606	38.5898	38.5598	38.5595	38.5572	38.574	38.5987	38.6302	38.711	39.3053
Sor-CPnd_020-Ex1-2E-lcwgs-1-3	38.6231	39.1204	39.4344	39.4216	39.5812	39.5217	39.5314	39.5809	39.6117	39.6084	39.611	39.5941	39.5844	39.5827	39.5205	39.5709	39.6087	39.5234	39.544	39.6015	39.6036	39.6172	39.6249	39.6246	39.6213	39.5458	39.5579	39.5421	39.5373	39.5487	39.5238	39.5349	39.5226	39.5299	39.5334	39.5227	39.5302	39.5012	39.4998	39.5058	39.4932	39.4928	39.4833	39.4769	39.47	39.4737	39.4728	39.4637	39.4756	39.4597	39.4382	39.4501	39.4288	39.4276	39.4225	39.4184	39.4306	39.4141	39.3722	39.343	39.3876	39.3938	39.3776	39.376	39.3532	39.3572	39.3442	39.344	39.329	39.3261	39.3087	39.299	39.3066	39.2973	39.274	39.2802	39.2756	39.2643	39.2342	39.2409	39.2342	39.238	39.1874	39.2028	39.1608	39.2102	39.1945	39.1992	39.1688	39.1712	39.1456	39.1075	39.1164	39.1164	39.1236	39.0993	39.0962	39.0755	39.0707	39.0557	39.0542	38.9982	39.0138	39.004	38.9914	38.9848	38.9857	38.9584	38.9618	38.9576	38.9433	38.9273	38.9276	38.913	38.8993	38.8814	38.864	38.852	38.8393	38.8508	38.833	38.8206	38.7682	38.7774	38.7745	38.7657	38.7686	38.7093	38.7479	38.717	38.7128	38.6825	38.6975	38.6806	38.6108	38.66	38.6461	38.5934	38.6195	38.6312	38.6145	38.5924	38.5633	38.5659	38.559	38.5867	38.603	38.634	38.7153	39.303
Sor-CPnd_022-Ex1-7C-lcwgs-1-3	38.4424	39.0098	39.3646	39.3677	39.5363	39.4838	39.4952	39.5499	39.5804	39.577	39.5841	39.5718	39.5537	39.5559	39.485	39.5336	39.5817	39.4857	39.5054	39.5805	39.581	39.5965	39.6052	39.6037	39.6026	39.5211	39.5362	39.5184	39.5169	39.5299	39.5021	39.5157	39.5033	39.5146	39.5175	39.5066	39.5114	39.4801	39.4817	39.4874	39.4728	39.4732	39.4679	39.4595	39.4518	39.4538	39.4538	39.4506	39.4615	39.4429	39.422	39.4348	39.4137	39.4146	39.4078	39.4024	39.4153	39.3998	39.3575	39.3265	39.3703	39.3824	39.363	39.3648	39.3378	39.3419	39.3292	39.3314	39.3162	39.3101	39.2939	39.2845	39.2894	39.2823	39.2619	39.2663	39.2612	39.2527	39.2232	39.2296	39.2236	39.2281	39.1765	39.1914	39.1507	39.2021	39.1798	39.191	39.1597	39.1653	39.1344	39.0958	39.1053	39.1041	39.1109	39.0844	39.0867	39.0602	39.0567	39.0427	39.0423	38.9869	39.0018	38.9868	38.9742	38.9723	38.9713	38.9465	38.9516	38.9541	38.9305	38.9157	38.9197	38.9036	38.888	38.872	38.8582	38.8426	38.8342	38.8481	38.8239	38.816	38.7567	38.7706	38.77	38.7611	38.7638	38.7004	38.7409	38.7123	38.703	38.6857	38.6947	38.6753	38.6008	38.6591	38.6475	38.5929	38.6174	38.6332	38.6124	38.596	38.5626	38.567	38.5644	38.588	38.5959	38.6248	38.699	39.2956
Sor-CPnd_024-Ex1-5G-lcwgs-1-3	38.5676	39.1722	39.4704	39.4509	39.5914	39.5467	39.5591	39.6155	39.6286	39.6335	39.6322	39.6113	39.6123	39.6011	39.5456	39.6008	39.6327	39.548	39.5708	39.6219	39.6235	39.6404	39.642	39.644	39.6394	39.5689	39.5795	39.5666	39.5665	39.577	39.5488	39.5615	39.5491	39.5587	39.5605	39.5516	39.5546	39.5307	39.528	39.532	39.5155	39.516	39.5155	39.5041	39.4967	39.5014	39.4965	39.488	39.4985	39.4831	39.4624	39.4698	39.4533	39.4527	39.4464	39.4413	39.454	39.4394	39.397	39.3624	39.4096	39.417	39.4004	39.3996	39.3755	39.3801	39.3689	39.3694	39.3564	39.3469	39.3316	39.3208	39.326	39.3174	39.2974	39.3035	39.2973	39.2865	39.2509	39.2665	39.2538	39.2602	39.2034	39.2186	39.1741	39.2324	39.2115	39.2158	39.1805	39.1918	39.1672	39.121	39.1336	39.1315	39.1323	39.1079	39.109	39.0819	39.0779	39.0637	39.0679	39.0075	39.0253	39.0112	38.9995	38.9846	38.9958	38.967	38.9666	38.9761	38.9425	38.9378	38.9354	38.9176	38.8967	38.8849	38.8659	38.8559	38.8447	38.8516	38.8358	38.8218	38.7668	38.769	38.7764	38.7517	38.7699	38.7028	38.7375	38.7193	38.7099	38.6759	38.6873	38.6724	38.5953	38.6556	38.6396	38.5741	38.604	38.62	38.5981	38.5838	38.5582	38.5572	38.5436	38.5696	38.5861	38.6223	38.7113	39.3039
Sor-CPnd_026-Ex1-3H-lcwgs-1-3	38.588	39.0361	39.3634	39.3926	39.5444	39.4957	39.4976	39.5334	39.5842	39.5674	39.5738	39.5613	39.5509	39.5374	39.4839	39.5226	39.5648	39.4838	39.5066	39.5601	39.5616	39.5776	39.5885	39.5879	39.5857	39.5048	39.5173	39.5019	39.4971	39.5103	39.4841	39.4952	39.4847	39.4908	39.496	39.487	39.4908	39.4631	39.4596	39.4676	39.4543	39.4542	39.4485	39.441	39.4327	39.4359	39.4349	39.4294	39.44	39.426	39.4034	39.4167	39.3952	39.3956	39.3905	39.3859	39.3981	39.3837	39.34	39.3112	39.358	39.3656	39.3473	39.3459	39.3244	39.3264	39.3183	39.3169	39.303	39.2984	39.2825	39.2735	39.2766	39.2698	39.2514	39.2546	39.2519	39.243	39.2137	39.2215	39.2113	39.219	39.1671	39.1824	39.141	39.1915	39.1761	39.1852	39.153	39.1553	39.1308	39.0926	39.1002	39.1027	39.1071	39.0828	39.0827	39.0594	39.0526	39.0408	39.0434	38.9865	38.9996	38.9873	38.9767	38.9687	38.9736	38.9496	38.9537	38.95	38.9336	38.9199	38.9215	38.903	38.89	38.8714	38.8562	38.8429	38.8336	38.8497	38.8314	38.8173	38.7643	38.771	38.7719	38.761	38.766	38.7026	38.744	38.7188	38.7111	38.6886	38.7	38.6819	38.6077	38.6632	38.6563	38.5967	38.629	38.6374	38.6202	38.6033	38.5735	38.5746	38.5648	38.5961	38.61	38.6396	38.7087	39.3022
Sor-CPnd_027-Ex1-3C-lcwgs-1-3	38.3647	38.9105	39.2877	39.3433	39.5179	39.4685	39.4605	39.4949	39.5574	39.5388	39.5514	39.5445	39.5255	39.5166	39.4586	39.4986	39.5468	39.4585	39.4792	39.5462	39.5533	39.5651	39.5769	39.5779	39.5748	39.4831	39.4983	39.4821	39.4804	39.4947	39.4666	39.4795	39.4697	39.4788	39.4826	39.4734	39.4798	39.4491	39.449	39.4559	39.4435	39.4427	39.4384	39.4306	39.4231	39.4258	39.428	39.4222	39.4371	39.4194	39.3955	39.4128	39.3887	39.3906	39.3854	39.3805	39.3957	39.378	39.3363	39.3062	39.3528	39.3626	39.3462	39.3441	39.3219	39.325	39.3139	39.3155	39.3009	39.2967	39.2796	39.2697	39.2795	39.2722	39.2498	39.2569	39.2527	39.2458	39.2148	39.2202	39.2187	39.2191	39.1706	39.1849	39.1479	39.1951	39.1806	39.1866	39.156	39.1589	39.1316	39.0955	39.1025	39.1085	39.1132	39.0869	39.0889	39.0647	39.062	39.0467	39.0497	38.9883	39.0095	38.9987	38.9855	38.9813	38.9826	38.9574	38.961	38.9599	38.9428	38.928	38.9359	38.917	38.9008	38.8883	38.8712	38.8596	38.8484	38.8671	38.8469	38.8327	38.7781	38.7852	38.79	38.7797	38.7848	38.7228	38.7685	38.7351	38.733	38.7118	38.7197	38.7075	38.6297	38.688	38.684	38.6261	38.6479	38.6633	38.6493	38.6301	38.5979	38.6014	38.593	38.6251	38.637	38.6552	38.7279	39.3058
Sor-CPnd_028-Ex1-3A-lcwgs-1-3	38.3317	38.9148	39.2865	39.3422	39.5208	39.4664	39.4659	39.4957	39.5626	39.5402	39.5515	39.5478	39.5262	39.5223	39.4563	39.496	39.5488	39.4604	39.4837	39.5501	39.5531	39.5688	39.5796	39.5801	39.5785	39.4859	39.5009	39.487	39.4847	39.4966	39.469	39.483	39.4714	39.4816	39.4873	39.4779	39.4837	39.4533	39.4535	39.4593	39.4477	39.4481	39.4408	39.4351	39.4278	39.4347	39.4317	39.4286	39.4396	39.4237	39.402	39.4184	39.3936	39.3957	39.3886	39.3879	39.4018	39.3883	39.3453	39.3159	39.3602	39.3682	39.3498	39.352	39.3267	39.3339	39.323	39.3225	39.3084	39.3027	39.2874	39.2794	39.2861	39.2759	39.2602	39.263	39.2599	39.2541	39.2219	39.2303	39.2212	39.2306	39.1756	39.1938	39.1553	39.2076	39.1896	39.1984	39.1653	39.1733	39.1443	39.1086	39.111	39.1172	39.1194	39.0996	39.1013	39.0776	39.0759	39.0587	39.0598	39.0028	39.0182	39.0088	38.9998	38.9925	38.9955	38.9718	38.9752	38.9753	38.9592	38.9463	38.9503	38.9323	38.9197	38.9042	38.8872	38.8758	38.8654	38.8845	38.8647	38.8507	38.798	38.8064	38.8106	38.8022	38.8067	38.7504	38.7833	38.756	38.7545	38.7332	38.7436	38.7289	38.6555	38.7113	38.7069	38.6499	38.6811	38.692	38.6757	38.6573	38.6239	38.6256	38.6235	38.6514	38.6615	38.6833	38.7481	39.3218
Sor-CPnd_029-Ex1-8E-lcwgs-1-3	38.6352	39.0316	39.3752	39.4227	39.5441	39.5131	39.5248	39.5498	39.5927	39.5791	39.5844	39.571	39.5727	39.5442	39.5185	39.5486	39.5828	39.5136	39.5329	39.571	39.5767	39.5932	39.6057	39.6052	39.6033	39.5221	39.5327	39.5186	39.516	39.5277	39.4996	39.513	39.5036	39.5091	39.5112	39.5041	39.5088	39.4797	39.4777	39.4831	39.4708	39.4681	39.4607	39.4547	39.4467	39.4506	39.4486	39.4443	39.4533	39.4379	39.4163	39.4282	39.4056	39.4076	39.4013	39.3975	39.4102	39.3914	39.3503	39.3193	39.3649	39.3719	39.3547	39.3546	39.3294	39.3352	39.3251	39.3254	39.309	39.3055	39.2873	39.2777	39.2814	39.2718	39.2537	39.2588	39.2527	39.2462	39.2161	39.2222	39.2132	39.2186	39.1671	39.1824	39.144	39.1922	39.1758	39.1832	39.1528	39.1543	39.1296	39.0902	39.097	39.0985	39.1022	39.0778	39.0784	39.0549	39.0539	39.0388	39.0391	38.9823	38.9999	38.989	38.9736	38.966	38.969	38.9443	38.946	38.9477	38.93	38.9137	38.92	38.9004	38.8843	38.87	38.8498	38.8405	38.8295	38.8441	38.8266	38.8142	38.7591	38.7676	38.7667	38.7566	38.7644	38.7033	38.7393	38.7121	38.7102	38.6837	38.6988	38.6788	38.6058	38.6631	38.6545	38.5941	38.6263	38.6371	38.6233	38.6025	38.5731	38.5764	38.5669	38.5939	38.6113	38.6433	38.7184	39.3037
Sor-CPnd_030-Ex1-2H-lcwgs-1-3	38.6595	39.151	39.4482	39.4458	39.5872	39.5284	39.5383	39.5869	39.6144	39.6106	39.613	39.5959	39.5916	39.5841	39.5212	39.5719	39.606	39.5237	39.5436	39.597	39.5984	39.6135	39.6207	39.62	39.616	39.5452	39.5558	39.5363	39.5373	39.5479	39.5213	39.534	39.5217	39.5297	39.5304	39.5202	39.5259	39.4976	39.4953	39.5023	39.4867	39.4876	39.4784	39.4722	39.4642	39.4662	39.4631	39.4555	39.4684	39.4529	39.4298	39.4453	39.4239	39.4212	39.4122	39.4093	39.4202	39.4045	39.3602	39.3323	39.3764	39.3829	39.368	39.364	39.3417	39.3433	39.3336	39.3301	39.3166	39.3116	39.2946	39.2842	39.2904	39.2786	39.2611	39.2636	39.2623	39.2487	39.2162	39.2241	39.2202	39.2199	39.1679	39.1833	39.1397	39.1887	39.1748	39.1816	39.149	39.1516	39.1202	39.0841	39.0913	39.0961	39.0963	39.0727	39.0733	39.0454	39.0402	39.0244	39.027	38.9683	38.9805	38.9721	38.9591	38.9434	38.9517	38.9245	38.9247	38.9225	38.9034	38.8881	38.8912	38.8712	38.8579	38.8373	38.8206	38.8095	38.7989	38.8145	38.7873	38.7788	38.7222	38.725	38.7339	38.7143	38.7196	38.6585	38.6916	38.6574	38.6581	38.63	38.6403	38.6176	38.5479	38.5982	38.5882	38.5323	38.5594	38.5701	38.5473	38.5302	38.4997	38.5003	38.4905	38.5187	38.5395	38.5711	38.661	39.277
Sor-CPnd_031-Ex1-5D-lcwgs-1-3	38.5662	39.0932	39.418	39.4123	39.5799	39.5247	39.5315	39.5804	39.6098	39.6068	39.6125	39.5938	39.5873	39.5796	39.5193	39.5703	39.6096	39.5216	39.5452	39.6066	39.6067	39.6215	39.6289	39.6303	39.6263	39.5498	39.5619	39.5474	39.546	39.5567	39.5319	39.5453	39.5332	39.5427	39.5444	39.5356	39.5399	39.5131	39.512	39.5174	39.5057	39.5046	39.4987	39.4929	39.4866	39.4912	39.4874	39.4811	39.4915	39.4766	39.455	39.4678	39.4487	39.4481	39.4429	39.4381	39.4522	39.4368	39.396	39.3638	39.4089	39.4154	39.4026	39.4015	39.381	39.3821	39.374	39.3745	39.3573	39.3545	39.3388	39.3297	39.3346	39.3256	39.3066	39.3129	39.308	39.2989	39.266	39.2777	39.2684	39.2729	39.2215	39.2391	39.1972	39.248	39.2333	39.241	39.2125	39.2151	39.1879	39.1489	39.1578	39.1596	39.1654	39.1403	39.1401	39.1204	39.1152	39.1013	39.102	39.0486	39.0648	39.0514	39.0416	39.0326	39.0359	39.0117	39.0173	39.0153	38.9977	38.986	38.9885	38.97	38.9575	38.9403	38.923	38.9131	38.903	38.9179	38.9007	38.8867	38.8335	38.8433	38.8444	38.837	38.8385	38.7793	38.818	38.789	38.7853	38.7602	38.7744	38.7567	38.6874	38.7442	38.7351	38.6803	38.7057	38.7165	38.7029	38.6885	38.6564	38.6565	38.6509	38.676	38.6883	38.7148	38.7795	39.3395
Sor-CPnd_033-Ex1-2F-lcwgs-1-3	38.6604	39.1386	39.435	39.4295	39.5827	39.5288	39.536	39.5821	39.6147	39.6103	39.6148	39.5963	39.589	39.5837	39.5189	39.5736	39.6101	39.5252	39.5445	39.6032	39.607	39.622	39.6244	39.6259	39.6221	39.5501	39.5604	39.5436	39.5436	39.5525	39.5277	39.5405	39.5288	39.5369	39.5413	39.5294	39.535	39.5045	39.5068	39.5085	39.4986	39.4974	39.4929	39.4868	39.4792	39.4793	39.478	39.4718	39.4809	39.4678	39.4477	39.4608	39.439	39.4381	39.4306	39.4264	39.441	39.425	39.3812	39.35	39.3979	39.4066	39.3925	39.3879	39.3642	39.3673	39.3571	39.3565	39.3429	39.3382	39.3211	39.313	39.3143	39.3059	39.2908	39.2908	39.2876	39.2776	39.2465	39.2562	39.247	39.2507	39.2008	39.2171	39.1756	39.2254	39.2087	39.2158	39.1836	39.189	39.1636	39.122	39.1337	39.1316	39.1403	39.1122	39.1147	39.0906	39.0848	39.0676	39.0731	39.013	39.0357	39.0208	39.0071	38.9974	39.0018	38.9769	38.9703	38.9741	38.9556	38.9466	38.9452	38.9276	38.9118	38.9003	38.8803	38.8612	38.8519	38.8652	38.8477	38.8337	38.7797	38.7876	38.7899	38.7673	38.778	38.7201	38.7531	38.7208	38.7194	38.6976	38.709	38.6933	38.6123	38.6651	38.6537	38.599	38.622	38.6366	38.6148	38.6045	38.5713	38.5661	38.5688	38.5907	38.6129	38.6348	38.7239	39.3077
Sor-CPnd_034-Ex1-4G-lcwgs-1-3	38.6079	39.1313	39.4456	39.4387	39.5652	39.5387	39.5477	39.5854	39.6067	39.6106	39.6118	39.5917	39.599	39.5741	39.5333	39.576	39.6098	39.5356	39.5535	39.599	39.5963	39.6152	39.6203	39.6215	39.6201	39.5466	39.5599	39.5432	39.5448	39.5521	39.5233	39.5377	39.5254	39.5346	39.5364	39.5265	39.5316	39.5045	39.4982	39.5073	39.4906	39.4917	39.4839	39.4741	39.4684	39.4708	39.4703	39.4647	39.4759	39.4559	39.4353	39.4455	39.4281	39.4293	39.4183	39.4178	39.4269	39.413	39.3705	39.3407	39.3835	39.3926	39.3738	39.3747	39.3528	39.3555	39.3415	39.3401	39.3274	39.3202	39.304	39.2988	39.3031	39.2931	39.273	39.275	39.2697	39.2608	39.2304	39.2372	39.2316	39.2378	39.1804	39.1956	39.1549	39.2094	39.1919	39.1988	39.1662	39.1684	39.1425	39.1067	39.105	39.1151	39.1121	39.091	39.0931	39.0658	39.0594	39.0461	39.0428	38.9894	39.0037	38.9989	38.9822	38.965	38.9752	38.9547	38.9521	38.9481	38.9364	38.9133	38.9188	38.9027	38.8897	38.8683	38.8501	38.8347	38.8263	38.8347	38.8215	38.8072	38.7532	38.7556	38.7592	38.7451	38.7504	38.6914	38.7289	38.6962	38.6956	38.6648	38.6785	38.6595	38.5731	38.6366	38.6279	38.5624	38.5914	38.6049	38.5758	38.5624	38.5481	38.5309	38.5269	38.5594	38.5757	38.5957	38.6811	39.2832
Sor-CPnd_036-Ex1-5C-lcwgs-1-3	38.5476	39.0982	39.4208	39.4158	39.5805	39.5216	39.5327	39.5853	39.6096	39.6106	39.6135	39.5945	39.5865	39.5825	39.5164	39.5709	39.61	39.5181	39.5437	39.6051	39.6062	39.6208	39.6261	39.6262	39.6232	39.5458	39.5596	39.5442	39.542	39.5517	39.5248	39.5365	39.5267	39.5354	39.5374	39.5283	39.5339	39.5038	39.5017	39.5105	39.496	39.4926	39.4878	39.4806	39.4732	39.4752	39.4744	39.4676	39.4786	39.462	39.4383	39.4525	39.4304	39.43	39.4234	39.42	39.432	39.4159	39.3754	39.3426	39.386	39.3955	39.3789	39.3769	39.353	39.3565	39.3437	39.3437	39.3287	39.3253	39.3067	39.2963	39.3027	39.292	39.2701	39.2769	39.2713	39.2612	39.2289	39.2372	39.2323	39.2342	39.1824	39.195	39.1559	39.2021	39.1884	39.1933	39.1614	39.1661	39.137	39.1013	39.109	39.1068	39.1135	39.0871	39.0905	39.0643	39.061	39.0436	39.0462	38.9843	39.0017	38.9912	38.9764	38.9688	38.9738	38.9456	38.9475	38.9492	38.9316	38.9119	38.9158	38.8989	38.8849	38.8658	38.852	38.8388	38.8236	38.8403	38.8187	38.807	38.7469	38.7555	38.7591	38.7429	38.751	38.6895	38.7267	38.6946	38.6924	38.6678	38.6821	38.6531	38.583	38.6376	38.6321	38.5693	38.5957	38.6108	38.5875	38.5763	38.5435	38.5446	38.5429	38.5671	38.5769	38.6132	38.6923	39.2928
Sor-CPnd_037-Ex1-6C-lcwgs-1-3	38.3775	39.05	39.4003	39.3958	39.5724	39.4966	39.5078	39.579	39.6008	39.6012	39.608	39.6005	39.5697	39.5895	39.5039	39.5608	39.6061	39.5053	39.5305	39.6102	39.6112	39.6232	39.6304	39.6294	39.6271	39.548	39.563	39.5444	39.5447	39.5558	39.5273	39.541	39.5299	39.5406	39.5424	39.5346	39.5392	39.5083	39.5068	39.5164	39.5007	39.5015	39.4934	39.4873	39.4793	39.4832	39.4811	39.4755	39.4871	39.4678	39.4489	39.4597	39.4417	39.4386	39.4327	39.4292	39.439	39.424	39.3809	39.3509	39.3991	39.4067	39.3855	39.3849	39.3626	39.3679	39.3531	39.3569	39.3414	39.3348	39.3183	39.3094	39.3129	39.3051	39.2853	39.2885	39.2851	39.2719	39.2416	39.2516	39.2434	39.249	39.1944	39.2111	39.1678	39.2178	39.2012	39.208	39.1751	39.1795	39.1575	39.1153	39.1225	39.1222	39.1217	39.105	39.1041	39.0815	39.0784	39.0664	39.0647	39.0069	39.0249	39.0104	38.9959	38.993	38.9949	38.9703	38.9693	38.9709	38.9538	38.9422	38.9391	38.9208	38.9061	38.8908	38.8775	38.861	38.8465	38.8658	38.8435	38.8357	38.7789	38.7866	38.7865	38.7804	38.7783	38.7215	38.7613	38.7324	38.7292	38.7063	38.7114	38.6941	38.6189	38.6769	38.6718	38.6129	38.6372	38.6502	38.6332	38.6181	38.5815	38.5873	38.5791	38.6063	38.6181	38.6502	38.7239	39.3083
Sor-CPnd_038-Ex1-2A-lcwgs-1-3	38.3297	38.9598	39.3246	39.3549	39.5429	39.4821	39.4833	39.5199	39.5774	39.5646	39.573	39.5637	39.5432	39.5472	39.4741	39.5229	39.5733	39.482	39.5008	39.5747	39.5764	39.5898	39.5976	39.6015	39.5987	39.5109	39.5235	39.5087	39.5073	39.5203	39.4944	39.5092	39.4965	39.5055	39.5097	39.5018	39.5083	39.4788	39.4784	39.4864	39.4737	39.4759	39.468	39.4628	39.4567	39.4598	39.4605	39.4534	39.4674	39.4521	39.4294	39.4449	39.4244	39.4241	39.4199	39.4169	39.4267	39.4132	39.3718	39.3424	39.3896	39.3997	39.3808	39.3826	39.3604	39.363	39.3534	39.3544	39.339	39.3356	39.3201	39.3133	39.3202	39.3106	39.2899	39.2979	39.2914	39.2844	39.2546	39.2645	39.2554	39.2622	39.21	39.2282	39.1895	39.2378	39.2216	39.2321	39.1989	39.2037	39.1783	39.1417	39.1495	39.1544	39.1559	39.1355	39.1359	39.1137	39.111	39.0955	39.0976	39.0416	39.0597	39.0515	39.0376	39.0326	39.0348	39.0104	39.0128	39.0133	38.9995	38.9888	38.9891	38.9733	38.9605	38.9479	38.9317	38.918	38.9094	38.9231	38.9049	38.8955	38.8426	38.8526	38.8543	38.8443	38.8524	38.7924	38.8323	38.8028	38.7983	38.7772	38.7931	38.7736	38.7054	38.7597	38.754	38.6971	38.7263	38.7391	38.7204	38.7021	38.6728	38.6777	38.6718	38.698	38.7073	38.7315	38.7947	39.3425
Sor-CPnd_041-Ex1-7A-lcwgs-1-3	38.837	39.0898	39.4197	39.3879	39.5409	39.487	39.5088	39.5655	39.5831	39.5865	39.5936	39.5734	39.5595	39.5633	39.4879	39.5468	39.5899	39.4919	39.513	39.5936	39.5945	39.6084	39.6156	39.6158	39.6118	39.535	39.5493	39.5336	39.5344	39.5462	39.5208	39.5339	39.5247	39.5352	39.539	39.53	39.5346	39.5067	39.5085	39.5133	39.5025	39.503	39.4968	39.4927	39.4875	39.4914	39.491	39.4867	39.4992	39.4846	39.4636	39.4768	39.4593	39.46	39.455	39.4545	39.4673	39.4526	39.4127	39.3857	39.4305	39.441	39.4254	39.4265	39.4036	39.409	39.3987	39.4029	39.3892	39.3872	39.3717	39.3637	39.3728	39.3641	39.346	39.3566	39.3504	39.3447	39.3138	39.325	39.3214	39.3291	39.2781	39.2927	39.2557	39.309	39.2928	39.3013	39.2704	39.2786	39.2549	39.2173	39.2274	39.2322	39.2398	39.2158	39.2233	39.2003	39.1991	39.1871	39.1893	39.1344	39.1575	39.1442	39.1359	39.1321	39.1352	39.1131	39.1182	39.1213	39.1041	39.0922	39.0997	39.0855	39.0743	39.0607	39.0467	39.038	39.0246	39.0462	39.031	39.0186	38.9653	38.978	38.9838	38.9723	38.9882	38.9282	38.9691	38.9372	38.942	38.9168	38.9339	38.9138	38.8457	38.905	38.8995	38.8472	38.8706	38.8873	38.8691	38.8564	38.8267	38.8253	38.8236	38.8418	38.849	38.8624	38.9079	39.3975
Sor-CPnd_043-Ex1-1D-lcwgs-1-3	38.5876	39.0336	39.3765	39.4002	39.5202	39.5035	39.5129	39.5428	39.5843	39.5755	39.5825	39.5611	39.5637	39.5379	39.5053	39.5399	39.5793	39.503	39.5186	39.566	39.568	39.5854	39.5979	39.599	39.5966	39.5182	39.5296	39.5161	39.5122	39.5243	39.499	39.5129	39.4981	39.5086	39.5102	39.4993	39.5084	39.4757	39.4757	39.4832	39.4694	39.4689	39.4628	39.4551	39.4484	39.4511	39.4504	39.4438	39.4581	39.4411	39.4177	39.4309	39.4087	39.41	39.4028	39.4015	39.4116	39.398	39.3545	39.3248	39.3665	39.3775	39.3586	39.362	39.3369	39.3386	39.3283	39.3298	39.3134	39.3096	39.292	39.2809	39.2882	39.2803	39.2603	39.2648	39.2608	39.2497	39.2232	39.2291	39.2215	39.2253	39.1717	39.1892	39.1504	39.2018	39.1813	39.1891	39.1611	39.1634	39.1371	39.0999	39.1038	39.1071	39.1123	39.0874	39.0885	39.065	39.0603	39.0462	39.0488	38.9887	39.0045	38.9927	38.978	38.9712	38.9797	38.9484	38.9542	38.957	38.9363	38.9234	38.9253	38.9088	38.8921	38.8736	38.8599	38.8513	38.838	38.8564	38.8342	38.8223	38.7689	38.7748	38.7739	38.7616	38.7745	38.7111	38.748	38.7205	38.718	38.6953	38.7071	38.6825	38.6121	38.6693	38.6618	38.6027	38.6314	38.6428	38.6257	38.606	38.5731	38.5769	38.5753	38.5947	38.6114	38.639	38.7139	39.3054
Sor-CPnd_044-Ex1-8G-lcwgs-1-3	38.6581	39.0785	39.3984	39.4394	39.5417	39.5162	39.5337	39.5655	39.5978	39.592	39.5941	39.5767	39.5819	39.5503	39.5269	39.5639	39.593	39.5245	39.5427	39.5784	39.582	39.6024	39.6123	39.6099	39.6094	39.5299	39.5408	39.5265	39.5239	39.5332	39.5101	39.5207	39.5076	39.517	39.5196	39.5115	39.515	39.4848	39.4832	39.4898	39.4738	39.4754	39.4695	39.4598	39.453	39.4555	39.4535	39.4466	39.459	39.4409	39.4173	39.4292	39.4096	39.4094	39.4039	39.398	39.4126	39.3936	39.3536	39.3219	39.3648	39.3723	39.3558	39.3563	39.3314	39.335	39.3241	39.3222	39.3083	39.3029	39.2852	39.276	39.2789	39.2703	39.251	39.2571	39.2519	39.2421	39.2105	39.2181	39.2094	39.2156	39.1627	39.177	39.1365	39.1863	39.1677	39.1747	39.1454	39.1452	39.1229	39.0825	39.0892	39.0908	39.0939	39.0701	39.0709	39.0452	39.0373	39.0256	39.025	38.9667	38.9837	38.9711	38.958	38.9499	38.9547	38.9285	38.9291	38.9261	38.9137	38.8941	38.897	38.8761	38.8611	38.8477	38.8302	38.815	38.8057	38.8216	38.8	38.7885	38.7317	38.7355	38.7418	38.7228	38.7331	38.6675	38.705	38.6746	38.6733	38.6484	38.6609	38.6399	38.5649	38.6201	38.6096	38.555	38.5803	38.5914	38.5673	38.5532	38.5239	38.5175	38.5205	38.5446	38.5618	38.5904	38.6746	39.2847
Sor-CPnd_045-Ex1-7B-lcwgs-1-3	38.3368	38.9459	39.3281	39.3417	39.5252	39.4771	39.4802	39.5263	39.5716	39.5595	39.5686	39.5635	39.5407	39.5425	39.472	39.5169	39.5681	39.4741	39.4944	39.57	39.5728	39.5868	39.595	39.598	39.5936	39.5115	39.525	39.5097	39.5085	39.5207	39.4962	39.5085	39.4976	39.5078	39.5095	39.5011	39.5064	39.4772	39.478	39.4837	39.471	39.4709	39.4633	39.4583	39.453	39.4577	39.4561	39.4498	39.4629	39.4468	39.4242	39.4374	39.4163	39.4175	39.4131	39.4102	39.4241	39.4054	39.3643	39.336	39.3813	39.389	39.3736	39.3736	39.3498	39.3549	39.3426	39.347	39.3297	39.3285	39.3113	39.301	39.3063	39.2954	39.2782	39.288	39.2819	39.2742	39.2442	39.2497	39.2413	39.2501	39.1976	39.2125	39.175	39.2249	39.2088	39.218	39.1877	39.1942	39.1661	39.1279	39.1327	39.1384	39.1413	39.1176	39.1198	39.0947	39.0942	39.0792	39.0795	39.0216	39.0388	39.0276	39.0161	39.01	39.0168	38.9897	38.993	38.9909	38.9766	38.9626	38.9669	38.9489	38.9367	38.9195	38.904	38.8926	38.8818	38.8999	38.8781	38.8704	38.8132	38.8254	38.8283	38.8151	38.8254	38.7647	38.8021	38.7742	38.7709	38.7487	38.759	38.7423	38.6686	38.7254	38.7224	38.6614	38.6914	38.7041	38.6856	38.6665	38.6383	38.6416	38.6353	38.66	38.6725	38.6949	38.7547	39.3238
Sor-CPnd_046-Ex1-5A-lcwgs-1-3	38.6754	39.1137	39.436	39.426	39.5821	39.5281	39.5402	39.591	39.6151	39.615	39.619	39.598	39.5913	39.5878	39.5219	39.5776	39.6136	39.526	39.5475	39.6129	39.616	39.6305	39.6339	39.6338	39.6337	39.5581	39.5677	39.5534	39.5517	39.5655	39.539	39.5518	39.5392	39.5498	39.5519	39.5466	39.5494	39.5232	39.5217	39.5254	39.5141	39.5148	39.5074	39.501	39.4942	39.4992	39.4971	39.4937	39.5048	39.4901	39.4688	39.4812	39.4593	39.4607	39.4551	39.4536	39.4658	39.4485	39.4101	39.3745	39.4239	39.4321	39.4135	39.417	39.3922	39.3951	39.3881	39.3883	39.3766	39.369	39.3563	39.3457	39.3507	39.3428	39.3237	39.3298	39.3218	39.317	39.2844	39.2966	39.2903	39.2939	39.244	39.2584	39.2184	39.2713	39.2544	39.2626	39.2305	39.2332	39.2132	39.17	39.1795	39.1845	39.1906	39.1687	39.1664	39.147	39.1404	39.128	39.1315	39.0748	39.0969	39.0819	39.0681	39.0591	39.0653	39.0441	39.0447	39.0473	39.0224	39.0144	39.0207	39.0025	38.9879	38.9736	38.9597	38.9495	38.9366	38.9568	38.9278	38.9263	38.8671	38.879	38.8774	38.8712	38.8757	38.8204	38.8548	38.829	38.8255	38.8072	38.8178	38.7955	38.7212	38.7824	38.7731	38.7187	38.7413	38.7576	38.7335	38.7185	38.689	38.6919	38.6886	38.7131	38.7231	38.7404	38.8091	39.3526
Sor-CPnd_049-Ex1-3B-lcwgs-1-3	38.5862	39.0374	39.3738	39.3955	39.5462	39.5012	39.5056	39.5442	39.5891	39.5784	39.5853	39.5672	39.5635	39.5494	39.4913	39.5342	39.5792	39.4906	39.5107	39.5757	39.5799	39.5903	39.6021	39.6001	39.5977	39.5163	39.5293	39.5121	39.5081	39.5181	39.4979	39.508	39.4942	39.5092	39.5096	39.5006	39.5056	39.4758	39.4772	39.4768	39.4693	39.4649	39.4592	39.4516	39.4474	39.4517	39.4476	39.447	39.4556	39.442	39.4161	39.4291	39.4122	39.4108	39.4064	39.4035	39.411	39.4022	39.3576	39.3292	39.3749	39.3822	39.3648	39.3645	39.3406	39.3455	39.335	39.3368	39.3203	39.313	39.3012	39.2927	39.2941	39.2884	39.2684	39.2734	39.2675	39.2594	39.2284	39.2378	39.2305	39.2354	39.1826	39.1988	39.1564	39.2107	39.1978	39.2032	39.1666	39.1778	39.1449	39.1053	39.1196	39.1161	39.1249	39.0992	39.1074	39.0757	39.0771	39.0584	39.0628	39.0044	39.0188	39.0016	38.9956	38.9895	38.9943	38.9679	38.9734	38.9644	38.9451	38.9408	38.9456	38.9172	38.9037	38.8923	38.881	38.8622	38.8509	38.8665	38.8472	38.8369	38.7795	38.7896	38.7853	38.7792	38.7898	38.7282	38.7645	38.7279	38.727	38.7042	38.7216	38.7045	38.6219	38.6771	38.6759	38.6134	38.6469	38.6559	38.6446	38.6191	38.5851	38.5903	38.5841	38.6122	38.6276	38.6453	38.7203	39.3108
Sor-CPnd_050-Ex1-3F-lcwgs-1-3	38.5889	39.0383	39.3698	39.3949	39.5475	39.4962	39.5017	39.5408	39.5854	39.5749	39.5819	39.5687	39.5573	39.5465	39.4907	39.5341	39.576	39.4892	39.5107	39.5732	39.5761	39.5899	39.5981	39.5995	39.5959	39.5133	39.5267	39.5096	39.5094	39.5196	39.494	39.5045	39.4947	39.5054	39.5058	39.4977	39.5055	39.4732	39.4721	39.4795	39.4666	39.4656	39.4622	39.4526	39.4464	39.451	39.4482	39.443	39.4523	39.4383	39.4172	39.4305	39.4092	39.409	39.4033	39.3997	39.4123	39.3971	39.3547	39.3223	39.3713	39.3775	39.3619	39.3598	39.3356	39.3417	39.3305	39.3308	39.3198	39.3144	39.2983	39.2879	39.2946	39.2827	39.2639	39.2708	39.2685	39.2562	39.2265	39.232	39.2278	39.2344	39.1819	39.1958	39.1595	39.2093	39.1918	39.2002	39.1677	39.1733	39.1479	39.109	39.1171	39.1173	39.1228	39.0957	39.1024	39.0763	39.0738	39.0558	39.0602	39.0022	39.0194	39.0075	38.9959	38.9916	38.9953	38.967	38.9728	38.9705	38.956	38.9377	38.9421	38.9245	38.9113	38.8933	38.8821	38.8663	38.8574	38.8718	38.8533	38.8409	38.7891	38.7927	38.7979	38.7875	38.7916	38.731	38.77	38.7428	38.74	38.7138	38.7312	38.7087	38.6367	38.6912	38.6844	38.629	38.6562	38.6677	38.6537	38.6338	38.6066	38.6064	38.6031	38.6265	38.6378	38.6634	38.7377	39.3156
Sor-CPnd_052-Ex1-6D-lcwgs-1-3	38.5037	39.1568	39.4606	39.4307	39.5831	39.5251	39.5425	39.6133	39.6198	39.6298	39.6333	39.6133	39.6009	39.6048	39.5355	39.5933	39.6305	39.5429	39.5618	39.6285	39.6291	39.6413	39.6463	39.6474	39.6426	39.5713	39.5811	39.5677	39.5663	39.5771	39.5507	39.5634	39.5542	39.5594	39.5641	39.5535	39.5618	39.5318	39.53	39.5352	39.5232	39.5211	39.5165	39.5083	39.4999	39.5026	39.5027	39.4945	39.5058	39.49	39.4657	39.4782	39.4602	39.4584	39.4538	39.4495	39.4603	39.447	39.4044	39.3722	39.4179	39.424	39.4096	39.4082	39.3847	39.3881	39.3771	39.3763	39.3614	39.3571	39.3405	39.3286	39.3347	39.3273	39.3082	39.3114	39.3081	39.2962	39.2678	39.2766	39.2674	39.2697	39.2193	39.2367	39.1935	39.2422	39.2264	39.2286	39.2054	39.2077	39.1815	39.1409	39.1487	39.1479	39.1514	39.1323	39.1301	39.1057	39.0996	39.088	39.0878	39.0297	39.0458	39.0338	39.0178	39.0137	39.0136	38.9905	38.9933	38.9923	38.9694	38.9572	38.9569	38.9412	38.9283	38.9101	38.8922	38.8827	38.8647	38.882	38.8591	38.844	38.7926	38.8032	38.8049	38.7835	38.7945	38.7276	38.7662	38.7361	38.7274	38.7044	38.7214	38.6989	38.6298	38.6769	38.6648	38.613	38.6396	38.6486	38.6321	38.6103	38.5858	38.5817	38.5785	38.5994	38.6197	38.6524	38.7414	39.322
Sor-CPnd_053-Ex1-2C-lcwgs-1-3	38.4025	39.0013	39.3507	39.3748	39.5502	39.488	39.4914	39.5364	39.5815	39.5741	39.5791	39.5669	39.5505	39.5556	39.4829	39.5337	39.5787	39.4895	39.509	39.5751	39.5788	39.5947	39.6029	39.6032	39.5994	39.5157	39.5265	39.5099	39.5092	39.5207	39.4965	39.509	39.4957	39.5044	39.51	39.5004	39.5044	39.4763	39.4758	39.4812	39.4683	39.4696	39.463	39.4541	39.4483	39.4506	39.4494	39.4439	39.4541	39.4396	39.4205	39.4326	39.411	39.4099	39.4066	39.3997	39.4103	39.3962	39.352	39.3265	39.3696	39.3763	39.3601	39.3626	39.3356	39.3401	39.3309	39.3279	39.3154	39.3097	39.2911	39.2841	39.2876	39.2813	39.2606	39.2634	39.2586	39.2481	39.2194	39.225	39.2158	39.2258	39.1709	39.1878	39.1488	39.2016	39.1818	39.1889	39.1554	39.1588	39.1344	39.0927	39.1051	39.1025	39.1108	39.0845	39.0881	39.0604	39.0594	39.0436	39.0452	38.9876	39.0038	38.9915	38.9787	38.9765	38.977	38.9494	38.9569	38.954	38.9336	38.9185	38.9262	38.9073	38.8862	38.8767	38.86	38.8445	38.8365	38.8492	38.8348	38.8141	38.7634	38.7735	38.7691	38.761	38.7696	38.7102	38.7451	38.7159	38.7084	38.687	38.7006	38.6768	38.6081	38.6623	38.6543	38.598	38.6227	38.6394	38.6179	38.6013	38.5728	38.5708	38.5654	38.5941	38.6072	38.6368	38.7096	39.301
Sor-CPnd_054-Ex1-8F-lcwgs-1-3	38.683	39.1076	39.41	39.4501	39.5521	39.5229	39.54	39.5764	39.6039	39.5991	39.6005	39.5859	39.5904	39.5607	39.5254	39.5662	39.5976	39.5231	39.5403	39.5889	39.5904	39.6106	39.6202	39.6183	39.6167	39.5399	39.5516	39.5328	39.5337	39.5431	39.5171	39.527	39.5169	39.5294	39.5302	39.52	39.5237	39.4954	39.4913	39.4978	39.486	39.4839	39.4749	39.4714	39.4613	39.4643	39.4627	39.4593	39.4651	39.4537	39.4273	39.4424	39.4191	39.4202	39.4116	39.4122	39.4227	39.4051	39.3644	39.3365	39.3804	39.3841	39.371	39.3716	39.3431	39.347	39.3347	39.3371	39.3248	39.3194	39.3033	39.2914	39.2969	39.2917	39.2675	39.2762	39.2755	39.267	39.233	39.2404	39.2322	39.2396	39.1865	39.1986	39.1635	39.2108	39.1926	39.1986	39.1715	39.1745	39.1491	39.1047	39.119	39.1199	39.1216	39.0958	39.0951	39.0764	39.071	39.0536	39.0663	39.0016	39.0158	38.9993	38.9886	38.988	38.9838	38.9562	38.9583	38.9633	38.9412	38.9359	38.9331	38.9187	38.8989	38.8823	38.8708	38.8508	38.8375	38.8579	38.8431	38.8229	38.7674	38.7782	38.7753	38.77	38.7704	38.7151	38.7572	38.71	38.7219	38.6913	38.7081	38.6857	38.6068	38.6735	38.6496	38.5923	38.6217	38.6399	38.6192	38.6011	38.5685	38.576	38.566	38.5803	38.6063	38.6423	38.7103	39.3033
Sor-CPnd_055-Ex1-7G-lcwgs-1-3	38.6197	39.132	39.4438	39.413	39.5493	39.5131	39.5318	39.5913	39.6029	39.6084	39.6132	39.5892	39.5873	39.5754	39.5198	39.5739	39.6065	39.5234	39.5389	39.6022	39.5998	39.6153	39.6218	39.6212	39.6156	39.5443	39.5554	39.5414	39.538	39.548	39.5228	39.5346	39.5223	39.5334	39.535	39.5245	39.5289	39.4987	39.4974	39.5042	39.4894	39.4905	39.4828	39.4746	39.4664	39.4695	39.4679	39.4603	39.472	39.4548	39.4312	39.4454	39.4238	39.4236	39.417	39.4116	39.4241	39.4048	39.3638	39.3343	39.3773	39.3855	39.3675	39.3667	39.3438	39.3443	39.336	39.3366	39.3171	39.3147	39.2958	39.2879	39.2881	39.2806	39.26	39.2657	39.2604	39.2481	39.218	39.2266	39.2147	39.2208	39.1679	39.1825	39.1403	39.1908	39.1742	39.1801	39.1434	39.1516	39.1249	39.0842	39.0883	39.0902	39.0948	39.0688	39.0677	39.0379	39.0387	39.0202	39.0192	38.9616	38.9784	38.9675	38.9527	38.9461	38.9461	38.924	38.9189	38.9157	38.9036	38.883	38.8856	38.8691	38.8523	38.8356	38.8226	38.8028	38.7892	38.8031	38.78	38.7689	38.7113	38.7219	38.7217	38.7067	38.709	38.6448	38.6819	38.6529	38.6437	38.622	38.6355	38.6131	38.5386	38.5909	38.5814	38.518	38.5478	38.5619	38.541	38.5198	38.4852	38.4935	38.4852	38.5104	38.5327	38.5625	38.6568	39.2755
Sor-CPnd_058-Ex1-2G-lcwgs-1-3	38.6691	39.1766	39.4653	39.4526	39.5892	39.5378	39.5552	39.6041	39.6259	39.6271	39.6264	39.6072	39.6063	39.5963	39.541	39.5909	39.6245	39.5445	39.5601	39.6146	39.6147	39.6299	39.6359	39.634	39.6303	39.56	39.5703	39.5529	39.5527	39.5613	39.5368	39.5504	39.5328	39.5421	39.5459	39.5339	39.5414	39.5148	39.51	39.5159	39.5028	39.5018	39.4957	39.4862	39.477	39.4804	39.4768	39.4709	39.4784	39.4655	39.444	39.4557	39.4339	39.431	39.4257	39.4224	39.4308	39.4179	39.3716	39.3448	39.3871	39.398	39.3772	39.3772	39.3509	39.3559	39.3427	39.3431	39.325	39.3211	39.307	39.2963	39.2994	39.2872	39.2679	39.2713	39.2702	39.2561	39.2241	39.2325	39.2207	39.2297	39.1716	39.1904	39.1461	39.2011	39.1807	39.1888	39.1547	39.1551	39.1311	39.0894	39.0958	39.0963	39.0981	39.0741	39.0715	39.0488	39.0477	39.0249	39.0288	38.968	38.9782	38.9732	38.9545	38.9475	38.9507	38.9221	38.9249	38.9194	38.9008	38.8818	38.8831	38.8607	38.8482	38.8362	38.8078	38.7976	38.7904	38.7939	38.778	38.762	38.7067	38.7126	38.7053	38.6953	38.7047	38.6391	38.6695	38.6341	38.6286	38.6056	38.6096	38.5881	38.5216	38.5737	38.559	38.498	38.5212	38.5267	38.5107	38.5014	38.4643	38.4665	38.4574	38.4841	38.5052	38.5428	38.6457	39.2686
Sor-CPnd_063-Ex1-7D-lcwgs-1-3	38.6477	39.1151	39.4308	39.4066	39.551	39.5078	39.5227	39.5815	39.5956	39.6002	39.6041	39.584	39.5766	39.5695	39.5105	39.5606	39.5973	39.509	39.5302	39.5969	39.5967	39.61	39.6165	39.6168	39.6136	39.5378	39.5509	39.5346	39.5329	39.5441	39.5191	39.5296	39.5209	39.5282	39.5301	39.521	39.5247	39.4981	39.4987	39.5028	39.4881	39.488	39.4832	39.4742	39.4675	39.4707	39.469	39.4622	39.4753	39.4579	39.4331	39.4467	39.428	39.4267	39.4215	39.4192	39.4287	39.4116	39.3705	39.3415	39.3867	39.3936	39.3769	39.3758	39.3526	39.3545	39.3468	39.3461	39.3315	39.3213	39.3054	39.2982	39.3026	39.2943	39.275	39.2803	39.275	39.2646	39.236	39.2445	39.2338	39.2385	39.1858	39.2039	39.1623	39.2121	39.1945	39.2005	39.1715	39.1754	39.1454	39.1081	39.1149	39.118	39.1197	39.0975	39.0994	39.0714	39.0686	39.0521	39.0553	38.9947	39.0126	39.0019	38.986	38.9819	38.9853	38.9542	38.9563	38.9579	38.9416	38.922	38.9287	38.9052	38.8935	38.8786	38.8601	38.8466	38.8404	38.8526	38.8286	38.8135	38.76	38.768	38.7706	38.7552	38.7634	38.7036	38.7391	38.7077	38.7033	38.6758	38.6937	38.6688	38.593	38.6504	38.6464	38.5828	38.6104	38.6247	38.6032	38.5839	38.5534	38.5561	38.5534	38.5765	38.5952	38.6253	38.7054	39.3011
Sor-CPnd_066-Ex1-8B-lcwgs-1-3	38.3742	38.8991	39.2761	39.3759	39.5069	39.4906	39.4989	39.5059	39.5738	39.5357	39.5554	39.5476	39.5506	39.5094	39.4888	39.513	39.5578	39.4868	39.4972	39.5436	39.547	39.5743	39.5955	39.5833	39.5824	39.4971	39.5023	39.4935	39.4926	39.503	39.4753	39.4928	39.4826	39.4828	39.4839	39.4833	39.4907	39.4491	39.453	39.4672	39.4561	39.4517	39.4473	39.4447	39.429	39.4283	39.4398	39.4304	39.4362	39.4217	39.4029	39.417	39.3914	39.3962	39.3847	39.3879	39.4101	39.3913	39.3447	39.3062	39.3589	39.3666	39.3514	39.3576	39.3277	39.3322	39.3235	39.3234	39.3028	39.2974	39.2738	39.2819	39.2753	39.291	39.2671	39.2594	39.2758	39.2562	39.2247	39.2415	39.237	39.2353	39.1665	39.1886	39.1337	39.2065	39.1955	39.2165	39.1602	39.1566	39.1407	39.0909	39.0971	39.1144	39.1042	39.0935	39.0914	39.0596	39.0564	39.0394	39.0533	38.9926	39.0151	38.999	38.9741	38.9666	38.9749	38.9706	38.9668	38.9597	38.9555	38.9288	38.9261	38.8955	38.8962	38.8905	38.8678	38.8653	38.8308	38.876	38.8234	38.821	38.7539	38.7688	38.7555	38.7794	38.7941	38.7043	38.7609	38.7283	38.7218	38.7036	38.7113	38.7031	38.5828	38.6669	38.6578	38.6087	38.6317	38.6672	38.6463	38.5907	38.5881	38.5937	38.5951	38.5982	38.5986	38.6485	38.7039	39.3171
Sor-CPnd_069-Ex1-6B-lcwgs-1-3	38.3575	39.0316	39.3799	39.3791	39.5724	39.495	39.4977	39.5686	39.5982	39.5951	39.6018	39.5994	39.5669	39.5858	39.4964	39.5522	39.6016	39.5037	39.5271	39.6107	39.6095	39.6202	39.6262	39.6273	39.6266	39.5455	39.5584	39.545	39.5445	39.5533	39.5281	39.5398	39.5299	39.5402	39.542	39.5349	39.5386	39.5096	39.5104	39.5151	39.5025	39.5008	39.498	39.4913	39.483	39.4853	39.4832	39.4812	39.4906	39.4761	39.4549	39.4673	39.4463	39.4462	39.4411	39.4387	39.45	39.4354	39.3938	39.3635	39.4081	39.4141	39.4013	39.3983	39.376	39.3816	39.3711	39.3722	39.3555	39.3512	39.3348	39.3295	39.3333	39.3223	39.3042	39.3078	39.3022	39.2956	39.2642	39.2744	39.2664	39.2691	39.2175	39.2367	39.1949	39.2437	39.2266	39.2315	39.2065	39.2081	39.1802	39.147	39.1551	39.1549	39.1581	39.1357	39.1396	39.1156	39.1119	39.0978	39.0988	39.0403	39.0627	39.0475	39.0386	39.0298	39.0295	39.005	39.0077	39.0113	38.9924	38.9741	38.9842	38.9685	38.9509	38.9367	38.9202	38.9082	38.8923	38.9132	38.8963	38.883	38.8273	38.8381	38.8342	38.8312	38.8303	38.7746	38.8137	38.786	38.7806	38.7574	38.7705	38.7496	38.6811	38.7366	38.725	38.6742	38.6972	38.7123	38.694	38.6745	38.645	38.6472	38.6408	38.667	38.6775	38.704	38.7758	39.332
Sor-CPnd_072-Ex1-8C-lcwgs-1-3	38.17	38.8334	39.2384	39.337	39.4993	39.4662	39.4564	39.4763	39.5519	39.5215	39.5395	39.5397	39.5244	39.5028	39.4719	39.4969	39.5405	39.4691	39.4877	39.5362	39.5412	39.5611	39.5766	39.5769	39.5741	39.483	39.4952	39.4812	39.4777	39.4907	39.4641	39.4769	39.4664	39.4762	39.4807	39.4699	39.4781	39.4469	39.4462	39.4538	39.439	39.4396	39.4343	39.4278	39.421	39.4246	39.423	39.4174	39.4302	39.4129	39.3907	39.4074	39.3843	39.3861	39.3801	39.3791	39.3912	39.3733	39.3318	39.305	39.347	39.3554	39.3382	39.3397	39.3153	39.3204	39.3106	39.3124	39.2981	39.2908	39.2757	39.2654	39.2721	39.2644	39.2431	39.2499	39.2441	39.2369	39.2067	39.2155	39.2068	39.2134	39.1595	39.1774	39.1362	39.1872	39.1732	39.1821	39.1494	39.152	39.1263	39.0891	39.0939	39.0998	39.103	39.08	39.0812	39.0583	39.054	39.0401	39.0428	38.9825	38.9988	38.9907	38.9766	38.9694	38.9742	38.9497	38.9542	38.9559	38.9362	38.9249	38.9271	38.9126	38.896	38.8817	38.8655	38.854	38.8437	38.8607	38.8395	38.8301	38.7758	38.7838	38.7878	38.7755	38.7835	38.7251	38.7578	38.7326	38.7314	38.7079	38.7196	38.7024	38.6328	38.6923	38.6844	38.6274	38.653	38.6692	38.6495	38.6339	38.6008	38.6055	38.6004	38.6273	38.6392	38.6591	38.7249	39.3094
