Sample	Passed Filter	Low Quality	Too Many N	Low Complexity	Too Short	Too Long
Sor-CPnd_001-Ex1-3E-lcwgs-1-3	12378902.0	121800.0	392.0	6164.0	97772.0	0.0
Sor-CPnd_002-Ex1-5E-lcwgs-1-3	11956490.0	107368.0	340.0	5842.0	141448.0	0.0
Sor-CPnd_003-Ex1-2B-lcwgs-1-3	14912944.0	123140.0	576.0	5688.0	135932.0	0.0
Sor-CPnd_004-Ex1-1G-lcwgs-1-3	21868670.0	175976.0	730.0	8010.0	124518.0	0.0
Sor-CPnd_005-Ex1-3D-lcwgs-1-3	8677964.0	83808.0	324.0	3502.0	50062.0	0.0
Sor-CPnd_006-Ex1-2D-lcwgs-1-3	22932474.0	209136.0	826.0	9816.0	176200.0	0.0
Sor-CPnd_007-Ex1-1C-lcwgs-1-3	6454100.0	51338.0	236.0	3602.0	140258.0	0.0
Sor-CPnd_008-Ex1-1A-lcwgs-1-3	30795580.0	246790.0	1566.0	18930.0	327490.0	0.0
Sor-CPnd_009-Ex1-6A-lcwgs-1-3	23222116.0	191852.0	1074.0	11696.0	398930.0	0.0
Sor-CPnd_010-Ex1-1H-lcwgs-1-3	2719410.0	21804.0	88.0	1100.0	23332.0	0.0
Sor-CPnd_012-Ex1-5B-lcwgs-1-3	10739200.0	92678.0	388.0	6564.0	295920.0	0.0
Sor-CPnd_013-Ex1-7F-lcwgs-1-3	9464728.0	93548.0	240.0	6794.0	285562.0	0.0
Sor-CPnd_014-Ex1-1F-lcwgs-1-3	20920208.0	161680.0	694.0	7454.0	140990.0	0.0
Sor-CPnd_015-Ex1-5F-lcwgs-1-3	8824648.0	77376.0	264.0	5202.0	215986.0	0.0
Sor-CPnd_016-Ex1-1B-lcwgs-1-3	39208474.0	284706.0	1878.0	18942.0	505626.0	0.0
Sor-CPnd_017-Ex1-3G-lcwgs-1-3	1699378.0	18354.0	52.0	832.0	18310.0	0.0
Sor-CPnd_018-Ex1-1E-lcwgs-1-3	8934938.0	67530.0	270.0	3378.0	84454.0	0.0
Sor-CPnd_019-Ex1-6G-lcwgs-1-3	19717364.0	195992.0	614.0	11022.0	332956.0	0.0
Sor-CPnd_020-Ex1-2E-lcwgs-1-3	23428830.0	208016.0	966.0	9424.0	137694.0	0.0
Sor-CPnd_022-Ex1-7C-lcwgs-1-3	17880044.0	154326.0	584.0	11964.0	529090.0	0.0
Sor-CPnd_024-Ex1-5G-lcwgs-1-3	5864854.0	54684.0	198.0	3262.0	109680.0	0.0
Sor-CPnd_026-Ex1-3H-lcwgs-1-3	22557630.0	200456.0	844.0	8920.0	163208.0	0.0
Sor-CPnd_027-Ex1-3C-lcwgs-1-3	10797530.0	93802.0	474.0	4728.0	85534.0	0.0
Sor-CPnd_028-Ex1-3A-lcwgs-1-3	19859076.0	171080.0	874.0	9020.0	194160.0	0.0
Sor-CPnd_029-Ex1-8E-lcwgs-1-3	26668724.0	256754.0	986.0	16240.0	356196.0	0.0
Sor-CPnd_030-Ex1-2H-lcwgs-1-3	12476050.0	109358.0	410.0	4854.0	96608.0	0.0
Sor-CPnd_031-Ex1-5D-lcwgs-1-3	23595608.0	193902.0	1034.0	9338.0	192408.0	0.0
Sor-CPnd_033-Ex1-2F-lcwgs-1-3	8616674.0	74926.0	356.0	3302.0	69984.0	0.0
Sor-CPnd_034-Ex1-4G-lcwgs-1-3	6292102.0	59464.0	180.0	3720.0	140944.0	0.0
Sor-CPnd_036-Ex1-5C-lcwgs-1-3	23439310.0	222442.0	842.0	16294.0	665982.0	0.0
Sor-CPnd_037-Ex1-6C-lcwgs-1-3	12196938.0	143306.0	484.0	17826.0	1200812.0	0.0
Sor-CPnd_038-Ex1-2A-lcwgs-1-3	27830318.0	225908.0	1350.0	11332.0	212552.0	0.0
Sor-CPnd_041-Ex1-7A-lcwgs-1-3	34276536.0	289384.0	1382.0	18822.0	700324.0	0.0
Sor-CPnd_043-Ex1-1D-lcwgs-1-3	19444098.0	159788.0	688.0	8554.0	184948.0	0.0
Sor-CPnd_044-Ex1-8G-lcwgs-1-3	25830038.0	280738.0	798.0	18252.0	599996.0	0.0
Sor-CPnd_045-Ex1-7B-lcwgs-1-3	23552786.0	197850.0	912.0	13004.0	450984.0	0.0
Sor-CPnd_046-Ex1-5A-lcwgs-1-3	7725324.0	68356.0	300.0	6816.0	394530.0	0.0
Sor-CPnd_049-Ex1-3B-lcwgs-1-3	5659046.0	47678.0	174.0	2328.0	64818.0	0.0
Sor-CPnd_050-Ex1-3F-lcwgs-1-3	19569122.0	178618.0	660.0	6948.0	155504.0	0.0
Sor-CPnd_052-Ex1-6D-lcwgs-1-3	13921932.0	165092.0	454.0	11422.0	321992.0	0.0
Sor-CPnd_053-Ex1-2C-lcwgs-1-3	11332416.0	102600.0	488.0	5644.0	133746.0	0.0
Sor-CPnd_054-Ex1-8F-lcwgs-1-3	4867328.0	41522.0	148.0	3892.0	221064.0	0.0
Sor-CPnd_055-Ex1-7G-lcwgs-1-3	18752572.0	201450.0	524.0	14538.0	545364.0	0.0
Sor-CPnd_058-Ex1-2G-lcwgs-1-3	10176056.0	97106.0	290.0	4388.0	74294.0	0.0
Sor-CPnd_063-Ex1-7D-lcwgs-1-3	21202410.0	204790.0	690.0	13826.0	457452.0	0.0
Sor-CPnd_066-Ex1-8B-lcwgs-1-3	557178.0	5084.0	20.0	404.0	16632.0	0.0
Sor-CPnd_069-Ex1-6B-lcwgs-1-3	11604574.0	110620.0	454.0	8920.0	405556.0	0.0
Sor-CPnd_072-Ex1-8C-lcwgs-1-3	28273140.0	237486.0	1182.0	19078.0	689126.0	0.0
