Sample	1	2	3	4	5	6	7	8	9	10	11	12	13	14	15	16	17	18	19	20	21	22	23	24	25	26	27	28	29	30	31	32	33	34	35	36	37	38	39	40	41	42	43	44	45	46	47	48	49	50	51	52	53	54	55	56	57	58	59	60	61	62	63	64	65	66	67	68	69	70	71	72	73	74	75	76	77	78	79	80	81	82	83	84	85	86	87	88	89	90	91	92	93	94	95	96	97	98	99	100	101	102	103	104	105	106	107	108	109	110	111	112	113	114	115	116	117	118	119	120	121	122	123	124	125	126	127	128	129	130	131	132	133	134	135	136	137	138	139	140	141	142	143	144	145	146	147	148	149	150
Sor-CPnd_001-Ex1-3E-lcwgs-1-3	0.0157715	0.0274018	6.34667e-05	0.0838395	0.0017929400000000002	0.0005236	0.0	0.0	0.0	0.000126933	0.0	0.0	0.0	4.76e-05	0.00107893	0.0	0.0006505339999999999	0.0418087	0.0	0.0	0.0012376	0.0	0.000111067	0.0	0.0	0.0	3.1733400000000004e-05	0.014549699999999999	0.0	1.5866700000000002e-05	0.0008092010000000001	0.0	6.34667e-05	0.0	0.0	0.0	0.000253867	0.000349067	0.000539467	0.0	0.000476	0.0	0.0	0.00030146700000000003	0.000476	0.0	0.0	0.000476	0.00117413	7.93334e-05	0.0	0.0002856	0.0	0.000158667	0.0	0.0	0.0	0.0005236	0.087711	0.16747299999999998	0.0	3.1733400000000004e-05	0.0	0.0	0.0	0.000587067	0.0	0.0	0.0	0.000777467	0.0	0.0	0.0	0.0	0.0	0.000174533	6.34667e-05	0.0	0.0891708	0.0	0.002856	0.0002856	0.0971517	0.0	0.12952	0.0	0.0003332	0.0	9.52001e-05	0.0001904	0.0010154699999999999	0.0876952	9.52001e-05	6.34667e-05	0.00044426700000000003	4.76e-05	0.0	0.000111067	0.0	9.52001e-05	0.0001904	0.08414100000000001	6.34667e-05	0.0	0.0	1.5866700000000002e-05	0.016898	0.0013328	0.0	0.0001428	0.0024434699999999997	0.000555334	0.0	0.0	0.0	9.52001e-05	0.0	0.0001904	0.00650534	0.0	7.93334e-05	0.0	0.0845059	0.000476	0.0003332	0.000491867	0.000222134	0.125553	0.00407774	9.52001e-05	0.000253867	0.0852041	3.1733400000000004e-05	0.0001428	0.12614	0.0008885340000000001	0.00734627	0.0442522	0.000126933	0.0006505339999999999	0.0007298669999999999	4.76e-05	0.000952001	0.00322094	4.76e-05	0.0	0.000158667	0.00155493	0.000253867	0.000158667
Sor-CPnd_002-Ex1-5E-lcwgs-1-3	0.0164272	0.0276297	6.55121e-05	0.0860174	0.0019326100000000002	0.00027842599999999997	0.0	0.0	0.0	0.000131024	0.0	0.0	0.0	1.6378e-05	0.00101544	0.0	0.000900791	0.0438767	0.0	0.0	0.0016050500000000002	0.0	0.00011464599999999999	0.0	0.0	0.0	3.2756e-05	0.0151988	1.6378e-05	0.0	0.000753389	0.0	4.91341e-05	0.0	0.0	0.0	0.000196536	0.00032756	0.000376694	0.0	0.000343938	0.0	0.0	0.00029480399999999996	0.000605987	0.0	0.0	0.000638743	0.00114646	6.55121e-05	0.0	0.00024567	0.0	0.000131024	0.0	0.0	0.0	0.000605987	0.085526	0.17224799999999998	0.0	0.0	0.0	0.0	0.0	0.000573231	0.0	0.0	0.0	0.0010645700000000001	0.0	0.0	0.0	0.0	0.0	0.00022929199999999997	4.91341e-05	0.0	0.0861975	0.0	0.00348852	0.00024567	0.10062700000000001	1.6378e-05	0.13161399999999998	6.55121e-05	0.000393072	0.0	0.00011464599999999999	0.000262048	0.000966303	0.0877698	0.00011464599999999999	8.18901e-05	0.000343938	1.6378e-05	0.0	6.55121e-05	0.0	6.55121e-05	0.00036031599999999996	0.0846252	4.91341e-05	0.0	0.0	0.0	0.0181632	0.00108095	0.0	9.826810000000001e-05	0.00221103	0.000671499	1.6378e-05	0.0	0.0	0.00018015799999999998	0.0	0.00011464599999999999	0.0070753000000000005	0.0	4.91341e-05	0.0	0.0875569	0.000409451	0.000458585	0.000442207	0.000131024	0.12294999999999999	0.004372930000000001	0.000131024	0.000212914	0.0868363	1.6378e-05	6.55121e-05	0.123441	0.00101544	0.007451999999999999	0.0441879	9.826810000000001e-05	0.000409451	0.000851657	4.91341e-05	0.0008844129999999999	0.00343938	4.91341e-05	0.0	0.00024567	0.0016378000000000002	0.000196536	0.000131024
Sor-CPnd_003-Ex1-2B-lcwgs-1-3	0.015601199999999999	0.028501299999999997	0.0	0.086044	0.0017788600000000002	0.00042165500000000005	0.0	0.0	0.0	0.00018447399999999998	0.0	0.0	0.0	2.6353399999999997e-05	0.000988254	0.0	0.000777427	0.044023400000000004	0.0	0.0	0.00148897	0.0	6.58836e-05	0.0	0.0	0.0	7.90603e-05	0.015495799999999999	0.0	0.0	0.0007378969999999999	0.0	6.58836e-05	0.0	0.0	0.0	0.000316241	0.000197651	0.000527069	0.0	0.000382125	0.0	0.0	0.000263534	0.000566599	0.0	0.0	0.000566599	0.00121226	0.0	0.0	0.00028988800000000003	0.0	0.00018447399999999998	0.0	0.0	2.6353399999999997e-05	0.000566599	0.0856751	0.16579	0.0	1.3176699999999999e-05	0.0	0.0	0.0	0.000645659	0.0	0.0	0.0	0.000988254	0.0	0.0	0.0	0.0	0.0	0.000250358	6.58836e-05	0.0	0.087981	0.0	0.00347866	0.000210828	0.0987859	1.3176699999999999e-05	0.12815700000000002	6.58836e-05	0.000382125	0.0	0.000131767	0.000263534	0.000988254	0.0876911	6.58836e-05	6.58836e-05	0.000303065	2.6353399999999997e-05	0.0	6.58836e-05	1.3176699999999999e-05	9.22371e-05	0.000355772	0.0863734	0.000118591	0.0	0.0	5.27069e-05	0.017446	0.000975078	1.3176699999999999e-05	0.000118591	0.00205557	0.000777427	2.6353399999999997e-05	0.0	0.0	0.000210828	0.0	0.000131767	0.007089079999999999	1.3176699999999999e-05	5.27069e-05	2.6353399999999997e-05	0.0885608	0.00042165500000000005	0.000382125	0.00042165500000000005	0.000118591	0.127577	0.00474362	6.58836e-05	0.000303065	0.0872431	5.27069e-05	0.00014494400000000001	0.127142	0.000935547	0.00809051	0.0439839	0.000105414	0.00044800899999999997	0.00105414	9.22371e-05	0.000816957	0.0036236	5.27069e-05	0.0	0.00018447399999999998	0.00148897	0.000158121	0.000131767
Sor-CPnd_004-Ex1-1G-lcwgs-1-3	0.015159200000000001	0.027288399999999997	1.8036e-05	0.0844895	0.0017044000000000002	0.000360719	0.0	0.0	0.0	0.00013527	0.0	0.0	0.0	5.4107900000000004e-05	0.000964924	0.0	0.000802601	0.0424026	0.0	0.0	0.00144288	0.0	0.000171342	0.0	0.0	0.0	9.017980000000001e-06	0.0155019	0.0	0.0	0.000685367	0.0	4.5089900000000003e-05	0.0	0.0	0.0	0.000243486	0.000216432	0.000523043	9.017980000000001e-06	0.000360719	0.0	0.0	0.00027054	0.000505007	0.0	0.0	0.000505007	0.0013526999999999999	1.8036e-05	0.0	0.000369737	0.0	0.000108216	0.0	0.0	2.7054e-05	0.000486971	0.0871678	0.168645	0.0	1.8036e-05	9.017980000000001e-06	0.0	0.0	0.000559115	0.0	0.0	0.0	0.00101001	0.0	0.0	1.8036e-05	0.0	0.0	0.00025250399999999997	0.000108216	0.0	0.088728	0.0	0.0032915600000000002	0.000297593	0.10028000000000001	4.5089900000000003e-05	0.130653	4.5089900000000003e-05	0.000351701	9.017980000000001e-06	9.017980000000001e-05	0.000189378	0.000847691	0.0868522	6.31259e-05	3.6071899999999996e-05	0.000369737	3.6071899999999996e-05	0.0	0.00012625199999999998	1.8036e-05	0.000144288	0.00027054	0.0856889	7.21439e-05	0.0	0.0	3.6071899999999996e-05	0.0177835	0.0014248400000000001	9.017980000000001e-06	0.00018036	0.00210119	0.000685367	1.8036e-05	0.0	0.0	9.919780000000001e-05	0.0	0.00018036	0.006880719999999999	4.5089900000000003e-05	9.919780000000001e-05	0.0	0.0850396	0.000423845	0.00038777299999999995	0.000414827	9.017980000000001e-05	0.12449299999999999	0.00444587	0.00013527	0.000207414	0.0850306	3.6071899999999996e-05	0.000153306	0.128326	0.0008927799999999999	0.007665290000000001	0.0449456	0.00013527	0.000486971	0.0008927799999999999	3.6071899999999996e-05	0.000811619	0.00375148	9.017980000000001e-05	0.0	0.00027054	0.00144288	0.000189378	0.000243486
Sor-CPnd_005-Ex1-3D-lcwgs-1-3	0.0146104	0.029538299999999997	4.5373799999999996e-05	0.0877076	0.00154271	0.000340304	0.0	0.0	0.0	6.80607e-05	0.0	0.0	0.0	4.5373799999999996e-05	0.000816728	0.0	0.000748668	0.0441714	0.0	0.0	0.00117972	0.0	4.5373799999999996e-05	0.0	0.0	0.0	2.2686899999999998e-05	0.015177499999999998	0.0	0.0	0.000521799	0.0	6.80607e-05	0.0	0.0	0.0	0.000226869	0.000226869	0.000340304	0.0	0.000340304	0.0	0.0	0.000272243	0.000499112	0.0	0.0	0.00036299	0.000975537	4.5373799999999996e-05	0.0	0.00029493	0.0	0.000158808	0.0	0.0	2.2686899999999998e-05	0.000476425	0.0897721	0.165682	0.0	2.2686899999999998e-05	0.0	0.0	0.0	0.000521799	0.0	0.0	0.0	0.000884789	0.0	0.0	0.0	0.0	0.0	0.000204182	6.80607e-05	0.0	0.0917458	0.0	0.0028812399999999998	0.000249556	0.10120599999999999	2.2686899999999998e-05	0.13197	2.2686899999999998e-05	0.00036299	0.0	0.000136121	0.000136121	0.000725981	0.0885697	9.074759999999999e-05	4.5373799999999996e-05	0.00036299	2.2686899999999998e-05	0.0	4.5373799999999996e-05	2.2686899999999998e-05	4.5373799999999996e-05	9.074759999999999e-05	0.0864144	0.000113435	0.0	0.0	2.2686899999999998e-05	0.017945299999999997	0.00133853	0.0	0.000113435	0.00188301	0.00036299	0.0	0.0	0.0	0.000136121	0.0	0.000181495	0.00680607	0.0	4.5373799999999996e-05	4.5373799999999996e-05	0.0862329	0.000408364	0.000136121	0.00038567699999999996	9.074759999999999e-05	0.123916	0.00403827	9.074759999999999e-05	0.000158808	0.0864144	4.5373799999999996e-05	9.074759999999999e-05	0.126684	0.0007940420000000001	0.00721443	0.045782199999999995	9.074759999999999e-05	0.000408364	0.0007940420000000001	6.80607e-05	0.000771355	0.00344841	2.2686899999999998e-05	0.0	0.000158808	0.00124778	0.000204182	0.000317617
Sor-CPnd_006-Ex1-2D-lcwgs-1-3	0.0163063	0.027923	6.85858e-05	0.084892	0.00174036	0.000420088	0.0	0.0	1.71464e-05	0.000171464	0.0	0.0	0.0	7.7159e-05	0.00107165	0.0	0.0007287239999999999	0.042960399999999996	0.0	0.0	0.0015517499999999997	0.0	0.000120025	8.57322e-06	0.0	0.0	2.5719700000000004e-05	0.0151232	0.0	1.71464e-05	0.0008830420000000001	0.0	3.42929e-05	0.0	8.57322e-06	0.0	0.000282916	0.000368649	0.00046295399999999996	0.0	0.000445808	0.0	0.0	0.00033435599999999995	0.000634418	0.0	0.0	0.000437234	0.00107165	8.57322e-06	0.0	0.00038579500000000003	8.57322e-06	0.000145745	0.0	0.0	3.42929e-05	0.000617272	0.086118	0.16589199999999998	0.0	0.0	0.0	0.0	1.71464e-05	0.000677285	0.0	0.0	0.0	0.0008916149999999999	8.57322e-06	0.0	8.57322e-06	0.0	0.0	0.00023147699999999998	9.43054e-05	0.0	0.08723249999999999	0.0	0.0034893	0.000325782	0.09920079999999999	2.5719700000000004e-05	0.128916	6.0012599999999995e-05	0.00033435599999999995	8.57322e-06	0.000111452	0.000214331	0.0009859209999999998	0.0872583	0.000137172	5.14393e-05	0.000445808	3.42929e-05	0.0	7.7159e-05	8.57322e-06	0.000111452	0.000308636	0.0848749	6.85858e-05	0.0	3.42929e-05	1.71464e-05	0.0173865	0.00126026	1.71464e-05	0.000145745	0.00234049	0.000703004	1.71464e-05	0.0	0.0	0.000137172	0.0	0.00018861100000000001	0.006935739999999999	1.71464e-05	6.85858e-05	2.5719700000000004e-05	0.0879355	0.000488674	0.000402941	0.00053154	0.000180038	0.12648099999999998	0.00421803	6.85858e-05	0.000257197	0.08602370000000001	2.5719700000000004e-05	0.00010287899999999999	0.12853	0.0010973699999999999	0.0076301699999999995	0.043732	9.43054e-05	0.000608699	0.000994494	1.71464e-05	0.000908762	0.0033864200000000002	6.0012599999999995e-05	0.0	0.00027434299999999997	0.00159462	0.000145745	0.000222904
Sor-CPnd_007-Ex1-1C-lcwgs-1-3	0.014798	0.0293855	0.0	0.0821411	0.00144371	0.000391005	0.0	0.0	0.0	9.02319e-05	0.0	0.0	0.0	6.0154599999999995e-05	0.00117301	0.0	0.0008421640000000001	0.0422285	0.0	0.0	0.00138356	0.0	0.00015038600000000002	0.0	0.0	0.0	0.0	0.013835599999999998	0.0	0.0	0.000812087	0.0	3.0077299999999997e-05	0.0	0.0	0.0	0.00042108200000000003	0.000360928	0.000360928	0.0	0.00042108200000000003	0.0	0.0	0.00015038600000000002	0.000571469	0.0	0.0	0.000601546	0.000962473	0.0	0.0	0.00027069599999999996	0.0	0.00021054100000000002	0.0	0.0	3.0077299999999997e-05	0.000691778	0.0868332	0.169816	0.0	0.0	0.0	0.0	0.0	0.000661701	0.0	0.0	0.0	0.0009925510000000002	0.0	0.0	0.0	0.0	0.0	0.000180464	6.0154599999999995e-05	0.0	0.0872542	0.0	0.0025866500000000002	0.000360928	0.09889409999999998	0.0	0.127588	0.0	0.000451159	3.0077299999999997e-05	0.000180464	0.00015038600000000002	0.00102263	0.0852391	9.02319e-05	3.0077299999999997e-05	0.00027069599999999996	6.0154599999999995e-05	0.0	6.0154599999999995e-05	0.0	6.0154599999999995e-05	0.00027069599999999996	0.0839758	6.0154599999999995e-05	0.0	0.0	0.0	0.016903400000000002	0.00120309	0.0	0.000180464	0.00192495	0.0005113139999999999	3.0077299999999997e-05	0.0	0.0	0.00015038600000000002	0.0	0.00021054100000000002	0.00670724	3.0077299999999997e-05	9.02319e-05	0.0	0.0886077	0.000391005	0.00033085	0.000300773	0.000180464	0.118535	0.00400028	0.00012030899999999999	0.00012030899999999999	0.0851187	6.0154599999999995e-05	0.000180464	0.12731699999999999	0.000872242	0.00700801	0.0436722	0.000180464	0.00042108200000000003	0.000751932	6.0154599999999995e-05	0.000962473	0.00348897	6.0154599999999995e-05	0.0	0.00015038600000000002	0.0017745600000000001	0.00033085	0.00012030899999999999
Sor-CPnd_008-Ex1-1A-lcwgs-1-3	0.012284000000000002	0.0277792	3.82283e-05	0.0849242	0.0017584999999999999	0.000318569	0.0	0.0	0.0	7.64566e-05	0.0	0.0	0.0	1.91142e-05	0.000745452	0.0	0.000579796	0.0427201	0.0	0.0	0.0009557080000000001	0.0	4.45997e-05	0.0	0.0	0.0	1.27428e-05	0.0149282	6.37138e-06	6.37138e-06	0.00055431	0.0	2.5485500000000002e-05	0.0	6.37138e-06	0.0	0.00015291300000000002	0.000261227	0.000363169	0.0	0.000197513	0.0	0.0	0.000324941	0.0005160820000000001	0.0	0.0	0.000350426	0.00111499	2.5485500000000002e-05	0.0	0.00024848400000000004	0.0	8.2828e-05	0.0	0.0	6.37138e-06	0.000293084	0.0811905	0.16779	6.37138e-06	6.37138e-06	0.0	0.0	6.37138e-06	0.000363169	0.0	0.0	0.0	0.000707224	0.0	0.0	0.0	0.0	0.0	0.000146542	4.45997e-05	0.0	0.0827133	0.0	0.00277155	0.00022937	0.0939269	3.1856899999999996e-05	0.123751	3.1856899999999996e-05	0.00020388400000000002	6.37138e-06	5.73425e-05	0.000133799	0.000611653	0.08436350000000001	5.73425e-05	3.1856899999999996e-05	0.000267598	1.27428e-05	0.0	5.73425e-05	6.37138e-06	7.64566e-05	0.00020388400000000002	0.0858225	4.45997e-05	0.0	1.27428e-05	1.91142e-05	0.017412999999999998	0.00106402	6.37138e-06	0.000114685	0.0016374500000000001	0.000541568	6.37138e-06	0.0	0.0	8.91994e-05	0.0	0.00010831400000000001	0.006588010000000001	1.27428e-05	4.45997e-05	6.37138e-06	0.0854403	0.000299455	0.000273969	0.00030582600000000004	8.2828e-05	0.128753	0.00421786	9.55708e-05	0.000172027	0.0854339	3.82283e-05	6.371379999999999e-05	0.12540800000000002	0.000611653	0.007218779999999999	0.042223199999999995	7.00852e-05	0.000299455	0.0006435099999999999	3.82283e-05	0.000700852	0.00381009	4.45997e-05	0.0	0.00015291300000000002	0.0010321599999999998	0.00010831400000000001	0.000216627
Sor-CPnd_009-Ex1-6A-lcwgs-1-3	0.0169313	0.0286162	5.0365800000000005e-05	0.0845391	0.00161171	0.000209858	0.0	0.0	8.394310000000001e-06	0.000100732	0.0	0.0	0.0	5.0365800000000005e-05	0.00104089	0.0	0.000948557	0.0421226	0.0	0.0	0.0016368899999999998	0.0	0.000100732	0.0	0.0	0.0	9.233740000000001e-05	0.0149419	8.394310000000001e-06	1.67886e-05	0.000763882	0.0	5.876020000000001e-05	0.0	2.5182900000000002e-05	0.0	0.00026022400000000003	0.000243435	0.000528841	0.0	0.00036935	0.0	0.0	0.000402927	0.000679939	0.0	0.0	0.00045329299999999996	0.00129272	3.35772e-05	0.0	0.000327378	0.0	0.000159492	0.0	0.0	1.67886e-05	0.000654756	0.0847657	0.16850700000000002	0.0	8.394310000000001e-06	0.0	0.0	1.67886e-05	0.000679939	0.0	0.0	0.0	0.00115841	8.394310000000001e-06	0.0	8.394310000000001e-06	0.0	0.0	0.000335772	6.71545e-05	0.0	0.0848832	0.0	0.0033325399999999997	0.000159492	0.0981043	4.19715e-05	0.12698900000000002	7.55488e-05	0.000436504	8.394310000000001e-06	0.00012591500000000002	0.00017628	0.00111644	0.0855548	0.000100732	6.71545e-05	0.000411321	3.35772e-05	0.0	9.233740000000001e-05	8.394310000000001e-06	0.00011752	0.000277012	0.0862095	0.00012591500000000002	0.0	2.5182900000000002e-05	3.35772e-05	0.0178547	0.00105768	8.394310000000001e-06	0.000167886	0.00210697	0.000856219	1.67886e-05	0.0	0.0	0.000142703	0.0	0.000184675	0.0068581499999999995	2.5182900000000002e-05	7.55488e-05	1.67886e-05	0.08856	0.00048687	0.00044489800000000005	0.00045329299999999996	0.000151098	0.124924	0.00435665	0.00011752	0.00036935	0.0845307	4.19715e-05	0.000151098	0.126074	0.000982134	0.007680789999999999	0.0436336	0.000142703	0.000562419	0.0009317679999999999	5.876020000000001e-05	0.0009653449999999999	0.0033241499999999997	9.233740000000001e-05	0.0	0.000310589	0.0016201	0.000243435	0.000318984
Sor-CPnd_010-Ex1-1H-lcwgs-1-3	0.014390400000000001	0.0276238	0.0	0.0848961	0.00195247	0.000506195	0.0	0.0	0.0	0.0	0.0	0.0	0.0	0.0	0.00101239	0.0	0.000795449	0.0420865	0.0	0.0	0.0010847	0.0	0.0	0.0	0.0	0.0	0.0	0.0130887	0.0	0.0	0.000795449	0.0	0.0	0.0	0.0	0.0	0.000361568	0.000216941	0.000361568	0.0	0.000216941	0.0	0.0	7.23135e-05	0.000216941	0.0	0.0	0.000723135	0.00122933	0.0	0.0	0.000361568	0.0	0.000289254	0.0	0.0	0.0	0.000506195	0.08880099999999999	0.172251	0.0	0.0	0.0	0.0	0.0	0.000578508	0.0	0.0	0.0	0.0009400760000000001	0.0	0.0	0.0	0.0	0.0	0.000144627	7.23135e-05	0.0	0.0906089	0.0	0.00397724	0.000216941	0.100877	0.0	0.129441	0.0	0.00043388099999999995	0.0	0.0	0.0	0.000795449	0.0875717	0.0	7.23135e-05	0.000289254	0.0	0.0	0.0	0.0	0.0	0.0	0.0871378	0.0	0.0	0.0	0.0	0.0141735	0.00144627	0.0	0.000144627	0.0023863499999999998	0.00043388099999999995	0.0	0.0	0.0	0.0	0.0	7.23135e-05	0.00629128	0.0	0.0	0.0	0.0908258	0.00043388099999999995	0.000144627	0.00043388099999999995	0.0	0.124741	0.00383262	0.000216941	0.000144627	0.0850407	0.0	0.0	0.126476	0.0009400760000000001	0.00780986	0.0459914	0.0	0.000578508	0.000795449	0.0	0.0009400760000000001	0.00339874	0.0	0.0	0.000144627	0.00137396	0.0	0.000144627
Sor-CPnd_012-Ex1-5B-lcwgs-1-3	0.0157884	0.028002399999999997	7.18471e-05	0.0842587	0.00152675	0.00026942700000000003	0.0	0.0	0.0	0.000161656	0.0	0.0	0.0	3.5923599999999996e-05	0.000880128	0.0	0.000790319	0.0414558	0.0	0.0	0.00131121	0.0	0.000125733	0.0	0.0	0.0	3.5923599999999996e-05	0.0154831	3.5923599999999996e-05	0.0	0.000664586	0.0	0.000107771	0.0	0.0	0.0	0.000287389	0.000215541	0.00039515899999999996	0.0	0.000520892	0.0	0.0	0.000413121	0.0005029300000000001	0.0	0.0	0.0005388540000000001	0.0012034399999999998	0.0	0.0	0.000323312	0.0	0.000215541	0.0	0.0	1.7961799999999998e-05	0.0005388540000000001	0.0881744	0.167422	0.0	1.7961799999999998e-05	1.7961799999999998e-05	0.0	1.7961799999999998e-05	0.000628663	0.0	1.7961799999999998e-05	0.0	0.0009160510000000001	0.0	0.0	1.7961799999999998e-05	0.0	0.0	0.000161656	5.3885400000000004e-05	0.0	0.0882822	0.0	0.0031253500000000003	0.000233503	0.09702960000000001	3.5923599999999996e-05	0.12623499999999999	0.0	0.000359236	0.0	0.000179618	0.000215541	0.0009160510000000001	0.0877254	0.000125733	1.7961799999999998e-05	0.000359236	3.5923599999999996e-05	0.0	5.3885400000000004e-05	0.0	0.000107771	0.000377198	0.0871865	0.000125733	1.7961799999999998e-05	0.0	0.0	0.0178361	0.00107771	0.0	0.00019758000000000002	0.00215541	0.0009160510000000001	3.5923599999999996e-05	0.0	0.0	0.000179618	0.0	0.00019758000000000002	0.007094909999999999	0.0	5.3885400000000004e-05	0.0	0.0863423	0.000467006	0.00048496799999999996	0.000449045	0.000233503	0.12663100000000002	0.00438268	1.7961799999999998e-05	0.000179618	0.0849413	3.5923599999999996e-05	8.98089e-05	0.126559	0.0009160510000000001	0.0071847099999999995	0.0438447	0.000143694	0.000556815	0.000987898	7.18471e-05	0.000880128	0.00362828	0.000125733	0.0	0.000215541	0.00154471	0.00026942700000000003	0.000215541
Sor-CPnd_013-Ex1-7F-lcwgs-1-3	0.0149022	0.0272463	8.12111e-05	0.0838098	0.0018475499999999999	0.000101514	0.0	0.0	2.03028e-05	0.000101514	2.03028e-05	0.0	0.0	4.0605499999999996e-05	0.000812111	0.0	0.0008730189999999999	0.0405649	0.0	0.0	0.00152271	0.0	0.000121817	0.0	0.0	0.0	2.03028e-05	0.0151662	2.03028e-05	2.03028e-05	0.0005075689999999999	0.0	0.0	0.0	0.0	0.0	0.000121817	0.000304542	0.00042635799999999995	0.0	0.00048726700000000005	0.0	0.0	0.000263936	0.00044666100000000005	0.0	0.0	0.0005075689999999999	0.0010557399999999999	4.0605499999999996e-05	0.0	0.000304542	0.0	4.0605499999999996e-05	0.0	0.0	2.03028e-05	0.00040605499999999995	0.0878298	0.16896	0.0	2.03028e-05	0.0	0.0	0.0	0.00044666100000000005	0.0	0.0	0.0	0.00113696	0.0	0.0	2.03028e-05	0.0	0.0	0.000284239	6.09083e-05	0.0	0.0869771	0.0	0.00304542	0.000263936	0.10082400000000001	6.09083e-05	0.131217	6.09083e-05	0.00018272499999999998	2.03028e-05	2.03028e-05	0.000203028	0.00113696	0.086571	0.00016242199999999998	4.0605499999999996e-05	0.000284239	4.0605499999999996e-05	0.0	8.12111e-05	0.0	8.12111e-05	0.000284239	0.08466259999999999	0.0	0.0	2.03028e-05	2.03028e-05	0.0176634	0.00113696	2.03028e-05	0.000121817	0.0021724	0.000527872	2.03028e-05	0.0	0.0	4.0605499999999996e-05	0.0	0.000121817	0.00694355	2.03028e-05	6.09083e-05	2.03028e-05	0.0837286	0.000304542	0.00040605499999999995	0.00034514699999999997	0.000203028	0.122791	0.00401995	2.03028e-05	0.000263936	0.08273380000000001	2.03028e-05	0.00016242199999999998	0.122405	0.000710597	0.00783687	0.0438946	0.000121817	0.00046696400000000005	0.0008527159999999999	0.0	0.000649689	0.0035935900000000002	8.12111e-05	0.0	0.000243633	0.00121817	0.00016242199999999998	0.000203028
Sor-CPnd_014-Ex1-1F-lcwgs-1-3	0.015044	0.0287786	1.88404e-05	0.0848758	0.0016956299999999998	0.00052753	0.0	0.0	0.0	0.00013188200000000002	0.0	0.0	0.0	3.76807e-05	0.000753614	0.0	0.000725354	0.0433799	0.0	0.0	0.00131882	0.0	9.42018e-05	9.42018e-06	0.0	0.0	3.76807e-05	0.015138200000000001	0.0	2.8260499999999998e-05	0.000593471	9.42018e-06	2.8260499999999998e-05	0.0	0.0	0.0	0.00021666399999999998	0.00032028600000000003	0.000480429	0.0	0.000471009	0.0	0.0	0.000244925	0.0006028909999999999	0.0	0.0	0.00044274799999999997	0.00119636	3.76807e-05	0.0	0.00032028600000000003	2.8260499999999998e-05	0.00011304199999999999	0.0	0.0	1.88404e-05	0.00054637	0.0860721	0.167764	0.0	0.0	0.0	0.0	9.42018e-06	0.000574631	0.0	0.0	0.0	0.000913757	0.0	0.0	9.42018e-06	0.0	0.0	0.000207244	5.6521099999999997e-05	0.0	0.0880315	0.0	0.0031275	0.00023550400000000001	0.09946759999999999	3.76807e-05	0.12916	6.59412e-05	0.000329706	0.0	5.6521099999999997e-05	0.000122462	0.000913757	0.0855729	0.000103622	5.6521099999999997e-05	0.00032028600000000003	1.88404e-05	0.0	8.47816e-05	1.88404e-05	0.000103622	0.00023550400000000001	0.0847816	6.59412e-05	0.0	0.0	5.6521099999999997e-05	0.016852699999999998	0.00133766	9.42018e-06	0.000150723	0.00212896	0.000499269	0.0	0.0	0.0	9.42018e-05	0.0	0.00016014300000000001	0.006839049999999999	1.88404e-05	6.59412e-05	9.42018e-06	0.0880881	0.000357967	0.000263765	0.000386227	0.00016014300000000001	0.12493000000000001	0.0043898	9.42018e-05	0.00016956300000000002	0.0856011	4.71009e-05	0.00013188200000000002	0.125948	0.000810135	0.00763034	0.0450379	0.000103622	0.00045216799999999997	0.000923177	2.8260499999999998e-05	0.000744194	0.0035043100000000005	4.71009e-05	0.0	0.00016014300000000001	0.00136593	0.000141303	0.000263765
Sor-CPnd_015-Ex1-5F-lcwgs-1-3	0.0174276	0.0281691	0.0	0.0829947	0.0015783499999999998	0.000284979	0.0	0.0	0.0	0.00013152900000000002	0.0	0.0	0.0	4.38429e-05	0.00100839	0.0	0.000767251	0.0403574	0.0	0.0	0.0017756400000000002	0.0	0.00013152900000000002	0.0	0.0	0.0	4.38429e-05	0.0151039	2.19215e-05	4.38429e-05	0.000723408	0.0	2.19215e-05	0.0	0.0	0.0	0.00026305800000000004	0.000350744	0.00039458600000000005	0.0	0.000613801	0.0	0.0	0.000284979	0.0005480369999999999	0.0	0.0	0.000526115	0.0011618400000000001	4.38429e-05	0.0	0.00026305800000000004	2.19215e-05	8.76859e-05	0.0	0.0	4.38429e-05	0.0005480369999999999	0.0882339	0.175328	0.0	0.0	0.0	0.0	0.0	0.000569958	0.0	0.0	0.0	0.000920702	0.0	0.0	0.0	0.0	0.0	0.00015345000000000002	8.76859e-05	0.0	0.0862171	0.0	0.0035512800000000004	0.000306901	0.102439	4.38429e-05	0.135782	4.38429e-05	0.000306901	2.19215e-05	0.000109607	0.000241136	0.00103031	0.0890012	6.57644e-05	4.38429e-05	0.00039458600000000005	2.19215e-05	0.0	0.00013152900000000002	2.19215e-05	0.00015345000000000002	0.000350744	0.08466069999999999	8.76859e-05	0.0	0.0	4.38429e-05	0.0170549	0.0012933699999999998	0.0	0.00019729300000000002	0.0023456	0.000723408	0.0	0.0	0.0	8.76859e-05	0.0	0.00021921499999999998	0.006905260000000001	0.0	0.000109607	0.0	0.0870282	0.00039458600000000005	0.000350744	0.00041650799999999995	0.00015345000000000002	0.124448	0.00405547	2.19215e-05	0.00015345000000000002	0.0839373	6.57644e-05	0.00021921499999999998	0.125676	0.00105223	0.007540990000000001	0.0443252	0.000175372	0.0006795659999999999	0.00111799	4.38429e-05	0.00105223	0.00335398	2.19215e-05	0.0	0.000328822	0.0017975600000000001	0.000241136	8.76859e-05
Sor-CPnd_016-Ex1-1B-lcwgs-1-3	0.013108600000000002	0.0276214	4.99755e-06	0.08512320000000001	0.00177913	0.000414796	0.0	0.0	0.0	7.99608e-05	0.0	0.0	0.0	2.4987699999999998e-05	0.0007796169999999999	0.0	0.000594708	0.0422243	0.0	0.0	0.0010344899999999999	0.0	6.99657e-05	0.0	0.0	0.0	2.99853e-05	0.0150726	0.0	0.0	0.000594708	0.0	1.99902e-05	0.0	0.0	0.0	0.000164919	0.000184909	0.000349828	0.0	0.00022489000000000002	0.0	0.0	0.000209897	0.000539735	0.0	0.0	0.000439784	0.00104949	1.99902e-05	0.0	0.00022988700000000002	4.99755e-06	5.99706e-05	0.0	0.0	9.9951e-06	0.000389809	0.0818898	0.16619799999999998	0.0	1.49926e-05	0.0	0.0	4.99755e-06	0.000439784	0.0	0.0	0.0	0.0007846149999999999	4.99755e-06	0.0	0.0	0.0	0.0	0.00019990199999999998	5.99706e-05	0.0	0.08230960000000001	0.0	0.00302352	0.00022489000000000002	0.0949984	3.99804e-05	0.12239	2.99853e-05	0.00024488	4.99755e-06	7.496320000000001e-05	0.000109946	0.0006296909999999999	0.083614	4.49779e-05	5.99706e-05	0.000254875	1.49926e-05	0.0	7.99608e-05	4.99755e-06	7.496320000000001e-05	0.000194904	0.0852981	5.4973e-05	0.0	9.9951e-06	2.4987699999999998e-05	0.017196600000000003	0.000894561	4.99755e-06	9.49534e-05	0.00148927	0.00048476199999999996	9.9951e-06	0.0	0.0	9.49534e-05	0.0	0.000109946	0.00650181	1.99902e-05	3.49828e-05	4.99755e-06	0.0887165	0.000324841	0.000239882	0.00033483600000000003	6.49681e-05	0.127173	0.00414297	6.49681e-05	0.000219892	0.0850982	4.99755e-06	7.496320000000001e-05	0.128782	0.000674669	0.00700656	0.0417345	6.49681e-05	0.000294855	0.000674669	2.4987699999999998e-05	0.000649681	0.0035132799999999997	6.49681e-05	0.0	0.000119941	0.0010195	9.49534e-05	0.000254875
Sor-CPnd_017-Ex1-3G-lcwgs-1-3	0.0124358	0.029707699999999997	0.0	0.0876261	0.00138175	0.0	0.0	0.0	0.0	0.00023029200000000002	0.0	0.0	0.0	0.00011514600000000001	0.0009211680000000001	0.0	0.00057573	0.0428343	0.0	0.0	0.00138175	0.0	0.0	0.0	0.0	0.0	0.0	0.014163000000000002	0.0	0.0	0.000690876	0.0	0.0	0.0	0.0	0.0	0.00023029200000000002	0.00023029200000000002	0.00011514600000000001	0.0	0.00011514600000000001	0.0	0.0	0.000345438	0.000690876	0.0	0.0	0.00046058400000000005	0.0010363100000000001	0.0	0.0	0.00011514600000000001	0.0	0.00011514600000000001	0.0	0.0	0.0	0.00023029200000000002	0.095456	0.17767	0.0	0.0	0.0	0.0	0.0	0.000345438	0.0	0.0	0.0	0.00057573	0.0	0.0	0.0	0.0	0.0	0.00023029200000000002	0.0	0.0	0.0934985	0.0	0.0032240899999999998	0.00011514600000000001	0.108237	0.0	0.143011	0.00011514600000000001	0.00011514600000000001	0.0	0.00011514600000000001	0.00023029200000000002	0.00046058400000000005	0.0901593	0.00011514600000000001	0.00011514600000000001	0.00023029200000000002	0.0	0.0	0.0	0.0	0.0	0.00023029200000000002	0.08520799999999999	0.0	0.0	0.0	0.0	0.0169265	0.0009211680000000001	0.0	0.0	0.00172719	0.00023029200000000002	0.0	0.0	0.0	0.0	0.0	0.0	0.00621788	0.0	0.0	0.0	0.0850929	0.00023029200000000002	0.00023029200000000002	0.00046058400000000005	0.0	0.116413	0.0047209800000000005	0.00011514600000000001	0.00023029200000000002	0.08601400000000001	0.0	0.0	0.128273	0.00057573	0.0072542	0.050088499999999994	0.0	0.00011514600000000001	0.00057573	0.0	0.0009211680000000001	0.00310894	0.0	0.0	0.0	0.00126661	0.0	0.00023029200000000002
Sor-CPnd_018-Ex1-1E-lcwgs-1-3	0.016258599999999998	0.028007	4.4001599999999996e-05	0.0849232	0.00167206	0.00052802	0.0	0.0	2.2000799999999998e-05	4.4001599999999996e-05	0.0	0.0	0.0	6.60025e-05	0.000946035	0.0	0.000880033	0.0426816	0.0	0.0	0.00136405	0.0	0.000132005	0.0	0.0	0.0	2.2000799999999998e-05	0.0157966	0.0	0.0	0.0008360309999999999	0.0	4.4001599999999996e-05	0.0	0.0	0.0	0.000132005	0.00030801099999999996	0.000506019	0.0	0.000484018	0.0	0.0	0.000418016	0.000748028	0.0	0.0	0.000330012	0.00116604	2.2000799999999998e-05	0.0	0.00026401	0.0	0.00011000400000000001	0.0	0.0	6.60025e-05	0.000418016	0.0871232	0.168768	0.0	0.0	0.0	0.0	0.0	0.000418016	0.0	0.0	0.0	0.00107804	0.0	0.0	0.0	0.0	0.0	0.000242009	6.60025e-05	0.0	0.0878493	0.0	0.00327812	0.00028601099999999997	0.10104999999999999	4.4001599999999996e-05	0.13033299999999998	6.60025e-05	0.00026401	0.0	0.00011000400000000001	0.00011000400000000001	0.00114404	0.0860892	0.00011000400000000001	6.60025e-05	0.000418016	2.2000799999999998e-05	0.0	0.000132005	0.0	0.00015400600000000002	0.000132005	0.08485720000000001	8.80033e-05	0.0	2.2000799999999998e-05	2.2000799999999998e-05	0.0182827	0.00127605	2.2000799999999998e-05	0.000198007	0.00226608	0.000660025	2.2000799999999998e-05	0.0	0.0	0.00022000800000000003	0.0	0.000198007	0.0075242799999999995	2.2000799999999998e-05	0.00011000400000000001	4.4001599999999996e-05	0.0877613	0.000462017	0.000330012	0.000462017	0.000176007	0.125493	0.00464217	6.60025e-05	0.000352013	0.0840431	6.60025e-05	0.000176007	0.126945	0.00101204	0.0079423	0.0450797	0.00015400600000000002	0.000726027	0.000968036	8.80033e-05	0.00107804	0.0034981300000000003	6.60025e-05	0.0	0.00026401	0.00187007	0.000198007	0.000176007
Sor-CPnd_019-Ex1-6G-lcwgs-1-3	0.0172673	0.0286801	2.9618e-05	0.0859317	0.0015006499999999999	0.000227071	0.0	0.0	9.87267e-06	6.91087e-05	0.0	0.0	0.0	9.87267e-06	0.00110574	0.0	0.0008293039999999999	0.0434002	0.0	0.0	0.0017178400000000002	0.0	0.00014809	0.0	0.0	0.0	1.97453e-05	0.0148485	0.0	0.0	0.0008095590000000001	9.87267e-06	3.94907e-05	0.0	0.0	0.0	0.000286307	0.000246817	0.000641723	0.0	0.00040477899999999997	0.0	0.0	0.00030605300000000003	0.000523251	0.0	0.0	0.000493633	0.00108599	2.9618e-05	0.0	0.00039490699999999995	0.0	0.000187581	0.0	0.0	2.9618e-05	0.000681214	0.08691900000000001	0.169188	0.0	9.87267e-06	0.0	0.0	0.0	0.000700959	0.0	0.0	0.0	0.000957649	0.0	0.0	0.0	0.0	0.0	0.00020732599999999997	7.89813e-05	0.0	0.0877976	0.0	0.00367263	0.000325798	0.09896359999999998	9.87267e-06	0.12949000000000002	3.94907e-05	0.00044427	9.87267e-06	0.000177708	0.00014809	0.000987267	0.0898314	8.8854e-05	3.94907e-05	0.000483761	4.9363299999999995e-05	0.0	0.000108599	0.0	0.00013821700000000002	0.000197453	0.0845989	0.000108599	0.0	2.9618e-05	9.87267e-06	0.0175042	0.00121434	9.87267e-06	0.000236944	0.00227071	0.000750323	3.94907e-05	0.0	0.0	0.000167835	0.0	0.00026656200000000003	0.00713794	0.0	9.87267e-05	3.94907e-05	0.0875113	0.00059236	0.000375161	0.000523251	0.000177708	0.125906	0.00410703	7.89813e-05	0.00029618	0.08663269999999999	5.9236e-05	0.000118472	0.12561	0.00113536	0.00746374	0.0434694	0.00013821700000000002	0.000631851	0.00110574	8.8854e-05	0.00102676	0.0034455600000000003	6.91087e-05	0.0	0.000286307	0.00179683	0.000236944	0.000197453
Sor-CPnd_020-Ex1-2E-lcwgs-1-3	0.016027	0.028421400000000003	1.68174e-05	0.08532290000000001	0.0015556099999999998	0.000563382	0.0	0.0	8.40869e-06	0.000159765	0.0	0.0	0.0	1.68174e-05	0.00101745	0.0	0.00070633	0.0430945	0.0	0.0	0.00139584	0.0	0.00011772200000000001	0.0	0.0	0.0	5.88608e-05	0.0151693	0.0	3.36347e-05	0.000739964	0.0	1.68174e-05	0.0	0.0	0.0	0.000277487	0.000311121	0.000378391	0.0	0.000420434	0.0	0.0	0.00020180800000000002	0.0006306510000000001	0.0	0.0	0.000563382	0.00107631	8.40869e-06	0.0	0.000269078	8.40869e-06	0.00011772200000000001	0.0	0.0	2.52261e-05	0.000479295	0.086004	0.1693	0.0	8.40869e-06	0.0	0.0	8.40869e-06	0.00051293	0.0	0.0	0.0	0.0008829119999999999	0.0	0.0	0.0	0.0	0.0	0.00021862599999999998	8.408689999999999e-05	0.0	0.0865758	0.0	0.00341393	0.000311121	0.09836479999999999	8.40869e-06	0.129073	4.2043400000000005e-05	0.000369982	8.40869e-06	8.408689999999999e-05	0.000210217	0.000891321	0.087938	7.56782e-05	5.88608e-05	0.000428843	4.2043400000000005e-05	0.0	0.00010931299999999999	0.0	0.00010090400000000001	0.000294304	0.0842718	6.72695e-05	0.0	2.52261e-05	5.0452100000000004e-05	0.017574199999999998	0.00134539	8.40869e-06	0.000176582	0.0022955700000000002	0.000672695	8.40869e-06	0.0	0.0	0.000168174	0.0	0.0001934	0.00701284	5.88608e-05	6.72695e-05	2.52261e-05	0.0871728	0.000454069	0.000403617	0.00048770400000000005	7.56782e-05	0.124205	0.0038259500000000003	0.00010090400000000001	0.000269078	0.0860461	3.36347e-05	0.000142948	0.124676	0.00101745	0.007576230000000001	0.0436999	0.00012613000000000001	0.00051293	0.000908138	4.2043400000000005e-05	0.0009754080000000001	0.00341393	7.56782e-05	0.0	0.000260669	0.00156402	0.00020180800000000002	0.000277487
Sor-CPnd_022-Ex1-7C-lcwgs-1-3	0.014944	0.027960799999999997	3.22997e-05	0.08443149999999999	0.00184108	0.00015073200000000002	0.0	0.0	1.0766600000000001e-05	0.000107666	0.0	0.0	0.0	2.1533200000000002e-05	0.0009797579999999998	0.0	0.000667528	0.0416451	0.0	0.0	0.00136736	0.0	0.000118432	0.0	0.0	0.0	2.1533200000000002e-05	0.015127000000000002	0.0	1.0766600000000001e-05	0.000624461	0.0	4.30663e-05	0.0	1.0766600000000001e-05	0.0	0.000215332	0.000312231	0.000312231	0.0	0.000452196	0.0	0.0	0.000247631	0.000592162	0.0	0.0	0.000398363	0.00119509	4.30663e-05	0.0	0.000322997	0.0	0.000139965	0.0	0.0	2.1533200000000002e-05	0.000495262	0.0881029	0.17135	0.0	1.0766600000000001e-05	0.0	0.0	0.0	0.000506029	0.0	0.0	0.0	0.00075366	0.0	0.0	0.0	0.0	0.0	0.00015073200000000002	3.22997e-05	0.0	0.0878553	0.0	0.0033161099999999997	0.00029069800000000004	0.097782	2.1533200000000002e-05	0.128047	1.0766600000000001e-05	0.000333764	1.0766600000000001e-05	0.000107666	0.000172265	0.000904392	0.0865956	0.000118432	2.1533200000000002e-05	0.000279931	2.1533200000000002e-05	0.0	0.000107666	0.0	9.68992e-05	0.000215332	0.0846468	8.61326e-05	0.0	2.1533200000000002e-05	0.0	0.0175818	0.00107666	1.0766600000000001e-05	0.000161499	0.00212102	0.000667528	2.1533200000000002e-05	0.0	0.0	0.000139965	0.0	0.00015073200000000002	0.00661068	1.0766600000000001e-05	8.61326e-05	2.1533200000000002e-05	0.0872846	0.000355297	0.000322997	0.000322997	0.000215332	0.124838	0.00388673	5.38329e-05	0.000183032	0.0838609	5.38329e-05	0.000107666	0.129167	0.000775193	0.0075043	0.043141700000000005	0.000129199	0.000473729	0.0009366919999999999	5.38329e-05	0.00075366	0.00361757	2.1533200000000002e-05	0.0	0.000269164	0.0013135199999999999	0.000161499	0.000172265
Sor-CPnd_024-Ex1-5G-lcwgs-1-3	0.0169742	0.0270527	3.31528e-05	0.0852026	0.00172394	0.000132611	0.0	0.0	0.0	0.000165764	0.0	0.0	0.0	0.000198917	0.0008288190000000001	0.0	0.000895125	0.0433638	0.0	0.0	0.0019228600000000002	0.0	0.0	0.0	0.0	0.0	3.31528e-05	0.013924200000000001	0.0	0.0	0.000497292	0.0	9.945829999999999e-05	0.0	3.31528e-05	0.0	0.000397833	0.000464139	0.000530444	0.0	0.0006630550000000001	0.0	0.0	0.00023206899999999998	0.000331528	0.0	0.0	0.0006630550000000001	0.0009614300000000001	0.0	0.0	0.000331528	0.0	0.000198917	0.0	0.0	0.0	0.000497292	0.0887168	0.170604	0.0	6.63055e-05	0.0	0.0	6.63055e-05	0.000530444	0.0	0.0	0.0	0.0010608899999999999	0.0	0.0	0.0	0.0	0.0	0.000331528	0.0	0.0	0.09027500000000001	0.0	0.00371311	0.00036468	0.0970713	0.0	0.127903	6.63055e-05	0.00029837500000000003	0.0	0.000165764	0.000198917	0.00142557	0.0913359	0.000198917	9.945829999999999e-05	0.000198917	0.0	0.0	0.0	3.31528e-05	9.945829999999999e-05	0.00023206899999999998	0.0874902	9.945829999999999e-05	0.0	0.0	6.63055e-05	0.0169742	0.0016244900000000001	0.0	6.63055e-05	0.0025196100000000003	0.000530444	0.0	0.0	0.0	0.000132611	0.0	6.63055e-05	0.006995230000000001	0.0	3.31528e-05	0.0	0.0887168	0.000265222	0.00043098599999999996	0.00023206899999999998	0.000198917	0.12382599999999999	0.00354735	6.63055e-05	0.000397833	0.0879543	0.0	0.000132611	0.12482000000000001	0.0006630550000000001	0.00775775	0.043828	6.63055e-05	0.000331528	0.0010608899999999999	9.945829999999999e-05	0.000729361	0.0034810400000000003	9.945829999999999e-05	0.0	0.00023206899999999998	0.0012929600000000001	0.000198917	0.000165764
Sor-CPnd_026-Ex1-3H-lcwgs-1-3	0.015306799999999999	0.0268631	1.74436e-05	0.0842787	0.00177052	0.00044481200000000005	0.0	0.0	8.7218e-06	0.000148271	0.0	0.0	0.0	1.74436e-05	0.00106406	0.0	0.0008111269999999999	0.0427542	0.0	0.0	0.00131699	0.0	0.000130827	0.0	0.0	0.0	5.2330800000000004e-05	0.014992799999999999	0.0	0.0	0.0007762400000000001	0.0	4.3608999999999995e-05	0.0	8.7218e-06	0.0	0.000156992	0.000226767	0.000418646	0.0	0.00039248099999999997	0.0	0.0	0.000270376	0.000514586	0.0	0.0	0.000418646	0.000985563	3.48872e-05	0.0	0.000313985	0.0	8.721799999999999e-05	0.0	0.0	1.74436e-05	0.000409924	0.0877587	0.169848	0.0	8.7218e-06	0.0	0.0	0.0	0.000462255	0.0	0.0	0.0	0.000976841	0.0	0.0	8.7218e-06	0.0	0.0	0.000218045	0.000104662	0.0	0.0867993	0.0	0.0036108200000000003	0.000235488	0.0978149	1.74436e-05	0.12896	5.2330800000000004e-05	0.00024420999999999997	3.48872e-05	8.721799999999999e-05	0.000235488	0.000933232	0.08721799999999999	7.84962e-05	4.3608999999999995e-05	0.000409924	5.2330800000000004e-05	0.0	0.000104662	8.7218e-06	0.00012210499999999998	0.000313985	0.08375540000000001	5.2330800000000004e-05	0.0	2.6165400000000002e-05	2.6165400000000002e-05	0.0176529	0.000985563	1.74436e-05	0.000183158	0.00184902	0.0007675179999999999	2.6165400000000002e-05	0.0	0.0	0.00011338300000000001	0.0	0.00019188	0.0067245	8.7218e-06	8.721799999999999e-05	3.48872e-05	0.0858399	0.00042736799999999996	0.000409924	0.000462255	0.000104662	0.127085	0.00407308	0.00011338300000000001	0.000218045	0.0853166	6.10526e-05	0.00012210499999999998	0.124896	0.0008983449999999999	0.00710826	0.0448475	0.000148271	0.000479699	0.000723909	5.2330800000000004e-05	0.00102045	0.00329684	6.10526e-05	0.0	0.000322706	0.0015612	0.00020060099999999999	0.000226767
Sor-CPnd_027-Ex1-3C-lcwgs-1-3	0.0140229	0.0289381	5.463450000000001e-05	0.0846653	0.00151156	0.00036423	0.0	0.0	0.0	0.000145692	0.0	0.0	0.0	1.82115e-05	0.0008741520000000001	0.0	0.00045528800000000004	0.0418318	0.0	0.0	0.0011109	0.0	7.2846e-05	0.0	0.0	0.0	0.0	0.015152	1.82115e-05	1.82115e-05	0.00060098	0.0	1.82115e-05	0.0	0.0	0.0	0.000200327	0.00016390399999999998	0.000382442	0.0	0.00043707600000000006	0.0	0.0	0.000254961	0.000619191	0.0	0.0	0.00045528800000000004	0.00120196	1.82115e-05	0.0	0.000273173	0.0	7.2846e-05	0.0	0.0	0.0	0.0004917109999999999	0.08675959999999999	0.171625	0.0	0.0	0.0	0.0	0.0	0.000528134	0.0	0.0	0.0	0.000582768	0.0	0.0	0.0	0.0	0.0	9.10575e-05	7.2846e-05	0.0	0.0862315	0.0	0.00284099	0.000182115	0.09743160000000001	1.82115e-05	0.12615099999999999	3.6423e-05	0.000291384	0.0	7.2846e-05	0.00016390399999999998	0.000637403	0.0875427	9.10575e-05	5.463450000000001e-05	0.000254961	1.82115e-05	0.0	3.6423e-05	0.0	3.6423e-05	0.000291384	0.0901105	1.82115e-05	0.0	0.0	1.82115e-05	0.0181751	0.00118375	0.0	9.10575e-05	0.0018211500000000001	0.000673826	0.0	0.0	0.0	0.00010926900000000001	0.0	0.000145692	0.00708428	0.0	1.82115e-05	0.0	0.08675959999999999	0.000273173	0.000400653	0.000327807	0.000145692	0.128227	0.00417043	3.6423e-05	9.10575e-05	0.0848474	0.0	1.82115e-05	0.127007	0.0006920370000000001	0.00730281	0.0434344	5.463450000000001e-05	0.000509922	0.00060098	1.82115e-05	0.000710249	0.0034601899999999997	3.6423e-05	0.0	0.00021853800000000003	0.00123838	0.00010926900000000001	0.000182115
Sor-CPnd_028-Ex1-3A-lcwgs-1-3	0.0144607	0.0273893	1.9768500000000002e-05	0.0832946	0.00165067	0.00039537	0.0	0.0	1.9768500000000002e-05	9.88425e-05	0.0	0.0	0.0	2.9652800000000002e-05	0.0009686569999999999	0.0	0.0008105090000000001	0.0413557	0.0	0.0	0.00136403	0.0	0.000128495	0.0	0.0	0.0	4.94213e-05	0.014836299999999998	9.884250000000001e-06	3.9537000000000004e-05	0.000780856	0.0	5.93055e-05	0.0	0.0	0.0	0.000276759	0.00021745399999999998	0.0006325920000000001	0.0	0.000286643	0.0	0.0	0.00031629600000000004	0.0006523610000000001	0.0	0.0	0.000484328	0.00107738	3.9537000000000004e-05	0.0	0.00034594899999999996	1.9768500000000002e-05	0.000128495	0.0	0.0	2.9652800000000002e-05	0.00046456	0.0865366	0.169436	0.0	9.884250000000001e-06	0.0	0.0	0.0	0.00053375	0.0	0.0	0.0	0.00103785	0.0	0.0	9.884250000000001e-06	0.0	0.0	0.00031629600000000004	0.00010872699999999999	0.0	0.0846388	9.884250000000001e-06	0.00324203	0.000197685	0.09661850000000001	2.9652800000000002e-05	0.12693400000000002	6.91898e-05	0.000355833	9.884250000000001e-06	8.895829999999999e-05	9.88425e-05	0.000919235	0.0872087	8.895829999999999e-05	3.9537000000000004e-05	0.00046456	6.91898e-05	0.0	0.000128495	0.0	0.000128495	0.000197685	0.0861412	5.93055e-05	0.0	1.9768500000000002e-05	2.9652800000000002e-05	0.0175248	0.0013047199999999999	1.9768500000000002e-05	0.000197685	0.00185824	0.000523865	5.93055e-05	0.0	0.0	0.00015814800000000002	0.0	0.00024710600000000003	0.00689921	5.93055e-05	8.895829999999999e-05	1.9768500000000002e-05	0.087782	0.000474444	0.000296528	0.000513981	0.00010872699999999999	0.127418	0.00420081	0.000118611	0.00034594899999999996	0.0832748	4.94213e-05	0.000177917	0.125026	0.00107738	0.00749226	0.0456356	0.00013837999999999999	0.000513981	0.0009686569999999999	1.9768500000000002e-05	0.0009686569999999999	0.00373625	0.00010872699999999999	0.0	0.00013837999999999999	0.00158148	0.000187801	0.000355833
Sor-CPnd_029-Ex1-8E-lcwgs-1-3	0.0164622	0.0281037	2.93052e-05	0.084355	0.0016191100000000002	0.000424926	0.0	0.0	0.0	0.000219789	0.0	0.0	0.0	3.6631499999999996e-05	0.0011136	0.0	0.000717978	0.0429321	0.0	0.0	0.00155318	0.0	9.52419e-05	7.3263e-06	0.0	0.0	4.39578e-05	0.014975	0.0	2.19789e-05	0.000783914	0.0	5.128409999999999e-05	0.0	0.0	0.0	0.000322357	0.000322357	0.000410273	0.0	0.00039562	0.0	0.0	0.000249094	0.000439578	0.0	0.0	0.000549473	0.0011429	3.6631499999999996e-05	0.0	0.00027839900000000003	7.3263e-06	0.0001392	0.0	0.0	7.3263e-06	0.00039562	0.08441370000000001	0.16994099999999998	0.0	1.46526e-05	1.46526e-05	0.0	1.46526e-05	0.000483536	0.0	1.46526e-05	0.0	0.0008351979999999999	0.0	0.0	1.46526e-05	0.0	0.0	0.00020513600000000002	5.128409999999999e-05	0.0	0.0835785	0.0	0.00350197	0.000315031	0.09580609999999999	2.93052e-05	0.125778	7.326299999999999e-05	0.00030037799999999996	0.0	0.000124547	0.00027839900000000003	0.0008718299999999999	0.0875347	7.326299999999999e-05	6.593670000000001e-05	0.000388294	2.93052e-05	0.0	7.326299999999999e-05	1.46526e-05	9.52419e-05	0.000358989	0.0854686	9.52419e-05	1.46526e-05	0.0	4.39578e-05	0.017092299999999998	0.00126012	0.0	0.0001392	0.0018462300000000001	0.0008645040000000001	1.46526e-05	0.0	0.0	0.00014652599999999999	0.0	0.000168505	0.00647645	0.0	6.593670000000001e-05	7.3263e-06	0.08752	0.000468883	0.00047620999999999997	0.000483536	0.000109895	0.128357	0.0039708600000000005	8.05893e-05	0.00023444200000000002	0.08628190000000001	4.39578e-05	0.00014652599999999999	0.12538200000000002	0.0009963770000000001	0.00707721	0.0426537	0.00011722100000000001	0.00053482	0.0009084620000000001	7.326299999999999e-05	0.000981725	0.0034433600000000003	2.19789e-05	0.0	0.000366315	0.0015898099999999999	0.000212463	0.000175831
Sor-CPnd_030-Ex1-2H-lcwgs-1-3	0.0175294	0.0285483	3.15276e-05	0.0851089	0.00170249	0.000551734	0.0	0.0	0.0	0.00020493	0.0	0.0	0.0	6.30553e-05	0.0011665199999999999	0.0	0.0008512460000000001	0.0418687	0.0	0.0	0.0016552	0.0	0.00012611099999999999	1.57638e-05	0.0	0.0	1.57638e-05	0.0161894	0.0	3.15276e-05	0.0008197189999999999	0.0	6.30553e-05	0.0	0.0	0.0	0.00020493	0.00023645699999999998	0.000457151	0.0	0.000409859	0.0	0.0	0.000283749	0.000551734	0.0	0.0	0.000472915	0.00115076	3.15276e-05	0.0	0.00033104	0.0	0.000141874	0.0	0.0	1.57638e-05	0.000394096	0.0859601	0.16849899999999998	0.0	1.57638e-05	1.57638e-05	0.0	0.0	0.000457151	0.0	0.0	0.0	0.0009300650000000001	0.0	0.0	1.57638e-05	0.0	0.0	0.00015763799999999998	6.30553e-05	0.0	0.0883562	1.57638e-05	0.00354686	0.00023645699999999998	0.100936	6.30553e-05	0.131549	3.15276e-05	0.00023645699999999998	1.57638e-05	0.00011034699999999999	0.00020493	0.000977357	0.0872212	6.30553e-05	3.15276e-05	0.000504442	3.15276e-05	0.0	0.00011034699999999999	0.0	0.000141874	0.000346804	0.0825709	9.458289999999999e-05	0.0	1.57638e-05	1.57638e-05	0.0186486	0.0010877	1.57638e-05	0.000267985	0.0022226999999999998	0.000725136	1.57638e-05	0.0	0.0	0.00015763799999999998	0.0	0.000267985	0.0071883	3.15276e-05	7.88191e-05	3.15276e-05	0.0859759	0.000630553	0.000378332	0.000614789	7.88191e-05	0.12473899999999999	0.0044296299999999995	9.458289999999999e-05	0.00011034699999999999	0.084636	7.88191e-05	0.000173402	0.126315	0.0010877	0.00813413	0.0445486	0.000189166	0.000567498	0.00086701	7.88191e-05	0.00115076	0.0037990800000000003	9.458289999999999e-05	0.0	0.000299513	0.0016552	0.00031527599999999997	0.000252221
Sor-CPnd_031-Ex1-5D-lcwgs-1-3	0.0162719	0.027900599999999998	6.66881e-05	0.0842187	0.00174223	0.000233408	0.0	0.0	1.6672e-05	0.00020006400000000001	0.0	0.0	0.0	4.16801e-05	0.000950305	0.0	0.000750241	0.0422052	0.0	0.0	0.00160051	0.0	0.000116704	0.0	0.0	0.0	2.5008000000000002e-05	0.0153466	0.0	0.0	0.000733569	0.0	7.50241e-05	0.0	0.0	0.0	0.00033344	0.000283424	0.000466817	0.0	0.00041680099999999996	0.0	0.0	0.00034177599999999996	0.000500161	0.0	0.0	0.000675217	0.0011587099999999999	2.5008000000000002e-05	0.0	0.000375121	8.33601e-06	0.000191728	0.0	0.0	1.6672e-05	0.000716897	0.0855108	0.168813	0.0	8.33601e-06	0.0	8.33601e-06	8.33601e-06	0.000725233	0.0	0.0	0.0	0.000975313	8.33601e-06	0.0	0.0	0.0	0.0	0.00025007999999999996	5.835209999999999e-05	0.0	0.0858526	1.6672e-05	0.00355948	0.000258416	0.0989985	5.00161e-05	0.12917499999999998	9.169609999999999e-05	0.00047515299999999997	1.6672e-05	0.00020006400000000001	0.000233408	0.000941969	0.0853608	0.000133376	0.000108368	0.000433473	3.3344e-05	0.0	7.50241e-05	1.6672e-05	8.33601e-05	0.00035011199999999997	0.0847856	0.000133376	0.0	2.5008000000000002e-05	2.5008000000000002e-05	0.0180558	0.0010003199999999999	1.6672e-05	0.000183392	0.0021923700000000003	0.0008419370000000001	2.5008000000000002e-05	0.0	0.0	0.000266752	0.0	0.000191728	0.00691889	1.6672e-05	5.835209999999999e-05	1.6672e-05	0.089112	0.000516833	0.00040012900000000004	0.00047515299999999997	0.00016672	0.12454799999999999	0.00426804	8.33601e-05	0.00034177599999999996	0.08685290000000001	5.835209999999999e-05	0.00012503999999999998	0.12615700000000002	0.001042	0.007610779999999999	0.0446727	0.000116704	0.000533505	0.0010753499999999999	0.000108368	0.0008419370000000001	0.0037262	5.00161e-05	0.0	0.000241744	0.0016505299999999999	0.000233408	0.000308432
Sor-CPnd_033-Ex1-2F-lcwgs-1-3	0.0171359	0.027403699999999996	0.0	0.0848579	0.00150595	0.0005476179999999999	0.0	0.0	2.28174e-05	0.000159722	0.0	0.0	0.0	2.28174e-05	0.00109524	0.0	0.000752974	0.0415277	0.0	0.0	0.0018710299999999999	0.0	0.000136904	0.0	0.0	0.0	6.84522e-05	0.014420599999999999	2.28174e-05	4.56348e-05	0.000730157	0.0	4.56348e-05	0.0	2.28174e-05	0.0	0.00041071299999999994	0.000250991	0.0005476179999999999	0.0	0.00038789600000000004	0.0	0.0	0.000319444	0.000798609	0.0	0.0	0.000570435	0.0013005900000000001	2.28174e-05	0.0	0.00029662600000000003	2.28174e-05	0.000159722	0.0	0.0	6.84522e-05	0.000570435	0.0872081	0.17318399999999998	0.0	2.28174e-05	0.0	0.0	0.0	0.000684522	0.0	0.0	0.0	0.000844244	0.0	0.0	0.0	0.0	0.0	0.000228174	9.12696e-05	0.0	0.08978649999999999	0.0	0.0040615	0.00027380899999999997	0.0993926	6.84522e-05	0.13053800000000002	0.000136904	0.000365078	0.0	0.000136904	0.000182539	0.0008898780000000001	0.0854511	6.84522e-05	0.000114087	0.000456348	2.28174e-05	0.0	0.000114087	2.28174e-05	0.000114087	0.000205357	0.08556520000000001	0.000114087	0.0	0.0	6.84522e-05	0.0166339	0.0011865	0.0	0.000228174	0.00232737	0.000684522	0.0	0.0	0.0	9.12696e-05	0.0	0.000205357	0.00679958	0.0	9.12696e-05	4.56348e-05	0.0856565	0.000570435	0.000365078	0.0005932520000000001	6.84522e-05	0.12704700000000002	0.004335309999999999	6.84522e-05	0.00027380899999999997	0.0845156	4.56348e-05	0.000159722	0.125245	0.0010496000000000001	0.00725593	0.0443342	0.000114087	0.00047916500000000004	0.000981148	4.56348e-05	0.0009583309999999999	0.0035138800000000005	0.0	0.0	0.000182539	0.0016200400000000001	0.000205357	0.000228174
Sor-CPnd_034-Ex1-4G-lcwgs-1-3	0.0168093	0.027430500000000003	0.0	0.0849084	0.00135459	0.000307862	0.0	0.0	3.07862e-05	0.000153931	0.0	0.0	0.0	0.000153931	0.0012006599999999999	0.0	0.000892801	0.0427005	0.0	0.0	0.0015701	0.0	6.157250000000001e-05	0.0	0.0	0.0	0.0	0.0162551	0.0	3.07862e-05	0.000831228	0.0	6.157250000000001e-05	0.0	0.0	0.0	0.000277076	0.000215504	0.000584938	0.0	0.00040022100000000003	0.0	0.0	0.00046179399999999996	0.000615725	0.0	0.0	0.0004925800000000001	0.00126224	6.157250000000001e-05	0.0	0.00046179399999999996	0.0	0.00018471700000000001	0.0	0.0	3.07862e-05	0.000615725	0.0842619	0.164029	0.0	0.0	0.0	0.0	3.07862e-05	0.000554152	0.0	0.0	0.0	0.00101595	0.0	0.0	0.0	0.0	0.0	0.00024629000000000003	6.157250000000001e-05	0.0	0.0888491	0.0	0.0035096299999999997	0.00012314500000000001	0.09940879999999999	6.157250000000001e-05	0.12967199999999998	3.07862e-05	0.000369435	3.07862e-05	0.00012314500000000001	0.000277076	0.00101595	0.0849392	9.23587e-05	9.23587e-05	0.00040022100000000003	3.07862e-05	0.0	9.23587e-05	0.0	0.00012314500000000001	0.000369435	0.0820145	9.23587e-05	0.0	3.07862e-05	3.07862e-05	0.0190259	0.000892801	3.07862e-05	0.000215504	0.00270919	0.0007696560000000001	3.07862e-05	0.0	0.0	0.00018471700000000001	0.0	0.00024629000000000003	0.00689612	6.157250000000001e-05	6.157250000000001e-05	3.07862e-05	0.0882949	0.000431007	0.0004925800000000001	0.000554152	3.07862e-05	0.12489999999999998	0.00412536	0.00018471700000000001	0.000277076	0.0882641	6.157250000000001e-05	0.000153931	0.130841	0.00116988	0.00837386	0.0438396	0.00018471700000000001	0.00040022100000000003	0.0012006599999999999	9.23587e-05	0.00116988	0.00344806	6.157250000000001e-05	0.0	0.000338649	0.0017548199999999998	0.00046179399999999996	0.00024629000000000003
Sor-CPnd_036-Ex1-5C-lcwgs-1-3	0.0158884	0.027932	4.10764e-05	0.0847406	0.00157733	0.000287535	0.0	0.0	1.6430599999999998e-05	0.000131445	8.21528e-06	0.0	0.0	4.10764e-05	0.0009858339999999999	0.0	0.000837959	0.042267599999999995	0.0	0.0	0.00140481	0.0	0.000131445	0.0	0.0	0.0	1.6430599999999998e-05	0.0149436	8.21528e-06	8.21528e-06	0.000772237	8.21528e-06	3.28611e-05	0.0	0.0	0.0	0.000254674	0.000361472	0.000501132	0.0	0.000468271	0.0	0.0	0.000312181	0.0005997159999999999	0.0	0.0	0.000484702	0.00108442	4.10764e-05	0.0	0.000345042	0.0	0.000131445	0.0	0.0	1.6430599999999998e-05	0.000501132	0.0862358	0.168233	0.0	8.21528e-06	0.0	0.0	1.6430599999999998e-05	0.000525778	0.0	0.0	0.0	0.0009858339999999999	0.0	0.0	0.0	0.0	0.0	0.000254674	4.10764e-05	0.0	0.0873695	0.0	0.00322039	0.00023002800000000001	0.0978029	3.28611e-05	0.12859399999999999	4.10764e-05	0.00027932	1.6430599999999998e-05	0.00011501400000000001	0.00015609	0.00100226	0.0874599	0.00011501400000000001	4.10764e-05	0.00043541000000000006	2.46458e-05	0.0	0.00011501400000000001	0.0	0.00015609	0.00023002800000000001	0.085365	7.39375e-05	0.0	8.21528e-06	8.21528e-06	0.017096	0.00105977	8.21528e-06	0.000188952	0.0022263400000000003	0.000657223	1.6430599999999998e-05	0.0	0.0	0.000123229	0.0	0.00019716700000000002	0.0068926199999999995	1.6430599999999998e-05	6.57223e-05	1.6430599999999998e-05	0.08916049999999999	0.00043541000000000006	0.000312181	0.00046005600000000003	0.000164306	0.126351	0.00431302	0.00011501400000000001	0.000254674	0.0853157	4.92917e-05	0.00010679899999999999	0.127353	0.00100226	0.00756628	0.0440011	0.00011501400000000001	0.000517563	0.0007968820000000001	4.92917e-05	0.0009858339999999999	0.00357365	5.7507000000000004e-05	0.0	0.000205382	0.00161841	0.000205382	0.00022181299999999999
Sor-CPnd_037-Ex1-6C-lcwgs-1-3	0.0164609	0.0278479	4.4249900000000005e-05	0.0845172	0.0017552400000000001	0.000250749	0.0	0.0	0.0	0.000206499	0.0	0.0	0.0	4.4249900000000005e-05	0.001003	0.0	0.000855497	0.0418456	0.0	0.0	0.001475	0.0	7.37498e-05	0.0	0.0	0.0	1.475e-05	0.0157972	1.475e-05	0.0	0.0008112470000000001	0.0	5.8999800000000004e-05	0.0	0.0	0.0	0.000280249	0.00033924899999999996	0.000368749	0.0	0.000442499	0.0	0.0	0.000235999	0.000501498	0.0	0.0	0.000575248	0.0011505	0.0	0.0	0.00033924899999999996	0.0	0.000191749	0.0	0.0	2.9499900000000002e-05	0.000604748	0.0879687	0.170657	0.0	1.475e-05	0.0	0.0	0.0	0.000619498	0.0	0.0	0.0	0.000973497	0.0	0.0	0.0	0.0	0.0	0.000191749	7.37498e-05	0.0	0.08841120000000001	0.0	0.0035104900000000002	0.000353999	0.0992229	0.0	0.129991	5.8999800000000004e-05	0.000368749	0.0	0.0001475	0.000235999	0.000973497	0.0857267	0.000176999	0.000118	0.000442499	1.475e-05	0.0	8.84997e-05	1.475e-05	0.000118	0.000294999	0.0869657	0.000162249	0.0	0.0	1.475e-05	0.0178474	0.001239	0.0	0.000162249	0.00213874	0.000884997	0.0	0.0	0.0	0.00022124900000000002	0.0	0.0001475	0.00715373	0.0	7.37498e-05	0.0	0.08767370000000001	0.000560498	0.000368749	0.000604748	0.00022124900000000002	0.125139	0.00408574	5.8999800000000004e-05	0.000294999	0.0839862	4.4249900000000005e-05	0.000118	0.12842800000000001	0.0012095	0.007699480000000001	0.0424061	8.84997e-05	0.000634248	0.000973497	7.37498e-05	0.00107675	0.00342199	5.8999800000000004e-05	0.0	0.000250749	0.00176999	0.000176999	0.000206499
Sor-CPnd_038-Ex1-2A-lcwgs-1-3	0.0148861	0.0289448	4.95024e-05	0.0849815	0.00164065	0.000410163	0.0	0.0	1.41435e-05	0.00012021999999999998	0.0	0.0	0.0	2.12153e-05	0.000912258	0.0	0.0006506029999999999	0.041971	0.0	0.0	0.00123756	0.0	0.00012021999999999998	0.0	0.0	0.0	2.12153e-05	0.014567799999999999	1.41435e-05	0.0	0.0007001049999999999	0.0	2.12153e-05	0.0	7.071769999999999e-06	0.0	0.000219225	0.00025458400000000003	0.000509167	0.0	0.000325301	0.0	0.0	0.000261656	0.000601101	0.0	0.0	0.0005233109999999999	0.00113856	1.41435e-05	0.0	0.00031823	0.0	0.00012021999999999998	0.0	0.0	2.8287100000000002e-05	0.000424306	0.0837298	0.167757	7.071769999999999e-06	7.071769999999999e-06	0.0	0.0	0.0	0.000410163	0.0	0.0	0.0	0.0008061819999999999	0.0	0.0	0.0	0.0	0.0	0.00020508100000000002	8.48612e-05	0.0	0.0844935	0.0	0.00324594	0.00020508100000000002	0.0963882	1.41435e-05	0.126005	2.8287100000000002e-05	0.000289943	7.071769999999999e-06	0.00010607700000000001	0.00015557899999999998	0.000742536	0.0872091	0.00012729200000000001	2.8287100000000002e-05	0.00036066	4.95024e-05	0.0	0.000113148	0.0	0.000141435	0.00022629700000000003	0.0853704	5.6574200000000005e-05	0.0	7.071769999999999e-06	7.071769999999999e-06	0.0169157	0.00102541	7.071769999999999e-06	0.000183866	0.00207203	0.000657675	2.12153e-05	0.0	0.0	0.000141435	0.0	0.000190938	0.006633320000000001	7.071769999999999e-06	9.90048e-05	2.12153e-05	0.08853860000000001	0.00040309099999999995	0.000325301	0.000410163	0.000113148	0.126344	0.00412991	9.1933e-05	0.00022629700000000003	0.0845572	4.95024e-05	0.000134364	0.125941	0.0008344689999999999	0.00752436	0.044142	0.000148507	0.00043137800000000006	0.000912258	4.24306e-05	0.000855684	0.00369854	5.6574200000000005e-05	0.0	0.00022629700000000003	0.00142143	0.00020508100000000002	0.00019800999999999998
Sor-CPnd_041-Ex1-7A-lcwgs-1-3	0.015036899999999999	0.027517600000000003	2.83395e-05	0.0846104	0.00189308	0.00021538000000000001	0.0	0.0	5.6679e-06	0.000119026	0.0	0.0	0.0	2.83395e-05	0.000906864	0.0	0.0007765020000000001	0.0422712	0.0	0.0	0.00130928	0.0	7.935059999999999e-05	5.6679e-06	0.0	0.0	4.53432e-05	0.0152466	0.0	2.26716e-05	0.0007141550000000001	0.0	6.23469e-05	0.0	5.6679e-06	0.0	0.000221048	0.000232384	0.000493107	0.0	0.000311734	0.0	0.0	0.000266391	0.000510111	0.0	0.0	0.000527115	0.0010599	6.23469e-05	0.0	0.000300399	2.26716e-05	0.000170037	0.0	0.0	1.70037e-05	0.00048743899999999994	0.0855966	0.166846	0.0	2.26716e-05	0.0	0.0	0.0	0.000504443	0.0	0.0	0.0	0.00088986	0.0	0.0	1.13358e-05	0.0	0.0	0.00021538000000000001	5.10111e-05	0.0	0.08737629999999999	1.13358e-05	0.00350843	0.00021538000000000001	0.09827	3.9675299999999996e-05	0.128106	6.23469e-05	0.000345742	1.70037e-05	0.00010769000000000001	0.00016436899999999998	0.000827513	0.08662249999999999	6.23469e-05	5.10111e-05	0.000345742	2.26716e-05	0.0	8.50185e-05	5.6679e-06	9.635430000000001e-05	0.000311734	0.08602739999999999	8.50185e-05	0.0	5.6679e-06	3.9675299999999996e-05	0.0175365	0.0010769	1.13358e-05	0.000153033	0.0020177700000000003	0.000793506	1.13358e-05	0.0	0.0	0.000170037	0.0	0.000170037	0.006824149999999999	5.6679e-06	5.6679e-05	5.6679e-06	0.0887309	0.000419424	0.000362745	0.000425092	0.000158701	0.126428	0.00410356	9.06864e-05	0.000255055	0.0850865	5.10111e-05	0.000141697	0.126967	0.0009182	0.0076913400000000005	0.0431894	0.000130362	0.000521447	0.000895528	9.06864e-05	0.0009182	0.00361045	5.10111e-05	0.0	0.000209712	0.00147932	0.000226716	0.000209712
Sor-CPnd_043-Ex1-1D-lcwgs-1-3	0.014698399999999999	0.0277502	2.0204000000000002e-05	0.0825838	0.0015052	0.000464692	0.0	0.0	0.0	0.000141428	0.0	0.0	0.0	3.0306e-05	0.000929383	0.0	0.000686935	0.041337399999999996	0.0	0.0	0.0011213199999999999	0.0	8.08159e-05	1.0102000000000001e-05	0.0	0.0	2.0204000000000002e-05	0.0145671	1.0102000000000001e-05	2.0204000000000002e-05	0.000666731	0.0	2.0204000000000002e-05	0.0	0.0	0.0	0.000121224	0.000222244	0.00030305999999999996	0.0	0.000383876	0.0	0.0	0.00034346800000000004	0.000596018	0.0	0.0	0.000393978	0.00106071	1.0102000000000001e-05	0.0	0.000272754	1.0102000000000001e-05	5.051e-05	0.0	0.0	0.0	0.00030305999999999996	0.08623059999999999	0.167754	0.0	0.0	0.0	0.0	0.0	0.000393978	0.0	0.0	0.0	0.000767751	0.0	0.0	1.0102000000000001e-05	0.0	0.0	0.000111122	5.051e-05	0.0	0.0862104	1.0102000000000001e-05	0.0030912099999999996	0.00034346800000000004	0.0966761	4.0408000000000003e-05	0.127972	2.0204000000000002e-05	0.000191938	1.0102000000000001e-05	7.07139e-05	0.00017173400000000002	0.000787955	0.0869478	0.00010102	2.0204000000000002e-05	0.00033336600000000003	2.0204000000000002e-05	0.0	7.07139e-05	1.0102000000000001e-05	5.051e-05	0.000272754	0.0842405	5.051e-05	0.0	1.0102000000000001e-05	2.0204000000000002e-05	0.0171532	0.00118193	0.0	0.00015152999999999998	0.0018890699999999999	0.000727343	2.0204000000000002e-05	0.0	0.0	0.000131326	0.0	0.00017173400000000002	0.0065966	2.0204000000000002e-05	4.0408000000000003e-05	0.0	0.0865943	0.00040408	0.00032326400000000003	0.000434386	0.000111122	0.126709	0.0038791600000000004	0.000131326	0.00015152999999999998	0.0828565	0.0	0.00010102	0.125042	0.000858669	0.0073037399999999995	0.042388	8.08159e-05	0.000474794	0.000717241	3.0306e-05	0.000727343	0.00359631	9.091789999999999e-05	0.0	0.00025255	0.0013132600000000001	0.000181836	0.00031316199999999997
Sor-CPnd_044-Ex1-8G-lcwgs-1-3	0.0159522	0.0276545	5.2376e-05	0.0837043	0.00152639	0.000344185	0.0	0.0	0.0	9.72696e-05	0.0	0.0	0.0	4.48937e-05	0.0010550000000000002	0.0	0.000808086	0.041100199999999996	0.0	0.0	0.00145156	0.0	0.00012719899999999999	1.4964599999999999e-05	0.0	0.0	2.99291e-05	0.0151741	0.0	4.48937e-05	0.0008155680000000001	0.0	2.99291e-05	0.0	0.0	0.0	0.000231951	0.000276844	0.000516277	0.0	0.000404043	0.0	0.0	0.000239433	0.000598582	0.0	0.0	0.00045641899999999995	0.00121961	4.48937e-05	0.0	0.000404043	7.48228e-06	0.000134681	0.0	0.0	2.24468e-05	0.00046390099999999996	0.0853279	0.165463	0.0	7.48228e-06	0.0	0.0	7.48228e-06	0.00052376	0.0	0.0	0.0	0.000927803	0.0	0.0	0.0	0.0	0.0	0.000239433	5.2376e-05	0.0	0.0864877	0.0	0.0034119199999999997	0.000179575	0.0981076	2.24468e-05	0.128299	4.48937e-05	0.000321738	0.0	8.23051e-05	0.000149646	0.000897874	0.0864577	0.00011223400000000001	1.4964599999999999e-05	0.000501313	2.99291e-05	0.0	0.00011971599999999999	0.0	0.00012719899999999999	0.00025439799999999997	0.0854626	5.98582e-05	0.0	0.0	2.24468e-05	0.0177405	0.0011373099999999999	1.4964599999999999e-05	0.000172092	0.00187805	0.000680887	1.4964599999999999e-05	0.0	0.0	0.000134681	0.0	0.000209504	0.00690614	0.0	8.97874e-05	1.4964599999999999e-05	0.08775970000000001	0.00048634800000000005	0.000359149	0.000508795	0.000157128	0.128673	0.004220010000000001	9.72696e-05	0.000321738	0.0826418	5.2376e-05	0.000134681	0.128359	0.0009652139999999999	0.00751969	0.0425592	0.00011971599999999999	0.000568653	0.000808086	4.48937e-05	0.0009652139999999999	0.00368876	2.99291e-05	0.0	0.000239433	0.00155631	0.000209504	0.000179575
Sor-CPnd_045-Ex1-7B-lcwgs-1-3	0.0136276	0.027717699999999998	1.65183e-05	0.0848381	0.00137102	0.000181702	0.0	0.0	8.25916e-06	0.000148665	0.0	0.0	0.0	4.9554999999999996e-05	0.000726806	0.0	0.00078462	0.0422621	0.0	0.0	0.000900249	0.0	4.12958e-05	0.0	0.0	0.0	8.25916e-06	0.0146022	8.25916e-06	0.0	0.00059466	0.0	2.4777499999999998e-05	0.0	0.0	0.0	0.000148665	0.00022299699999999998	0.000346885	0.0	0.000355144	0.0	0.0	0.000280811	0.00049555	0.0	0.0	0.000363403	0.00106543	8.25916e-06	0.0	0.000231256	0.0	8.25916e-05	0.0	0.0	2.4777499999999998e-05	0.000280811	0.0857714	0.166034	0.0	0.0	0.0	0.0	0.0	0.000305589	0.0	0.0	0.0	0.000916767	0.0	0.0	0.0	0.0	0.0	0.000214738	5.78141e-05	0.0	0.0853749	0.0	0.00287419	0.000239516	0.0974994	3.30366e-05	0.127943	2.4777499999999998e-05	0.000181702	0.0	6.607330000000001e-05	0.000173442	0.000900249	0.0869194	9.910990000000001e-05	1.65183e-05	0.000239516	1.65183e-05	0.0	4.12958e-05	0.0	4.12958e-05	0.000214738	0.0863578	4.12958e-05	0.0	0.0	0.0	0.017261600000000002	0.000991099	0.0	0.000115628	0.00172616	0.0005120680000000001	0.0	0.0	0.0	8.25916e-05	0.0	9.910990000000001e-05	0.006698180000000001	0.0	3.30366e-05	0.0	0.0858457	0.000330366	0.000264293	0.000346885	0.000140406	0.125539	0.0039561399999999995	4.12958e-05	0.000247775	0.0850446	3.30366e-05	4.12958e-05	0.127365	0.000644215	0.0071194	0.0442443	4.9554999999999996e-05	0.00044599500000000003	0.0007350649999999999	3.30366e-05	0.0006607329999999999	0.00346885	3.30366e-05	0.0	0.000132147	0.00112325	0.000107369	0.000189961
Sor-CPnd_046-Ex1-5A-lcwgs-1-3	0.0148865	0.028138000000000003	0.0	0.0832182	0.0016594799999999999	0.00019523299999999998	0.0	0.0	0.0	0.00021963699999999998	0.0	0.0	0.0	2.44042e-05	0.0008785500000000001	0.0	0.000780933	0.041047799999999995	0.0	0.0	0.00141544	0.0	4.88083e-05	0.0	0.0	0.0	0.0	0.0144473	2.44042e-05	0.0	0.00070772	0.0	2.44042e-05	0.0	0.0	0.0	0.000244042	0.00019523299999999998	0.000414871	0.0	0.00043927500000000004	0.0	0.0	0.000244042	0.00048808300000000005	0.0	0.0	0.00043927500000000004	0.00104938	0.0	0.0	0.00021963699999999998	0.0	7.32125e-05	0.0	0.0	0.0	0.000341658	0.0845116	0.172147	0.0	2.44042e-05	2.44042e-05	0.0	0.0	0.00046367900000000004	0.0	0.0	0.0	0.0008785500000000001	0.0	0.0	2.44042e-05	0.0	0.0	0.00019523299999999998	4.88083e-05	0.0	0.0857074	0.0	0.00370943	0.00021963699999999998	0.10113100000000001	9.76166e-05	0.13131900000000002	0.0	0.000268446	0.0	9.76166e-05	0.00019523299999999998	0.00109819	0.0881234	7.32125e-05	2.44042e-05	0.00029285	0.0	0.0	2.44042e-05	0.0	4.88083e-05	0.000341658	0.08248599999999999	4.88083e-05	0.0	0.0	0.0	0.0174246	0.000854145	0.0	0.000146425	0.0023428	0.000732125	0.0	0.0	0.0	9.76166e-05	0.0	0.000146425	0.00668674	0.0	2.44042e-05	0.0	0.0896365	0.000366062	0.00039046599999999996	0.000414871	0.00021963699999999998	0.125145	0.0035386000000000003	0.000122021	0.00019523299999999998	0.084536	0.0	9.76166e-05	0.126487	0.0008785500000000001	0.00744327	0.0450745	9.76166e-05	0.000561296	0.000829741	0.0	0.000780933	0.00341658	2.44042e-05	0.0	0.00021963699999999998	0.0012690199999999998	0.000146425	0.000268446
Sor-CPnd_049-Ex1-3B-lcwgs-1-3	0.0151367	0.027398499999999996	3.46378e-05	0.0822647	0.00200899	0.00048492899999999994	0.0	0.0	3.46378e-05	0.00010391299999999999	0.0	0.0	0.0	0.0	0.0007966690000000001	0.0	0.000658118	0.0408726	0.0	0.0	0.00135087	0.0	6.92755e-05	0.0	0.0	0.0	6.92755e-05	0.0154138	0.0	3.46378e-05	0.000519567	0.0	6.92755e-05	0.0	3.46378e-05	0.0	0.000242464	0.00048492899999999994	0.000588842	0.0	0.000381015	0.0	0.0	0.000242464	0.00062348	0.0	0.0	0.000554204	0.0009698579999999999	3.46378e-05	0.0	0.000207827	0.0	0.000138551	0.0	0.0	3.46378e-05	0.000450291	0.0872525	0.167959	0.0	3.46378e-05	0.0	0.0	0.0	0.000554204	0.0	0.0	0.0	0.000865944	0.0	0.0	0.0	0.0	0.0	0.000277102	6.92755e-05	0.0	0.0897811	0.0	0.00266711	0.00031174	0.103532	0.0	0.133078	3.46378e-05	0.000242464	0.0	0.00010391299999999999	0.000138551	0.0007966690000000001	0.0886034	0.000242464	6.92755e-05	0.00031174	3.46378e-05	0.0	6.92755e-05	0.0	6.92755e-05	0.000173189	0.0855553	6.92755e-05	0.0	3.46378e-05	3.46378e-05	0.017907700000000002	0.00117768	0.0	0.000138551	0.00190508	0.000554204	3.46378e-05	0.0	0.0	6.92755e-05	0.0	6.92755e-05	0.00748176	3.46378e-05	6.92755e-05	6.92755e-05	0.0843083	0.000554204	0.000346378	0.00048492899999999994	0.000138551	0.122791	0.00426045	0.000207827	0.000277102	0.08410050000000001	6.92755e-05	0.00010391299999999999	0.128922	0.00103913	0.00796669	0.042743	6.92755e-05	0.00041565300000000004	0.000762031	6.92755e-05	0.0008313060000000001	0.003948709999999999	0.00010391299999999999	0.0	0.000346378	0.00159334	0.000207827	0.00031174
Sor-CPnd_050-Ex1-3F-lcwgs-1-3	0.0160415	0.0285372	5.022389999999999e-05	0.0855915	0.00153685	0.00046206000000000003	0.0	0.0	1.00448e-05	0.000200895	1.00448e-05	0.0	0.0	5.022389999999999e-05	0.000944209	0.0	0.000793537	0.0425497	0.0	0.0	0.00156698	0.0	9.040300000000001e-05	0.0	0.0	0.0	3.01343e-05	0.0150772	1.00448e-05	1.00448e-05	0.000753358	0.0	3.01343e-05	0.0	0.0	0.0	0.000251119	0.000291298	0.00047210399999999994	0.0	0.00044197	0.0	0.0	0.000271209	0.000552463	0.0	0.0	0.00038170099999999997	0.00109488	2.00895e-05	0.0	0.000331478	0.0	0.00012053699999999999	0.0	0.0	1.00448e-05	0.000522328	0.0870882	0.171213	0.0	2.00895e-05	0.0	0.0	0.0	0.00065291	0.0	0.0	0.0	0.0009944329999999999	0.0	0.0	1.00448e-05	0.0	0.0	0.000200895	6.02686e-05	0.0	0.0873795	1.00448e-05	0.00372661	0.00023103000000000002	0.10015600000000001	3.01343e-05	0.13090300000000002	4.0179099999999996e-05	0.000371657	1.00448e-05	0.000110493	0.00023103000000000002	0.0008738950000000001	0.0878215	0.00012053699999999999	5.022389999999999e-05	0.00048214899999999997	3.01343e-05	0.0	0.000110493	1.00448e-05	0.000110493	0.000321433	0.08632480000000001	7.03134e-05	0.0	1.00448e-05	1.00448e-05	0.0177592	0.00123551	1.00448e-05	0.00017076100000000001	0.00226007	0.000743313	2.00895e-05	0.0	0.0	0.000150672	0.0	0.000160716	0.007222189999999999	3.01343e-05	9.040300000000001e-05	2.00895e-05	0.0882835	0.00047210399999999994	0.00042188	0.0004921939999999999	0.000130582	0.12571	0.00416858	7.03134e-05	0.00017076100000000001	0.0858125	6.02686e-05	0.000100448	0.123551	0.0011149699999999999	0.00755367	0.0454626	0.000110493	0.000602686	0.0009743429999999999	6.02686e-05	0.000843761	0.0036563000000000003	5.022389999999999e-05	0.0	0.000261164	0.00156698	0.00017076100000000001	0.000220985
Sor-CPnd_052-Ex1-6D-lcwgs-1-3	0.0178352	0.027654300000000003	2.7737499999999997e-05	0.0837258	0.00170586	0.000166425	0.0	0.0	0.0	8.32126e-05	0.0	0.0	0.0	5.54751e-05	0.00102629	0.0	0.000693438	0.042729699999999995	0.0	0.0	0.00170586	0.0	5.54751e-05	1.38688e-05	0.0	0.0	5.54751e-05	0.0140075	0.0	1.38688e-05	0.000693438	0.0	8.32126e-05	0.0	0.0	0.0	0.000305113	0.000249638	0.00038832499999999997	0.0	0.000457669	0.0	0.0	0.000374457	0.000610226	0.0	0.0	0.000596357	0.0011095	2.7737499999999997e-05	0.0	0.000305113	0.0	0.00019416300000000002	0.0	0.0	0.0	0.0005547509999999999	0.0859725	0.169435	0.0	1.38688e-05	0.0	0.0	1.38688e-05	0.000568619	0.0	0.0	0.0	0.00090147	0.0	0.0	0.0	0.0	0.0	0.00022189999999999997	4.16063e-05	0.0	0.0868878	1.38688e-05	0.00353654	0.00033285	0.0965405	4.16063e-05	0.127412	4.16063e-05	0.000402194	0.0	0.000180294	0.000166425	0.0009569450000000001	0.0892733	8.32126e-05	5.54751e-05	0.000416063	1.38688e-05	0.0	5.54751e-05	0.0	4.16063e-05	0.000318982	0.08539	9.70814e-05	0.0	0.0	2.7737499999999997e-05	0.0163929	0.0012620600000000002	0.0	0.000138688	0.00257959	0.00090147	1.38688e-05	0.0	0.0	0.000152556	0.0	0.000152556	0.007045330000000001	0.0	1.38688e-05	1.38688e-05	0.08713749999999999	0.000402194	0.000457669	0.000499276	0.000180294	0.12458300000000001	0.00381391	0.000124819	0.000277375	0.0867214	2.7737499999999997e-05	8.32126e-05	0.126053	0.00090147	0.0076694300000000005	0.0422443	6.93438e-05	0.0006379630000000001	0.000859864	4.16063e-05	0.0009708140000000001	0.0034949300000000003	1.38688e-05	0.0	0.000374457	0.0015394299999999998	0.000208032	0.00033285
Sor-CPnd_053-Ex1-2C-lcwgs-1-3	0.015585499999999999	0.028026199999999998	3.45576e-05	0.08535720000000001	0.00157237	0.00036285399999999997	0.0	0.0	0.0	8.63939e-05	0.0	0.0	0.0	1.72788e-05	0.00107128	0.0	0.0008121020000000001	0.041952899999999994	0.0	0.0	0.00120951	0.0	8.63939e-05	0.0	0.0	0.0	0.0	0.015447200000000001	1.72788e-05	1.72788e-05	0.0007948240000000001	0.0	0.0	0.0	0.0	0.0	0.00012095100000000001	0.000345576	0.000414691	0.0	0.00039741200000000004	0.0	0.0	0.000241903	0.000725709	0.0	0.0	0.000449248	0.00124407	1.72788e-05	0.0	0.000241903	0.0	3.45576e-05	0.0	0.0	1.72788e-05	0.0005529210000000001	0.0859101	0.166688	0.0	0.0	0.0	0.0	0.0	0.000604757	0.0	0.0	0.0	0.0009330539999999999	0.0	0.0	0.0	0.0	0.0	0.000224624	5.1836300000000004e-05	0.0	0.0874479	0.0	0.00361126	0.000293739	0.099975	1.72788e-05	0.12931399999999998	1.72788e-05	0.00031101800000000004	0.0	3.45576e-05	0.00012095100000000001	0.0008293810000000001	0.0873788	0.00013823	5.1836300000000004e-05	0.000431969	1.72788e-05	0.0	8.63939e-05	0.0	8.63939e-05	0.000224624	0.0853917	1.72788e-05	0.0	0.0	0.0	0.017658899999999998	0.0011576800000000001	0.0	0.00013823	0.00186611	0.000656593	0.0	0.0	0.0	3.45576e-05	0.0	0.00015550900000000002	0.00701518	1.72788e-05	5.1836300000000004e-05	0.0	0.08675669999999999	0.000414691	0.00036285399999999997	0.000449248	0.000190067	0.124321	0.00437153	3.45576e-05	0.000207345	0.0838193	1.72788e-05	6.91151e-05	0.12945299999999998	0.000898496	0.007810009999999999	0.0454605	8.63939e-05	0.000535642	0.000656593	0.0	0.0009330539999999999	0.0035939899999999996	3.45576e-05	0.0	0.000224624	0.0014687	0.00012095100000000001	0.00013823
Sor-CPnd_054-Ex1-8F-lcwgs-1-3	0.017803	0.026490299999999998	0.0	0.0840288	0.0014413800000000001	0.00046747600000000004	0.0	0.0	0.0	0.00011686900000000001	0.0	0.0	0.0	3.89563e-05	0.00132452	0.0	0.00074017	0.043748	0.0	0.0	0.00210364	0.0	0.00011686900000000001	0.0	0.0	0.0	3.89563e-05	0.0162058	0.0	0.0	0.00101286	0.0	0.00011686900000000001	0.0	0.0	0.0	0.000311651	0.000194782	0.00035060699999999996	0.0	0.000272694	0.0	0.0	0.000272694	0.000623301	0.0	0.0	0.000545389	0.00120765	0.0	0.0	0.00042852	0.0	0.000311651	0.0	0.0	0.0	0.00074017	0.0888594	0.169265	0.0	0.0	0.0	0.0	0.0	0.000818083	0.0	0.0	0.0	0.00112973	0.0	0.0	0.0	0.0	0.0	0.00011686900000000001	3.89563e-05	0.0	0.0915084	0.0	0.0042852	0.000194782	0.0996892	0.0	0.131166	3.89563e-05	0.000545389	0.0	0.000311651	0.000194782	0.000818083	0.0916642	7.79127e-05	3.89563e-05	0.000545389	3.89563e-05	0.0	0.00011686900000000001	0.0	0.000194782	0.000272694	0.0851196	0.000194782	0.0	0.0	3.89563e-05	0.018738	0.0012466	0.0	0.000311651	0.0018309500000000002	0.0010907800000000002	0.0	0.0	0.0	0.00042852	0.0	0.00023373800000000002	0.00786918	0.0	0.000155825	3.89563e-05	0.0877686	0.000584345	0.000584345	0.000545389	7.79127e-05	0.122167	0.0042852	7.79127e-05	0.000155825	0.0872622	0.000155825	0.000194782	0.12684199999999998	0.0012855599999999998	0.008025	0.0442544	0.00023373800000000002	0.000506432	0.00112973	0.00011686900000000001	0.00105182	0.00409041	0.00011686900000000001	0.0	0.000389563	0.0018698999999999999	0.000389563	0.00023373800000000002
Sor-CPnd_055-Ex1-7G-lcwgs-1-3	0.0159062	0.0278563	3.07465e-05	0.084768	0.00181404	0.000184479	0.0	0.0	0.0	0.000245972	0.0	0.0	0.0	8.19905e-05	0.00102488	0.0	0.0008199050000000001	0.0421636	0.0	0.0	0.00140409	0.0	0.000143483	0.0	0.0	0.0	3.07465e-05	0.0141229	0.0	1.02488e-05	0.000748164	0.0	3.07465e-05	0.0	0.0	0.0	0.000225474	0.000153732	0.000368957	0.0	0.000409953	0.0	0.0	0.00027671799999999996	0.000512441	0.0	0.0	0.00043045000000000003	0.00114787	1.02488e-05	0.0	0.000389455	1.02488e-05	7.174170000000001e-05	0.0	0.0	6.14929e-05	0.00046119699999999994	0.0864898	0.169597	0.0	0.0	0.0	0.0	0.0	0.000543187	0.0	0.0	0.0	0.000932642	0.0	0.0	0.0	0.0	0.0	0.00025622	0.000112737	0.0	0.0903536	0.0	0.0034436000000000002	0.000225474	0.100838	1.02488e-05	0.131451	6.14929e-05	0.000338211	2.04976e-05	5.1244100000000006e-05	0.000297216	0.000963389	0.0876069	9.22394e-05	9.22394e-05	0.00034846	8.19905e-05	0.0	0.000122986	1.02488e-05	0.000133235	0.000379206	0.0828719	3.07465e-05	0.0	5.1244100000000006e-05	3.07465e-05	0.016941300000000003	0.00106588	5.1244100000000006e-05	0.00017423	0.00204976	0.000840403	6.14929e-05	0.0	0.0	0.000143483	0.0	0.000184479	0.0060468	0.0	9.22394e-05	6.14929e-05	0.0885395	0.00044069899999999996	0.00052269	0.000450948	0.000122986	0.126839	0.00399704	2.04976e-05	0.000317713	0.0851779	6.14929e-05	0.000153732	0.127393	0.0009223939999999999	0.007286910000000001	0.0442954	0.000133235	0.000512441	0.0008711490000000001	5.1244100000000006e-05	0.00095314	0.0035051	2.04976e-05	0.0	0.000338211	0.00154757	0.000225474	0.000184479
Sor-CPnd_058-Ex1-2G-lcwgs-1-3	0.0161706	0.029423900000000003	0.0	0.08235980000000001	0.0016614899999999998	0.000502312	0.0	0.0	1.93197e-05	0.000173877	0.0	0.0	0.0	5.79591e-05	0.00106258	0.0	0.0008887060000000001	0.0423488	0.0	0.0	0.00160353	0.0	0.000115918	0.0	0.0	0.0	3.86394e-05	0.0147989	0.0	1.93197e-05	0.000850066	0.0	0.0	0.0	1.93197e-05	0.0	0.000135238	0.000231836	0.000405713	0.0	0.000347754	0.0	0.0	0.000540951	0.00046367300000000006	0.0	0.0	0.000251156	0.0012751	3.86394e-05	0.0	0.000347754	1.93197e-05	3.86394e-05	0.0	0.0	3.86394e-05	0.000560271	0.0899911	0.168081	0.0	0.0	0.0	0.0	1.93197e-05	0.00061823	0.0	0.0	0.0	0.0009659839999999999	0.0	0.0	0.0	0.0	0.0	0.000193197	7.72788e-05	0.0	0.0893729	0.0	0.0030718300000000002	0.000309115	0.10040400000000001	1.93197e-05	0.131741	1.93197e-05	0.00028979499999999997	0.0	3.86394e-05	0.000193197	0.0010046200000000001	0.0902423	1.93197e-05	1.93197e-05	0.000425033	3.86394e-05	0.0	9.659839999999999e-05	1.93197e-05	0.000135238	0.000347754	0.0832872	3.86394e-05	0.0	0.0	1.93197e-05	0.017484299999999998	0.00110122	0.0	0.000173877	0.00243428	0.000734148	3.86394e-05	0.0	0.0	9.659839999999999e-05	0.0	0.000173877	0.00718692	1.93197e-05	7.72788e-05	1.93197e-05	0.0879239	0.00044435300000000003	0.000425033	0.00048299199999999996	9.659839999999999e-05	0.123994	0.00438557	5.79591e-05	0.000193197	0.0856055	3.86394e-05	0.000115918	0.125481	0.0009659839999999999	0.00749604	0.0461354	0.000115918	0.00044435300000000003	0.000985304	1.93197e-05	0.0008693860000000001	0.00341958	9.659839999999999e-05	0.0	0.000212517	0.00142966	0.000193197	0.00028979499999999997
Sor-CPnd_063-Ex1-7D-lcwgs-1-3	0.0151285	0.027788999999999998	1.82822e-05	0.0850124	0.0018099400000000001	0.000274233	0.0	0.0	0.0	0.00010969300000000001	0.0	0.0	0.0	3.65645e-05	0.0009506760000000001	0.0	0.000749571	0.0427164	0.0	0.0	0.0014443000000000001	0.0	8.227e-05	0.0	0.0	0.0	2.7423300000000002e-05	0.015018900000000002	0.0	1.82822e-05	0.000667301	0.0	5.48467e-05	0.0	0.0	0.0	0.00028337500000000004	0.00028337500000000004	0.000402209	0.0	0.000466197	0.0	0.0	0.00024681000000000003	0.000621596	0.0	0.0	0.000502761	0.00117006	3.65645e-05	0.0	0.000265092	0.0	0.000137117	0.0	0.0	1.82822e-05	0.00045705599999999996	0.0867126	0.16603900000000002	0.0	3.65645e-05	0.0	0.0	0.0	0.000539326	0.0	0.0	0.0	0.0009141119999999999	0.0	0.0	9.14112e-06	0.0	0.0	0.000274233	4.57056e-05	0.0	0.08810209999999999	0.0	0.00317197	0.00019196300000000002	0.098788	6.39878e-05	0.13026100000000002	0.00010055200000000001	0.00034736200000000004	0.0	0.000127976	0.000155399	0.00109693	0.0873342	8.227e-05	9.14112e-05	0.000338221	2.7423300000000002e-05	0.0	5.48467e-05	1.82822e-05	8.227e-05	0.00024681000000000003	0.0858991	9.14112e-05	0.0	0.0	1.82822e-05	0.0174321	0.00117006	0.0	0.00010969300000000001	0.00212988	0.0007221479999999999	1.82822e-05	0.0	0.0	0.000182822	0.0	0.000118835	0.0066638700000000006	9.14112e-06	2.7423300000000002e-05	1.82822e-05	0.0866669	0.000365645	0.000292516	0.000374786	0.000201105	0.12279299999999999	0.0042689	5.48467e-05	0.000292516	0.085378	2.7423300000000002e-05	9.14112e-05	0.127391	0.000877547	0.00755056	0.0436671	8.227e-05	0.000502761	0.0010146600000000001	7.31289e-05	0.000831842	0.00361074	6.39878e-05	0.0	0.000210246	0.0015265699999999999	0.000146258	0.000155399
Sor-CPnd_066-Ex1-8B-lcwgs-1-3	0.012773600000000001	0.0217497	0.0	0.0821656	0.00138093	0.0	0.0	0.0	0.0	0.0	0.0	0.0	0.0	0.0	0.000690467	0.0	0.00138093	0.042118499999999996	0.0	0.0	0.0017261700000000002	0.0	0.0	0.0	0.0	0.0	0.000345234	0.0107022	0.0	0.0	0.000690467	0.0	0.000345234	0.0	0.0	0.0	0.0010356999999999999	0.0	0.000345234	0.0	0.000690467	0.0	0.0	0.0	0.000690467	0.0	0.0	0.00138093	0.000345234	0.0	0.0	0.0	0.0	0.0010356999999999999	0.0	0.0	0.0	0.00138093	0.09770110000000001	0.190914	0.0	0.0	0.0	0.0	0.0	0.00138093	0.0	0.0	0.0	0.00138093	0.0	0.0	0.0	0.0	0.0	0.000690467	0.0	0.0	0.106332	0.0	0.0034523400000000004	0.000345234	0.11876	0.0	0.161224	0.000345234	0.0010356999999999999	0.0	0.0010356999999999999	0.0	0.0017261700000000002	0.107368	0.0	0.000345234	0.000345234	0.0	0.0	0.0	0.0	0.0	0.0	0.0825108	0.000690467	0.0	0.0	0.000345234	0.0138093	0.000690467	0.0	0.000345234	0.0017261700000000002	0.000690467	0.0	0.0	0.0	0.0010356999999999999	0.0	0.0	0.0044880399999999996	0.0	0.0	0.0	0.09528450000000001	0.0010356999999999999	0.000345234	0.000690467	0.000345234	0.119451	0.00276187	0.0	0.000690467	0.09217739999999999	0.0	0.000345234	0.151558	0.0017261700000000002	0.00552374	0.05385639999999999	0.0	0.0010356999999999999	0.0017261700000000002	0.000345234	0.000690467	0.00241663	0.000345234	0.0	0.000345234	0.0020713999999999997	0.000345234	0.000345234
Sor-CPnd_069-Ex1-6B-lcwgs-1-3	0.01629	0.027815	0.0	0.0849291	0.0015993200000000002	0.000115415	0.0	0.0	0.0	0.000131903	0.0	0.0	0.0	3.2975800000000004e-05	0.0009562969999999999	0.0	0.000741954	0.041533	0.0	0.0	0.00168176	0.0	0.000131903	0.0	0.0	0.0	1.6487900000000002e-05	0.015004	0.0	0.0	0.0007254669999999999	0.0	3.2975800000000004e-05	0.0	0.0	0.0	0.00023083	0.000445173	0.0005441	0.0	0.000494636	0.0	0.0	0.000362733	0.000461661	0.0	0.0	0.000379221	0.00105522	1.6487900000000002e-05	0.0	0.000329758	0.0	6.59515e-05	0.0	0.0	1.6487900000000002e-05	0.000610051	0.08611619999999999	0.16647800000000001	0.0	3.2975800000000004e-05	0.0	0.0	1.6487900000000002e-05	0.000708979	0.0	0.0	0.0	0.000972785	0.0	0.0	1.6487900000000002e-05	0.0	0.0	0.000263806	8.24394e-05	0.0	0.0859843	0.0	0.0033305500000000003	0.000263806	0.0956627	3.2975800000000004e-05	0.126149	9.89273e-05	0.000362733	0.0	8.24394e-05	0.000181367	0.0010882	0.0872209	0.000148391	0.000115415	0.000395709	1.6487900000000002e-05	0.0	0.000131903	0.0	0.000115415	0.00023083	0.08552259999999999	1.6487900000000002e-05	0.0	1.6487900000000002e-05	6.59515e-05	0.0172298	0.00103874	0.0	0.000164879	0.00222586	0.000560588	0.0	0.0	0.0	0.000148391	0.0	0.000214342	0.006397300000000001	0.0	8.24394e-05	0.0	0.0895457	0.00042868500000000005	0.000329758	0.000478148	0.000164879	0.128886	0.00415495	0.000148391	0.000329758	0.0847312	1.6487900000000002e-05	0.000164879	0.123412	0.0008903450000000001	0.0076998399999999995	0.0412692	0.000115415	0.0005770759999999999	0.00103874	1.6487900000000002e-05	0.0008408819999999999	0.0033140599999999997	1.6487900000000002e-05	0.0	0.00019785499999999998	0.00161581	0.000214342	0.000164879
Sor-CPnd_072-Ex1-8C-lcwgs-1-3	0.0147365	0.027987699999999997	3.42231e-05	0.0845037	0.00173853	0.00035592	0.0	0.0	0.0	0.00011635899999999999	0.0	0.0	0.0	3.42231e-05	0.00100616	0.0	0.00063655	0.042539299999999995	0.0	0.0	0.00117728	0.0	6.16016e-05	6.84462e-06	0.0	0.0	4.10677e-05	0.0145174	6.84462e-06	1.3689200000000001e-05	0.000739219	0.0	2.05339e-05	0.0	0.0	0.0	0.000205339	0.00026009599999999997	0.000499658	0.0	0.000342231	0.0	0.0	0.000273785	0.00054757	0.0	0.0	0.00045858999999999993	0.00117728	2.05339e-05	0.0	0.00030800799999999997	6.84462e-06	0.000102669	0.0	0.0	6.84462e-06	0.00042436700000000004	0.0834223	0.166044	0.0	6.84462e-06	0.0	0.0	6.84462e-06	0.000485968	0.0	0.0	0.0	0.0008213550000000001	0.0	0.0	0.0	0.0	0.0	0.000205339	4.79124e-05	0.0	0.0838124	1.3689200000000001e-05	0.00290897	0.000205339	0.0945585	1.3689200000000001e-05	0.123231	8.21355e-05	0.000294319	6.84462e-06	8.21355e-05	0.000225873	0.0008282	0.0850718	0.000109514	5.4757e-05	0.00036961000000000003	2.05339e-05	0.0	6.84462e-05	1.3689200000000001e-05	8.21355e-05	0.00023956200000000002	0.0863723	3.42231e-05	0.0	6.84462e-06	3.42231e-05	0.0171526	0.0010883000000000002	6.84462e-06	0.00011635899999999999	0.0018069800000000001	0.0005954819999999999	2.05339e-05	0.0	0.0	0.000102669	0.0	0.000123203	0.0068240900000000005	1.3689200000000001e-05	6.16016e-05	1.3689200000000001e-05	0.0859411	0.000431211	0.000335387	0.00047912400000000004	0.00011635899999999999	0.128049	0.00428473	5.4757e-05	0.000232717	0.0860506	2.73785e-05	0.000102669	0.12570800000000001	0.000910335	0.007132100000000001	0.0420807	6.84462e-05	0.00047912400000000004	0.000698152	2.73785e-05	0.0009650920000000001	0.0036618700000000002	4.10677e-05	0.0	0.000212183	0.0014921300000000001	0.00013004799999999999	0.000164271
