Sample	1	2	3	4	5	6	7	8	9	10	11	12	13	14	15	16	17	18	19	20	21	22	23	24	25	26	27	28	29	30	31	32	33	34	35	36	37	38	39	40	41	42	43	44	45	46	47	48	49	50	51	52	53	54	55	56	57	58	59	60	61	62	63	64	65	66	67	68	69	70	71	72	73	74	75	76	77	78	79	80	81	82	83	84	85	86	87	88	89	90	91	92	93	94	95	96	97	98	99	100	101	102	103	104	105	106	107	108	109	110	111	112	113	114	115	116	117	118	119	120	121	122	123	124	125	126	127	128	129	130	131	132	133	134	135	136	137	138	139	140	141	142	143	144	145	146	147	148	149	150
Sor-CPnd_001-Ex1-3E-lcwgs-1-3	0.0141046	0.027239899999999997	0.0	0.08365850000000001	0.00143793	0.000500852	0.0	0.0	0.0	3.2313e-05	0.0	0.0	0.0	4.84696e-05	0.000613948	0.0	0.000387757	0.041603	0.0	0.0	0.000937078	0.0	0.0	0.0	0.0	0.0	1.61565e-05	0.013216	0.0	1.61565e-05	0.00037160000000000003	0.0	0.0	0.0	0.0	0.0	3.24366e-05	0.000178657	0.000130143	0.0	0.000146972	0.0	0.0	0.000180963	0.00021449	0.0	0.0	0.00018334999999999998	0.000803228	8.40086e-05	0.0	6.78011e-05	0.0	3.4229799999999995e-05	0.0	0.0	0.0	0.000227396	0.08679490000000001	0.166592	0.0	0.0	0.0	0.0	0.0	0.000313381	0.0	0.0	0.0	0.000437285	0.0	0.0	0.0	0.0	0.0	2.0020600000000003e-05	0.0	0.0	0.0875309	0.0	0.00230876	0.000127173	0.0936261	0.0	0.126658	0.0	6.693520000000001e-05	0.0	0.0	0.0	0.000302791	0.086362	0.0	0.0	2.43605e-05	0.0	0.0	0.0	0.0	0.0	2.61396e-05	0.0842729	0.0	0.0	0.0	0.0	0.013511299999999999	0.0012543699999999999	0.0	0.0	0.0016589600000000001	0.000180077	0.0	0.0	0.0	0.0	0.0	0.0	0.0032295500000000003	0.0	0.0	0.0	0.0824455	0.0	0.0	0.0	0.0	0.125752	0.0012528799999999998	3.85278e-05	7.81935e-05	0.0848117	0.0	0.0	0.124671	4.21548e-05	0.0032106900000000004	0.0450562	0.0	4.49432e-05	0.000365845	0.0	0.000236846	0.000577439	4.88914e-05	0.0	0.0	0.000308671	0.0	0.0
Sor-CPnd_002-Ex1-5E-lcwgs-1-3	0.015221899999999998	0.0277339	0.0	0.0862962	0.0015556399999999998	0.000267637	0.0	0.0	0.0	1.6727299999999998e-05	0.0	0.0	0.0	1.6727299999999998e-05	0.000736002	0.0	0.000635638	0.043925900000000004	0.0	0.0	0.00132146	0.0	1.6727299999999998e-05	0.0	0.0	0.0	0.0	0.013749899999999999	1.6727299999999998e-05	0.0	0.0005018199999999999	0.0	0.0	0.0	0.0	0.0	0.0	0.000118433	8.48889e-05	0.0	1.71165e-05	0.0	0.0	0.000156416	0.000402119	0.0	0.0	0.000214064	0.000664913	7.24317e-05	0.0	0.00011041	0.0	0.0	0.0	0.0	0.0	0.000291466	0.08472869999999999	0.17213599999999998	0.0	0.0	0.0	0.0	0.0	0.000232294	0.0	0.0	0.0	0.000729048	0.0	0.0	0.0	0.0	0.0	0.0	0.0	0.0	0.0845717	0.0	0.00269735	0.000153143	0.0976592	2.61653e-05	0.12970900000000002	0.0	5.4326699999999996e-05	0.0	0.0	0.000112821	0.000314167	0.0847461	0.0	0.0	6.00781e-05	0.0	0.0	0.0	0.0	0.0	9.731240000000001e-05	0.0830659	0.0	0.0	0.0	0.0	0.0151454	0.0009235469999999999	0.0	0.0	0.00177323	0.000262047	0.0	0.0	0.0	0.0	0.0	0.0	0.004111200000000001	0.0	0.0	0.0	0.0856453	0.0	8.924350000000001e-05	0.0	0.0	0.123205	0.00108485	4.78378e-05	4.8518500000000007e-05	0.0854893	0.0	0.0	0.12185900000000001	0.0	0.00370283	0.0426909	0.0	0.0	0.000225219	0.0	0.00046572199999999996	0.00100435	5.9971999999999994e-05	0.0	0.0	0.000566259	0.0	0.0
Sor-CPnd_003-Ex1-2B-lcwgs-1-3	0.013719599999999998	0.0284585	0.0	0.0859119	0.00131429	0.00041574600000000004	0.0	0.0	0.0	2.68223e-05	0.0	0.0	0.0	2.68223e-05	0.000496213	0.0	0.000469391	0.0439082	0.0	0.0	0.00111313	0.0	0.0	0.0	0.0	0.0	0.0	0.013666000000000001	0.0	0.0	0.000308457	0.0	0.0	0.0	0.0	0.0	2.69403e-05	0.00010793800000000001	9.4626e-05	0.0	0.000108625	0.0	0.0	0.00016433	0.000261066	0.0	0.0	0.000125088	0.000600189	0.0	0.0	0.000113217	0.0	0.0	0.0	0.0	0.0	0.000190067	0.0852441	0.166246	0.0	0.0	0.0	0.0	0.0	0.000246319	0.0	0.0	0.0	0.000681557	0.0	0.0	0.0	0.0	0.0	0.0	0.0	0.0	0.0867344	0.0	0.00272253	0.000157438	0.0953931	0.0	0.127033	0.0	3.6579300000000004e-05	0.0	0.0	0.0	0.000322498	0.0861589	0.0	0.0	3.93768e-05	0.0	0.0	0.0	0.0	0.0	2.08512e-05	0.087343	0.0	0.0	0.0	0.0	0.014897500000000001	0.000737949	0.0	0.0	0.00136041	0.000209705	0.0	0.0	0.0	0.0	0.0	0.0	0.00379221	0.0	0.0	0.0	0.0884573	0.0	5.37239e-05	0.0	0.0	0.129097	0.00137892	0.0	0.0	0.0866819	0.0	0.0	0.128164	9.19057e-05	0.00362995	0.044062399999999995	0.0	3.22819e-05	0.0002947	0.0	0.00023599200000000003	0.0005463989999999999	3.45991e-05	0.0	0.0	0.000433073	0.0	0.0
Sor-CPnd_004-Ex1-1G-lcwgs-1-3	0.013791399999999999	0.0272079	0.0	0.0846508	0.00129866	0.00035667500000000004	0.0	0.0	0.0	3.6581999999999996e-05	0.0	0.0	0.0	5.4873e-05	0.000539585	0.0	0.00048471200000000004	0.042426	0.0	0.0	0.0011614799999999999	0.0	0.0	0.0	0.0	0.0	0.0	0.0140201	0.0	0.0	0.000310947	0.0	0.0	0.0	0.0	0.0	2.75438e-05	0.00010114	8.28918e-05	0.0	9.246949999999999e-05	0.0	0.0	0.00018640399999999999	0.00022438999999999998	0.0	0.0	0.00017961300000000002	0.000835386	1.9070100000000002e-05	0.0	0.000125142	0.0	9.72779e-06	0.0	0.0	0.0	0.000259003	0.0866483	0.168304	0.0	0.0	0.0	0.0	0.0	0.000327137	0.0	0.0	0.0	0.000666024	0.0	0.0	0.0	0.0	0.0	4.62375e-05	0.0	0.0	0.0877252	0.0	0.00247213	0.000270842	0.0974519	2.5171900000000002e-05	0.12934400000000001	0.0	0.00010418	0.0	0.0	1.34867e-05	0.00017742000000000002	0.0850423	0.0	0.0	2.86553e-05	0.0	0.0	0.0	0.0	0.0	1.54558e-05	0.08619349999999999	0.0	0.0	0.0	0.0	0.0151708	0.00130545	0.0	0.0	0.00150109	0.000143243	0.0	0.0	0.0	0.0	0.0	0.0	0.00367493	6.01394e-05	0.0	0.0	0.08476510000000001	0.0	4.31558e-05	0.0	0.0	0.125559	0.00116883	6.98211e-05	0.0	0.08421379999999999	0.0	0.0	0.12881399999999998	5.11381e-05	0.0034564699999999997	0.043648	0.0	0.0	0.000334087	0.0	0.00020211999999999997	0.000704541	0.00011942900000000001	0.0	0.0	0.00040933	0.0	0.0
Sor-CPnd_005-Ex1-3D-lcwgs-1-3	0.0129063	0.029500000000000002	0.0	0.0874168	0.000991016	0.000322656	0.0	0.0	0.0	4.60938e-05	0.0	0.0	0.0	2.30469e-05	0.000391797	0.0	0.00036875	0.0440426	0.0	0.0	0.0008296880000000001	0.0	0.0	0.0	0.0	0.0	0.0	0.013021500000000002	0.0	0.0	0.000161328	0.0	0.0	0.0	0.0	0.0	4.61839e-05	9.24343e-05	6.93813e-05	0.0	6.950930000000001e-05	0.0	0.0	0.00011626000000000002	0.000209559	0.0	0.0	2.33941e-05	0.000281224	4.6959099999999996e-05	0.0	0.000141452	0.0	0.0	0.0	0.0	0.0	0.000215246	0.0896916	0.165706	0.0	0.0	0.0	0.0	0.0	0.000220675	0.0	0.0	0.0	0.000473016	0.0	0.0	0.0	0.0	0.0	2.55593e-05	0.0	0.0	0.0902153	0.0	0.00238516	0.00026352499999999997	0.09700740000000001	2.6646999999999997e-05	0.129011	0.0	5.42231e-05	0.0	0.0	0.0	0.000194465	0.08748500000000001	0.0	0.0	0.0	0.0	0.0	0.0	0.0	0.0	0.0	0.08591649999999999	0.0	0.0	0.0	0.0	0.0145243	0.00131653	0.0	0.0	0.00125248	9.715200000000001e-05	0.0	0.0	0.0	0.0	0.0	0.0	0.0035432999999999997	0.0	0.0	0.0	0.0854981	0.0	0.0	0.0	0.0	0.126507	0.000794862	3.82393e-05	0.0	0.0848767	0.0	0.0	0.128182	0.0	0.00329666	0.0450655	0.0	0.0	0.000389531	0.0	0.00013337199999999998	0.000539744	4.55209e-05	0.0	4.66926e-05	0.000236663	0.0	0.0
Sor-CPnd_006-Ex1-2D-lcwgs-1-3	0.0146779	0.028004	0.0	0.0845962	0.00117737	0.00042734200000000004	0.0	0.0	0.0	2.6163800000000002e-05	0.0	0.0	0.0	4.3606299999999996e-05	0.000627931	0.0	0.000453505	0.042838799999999996	0.0	0.0	0.00113376	0.0	8.721260000000001e-06	0.0	0.0	0.0	8.721260000000001e-06	0.013605200000000001	0.0	8.721260000000001e-06	0.000453505	0.0	0.0	0.0	0.0	0.0	3.50479e-05	0.000149222	0.00014072799999999998	0.0	0.000132574	0.0	0.0	0.00020519300000000003	0.00026863399999999996	0.0	0.0	9.97685e-05	0.000592334	9.15845e-06	0.0	0.000129593	0.0	9.36389e-06	0.0	0.0	0.0	0.000278566	0.0850515	0.165618	0.0	0.0	0.0	0.0	1.01092e-05	0.000315876	0.0	0.0	0.0	0.000568864	0.0	0.0	0.0	0.0	0.0	1.11213e-05	0.0	0.0	0.0862728	0.0	0.00292894	0.00027106200000000003	0.0967306	3.60647e-05	0.127454	0.0	3.71723e-05	0.0	0.0	2.55473e-05	0.000245203	0.0852776	0.0	0.0	5.3803399999999994e-05	0.0	0.0	0.0	0.0	0.0	0.0	0.0859433	0.0	0.0	0.0	0.0	0.0146673	0.00111472	0.0	0.0	0.00185761	0.000210561	0.0	0.0	0.0	0.0	0.0	0.0	0.00379627	3.5573799999999995e-05	0.0	0.0	0.08719879999999999	0.0	0.0	1.91416e-05	0.0	0.128271	0.000854697	8.052310000000001e-05	0.0	0.08467849999999999	0.0	0.0	0.129142	2.17753e-05	0.00366396	0.0422961	0.0	4.60606e-05	0.000374211	0.0	0.000217106	0.000904971	4.9611200000000004e-05	0.0	0.0	0.000285476	0.0	0.0
Sor-CPnd_007-Ex1-1C-lcwgs-1-3	0.012457200000000002	0.0292527	0.0	0.0820564	0.000929642	0.00040284500000000004	0.0	0.0	0.0	0.0	0.0	0.0	0.0	6.19761e-05	0.000743713	0.0	0.000464821	0.0424536	0.0	0.0	0.000743713	0.0	0.0	0.0	0.0	0.0	0.0	0.0123332	0.0	0.0	0.000433833	0.0	0.0	0.0	0.0	0.0	3.1142999999999996e-05	0.00024957800000000003	9.37831e-05	0.0	6.28162e-05	0.0	0.0	9.50518e-05	0.000190738	0.0	0.0	3.21521e-05	0.000355151	0.0	0.0	0.000130859	0.0	0.0	0.0	0.0	0.0	0.000202228	0.0858011	0.17055399999999998	0.0	0.0	0.0	0.0	0.0	0.00021159100000000001	0.0	0.0	0.0	0.0005783559999999999	0.0	0.0	0.0	0.0	0.0	3.76025e-05	0.0	0.0	0.0867837	0.0	0.0017906200000000001	0.000352831	0.0968196	0.0	0.125817	0.0	0.0	0.0	0.0	0.0	0.000292935	0.0845617	0.0	0.0	0.0	0.0	0.0	0.0	0.0	0.0	0.0	0.0831873	0.0	0.0	0.0	0.0	0.013451399999999999	0.0010507799999999999	0.0	0.0	0.00127352	9.88278e-05	0.0	0.0	0.0	0.0	0.0	0.0	0.00405416	0.0	0.0	0.0	0.0921791	0.0	5.5847399999999997e-05	0.0	0.0	0.11952099999999999	0.000989557	0.000117683	0.0	0.08340589999999999	0.0	0.0	0.123407	0.0	0.0037558400000000003	0.0391103	0.0	0.0	0.000133959	0.0	0.000481927	0.0009061560000000001	0.0	0.0	0.0	0.0006613610000000001	0.0	0.0
Sor-CPnd_008-Ex1-1A-lcwgs-1-3	0.0101638	0.0278546	0.0	0.0845966	0.000870255	0.000311733	0.0	0.0	0.0	6.4944399999999994e-06	0.0	0.0	0.0	6.4944399999999994e-06	0.00025328300000000003	0.0	0.000331216	0.0425516	0.0	0.0	0.000623466	0.0	0.0	0.0	0.0	0.0	0.0	0.0115731	6.4944399999999994e-06	6.4944399999999994e-06	9.74166e-05	0.0	0.0	0.0	0.0	0.0	1.94925e-05	0.000129968	1.2998700000000001e-05	0.0	1.3003200000000001e-05	0.0	0.0	7.80659e-05	3.90419e-05	0.0	0.0	1.3024100000000001e-05	0.00016936200000000002	2.60633e-05	0.0	5.86795e-05	0.0	0.0	0.0	0.0	0.0	5.88122e-05	0.0807633	0.167426	0.0	0.0	0.0	0.0	0.0	0.000124635	0.0	0.0	0.0	0.00043397	0.0	0.0	0.0	0.0	0.0	0.0	0.0	0.0	0.0821835	0.0	0.00204288	0.000152696	0.090109	3.32578e-05	0.12325299999999999	0.0	2.00142e-05	0.0	0.0	0.0	0.000147388	0.0836344	0.0	0.0	6.7302e-06	0.0	0.0	0.0	0.0	0.0	0.0	0.0857955	0.0	0.0	0.0	0.0	0.013808399999999998	0.000974349	0.0	0.0	0.0012628300000000002	0.00017978299999999998	0.0	0.0	0.0	0.0	0.0	0.0	0.0032740600000000005	1.4086999999999999e-05	0.0	0.0	0.08499090000000001	7.12045e-06	2.85648e-05	0.0	0.0	0.129189	0.00102666	5.0778e-05	7.27877e-06	0.08445259999999999	0.0	0.0	0.125831	3.70691e-05	0.00340958	0.0416538	0.0	3.77464e-05	0.000288514	0.0	0.000230484	0.0009182019999999999	3.8754399999999996e-05	0.0	1.56638e-05	0.00033085300000000004	0.0	0.0
Sor-CPnd_009-Ex1-6A-lcwgs-1-3	0.0151924	0.0285762	0.0	0.08447980000000001	0.00111101	0.000215312	0.0	0.0	0.0	0.0	0.0	0.0	0.0	2.58374e-05	0.000473686	0.0	0.00044784899999999995	0.042097800000000005	0.0	0.0	0.00123158	0.0	0.0	0.0	0.0	0.0	0.0	0.0127292	0.0	8.61248e-06	0.00023253699999999997	0.0	0.0	0.0	0.0	0.0	0.0	0.000103735	9.52036e-05	0.0	2.6036799999999998e-05	0.0	0.0	0.000157049	0.00024480499999999996	0.0	0.0	8.80516e-05	0.000573837	1.77047e-05	0.0	0.00010683700000000001	0.0	0.0	0.0	0.0	0.0	0.00028140399999999996	0.0843242	0.168268	0.0	0.0	0.0	0.0	0.0	0.000317952	0.0	0.0	0.0	0.000580011	0.0	0.0	0.0	0.0	0.0	2.9310699999999997e-05	0.0	0.0	0.0833512	0.0	0.00251308	0.000140881	0.09417199999999999	3.0497e-05	0.12494400000000001	0.0	0.000123875	0.0	0.0	0.0	0.000210814	0.08288090000000001	0.0	0.0	2.15429e-05	0.0	0.0	0.0	0.0	0.0	4.46001e-05	0.08622830000000001	0.0	0.0	0.0	0.0	0.014485	0.000862561	0.0	0.0	0.0015943600000000002	0.00031154100000000003	0.0	0.0	0.0	0.0	0.0	0.0	0.00337239	2.54636e-05	0.0	0.0	0.0888078	1.31621e-05	5.3101000000000005e-05	0.0	0.0	0.127264	0.00107286	5.5526700000000005e-05	1.40121e-05	0.08340170000000001	0.0	0.0	0.12499600000000001	2.94238e-05	0.00361171	0.0414834	0.0	6.14088e-05	0.000403942	0.0	0.000302481	0.000611482	4.8806e-05	0.0	1.66532e-05	0.00040455499999999996	0.0	0.0
Sor-CPnd_010-Ex1-1H-lcwgs-1-3	0.0130911	0.0276531	0.0	0.08494489999999999	0.0015444500000000002	0.000514818	0.0	0.0	0.0	0.0	0.0	0.0	0.0	0.0	0.000808999	0.0	0.000514818	0.0419944	0.0	0.0	0.000735454	0.0	0.0	0.0	0.0	0.0	0.0	0.0111789	0.0	0.0	0.0005883630000000001	0.0	0.0	0.0	0.0	0.0	7.37927e-05	0.000147763	0.0	0.0	0.0	0.0	0.0	7.46593e-05	7.48337e-05	0.0	0.0	0.000150848	0.000605147	0.0	0.0	0.000229101	0.0	0.0	0.0	0.0	0.0	0.000234256	0.08836719999999999	0.170464	0.0	0.0	0.0	0.0	0.0	0.000323862	0.0	0.0	0.0	0.000661459	0.0	0.0	0.0	0.0	0.0	0.0	0.0	0.0	0.0879687	0.0	0.00344852	0.000178011	0.0988306	0.0	0.129563	0.0	0.00018400899999999998	0.0	0.0	0.0	9.45286e-05	0.0842426	0.0	0.0	0.0	0.0	0.0	0.0	0.0	0.0	0.0	0.08772139999999999	0.0	0.0	0.0	0.0	0.0112011	0.00118295	0.0	0.0	0.0015441600000000002	0.000111241	0.0	0.0	0.0	0.0	0.0	0.0	0.0034394399999999998	0.0	0.0	0.0	0.092623	0.0	0.0	0.0	0.0	0.126456	0.0009197490000000001	0.000265712	0.0	0.0834069	0.0	0.0	0.12770299999999998	0.000142339	0.00504278	0.0455236	0.0	0.000299587	0.000607599	0.0	0.000312621	0.0011083199999999999	0.0	0.0	0.0	0.00033474	0.0	0.0
Sor-CPnd_012-Ex1-5B-lcwgs-1-3	0.014209600000000001	0.028046800000000004	1.86234e-05	0.0843266	0.000893921	0.00027935	0.0	0.0	0.0	5.58701e-05	0.0	0.0	0.0	3.7246700000000004e-05	0.0005028309999999999	0.0	0.000577324	0.0415115	0.0	0.0	0.000949791	0.0	0.0	0.0	0.0	0.0	0.0	0.013688200000000001	3.7246700000000004e-05	0.0	0.000297974	0.0	1.86234e-05	0.0	0.0	0.0	0.00011252899999999999	0.000112813	9.42784e-05	0.0	0.00020877400000000003	0.0	0.0	0.00023050500000000002	0.00015438	0.0	0.0	0.00015676400000000002	0.00057139	0.0	0.0	8.01874e-05	0.0	0.0	0.0	0.0	0.0	0.000145812	0.0877549	0.167436	0.0	0.0	0.0	0.0	0.0	0.00022018	0.0	0.0	0.0	0.000521365	0.0	0.0	0.0	0.0	0.0	0.0	0.0	0.0	0.0861152	0.0	0.00219554	0.000149188	0.0930753	2.52603e-05	0.123128	0.0	2.5864899999999997e-05	0.0	0.0	0.0	0.000266889	0.0855462	0.0	0.0	0.0	0.0	0.0	0.0	0.0	0.0	0.00011568900000000001	0.0871295	0.0	0.0	0.0	0.0	0.014898400000000001	0.0007973189999999999	0.0	0.0	0.0014161999999999998	0.000190485	0.0	0.0	0.0	0.0	0.0	0.0	0.0040241	0.0	0.0	0.0	0.0867048	0.0	7.15974e-05	0.0	0.0	0.128002	0.00107975	3.76068e-05	0.0	0.08401389999999999	0.0	0.0	0.128696	0.0001601	0.00327741	0.042960200000000004	0.0	0.0	0.00038162	0.0	0.000261018	0.0010995999999999998	0.000133446	0.0	0.0	0.000461448	0.0	0.0
Sor-CPnd_013-Ex1-7F-lcwgs-1-3	0.013756299999999999	0.027238000000000002	2.1131100000000002e-05	0.08378479999999999	0.0015637	0.000105655	0.0	0.0	0.0	2.1131100000000002e-05	0.0	0.0	0.0	2.1131100000000002e-05	0.000528277	0.0	0.000633933	0.0406773	0.0	0.0	0.00135239	0.0	0.0	0.0	0.0	0.0	0.0	0.0137775	2.1131100000000002e-05	0.0	0.000253573	0.0	0.0	0.0	0.0	0.0	4.27616e-05	0.000107346	0.000129409	0.0	0.000174376	0.0	0.0	0.000155489	0.000268441	0.0	0.0	0.000228963	0.0005771439999999999	2.32805e-05	0.0	0.000118445	0.0	0.0	0.0	0.0	0.0	0.000200453	0.0862936	0.16706100000000002	0.0	0.0	0.0	0.0	0.0	0.000244217	0.0	0.0	0.0	0.0007072889999999999	0.0	0.0	0.0	0.0	0.0	6.03239e-05	0.0	0.0	0.0852249	0.0	0.0024202900000000003	0.000354132	0.0982103	6.578870000000001e-05	0.131352	0.0	3.39813e-05	0.0	0.0	7.01939e-05	0.000283816	0.0858911	0.0	0.0	0.0	0.0	0.0	0.0	0.0	0.0	3.9517699999999996e-05	0.0861006	0.0	0.0	0.0	0.0	0.0142284	0.0009819499999999999	0.0	0.0	0.00158892	8.927490000000001e-05	0.0	0.0	0.0	0.0	0.0	0.0	0.00401415	4.89273e-05	0.0	0.0	0.0799269	0.0	5.19027e-05	0.0	0.0	0.12297	0.00103505	5.51401e-05	0.0	0.08152090000000001	0.0	0.0	0.116519	0.0	0.0040969	0.043352100000000005	0.0	0.0	0.000509459	0.0	0.00019679799999999998	0.0009968540000000001	6.73621e-05	0.0	0.0	0.00021097899999999997	0.0	0.0
Sor-CPnd_014-Ex1-1F-lcwgs-1-3	0.0134415	0.0286422	0.0	0.0847124	0.00119502	0.000525807	0.0	0.0	0.0	2.86804e-05	0.0	0.0	0.0	2.86804e-05	0.000344165	0.0	0.000458886	0.043326500000000004	0.0	0.0	0.000975134	0.0	9.56013e-06	0.0	0.0	0.0	0.0	0.0134511	0.0	9.56013e-06	0.000229443	0.0	0.0	0.0	0.0	0.0	3.83695e-05	0.00022091300000000002	0.000134671	0.0	0.000135166	0.0	0.0	0.000194505	0.00025361000000000003	0.0	0.0	0.000128138	0.000722414	3.97508e-05	0.0	0.000140393	0.0	0.0	0.0	0.0	0.0	0.00021756700000000003	0.0854535	0.16775099999999998	0.0	0.0	0.0	0.0	0.0	0.000240673	0.0	0.0	0.0	0.000632219	0.0	0.0	0.0	0.0	0.0	1.1889699999999999e-05	0.0	0.0	0.087546	0.0	0.0025165300000000003	0.00021384199999999998	0.0964111	3.84792e-05	0.12753	0.0	5.2843299999999996e-05	0.0	0.0	1.36158e-05	0.00020632099999999998	0.08463280000000001	0.0	0.0	2.86739e-05	0.0	0.0	0.0	0.0	0.0	1.52861e-05	0.0856757	0.0	0.0	0.0	0.0	0.013675	0.0012062800000000001	0.0	0.0	0.00135114	0.000155737	0.0	0.0	0.0	0.0	0.0	0.0	0.0036881	1.90499e-05	0.0	0.0	0.0866016	0.0	0.0	2.05454e-05	0.0	0.128308	0.00123912	0.00010825	2.19433e-05	0.08480410000000001	0.0	0.0	0.12748099999999998	2.35001e-05	0.0034085199999999995	0.043624100000000006	0.0	0.0	0.000405139	0.0	0.000183105	0.00058391	2.69358e-05	0.0	0.0	0.000310595	0.0	0.0
Sor-CPnd_015-Ex1-5F-lcwgs-1-3	0.015842	0.028307099999999998	0.0	0.0829948	0.00117852	0.000294629	0.0	0.0	0.0	6.79914e-05	0.0	0.0	0.0	4.5327599999999996e-05	0.000702578	0.0	0.0005892590000000001	0.0402509	0.0	0.0	0.0015637999999999997	0.0	0.0	0.0	0.0	0.0	2.2663799999999998e-05	0.0136889	2.2663799999999998e-05	4.5327599999999996e-05	0.000430612	0.0	0.0	0.0	0.0	0.0	0.000114452	0.00029864	0.00018450900000000002	0.0	0.000209461	0.0	0.0	0.00018926999999999998	0.00026188299999999997	0.0	0.0	0.00024300800000000002	0.000636478	4.9329799999999997e-05	0.0	0.00010021200000000001	0.0	0.0	0.0	0.0	0.0	0.000289722	0.0875952	0.175455	0.0	0.0	0.0	0.0	0.0	0.000226422	0.0	0.0	0.0	0.0006759260000000001	0.0	0.0	0.0	0.0	0.0	3.1136499999999996e-05	0.0	0.0	0.0844968	0.0	0.00278012	0.000264264	0.0971824	3.36943e-05	0.132653	0.0	6.94048e-05	0.0	0.0	3.57342e-05	0.000288662	0.0875128	0.0	0.0	3.75145e-05	0.0	0.0	0.0	0.0	0.0	0.0	0.086511	0.0	0.0	0.0	0.0	0.0140667	0.0012802100000000002	0.0	0.0	0.0014512799999999999	8.88548e-05	0.0	0.0	0.0	0.0	0.0	0.0	0.00453802	0.0	0.0	0.0	0.0855216	0.0	0.0	0.0	0.0	0.126495	0.0013307599999999998	0.0	5.44345e-05	0.0857787	0.0	0.0	0.12653499999999998	0.000230693	0.0033851	0.0418836	0.0	0.000121232	0.000491635	0.0	0.000252692	0.000895237	0.0	0.0	0.0	0.00053873	0.0	0.0
Sor-CPnd_016-Ex1-1B-lcwgs-1-3	0.011364899999999999	0.0276165	0.0	0.0850632	0.0009334720000000001	0.000408075	0.0	0.0	0.0	5.10094e-06	0.0	0.0	0.0	1.02019e-05	0.000275451	0.0	0.000285653	0.0421848	0.0	0.0	0.000693728	0.0	0.0	0.0	0.0	0.0	0.0	0.0120433	0.0	0.0	0.00010201899999999999	0.0	0.0	0.0	0.0	0.0	1.02117e-05	9.19371e-05	1.02191e-05	0.0	3.06849e-05	0.0	0.0	4.0983400000000005e-05	7.17693e-05	0.0	0.0	4.11074e-05	0.00022114499999999998	2.05901e-05	0.0	6.188939999999999e-05	0.0	0.0	0.0	0.0	0.0	0.000150566	0.0815141	0.166261	0.0	0.0	0.0	0.0	0.0	0.00017317399999999998	0.0	0.0	0.0	0.00045942199999999997	0.0	0.0	0.0	0.0	0.0	5.3373e-06	0.0	0.0	0.0818547	0.0	0.00235585	0.000172873	0.0908258	3.79769e-05	0.12118899999999999	0.0	3.82245e-05	0.0	0.0	0.0	0.000115715	0.0826693	0.0	0.0	5.56301e-06	0.0	0.0	0.0	0.0	5.63532e-06	5.65092e-06	0.08522020000000001	0.0	0.0	0.0	0.0	0.013767	0.000767626	0.0	0.0	0.00110775	0.00016382700000000002	0.0	0.0	0.0	0.0	0.0	0.0	0.0032580599999999997	2.4146699999999997e-05	0.0	0.0	0.0880339	0.0	4.32192e-05	6.20377e-06	0.0	0.127427	0.0010390199999999999	4.43099e-05	1.90916e-05	0.0838058	0.0	0.0	0.12862200000000001	1.3094799999999999e-05	0.00331374	0.041373	0.0	0.0	0.000216816	0.0	0.00011017999999999999	0.000811002	9.07273e-05	0.0	1.4168200000000001e-05	0.000207088	0.0	0.0
Sor-CPnd_017-Ex1-3G-lcwgs-1-3	0.0111806	0.030011000000000003	0.0	0.0880322	0.000941521	0.0	0.0	0.0	0.0	0.0	0.0	0.0	0.0	0.00011768999999999999	0.00035307	0.0	0.00023537999999999999	0.0431923	0.0	0.0	0.00129459	0.0	0.0	0.0	0.0	0.0	0.0	0.0128282	0.0	0.0	0.00035307	0.0	0.0	0.0	0.0	0.0	0.000118304	0.000118538	0.0	0.0	0.0	0.0	0.0	0.000241262	0.000484358	0.0	0.0	0.00036810500000000003	0.000739791	0.0	0.0	0.00012530200000000001	0.0	0.0	0.0	0.0	0.0	0.0	0.09416379999999999	0.178341	0.0	0.0	0.0	0.0	0.0	0.000138545	0.0	0.0	0.0	0.00014351499999999998	0.0	0.0	0.0	0.0	0.0	0.0	0.0	0.0	0.0938185	0.0	0.00288412	0.000161934	0.10280700000000001	0.0	0.138453	0.0	0.0	0.0	0.0	0.0	0.00017863999999999998	0.0865053	0.0	0.0	0.00018684299999999999	0.0	0.0	0.0	0.0	0.0	0.0	0.0858178	0.0	0.0	0.0	0.0	0.0135848	0.000218295	0.0	0.0	0.00203861	0.0	0.0	0.0	0.0	0.0	0.0	0.0	0.00276324	0.0	0.0	0.0	0.08241989999999999	0.0	0.0	0.0	0.0	0.11925	0.0014393099999999999	0.0	0.0	0.08138279999999999	0.0	0.0	0.132004	0.0	0.0038775100000000002	0.054799600000000004	0.0	0.0	0.00034449299999999997	0.0	0.0	0.0	0.0	0.0	0.0	0.000386451	0.0	0.0
Sor-CPnd_018-Ex1-1E-lcwgs-1-3	0.014795800000000001	0.028092	0.0	0.08452209999999999	0.00123112	0.000537217	0.0	0.0	0.0	0.0	0.0	0.0	0.0	4.47681e-05	0.000514833	0.0	0.000581985	0.042373	0.0	0.0	0.00114159	0.0	0.0	0.0	0.0	0.0	0.0	0.0142362	0.0	0.0	0.00042529700000000004	0.0	2.2384e-05	0.0	0.0	0.0	4.5048899999999995e-05	9.031109999999999e-05	0.000135831	0.0	9.11249e-05	0.0	0.0	0.000276668	0.000440155	0.0	0.0	9.41624e-05	0.000615622	2.3824e-05	0.0	9.65328e-05	0.0	0.0	0.0	0.0	0.0	0.000176524	0.0864938	0.169307	0.0	0.0	0.0	0.0	0.0	0.000188822	0.0	0.0	0.0	0.000756032	0.0	0.0	0.0	0.0	0.0	0.0	0.0	0.0	0.0859568	0.0	0.00303865	0.000221664	0.0986597	0.0	0.130234	0.0	3.34414e-05	0.0	0.0	0.0	0.000279727	0.0855762	0.0	0.0	3.65834e-05	0.0	0.0	0.0	0.0	0.0	3.9217299999999995e-05	0.0837635	0.0	0.0	0.0	0.0	0.015964199999999998	0.00106595	0.0	0.0	0.00177007	0.000223996	0.0	0.0	0.0	0.0	0.0	0.0	0.004556	0.0	0.0	0.0	0.0904491	0.0	5.30776e-05	0.0	0.0	0.128618	0.00140231	5.6888399999999996e-05	0.000115404	0.0794263	0.0	0.0	0.122321	0.00012404499999999998	0.0038402799999999997	0.0451211	0.0	0.0	0.000402521	0.0	0.000346995	0.000634318	7.15852e-05	0.0	0.0	0.0006018579999999999	0.0	0.0
Sor-CPnd_019-Ex1-6G-lcwgs-1-3	0.015712	0.028715799999999996	0.0	0.0858025	0.00122734	0.00022315399999999998	0.0	0.0	0.0	1.01433e-05	0.0	0.0	0.0	1.01433e-05	0.000649174	0.0	0.0005781709999999999	0.043454099999999996	0.0	0.0	0.0013186299999999999	0.0	1.01433e-05	0.0	0.0	0.0	0.0	0.0135211	0.0	0.0	0.000375304	1.01433e-05	0.0	0.0	0.0	0.0	4.09156e-05	0.00012312100000000002	0.000185312	0.0	0.00010376100000000001	0.0	0.0	0.00020002	0.000179965	0.0	0.0	0.000183337	0.0006622679999999999	2.18631e-05	0.0	0.000133076	0.0	1.12591e-05	0.0	0.0	0.0	0.000314049	0.0864941	0.168416	0.0	0.0	0.0	0.0	0.0	0.000312185	0.0	0.0	0.0	0.000687428	0.0	0.0	0.0	0.0	0.0	2.75295e-05	0.0	0.0	0.085177	0.0	0.00282491	0.000322026	0.0954217	1.49444e-05	0.126611	0.0	6.16761e-05	0.0	0.0	0.0	0.000241205	0.0873064	0.0	0.0	3.35528e-05	0.0	0.0	0.0	0.0	0.0	1.78938e-05	0.0835193	0.0	0.0	0.0	0.0	0.014066600000000002	0.00114025	0.0	0.0	0.0015791	0.00022236600000000002	0.0	0.0	0.0	0.0	0.0	0.0	0.0040538499999999995	0.0	0.0	0.0	0.0859359	0.0	0.00016470799999999998	0.0	0.0	0.127479	0.00113614	0.00010002	0.0	0.08472199999999999	0.0	0.0	0.124625	0.000107878	0.00385255	0.0404025	0.0	2.8474899999999997e-05	0.000260125	0.0	0.000297923	0.000694449	3.06077e-05	0.0	0.0	0.0006073900000000001	0.0	0.0
Sor-CPnd_020-Ex1-2E-lcwgs-1-3	0.014059599999999998	0.028255799999999998	0.0	0.08551	0.00110974	0.000554872	0.0	0.0	0.0	2.56095e-05	0.0	0.0	0.0	0.0	0.00041828799999999995	0.0	0.000375606	0.0431264	0.0	0.0	0.000981696	0.0	8.536490000000001e-06	0.0	0.0	0.0	0.0	0.0133425	0.0	2.56095e-05	0.00022194899999999999	0.0	0.0	0.0	0.0	0.0	4.2802e-05	0.00014568	2.57389e-05	0.0	8.60377e-05	0.0	0.0	9.515749999999999e-05	0.000173387	0.0	0.0	0.000192161	0.000543084	8.78569e-06	0.0	5.3051e-05	0.0	0.0	0.0	0.0	0.0	0.000126627	0.0855662	0.169068	0.0	0.0	0.0	0.0	0.0	0.000112716	0.0	0.0	0.0	0.000537822	0.0	0.0	0.0	0.0	0.0	9.9699e-06	0.0	0.0	0.0856841	0.0	0.0025284400000000003	0.000280671	0.0944902	0.0	0.12739	0.0	2.15791e-05	0.0	0.0	1.10441e-05	0.000267165	0.0867106	0.0	0.0	4.60057e-05	0.0	0.0	0.0	0.0	0.0	1.2116899999999999e-05	0.0841298	0.0	0.0	0.0	0.0	0.0151066	0.0013196	0.0	0.0	0.00170599	0.000228871	0.0	0.0	0.0	0.0	0.0	0.0	0.00418829	4.39592e-05	0.0	0.0	0.08657050000000001	1.5328e-05	7.75299e-05	1.56884e-05	0.0	0.12678699999999998	0.000780497	6.58361e-05	1.6662199999999998e-05	0.0847463	0.0	0.0	0.12457499999999999	0.00010655	0.00379751	0.0432045	0.0	5.6311000000000003e-05	0.000362118	0.0	0.000334146	0.000557867	6.0609499999999996e-05	0.0	2.08029e-05	0.000528162	0.0	0.0
Sor-CPnd_022-Ex1-7C-lcwgs-1-3	0.0131431	0.028131899999999998	0.0	0.08432869999999999	0.00133109	0.000156599	0.0	0.0	0.0	2.23713e-05	0.0	0.0	0.0	1.1185699999999999e-05	0.00051454	0.0	0.000492169	0.0416666	0.0	0.0	0.00104027	0.0	0.0	0.0	0.0	0.0	0.0	0.013344499999999999	0.0	1.1185699999999999e-05	0.000268456	0.0	0.0	0.0	0.0	0.0	3.38509e-05	0.00021505399999999998	6.8144e-05	0.0	9.15709e-05	0.0	0.0	0.000139315	0.000210094	0.0	0.0	0.000130634	0.000645264	4.809819999999999e-05	0.0	0.00012181	0.0	0.0	0.0	0.0	0.0	0.00022852900000000002	0.0876781	0.170437	0.0	0.0	0.0	0.0	0.0	0.000174996	0.0	0.0	0.0	0.000541218	0.0	0.0	0.0	0.0	0.0	2.90872e-05	0.0	0.0	0.08605900000000001	0.0	0.00242113	0.000213545	0.0936087	1.54994e-05	0.125685	0.0	4.76121e-05	0.0	0.0	1.62508e-05	0.000360358	0.0841216	0.0	0.0	1.6908400000000002e-05	0.0	0.0	0.0	0.0	0.0	0.0	0.0865673	0.0	0.0	0.0	0.0	0.0143366	0.0009573790000000001	0.0	0.0	0.0014243099999999998	0.000213508	0.0	0.0	0.0	0.0	0.0	0.0	0.00356519	2.0788200000000002e-05	0.0	0.0	0.08760559999999999	2.1538999999999998e-05	4.34724e-05	0.0	0.0	0.128763	0.000924674	0.0	0.0	0.0829541	0.0	0.0	0.129	9.650259999999999e-05	0.0033875	0.0438548	0.0	0.0	0.000509288	0.0	0.000286919	0.00081694	0.0	0.0	0.0	0.000440851	0.0	0.0
Sor-CPnd_024-Ex1-5G-lcwgs-1-3	0.015448	0.0270424	0.0	0.0849467	0.0012958499999999999	0.000102304	0.0	0.0	0.0	6.82029e-05	0.0	0.0	0.0	0.000102304	0.000511522	0.0	0.0006479270000000001	0.0435475	0.0	0.0	0.0016027699999999999	0.0	0.0	0.0	0.0	0.0	3.41014e-05	0.0123447	0.0	0.0	0.000170507	0.0	0.0	0.0	3.42162e-05	0.0	0.000137524	0.000172409	0.000138396	0.0	6.9752e-05	0.0	0.0	0.00010620899999999999	0.000213657	0.0	0.0	0.000254244	0.000402464	0.0	0.0	0.000112342	0.0	0.0	0.0	0.0	0.0	0.000276481	0.087573	0.169978	0.0	0.0	0.0	0.0	0.0	0.000342617	0.0	0.0	0.0	0.0009397839999999999	0.0	0.0	0.0	0.0	0.0	0.0	0.0	0.0	0.09075240000000001	0.0	0.00279803	0.00046348799999999996	0.0943392	0.0	0.124307	0.0	0.0	0.0	0.0	0.0	0.0005746859999999999	0.0885537	0.0	0.0	0.0	0.0	0.0	0.0	0.0	0.0	0.0	0.087519	0.0	0.0	0.0	0.0	0.015309399999999999	0.0015649	0.0	0.0	0.0011089399999999999	0.000149763	0.0	0.0	0.0	0.0	0.0	0.0	0.00500697	0.0	0.0	0.0	0.0867412	0.0	0.0	0.0	0.0	0.12448	0.000657294	9.52268e-05	9.6541e-05	0.0919187	0.0	0.0	0.12136	0.000103518	0.00357119	0.0432766	0.0	0.0	0.000558435	0.0	0.000230753	0.00046826699999999997	0.00023765399999999998	0.0	0.0	0.00024910700000000004	0.0	0.0
Sor-CPnd_026-Ex1-3H-lcwgs-1-3	0.0134411	0.0268202	0.0	0.0841046	0.00113487	0.000443309	0.0	0.0	0.0	3.54647e-05	0.0	0.0	0.0	1.77324e-05	0.000576302	0.0	0.000531971	0.0426109	0.0	0.0	0.00101074	0.0	0.0	0.0	0.0	0.0	8.86618e-06	0.013042199999999999	0.0	0.0	0.000319182	0.0	0.0	0.0	0.0	0.0	1.7791599999999998e-05	0.00011578800000000001	0.000124865	0.0	0.00010737199999999999	0.0	0.0	0.000153039	0.000189501	0.0	0.0	0.000118284	0.000456325	3.66239e-05	0.0	0.000119846	0.0	0.0	0.0	0.0	0.0	0.00017944399999999998	0.0867763	0.169688	0.0	0.0	0.0	0.0	0.0	0.000186758	0.0	0.0	0.0	0.000674173	0.0	0.0	0.0	0.0	0.0	2.09335e-05	0.0	0.0	0.0848762	0.0	0.0028864999999999997	0.0001968	0.09412519999999999	2.22026e-05	0.12712299999999999	0.0	3.40948e-05	0.0	0.0	3.49281e-05	0.000340398	0.0854815	0.0	0.0	3.64132e-05	0.0	0.0	0.0	0.0	0.0	3.83786e-05	0.083006	0.0	0.0	0.0	0.0	0.0148057	0.0009009830000000001	0.0	0.0	0.00137706	0.00017028	0.0	0.0	0.0	1.47693e-05	0.0	0.0	0.00405129	0.0	0.0	0.0	0.08455560000000001	0.0	3.2471e-05	0.0	0.0	0.127418	0.000950257	3.4322399999999995e-05	1.73585e-05	0.0848853	0.0	0.0	0.123595	9.20351e-05	0.00348438	0.044489	0.0	0.0	0.00033377499999999997	0.0	0.00036359	0.000593109	2.0715e-05	0.0	0.0	0.000712168	0.0	0.0
Sor-CPnd_027-Ex1-3C-lcwgs-1-3	0.0119287	0.028877	0.0	0.0844452	0.0010187500000000001	0.000370455	0.0	0.0	0.0	0.0	0.0	0.0	0.0	0.0	0.000370455	0.0	0.00027784099999999997	0.0417132	0.0	0.0	0.000629774	0.0	0.0	0.0	0.0	0.0	0.0	0.012762200000000001	1.8522799999999998e-05	1.8522799999999998e-05	0.000148182	0.0	0.0	0.0	0.0	0.0	1.85609e-05	7.42994e-05	3.71806e-05	0.0	9.31319e-05	0.0	0.0	9.34694e-05	0.000168487	0.0	0.0	0.000131683	0.0004899840000000001	1.88812e-05	0.0	0.00011373999999999999	0.0	0.0	0.0	0.0	0.0	9.613570000000001e-05	0.0863897	0.170951	0.0	0.0	0.0	0.0	0.0	9.844230000000001e-05	0.0	0.0	0.0	0.00043929	0.0	0.0	0.0	0.0	0.0	0.0	0.0	0.0	0.08562990000000001	0.0	0.0020914799999999997	0.000189119	0.0928409	0.0	0.12327	0.0	0.0	0.0	0.0	2.18821e-05	0.000131998	0.0860416	0.0	0.0	0.0	0.0	0.0	0.0	0.0	0.0	2.33195e-05	0.0919594	0.0	0.0	0.0	0.0	0.0147419	0.00102534	0.0	0.0	0.00122173	0.00010046399999999999	0.0	0.0	0.0	0.0	0.0	0.0	0.0036839	0.0	0.0	0.0	0.0861329	0.0	0.0	2.81114e-05	0.0	0.13040000000000002	0.0010685	2.9145599999999998e-05	0.0	0.08337270000000001	0.0	0.0	0.126746	0.0	0.00302711	0.041729100000000005	0.0	3.22498e-05	0.000359093	0.0	0.000267723	0.0005750239999999999	3.42001e-05	0.0	0.0	0.000248114	0.0	0.0
Sor-CPnd_028-Ex1-3A-lcwgs-1-3	0.0123974	0.027372900000000002	0.0	0.0833674	0.0010473799999999999	0.000392768	0.0	0.0	0.0	3.02129e-05	0.0	0.0	0.0	3.02129e-05	0.00038269700000000004	0.0	0.000372626	0.041421900000000005	0.0	0.0	0.0009063869999999999	0.0	0.0	0.0	0.0	0.0	0.0	0.0124981	0.0	1.0071e-05	0.00022156099999999997	0.0	0.0	0.0	0.0	0.0	4.0362200000000005e-05	9.08818e-05	9.09599e-05	0.0	6.07645e-05	0.0	0.0	0.00021351800000000002	0.00019349700000000002	0.0	0.0	7.168800000000001e-05	0.000389982	3.08559e-05	0.0	0.000134348	0.0	0.0	0.0	0.0	0.0	0.00012610600000000002	0.08620760000000001	0.169274	0.0	0.0	0.0	0.0	0.0	0.000140445	0.0	0.0	0.0	0.00059289	0.0	0.0	0.0	0.0	0.0	1.12803e-05	0.0	0.0	0.0840591	0.0	0.0026133199999999997	0.000139476	0.0930154	0.0	0.125554	0.0	1.19337e-05	0.0	0.0	1.2131e-05	0.000280564	0.08550139999999999	0.0	0.0	2.4956799999999998e-05	0.0	0.0	0.0	0.0	0.0	2.58722e-05	0.086262	0.0	0.0	0.0	0.0	0.0139279	0.00109625	0.0	0.0	0.00129837	0.000180814	0.0	0.0	0.0	0.0	0.0	0.0	0.0036004599999999998	0.0	0.0	0.0	0.0887082	0.0	6.13625e-05	0.0	0.0	0.128543	0.0008245860000000001	6.39788e-05	4.8402499999999996e-05	0.08244320000000001	0.0	0.0	0.124997	5.0621399999999996e-05	0.0032706999999999996	0.0445833	0.0	1.75549e-05	0.00039051799999999996	0.0	0.000272369	0.000513399	1.85173e-05	0.0	0.0	0.000306059	0.0	0.0
Sor-CPnd_029-Ex1-8E-lcwgs-1-3	0.0145864	0.0278903	0.0	0.0842935	0.00117741	0.00043496599999999996	0.0	0.0	0.0	5.24959e-05	0.0	0.0	0.0	3.74971e-05	0.000562457	0.0	0.00047246399999999997	0.0428817	0.0	0.0	0.00122991	0.0	0.0	0.0	0.0	0.0	2.24983e-05	0.013094	0.0	7.49942e-06	0.00029247699999999997	0.0	7.49942e-06	0.0	0.0	0.0	5.27599e-05	0.000181224	6.810179999999999e-05	0.0	8.36442e-05	0.0	0.0	0.000184181	0.00017713699999999998	0.0	0.0	0.00011692500000000001	0.000540244	3.14627e-05	0.0	0.00010324499999999999	0.0	0.0	0.0	0.0	0.0	0.000147667	0.08374190000000001	0.16937	0.0	0.0	0.0	0.0	0.0	0.00019831799999999998	0.0	0.0	0.0	0.0004962500000000001	0.0	0.0	0.0	0.0	0.0	1.85143e-05	0.0	0.0	0.08217250000000001	0.0	0.0025194600000000003	0.000232588	0.091352	1.96831e-05	0.122982	0.0	4.0290900000000004e-05	0.0	0.0	3.09329e-05	0.00021821299999999998	0.0848574	0.0	0.0	4.28869e-05	0.0	0.0	0.0	0.0	0.0	2.24959e-05	0.0862806	0.0	0.0	0.0	0.0	0.013587000000000002	0.000988881	0.0	0.0	0.00129538	0.00028349	0.0	0.0	0.0	0.0	0.0	0.0	0.00312037	0.0	0.0	0.0	0.0863294	0.0	4.15879e-05	1.39959e-05	0.0	0.128048	0.000951072	1.4554299999999999e-05	2.94063e-05	0.0856357	0.0	0.0	0.126799	7.745150000000001e-05	0.00327291	0.042124699999999994	0.0	4.864169999999999e-05	0.00047631299999999996	0.0	0.000235998	0.000733011	1.7243399999999998e-05	0.0	0.0	0.000393791	0.0	0.0
Sor-CPnd_030-Ex1-2H-lcwgs-1-3	0.015854399999999998	0.0284225	0.0	0.0853636	0.00136261	0.000545044	0.0	0.0	0.0	1.6030700000000002e-05	0.0	0.0	0.0	3.2061400000000004e-05	0.000641229	0.0	0.000625198	0.0419844	0.0	0.0	0.00134658	0.0	0.0	0.0	0.0	0.0	0.0	0.0148124	0.0	1.6030700000000002e-05	0.000352676	0.0	1.6030700000000002e-05	0.0	0.0	0.0	1.61111e-05	0.000161409	8.08749e-05	0.0	6.501920000000001e-05	0.0	0.0	0.000196895	0.0002141	0.0	0.0	0.000166811	0.0007374759999999999	3.36901e-05	0.0	0.000119185	0.0	0.0	0.0	0.0	0.0	0.00012381799999999999	0.0849715	0.167829	0.0	0.0	0.0	0.0	0.0	0.000169456	0.0	0.0	0.0	0.000683229	0.0	0.0	0.0	0.0	0.0	0.0	0.0	0.0	0.0869528	0.0	0.00277316	0.00019870400000000001	0.0972698	4.51451e-05	0.12989099999999998	0.0	2.33549e-05	0.0	0.0	2.41804e-05	0.000293568	0.0862477	0.0	0.0	7.69825e-05	0.0	0.0	0.0	0.0	0.0	0.00011042599999999999	0.0831845	0.0	0.0	0.0	0.0	0.015536000000000001	0.00108508	0.0	0.0	0.0013468900000000001	0.00025384	0.0	0.0	0.0	0.0	0.0	0.0	0.00420948	7.050430000000001e-05	0.0	0.0	0.0865491	0.0	3.77086e-05	0.0	0.0	0.12587600000000002	0.000995923	8.07915e-05	0.0	0.08322349999999999	0.0	0.0	0.121664	8.79636e-05	0.004105719999999999	0.0440311	0.0	0.0	0.00023750499999999997	0.0	0.000441808	0.000797193	5.05727e-05	0.0	0.0	0.00058375	0.0	0.0
Sor-CPnd_031-Ex1-5D-lcwgs-1-3	0.014248400000000001	0.027810299999999996	0.0	0.0840411	0.0011951400000000001	0.00023733199999999998	0.0	0.0	0.0	8.47615e-06	0.0	0.0	0.0	1.69523e-05	0.0005170449999999999	0.0	0.00039837900000000003	0.0422282	0.0	0.0	0.00111885	0.0	0.0	0.0	0.0	0.0	8.47615e-06	0.0131889	0.0	0.0	0.000313618	0.0	0.0	0.0	0.0	0.0	2.55294e-05	0.000119313	0.00011097699999999999	0.0	0.00010284500000000001	0.0	0.0	0.000172705	0.000147237	0.0	0.0	0.000166235	0.000535704	2.6450000000000003e-05	0.0	0.000124468	0.0	0.0	0.0	0.0	0.0	0.000265313	0.0849005	0.168743	0.0	0.0	0.0	0.0	0.0	0.000267917	0.0	0.0	0.0	0.000529864	0.0	0.0	0.0	0.0	0.0	0.0	0.0	0.0	0.08488659999999999	0.0	0.00276496	0.000170755	0.094901	2.16628e-05	0.126517	0.0	6.645920000000001e-05	0.0	0.0	0.0	0.000239724	0.0847077	0.0	0.0	2.3544e-05	0.0	0.0	0.0	0.0	0.0	0.0	0.0851744	0.0	0.0	0.0	0.0	0.014612300000000002	0.0008498770000000001	0.0	0.0	0.0016363900000000002	0.00021646800000000002	0.0	0.0	0.0	0.0	0.0	0.0	0.0038441900000000004	1.4530000000000001e-05	0.0	0.0	0.0895806	0.0	4.56882e-05	0.0	0.0	0.126365	0.00107673	6.39733e-05	1.61557e-05	0.0862011	0.0	0.0	0.123914	6.807780000000001e-05	0.00337234	0.0435802	0.0	3.56131e-05	0.000342547	0.0	0.00020343799999999999	0.0007105760000000001	1.89129e-05	0.0	0.0	0.00033358	0.0	0.0
Sor-CPnd_033-Ex1-2F-lcwgs-1-3	0.0154352	0.0272727	0.0	0.08509080000000001	0.000951643	0.0005570589999999999	0.0	0.0	0.0	0.0	0.0	0.0	0.0	0.0	0.000603481	0.0	0.00041779500000000005	0.041663399999999996	0.0	0.0	0.00162476	0.0	0.0	0.0	0.0	0.0	0.0	0.0123482	2.32108e-05	2.32108e-05	0.00027853	0.0	0.0	0.0	0.0	0.0	6.98386e-05	0.00018644	9.33351e-05	0.0	0.000117019	0.0	0.0	0.000235381	0.000259506	0.0	0.0	7.13317e-05	0.000667721	2.3921399999999998e-05	0.0	7.225419999999999e-05	0.0	0.0	0.0	0.0	0.0	0.000271424	0.0866617	0.173979	0.0	0.0	0.0	0.0	0.0	0.00035997	0.0	0.0	0.0	0.00047429199999999996	0.0	0.0	0.0	0.0	0.0	0.0	0.0	0.0	0.0879623	0.0	0.0032292799999999997	0.000288137	0.0945785	8.79157e-05	0.128253	0.0	9.02557e-05	0.0	0.0	0.0	0.000249688	0.0846374	0.0	0.0	0.000194703	0.0	0.0	0.0	0.0	0.0	3.45352e-05	0.0871668	0.0	0.0	0.0	0.0	0.013287499999999999	0.00115744	0.0	0.0	0.0018180499999999999	0.000313199	0.0	0.0	0.0	0.0	0.0	0.0	0.00346027	0.0	0.0	0.0	0.0848535	0.0	9.25044e-05	0.0	0.0	0.128291	0.000733096	9.91345e-05	0.0	0.0849355	0.0	0.0	0.12344000000000001	5.40939e-05	0.00291081	0.0446801	0.0	0.0	0.000175752	0.0	0.000181873	0.000492553	0.0	0.0	0.0	0.00046028899999999996	0.0	0.0
Sor-CPnd_034-Ex1-4G-lcwgs-1-3	0.0151937	0.0271451	0.0	0.08486830000000001	0.00101715	0.00031785900000000003	0.0	0.0	0.0	6.35718e-05	0.0	0.0	0.0	0.00015892899999999998	0.000731075	0.0	0.0006357180000000001	0.0428156	0.0	0.0	0.00117608	0.0	0.0	0.0	0.0	0.0	0.0	0.0151301	0.0	0.0	0.000445002	0.0	0.0	0.0	0.0	0.0	3.20893e-05	6.4397e-05	9.696310000000001e-05	0.0	3.26081e-05	0.0	0.0	0.000364701	0.000400395	0.0	0.0	0.00013633500000000002	0.000789984	3.46259e-05	0.0	0.000176068	0.0	0.0	0.0	0.0	0.0	0.00026086100000000004	0.0834333	0.166202	0.0	0.0	0.0	0.0	4.01435e-05	0.00020296	0.0	0.0	0.0	0.000680015	0.0	0.0	0.0	0.0	0.0	0.0	0.0	0.0	0.0867682	0.0	0.0030121099999999997	9.838739999999999e-05	0.095431	5.04236e-05	0.126722	0.0	0.000104665	0.0	0.0	5.43237e-05	0.000330014	0.082527	0.0	0.0	0.0	0.0	0.0	0.0	0.0	0.0	0.000124484	0.0833165	0.0	0.0	0.0	0.0	0.0181192	0.0009513710000000001	0.0	0.0	0.000635333	0.000357517	0.0	0.0	0.0	0.0	0.0	0.0	0.00407255	0.0	0.0	0.0	0.0858746	0.0	0.0	0.0	0.0	0.12418900000000001	0.0016116	9.07711e-05	0.0	0.0871528	0.0	0.0	0.138376	9.871959999999999e-05	0.00450641	0.046345700000000004	0.0	0.0	0.0007457960000000001	0.0	0.000330205	0.00033502799999999996	0.0	0.0	0.0	0.000475636	0.0	0.0
Sor-CPnd_036-Ex1-5C-lcwgs-1-3	0.014471399999999999	0.027970099999999998	1.70653e-05	0.0848916	0.00110925	0.000290111	0.0	0.0	0.0	2.5597999999999998e-05	0.0	0.0	0.0	1.70653e-05	0.000537558	0.0	0.0005290259999999999	0.0423903	0.0	0.0	0.00111778	0.0	8.53267e-06	0.0	0.0	0.0	8.53267e-06	0.0131233	8.53267e-06	8.53267e-06	0.000341307	8.53267e-06	0.0	0.0	0.0	0.0	3.43071e-05	0.00018047700000000001	0.000137825	0.0	0.000112608	0.0	0.0	0.000227692	0.00024626899999999997	0.0	0.0	0.00010713899999999999	0.0005566540000000001	4.5153599999999994e-05	0.0	0.000100576	0.0	0.0	0.0	0.0	0.0	0.00023843000000000003	0.0852442	0.166975	0.0	0.0	0.0	0.0	1.0090999999999999e-05	0.00025444000000000004	0.0	0.0	0.0	0.000558752	0.0	0.0	0.0	0.0	0.0	2.22959e-05	0.0	0.0	0.08590260000000001	0.0	0.00255119	0.00020091899999999998	0.0926576	1.20544e-05	0.12515600000000002	0.0	6.209649999999999e-05	0.0	0.0	0.0	0.00021975	0.0847382	0.0	0.0	1.3458e-05	0.0	0.0	0.0	0.0	0.0	1.43135e-05	0.08578709999999999	0.0	0.0	0.0	0.0	0.0133518	0.00112458	0.0	0.0	0.00135237	0.000128661	0.0	0.0	0.0	0.0	0.0	0.0	0.00333537	1.75684e-05	0.0	0.0	0.0876533	0.0	1.86018e-05	1.8819399999999998e-05	0.0	0.125683	0.000935618	3.9446499999999996e-05	1.99588e-05	0.0832051	0.0	0.0	0.12841	6.36234e-05	0.00360827	0.044298	0.0	4.46935e-05	0.000294716	0.0	0.000256761	0.000756535	0.0	0.0	0.0	0.000299607	0.0	0.0
Sor-CPnd_037-Ex1-6C-lcwgs-1-3	0.014479	0.0277939	0.0	0.08438179999999999	0.00129541	0.000262361	0.0	0.0	0.0	0.0	0.0	0.0	0.0	3.27951e-05	0.000491927	0.0	0.000491927	0.0417318	0.0	0.0	0.0009674559999999999	0.0	0.0	0.0	0.0	0.0	0.0	0.013839500000000001	1.63976e-05	0.0	0.000327951	0.0	0.0	0.0	0.0	0.0	3.3091e-05	0.000182573	8.32742e-05	0.0	5.0348599999999994e-05	0.0	0.0	0.000153161	0.000153967	0.0	0.0	8.70006e-05	0.000490101	0.0	0.0	0.000160492	0.0	0.0	0.0	0.0	0.0	0.00020420800000000002	0.0860102	0.169448	0.0	0.0	0.0	0.0	0.0	0.00019647200000000003	0.0	0.0	0.0	0.000526102	0.0	0.0	0.0	0.0	0.0	0.0	0.0	0.0	0.0861015	0.0	0.00230992	0.000288211	0.09409769999999999	0.0	0.126911	0.0	2.30327e-05	0.0	0.0	2.3566300000000002e-05	0.000166229	0.0811014	0.0	0.0	9.79456e-05	0.0	0.0	0.0	0.0	0.0	2.5651000000000002e-05	0.0867415	0.0	0.0	0.0	0.0	0.0140462	0.00111207	0.0	0.0	0.0016118400000000002	0.000112073	0.0	0.0	0.0	0.0	0.0	0.0	0.0041011699999999995	0.0	0.0	0.0	0.088192	3.10477e-05	0.0	0.0	0.0	0.12391200000000001	0.00116996	9.840959999999999e-05	3.3114599999999996e-05	0.0815412	0.0	0.0	0.130916	6.95402e-05	0.00375852	0.0411006	0.0	7.25732e-05	0.00047743199999999996	0.0	0.000263355	0.0008363359999999999	0.0	0.0	3.92949e-05	0.000397682	0.0	0.0
Sor-CPnd_038-Ex1-2A-lcwgs-1-3	0.0129283	0.0288894	0.0	0.0849649	0.0008839280000000001	0.00041681199999999997	0.0	0.0	0.0	2.87456e-05	0.0	0.0	0.0	1.43728e-05	0.000337761	0.0	0.000323388	0.041954200000000004	0.0	0.0	0.000891115	0.0	0.0	0.0	0.0	0.0	0.0	0.0116635	1.43728e-05	0.0	0.00017966	0.0	0.0	0.0	0.0	0.0	2.15892e-05	9.3603e-05	7.204580000000001e-05	0.0	4.32902e-05	0.0	0.0	8.68237e-05	0.000152112	0.0	0.0	9.45326e-05	0.000327715	1.45874e-05	0.0	9.513479999999999e-05	0.0	7.34488e-06	0.0	0.0	0.0	0.000140689	0.0833731	0.16778400000000002	0.0	0.0	0.0	0.0	0.0	0.00012834	0.0	0.0	0.0	0.00047343900000000003	0.0	0.0	0.0	0.0	0.0	7.785289999999999e-06	0.0	0.0	0.08436869999999999	0.0	0.00256758	0.000167031	0.09260940000000001	8.01342e-06	0.12484200000000001	0.0	8.1061e-06	0.0	0.0	8.20173e-06	0.00016469099999999999	0.08591850000000001	0.0	0.0	8.370599999999999e-06	0.0	0.0	0.0	0.0	0.0	0.0	0.0853001	0.0	0.0	0.0	0.0	0.013338099999999999	0.0009689529999999999	0.0	0.0	0.0016252999999999999	0.000199718	0.0	0.0	0.0	0.0	0.0	0.0	0.0034016700000000003	9.50685e-06	0.0	0.0	0.0881493	0.0	5.88874e-05	0.0	0.0	0.12659800000000002	0.0010288	7.110950000000001e-05	3.0697099999999994e-05	0.0838947	0.0	0.0	0.12496	2.12565e-05	0.0037392399999999996	0.0434945	0.0	2.19939e-05	0.000355398	0.0	0.00024930600000000003	0.0007428140000000001	5.7637800000000006e-05	0.0	0.0	0.000379633	0.0	0.0
Sor-CPnd_041-Ex1-7A-lcwgs-1-3	0.0132335	0.027517399999999997	5.8349e-06	0.0845768	0.00134203	0.000210056	0.0	0.0	0.0	2.9174500000000003e-05	0.0	0.0	0.0	1.75047e-05	0.00039093799999999996	0.0	0.000507636	0.0421688	0.0	0.0	0.0009510879999999999	0.0	0.0	0.0	0.0	0.0	5.8349e-06	0.0131694	0.0	0.0	0.000221726	0.0	5.8349e-06	0.0	0.0	0.0	2.3393300000000002e-05	0.00012878	7.03154e-05	0.0	5.28681e-05	0.0	0.0	0.00011214800000000001	0.000130104	0.0	0.0	0.00014287	0.00042966200000000003	4.7863899999999994e-05	0.0	7.82021e-05	0.0	6.05073e-06	0.0	0.0	0.0	0.00018386700000000002	0.08481050000000001	0.16650199999999998	0.0	0.0	0.0	0.0	0.0	0.000170412	0.0	0.0	0.0	0.0005841360000000001	0.0	0.0	0.0	0.0	0.0	1.3212e-05	0.0	0.0	0.0863643	0.0	0.0028761299999999997	0.00019099	0.0952851	2.0693e-05	0.12756099999999998	0.0	2.8064800000000003e-05	0.0	0.0	2.1418800000000002e-05	0.000251372	0.08498689999999999	0.0	0.0	3.68087e-05	0.0	0.0	0.0	0.0	0.0	4.60057e-05	0.0867843	0.0	0.0	0.0	0.0	0.0148085	0.000923724	0.0	0.0	0.00139752	0.000251872	0.0	0.0	0.0	0.0	0.0	0.0	0.00393563	9.10489e-06	0.0	0.0	0.087887	0.0	1.93013e-05	0.0	0.0	0.126036	0.00107602	7.20126e-05	4.17098e-05	0.0843611	0.0	0.0	0.126094	5.6005e-05	0.0038549400000000003	0.0420704	0.0	5.962550000000001e-05	0.000400258	0.0	0.000238664	0.000855661	2.5982299999999997e-05	0.0	1.3460500000000001e-05	0.000342727	0.0	0.0
Sor-CPnd_043-Ex1-1D-lcwgs-1-3	0.01331	0.0275868	0.0	0.0825958	0.00102859	0.000462865	0.0	0.0	0.0	2.05718e-05	0.0	0.0	0.0	2.05718e-05	0.0005760100000000001	0.0	0.00040114999999999997	0.041349300000000005	0.0	0.0	0.0009051589999999999	0.0	0.0	0.0	0.0	0.0	0.0	0.0126105	1.02859e-05	2.05718e-05	0.00036000599999999995	0.0	0.0	0.0	0.0	0.0	1.03182e-05	9.29752e-05	6.20679e-05	0.0	6.22679e-05	0.0	0.0	0.000187984	0.000251282	0.0	0.0	0.000116176	0.0005192080000000001	1.06324e-05	0.0	8.56772e-05	0.0	0.0	0.0	0.0	0.0	0.000153797	0.0854803	0.168077	0.0	0.0	0.0	0.0	0.0	0.00020601099999999998	0.0	0.0	0.0	0.00043348000000000003	0.0	0.0	0.0	0.0	0.0	0.0	0.0	0.0	0.0848551	0.0	0.00241887	0.000253754	0.0925394	2.57405e-05	0.12542199999999998	0.0	1.31526e-05	0.0	0.0	0.0	0.00016256900000000002	0.0861817	0.0	0.0	1.39638e-05	0.0	0.0	0.0	0.0	0.0	1.4637600000000002e-05	0.0848516	0.0	0.0	0.0	0.0	0.013917899999999999	0.00102361	0.0	0.0	0.0013686	0.00024081	0.0	0.0	0.0	0.0	0.0	0.0	0.0036427799999999995	1.72631e-05	0.0	0.0	0.0860941	0.0	3.62266e-05	0.0	0.0	0.128909	0.000923896	0.0	3.84946e-05	0.0804643	0.0	0.0	0.12683	0.00012179899999999999	0.0033665099999999996	0.0413611	0.0	2.12683e-05	0.000366276	0.0	0.00017695299999999998	0.000626447	9.05442e-05	0.0	0.0	0.000258608	0.0	0.0
Sor-CPnd_044-Ex1-8G-lcwgs-1-3	0.0143244	0.0276345	7.74292e-06	0.0834997	0.00121564	0.000356174	0.0	0.0	0.0	1.54858e-05	0.0	0.0	0.0	2.32288e-05	0.000572976	0.0	0.000526519	0.0411072	0.0	0.0	0.00111498	0.0	7.74292e-06	0.0	0.0	0.0	0.0	0.013852100000000001	0.0	2.32288e-05	0.000356174	0.0	0.0	0.0	0.0	0.0	5.46764e-05	0.000133211	0.000165147	0.0	8.72254e-05	0.0	0.0	0.00018519	0.000234872	0.0	0.0	0.000156917	0.000723612	4.1890399999999995e-05	0.0	0.000127588	0.0	0.0	0.0	0.0	0.0	0.00018775400000000002	0.0845852	0.165689	0.0	0.0	0.0	0.0	0.0	0.00021166799999999998	0.0	0.0	0.0	0.000510203	0.0	0.0	0.0	0.0	0.0	1.06315e-05	0.0	0.0	0.0850625	0.0	0.00284483	0.000147145	0.094126	1.15589e-05	0.125638	0.0	9.54322e-05	0.0	0.0	0.0	8.70811e-05	0.0845076	0.0	0.0	3.89286e-05	0.0	0.0	0.0	0.0	0.0	1.38332e-05	0.08598399999999999	0.0	0.0	0.0	0.0	0.014882900000000001	0.00103003	0.0	0.0	0.00140444	0.000249709	0.0	0.0	0.0	1.63271e-05	0.0	0.0	0.0038362199999999996	0.0	0.0	0.0	0.0875689	0.0	5.43988e-05	1.8351400000000002e-05	0.0	0.130434	0.00138886	3.8523000000000004e-05	1.95011e-05	0.0811927	0.0	0.0	0.12709399999999998	8.3087e-05	0.0034934600000000003	0.0402713	0.0	2.19324e-05	0.00020035700000000002	0.0	0.00025236400000000004	0.000650979	0.0	0.0	0.0	0.000442973	0.0	0.0
Sor-CPnd_045-Ex1-7B-lcwgs-1-3	0.0120835	0.027682500000000002	0.0	0.0849156	0.0009595469999999999	0.00016134	0.0	0.0	0.0	4.24578e-05	0.0	0.0	0.0	3.39663e-05	0.000305696	0.0	0.000407595	0.0422116	0.0	0.0	0.0006793249999999999	0.0	0.0	0.0	0.0	0.0	0.0	0.012474099999999998	0.0	0.0	0.00020379800000000002	0.0	0.0	0.0	0.0	0.0	8.53175e-06	0.00010255400000000001	5.1372600000000003e-05	0.0	5.15923e-05	0.0	0.0	9.53201e-05	0.000139053	0.0	0.0	9.65206e-05	0.000396208	8.83526e-06	0.0	8.00975e-05	0.0	0.0	0.0	0.0	0.0	9.10862e-05	0.08487879999999999	0.165973	0.0	0.0	0.0	0.0	0.0	0.000103611	0.0	0.0	0.0	0.000498645	0.0	0.0	0.0	0.0	0.0	2.9592600000000002e-05	0.0	0.0	0.08299089999999999	0.0	0.00229435	0.00020314499999999998	0.0931828	2.05162e-05	0.126046	0.0	3.1232900000000004e-05	0.0	0.0	1.0565600000000001e-05	0.000159262	0.0858332	0.0	0.0	3.2493700000000004e-05	0.0	0.0	0.0	0.0	0.0	0.0	0.0867346	0.0	0.0	0.0	0.0	0.0138965	0.000928616	0.0	0.0	0.00116912	0.000106912	0.0	0.0	0.0	0.0	0.0	0.0	0.0036704	0.0	0.0	0.0	0.0848315	0.0	2.58032e-05	1.2991899999999998e-05	0.0	0.127451	0.000889122	4.01015e-05	1.34661e-05	0.0839139	0.0	0.0	0.126909	4.1968499999999996e-05	0.00311697	0.0433665	0.0	5.79117e-05	0.000409401	0.0	0.000164107	0.0007822700000000001	6.06943e-05	0.0	0.0	0.00021855300000000002	0.0	0.0
Sor-CPnd_046-Ex1-5A-lcwgs-1-3	0.0129703	0.0280894	0.0	0.0831292	0.00132033	0.00020711099999999998	0.0	0.0	0.0	5.17778e-05	0.0	0.0	0.0	2.58889e-05	0.000440111	0.0	0.00046600000000000005	0.0410598	0.0	0.0	0.0010614399999999999	0.0	0.0	0.0	0.0	0.0	0.0	0.0126856	2.58889e-05	0.0	0.000258889	0.0	0.0	0.0	0.0	0.0	2.60161e-05	0.000182453	0.000104481	0.0	2.62537e-05	0.0	0.0	0.00013256099999999998	0.000159695	0.0	0.0	0.000134822	0.000487695	0.0	0.0	8.25697e-05	0.0	2.7835800000000002e-05	0.0	0.0	0.0	8.55817e-05	0.0816838	0.170524	0.0	0.0	0.0	0.0	0.0	0.000150618	0.0	0.0	0.0	0.000434424	0.0	0.0	0.0	0.0	0.0	0.0	0.0	0.0	0.083629	0.0	0.0026783799999999997	0.00020512200000000002	0.097395	0.000104309	0.129797	0.0	3.56598e-05	0.0	0.0	0.0	0.000221281	0.0872991	0.0	0.0	0.0	0.0	0.0	0.0	0.0	0.0	0.0	0.0824221	0.0	0.0	0.0	0.0	0.014660500000000002	0.000729317	0.0	0.0	0.00194307	4.45967e-05	0.0	0.0	0.0	0.0	0.0	0.0	0.0032096900000000003	0.0	0.0	0.0	0.0896396	0.0	0.0	0.0	0.0	0.129523	0.000856885	0.00010838900000000001	0.0	0.0824554	0.0	0.0	0.130064	5.82984e-05	0.0030113699999999998	0.040865200000000004	0.0	0.0	0.00018712200000000002	0.0	0.0	0.00058585	0.0	0.0	0.0	0.00013771900000000001	0.0	0.0
Sor-CPnd_049-Ex1-3B-lcwgs-1-3	0.013853899999999999	0.027389800000000002	0.0	0.0822047	0.00155503	0.0004947829999999999	0.0	0.0	0.0	3.53416e-05	0.0	0.0	0.0	0.0	0.0004947829999999999	0.0	0.00045944100000000005	0.0407489	0.0	0.0	0.00102491	0.0	0.0	0.0	0.0	0.0	0.0	0.0137126	0.0	0.0	0.000318075	0.0	0.0	0.0	0.0	0.0	0.0	0.000213554	0.00017834	0.0	0.000107572	0.0	0.0	0.000108626	0.00014539	0.0	0.0	0.00022097900000000003	0.000185042	0.0	0.0	7.51959e-05	0.0	0.0	0.0	0.0	0.0	0.00023414399999999999	0.0863183	0.167136	0.0	0.0	0.0	0.0	0.0	0.000330974	0.0	0.0	0.0	0.000470233	0.0	0.0	0.0	0.0	0.0	0.0	0.0	0.0	0.0896741	0.0	0.0024089800000000002	0.000381552	0.0979027	0.0	0.127892	0.0	0.000100209	0.0	0.0	0.0	0.00010436700000000001	0.0877844	0.0	0.0	5.4382900000000004e-05	0.0	0.0	0.0	0.0	0.0	0.0	0.0863327	0.0	0.0	0.0	0.0	0.0147779	0.0008126930000000001	0.0	0.0	0.0016157399999999998	0.000261417	0.0	0.0	0.0	0.0	0.0	0.0	0.0036794	7.15711e-05	0.0	0.0	0.0828655	0.0	0.0	0.0	0.0	0.12648399999999999	0.0008751540000000001	8.05298e-05	0.0	0.084936	0.0	0.0	0.135208	8.67811e-05	0.0034285500000000003	0.043726600000000004	0.0	0.0	0.000185644	0.0	0.000286691	0.000967939	0.00019613499999999998	0.0	0.0	0.0005113510000000001	0.0	0.0
Sor-CPnd_050-Ex1-3F-lcwgs-1-3	0.014308300000000001	0.028545	0.0	0.0856962	0.0011753199999999999	0.00044968800000000006	0.0	0.0	0.0	6.13211e-05	0.0	0.0	0.0	3.0660499999999996e-05	0.000531449	0.0	0.000521229	0.0426079	0.0	0.0	0.0012162	0.0	0.0	0.0	0.0	0.0	0.0	0.013449800000000001	1.02202e-05	0.0	0.000367927	0.0	0.0	0.0	0.0	0.0	3.08134e-05	0.000144064	0.00011343200000000001	0.0	0.000103625	0.0	0.0	0.000209189	0.000293929	0.0	0.0	0.000148796	0.0005658869999999999	2.14563e-05	0.0	7.58629e-05	0.0	1.0957e-05	0.0	0.0	0.0	0.000190779	0.086294	0.170572	0.0	0.0	0.0	0.0	0.0	0.000248975	0.0	0.0	0.0	0.000733645	0.0	0.0	0.0	0.0	0.0	2.5709199999999998e-05	0.0	0.0	0.0852416	0.0	0.00295612	0.000162709	0.0972349	4.14274e-05	0.129469	0.0	7.10003e-05	0.0	0.0	4.3811e-05	0.000221141	0.0866816	0.0	0.0	7.65875e-05	0.0	0.0	0.0	0.0	0.0	8.12102e-05	0.086465	0.0	0.0	0.0	0.0	0.0143375	0.00109808	0.0	0.0	0.00143825	0.00014534	0.0	0.0	0.0	0.0	0.0	0.0	0.0039350900000000005	3.9587e-05	0.0	0.0	0.0878614	0.0	4.18701e-05	0.0	0.0	0.128089	0.00122772	4.43697e-05	2.24495e-05	0.0842201	0.0	0.0	0.122203	7.15548e-05	0.0036709399999999997	0.0447174	0.0	7.5359e-05	0.00028032999999999997	0.0	0.00031477400000000003	0.000903326	2.6912999999999998e-05	0.0	2.7660599999999997e-05	0.00039283799999999995	0.0	0.0
Sor-CPnd_052-Ex1-6D-lcwgs-1-3	0.0161472	0.02741	0.0	0.08349419999999999	0.00135039	0.000129292	0.0	0.0	0.0	1.43658e-05	0.0	0.0	0.0	1.43658e-05	0.000545901	0.0	0.000359146	0.0426665	0.0	0.0	0.00130729	0.0	0.0	0.0	0.0	0.0	0.0	0.012842999999999999	0.0	0.0	0.000258585	0.0	0.0	0.0	0.0	0.0	8.68744e-05	0.00011617499999999999	0.00011656300000000002	0.0	0.00013214500000000002	0.0	0.0	0.000223439	0.000269618	0.0	0.0	0.000167879	0.000645368	1.54746e-05	0.0	0.00012565299999999998	0.0	1.5956e-05	0.0	0.0	0.0	0.000198046	0.08576700000000001	0.169639	0.0	0.0	0.0	0.0	0.0	0.000213445	0.0	0.0	0.0	0.000463002	0.0	0.0	0.0	0.0	0.0	5.92177e-05	0.0	0.0	0.0867009	0.0	0.0026893399999999997	0.000168612	0.0940643	2.1544999999999998e-05	0.125945	0.0	4.45318e-05	0.0	0.0	2.3006399999999997e-05	0.000139557	0.0868797	0.0	0.0	9.724979999999999e-05	0.0	0.0	0.0	0.0	0.0	7.80337e-05	0.0855586	0.0	0.0	0.0	0.0	0.0140242	0.00101557	0.0	0.0	0.00190038	0.000266329	0.0	0.0	0.0	0.0	0.0	0.0	0.00438815	0.0	0.0	0.0	0.0841031	0.0	3.4869599999999996e-05	0.0	0.0	0.128148	0.000956756	7.46161e-05	0.0	0.0855034	0.0	0.0	0.12176000000000001	0.00012181100000000002	0.00453215	0.039066	0.0	4.31399e-05	0.000350904	0.0	0.000272194	0.0009670750000000001	0.0	0.0	4.8279500000000004e-05	0.000392816	0.0	0.0
Sor-CPnd_053-Ex1-2C-lcwgs-1-3	0.013907000000000001	0.028219900000000003	0.0	0.0852422	0.000917721	0.00035297	0.0	0.0	0.0	5.2945499999999996e-05	0.0	0.0	0.0	1.7648500000000002e-05	0.0005647520000000001	0.0	0.00047650899999999996	0.041985800000000004	0.0	0.0	0.0009530179999999999	0.0	0.0	0.0	0.0	0.0	0.0	0.013006899999999998	0.0	0.0	0.00035297	0.0	0.0	0.0	0.0	0.0	1.7714399999999998e-05	0.000106432	0.00014212600000000001	0.0	3.56593e-05	0.0	0.0	8.975879999999999e-05	0.00021600200000000002	0.0	0.0	9.08192e-05	0.000455627	0.0	0.0	7.36925e-05	0.0	0.0	0.0	0.0	0.0	0.000339992	0.0853841	0.16602399999999998	0.0	0.0	0.0	0.0	0.0	0.00037306599999999997	0.0	0.0	0.0	0.0005818889999999999	0.0	0.0	0.0	0.0	0.0	2.0781699999999998e-05	0.0	0.0	0.08681230000000001	0.0	0.00302279	0.000194176	0.09532600000000001	2.1855599999999998e-05	0.12754100000000002	0.0	0.00011143700000000001	0.0	0.0	0.0	9.1555e-05	0.0857013	0.0	0.0	0.0	0.0	0.0	0.0	0.0	0.0	4.9093100000000006e-05	0.085879	0.0	0.0	0.0	0.0	0.014093499999999998	0.00100886	0.0	0.0	0.00119145	0.000320264	0.0	0.0	0.0	0.0	0.0	0.0	0.00361729	0.0	0.0	0.0	0.08503859999999999	0.0	0.00011910999999999999	0.0	0.0	0.12489999999999998	0.0011429399999999998	3.11819e-05	0.0	0.0830157	0.0	0.0	0.12826400000000002	0.000132235	0.00360731	0.0442499	0.0	0.0	0.000349202	0.0	0.000214693	0.000361593	3.65515e-05	0.0	0.0	0.00037853699999999997	0.0	0.0
Sor-CPnd_054-Ex1-8F-lcwgs-1-3	0.0157787	0.0267087	0.0	0.08427620000000001	0.00106835	0.000493084	0.0	0.0	0.0	4.1090299999999995e-05	0.0	0.0	0.0	4.1090299999999995e-05	0.0009450770000000001	0.0	0.000616355	0.0435146	0.0	0.0	0.0014792499999999999	0.0	0.0	0.0	0.0	0.0	0.0	0.014546	0.0	0.0	0.000698535	0.0	0.0	0.0	0.0	0.0	0.0	0.0	0.000126624	0.0	0.000128351	0.0	0.0	0.000263018	0.00030963299999999997	0.0	0.0	9.1075e-05	0.000736199	0.0	0.0	0.00028508	0.0	4.85935e-05	0.0	0.0	0.0	0.000254544	0.08745320000000001	0.16722099999999998	0.0	0.0	0.0	0.0	0.0	0.00039233500000000006	0.0	0.0	0.0	0.0007657549999999999	0.0	0.0	0.0	0.0	0.0	0.0	0.0	0.0	0.08604339999999999	0.0	0.00358685	6.854450000000001e-05	0.09316329999999999	0.0	0.125962	0.0	0.00014601299999999999	0.0	0.0	0.0	0.000307097	0.087531	0.0	0.0	8.070999999999999e-05	0.0	0.0	0.0	0.0	0.0	0.0	0.0868147	0.0	0.0	0.0	0.0	0.015187800000000001	0.000854584	0.0	0.0	0.00157828	0.0005995	0.0	0.0	0.0	0.0	0.0	0.0	0.0049216699999999995	0.0	0.0	0.0	0.0885514	0.0	0.00047367300000000003	0.0	0.0	0.120783	0.0011257	0.0	0.0	0.084253	0.0	0.0	0.125164	0.00027598	0.00392021	0.0463108	0.0	0.0	0.00044637699999999997	0.0	0.000461076	0.000155944	0.0	0.0	0.0	0.000663359	0.0	0.0
Sor-CPnd_055-Ex1-7G-lcwgs-1-3	0.0142274	0.0277402	0.0	0.0846071	0.00133315	0.000170643	0.0	0.0	0.0	5.3326e-05	0.0	0.0	0.0	6.39912e-05	0.000639912	0.0	0.000607917	0.0420102	0.0	0.0	0.00117317	0.0	2.1330399999999998e-05	0.0	0.0	0.0	0.0	0.0126596	0.0	0.0	0.000415943	0.0	1.0665199999999999e-05	0.0	0.0	0.0	4.31062e-05	8.653320000000001e-05	8.68902e-05	0.0	0.000175458	0.0	0.0	0.00021204	0.000258387	0.0	0.0	0.00016075	0.0007059519999999999	1.16672e-05	0.0	0.000213578	0.0	0.0	0.0	0.0	0.0	0.00025076899999999997	0.0863013	0.167405	0.0	0.0	0.0	0.0	0.0	0.000312579	0.0	0.0	0.0	0.000709164	0.0	0.0	0.0	0.0	0.0	6.0637700000000004e-05	0.0	0.0	0.0892087	0.0	0.00242252	0.000194717	0.0955096	1.6603299999999997e-05	0.127831	0.0	0.000137473	0.0	0.0	5.3358899999999995e-05	0.000341865	0.0840625	0.0	0.0	1.8848799999999998e-05	0.0	0.0	0.0	0.0	0.0	0.0	0.083002	0.0	0.0	0.0	0.0	0.0136639	0.0010773900000000001	0.0	0.0	0.0015737	0.000254019	0.0	0.0	0.0	0.0	0.0	0.0	0.0033266399999999996	0.0	0.0	0.0	0.0911434	0.0	5.445159999999999e-05	0.0	0.0	0.128508	0.00106214	0.0	2.9492300000000002e-05	0.0856566	0.0	0.0	0.12751200000000001	0.0	0.00326985	0.041961500000000006	0.0	0.00010061400000000001	0.000170435	0.0	0.0001409	0.0006075000000000001	0.0	0.0	0.0	0.000228157	0.0	0.0
Sor-CPnd_058-Ex1-2G-lcwgs-1-3	0.0145243	0.029304100000000003	0.0	0.0824878	0.00141509	0.000511003	0.0	0.0	0.0	5.89619e-05	0.0	0.0	0.0	0.0	0.0006289269999999999	0.0	0.000668235	0.042570500000000004	0.0	0.0	0.00129716	0.0	1.9654000000000002e-05	0.0	0.0	0.0	0.0	0.013600600000000001	0.0	0.0	0.00043238799999999997	0.0	0.0	0.0	0.0	0.0	3.9471499999999996e-05	0.000158135	0.00013861	0.0	0.000119306	0.0	0.0	0.000400931	0.00022122100000000002	0.0	0.0	0.00014236	0.000755666	4.1032500000000004e-05	0.0	0.000145005	0.0	0.0	0.0	0.0	0.0	0.00030028	0.0889292	0.166982	0.0	0.0	0.0	0.0	0.0	0.000409442	0.0	0.0	0.0	0.000659545	0.0	0.0	0.0	0.0	0.0	4.9959999999999996e-05	0.0	0.0	0.088779	0.0	0.00253167	0.00029341699999999997	0.0987834	2.73019e-05	0.130749	0.0	0.000113188	0.0	0.0	0.0	0.000475961	0.0894898	0.0	0.0	9.40002e-05	0.0	0.0	0.0	0.0	0.0	6.798089999999999e-05	0.0828532	0.0	0.0	0.0	0.0	0.015502100000000001	0.00105084	0.0	0.0	0.0015291600000000001	0.000358092	0.0	0.0	0.0	0.0	0.0	0.0	0.00481951	4.4898700000000004e-05	0.0	0.0	0.0850933	0.0	9.70021e-05	0.0	0.0	0.12107299999999999	0.00139513	0.0	0.0	0.0799589	0.0	0.0	0.127273	5.7918e-05	0.00394654	0.045300599999999996	0.0	0.00012422	0.000316464	0.0	0.000197139	0.000601603	0.00013603699999999999	0.0	0.0	0.00028749600000000004	0.0	0.0
Sor-CPnd_063-Ex1-7D-lcwgs-1-3	0.013649399999999999	0.0278459	0.0	0.08515070000000001	0.00129231	0.00022638900000000002	0.0	0.0	0.0	1.8865799999999998e-05	0.0	0.0	0.0	1.8865799999999998e-05	0.000641437	0.0	0.00047164399999999996	0.0427687	0.0	0.0	0.00116025	0.0	0.0	0.0	0.0	0.0	9.43289e-06	0.0134702	0.0	1.8865799999999998e-05	0.00039618099999999995	0.0	0.0	0.0	0.0	0.0	4.75914e-05	0.000190988	0.000143773	0.0	0.000164358	0.0	0.0	0.000127702	0.000355815	0.0	0.0	0.000110974	0.000518348	3.0726600000000005e-05	0.0	0.000135313	0.0	1.05867e-05	0.0	0.0	0.0	0.000175629	0.0855085	0.165372	0.0	0.0	0.0	0.0	0.0	0.000237522	0.0	0.0	0.0	0.000520244	0.0	0.0	0.0	0.0	0.0	2.6453699999999997e-05	0.0	0.0	0.08534649999999999	0.0	0.00235073	0.000155672	0.09308810000000001	7.239220000000001e-05	0.126288	0.0	5.99127e-05	0.0	0.0	0.0	0.00018810000000000002	0.0858177	0.0	0.0	3.28188e-05	0.0	0.0	0.0	0.0	0.0	1.7586199999999998e-05	0.0869559	0.0	0.0	0.0	0.0	0.013683299999999999	0.00106957	0.0	0.0	0.00138596	0.000260515	0.0	0.0	0.0	0.0	0.0	0.0	0.00371246	0.0	0.0	0.0	0.085534	0.0	2.35668e-05	0.0	0.0	0.122996	0.00109243	0.0	0.0	0.0830598	0.0	0.0	0.130298	0.000109208	0.0031564699999999998	0.0440698	0.0	2.89326e-05	0.00038212099999999997	0.0	0.000364273	0.00061586	0.0	0.0	0.0	0.000589028	0.0	0.0
Sor-CPnd_066-Ex1-8B-lcwgs-1-3	0.0100506	0.021896099999999998	0.0	0.0811231	0.000717903	0.0	0.0	0.0	0.0	0.0	0.0	0.0	0.0	0.0	0.000358952	0.0	0.00107686	0.0412794	0.0	0.0	0.000358952	0.0	0.0	0.0	0.0	0.0	0.0	0.008973789999999999	0.0	0.0	0.000358952	0.0	0.0	0.0	0.0	0.0	0.0	0.0	0.0	0.0	0.0	0.0	0.0	0.0	0.0007459900000000001	0.0	0.0	0.0	0.0	0.0	0.0	0.0	0.0	0.0	0.0	0.0	0.0	0.0	0.0990228	0.19334099999999999	0.0	0.0	0.0	0.0	0.0	0.0	0.0	0.0	0.0	0.000879573	0.0	0.0	0.0	0.0	0.0	0.0	0.0	0.0	0.106219	0.0	0.00335864	0.000483945	0.1132	0.0	0.155767	0.0	0.0	0.0	0.0	0.0	0.0005213	0.106144	0.0	0.0	0.0	0.0	0.0	0.0	0.0	0.0	0.0	0.0828666	0.0	0.0	0.0	0.0	0.010744700000000001	0.000602087	0.0	0.0	0.0006182690000000001	0.000623609	0.0	0.0	0.0	0.0	0.0	0.0	0.000665093	0.0	0.0	0.0	0.0856703	0.0	0.000704156	0.0	0.0	0.113112	0.00146474	0.0	0.0	0.0814375	0.0	0.0	0.142357	0.0	0.00238533	0.0474128	0.0	0.0	0.0	0.0	0.0	0.000862939	0.0	0.0	0.0	0.0	0.0	0.0
Sor-CPnd_069-Ex1-6B-lcwgs-1-3	0.014614900000000002	0.027696	0.0	0.0850354	0.00112025	0.00012064199999999999	0.0	0.0	0.0	0.0	0.0	0.0	0.0	0.0	0.000517038	0.0	0.00048256799999999995	0.0416043	0.0	0.0	0.00130983	0.0	0.0	0.0	0.0	0.0	0.0	0.0129776	0.0	0.0	0.000344692	0.0	0.0	0.0	0.0	0.0	0.0	0.000243127	0.000191443	0.0	5.247730000000001e-05	0.0	0.0	0.000123583	0.000106303	0.0	0.0	0.00010752300000000001	0.000413863	0.0	0.0	0.000109364	0.0	0.0	0.0	0.0	0.0	0.000356082	0.08442770000000001	0.166554	0.0	0.0	0.0	0.0	0.0	0.000390074	0.0	0.0	0.0	0.000637329	0.0	0.0	0.0	0.0	0.0	2.05853e-05	0.0	0.0	0.0839562	0.0	0.0024565800000000003	0.000298204	0.0924421	2.15455e-05	0.125234	0.0	0.000109613	0.0	0.0	0.0	0.000246758	0.0851259	0.0	0.0	2.2957299999999998e-05	0.0	0.0	0.0	0.0	0.0	0.0	0.0851042	0.0	0.0	0.0	0.0	0.013685300000000001	0.00104418	0.0	0.0	0.00136914	0.000178682	0.0	0.0	0.0	0.0	0.0	0.0	0.0033225900000000003	0.0	0.0	0.0	0.0873595	0.0	5.603760000000001e-05	0.0	0.0	0.13076	0.000982823	0.00011657300000000001	0.0	0.08161120000000001	0.0	0.0	0.123278	3.06473e-05	0.00355609	0.040138400000000005	0.0	0.0	0.00028938799999999996	0.0	0.000197173	0.00056383	0.0	0.0	0.0	0.000379842	0.0	0.0
Sor-CPnd_072-Ex1-8C-lcwgs-1-3	0.0128956	0.027828500000000003	0.0	0.0843486	0.00107523	0.000360766	0.0	0.0	0.0	1.4147699999999998e-05	0.0	0.0	0.0	2.12216e-05	0.0005163909999999999	0.0	0.000346619	0.0424077	0.0	0.0	0.0008205669999999999	0.0	0.0	0.0	0.0	0.0	0.0	0.0120114	7.073849999999999e-06	0.0	0.000297102	0.0	0.0	0.0	0.0	0.0	4.26899e-05	0.000114065	0.00011431300000000001	0.0	4.30742e-05	0.0	0.0	0.00010135600000000001	0.000152504	0.0	0.0	9.53544e-05	0.000404846	2.21618e-05	0.0	8.18615e-05	0.0	7.4987700000000005e-06	0.0	0.0	0.0	0.000175226	0.0826318	0.165715	0.0	0.0	0.0	0.0	0.0	0.000165443	0.0	0.0	0.0	0.0004971800000000001	0.0	0.0	0.0	0.0	0.0	0.0	0.0	0.0	0.0821413	0.0	0.00220376	0.000169676	0.0897882	8.56529e-06	0.11998099999999999	0.0	8.689050000000001e-06	0.0	0.0	2.64446e-05	0.00017714600000000001	0.0826702	0.0	0.0	2.70884e-05	0.0	0.0	0.0	0.0	9.25337e-06	1.85994e-05	0.08641900000000001	0.0	0.0	0.0	0.0	0.013866400000000001	0.000896518	0.0	0.0	0.00138106	0.000157564	0.0	0.0	0.0	0.0	0.0	0.0	0.00332835	2.06003e-05	0.0	0.0	0.0853776	0.0	3.184e-05	0.0	0.0	0.12867499999999998	0.0009794089999999999	3.28587e-05	1.10249e-05	0.0849207	0.0	0.0	0.125183	3.42102e-05	0.0029057899999999997	0.0407411	0.0	3.52635e-05	0.000177869	0.0	0.000241472	0.000595947	4.9014800000000004e-05	0.0	0.0	0.000326716	0.0	0.0
