Sample	1	2	3	4	5	6	7	8	9	10	11	12	13	14	15	16	17	18	19	20	21	22	23	24	25	26	27	28	29	30	31	32	33	34	35	36	37	38	39	40	41	42	43	44	45	46	47	48	49	50	51	52	53	54	55	56	57	58	59	60	61	62	63	64	65	66	67	68	69	70	71	72	73	74	75	76	77	78	79	80	81	82	83	84	85	86	87	88	89	90	91	92	93	94	95	96	97	98	99	100	101	102	103	104	105	106	107	108	109	110	111	112	113	114	115	116	117	118	119	120	121	122	123	124	125	126	127	128	129	130	131	132	133	134	135	136	137	138	139	140	141	142	143	144	145	146	147	148	149	150
Sor-CPnd_001-Ex1-3E-lcwgs-1-3	55.544700000000006	38.176100000000005	37.4155	36.896	37.8502	34.3055	34.7337	36.7642	37.824000000000005	36.3326	41.0068	40.408500000000004	40.022200000000005	39.4059	39.2553	38.7368	39.2623	38.9326	39.278200000000005	39.212	39.509100000000004	39.0944	39.2557	38.7134	38.943	38.7349	38.685900000000004	38.5508	38.939800000000005	38.6187	39.1271	38.9775	39.0874	38.7986	39.025	38.7171	38.8771	38.5962	38.771	38.5708	39.0505	38.594699999999996	38.9509	38.7414	38.7388	38.5538	38.7301	38.473	38.6492	38.5957	38.689800000000005	38.6297	38.8571	38.6001	38.7189	38.6766	38.7694	38.4724	38.7895	38.4516	38.821600000000004	38.6416	38.602599999999995	38.5992	38.7496	38.4812	38.669	38.5691	38.6351	38.397999999999996	38.7625	38.5335	38.7811	38.6392	38.6142	38.5342	38.6992	38.4233	38.7172	38.5282	38.7307	38.600899999999996	38.6728	38.528400000000005	38.6464	38.5802	38.614599999999996	38.3799	38.7082	38.4741	38.709900000000005	38.6573	38.6999	38.5745	38.7048	38.51	38.6366	38.4903	38.551	38.4457	38.6843	38.4346	38.5942	38.6552	38.5934	38.5718	38.5718	38.3557	38.6	38.3963	38.556000000000004	38.4919	38.6535	38.4891	38.6663	38.581900000000005	38.6124	38.3868	38.577600000000004	38.3097	38.5426	38.4822	38.5473	38.500499999999995	38.6993	38.494499999999995	38.6261	38.4447	38.5475	38.315	38.571	38.3649	38.5986	38.610699999999994	38.586	38.5971	38.709900000000005	38.4664	38.6706	38.5656	38.6757	38.676	38.7624	38.7339	38.8864	38.8399	38.799	38.7307	38.8026	38.3537
Sor-CPnd_002-Ex1-5E-lcwgs-1-3	55.27760000000001	40.320299999999996	38.2826	37.7657	38.7021	35.4359	36.039100000000005	38.3481	39.196999999999996	37.3897	41.9812	41.307100000000005	40.8444	40.2344	40.1036	39.6325	40.1147	39.7148	40.167199999999994	40.0269	40.2581	39.8727	40.1175	39.5248	39.8766	39.6861	39.6893	39.4525	39.8787	39.5355	39.9793	39.8642	39.959	39.6246	39.9317	39.5446	39.739200000000004	39.4785	39.6325	39.4226	39.8836	39.364399999999996	39.7057	39.5652	39.5984	39.308	39.5729	39.2531	39.5186	39.358	39.501999999999995	39.3556	39.614399999999996	39.3138	39.519	39.4068	39.5191	39.2053	39.555800000000005	39.178000000000004	39.5173	39.3852	39.315099999999994	39.3414	39.5727	39.2069	39.4453	39.3513	39.3861	39.1587	39.5244	39.2528	39.508900000000004	39.3174	39.3616	39.2905	39.4679	39.1385	39.4397	39.2562	39.4639	39.2584	39.4089	39.2279	39.362700000000004	39.3115	39.3846	39.0791	39.439800000000005	39.1835	39.3771	39.340599999999995	39.373200000000004	39.2479	39.3765	39.196799999999996	39.383	39.2219	39.2349	39.121	39.4113	39.1749	39.2913	39.325500000000005	39.279199999999996	39.163	39.3129	39.1123	39.317099999999996	39.1049	39.1651	39.1361	39.3424	39.260099999999994	39.3231	39.333600000000004	39.3019	39.1162	39.2531	39.079	39.25	39.1551	39.195	39.2428	39.3863	39.162	39.211600000000004	39.1454	39.2208	39.0334	39.3292	39.0717	39.256600000000006	39.211800000000004	39.2411	39.3372	39.3822	39.1767	39.3328	39.177	39.396	39.3854	39.5103	39.3693	39.549	39.5497	39.3699	39.398300000000006	39.4546	39.007
Sor-CPnd_003-Ex1-2B-lcwgs-1-3	56.3433	39.1201	38.8241	37.4166	38.4407	35.539300000000004	36.1908	38.1278	39.1398	37.120599999999996	42.0783	41.581	41.0189	40.367599999999996	40.2581	39.6828	40.2145	39.818999999999996	40.2265	40.159800000000004	40.371	39.8991	40.1588	39.585100000000004	39.8086	39.5583	39.5959	39.4397	39.831	39.5189	39.982800000000005	39.7822	39.9846	39.628099999999996	39.8926	39.529199999999996	39.7197	39.4351	39.6407	39.4011	39.9037	39.4311	39.7893	39.5773	39.6004	39.3909	39.570699999999995	39.332	39.5407	39.4664	39.5599	39.4287	39.7344	39.3745	39.6361	39.4953	39.6484	39.3146	39.6349	39.3056	39.6304	39.5205	39.4675	39.4257	39.6342	39.3566	39.5672	39.4723	39.5019	39.2813	39.6276	39.407399999999996	39.6413	39.4683	39.520300000000006	39.4601	39.5812	39.3203	39.5539	39.364900000000006	39.6013	39.4196	39.6	39.4171	39.532000000000004	39.4508	39.492399999999996	39.2189	39.6395	39.3361	39.534000000000006	39.5204	39.5615	39.4885	39.5929	39.3548	39.5591	39.3882	39.480599999999995	39.3513	39.5976	39.3202	39.5785	39.567099999999996	39.5283	39.4137	39.5509	39.2758	39.5067	39.3021	39.4928	39.319700000000005	39.5657	39.4595	39.551700000000004	39.5422	39.5172	39.2982	39.511	39.225100000000005	39.4979	39.348499999999994	39.452999999999996	39.421499999999995	39.6455	39.3891	39.521	39.354099999999995	39.4996	39.2673	39.4959	39.327400000000004	39.4863	39.4754	39.4835	39.5182	39.5891	39.315	39.5655	39.4499	39.5963	39.4848	39.7145	39.5823	39.7507	39.7548	39.6271	39.5331	39.6295	39.2046
Sor-CPnd_004-Ex1-1G-lcwgs-1-3	54.6783	39.7008	37.6089	36.896	38.461	36.1288	36.0042	37.6123	38.4292	36.736799999999995	41.2032	40.583000000000006	40.225	39.699600000000004	39.541399999999996	39.0674	39.603	39.1805	39.5932	39.520300000000006	39.717400000000005	39.293	39.5652	39.0098	39.257999999999996	39.0571	39.0448	38.8154	39.2598	38.8839	39.3321	39.198899999999995	39.332699999999996	39.0484	39.327	38.9518	39.156	38.8992	39.045	38.8307	39.3344	38.8018	39.1569	38.994299999999996	39.019999999999996	38.8191	39.0544	38.7266	38.9733	38.8081	38.9784	38.8364	39.1217	38.821	39.035599999999995	38.9204	39.0237	38.7163	39.0645	38.6855	39.016600000000004	38.912	38.882600000000004	38.8146	39.075700000000005	38.758700000000005	38.946	38.8069	38.939	38.6391	39.0165	38.778800000000004	38.9942	38.8801	38.853100000000005	38.8538	39.0183	38.6926	39.0085	38.8251	38.9983	38.7872	39.0121	38.7892	38.9725	38.8825	38.900600000000004	38.62	39.0293	38.7533	38.947500000000005	38.932	38.9366	38.8928	39.0081	38.798500000000004	38.994800000000005	38.8212	38.838	38.7605	38.992	38.7314	38.887	38.991	38.8675	38.833800000000004	38.968599999999995	38.7682	38.8952	38.805099999999996	38.871	38.7785	38.9434	38.8281	38.9635	38.9186	38.9575	38.754	38.9299	38.6978	38.859100000000005	38.8549	38.8954	38.8756	39.0007	38.8428	38.9488	38.8068	38.9231	38.7566	38.9819	38.7629	38.9361	38.9558	38.893100000000004	39.0239	39.0828	38.8469	39.024	39.0114	39.1197	39.0368	39.230599999999995	39.1142	39.3063	39.2764	39.149699999999996	39.1361	39.2346	38.7747
Sor-CPnd_005-Ex1-3D-lcwgs-1-3	55.7635	38.4845	38.3388	37.2967	38.3221	35.0334	35.8346	37.209599999999995	38.1258	36.5834	41.1715	40.6335	40.2835	39.7277	39.5718	39.1087	39.6841	39.35	39.6554	39.6818	39.8055	39.4363	39.614399999999996	39.0712	39.2634	39.009	39.027	38.8719	39.1805	38.9306	39.3564	39.2279	39.3224	39.1162	39.3109	38.9854	39.1553	38.9858	39.049800000000005	38.8874	39.3609	38.9602	39.2576	39.0652	39.123599999999996	38.9244	39.0789	38.8078	39.0837	38.9611	39.0309	38.9622	39.1849	38.921	39.1383	39.0517	39.1312	38.8133	39.1493	38.8244	39.1327	39.0917	38.983200000000004	38.9587	39.1762	38.8585	39.0729	38.942	38.987100000000005	38.8438	39.0957	38.9726	39.161	39.0273	39.0634	38.95	39.106	38.8851	39.115	38.934000000000005	39.1314	38.969	39.167699999999996	38.9699	39.1122	39.0026	39.049800000000005	38.8185	39.1871	38.8818	39.1626	39.1272	39.095	38.9933	39.157399999999996	39.0401	39.0854	39.042300000000004	39.006600000000006	38.9651	39.141	38.975100000000005	39.095600000000005	39.1349	39.0401	39.029399999999995	39.068000000000005	38.927800000000005	39.1165	38.9368	39.0554	38.9985	39.185900000000004	39.057199999999995	39.2106	39.1749	39.126	38.9299	39.2052	38.833	39.0839	38.9944	39.0741	39.0863	39.1311	39.0315	39.1803	39.0712	39.1107	38.9644	39.117000000000004	39.028800000000004	39.1565	39.1741	39.1716	39.199400000000004	39.2799	39.1341	39.2565	39.1004	39.3351	39.203500000000005	39.429199999999994	39.3407	39.4317	39.4216	39.4044	39.2487	39.449	39.0044
Sor-CPnd_006-Ex1-2D-lcwgs-1-3	55.2841	39.3408	37.9308	37.051899999999996	38.3001	35.139900000000004	35.950199999999995	37.7768	38.7021	36.776599999999995	41.5113	40.9447	40.4843	39.868700000000004	39.7221	39.2157	39.7086	39.3206	39.6751	39.6395	39.816	39.3917	39.6304	39.102399999999996	39.317	39.1104	39.1452	38.9114	39.3105	39.0049	39.4265	39.305299999999995	39.419	39.1455	39.386700000000005	39.0432	39.2031	38.9488	39.1378	38.9129	39.3849	38.9197	39.244299999999996	39.0511	39.0475	38.8676	39.0607	38.783	38.9996	38.8837	39.0254	38.9007	39.1258	38.8569	39.0531	38.9423	39.0641	38.7643	39.0658	38.7698	39.0297	38.989200000000004	38.898700000000005	38.862	39.0505	38.8095	38.9661	38.8702	38.9077	38.724199999999996	39.039699999999996	38.8162	39.0473	38.9302	38.911699999999996	38.8697	39.010400000000004	38.725300000000004	38.9576	38.8333	39.0339	38.8569	38.988099999999996	38.8302	38.9657	38.8961	38.9084	38.6862	39.0064	38.7594	38.9189	38.9533	38.927800000000005	38.8711	39.01	38.8281	38.9193	38.828	38.8227	38.6997	38.958	38.791199999999996	38.8812	38.9599	38.9087	38.825900000000004	38.975100000000005	38.7312	38.9002	38.7583	38.9047	38.8094	38.9596	38.813700000000004	38.973600000000005	38.9354	38.9202	38.7549	38.9411	38.6856	38.8973	38.7938	38.8553	38.8855	39.0327	38.819900000000004	38.9216	38.8694	38.8968	38.7542	38.9371	38.7853	38.9054	38.9077	38.9497	39.002700000000004	39.0162	38.8894	39.051399999999994	38.967200000000005	39.0926	39.0726	39.2083	39.109100000000005	39.2673	39.2247	39.1538	39.122	39.208	38.7132
Sor-CPnd_007-Ex1-1C-lcwgs-1-3	57.2071	40.1536	39.5764	38.2442	39.499	37.2587	36.8524	38.9859	40.1261	37.8222	43.0201	42.6424	42.1654	41.4497	41.3036	40.7057	41.252100000000006	40.8192	41.309000000000005	41.2311	41.2935	40.9715	41.1989	40.5968	40.9006	40.6293	40.6628	40.4508	40.8722	40.5266	41.105000000000004	40.827400000000004	41.035199999999996	40.6808	40.982	40.5581	40.82	40.501599999999996	40.6719	40.4652	40.9553	40.3947	40.856700000000004	40.617599999999996	40.6869	40.389	40.7282	40.3131	40.62	40.461000000000006	40.596700000000006	40.4455	40.7661	40.4043	40.6342	40.4676	40.6813	40.3318	40.6488	40.2726	40.6345	40.5349	40.4659	40.3966	40.682	40.2864	40.4787	40.464099999999995	40.4797	40.2577	40.6643	40.3812	40.6128	40.4231	40.4658	40.415800000000004	40.5474	40.2789	40.5475	40.3802	40.5346	40.3698	40.5432	40.3364	40.5413	40.374700000000004	40.483200000000004	40.2179	40.6129	40.200599999999994	40.5744	40.5115	40.5208	40.3057	40.5142	40.265699999999995	40.4464	40.3281	40.3609	40.260400000000004	40.4775	40.2278	40.470299999999995	40.4885	40.390100000000004	40.2965	40.477999999999994	40.2245	40.4393	40.2424	40.3633	40.2445	40.4885	40.3785	40.563900000000004	40.4343	40.491899999999994	40.1962	40.4541	40.193200000000004	40.3816	40.27	40.277	40.435900000000004	40.5281	40.3118	40.4028	40.2686	40.4194	40.104800000000004	40.4595	40.2404	40.4565	40.286699999999996	40.4429	40.4813	40.477999999999994	40.2117	40.6266	40.3587	40.4159	40.3292	40.6156	40.5383	40.688	40.530300000000004	40.5989	40.4411	40.5622	40.253299999999996
Sor-CPnd_008-Ex1-1A-lcwgs-1-3	57.04169999999999	37.0111	39.3981	37.2226	37.7188	34.6357	34.8795	37.2595	38.5698	36.0301	41.7939	41.668	40.9705	40.2089	40.0821	39.4798	39.9028	39.5993	39.8816	39.7935	40.0633	39.6153	39.777499999999996	39.2549	39.4388	39.1052	39.1781	39.069700000000005	39.4319	39.172200000000004	39.5817	39.4719	39.6844	39.3881	39.5655	39.3142	39.427800000000005	39.1329	39.352399999999996	39.149699999999996	39.6428	39.2504	39.5948	39.3709	39.4305	39.220699999999994	39.4009	39.1297	39.374700000000004	39.252900000000004	39.4388	39.3264	39.5951	39.3365	39.4904	39.3716	39.492	39.2142	39.543099999999995	39.213300000000004	39.5377	39.3692	39.4181	39.372800000000005	39.555099999999996	39.245799999999996	39.500600000000006	39.3446	39.4506	39.1964	39.591	39.3212	39.5453	39.3775	39.460499999999996	39.3677	39.4929	39.2423	39.4911	39.311299999999996	39.5494	39.3614	39.5283	39.333800000000004	39.537800000000004	39.3702	39.427	39.2063	39.5585	39.2328	39.510400000000004	39.4579	39.5156	39.4327	39.5485	39.3436	39.5045	39.3145	39.447900000000004	39.2695	39.5657	39.3085	39.527	39.4773	39.4738	39.404	39.5158	39.2771	39.4644	39.279399999999995	39.4588	39.293499999999995	39.6038	39.4173	39.5466	39.4867	39.4722	39.318	39.4971	39.2078	39.4317	39.3305	39.5043	39.4101	39.5949	39.379799999999996	39.522600000000004	39.3453	39.502900000000004	39.2428	39.4928	39.287499999999994	39.504099999999994	39.4668	39.5168	39.513799999999996	39.6355	39.3882	39.5835	39.446999999999996	39.5955	39.4965	39.711200000000005	39.5866	39.795700000000004	39.706399999999995	39.651599999999995	39.6064	39.7312	39.238
Sor-CPnd_009-Ex1-6A-lcwgs-1-3	55.1979	38.7969	37.8659	37.0636	38.0504	35.0001	35.1989	37.7821	38.8892	36.5747	41.7311	41.4642	40.7953	40.162	39.9546	39.4169	39.8864	39.4994	39.872	39.8363	40.0582	39.6312	39.8785	39.2755	39.5161	39.265699999999995	39.3163	39.1352	39.5735	39.2303	39.6677	39.5161	39.7029	39.3704	39.6244	39.2662	39.4401	39.2022	39.3743	39.1706	39.6539	39.1924	39.539	39.3791	39.3614	39.157399999999996	39.3625	39.0999	39.3026	39.2055	39.3405	39.198499999999996	39.4791	39.1752	39.372800000000005	39.2881	39.3636	39.0708	39.3838	39.075900000000004	39.4056	39.2843	39.2556	39.2068	39.4196	39.0968	39.3208	39.225	39.2723	39.0814	39.4251	39.205	39.402100000000004	39.2617	39.307199999999995	39.1911	39.374900000000004	39.1122	39.3741	39.1747	39.4251	39.194	39.3769	39.1817	39.391799999999996	39.274300000000004	39.2986	39.035	39.4584	39.145799999999994	39.3667	39.352199999999996	39.408100000000005	39.3302	39.4242	39.2138	39.3942	39.2096	39.3131	39.1662	39.425399999999996	39.2162	39.367799999999995	39.4053	39.3623	39.283699999999996	39.3892	39.1878	39.3564	39.1637	39.344	39.2498	39.4803	39.3115	39.5092	39.4093	39.4075	39.2087	39.4678	39.1875	39.360800000000005	39.2489	39.4036	39.3762	39.5186	39.345200000000006	39.4524	39.327400000000004	39.4768	39.2204	39.4817	39.2922	39.467	39.4097	39.4492	39.5012	39.5815	39.3981	39.5505	39.4388	39.603100000000005	39.4878	39.7109	39.554899999999996	39.8172	39.7508	39.652	39.5835	39.7305	39.2766
Sor-CPnd_010-Ex1-1H-lcwgs-1-3	55.5395	38.4653	37.6108	36.7628	38.323299999999996	34.9721	35.5331	37.402499999999996	38.2954	36.2718	41.3236	40.7246	40.2448	39.7103	39.386900000000004	38.9721	39.5322	39.0441	39.394	39.3388	39.5437	39.213300000000004	39.3775	38.8917	39.138	38.8044	38.8175	38.6711	38.9247	38.6973	39.1598	38.986900000000006	39.1951	38.874900000000004	39.1356	38.7344	38.9775	38.6855	38.8637	38.636900000000004	39.0985	38.6465	39.015100000000004	38.8243	38.8685	38.7774	38.9219	38.630700000000004	38.8208	38.7548	38.750099999999996	38.6987	39.0521	38.731700000000004	38.8908	38.778800000000004	38.9851	38.6531	38.8776	38.6255	38.9047	38.714	38.7179	38.722	38.980199999999996	38.5924	38.9578	38.709500000000006	38.6978	38.6587	38.926100000000005	38.6303	38.957300000000004	38.7132	38.7477	38.725500000000004	39.0074	38.5899	38.854699999999994	38.734	38.967400000000005	38.6029	38.8487	38.663199999999996	38.828	38.8264	38.8046	38.515100000000004	38.8493	38.6136	38.7793	38.6993	38.793	38.7613	38.847500000000004	38.6956	38.8071	38.711	38.807399999999994	38.541599999999995	38.8343	38.571299999999994	38.7771	38.817299999999996	38.804899999999996	38.7618	38.7741	38.6947	38.7761	38.6412	38.7411	38.7308	38.8158	38.736599999999996	38.9403	38.7797	38.790400000000005	38.6142	38.832499999999996	38.655	38.8007	38.6252	38.8578	38.6877	38.9436	38.5997	38.8097	38.6138	38.8695	38.6092	38.7676	38.6883	38.8033	38.840599999999995	38.8164	38.9225	38.9069	38.6276	39.163599999999995	38.7068	38.986599999999996	38.9629	39.1688	38.9484	39.0784	39.0589	39.0108	38.9621	39.231899999999996	38.6254
Sor-CPnd_012-Ex1-5B-lcwgs-1-3	55.5836	39.178200000000004	38.152	37.108999999999995	38.4149	35.428	36.0937	38.1081	39.0378	36.955799999999996	41.9265	41.436099999999996	40.8473	40.2103	40.0559	39.5603	40.0208	39.5972	40.0082	39.9801	40.124300000000005	39.710699999999996	39.942299999999996	39.387100000000004	39.6014	39.4526	39.4403	39.2685	39.653	39.2996	39.758300000000006	39.597300000000004	39.7157	39.4603	39.720499999999994	39.3133	39.484	39.1916	39.385999999999996	39.1403	39.6553	39.1334	39.522800000000004	39.3312	39.3482	39.142900000000004	39.3345	39.025	39.2344	39.158300000000004	39.306999999999995	39.142900000000004	39.3719	39.1225	39.3081	39.1945	39.352	38.9781	39.3583	38.9884	39.3242	39.1727	39.1569	39.1259	39.3369	38.9783	39.2673	39.0877	39.1542	38.924	39.2817	39.0635	39.2889	39.1691	39.187	39.0895	39.2722	38.9449	39.2409	39.0197	39.2908	39.0791	39.2922	39.0255	39.278200000000005	39.0407	39.0793	38.891	39.2299	38.9421	39.229	39.1192	39.2046	39.1198	39.2732	39.0338	39.2289	39.0125	39.1088	38.9343	39.2316	38.984	39.1318	39.1445	39.118900000000004	39.088699999999996	39.1864	38.9572	39.1389	38.982299999999995	39.055099999999996	39.0198	39.251200000000004	39.0518	39.2455	39.164100000000005	39.1553	38.896300000000004	39.147	38.827099999999994	39.098699999999994	39.0009	39.0373	39.015100000000004	39.2394	38.9717	39.108	39.029799999999994	39.1404	38.9103	39.122099999999996	38.9463	39.1252	39.1816	39.0745	39.1305	39.2697	38.982299999999995	39.1986	39.149	39.212	39.1397	39.3838	39.205	39.4336	39.4236	39.2937	39.1982	39.4019	38.941199999999995
Sor-CPnd_013-Ex1-7F-lcwgs-1-3	55.700300000000006	39.354099999999995	38.2138	37.113099999999996	38.5115	36.238	36.0147	38.2134	38.954	37.0549	41.8272	41.1818	40.6653	40.120400000000004	39.9426	39.4658	40.0065	39.517	39.9463	39.8784	40.068	39.631699999999995	39.9335	39.3415	39.549	39.3978	39.3861	39.2204	39.5694	39.2494	39.7139	39.5306	39.7065	39.3692	39.6451	39.2268	39.3795	39.12	39.3094	39.0935	39.5633	39.0455	39.374700000000004	39.2499	39.241	39.0571	39.2353	38.8641	39.1595	39.0183	39.2127	38.9641	39.259	38.9517	39.1498	39.104299999999995	39.1594	38.8127	39.1995	38.8236	39.1719	39.0452	38.9993	38.9655	39.2006	38.8834	39.0465	38.922000000000004	39.000800000000005	38.8135	39.0934	38.8674	39.1203	38.9608	39.023799999999994	38.888	39.0842	38.805299999999995	39.052	38.9173	39.0368	38.849000000000004	39.0446	38.901599999999995	39.0059	38.8787	38.928000000000004	38.6934	39.0323	38.7542	38.93	38.994299999999996	38.952999999999996	38.8882	39.050000000000004	38.833	39.0135	38.8478	38.838899999999995	38.757200000000005	38.9971	38.7579	38.9448	38.997	38.886700000000005	38.8748	38.8994	38.7567	38.8565	38.7185	38.865300000000005	38.7497	39.0607	38.8404	39.017	38.9149	38.9726	38.6484	38.947700000000005	38.6637	38.8237	38.7787	38.929	38.7881	39.0891	38.8029	38.9125	38.772400000000005	38.8943	38.7144	38.887	38.689299999999996	38.8352	38.8283	38.880199999999995	38.898700000000005	38.932	38.8223	38.9485	38.9246	38.9397	38.9383	39.1122	39.032	39.2345	39.122800000000005	39.065	39.0649	39.1006	38.6918
Sor-CPnd_014-Ex1-1F-lcwgs-1-3	55.178000000000004	40.3491	38.087199999999996	37.768299999999996	38.7447	36.5003	35.877900000000004	37.9908	38.7988	37.2714	41.5001	40.8907	40.5012	40.028999999999996	39.8307	39.3621	39.8063	39.4272	39.7761	39.7339	39.9589	39.6275	39.8943	39.3521	39.5972	39.4368	39.3906	39.1933	39.575900000000004	39.247	39.6866	39.5751	39.668	39.4374	39.665800000000004	39.2785	39.5319	39.2377	39.340399999999995	39.1925	39.6559	39.1464	39.5338	39.3903	39.3605	39.15	39.3888	39.083400000000005	39.3038	39.1905	39.311099999999996	39.1783	39.4128	39.1065	39.360800000000005	39.2542	39.319500000000005	39.0195	39.3513	39.0418	39.3641	39.254099999999994	39.1235	39.1419	39.3853	39.0391	39.2725	39.1619	39.1809	38.981100000000005	39.313199999999995	39.097100000000005	39.315	39.1695	39.1629	39.1494	39.2733	39.0028	39.2607	39.0722	39.2425	39.0782	39.265899999999995	39.1029	39.2256	39.1541	39.175	38.9446	39.3154	39.0192	39.221000000000004	39.2375	39.199	39.1417	39.202799999999996	39.0389	39.210499999999996	39.0659	39.131	38.9927	39.271699999999996	39.0032	39.1536	39.2241	39.1368	39.1204	39.1877	38.9915	39.1881	39.0045	39.1359	39.0186	39.2303	39.071600000000004	39.1878	39.171800000000005	39.171	38.9691	39.2085	38.9195	39.1313	39.0517	39.0647	39.1229	39.2442	39.0612	39.1549	39.0669	39.1535	38.959700000000005	39.1362	39.0006	39.1262	39.17	39.1239	39.2102	39.291199999999996	39.0668	39.281	39.1819	39.2203	39.2551	39.4314	39.2831	39.4497	39.3833	39.3509	39.259100000000004	39.4277	38.95
Sor-CPnd_015-Ex1-5F-lcwgs-1-3	55.557100000000005	40.054899999999996	38.7883	37.762499999999996	38.8439	36.826100000000004	36.5462	38.8859	39.5799	37.472	42.3204	41.6432	41.0832	40.4603	40.3915	39.8987	40.3786	39.9618	40.3502	40.304	40.4607	40.0244	40.3297	39.749	40.003899999999994	39.8036	39.7959	39.6428	40.0151	39.6728	40.1284	39.9587	40.137299999999996	39.7835	40.0546	39.650800000000004	39.8566	39.5858	39.7394	39.5499	40.0391	39.5051	39.847	39.7194	39.692	39.4561	39.7192	39.3467	39.6394	39.5193	39.6316	39.5007	39.7789	39.4584	39.637499999999996	39.575500000000005	39.6509	39.3386	39.6664	39.2848	39.6808	39.4938	39.4959	39.503	39.722	39.3903	39.590599999999995	39.4075	39.514500000000005	39.257	39.6133	39.382	39.6211	39.4988	39.501599999999996	39.3763	39.5622	39.2353	39.5506	39.311800000000005	39.5332	39.3636	39.5917	39.335	39.4773	39.440599999999996	39.4088	39.1662	39.5658	39.2651	39.5239	39.4511	39.427	39.4105	39.5411	39.2575	39.5235	39.2739	39.3285	39.2502	39.571600000000004	39.256600000000006	39.3994	39.4407	39.3314	39.3138	39.470499999999994	39.1667	39.3611	39.2559	39.352599999999995	39.214	39.4909	39.3758	39.4227	39.4031	39.4181	39.1934	39.3641	39.1177	39.3281	39.2695	39.3117	39.2608	39.4553	39.265899999999995	39.3289	39.2807	39.4354	39.1457	39.3847	39.1943	39.352199999999996	39.4256	39.3555	39.4268	39.5452	39.263999999999996	39.4275	39.3846	39.4929	39.366299999999995	39.6148	39.4126	39.5831	39.5959	39.5255	39.5151	39.592	39.1392
Sor-CPnd_016-Ex1-1B-lcwgs-1-3	56.808099999999996	37.0367	40.618900000000004	37.694100000000006	36.8345	34.6036	34.8506	36.9184	38.358	36.2255	41.3147	41.1909	40.589999999999996	39.8159	39.696	39.147999999999996	39.6153	39.3441	39.7358	39.6407	39.929500000000004	39.4449	39.6217	39.0336	39.2142	38.9428	39.0482	38.9054	39.3295	39.0636	39.5387	39.359	39.518	39.1674	39.3932	39.0568	39.238299999999995	38.9671	39.2556	39.0274	39.528600000000004	39.077	39.448	39.153999999999996	39.239200000000004	38.9886	39.1845	38.9493	39.2156	39.0706	39.2892	39.1474	39.4068	39.1244	39.3127	39.1378	39.2976	38.996399999999994	39.361000000000004	39.0314	39.407	39.2138	39.2348	39.1552	39.3849	39.0235	39.2734	39.0766	39.246199999999995	39.0081	39.3495	39.136500000000005	39.3592	39.1947	39.2502	39.1403	39.301199999999994	39.0322	39.2911	39.1121	39.3667	39.1753	39.3564	39.1312	39.3474	39.136900000000004	39.216	38.9425	39.368900000000004	39.0133	39.3439	39.2895	39.3408	39.2873	39.3489	39.1148	39.2994	39.0347	39.2204	39.099000000000004	39.3655	39.0867	39.358399999999996	39.2351	39.2992	39.15	39.2987	39.0245	39.2608	39.0734	39.2688	39.149699999999996	39.3932	39.2356	39.3386	39.295	39.2829	39.0548	39.2708	38.9697	39.2352	39.129799999999996	39.298300000000005	39.257999999999996	39.3854	39.1786	39.3244	39.130199999999995	39.277	39.0122	39.2759	39.1226	39.3521	39.2539	39.2943	39.3242	39.4009	39.1171	39.3588	39.1865	39.400800000000004	39.286500000000004	39.5349	39.3442	39.6443	39.5115	39.4574	39.3849	39.4865	39.0566
Sor-CPnd_017-Ex1-3G-lcwgs-1-3	55.9834	37.9957	37.7345	36.8723	37.6372	35.3787	35.1961	36.835499999999996	37.8594	36.3785	40.9833	40.4497	39.928999999999995	39.3889	39.2282	38.6194	39.195	38.7243	39.178200000000004	39.042500000000004	39.32	38.9374	39.2318	38.6338	38.8835	38.6937	38.7328	38.472	38.8409	38.5636	38.9049	38.938	38.9	38.615300000000005	38.940000000000005	38.4865	38.6962	38.578	38.7164	38.3748	38.969	38.4408	38.705	38.536500000000004	38.6649	38.2962	38.7286	38.344	38.511	38.4497	38.568400000000004	38.440200000000004	38.6195	38.4654	38.5214	38.5772	38.5127	38.3446	38.6152	38.3213	38.636199999999995	38.4703	38.4456	38.3431	38.5514	38.4257	38.4422	38.3956	38.550000000000004	38.1988	38.574999999999996	38.3013	38.6337	38.3953	38.4367	38.466499999999996	38.5539	38.2376	38.4413	38.372	38.5878	38.4411	38.448100000000004	38.4591	38.5619	38.3527	38.451299999999996	38.2617	38.5058	38.3264	38.466499999999996	38.4489	38.6243	38.5017	38.4646	38.3958	38.595600000000005	38.392199999999995	38.3825	38.1993	38.577600000000004	38.273	38.5125	38.440000000000005	38.5076	38.3018	38.4628	38.2826	38.501000000000005	38.2577	38.4281	38.2323	38.487100000000005	38.331199999999995	38.4698	38.4557	38.454100000000004	38.3283	38.5212	37.945	38.4677	38.1768	38.3981	38.5523	38.5301	38.3799	38.4732	38.5036	38.460499999999996	38.3322	38.5523	38.3662	38.3567	38.4626	38.41	38.446200000000005	38.7124	38.2502	38.6003	38.5276	38.574000000000005	38.539699999999996	38.7688	38.5514	38.9255	38.630700000000004	38.8159	38.608599999999996	38.7224	38.1662
Sor-CPnd_018-Ex1-1E-lcwgs-1-3	55.366499999999995	39.7687	37.8671	38.002399999999994	38.831199999999995	35.14	35.5488	37.8213	38.798500000000004	37.087599999999995	41.5527	41.031	40.6635	40.0123	39.875699999999995	39.3539	39.8101	39.4779	39.8055	39.698	40.0383	39.6328	39.8551	39.325900000000004	39.5589	39.425900000000006	39.4264	39.2148	39.6235	39.2481	39.7229	39.5842	39.7017	39.4058	39.684799999999996	39.2824	39.5208	39.1818	39.3941	39.1051	39.7012	39.085300000000004	39.5509	39.259699999999995	39.4017	39.0725	39.3489	38.978	39.2905	39.0636	39.2986	39.1251	39.3862	39.0684	39.2941	39.1779	39.3029	38.9839	39.303	38.933499999999995	39.312799999999996	39.1941	39.1088	39.1092	39.3061	39.0163	39.2031	39.0912	39.1289	38.9251	39.2877	39.0552	39.2908	39.0844	39.1194	39.088499999999996	39.2428	38.9096	39.231700000000004	39.0186	39.2327	39.036	39.1876	39.0111	39.191199999999995	39.016400000000004	39.0582	38.8438	39.185700000000004	38.929	39.2136	39.1193	39.130700000000004	39.0706	39.2077	38.9291	39.184000000000005	38.9422	39.010099999999994	38.9162	39.0833	38.8691	39.114900000000006	39.1202	38.9848	38.9878	39.1145	38.872299999999996	39.0437	38.8745	38.9717	38.8493	39.065	38.920100000000005	39.097300000000004	39.0	39.0547	38.8017	39.0085	38.7243	39.0042	38.8736	38.96	38.927299999999995	39.117000000000004	38.8822	39.022	38.913399999999996	38.9621	38.8305	39.0189	38.8422	39.0121	39.001000000000005	38.971000000000004	39.0812	39.1403	38.8616	39.112	39.0054	39.1111	39.1122	39.2951	39.1306	39.2759	39.224	39.1142	39.1752	39.2205	38.8823
Sor-CPnd_019-Ex1-6G-lcwgs-1-3	55.2789	39.9719	38.1646	37.5755	38.8872	36.7151	36.6127	38.602599999999995	39.3625	37.283	41.9745	41.3423	40.8657	40.276	40.136300000000006	39.629	40.134	39.6761	40.1208	40.031299999999995	40.2036	39.8078	40.137	39.518100000000004	39.8092	39.6062	39.5949	39.362700000000004	39.8343	39.4189	39.8934	39.7521	39.8614	39.5596	39.8712	39.447900000000004	39.6702	39.378600000000006	39.5413	39.295	39.7876	39.3022	39.6445	39.489200000000004	39.4623	39.2593	39.5214	39.1903	39.4488	39.2752	39.4418	39.299499999999995	39.5472	39.2123	39.4764	39.360299999999995	39.4637	39.1102	39.4394	39.1484	39.4873	39.353	39.3059	39.2264	39.4995	39.184799999999996	39.332899999999995	39.271899999999995	39.2698	39.090399999999995	39.411699999999996	39.2072	39.4234	39.278600000000004	39.2969	39.218399999999995	39.3619	39.0844	39.3409	39.1846	39.356	39.1757	39.3734	39.143499999999996	39.3337	39.2471	39.2565	39.0053	39.3802	39.0355	39.3362	39.3115	39.293800000000005	39.2328	39.3295	39.1817	39.282000000000004	39.1849	39.1962	39.1261	39.3785	39.093	39.2868	39.306200000000004	39.228699999999996	39.2225	39.332699999999996	39.0612	39.271699999999996	39.0724	39.248	39.1173	39.316	39.1725	39.33	39.2683	39.284200000000006	39.0771	39.2475	39.022400000000005	39.1887	39.1823	39.2335	39.1829	39.3378	39.1243	39.2711	39.203700000000005	39.2359	38.990399999999994	39.2549	39.0608	39.252199999999995	39.247	39.2625	39.2924	39.3203	39.202799999999996	39.3823	39.3223	39.3564	39.3506	39.4486	39.424	39.5867	39.526	39.5056	39.397	39.509699999999995	38.992399999999996
Sor-CPnd_020-Ex1-2E-lcwgs-1-3	55.8148	37.6749	37.186099999999996	36.7568	37.9347	34.2154	34.6018	36.627700000000004	37.685	36.0398	40.977599999999995	40.333999999999996	39.942299999999996	39.2954	39.1088	38.586	39.0797	38.6974	39.0426	38.9661	39.2909	38.8799	39.0371	38.5169	38.7438	38.4819	38.5127	38.3548	38.7132	38.4114	38.8778	38.7171	38.8817	38.5901	38.860099999999996	38.508700000000005	38.6534	38.3882	38.5777	38.3346	38.860299999999995	38.3775	38.7397	38.5466	38.5984	38.3814	38.575700000000005	38.242599999999996	38.544	38.3674	38.5531	38.4081	38.7223	38.4155	38.594899999999996	38.4997	38.6108	38.3114	38.5789	38.2958	38.641999999999996	38.4774	38.443	38.4245	38.5989	38.3195	38.5464	38.4113	38.484899999999996	38.2732	38.568999999999996	38.4016	38.6078	38.466499999999996	38.475	38.4042	38.5813	38.2652	38.5587	38.3687	38.554100000000005	38.3822	38.554100000000005	38.4241	38.5567	38.4101	38.4628	38.272099999999995	38.5942	38.2791	38.5635	38.504	38.533899999999996	38.4596	38.5653	38.425399999999996	38.5563	38.364599999999996	38.4423	38.3005	38.571299999999994	38.3461	38.528600000000004	38.534	38.4799	38.4581	38.5098	38.3244	38.5368	38.331199999999995	38.4982	38.358	38.5353	38.4212	38.5724	38.5607	38.4939	38.3121	38.5706	38.257600000000004	38.488499999999995	38.400600000000004	38.4851	38.4851	38.6029	38.4326	38.5505	38.4247	38.515899999999995	38.2921	38.4925	38.339600000000004	38.5249	38.5185	38.5753	38.597300000000004	38.6565	38.4593	38.683499999999995	38.554100000000005	38.6922	38.6191	38.804300000000005	38.6985	38.9245	38.8054	38.739200000000004	38.7337	38.813700000000004	38.2745
Sor-CPnd_022-Ex1-7C-lcwgs-1-3	55.6716	39.3264	37.851	36.869600000000005	38.243700000000004	35.8827	35.809400000000004	37.972699999999996	38.8571	36.607800000000005	41.8001	41.150999999999996	40.5486	39.880500000000005	39.7962	39.2918	39.7547	39.3445	39.6954	39.664	39.8429	39.414500000000004	39.6579	39.0845	39.2839	39.090399999999995	39.0994	38.8746	39.3076	38.9449	39.4326	39.2479	39.393699999999995	39.069700000000005	39.358	38.933499999999995	39.15	38.8326	39.035599999999995	38.7636	39.3481	38.785	39.184200000000004	38.9623	39.0084	38.7845	38.9569	38.6587	38.9378	38.7718	38.9376	38.8025	39.0778	38.7516	38.9515	38.886199999999995	38.9291	38.644099999999995	38.9446	38.6603	38.9694	38.8648	38.8129	38.797399999999996	39.0222	38.6469	38.8701	38.7367	38.8239	38.597300000000004	38.9702	38.7265	38.947700000000005	38.791	38.8378	38.7536	38.9028	38.6349	38.850899999999996	38.6973	38.9255	38.731700000000004	38.9128	38.7208	38.8448	38.746900000000004	38.785399999999996	38.5573	38.885799999999996	38.6263	38.8401	38.8305	38.8911	38.8014	38.859300000000005	38.7363	38.875	38.7141	38.746399999999994	38.5727	38.888400000000004	38.6046	38.823	38.8566	38.765	38.7676	38.8575	38.5867	38.808	38.599	38.764900000000004	38.7214	38.82	38.7751	38.8849	38.8409	38.8207	38.630199999999995	38.818200000000004	38.569700000000005	38.7873	38.6748	38.786500000000004	38.821600000000004	38.8841	38.73	38.846399999999996	38.7399	38.809900000000006	38.5784	38.7891	38.6829	38.8358	38.845200000000006	38.859	38.9144	38.9563	38.7479	38.9351	38.834	38.971000000000004	38.9309	39.0732	39.0049	39.1861	39.0893	39.056999999999995	38.992	39.0991	38.6918
Sor-CPnd_024-Ex1-5G-lcwgs-1-3	55.5325	39.2104	37.5583	36.8894	38.5707	36.2392	36.1636	37.914500000000004	38.760600000000004	36.884	41.6945	41.0012	40.5747	39.9518	39.8794	39.393499999999996	39.909	39.433800000000005	39.805600000000005	39.7962	39.9444	39.6	39.8375	39.33	39.5863	39.3674	39.424	39.1158	39.5436	39.1445	39.6813	39.468599999999995	39.612700000000004	39.3163	39.639	39.2525	39.526	39.0985	39.3089	39.0332	39.5406	39.0875	39.3988	39.2417	39.271499999999996	39.025	39.3048	38.9424	39.1451	39.0211	39.2058	39.0537	39.3476	39.0128	39.237100000000005	39.143699999999995	39.2312	38.868399999999994	39.2345	38.9461	39.251799999999996	39.115	39.037	39.022800000000004	39.2143	38.938	39.169	38.998	39.0775	38.8422	39.2804	38.9853	39.1923	39.0188	39.0891	38.961600000000004	39.1922	38.793299999999995	39.1728	38.914500000000004	39.1498	38.9714	39.115	38.9619	39.109899999999996	38.9743	38.9912	38.8018	39.1318	38.9287	39.0741	39.1428	39.0811	38.9252	39.1558	38.9542	39.1038	38.8528	39.0048	38.8626	39.0979	38.8598	38.995000000000005	39.0362	38.995400000000004	38.9423	39.189	38.7684	39.076	38.786500000000004	38.9281	38.8107	39.0398	38.8683	39.1119	39.0379	39.053399999999996	38.8631	39.0486	38.7929	38.9339	38.7716	38.8412	38.9514	39.1673	38.868399999999994	39.0457	38.9525	38.9347	38.7389	38.9923	38.8623	38.9845	38.9162	38.8978	39.0121	39.1529	38.8523	39.0972	38.9845	39.1821	39.0794	39.2101	39.129799999999996	39.196	39.2612	39.1814	39.1013	39.297399999999996	38.6815
Sor-CPnd_026-Ex1-3H-lcwgs-1-3	56.1862	37.7121	37.4161	36.4163	37.82	34.6829	35.159800000000004	36.8776	37.8748	36.167100000000005	41.1442	40.544799999999995	40.0687	39.5074	39.3313	38.8285	39.3553	38.973	39.2917	39.2586	39.5036	39.1157	39.2947	38.7629	38.9774	38.7387	38.7261	38.640299999999996	38.993	38.6319	39.102199999999996	38.9771	39.0646	38.8242	39.082499999999996	38.723400000000005	38.903999999999996	38.6253	38.8349	38.5914	39.0814	38.6426	38.9863	38.7922	38.8361	38.6363	38.819199999999995	38.4889	38.7783	38.6188	38.807900000000004	38.690400000000004	38.9355	38.676100000000005	38.8638	38.7489	38.8615	38.571	38.8424	38.5754	38.8446	38.7295	38.6848	38.728	38.906400000000005	38.6038	38.7879	38.690000000000005	38.7027	38.5516	38.8563	38.6514	38.8609	38.7084	38.7843	38.701299999999996	38.8611	38.5513	38.8299	38.6605	38.8429	38.6757	38.8521	38.6323	38.818200000000004	38.6582	38.7206	38.517	38.8823	38.5778	38.779599999999995	38.813700000000004	38.7832	38.7305	38.8152	38.6388	38.8035	38.644	38.723600000000005	38.5873	38.8616	38.5774	38.792	38.807900000000004	38.752900000000004	38.6935	38.766	38.606899999999996	38.7405	38.563199999999995	38.7108	38.6158	38.819199999999995	38.716699999999996	38.818999999999996	38.8107	38.7755	38.6164	38.7599	38.5032	38.7101	38.6295	38.724799999999995	38.7222	38.8609	38.6621	38.772	38.662800000000004	38.737500000000004	38.5241	38.7417	38.624900000000004	38.76	38.8141	38.7241	38.8504	38.9154	38.6776	38.8901	38.7975	38.8693	38.8559	38.9848	38.9075	39.0845	39.0115	38.954899999999995	38.9379	39.0097	38.582100000000004
Sor-CPnd_027-Ex1-3C-lcwgs-1-3	56.091	38.201299999999996	38.2228	36.8676	38.259	35.8064	35.707100000000004	37.542500000000004	38.4366	36.5132	41.627399999999994	41.0351	40.4114	39.8065	39.6733	39.214	39.7567	39.316	39.6918	39.692	39.799800000000005	39.4245	39.5672	39.061099999999996	39.239200000000004	39.0214	39.0689	38.8741	39.2272	38.9188	39.3474	39.1877	39.3376	39.1119	39.3499	39.033	39.2162	38.9049	39.0747	38.909	39.387299999999996	38.9363	39.2999	39.0642	39.109300000000005	38.9387	39.116299999999995	38.827600000000004	39.0921	38.9584	39.0772	39.0153	39.2111	38.9631	39.1728	39.0794	39.164100000000005	38.868900000000004	39.1597	38.874199999999995	39.1865	39.0471	39.0184	38.987899999999996	39.1815	38.886199999999995	39.1205	39.0153	39.0773	38.8932	39.1881	38.9525	39.1308	39.1136	39.085	38.9838	39.163	38.9381	39.100699999999996	38.9363	39.185700000000004	39.0185	39.1685	39.0306	39.1609	39.0573	39.0797	38.8707	39.1887	38.9288	39.1569	39.161699999999996	39.1293	39.0775	39.1817	39.003	39.1841	38.9991	39.0385	38.969300000000004	39.2196	38.9918	39.096	39.2083	39.130900000000004	39.0731	39.1885	38.971000000000004	39.1737	39.0216	39.104	39.0419	39.228699999999996	39.1013	39.2382	39.208999999999996	39.1827	38.988499999999995	39.177499999999995	38.9658	39.1507	39.091300000000004	39.2	39.1496	39.3093	39.158300000000004	39.2352	39.126	39.1587	39.0111	39.189299999999996	39.0328	39.2013	39.1967	39.2341	39.2535	39.3596	39.141	39.3931	39.2349	39.306999999999995	39.2982	39.418	39.3909	39.4947	39.4824	39.4511	39.3757	39.4714	39.0726
Sor-CPnd_028-Ex1-3A-lcwgs-1-3	56.2092	38.1483	38.269	36.7414	38.1719	34.6376	35.0688	37.1638	38.3724	36.2753	41.5023	41.220800000000004	40.7121	39.978	39.8881	39.2481	39.751799999999996	39.3421	39.717	39.6526	39.906000000000006	39.4625	39.6532	39.1014	39.2877	39.0409	39.0745	38.8801	39.250600000000006	38.9621	39.415	39.2945	39.4524	39.1413	39.4103	39.034200000000006	39.190799999999996	38.9033	39.1148	38.933	39.3739	38.9432	39.297900000000006	39.0857	39.134	38.9184	39.1158	38.803	39.0388	38.927499999999995	39.122800000000005	38.9657	39.2621	38.949	39.113	39.0385	39.144	38.8104	39.144400000000005	38.818799999999996	39.1563	39.0278	38.9946	38.9702	39.2132	38.8688	39.0877	38.9578	38.9956	38.8229	39.1266	38.9327	39.1604	39.025999999999996	39.0768	38.966499999999996	39.1334	38.8226	39.0852	38.9152	39.1481	38.9298	39.130700000000004	38.9748	39.0935	39.0065	39.0328	38.7822	39.173	38.805299999999995	39.1122	39.057199999999995	39.1137	39.0042	39.1129	38.952	39.1291	38.9036	39.0006	38.828	39.1457	38.8982	39.0785	39.097300000000004	39.0812	38.9859	39.0996	38.879599999999996	39.070100000000004	38.847300000000004	39.0246	38.902300000000004	39.1215	39.0323	39.0953	39.0652	39.132	38.8791	39.0905	38.8094	39.0218	38.8888	39.0405	39.0065	39.1592	38.9758	39.090799999999994	38.993	39.1073	38.8607	39.110499999999995	38.8907	39.0881	39.0852	39.0744	39.1158	39.2488	39.029	39.2059	39.0845	39.2434	39.171299999999995	39.3511	39.2684	39.4302	39.3714	39.2885	39.2127	39.3189	38.9557
Sor-CPnd_029-Ex1-8E-lcwgs-1-3	54.3639	39.027499999999996	36.9963	36.579299999999996	37.8172	34.1954	34.8591	37.2508	38.0991	36.1657	40.9675	40.3223	39.7951	39.2135	39.0222	38.5385	39.035199999999996	38.6235	39.0069	38.905	39.1397	38.7355	38.988299999999995	38.4277	38.640600000000006	38.4293	38.453900000000004	38.2861	38.6528	38.361000000000004	38.7696	38.6461	38.7714	38.4912	38.742	38.353500000000004	38.5609	38.2408	38.434200000000004	38.2271	38.7412	38.2626	38.604	38.439	38.418600000000005	38.259	38.386900000000004	38.1128	38.357200000000006	38.234	38.3658	38.2473	38.5227	38.2456	38.4087	38.3232	38.4191	38.0976	38.3822	38.107400000000005	38.3812	38.2927	38.2241	38.2405	38.422200000000004	38.1419	38.3112	38.237700000000004	38.2679	38.0626	38.3957	38.136399999999995	38.3889	38.2566	38.2534	38.2075	38.357	38.0861	38.3254	38.1366	38.36	38.1451	38.3602	38.1525	38.3297	38.1989	38.2136	37.988699999999994	38.3444	38.0426	38.2765	38.2485	38.285000000000004	38.1939	38.3213	38.1667	38.2465	38.105	38.1797	38.049	38.2722	38.0755	38.1887	38.2703	38.236799999999995	38.1253	38.2687	38.0513	38.181799999999996	38.0379	38.1951	38.1001	38.2357	38.1314	38.2818	38.2569	38.2029	38.0135	38.2399	37.994099999999996	38.1519	38.074999999999996	38.1437	38.1869	38.2665	38.143	38.2049	38.1315	38.1997	38.0191	38.2286	38.0685	38.210699999999996	38.1779	38.222	38.2716	38.374900000000004	38.142399999999995	38.318400000000004	38.3212	38.3232	38.3553	38.523	38.4353	38.5647	38.523	38.4429	38.413000000000004	38.5018	38.1125
Sor-CPnd_030-Ex1-2H-lcwgs-1-3	55.766400000000004	38.5874	37.6872	36.8129	38.2335	35.239399999999996	35.8034	37.6339	38.5141	36.588100000000004	41.6155	40.9815	40.474700000000006	39.8215	39.6806	39.1868	39.725100000000005	39.3101	39.7048	39.6522	39.8534	39.451	39.6903	39.1542	39.3606	39.1871	39.1621	38.9708	39.367999999999995	39.0141	39.5043	39.3218	39.460899999999995	39.1794	39.5135	39.0754	39.3175	38.983200000000004	39.1783	38.9724	39.4758	38.9345	39.3219	39.1651	39.185700000000004	38.9872	39.1896	38.8692	39.1336	38.9838	39.1559	39.006600000000006	39.2895	38.98	39.2224	39.1345	39.2034	38.8645	39.2445	38.9092	39.2151	39.131899999999995	39.0432	39.0384	39.2627	38.9517	39.1139	39.061099999999996	39.034600000000005	38.8748	39.266400000000004	39.0108	39.2144	39.0989	39.110299999999995	39.1002	39.1978	38.9192	39.1743	38.967800000000004	39.2292	38.988	39.1569	39.0316	39.1356	39.034400000000005	39.0696	38.876	39.1882	38.9128	39.157	39.1535	39.1001	39.0515	39.199600000000004	39.0085	39.1357	38.9923	39.062400000000004	38.9293	39.1699	38.9326	39.0901	39.111200000000004	39.0444	39.0208	39.156400000000005	38.9301	39.077400000000004	38.906800000000004	39.0351	38.8722	39.1716	39.0158	39.1396	39.107	39.091	38.8585	39.1013	38.8448	38.9998	38.947900000000004	39.1029	39.0565	39.1973	38.9373	39.0993	38.9568	39.0866	38.8101	39.0623	38.9109	38.9796	39.0367	39.0627	39.111000000000004	39.196999999999996	38.9789	39.1085	39.0644	39.2209	39.1691	39.279199999999996	39.2221	39.2971	39.4047	39.2997	39.270300000000006	39.3105	38.8237
Sor-CPnd_031-Ex1-5D-lcwgs-1-3	55.6842	39.1465	37.8746	36.8935	38.4149	35.1442	35.903800000000004	37.7136	38.5935	36.7073	41.5325	40.9589	40.4809	39.928200000000004	39.7391	39.2746	39.744600000000005	39.352	39.7023	39.6613	39.833200000000005	39.4541	39.6899	39.1866	39.3789	39.137699999999995	39.1594	39.0093	39.353100000000005	39.0261	39.4722	39.353100000000005	39.4856	39.2219	39.435900000000004	39.098	39.238800000000005	39.0025	39.162	38.9589	39.4529	38.9865	39.3424	39.1545	39.162	38.996199999999995	39.1835	38.866499999999995	39.1237	38.971000000000004	39.1372	39.016	39.2598	38.9797	39.176	39.0751	39.186	38.8845	39.21	38.879799999999996	39.1808	39.0771	39.0168	39.0048	39.2474	38.9105	39.1206	39.0009	39.040200000000006	38.8904	39.1836	38.9397	39.1822	39.0642	39.0714	39.0119	39.1748	38.850699999999996	39.1316	38.9625	39.1558	38.9399	39.1401	38.9302	39.1145	39.0291	39.0311	38.8569	39.1667	38.858599999999996	39.1145	39.0492	39.0895	39.032	39.1447	38.962	39.115100000000005	38.933299999999996	39.0124	38.8893	39.1449	38.887899999999995	39.0745	39.089	39.0462	39.017	39.1145	38.8827	39.0691	38.940799999999996	39.065	38.921299999999995	39.1359	38.9778	39.183099999999996	39.0706	39.0424	38.8833	39.0978	38.798300000000005	39.013	38.966899999999995	39.027499999999996	39.012	39.1438	38.9638	39.082499999999996	38.9812	39.0766	38.888	39.1292	38.9105	39.033699999999996	39.0396	39.0666	39.1306	39.2032	38.9544	39.2151	39.0763	39.231700000000004	39.136900000000004	39.3409	39.2055	39.3876	39.3341	39.2709	39.232299999999995	39.3418	38.9166
Sor-CPnd_033-Ex1-2F-lcwgs-1-3	55.18579999999999	37.7656	37.1463	36.3603	37.7334	35.3598	34.8789	36.7256	37.6882	35.9561	40.9438	40.313300000000005	39.7908	39.179700000000004	39.0349	38.538	39.0428	38.7015	39.0128	39.0309	39.2243	38.9233	38.9947	38.480599999999995	38.7021	38.442	38.513799999999996	38.3291	38.620599999999996	38.3436	38.8112	38.6654	38.833400000000005	38.5321	38.8149	38.4681	38.6486	38.3463	38.528600000000004	38.3326	38.7663	38.3601	38.719300000000004	38.5199	38.5351	38.339	38.4536	38.291799999999995	38.4357	38.269999999999996	38.5066	38.4046	38.583	38.3351	38.5362	38.4392	38.5619	38.2272	38.56	38.2802	38.5283	38.441199999999995	38.3643	38.3642	38.4869	38.3382	38.487100000000005	38.359500000000004	38.4176	38.2276	38.5129	38.4063	38.5203	38.3771	38.4567	38.3806	38.4919	38.2829	38.4603	38.325900000000004	38.5746	38.3956	38.5093	38.365100000000005	38.508700000000005	38.3921	38.406400000000005	38.1656	38.5633	38.2457	38.5911	38.4426	38.4814	38.405	38.5855	38.3058	38.5427	38.3637	38.331900000000005	38.291399999999996	38.5524	38.3351	38.4248	38.5205	38.4375	38.3983	38.5509	38.2346	38.4573	38.3163	38.4118	38.3462	38.5199	38.4303	38.5302	38.4824	38.484	38.317	38.4723	38.2731	38.385999999999996	38.3963	38.397	38.4413	38.5347	38.336	38.5043	38.393100000000004	38.488699999999994	38.3483	38.4918	38.306400000000004	38.479200000000006	38.5139	38.507200000000005	38.5903	38.6342	38.398900000000005	38.5542	38.4999	38.6424	38.5499	38.7071	38.5767	38.8469	38.7552	38.710499999999996	38.7847	38.6491	38.1949
Sor-CPnd_034-Ex1-4G-lcwgs-1-3	55.0664	40.0308	38.256499999999996	37.5482	38.9255	36.5882	36.722500000000004	38.779799999999994	39.474900000000005	37.3888	42.126599999999996	41.4805	40.9173	40.3512	40.168	39.6938	40.2679	39.7824	40.1612	40.186	40.3105	39.914699999999996	40.2311	39.663900000000005	39.9102	39.6618	39.6678	39.4719	39.8418	39.5011	39.9916	39.8095	40.0201	39.6199	39.882600000000004	39.5273	39.7065	39.447700000000005	39.5546	39.3559	39.8597	39.3528	39.7257	39.5617	39.512	39.3301	39.5139	39.2839	39.492399999999996	39.3876	39.46	39.3565	39.589200000000005	39.3055	39.4965	39.4041	39.5173	39.1753	39.5379	39.2138	39.504400000000004	39.3779	39.362	39.259100000000004	39.543099999999995	39.2813	39.3978	39.284	39.3815	39.12	39.4877	39.2456	39.5076	39.3412	39.306799999999996	39.2821	39.453700000000005	39.1251	39.3987	39.2239	39.3309	39.2627	39.3887	39.2654	39.309	39.2582	39.279399999999995	39.0924	39.3985	39.095200000000006	39.3121	39.2858	39.300200000000004	39.2236	39.3144	39.224	39.303	39.1995	39.219	39.0903	39.329	39.0075	39.2346	39.2917	39.171800000000005	39.2411	39.332	39.0537	39.277499999999996	38.9604	39.2885	39.113	39.2569	39.1542	39.1896	39.3163	39.181	39.055299999999995	39.2237	38.959700000000005	39.2279	39.1668	39.2495	39.094699999999996	39.3279	39.1037	39.221000000000004	39.0305	39.252700000000004	39.1551	39.2162	39.123000000000005	39.2019	39.1591	39.286100000000005	39.2285	39.373799999999996	39.1927	39.393	39.151399999999995	39.4793	39.332899999999995	39.3859	39.3752	39.5034	39.569900000000004	39.4171	39.3979	39.466499999999996	38.9613
Sor-CPnd_036-Ex1-5C-lcwgs-1-3	54.608000000000004	39.7776	37.4557	36.8799	38.3307	36.1078	35.625800000000005	37.7062	38.6894	36.674	41.4522	41.0856	40.5539	39.9184	39.7415	39.245799999999996	39.6878	39.282000000000004	39.665	39.6597	39.833600000000004	39.3921	39.652300000000004	39.1231	39.3131	39.1438	39.0874	38.927800000000005	39.3028	38.9502	39.415499999999994	39.286500000000004	39.3892	39.1332	39.372800000000005	38.9696	39.1758	38.8731	39.031	38.7762	39.2819	38.7997	39.1134	38.9692	38.9323	38.711600000000004	38.9021	38.6096	38.7727	38.653999999999996	38.8057	38.6731	38.9123	38.642700000000005	38.7952	38.7102	38.7576	38.4741	38.7386	38.4823	38.746900000000004	38.6319	38.5781	38.567499999999995	38.7758	38.4819	38.6132	38.539	38.5668	38.372299999999996	38.7303	38.5156	38.693	38.5772	38.555099999999996	38.5002	38.6366	38.3652	38.6076	38.4647	38.6817	38.4615	38.6801	38.4715	38.6263	38.4906	38.5174	38.3393	38.6124	38.3561	38.5848	38.5602	38.5744	38.5499	38.6051	38.4365	38.6101	38.4355	38.4553	38.3707	38.6098	38.3866	38.514700000000005	38.5736	38.5334	38.4767	38.5375	38.3437	38.5353	38.3403	38.5077	38.3521	38.576899999999995	38.5007	38.563399999999994	38.5578	38.576899999999995	38.3087	38.537	38.3021	38.4785	38.372099999999996	38.5347	38.4706	38.6493	38.487100000000005	38.5321	38.4694	38.5628	38.3068	38.514199999999995	38.386199999999995	38.493500000000004	38.556400000000004	38.5559	38.6323	38.6351	38.5127	38.617200000000004	38.5379	38.727000000000004	38.632	38.8206	38.6954	38.8562	38.852	38.7153	38.7299	38.7823	38.3923
Sor-CPnd_037-Ex1-6C-lcwgs-1-3	55.527499999999996	39.1015	37.9881	37.0034	38.3013	35.966	35.925200000000004	38.2004	39.1854	36.5865	42.1136	41.3688	40.761399999999995	40.043800000000005	39.9413	39.3105	39.9717	39.3844	39.8846	39.7953	40.064699999999995	39.551199999999994	39.8974	39.196999999999996	39.439099999999996	39.2032	39.2553	39.0462	39.524	39.0643	39.636700000000005	39.414300000000004	39.6269	39.2156	39.596	39.071	39.3432	38.99	39.2158	38.9592	39.5146	38.920500000000004	39.401199999999996	39.0931	39.1862	38.886900000000004	39.1183	38.791599999999995	39.0811	38.8566	39.163	38.9302	39.256	38.8671	39.1596	38.9474	39.102	38.730599999999995	39.1217	38.7435	39.118900000000004	38.887	38.9939	38.8737	39.135999999999996	38.703700000000005	39.0544	38.7674	38.9662	38.711800000000004	39.0666	38.8133	39.0876	38.8818	38.9785	38.8078	38.9833	38.6466	39.0075	38.7276	39.0179	38.7774	38.9777	38.7395	39.0115	38.793299999999995	38.8525	38.5774	39.0766	38.5916	38.9522	38.8486	38.9121	38.7896	38.9773	38.709199999999996	38.8893	38.6612	38.8433	38.622499999999995	38.9677	38.649	38.866299999999995	38.862	38.8857	38.7164	38.8678	38.6188	38.8417	38.609	38.79	38.6561	38.9175	38.7346	38.8919	38.852599999999995	38.8148	38.5994	38.916000000000004	38.5276	38.8292	38.689299999999996	38.7588	38.6949	38.9499	38.6458	38.8897	38.6519	38.8496	38.4897	38.8367	38.6135	38.7945	38.762	38.825500000000005	38.8424	38.9051	38.6997	38.971000000000004	38.783699999999996	39.0013	38.8611	39.0377	38.9557	39.0852	39.0623	38.9874	39.0028	39.044000000000004	38.5963
Sor-CPnd_038-Ex1-2A-lcwgs-1-3	56.158500000000004	37.0877	37.6186	36.0488	37.533300000000004	34.1367	34.454499999999996	36.6652	37.8945	35.618300000000005	41.2337	40.9815	40.3376	39.622800000000005	39.455	38.8485	39.3399	38.959500000000006	39.2595	39.2893	39.4911	39.073	39.2385	38.6697	38.8442	38.595400000000005	38.597500000000004	38.4774	38.806400000000004	38.548500000000004	38.9977	38.896300000000004	39.0291	38.7576	38.9766	38.638	38.7804	38.5013	38.7202	38.4801	39.0128	38.5859	38.9337	38.727000000000004	38.7853	38.5839	38.7355	38.4587	38.6712	38.5672	38.7128	38.628	38.8691	38.6126	38.7751	38.6822	38.8106	38.4582	38.746399999999994	38.5036	38.791199999999996	38.6789	38.6826	38.6384	38.826100000000004	38.562200000000004	38.7262	38.587500000000006	38.6714	38.4995	38.79	38.634299999999996	38.847500000000004	38.690799999999996	38.7359	38.6741	38.8029	38.549499999999995	38.7449	38.5784	38.8571	38.6123	38.772400000000005	38.6597	38.7929	38.6533	38.7136	38.493	38.8442	38.519999999999996	38.7891	38.7391	38.805	38.7156	38.867200000000004	38.6577	38.8326	38.6148	38.699099999999994	38.5895	38.846399999999996	38.5906	38.7678	38.800200000000004	38.8098	38.7209	38.7964	38.581500000000005	38.772	38.5629	38.763	38.594699999999996	38.8304	38.7245	38.852199999999996	38.8206	38.8354	38.5826	38.8418	38.5475	38.744099999999996	38.6579	38.793299999999995	38.7321	38.9172	38.7018	38.8845	38.6956	38.845	38.5935	38.84	38.6543	38.8324	38.8339	38.8608	38.842	38.9621	38.7537	38.9657	38.8089	39.0302	38.9165	39.0189	38.9795	39.1656	39.0994	39.0739	38.9911	39.095200000000006	38.6417
Sor-CPnd_041-Ex1-7A-lcwgs-1-3	54.724399999999996	39.2005	38.1654	37.584	38.2341	35.152499999999996	35.368500000000004	38.1347	39.1963	36.919200000000004	41.8363	41.63	40.9518	40.3175	40.0866	39.5751	40.0148	39.7005	40.0062	39.9895	40.205200000000005	39.8228	40.0534	39.5281	39.7217	39.5245	39.5455	39.415499999999994	39.7729	39.4808	39.8938	39.7668	39.879999999999995	39.631499999999996	39.8699	39.5242	39.6886	39.4589	39.6066	39.4436	39.8845	39.4458	39.755	39.6263	39.650800000000004	39.425900000000006	39.6465	39.405499999999996	39.5653	39.4893	39.6133	39.5353	39.753	39.4798	39.6515	39.5503	39.6654	39.3872	39.6635	39.4039	39.6728	39.564899999999994	39.521499999999996	39.529399999999995	39.736900000000006	39.4505	39.6334	39.529599999999995	39.5869	39.4221	39.707300000000004	39.5255	39.7061	39.605000000000004	39.6265	39.5539	39.701	39.439099999999996	39.668	39.5319	39.7196	39.5815	39.7338	39.576899999999995	39.6978	39.6393	39.652300000000004	39.427	39.7747	39.5122	39.731899999999996	39.7432	39.739000000000004	39.6804	39.7718	39.6185	39.7417	39.6297	39.6756	39.5807	39.8268	39.6073	39.7832	39.85	39.7696	39.7449	39.8184	39.6469	39.806000000000004	39.672200000000004	39.8206	39.736	39.9186	39.8074	39.9245	39.9285	39.8839	39.7138	39.9403	39.7199	39.8885	39.845000000000006	39.928799999999995	39.9136	40.097100000000005	39.9019	40.0372	39.885799999999996	40.0336	39.7984	40.07	39.9148	40.096399999999996	40.07	40.0824	40.1389	40.1936	40.023399999999995	40.2094	40.122600000000006	40.2615	40.1537	40.3544	40.2517	40.4145	40.4841	40.3348	40.3509	40.4974	40.0286
Sor-CPnd_043-Ex1-1D-lcwgs-1-3	54.8293	39.8894	37.6202	37.0997	38.6229	35.146	35.7457	37.6377	38.6535	36.5306	41.3168	40.9524	40.4824	39.9011	39.722	39.216899999999995	39.693	39.324999999999996	39.644200000000005	39.6381	39.8123	39.413	39.6476	39.1616	39.344699999999996	39.14	39.1197	38.9427	39.359899999999996	38.969	39.4298	39.2986	39.449	39.155499999999996	39.4501	39.06	39.2303	38.966499999999996	39.1041	38.9431	39.407199999999996	38.9404	39.2432	39.117200000000004	39.1183	38.9262	39.1539	38.8035	39.055299999999995	38.8902	39.054	38.9184	39.220699999999994	38.940999999999995	39.1388	39.0376	39.1208	38.8121	39.123200000000004	38.8263	39.089800000000004	39.009	38.9719	38.9175	39.1431	38.8354	39.0583	38.9225	39.0181	38.7764	39.1334	38.8766	39.100699999999996	38.992	38.9694	38.9127	39.1142	38.811299999999996	39.0542	38.8373	39.1262	38.859500000000004	39.0575	38.89	39.056400000000004	38.9253	38.9733	38.7329	39.0689	38.8091	38.9845	38.9977	39.0125	38.9164	39.0513	38.899	39.0347	38.8882	38.929	38.8332	39.0565	38.8426	39.0011	39.035399999999996	38.987300000000005	38.9372	39.0312	38.779599999999995	39.0037	38.8487	38.9771	38.853300000000004	39.036100000000005	38.9257	39.0712	38.9776	38.9718	38.785799999999995	39.0359	38.7082	38.9147	38.8258	38.972699999999996	38.887100000000004	39.101	38.825500000000005	39.0317	38.9283	39.0035	38.737500000000004	39.048899999999996	38.788	39.0307	38.968799999999995	38.9677	39.0563	39.1323	38.873799999999996	39.108599999999996	39.0347	39.1786	39.0899	39.2478	39.1539	39.3054	39.2891	39.1551	39.132	39.2641	38.8411
Sor-CPnd_044-Ex1-8G-lcwgs-1-3	54.9257	39.2716	37.4091	36.5562	38.163399999999996	35.8379	35.9407	37.9284	38.7011	36.4583	41.4805	40.8288	40.2331	39.650999999999996	39.4909	38.9852	39.4923	39.055299999999995	39.4437	39.4099	39.5524	39.1733	39.4272	38.8926	39.074799999999996	38.8852	38.8724	38.6723	39.0634	38.7065	39.1724	39.0406	39.1484	38.8668	39.1183	38.7492	38.9425	38.652300000000004	38.7876	38.5852	39.0371	38.576899999999995	38.914500000000004	38.759100000000004	38.7369	38.542500000000004	38.7345	38.4573	38.6455	38.5309	38.6755	38.5292	38.8274	38.517	38.6931	38.609300000000005	38.7179	38.375	38.690400000000004	38.3963	38.6808	38.5873	38.5282	38.4766	38.719	38.4259	38.6145	38.4906	38.536500000000004	38.3256	38.6563	38.4514	38.6476	38.548700000000004	38.5691	38.459700000000005	38.6347	38.352599999999995	38.5953	38.442	38.601600000000005	38.435	38.592999999999996	38.4246	38.573	38.4613	38.4836	38.2701	38.6451	38.3127	38.5743	38.5557	38.5604	38.4845	38.6068	38.397	38.573299999999996	38.3998	38.4075	38.3399	38.5805	38.3159	38.4973	38.5473	38.4791	38.4484	38.5325	38.3428	38.458999999999996	38.3382	38.4568	38.3985	38.541399999999996	38.4576	38.5454	38.515899999999995	38.5321	38.3165	38.5191	38.268299999999996	38.4721	38.4016	38.4643	38.4737	38.597500000000004	38.376599999999996	38.5104	38.3901	38.4824	38.2701	38.5409	38.3302	38.526700000000005	38.5064	38.5415	38.587500000000006	38.6461	38.4195	38.6334	38.5614	38.6776	38.601	38.786500000000004	38.7145	38.8253	38.8032	38.7603	38.689499999999995	38.7482	38.3149
Sor-CPnd_045-Ex1-7B-lcwgs-1-3	55.5326	38.677299999999995	37.6309	36.5398	37.8571	34.6625	35.4944	37.6361	38.6207	36.337399999999995	41.557100000000005	41.0576	40.378	39.716699999999996	39.551700000000004	39.0571	39.495999999999995	39.1096	39.4683	39.4207	39.6008	39.2138	39.4381	38.868700000000004	39.0487	38.8226	38.8189	38.709199999999996	39.0634	38.7621	39.2034	39.0532	39.2139	38.9226	39.1328	38.765100000000004	38.933099999999996	38.6492	38.8311	38.669599999999996	39.134	38.6855	39.0169	38.8379	38.8543	38.6512	38.8235	38.528400000000005	38.7484	38.656800000000004	38.8161	38.6872	38.9646	38.6407	38.8316	38.7298	38.8228	38.5222	38.8414	38.5504	38.8551	38.7873	38.7187	38.6762	38.8711	38.5333	38.7805	38.6263	38.7002	38.5197	38.8674	38.637899999999995	38.8434	38.7215	38.730199999999996	38.667699999999996	38.7824	38.5065	38.7456	38.5822	38.8358	38.624900000000004	38.8471	38.6143	38.791199999999996	38.6265	38.6786	38.465199999999996	38.8025	38.512299999999996	38.72	38.7829	38.752900000000004	38.7082	38.8331	38.6059	38.778	38.575199999999995	38.6839	38.5508	38.7969	38.5603	38.7394	38.756299999999996	38.7199	38.652	38.748599999999996	38.5396	38.7268	38.5762	38.7263	38.574799999999996	38.818200000000004	38.6553	38.7954	38.7675	38.7086	38.5517	38.7555	38.4896	38.6569	38.6133	38.7146	38.6714	38.8415	38.6317	38.7864	38.651799999999994	38.72	38.5384	38.7716	38.5921	38.7449	38.745400000000004	38.7893	38.7956	38.9093	38.6864	38.8393	38.7485	38.8525	38.8476	38.9723	38.954499999999996	39.0909	39.0379	38.9389	38.892900000000004	39.013799999999996	38.6013
Sor-CPnd_046-Ex1-5A-lcwgs-1-3	54.5626	39.3604	37.540099999999995	36.979600000000005	38.0686	34.950199999999995	35.2606	37.6108	38.7632	36.5747	41.4719	41.1957	40.6227	39.9827	39.7711	39.2151	39.732	39.3754	39.725300000000004	39.678200000000004	39.9118	39.4555	39.7573	39.177	39.4131	39.191900000000004	39.158300000000004	39.0658	39.3872	39.0659	39.5098	39.3656	39.5454	39.190599999999996	39.528400000000005	39.1471	39.333600000000004	39.024	39.1589	38.943	39.4366	38.9741	39.306799999999996	39.0967	39.1534	38.893	39.0478	38.812000000000005	38.9855	38.864	39.0034	38.8885	39.173	38.7906	39.0241	38.883	38.9444	38.6198	38.9848	38.6524	38.9438	38.8806	38.8126	38.7875	38.9922	38.667	38.8151	38.777499999999996	38.7821	38.5472	38.9373	38.7063	38.917	38.7166	38.804	38.732299999999995	38.939299999999996	38.548500000000004	38.777699999999996	38.6776	38.867200000000004	38.621	38.8273	38.668	38.763	38.6472	38.7594	38.507200000000005	38.9189	38.5381	38.744099999999996	38.817	38.751200000000004	38.6526	38.844899999999996	38.638600000000004	38.6929	38.554100000000005	38.6808	38.5897	38.7596	38.5828	38.709900000000005	38.815	38.7398	38.6449	38.826699999999995	38.594899999999996	38.7473	38.5126	38.7692	38.5326	38.8127	38.6659	38.7607	38.7621	38.6791	38.5617	38.6811	38.4962	38.6855	38.5492	38.709500000000006	38.647	38.7951	38.6237	38.707	38.7061	38.6884	38.4499	38.8314	38.5843	38.723400000000005	38.7393	38.6595	38.7892	38.8339	38.6299	38.8628	38.6961	38.882600000000004	38.8505	38.8888	38.9482	39.0454	38.9427	38.992399999999996	38.8225	38.9858	38.6074
Sor-CPnd_049-Ex1-3B-lcwgs-1-3	55.8652	38.5343	37.9769	36.8466	38.2567	34.9137	35.8067	37.6184	38.5568	36.5831	41.6681	41.1442	40.5159	39.8897	39.7773	39.2797	39.7707	39.352599999999995	39.666000000000004	39.616099999999996	39.9192	39.4061	39.622800000000005	39.1245	39.3032	39.0852	39.0766	38.9445	39.3469	39.0458	39.468399999999995	39.3059	39.414500000000004	39.2449	39.4365	39.0935	39.231	38.8915	39.157599999999995	38.872299999999996	39.4242	38.9498	39.2607	39.1487	39.132400000000004	38.9588	39.1073	38.8489	39.0232	38.8964	39.0633	38.9718	39.2676	38.912600000000005	39.1456	39.0355	39.237300000000005	38.8492	39.1742	38.851400000000005	39.1179	39.0506	39.0563	38.9673	39.1867	38.901599999999995	39.107	38.996700000000004	39.0561	38.821600000000004	39.163	38.9258	39.1881	38.9836	39.0229	39.003	39.1841	38.860299999999995	39.0993	38.9621	39.1318	38.992399999999996	39.1871	38.9561	39.1537	39.034	39.0888	38.8472	39.145	38.8059	39.0865	39.135999999999996	39.109	39.06	39.1613	38.9534	39.0882	38.9298	39.050000000000004	38.8986	39.2472	38.9257	39.114	39.1405	38.9956	39.109500000000004	39.095400000000005	38.917699999999996	39.1185	38.8852	39.0704	38.9731	39.1049	39.0494	39.1208	39.014700000000005	39.0833	38.8971	39.1039	38.782	39.0329	38.96	39.001000000000005	38.9778	39.108599999999996	38.9998	39.1076	38.9355	39.0578	38.9361	39.0194	38.926500000000004	39.0609	39.0445	38.9721	39.0447	39.1474	38.9159	39.2346	38.9862	39.157	39.133	39.2899	39.1926	39.3676	39.3105	39.2498	39.231100000000005	39.440599999999996	38.863
Sor-CPnd_050-Ex1-3F-lcwgs-1-3	56.2763	38.2054	37.3996	36.7004	38.246900000000004	35.730000000000004	35.3865	37.3672	38.2595	36.6705	41.4737	40.8269	40.3742	39.7672	39.6192	39.1415	39.603899999999996	39.2132	39.5406	39.5418	39.7493	39.3701	39.5943	39.0512	39.2716	39.0871	39.048899999999996	38.8837	39.2472	38.9369	39.3789	39.2825	39.3784	39.1081	39.368700000000004	39.0183	39.1603	38.8779	39.080999999999996	38.836999999999996	39.3377	38.893899999999995	39.2238	39.0439	39.0537	38.8678	39.0523	38.7653	38.9921	38.8599	38.9849	38.913799999999995	39.1642	38.8599	39.06	38.995400000000004	39.068799999999996	38.7625	39.043	38.7406	39.089400000000005	38.9612	38.907599999999995	38.9168	39.0802	38.817299999999996	38.9996	38.8797	38.8786	38.752700000000004	39.050200000000004	38.8463	39.0573	38.9612	38.942	38.8982	39.0506	38.7588	38.992	38.8253	39.0246	38.8084	39.031	38.8559	39.0075	38.9244	38.892700000000005	38.716699999999996	39.0607	38.7391	39.0028	38.9838	38.953199999999995	38.920300000000005	39.022600000000004	38.8446	38.997	38.8478	38.8861	38.7558	39.0129	38.8162	38.9216	38.9966	38.8996	38.9521	38.9372	38.7625	38.9585	38.7484	38.9139	38.8154	39.009100000000004	38.909	38.987100000000005	39.0039	38.9656	38.7463	38.973	38.745400000000004	38.9245	38.8243	38.906	38.9463	39.0466	38.8504	38.9601	38.8704	38.9763	38.7074	38.9743	38.7795	38.9575	38.9224	38.974399999999996	38.983200000000004	39.0411	38.8411	39.0309	38.9431	39.0881	38.992599999999996	39.1706	39.0803	39.268	39.1992	39.1	39.055	39.1575	38.7577
Sor-CPnd_052-Ex1-6D-lcwgs-1-3	53.613299999999995	39.2312	36.7147	36.1487	37.5541	34.4888	35.3465	37.2376	38.0863	36.1088	40.8271	40.189099999999996	39.6931	39.0861	38.9544	38.3993	38.9166	38.542500000000004	38.921	38.892500000000005	39.0508	38.6271	38.952799999999996	38.3731	38.5477	38.3693	38.3947	38.203199999999995	38.5685	38.203900000000004	38.6868	38.5171	38.6432	38.379000000000005	38.6198	38.2188	38.4223	38.1351	38.3058	38.0672	38.5645	38.1004	38.439099999999996	38.2189	38.221	37.9908	38.2076	37.8879	38.144099999999995	38.012299999999996	38.1824	38.0059	38.278400000000005	37.9721	38.174400000000006	38.0654	38.1878	37.809	38.161699999999996	37.8602	38.1303	38.0967	37.992399999999996	37.909	38.1906	37.8485	38.09	37.9784	37.985	37.810700000000004	38.0948	37.8933	38.077600000000004	38.019	37.9917	37.9069	38.0627	37.7817	38.0597	37.8744	38.093900000000005	37.870799999999996	38.0633	37.847500000000004	38.0382	37.8906	37.9527	37.672200000000004	38.0454	37.7482	37.987700000000004	37.9535	37.978	37.8978	38.062400000000004	37.8215	37.99	37.857800000000005	37.8592	37.7867	38.0254	37.7943	37.9843	37.9635	37.95	37.8958	38.0039	37.829499999999996	37.9276	37.7955	37.8462	37.7811	37.9621	37.8694	38.009100000000004	37.987300000000005	37.9437	37.851	37.961600000000004	37.7818	37.891200000000005	37.810500000000005	37.9352	37.913999999999994	38.0886	37.8532	38.0495	37.8704	37.9537	37.7705	37.9415	37.9118	38.0473	37.9844	37.9927	38.0649	38.1262	37.8684	38.0765	38.0769	38.076100000000004	38.041000000000004	38.3283	38.2125	38.2814	38.3099	38.154900000000005	38.1748	38.182100000000005	37.8676
Sor-CPnd_053-Ex1-2C-lcwgs-1-3	56.701299999999996	37.9178	38.0077	36.692	38.226	35.7916	35.543	37.5222	38.5227	36.3519	41.8125	41.194199999999995	40.62	40.0014	39.8644	39.2754	39.7768	39.339600000000004	39.7154	39.6208	39.8208	39.4462	39.6269	39.0865	39.289699999999996	39.0578	39.069700000000005	38.9579	39.2696	38.9851	39.4286	39.2594	39.4416	39.183	39.371	39.0117	39.207	38.9483	39.0806	38.9385	39.3493	38.955400000000004	39.306400000000004	39.1292	39.1041	38.9395	39.1299	38.8223	39.057900000000004	38.9433	39.1356	38.9427	39.242399999999996	38.9562	39.137699999999995	39.0398	39.152100000000004	38.8136	39.198100000000004	38.8098	39.1855	39.007	39.024300000000004	39.0031	39.1995	38.866499999999995	39.1104	38.9728	39.0309	38.8362	39.1595	38.9365	39.1948	39.009100000000004	39.076100000000004	38.9442	39.135999999999996	38.864599999999996	39.1268	38.9226	39.1451	38.9822	39.1041	38.9706	39.1131	38.9992	39.0077	38.8009	39.1323	38.8363	39.0982	39.1246	39.1174	39.0448	39.1407	38.9859	39.1015	38.9739	39.022400000000005	38.899899999999995	39.1251	38.9266	39.0812	39.0888	39.0641	39.0588	39.1015	38.9158	39.0469	38.8922	39.0419	38.9309	39.1781	39.013799999999996	39.1925	39.1098	39.1305	38.9202	39.163599999999995	38.8864	39.070100000000004	38.9611	39.042100000000005	39.0439	39.2297	38.994800000000005	39.1682	38.9917	39.095800000000004	38.9485	39.1229	38.9421	39.1374	39.1055	39.1604	39.1846	39.3164	39.063700000000004	39.2349	39.1678	39.2742	39.1472	39.3457	39.291199999999996	39.4365	39.3866	39.3439	39.236399999999996	39.405499999999996	38.9109
Sor-CPnd_054-Ex1-8F-lcwgs-1-3	55.68149999999999	39.962399999999995	38.2494	37.4034	39.0321	36.6421	36.487199999999994	38.6355	39.459300000000006	37.3901	42.4431	41.7317	41.2213	40.5943	40.5028	39.937400000000004	40.5305	40.0732	40.4439	40.388600000000004	40.568	40.1944	40.5039	39.8816	40.161	39.9648	39.969100000000005	39.774100000000004	40.2138	39.7925	40.336	40.042699999999996	40.2317	39.8986	40.246700000000004	39.785399999999996	40.0559	39.6635	39.8053	39.5944	40.04	39.58	39.9133	39.7523	39.7016	39.539	39.6944	39.4247	39.683099999999996	39.5684	39.6948	39.5009	39.7867	39.4163	39.6662	39.585300000000004	39.6969	39.311	39.6282	39.306000000000004	39.623000000000005	39.5182	39.4673	39.4597	39.656000000000006	39.3041	39.5664	39.4013	39.4644	39.2429	39.568599999999996	39.2994	39.572	39.3883	39.3893	39.3864	39.6623	39.2179	39.4975	39.2654	39.571	39.270500000000006	39.4995	39.333200000000005	39.5351	39.4173	39.340599999999995	39.1531	39.535199999999996	39.1822	39.393	39.4243	39.427800000000005	39.3143	39.482	39.2196	39.441900000000004	39.2593	39.2333	39.081500000000005	39.4011	39.1789	39.2873	39.2787	39.2624	39.2194	39.3133	39.0905	39.3121	39.0862	39.287	39.0735	39.3243	39.2581	39.2711	39.2346	39.2074	39.0526	39.225100000000005	39.0995	39.062200000000004	39.111000000000004	39.212399999999995	39.082899999999995	39.2772	39.124900000000004	39.2629	38.9822	39.1074	39.041399999999996	39.0995	38.9127	39.0926	39.1352	39.1719	39.1757	39.2577	39.0713	39.238	39.102599999999995	39.3369	39.1589	39.4131	39.3055	39.4936	39.405699999999996	39.3324	39.302	39.3196	38.9438
Sor-CPnd_055-Ex1-7G-lcwgs-1-3	54.1567	39.4574	37.0979	36.458	37.8758	35.627399999999994	35.6557	37.5984	38.407799999999995	36.3152	41.1145	40.375299999999996	39.8723	39.3152	39.1524	38.6514	39.2183	38.7224	39.149499999999996	39.068599999999996	39.2699	38.8599	39.144	38.5722	38.7804	38.5921	38.5783	38.3801	38.7762	38.413599999999995	38.872	38.7342	38.8824	38.529	38.8194	38.424	38.5888	38.314	38.4582	38.2123	38.7573	38.2477	38.5783	38.4204	38.4043	38.203700000000005	38.3718	38.0578	38.3066	38.1443	38.312200000000004	38.1492	38.454	38.142199999999995	38.3166	38.2281	38.3214	37.966899999999995	38.3112	37.9842	38.3023	38.2059	38.1539	38.0922	38.327099999999994	38.0009	38.2143	38.0791	38.137	37.8945	38.2684	38.0637	38.254	38.1355	38.1535	38.0334	38.2143	37.9272	38.1762	37.9994	38.2414	37.980199999999996	38.2206	38.0428	38.1456	38.0727	38.0608	37.8177	38.2348	37.8753	38.1351	38.0982	38.1066	38.0581	38.2007	37.9651	38.136700000000005	37.9502	38.048700000000004	37.8742	38.1811	37.9311	38.062000000000005	38.1306	38.0946	38.0092	38.0659	37.8969	38.079800000000006	37.8789	37.993300000000005	37.9215	38.118	37.9394	38.1523	38.1445	38.0446	37.8738	38.0594	37.7876	38.000499999999995	37.8806	38.0697	37.9801	38.1949	37.974000000000004	38.0796	38.026700000000005	38.0556	37.8872	38.0774	37.9272	38.043	38.0981	38.0708	38.1656	38.213	37.992	38.163000000000004	38.1402	38.2274	38.1331	38.3759	38.3254	38.4073	38.4476	38.2821	38.2656	38.393100000000004	37.8741
Sor-CPnd_058-Ex1-2G-lcwgs-1-3	54.502300000000005	37.971	36.6976	36.0759	37.5492	35.2428	35.0051	36.6386	37.5525	35.7016	40.6182	40.0348	39.4895	38.9619	38.714	38.2834	38.7915	38.3915	38.7129	38.705	38.935700000000004	38.5251	38.6976	38.1883	38.3838	38.1675	38.1396	38.001200000000004	38.320100000000004	38.0448	38.5375	38.3767	38.535599999999995	38.2108	38.5013	38.1246	38.2934	38.0101	38.2046	37.9558	38.4369	38.048500000000004	38.3482	38.1837	38.2216	37.9797	38.1945	37.8813	38.1272	37.9788	38.1529	38.0849	38.2568	37.9938	38.1381	38.1276	38.201	37.8711	38.168	37.928200000000004	38.1814	38.1472	38.0238	38.0875	38.204100000000004	37.9547	38.1463	38.007000000000005	38.0382	37.858799999999995	38.217099999999995	38.0319	38.1932	38.1098	38.0961	38.0382	38.1973	37.871	38.141000000000005	38.0309	38.2017	38.0205	38.221199999999996	38.007000000000005	38.1532	38.0393	38.0693	37.8291	38.228699999999996	37.8932	38.2004	38.1425	38.1716	38.0778	38.2025	38.0361	38.160500000000006	37.9775	38.0563	37.9298	38.1653	37.9641	38.1325	38.1675	38.139	38.092	38.1622	37.9543	38.1586	37.9	38.09	37.961	38.2067	38.013400000000004	38.2567	38.153	38.162	37.926300000000005	38.1268	37.884	38.0576	38.0036	38.1416	38.133	38.2312	38.053799999999995	38.2043	38.0199	38.1813	37.9929	38.1479	37.994	38.170700000000004	38.1565	38.1517	38.2577	38.3363	38.114	38.266600000000004	38.2542	38.373200000000004	38.2938	38.4097	38.365	38.520199999999996	38.4473	38.4032	38.3439	38.413799999999995	37.9973
Sor-CPnd_063-Ex1-7D-lcwgs-1-3	54.642599999999995	39.731899999999996	37.7283	36.9987	38.3696	35.0519	36.0918	37.9505	38.7663	36.7905	41.4882	40.851	40.3513	39.868900000000004	39.6675	39.1668	39.6726	39.205600000000004	39.626	39.5924	39.72	39.348	39.5997	39.0473	39.266400000000004	39.1096	39.0961	38.9209	39.2908	38.9504	39.393299999999996	39.2484	39.3519	39.0888	39.356700000000004	38.914	39.138400000000004	38.8311	38.9762	38.7825	39.2552	38.7594	39.0991	38.958999999999996	38.9158	38.7346	38.929399999999994	38.5891	38.8226	38.6824	38.8304	38.7288	38.9661	38.671499999999995	38.8673	38.7633	38.868399999999994	38.5407	38.8498	38.5509	38.8553	38.7764	38.6689	38.6259	38.8891	38.5745	38.7398	38.672000000000004	38.676300000000005	38.4919	38.804300000000005	38.5712	38.7901	38.6642	38.6664	38.6032	38.7938	38.4653	38.7346	38.5982	38.7509	38.5982	38.7348	38.5507	38.690799999999996	38.6129	38.6034	38.4161	38.7427	38.4715	38.7084	38.6671	38.6737	38.6264	38.6967	38.5273	38.719500000000004	38.526700000000005	38.5295	38.429	38.6796	38.4809	38.6373	38.6931	38.6334	38.561099999999996	38.6734	38.4533	38.6428	38.523	38.590799999999994	38.4703	38.648900000000005	38.5431	38.714999999999996	38.6668	38.585	38.3921	38.6243	38.3486	38.554300000000005	38.515	38.5714	38.561800000000005	38.6998	38.5359	38.6082	38.5036	38.601	38.4764	38.6245	38.42	38.6113	38.6253	38.6052	38.676100000000005	38.7014	38.5232	38.721	38.683499999999995	38.7491	38.6814	38.8297	38.8266	38.9731	38.8743	38.7872	38.818599999999996	38.8478	38.5192
Sor-CPnd_066-Ex1-8B-lcwgs-1-3	55.6713	39.7675	38.6584	37.4843	38.6695	35.2839	36.2039	37.9703	39.0694	37.3041	42.0336	41.6614	40.9937	40.271499999999996	40.2532	39.3483	40.1947	39.6785	40.0321	39.9994	40.157	39.7747	40.2238	39.439099999999996	39.7212	39.2855	39.5981	39.487899999999996	39.6624	39.4933	40.0572	39.6613	39.793	39.6756	39.8651	39.2959	39.6395	39.3577	39.4522	39.2582	39.8036	39.2208	39.576899999999995	39.555	39.555099999999996	39.3082	39.452799999999996	39.112	39.4234	39.264700000000005	39.392700000000005	39.3673	39.4973	39.3917	39.2596	39.230599999999995	39.3629	39.006800000000005	39.3226	39.1475	39.483200000000004	39.2536	39.3427	39.296	39.3771	39.1113	39.5266	39.2866	39.5212	39.021499999999996	39.3598	39.1603	39.4172	39.1772	39.2846	39.1143	39.508700000000005	38.9771	39.2274	39.1673	39.4171	39.0826	39.4232	39.1357	39.244299999999996	39.171499999999995	39.2804	39.1199	39.144600000000004	38.8615	39.070100000000004	39.1306	39.4905	38.9462	39.3504	38.8822	39.364	38.974399999999996	39.3587	38.929399999999994	39.3446	39.029799999999994	39.149699999999996	39.3217	39.178000000000004	39.1671	39.2023	38.8596	39.1481	38.9038	38.996199999999995	39.0239	39.2081	39.0654	39.34	39.1132	39.2973	38.6956	39.223200000000006	38.6344	39.2675	38.7243	39.062799999999996	39.0187	39.0614	39.1721	38.9905	39.2911	38.9517	38.7838	39.2723	39.0912	39.0784	39.3674	38.8955	39.265299999999996	39.5146	38.968	39.2342	39.2065	39.4812	39.0824	39.494299999999996	39.038000000000004	39.3704	39.1466	39.477000000000004	39.3996	39.5931	39.084799999999994
Sor-CPnd_069-Ex1-6B-lcwgs-1-3	55.6683	39.3427	38.062000000000005	37.1587	38.6311	35.513600000000004	36.2717	38.4637	39.2795	36.899300000000004	42.1109	41.6828	41.0051	40.308699999999995	40.1553	39.6267	40.096199999999996	39.6385	40.1035	39.9687	40.1635	39.7718	40.0257	39.474599999999995	39.6603	39.4377	39.4407	39.2576	39.6755	39.3714	39.7582	39.669900000000005	39.7362	39.4834	39.7241	39.3468	39.5298	39.2314	39.4559	39.2025	39.6704	39.2676	39.604800000000004	39.4163	39.399499999999996	39.2437	39.4009	39.1417	39.3588	39.2293	39.4108	39.2507	39.529599999999995	39.216499999999996	39.3903	39.296	39.4261	39.0861	39.4118	39.101200000000006	39.3904	39.3657	39.2505	39.2017	39.4917	39.1528	39.378299999999996	39.194	39.270300000000006	39.0872	39.399	39.184799999999996	39.4001	39.2256	39.293099999999995	39.2414	39.3224	39.1201	39.3333	39.165499999999994	39.3945	39.197500000000005	39.3527	39.2198	39.3895	39.230900000000005	39.199400000000004	39.048899999999996	39.408500000000004	39.089400000000005	39.3419	39.3001	39.3133	39.2546	39.343	39.166000000000004	39.3978	39.1227	39.2537	39.0997	39.3498	39.1464	39.251200000000004	39.2835	39.2465	39.2222	39.3123	39.1057	39.2735	39.0918	39.2822	39.1025	39.3455	39.1904	39.3316	39.3574	39.287	39.103	39.2635	39.0422	39.2075	39.171800000000005	39.2924	39.2202	39.398300000000006	39.098699999999994	39.3759	39.1681	39.296	39.0603	39.2807	39.097	39.3384	39.2895	39.3109	39.3631	39.420500000000004	39.1937	39.4071	39.353	39.3836	39.4033	39.545	39.435500000000005	39.637899999999995	39.5627	39.4701	39.4212	39.5663	39.1359
Sor-CPnd_072-Ex1-8C-lcwgs-1-3	54.5701	40.8953	37.702799999999996	36.8464	38.263799999999996	36.015	36.0099	37.7069	38.6135	37.202200000000005	41.118500000000004	40.5389	40.220800000000004	39.793299999999995	39.684999999999995	39.2089	39.6731	39.2353	39.6246	39.5221	39.751999999999995	39.328	39.6671	39.090399999999995	39.2978	39.1353	39.114399999999996	38.8852	39.320100000000004	38.9373	39.3815	39.2661	39.3688	39.0783	39.3876	38.9542	39.1889	38.885999999999996	39.109	38.8552	39.371	38.8671	39.221000000000004	39.0596	39.057900000000004	38.852399999999996	39.1006	38.7768	39.013799999999996	38.86	39.061800000000005	38.8936	39.204699999999995	38.8488	39.097300000000004	39.0054	39.0917	38.7528	39.1003	38.7932	39.0917	38.9824	38.9433	38.8838	39.169	38.7988	39.0606	38.8998	38.948100000000004	38.7271	39.1053	38.8564	39.0888	38.9493	38.9701	38.8784	39.0462	38.7511	39.0239	38.8482	39.069500000000005	38.8786	39.0589	38.860299999999995	39.0227	38.9405	38.9611	38.6944	39.0732	38.7446	39.0424	38.9895	39.0131	38.9212	39.0746	38.845800000000004	39.0308	38.859300000000005	38.945800000000006	38.7301	39.0742	38.799499999999995	38.9637	39.0403	38.9958	38.914100000000005	39.0302	38.7875	38.9647	38.8237	38.952999999999996	38.8342	39.075500000000005	38.917	39.0602	38.9988	38.9494	38.7809	39.0429	38.7329	38.9303	38.840599999999995	38.9438	38.9246	39.107	38.8622	39.0281	38.8834	38.982299999999995	38.762600000000006	39.0302	38.809900000000006	39.0163	38.9568	39.0185	39.0772	39.157599999999995	38.8889	39.1327	39.0136	39.1066	39.1122	39.2839	39.172200000000004	39.3444	39.259699999999995	39.2326	39.1753	39.269	38.8695
