Sample	1	2	3	4	5	6	7	8	9	10	11	12	13	14	15	16	17	18	19	20	21	22	23	24	25	26	27	28	29	30	31	32	33	34	35	36	37	38	39	40	41	42	43	44	45	46	47	48	49	50	51	52	53	54	55	56	57	58	59	60	61	62	63	64	65	66	67	68	69	70	71	72	73	74	75	76	77	78	79	80	81	82	83	84	85	86	87	88	89	90	91	92	93	94	95	96	97	98	99	100	101	102	103	104	105	106	107	108	109	110	111	112	113	114	115	116	117	118	119	120	121	122	123	124	125	126	127	128	129	130	131	132	133	134	135	136	137	138	139	140	141	142	143	144	145	146	147	148	149	150
Sor-CPnd_001-Ex1-3E-lcwgs-1-3.clmp.r1r2_fastp	55.397	38.6881	37.670700000000004	37.1223	37.932	36.918299999999995	35.728500000000004	37.0789	37.9309	36.4695	41.049	40.413	40.0379	39.4285	39.2857	38.8227	39.3412	38.972899999999996	39.3087	39.2266	39.4702	39.1047	39.3008	38.748599999999996	38.9896	38.7078	38.7089	38.5324	38.9822	38.5729	39.0682	38.917699999999996	39.0005	38.7646	38.976	38.667699999999996	38.9001	38.5791	38.710499999999996	38.5218	38.9634	38.5479	38.8218	38.6829	38.6738	38.4889	38.691199999999995	38.4142	38.600699999999996	38.463	38.5876	38.5158	38.7689	38.5111	38.643499999999996	38.5945	38.642900000000004	38.3681	38.6571	38.334	38.728699999999996	38.5163	38.5043	38.4793	38.6869	38.369	38.608599999999996	38.485	38.5603	38.317	38.6276	38.4446	38.6108	38.4848	38.501400000000004	38.4785	38.5523	38.373000000000005	38.5912	38.4293	38.664	38.4221	38.594	38.3956	38.5915	38.4262	38.4675	38.2759	38.624900000000004	38.324200000000005	38.5604	38.5167	38.534400000000005	38.4464	38.595600000000005	38.408	38.5577	38.4189	38.4536	38.3057	38.607200000000006	38.356899999999996	38.5191	38.5278	38.4409	38.465199999999996	38.5391	38.3099	38.5364	38.2941	38.4662	38.345	38.5422	38.4225	38.5439	38.536	38.5511	38.3197	38.4632	38.245400000000004	38.4429	38.34	38.5175	38.4408	38.5556	38.4475	38.4961	38.3295	38.4844	38.2519	38.518299999999996	38.3401	38.488699999999994	38.5201	38.5112	38.5037	38.5691	38.418	38.5584	38.502399999999994	38.5672	38.542500000000004	38.676	38.6659	38.8013	38.7588	38.677	38.6655	38.656600000000005	38.2072
Sor-CPnd_002-Ex1-5E-lcwgs-1-3.clmp.r1r2_fastp	55.2504	40.517199999999995	38.438	37.9262	38.7654	37.88	36.9396	38.6356	39.245200000000004	37.5096	41.9403	41.3022	40.8856	40.2459	40.0891	39.6535	40.1818	39.7378	40.201100000000004	40.1107	40.2949	39.873799999999996	40.1621	39.5877	39.842	39.6674	39.6835	39.4424	39.833800000000004	39.483000000000004	39.9366	39.7689	39.899	39.6314	39.852199999999996	39.4662	39.705200000000005	39.4195	39.547	39.297	39.792899999999996	39.3013	39.623799999999996	39.502700000000004	39.4594	39.25	39.4843	39.1166	39.4328	39.240199999999994	39.4583	39.2256	39.543800000000005	39.1907	39.417699999999996	39.3424	39.4386	39.0504	39.4086	39.08	39.509	39.2497	39.307900000000004	39.1454	39.45	39.074999999999996	39.3015	39.1762	39.2812	39.0657	39.4202	39.1453	39.3974	39.2751	39.238299999999995	39.1839	39.3233	39.0255	39.3575	39.1009	39.3852	39.1273	39.4315	39.0707	39.3375	39.163399999999996	39.2025	38.9835	39.3776	39.015499999999996	39.2961	39.2444	39.2833	39.1747	39.313199999999995	39.1213	39.3042	39.0977	39.147	39.0199	39.278600000000004	39.083	39.2628	39.2349	39.1627	39.2011	39.2453	39.015499999999996	39.1911	39.0554	39.2119	39.0529	39.26	39.1364	39.2138	39.2598	39.1772	39.0237	39.299099999999996	38.9053	39.2275	39.1158	39.2361	39.1488	39.3193	39.0603	39.24	39.0997	39.2034	38.9828	39.1984	39.1017	39.1789	39.2708	39.184400000000004	39.3048	39.28	39.1057	39.3429	39.1953	39.359	39.2367	39.5107	39.3417	39.541199999999996	39.481100000000005	39.3635	39.3578	39.4347	38.8678
Sor-CPnd_003-Ex1-2B-lcwgs-1-3.clmp.r1r2_fastp	56.263200000000005	39.6165	39.1229	37.647999999999996	38.6063	37.746	36.7862	38.368900000000004	39.2053	37.234	42.052800000000005	41.5365	41.0217	40.3495	40.1961	39.696999999999996	40.2814	39.861200000000004	40.2255	40.1601	40.3597	39.954299999999996	40.1753	39.617999999999995	39.7609	39.6093	39.617999999999995	39.4051	39.86	39.4787	39.9368	39.7463	39.9358	39.6054	39.847500000000004	39.4979	39.7507	39.410000000000004	39.6002	39.3361	39.8418	39.366	39.7231	39.5376	39.5484	39.3227	39.5478	39.2216	39.4894	39.3244	39.5031	39.3748	39.628	39.3585	39.528200000000005	39.4787	39.5546	39.2272	39.5571	39.231500000000004	39.5785	39.4088	39.4121	39.332499999999996	39.5868	39.2493	39.456799999999994	39.3093	39.4808	39.2158	39.564899999999994	39.338499999999996	39.5081	39.4048	39.4137	39.313900000000004	39.5088	39.1856	39.4877	39.306000000000004	39.5587	39.2857	39.5439	39.298300000000005	39.453700000000005	39.324799999999996	39.358399999999996	39.1971	39.5483	39.2144	39.4646	39.4073	39.4981	39.3558	39.4976	39.319500000000005	39.4652	39.2915	39.356	39.2685	39.4637	39.279799999999994	39.4261	39.4052	39.4291	39.3314	39.4323	39.2289	39.3991	39.1958	39.414300000000004	39.225	39.4688	39.3825	39.476499999999994	39.4031	39.4257	39.1918	39.415800000000004	39.136500000000005	39.4472	39.2414	39.4296	39.3714	39.486399999999996	39.344699999999996	39.4046	39.3499	39.354099999999995	39.1553	39.4409	39.3056	39.456599999999995	39.5019	39.4356	39.4459	39.5113	39.3218	39.506099999999996	39.3374	39.5168	39.5171	39.6217	39.5376	39.7115	39.6888	39.5954	39.597	39.6558	39.028400000000005
Sor-CPnd_004-Ex1-1G-lcwgs-1-3.clmp.r1r2_fastp	54.8288	40.0938	37.955299999999994	37.140499999999996	38.6074	37.3663	36.5063	37.7708	38.425399999999996	36.7779	41.1996	40.504400000000004	40.1684	39.6449	39.508700000000005	39.115	39.606700000000004	39.205600000000004	39.5708	39.5298	39.6932	39.2579	39.555	39.0324	39.191700000000004	39.0193	39.0233	38.7699	39.1962	38.7654	39.2697	39.0749	39.241	38.995200000000004	39.2393	38.8223	39.0785	38.8088	38.9178	38.7063	39.1969	38.7003	39.068000000000005	38.8594	38.894400000000005	38.6894	38.9268	38.5988	38.8302	38.6922	38.8231	38.7282	38.9805	38.6466	38.8758	38.7927	38.8882	38.541	38.8895	38.5132	38.912200000000006	38.7574	38.7067	38.6752	38.9038	38.556400000000004	38.7815	38.638099999999994	38.758900000000004	38.5134	38.8491	38.6245	38.8766	38.7309	38.7407	38.6918	38.835300000000004	38.507999999999996	38.7941	38.6353	38.8073	38.661899999999996	38.8309	38.5882	38.8114	38.6679	38.803	38.4791	38.8793	38.5448	38.8094	38.724799999999995	38.7639	38.685399999999994	38.8393	38.638	38.8472	38.6515	38.736599999999996	38.6319	38.8065	38.6042	38.7339	38.8215	38.711	38.6932	38.7744	38.5926	38.7859	38.5795	38.7712	38.6453	38.8145	38.7166	38.824999999999996	38.7815	38.7515	38.587900000000005	38.738499999999995	38.5164	38.8292	38.7168	38.7215	38.7406	38.8942	38.6857	38.8333	38.704	38.7693	38.621	38.8093	38.6131	38.7869	38.8505	38.7622	38.8253	38.92	38.7314	38.948100000000004	38.8287	38.9139	38.8499	39.102	38.9587	39.1654	39.138	39.0253	39.009899999999995	39.1079	38.498
Sor-CPnd_005-Ex1-3D-lcwgs-1-3.clmp.r1r2_fastp	55.523599999999995	39.2375	38.6881	37.457499999999996	38.5486	37.5189	36.546800000000005	37.5497	38.279999999999994	36.7723	41.2287	40.6606	40.2935	39.7188	39.6272	39.2257	39.7787	39.4421	39.7789	39.7385	39.9176	39.517799999999994	39.6743	39.1345	39.2769	39.1109	39.0535	38.9434	39.23	38.9557	39.3666	39.1924	39.272600000000004	39.0916	39.3244	39.038000000000004	39.2001	38.913	39.143699999999995	38.879000000000005	39.3047	38.8907	39.2206	39.0864	39.0607	38.8639	38.9946	38.7505	38.990700000000004	38.8678	38.9946	38.915499999999994	39.1498	38.9101	39.0439	38.9979	39.131899999999995	38.7924	39.0251	38.7665	39.110299999999995	38.9427	38.9679	38.9463	39.0434	38.7953	38.9897	38.921299999999995	38.9921	38.798300000000005	39.0351	38.8615	39.0657	38.9508	38.920100000000005	38.8769	39.0492	38.7758	39.0746	38.8492	39.0383	38.8417	39.0465	38.8555	39.0214	38.8831	38.9739	38.7399	39.0938	38.7984	38.992599999999996	39.034	38.9956	38.9082	39.054899999999996	38.8568	39.0512	38.8758	38.9564	38.8284	39.0545	38.8094	39.0542	39.002700000000004	38.968599999999995	38.9274	39.0037	38.8083	38.9367	38.8607	38.9878	38.850899999999996	39.0648	38.9432	39.0469	39.0737	39.021499999999996	38.8266	39.0079	38.815	38.9961	38.9373	38.987899999999996	38.9515	39.1348	38.919	39.1635	38.9514	39.0447	38.8571	39.033	38.9137	38.9768	39.0633	39.0278	39.1021	39.2051	38.9783	39.152300000000004	39.088699999999996	39.3009	39.1299	39.3219	39.193099999999994	39.391799999999996	39.4173	39.2744	39.2941	39.3791	38.752900000000004
Sor-CPnd_006-Ex1-2D-lcwgs-1-3.clmp.r1r2_fastp	55.265600000000006	39.7475	38.196200000000005	37.2319	38.486	37.4364	36.5293	38.0426	38.731500000000004	36.8697	41.498000000000005	40.9266	40.4298	39.900000000000006	39.7197	39.2671	39.7761	39.316	39.7209	39.6648	39.7751	39.4009	39.6584	39.1826	39.2733	39.1311	39.1306	38.929399999999994	39.306999999999995	38.9488	39.3985	39.2161	39.352900000000005	39.0863	39.3293	38.9897	39.2062	38.9029	39.0185	38.8135	39.2727	38.8378	39.157	38.9968	38.988499999999995	38.784800000000004	39.0105	38.691700000000004	38.9167	38.7881	38.9232	38.760099999999994	39.0592	38.7652	38.9366	38.8808	38.9385	38.648500000000006	38.9596	38.5981	38.987	38.793499999999995	38.7851	38.757200000000005	38.961800000000004	38.631	38.8326	38.7354	38.8628	38.6184	38.9223	38.7108	38.9112	38.7481	38.785399999999996	38.738099999999996	38.8397	38.6006	38.860299999999995	38.6732	38.8962	38.6519	38.8902	38.6732	38.878800000000005	38.7513	38.7851	38.567499999999995	38.8972	38.5841	38.8185	38.7895	38.829	38.750299999999996	38.8384	38.67	38.8461	38.635000000000005	38.765	38.5744	38.8863	38.6237	38.8727	38.8625	38.7586	38.7671	38.8229	38.6054	38.752399999999994	38.6438	38.7593	38.6914	38.833800000000004	38.757799999999996	38.9009	38.8156	38.829	38.6565	38.830799999999996	38.591300000000004	38.8671	38.728899999999996	38.804300000000005	38.7716	38.9621	38.742900000000006	38.8129	38.7471	38.8508	38.616299999999995	38.8819	38.714	38.8116	38.9105	38.8544	38.9349	39.034200000000006	38.8488	38.9902	38.9163	39.0276	38.939299999999996	39.1473	39.051399999999994	39.1939	39.210699999999996	39.0739	39.0592	39.1648	38.5943
Sor-CPnd_007-Ex1-1C-lcwgs-1-3.clmp.r1r2_fastp	57.0354	40.7423	39.8773	38.4236	39.725899999999996	38.7083	37.719500000000004	39.414500000000004	40.244	38.0415	43.0138	42.5397	42.146899999999995	41.4849	41.2318	40.7676	41.3765	40.8518	41.326499999999996	41.287600000000005	41.395199999999996	40.9076	41.2912	40.6703	40.916799999999995	40.6535	40.7087	40.4117	40.908	40.4985	41.041	40.832800000000006	40.9721	40.639399999999995	40.9481	40.5057	40.8338	40.521	40.6739	40.359899999999996	40.9139	40.3819	40.7979	40.5815	40.6084	40.363	40.624	40.2881	40.597	40.3983	40.5331	40.3833	40.7041	40.2807	40.5558	40.3607	40.624	40.238099999999996	40.7163	40.166000000000004	40.6681	40.4182	40.461200000000005	40.28	40.5798	40.251599999999996	40.4867	40.4327	40.5136	40.2001	40.5387	40.299800000000005	40.5593	40.3515	40.429700000000004	40.352	40.478500000000004	40.115899999999996	40.497	40.2378	40.47	40.2612	40.466800000000006	40.2039	40.4361	40.3715	40.3926	40.1899	40.5129	40.1707	40.4911	40.3976	40.3835	40.234700000000004	40.4329	40.249	40.4972	40.2305	40.3846	40.0978	40.4814	40.1292	40.422599999999996	40.4155	40.2719	40.2822	40.442	40.0978	40.4326	40.1509	40.3041	40.1211	40.32	40.2499	40.3508	40.2823	40.35	40.1626	40.4169	40.015699999999995	40.4068	40.1344	40.3389	40.2176	40.3476	40.170899999999996	40.385799999999996	40.1956	40.3048	40.0662	40.3744	40.1568	40.3615	40.2262	40.3485	40.3255	40.4931	40.1518	40.3846	40.2703	40.4683	40.2349	40.5308	40.3837	40.5614	40.5929	40.4165	40.3643	40.5833	39.853699999999996
Sor-CPnd_008-Ex1-1A-lcwgs-1-3.clmp.r1r2_fastp	56.2527	38.6229	39.9007	37.6464	38.1724	37.3908	36.21	37.9525	38.9252	36.5792	41.9824	41.7095	41.1616	40.3502	40.1825	39.6556	40.1595	39.7693	40.1124	40.0177	40.2137	39.7839	39.9592	39.4378	39.6468	39.3125	39.4079	39.224399999999996	39.624500000000005	39.2825	39.7688	39.5833	39.7907	39.5137	39.7091	39.405499999999996	39.6173	39.273599999999995	39.5165	39.279399999999995	39.7482	39.317800000000005	39.7451	39.475300000000004	39.5727	39.3534	39.5735	39.2641	39.5146	39.3816	39.5675	39.4135	39.6912	39.400800000000004	39.588499999999996	39.487100000000005	39.6092	39.297	39.5984	39.2802	39.6997	39.4241	39.5219	39.3964	39.666000000000004	39.2992	39.5374	39.3913	39.5664	39.286500000000004	39.6345	39.3557	39.6746	39.4486	39.5404	39.406600000000005	39.5824	39.3045	39.5473	39.3556	39.6597	39.3724	39.6217	39.3704	39.583200000000005	39.4118	39.4897	39.2426	39.6493	39.2628	39.5653	39.5055	39.568	39.4374	39.579	39.387699999999995	39.5993	39.3095	39.4872	39.2832	39.5923	39.2892	39.5949	39.4897	39.514700000000005	39.434999999999995	39.509899999999995	39.2957	39.4904	39.2952	39.5278	39.3166	39.606	39.425399999999996	39.5417	39.469100000000005	39.5297	39.3097	39.5068	39.2203	39.529199999999996	39.3191	39.4982	39.4086	39.6174	39.3647	39.543099999999995	39.316	39.5233	39.25	39.498400000000004	39.2785	39.5244	39.4542	39.5002	39.4922	39.6017	39.4046	39.5597	39.3905	39.6318	39.5232	39.7343	39.5508	39.7813	39.7299	39.6619	39.6131	39.7233	39.088899999999995
Sor-CPnd_009-Ex1-6A-lcwgs-1-3.clmp.r1r2_fastp	55.0921	39.2308	38.114	37.2528	38.297	37.3807	36.1979	38.0933	38.9843	36.7464	41.7848	41.420899999999996	40.860400000000006	40.1938	39.9889	39.5137	39.9912	39.5643	39.9737	39.8894	40.1074	39.726099999999995	39.9279	39.374700000000004	39.5794	39.3633	39.3792	39.1749	39.5917	39.218599999999995	39.6865	39.5422	39.716699999999996	39.3942	39.6275	39.2973	39.5083	39.2119	39.3708	39.147	39.6027	39.1916	39.5514	39.346199999999996	39.3651	39.156200000000005	39.3598	39.056000000000004	39.299	39.1702	39.318799999999996	39.1976	39.4567	39.1818	39.3063	39.2673	39.3333	39.0222	39.3679	39.0259	39.425900000000006	39.1999	39.2833	39.1536	39.4113	39.0512	39.2714	39.1498	39.2698	38.993	39.3444	39.1295	39.394400000000005	39.1877	39.256299999999996	39.1475	39.3189	38.9973	39.3016	39.0718	39.3379	39.1231	39.3457	39.1422	39.3028	39.1914	39.2086	39.009100000000004	39.3537	39.0546	39.2988	39.2523	39.3093	39.1986	39.3231	39.1464	39.2826	39.112700000000004	39.2268	39.0719	39.3367	39.096599999999995	39.3114	39.273599999999995	39.289699999999996	39.2106	39.3331	39.1021	39.3202	39.0648	39.2876	39.139	39.3743	39.240399999999994	39.384	39.279799999999994	39.324	39.0849	39.3244	39.0872	39.355000000000004	39.1936	39.3479	39.301199999999994	39.4285	39.2216	39.3775	39.205600000000004	39.3587	39.1341	39.385999999999996	39.1534	39.3827	39.3683	39.3906	39.433299999999996	39.5058	39.259	39.494	39.358	39.5038	39.4189	39.6046	39.5187	39.711400000000005	39.6196	39.577	39.5304	39.6403	39.1005
Sor-CPnd_010-Ex1-1H-lcwgs-1-3.clmp.r1r2_fastp	55.9485	39.3289	38.2023	37.2151	38.6329	37.255	36.2917	37.8179	38.5546	36.6819	41.5058	40.8316	40.373	39.814	39.651199999999996	39.2139	39.6332	39.2288	39.574999999999996	39.6611	39.7338	39.316	39.5209	39.0154	39.1378	38.9973	38.9255	38.7758	39.1832	38.8224	39.3285	39.1037	39.2555	38.9829	39.3099	38.872	39.1225	38.7714	38.9204	38.689299999999996	39.2188	38.7523	39.071	38.8917	38.9818	38.814	38.9233	38.6988	38.8071	38.7089	38.8539	38.8019	39.0375	38.6635	38.9369	38.823299999999996	38.9807	38.6795	38.873000000000005	38.6257	38.9745	38.775	38.8354	38.655899999999995	39.0331	38.628299999999996	38.7887	38.7678	38.838	38.5585	38.9316	38.6421	38.8739	38.736	38.786500000000004	38.6126	38.881	38.624399999999994	38.9026	38.6098	38.791799999999995	38.6306	38.8496	38.5985	38.7785	38.650099999999995	38.657399999999996	38.543	38.8426	38.5488	38.8311	38.731500000000004	38.813900000000004	38.6005	38.844699999999996	38.530300000000004	38.7745	38.6074	38.7741	38.5171	38.873400000000004	38.5111	38.6709	38.784400000000005	38.6452	38.5822	38.8181	38.5735	38.7127	38.634	38.6921	38.5011	38.7673	38.619	38.807900000000004	38.6856	38.7361	38.5052	38.6889	38.4972	38.6558	38.545	38.7477	38.5665	38.8417	38.5203	38.7403	38.652	38.7966	38.439499999999995	38.7655	38.5892	38.7787	38.676700000000004	38.811800000000005	38.8004	38.8104	38.6137	38.8046	38.6203	38.849000000000004	38.8084	38.9069	38.834	39.1055	38.8067	38.934400000000004	38.6795	39.1739	38.291799999999995
Sor-CPnd_012-Ex1-5B-lcwgs-1-3.clmp.r1r2_fastp	55.3697	39.7272	38.4992	37.3311	38.6142	37.6013	36.7066	38.4988	39.1606	37.0865	42.011199999999995	41.4135	40.8902	40.275	40.1143	39.6419	40.1536	39.6723	40.0967	40.0334	40.2081	39.7984	40.0564	39.5288	39.6665	39.4619	39.5225	39.2941	39.7359	39.2984	39.8001	39.591300000000004	39.7813	39.4688	39.717200000000005	39.3254	39.5443	39.2205	39.3921	39.1666	39.671800000000005	39.164500000000004	39.533699999999996	39.323	39.3306	39.114599999999996	39.3038	39.083800000000004	39.2358	39.0946	39.2946	39.1166	39.4344	39.061299999999996	39.3165	39.1953	39.2902	38.969500000000004	39.2626	38.9444	39.3277	39.0928	39.1895	39.1062	39.306999999999995	38.9464	39.1866	38.9851	39.1606	38.879799999999996	39.2879	39.0304	39.2102	39.027899999999995	39.1192	39.070100000000004	39.198499999999996	38.8604	39.0903	39.0181	39.2819	38.927	39.1965	38.9555	39.1214	39.0019	39.0438	38.7984	39.2168	38.833800000000004	39.1605	39.075700000000005	39.1167	39.0497	39.171	38.9702	39.1169	38.9347	39.008199999999995	38.8563	39.1732	38.8637	39.0702	39.1081	39.103	38.9631	39.1424	38.7816	39.0789	38.8029	39.031	38.9186	39.1056	38.9337	39.0666	39.0781	39.0386	38.887899999999995	39.0529	38.7937	39.0584	38.878800000000005	38.9946	39.008900000000004	39.1124	38.909	39.0522	38.9237	39.0237	38.840799999999994	39.0643	38.8459	39.0762	39.006	39.075700000000005	39.0831	39.0902	38.9253	39.0875	39.038000000000004	39.1755	39.0881	39.2808	39.138099999999994	39.3776	39.3429	39.1777	39.1419	39.2994	38.6575
Sor-CPnd_013-Ex1-7F-lcwgs-1-3.clmp.r1r2_fastp	55.736799999999995	39.7981	38.459500000000006	37.432700000000004	38.727000000000004	37.697900000000004	36.8913	38.4838	39.0619	37.2183	41.9012	41.1877	40.7099	40.1559	40.005	39.541	40.0847	39.670100000000005	40.0607	39.921299999999995	40.111000000000004	39.7243	39.982	39.453500000000005	39.6074	39.4541	39.4381	39.238800000000005	39.6047	39.262	39.7385	39.5416	39.6685	39.3405	39.6549	39.239000000000004	39.4885	39.1009	39.275	39.0048	39.5518	39.0506	39.3365	39.1876	39.1978	38.9944	39.2034	38.878800000000005	39.1119	38.9349	39.062999999999995	38.9596	39.204499999999996	38.9843	39.1389	39.0112	39.1393	38.7746	39.1887	38.7658	39.192	38.9933	38.9362	38.8926	39.1209	38.7926	38.9857	38.8746	39.0086	38.7123	39.0786	38.859100000000005	39.0818	38.902	38.975	38.8656	39.0287	38.7259	38.9637	38.808	38.9979	38.7708	38.9789	38.8112	38.9478	38.845600000000005	38.8812	38.662600000000005	39.029599999999995	38.65	38.9157	38.8989	38.921099999999996	38.8314	38.9912	38.7423	38.914100000000005	38.709900000000005	38.8143	38.736	38.9431	38.6592	38.8604	38.91	38.8611	38.8224	38.9228	38.7256	38.8423	38.6056	38.7738	38.7335	38.856	38.831700000000005	38.8992	38.8381	38.8629	38.6238	38.8234	38.5788	38.8369	38.641999999999996	38.8503	38.6803	38.9562	38.709500000000006	38.821600000000004	38.690999999999995	38.8478	38.5679	38.824799999999996	38.6311	38.8804	38.7382	38.8401	38.8081	38.9079	38.6966	38.878099999999996	38.791599999999995	38.9056	38.8425	39.0245	38.9662	39.1207	39.0467	39.031	38.9561	39.1261	38.4548
Sor-CPnd_014-Ex1-1F-lcwgs-1-3.clmp.r1r2_fastp	55.384299999999996	40.8235	38.3994	38.034800000000004	38.8756	37.873400000000004	36.7106	38.197199999999995	38.830799999999996	37.3562	41.444199999999995	40.794399999999996	40.4882	39.9358	39.8035	39.3633	39.8831	39.4619	39.8117	39.7354	39.934	39.588699999999996	39.885	39.3366	39.5364	39.398300000000006	39.3779	39.1456	39.5833	39.2024	39.6206	39.4349	39.5722	39.3158	39.564899999999994	39.2031	39.415	39.1725	39.2617	39.067800000000005	39.5507	39.020500000000006	39.4178	39.2411	39.2611	39.061299999999996	39.2748	38.937	39.1549	39.0094	39.1354	39.048899999999996	39.2908	39.0032	39.1934	39.123599999999996	39.1767	38.8766	39.218199999999996	38.873799999999996	39.231100000000005	39.0609	39.048300000000005	38.9461	39.2277	38.8424	39.097100000000005	39.0019	39.0928	38.8359	39.1762	38.887	39.1669	38.9671	39.0134	38.9789	39.1595	38.8158	39.0749	38.9476	39.1006	38.899899999999995	39.163199999999996	38.8495	39.0868	38.961	38.9972	38.7881	39.1395	38.8065	39.0511	39.0386	39.0385	38.9562	39.085300000000004	38.8909	39.051	38.883	38.954499999999996	38.8222	39.1398	38.817	39.0042	39.0283	38.955400000000004	38.95	39.0822	38.8183	39.0447	38.8028	39.0048	38.852599999999995	39.084	38.9514	39.0901	39.0114	39.0126	38.828	39.0446	38.7773	39.0445	38.9144	39.0065	38.9488	39.1117	38.9191	39.0674	38.8996	39.0191	38.8015	39.0957	38.8596	39.079	39.0338	39.0575	39.0746	39.1767	38.9529	39.1469	39.0535	39.1867	39.095800000000004	39.2972	39.2163	39.4126	39.3676	39.1997	39.2106	39.3102	38.7521
Sor-CPnd_015-Ex1-5F-lcwgs-1-3.clmp.r1r2_fastp	55.5314	40.4308	39.001999999999995	38.0297	39.054899999999996	38.0902	37.3181	39.0713	39.6351	37.5945	42.3199	41.6268	41.0734	40.563	40.3842	39.9669	40.4572	40.0648	40.4138	40.347699999999996	40.5113	40.0858	40.3876	39.864	40.0184	39.8294	39.8516	39.6206	40.0595	39.6853	40.0719	39.935700000000004	40.1182	39.8108	40.0787	39.677800000000005	39.9327	39.5634	39.7352	39.465	39.974	39.524100000000004	39.7906	39.6604	39.6359	39.4125	39.685199999999995	39.3415	39.5325	39.415800000000004	39.5667	39.420899999999996	39.6849	39.3446	39.6064	39.5396	39.5556	39.3054	39.622600000000006	39.2968	39.6113	39.4164	39.4306	39.3832	39.6138	39.2906	39.4247	39.3438	39.447500000000005	39.171099999999996	39.562599999999996	39.3439	39.5411	39.4	39.3754	39.363	39.470499999999994	39.2154	39.4778	39.245999999999995	39.5621	39.2874	39.5383	39.2504	39.4944	39.2996	39.362399999999994	39.1935	39.5205	39.1171	39.4509	39.3899	39.397	39.3096	39.4661	39.250600000000006	39.4414	39.231	39.24	39.1949	39.4244	39.144400000000005	39.391	39.382099999999994	39.3774	39.2435	39.3911	39.1949	39.3273	39.1598	39.3484	39.2022	39.3592	39.250600000000006	39.3633	39.3244	39.2896	39.1763	39.2976	39.1424	39.3836	39.2063	39.367200000000004	39.233000000000004	39.3847	39.202999999999996	39.3016	39.2012	39.2721	39.064	39.3604	39.2438	39.305099999999996	39.372099999999996	39.312599999999996	39.352199999999996	39.4169	39.1599	39.4115	39.3421	39.504099999999994	39.407599999999995	39.5674	39.5009	39.5538	39.5999	39.4995	39.4088	39.523599999999995	38.9857
Sor-CPnd_016-Ex1-1B-lcwgs-1-3.clmp.r1r2_fastp	56.3455	38.1308	40.9376	37.9714	37.1763	36.972100000000005	35.665	37.4163	38.5934	36.5831	41.4424	41.2017	40.6775	39.9005	39.7753	39.2769	39.8193	39.5101	39.8938	39.7987	40.064499999999995	39.5839	39.7922	39.1728	39.3564	39.1068	39.2298	39.0308	39.4747	39.1964	39.6197	39.4242	39.596399999999996	39.2573	39.456599999999995	39.1487	39.392700000000005	39.116800000000005	39.3381	39.1134	39.6065	39.1407	39.508900000000004	39.2377	39.3142	39.0655	39.283699999999996	39.0329	39.3277	39.14	39.338499999999996	39.1948	39.4857	39.1461	39.3309	39.212599999999995	39.3565	39.046	39.394400000000005	39.0372	39.462199999999996	39.2083	39.306000000000004	39.1611	39.3823	39.0054	39.2874	39.096599999999995	39.3027	39.0472	39.3857	39.1471	39.402100000000004	39.1961	39.257999999999996	39.0981	39.312999999999995	39.0181	39.311299999999996	39.0901	39.4124	39.1702	39.3966	39.0996	39.318599999999996	39.1082	39.210699999999996	38.961600000000004	39.3691	38.9975	39.3489	39.232499999999995	39.3172	39.190999999999995	39.3138	39.0556	39.2611	39.0043	39.1896	39.0548	39.3431	39.043299999999995	39.3368	39.2161	39.2361	39.1197	39.2212	38.9572	39.2439	38.9986	39.2374	39.0797	39.3303	39.1854	39.286	39.2163	39.184999999999995	38.9888	39.2067	38.9098	39.237100000000005	39.0589	39.2476	39.157	39.3495	39.0999	39.2439	39.0033	39.2376	38.9214	39.237	39.034600000000005	39.3158	39.1847	39.2356	39.2403	39.2947	39.0738	39.2646	39.1092	39.362	39.230399999999996	39.4793	39.316	39.556599999999996	39.4737	39.3757	39.3133	39.4092	38.7874
Sor-CPnd_017-Ex1-3G-lcwgs-1-3.clmp.r1r2_fastp	56.212399999999995	38.8789	38.2675	37.1984	38.0034	36.857299999999995	35.9131	37.2249	38.041599999999995	36.6242	41.0681	40.389399999999995	40.1361	39.4994	39.2457	38.8281	39.2987	38.885	39.2491	39.196	39.4182	39.1998	39.4301	38.7889	38.9118	38.7421	38.6741	38.6663	38.931	38.6447	39.0328	38.8561	38.994	38.8046	38.9388	38.7219	38.885799999999996	38.5758	38.7285	38.534400000000005	38.8589	38.5269	38.8025	38.643	38.6748	38.5042	38.601400000000005	38.333800000000004	38.5045	38.466899999999995	38.4257	38.3254	38.763	38.439499999999995	38.7736	38.548500000000004	38.566	38.3278	38.5644	38.3247	38.672000000000004	38.3812	38.479400000000005	38.2743	38.5922	38.3169	38.5672	38.3403	38.4774	38.2744	38.588499999999996	38.346999999999994	38.6034	38.4438	38.4577	38.4162	38.6044	38.2272	38.5113	38.2977	38.6718	38.2344	38.4706	38.2842	38.5241	38.3626	38.461099999999995	38.1295	38.5839	38.0792	38.4407	38.4578	38.4277	38.237700000000004	38.5104	38.3161	38.3444	38.275	38.2254	38.2659	38.2776	38.1915	38.380199999999995	38.2956	38.528	38.2208	38.4233	38.122699999999995	38.1788	38.2926	38.3806	38.1774	38.2326	38.243500000000004	38.3973	38.3442	38.3481	38.1834	38.452999999999996	37.9822	38.3067	38.2147	38.2734	38.148700000000005	38.4026	38.2571	38.3436	38.3119	38.1898	38.3224	38.3256	38.1407	38.478899999999996	38.1834	38.3627	38.2706	38.487500000000004	38.0321	38.5504	38.2575	38.6096	38.3397	38.6471	38.1709	38.6757	38.5137	38.2931	38.4452	38.5333	37.917699999999996
Sor-CPnd_018-Ex1-1E-lcwgs-1-3.clmp.r1r2_fastp	55.348	40.1534	38.059599999999996	38.2141	38.964	37.7727	36.4931	38.129000000000005	38.8166	37.2033	41.5835	40.9833	40.632200000000005	40.036100000000005	39.843	39.3641	39.9011	39.494	39.8799	39.7572	40.047700000000006	39.6323	39.949	39.385999999999996	39.5784	39.4148	39.3876	39.2341	39.6252	39.2324	39.7089	39.5422	39.6665	39.369	39.584599999999995	39.2166	39.4876	39.1382	39.3326	39.050000000000004	39.5945	39.037	39.4343	39.265499999999996	39.2457	39.1003	39.2737	38.9283	39.1682	39.0222	39.195600000000006	39.0832	39.3238	39.0094	39.2303	39.1096	39.2212	38.8477	39.2779	38.8143	39.2737	39.1102	39.015	39.0377	39.210899999999995	38.8529	39.1213	38.995000000000005	39.0762	38.8237	39.1512	38.9188	39.1959	38.994099999999996	39.0187	39.0125	39.1059	38.8716	39.1275	38.902	39.1607	38.9399	39.1706	38.9179	39.1363	38.9485	39.018	38.7368	39.174	38.8156	39.0175	39.070100000000004	39.0038	38.9668	39.0933	38.8898	39.0751	38.885799999999996	38.9111	38.82	39.0751	38.791199999999996	39.0516	39.0648	38.997	38.8758	39.0334	38.7823	38.966899999999995	38.7968	38.974599999999995	38.7739	39.0669	38.9208	38.9853	38.9658	38.9764	38.7324	38.954499999999996	38.6527	38.9957	38.8272	38.9024	38.8196	39.0713	38.8203	38.9766	38.8205	38.990700000000004	38.7136	38.9647	38.7477	38.9833	38.9522	38.9673	38.8776	39.0635	38.8073	39.0357	38.9375	39.0148	38.996700000000004	39.1541	39.0812	39.226	39.2151	39.0879	39.0679	39.1535	38.5443
Sor-CPnd_019-Ex1-6G-lcwgs-1-3.clmp.r1r2_fastp	55.3685	40.4117	38.4681	37.8591	39.1016	37.914500000000004	37.1576	38.7895	39.3688	37.4039	42.0089	41.325	40.8585	40.2783	40.1369	39.677800000000005	40.2222	39.698699999999995	40.14	40.075300000000006	40.2135	39.8282	40.1273	39.5773	39.7538	39.582699999999996	39.6131	39.339	39.8105	39.3729	39.8446	39.659800000000004	39.8061	39.4709	39.7823	39.3822	39.624700000000004	39.3031	39.4462	39.2007	39.6899	39.2059	39.5684	39.4192	39.382600000000004	39.1615	39.415	39.0386	39.3222	39.1766	39.2964	39.1254	39.4601	39.1177	39.3096	39.274300000000004	39.3302	38.9974	39.3427	39.0015	39.3654	39.176100000000005	39.1733	39.1269	39.3602	38.992399999999996	39.2429	39.0996	39.2363	38.926500000000004	39.2911	39.0566	39.2714	39.1201	39.1727	39.056000000000004	39.2483	38.9559	39.252700000000004	39.0338	39.2422	39.0467	39.2131	38.9862	39.191900000000004	39.089	39.1196	38.9015	39.3232	38.9253	39.155499999999996	39.1649	39.216	39.054	39.2344	38.995200000000004	39.2083	38.9867	39.1216	38.929	39.2277	38.9361	39.1317	39.1717	39.1052	39.015499999999996	39.1904	38.9264	39.1334	38.967600000000004	39.1466	38.9797	39.207300000000004	39.0596	39.165299999999995	39.1911	39.160000000000004	38.9413	39.1254	38.8953	39.1436	39.0056	39.153999999999996	39.0192	39.2158	39.0206	39.1126	39.049800000000005	39.1072	38.9051	39.0824	38.9919	39.1686	39.1335	39.1551	39.1849	39.304	39.0713	39.2213	39.1454	39.260099999999994	39.2097	39.4088	39.2821	39.4558	39.3808	39.3403	39.3041	39.4195	38.8288
Sor-CPnd_020-Ex1-2E-lcwgs-1-3.clmp.r1r2_fastp	55.6803	38.2123	37.569	36.9736	38.0911	36.7436	35.5933	36.9899	37.8202	36.2219	41.0092	40.3844	39.9766	39.3337	39.146300000000004	38.6592	39.1832	38.7714	39.1287	39.0407	39.3573	38.968199999999996	39.1453	38.5999	38.7866	38.5552	38.562999999999995	38.3842	38.7703	38.3823	38.8594	38.7036	38.8828	38.589400000000005	38.848	38.4886	38.6982	38.3847	38.557	38.3176	38.7984	38.343500000000006	38.7029	38.5023	38.5505	38.360499999999995	38.513	38.243100000000005	38.434200000000004	38.3436	38.4662	38.388099999999994	38.641799999999996	38.3401	38.5208	38.455600000000004	38.5322	38.224399999999996	38.522600000000004	38.198100000000004	38.5961	38.3762	38.4058	38.338499999999996	38.5749	38.2419	38.4561	38.3523	38.406099999999995	38.1861	38.491	38.2699	38.539699999999996	38.381	38.420100000000005	38.3245	38.5028	38.1864	38.4709	38.2567	38.526700000000005	38.310300000000005	38.4544	38.295	38.4713	38.2963	38.3752	38.148700000000005	38.5287	38.1669	38.4438	38.409	38.4394	38.3365	38.4946	38.3026	38.471	38.2982	38.359700000000004	38.202000000000005	38.473400000000005	38.208999999999996	38.4788	38.421699999999994	38.3628	38.357400000000005	38.4937	38.2192	38.415	38.175399999999996	38.3762	38.2534	38.514199999999995	38.329299999999996	38.4499	38.426300000000005	38.4461	38.233200000000004	38.4504	38.199600000000004	38.389	38.3129	38.4289	38.3664	38.549099999999996	38.329299999999996	38.4979	38.3117	38.4451	38.1681	38.4394	38.2476	38.4634	38.474799999999995	38.4389	38.549299999999995	38.6013	38.3967	38.581500000000005	38.4837	38.617000000000004	38.5834	38.7484	38.6256	38.832100000000004	38.827099999999994	38.717400000000005	38.633	38.7231	38.2129
Sor-CPnd_022-Ex1-7C-lcwgs-1-3.clmp.r1r2_fastp	55.3686	39.792300000000004	38.0463	36.985299999999995	38.4212	37.2832	36.649	38.3074	38.9984	36.8365	41.7762	41.117	40.525299999999994	39.9198	39.7745	39.3141	39.8306	39.381	39.749	39.7007	39.866	39.441700000000004	39.6962	39.1619	39.3185	39.1605	39.1039	38.9071	39.3359	38.9421	39.3555	39.2087	39.4044	39.090799999999994	39.3492	38.9415	39.179199999999994	38.8281	39.0127	38.7787	39.2468	38.7864	39.1486	38.9397	38.992900000000006	38.7226	38.9318	38.6312	38.8662	38.7271	38.8764	38.742900000000006	39.037	38.718799999999995	38.9108	38.8471	38.9014	38.5586	38.8943	38.5802	38.9494	38.755	38.783899999999996	38.6867	38.9651	38.5945	38.8119	38.6529	38.7915	38.5371	38.8821	38.667	38.8648	38.729200000000006	38.7555	38.6528	38.860299999999995	38.5225	38.8228	38.6186	38.8928	38.6595	38.8853	38.619	38.8305	38.634299999999996	38.7067	38.4591	38.8864	38.5272	38.788	38.757200000000005	38.7843	38.6347	38.8331	38.6338	38.8239	38.615100000000005	38.7079	38.5299	38.834	38.569900000000004	38.826100000000004	38.8172	38.758700000000005	38.7183	38.7608	38.560100000000006	38.7526	38.582300000000004	38.732499999999995	38.5934	38.8219	38.7239	38.8146	38.7602	38.7962	38.5172	38.8104	38.4617	38.8194	38.6805	38.7535	38.759100000000004	38.874700000000004	38.6596	38.7418	38.66	38.7913	38.6087	38.7928	38.5864	38.8184	38.8409	38.780300000000004	38.8648	38.9346	38.7201	38.8849	38.805	38.9478	38.8898	39.0625	38.9075	39.1739	39.1591	38.987	39.0178	39.1085	38.4502
Sor-CPnd_024-Ex1-5G-lcwgs-1-3.clmp.r1r2_fastp	55.6082	39.6476	37.9386	37.1701	38.7821	37.5098	36.706	38.122	38.799	37.075599999999994	41.6554	41.0465	40.6548	40.1097	39.9641	39.4955	39.9445	39.5141	39.854800000000004	39.8143	40.0193	39.6474	39.9018	39.4035	39.5501	39.389	39.374900000000004	39.1951	39.576899999999995	39.1763	39.6119	39.4689	39.6336	39.3009	39.5664	39.1569	39.4334	39.1292	39.3056	39.0233	39.5646	39.0111	39.3703	39.2024	39.242399999999996	39.001799999999996	39.2168	38.8508	39.155699999999996	38.9748	39.0651	38.9504	39.2344	38.9581	39.1875	39.071	39.1816	38.7605	39.1683	38.8401	39.149699999999996	38.9204	38.9935	38.887	39.170300000000005	38.7986	39.0877	38.9106	38.9763	38.7725	39.0775	38.874199999999995	39.0798	38.973400000000005	38.940599999999996	38.983200000000004	39.0768	38.8256	38.9426	38.8609	39.0994	38.870599999999996	39.1042	38.8438	39.0379	38.8395	38.9852	38.6967	39.0694	38.8407	39.0009	38.9697	38.9445	38.836999999999996	39.068999999999996	38.8683	38.979	38.8377	38.8733	38.7761	38.9277	38.763	38.959700000000005	38.9037	38.933499999999995	38.9113	38.941900000000004	38.8429	38.881	38.7237	38.8833	38.772600000000004	38.8695	38.8574	38.9872	38.9939	38.9388	38.7354	38.9646	38.6278	38.8967	38.731100000000005	38.836	38.7489	39.061299999999996	38.8009	38.8748	38.791199999999996	38.9442	38.6222	38.9645	38.6674	38.9099	38.9224	38.9314	38.9171	38.933800000000005	38.8028	39.1011	38.905699999999996	39.1019	38.9444	39.1918	39.0108	39.2624	39.164300000000004	39.108	39.1198	39.0575	38.615500000000004
Sor-CPnd_026-Ex1-3H-lcwgs-1-3.clmp.r1r2_fastp	56.14130000000001	38.4588	37.864399999999996	36.7917	38.1569	36.8476	35.9107	37.2593	38.0376	36.4685	41.240500000000004	40.6273	40.1976	39.6096	39.4256	38.9834	39.5058	39.1064	39.4379	39.4157	39.6009	39.2163	39.4028	38.8621	39.0484	38.8285	38.8292	38.6824	39.001799999999996	38.7083	39.1157	39.0171	39.1217	38.8328	39.0901	38.7745	38.942	38.6735	38.800200000000004	38.6027	39.061299999999996	38.6605	38.9506	38.8147	38.8272	38.618900000000004	38.818999999999996	38.5115	38.7309	38.6137	38.7202	38.6613	38.888600000000004	38.609700000000004	38.7809	38.7336	38.8432	38.4717	38.8228	38.5055	38.8364	38.6484	38.6892	38.6404	38.8035	38.511	38.722699999999996	38.6075	38.6862	38.4484	38.7611	38.5494	38.8004	38.6623	38.6688	38.6229	38.7713	38.4889	38.6896	38.5762	38.7747	38.56	38.799099999999996	38.5744	38.759100000000004	38.6218	38.643	38.4474	38.7362	38.494499999999995	38.704	38.7078	38.6885	38.6004	38.7153	38.5709	38.6848	38.5368	38.6169	38.474000000000004	38.7145	38.4932	38.689299999999996	38.690999999999995	38.6291	38.6239	38.669	38.4587	38.6788	38.4781	38.568599999999996	38.5127	38.717	38.5912	38.6603	38.6837	38.6612	38.4917	38.6635	38.4417	38.6527	38.5175	38.635999999999996	38.5805	38.7481	38.542300000000004	38.6959	38.5743	38.7016	38.432500000000005	38.6649	38.4901	38.6914	38.628800000000005	38.6824	38.6812	38.771899999999995	38.6087	38.7439	38.658500000000004	38.812999999999995	38.7395	38.9139	38.8274	38.9637	38.9346	38.8725	38.8358	38.9566	38.3527
Sor-CPnd_027-Ex1-3C-lcwgs-1-3.clmp.r1r2_fastp	55.7763	39.1306	38.573	37.0936	38.5198	37.3031	36.618	37.994099999999996	38.6802	36.8155	41.6821	41.0342	40.535900000000005	39.9402	39.8243	39.3488	39.881499999999996	39.4508	39.7981	39.814	39.9061	39.5098	39.7084	39.2012	39.3091	39.1284	39.0995	38.952	39.2851	38.9585	39.391	39.2871	39.3811	39.1538	39.3881	39.075700000000005	39.264700000000005	38.9713	39.1291	38.9295	39.356700000000004	38.969500000000004	39.2695	39.109100000000005	39.1265	38.981700000000004	39.12	38.8368	39.0771	38.9995	39.0847	39.028400000000005	39.2221	38.9187	39.143499999999996	39.100699999999996	39.2001	38.8568	39.1964	38.8485	39.2031	38.9776	39.069700000000005	38.961800000000004	39.220699999999994	38.870900000000006	39.0602	38.9498	39.0287	38.8402	39.152	38.9445	39.2226	38.9961	39.0367	39.0	39.110299999999995	38.8726	39.0526	38.9253	39.1679	38.9097	39.1183	38.975300000000004	39.0775	38.975100000000005	39.0173	38.8196	39.150600000000004	38.8422	39.0734	39.1207	39.151599999999995	38.9947	39.1426	38.9441	39.1273	38.947700000000005	39.0398	38.8828	39.165	38.9139	39.1601	39.0816	39.0597	39.019	39.081500000000005	38.919	39.0951	38.9404	39.051399999999994	38.9163	39.1651	39.0665	39.1531	39.170700000000004	39.1325	38.968799999999995	39.1323	38.8424	39.130199999999995	38.9705	39.1644	39.075199999999995	39.1629	39.0185	39.1991	39.045	39.1466	38.9317	39.164300000000004	39.0028	39.1888	39.123599999999996	39.191900000000004	39.1726	39.2868	39.11	39.2722	39.1128	39.2848	39.202999999999996	39.3915	39.2944	39.4748	39.4327	39.4492	39.3155	39.4897	38.8018
Sor-CPnd_028-Ex1-3A-lcwgs-1-3.clmp.r1r2_fastp	55.754599999999996	38.992	38.5282	36.9223	38.4341	37.1888	36.1265	37.6197	38.564	36.483900000000006	41.552	41.2774	40.7643	40.0619	39.873599999999996	39.3709	39.8748	39.4521	39.792	39.805099999999996	39.9465	39.5605	39.763999999999996	39.2096	39.3459	39.1589	39.135999999999996	38.9235	39.3165	38.9906	39.440799999999996	39.305	39.4392	39.161699999999996	39.3802	39.06	39.2721	38.980399999999996	39.1157	38.8889	39.347	38.966699999999996	39.311	39.1593	39.1628	38.922000000000004	39.1217	38.8368	39.053900000000006	38.905699999999996	39.0728	38.9426	39.2689	38.9555	39.1373	39.0377	39.167699999999996	38.7903	39.1006	38.799299999999995	39.1387	38.9648	39.0229	38.9223	39.163599999999995	38.8397	39.0728	38.903999999999996	39.0454	38.7906	39.1063	38.9112	39.1244	38.9621	38.9717	38.9361	39.1077	38.802	39.0779	38.8563	39.1147	38.8582	39.1118	38.8777	39.0372	38.9221	38.960699999999996	38.7493	39.1533	38.7911	39.0665	38.962	39.0511	38.9504	39.103500000000004	38.884299999999996	39.075199999999995	38.8746	38.9488	38.8146	39.0787	38.8674	39.0227	39.0015	38.994099999999996	38.976	39.0384	38.8127	39.0121	38.8544	39.029599999999995	38.8166	39.0658	38.8998	39.069700000000005	39.0282	38.985	38.8439	39.0573	38.7423	39.0448	38.8135	39.009100000000004	38.9567	39.1409	38.8866	39.0642	38.8938	39.0591	38.7853	39.0348	38.8638	39.0799	39.0462	39.076699999999995	39.0544	39.143	38.9673	39.1353	39.0304	39.1551	39.114599999999996	39.2894	39.185900000000004	39.342	39.317800000000005	39.277	39.1963	39.3417	38.6914
Sor-CPnd_029-Ex1-8E-lcwgs-1-3.clmp.r1r2_fastp	54.5408	39.7276	37.495400000000004	36.9216	38.088300000000004	36.9341	35.973	37.7431	38.3902	36.4307	41.125699999999995	40.4599	39.9291	39.3829	39.165499999999994	38.717400000000005	39.2282	38.7655	39.1328	39.0907	39.2565	38.8972	39.1141	38.6192	38.756800000000005	38.6115	38.6002	38.4019	38.791199999999996	38.384299999999996	38.8602	38.6825	38.8228	38.5205	38.7811	38.4129	38.6246	38.3501	38.4862	38.264700000000005	38.7257	38.2977	38.6374	38.4582	38.486	38.2545	38.4554	38.1351	38.3639	38.216699999999996	38.365	38.242	38.526500000000006	38.2128	38.3842	38.371	38.388	38.0755	38.3816	38.055099999999996	38.4155	38.233	38.25	38.1826	38.4105	38.1081	38.269999999999996	38.190200000000004	38.2678	38.046600000000005	38.333800000000004	38.144800000000004	38.3167	38.1839	38.244099999999996	38.1389	38.3117	38.009100000000004	38.2488	38.103300000000004	38.305099999999996	38.0839	38.290600000000005	38.0591	38.249	38.144	38.1612	37.953199999999995	38.2941	37.9833	38.1975	38.209700000000005	38.2185	38.0835	38.2472	38.0361	38.196799999999996	38.013400000000004	38.107400000000005	37.9834	38.236599999999996	37.9881	38.1718	38.148199999999996	38.1193	38.0648	38.150099999999995	37.9585	38.155499999999996	37.935	38.1078	37.938300000000005	38.1832	38.0447	38.2186	38.1579	38.144600000000004	37.9487	38.1541	37.8417	38.1562	38.01	38.1116	38.0394	38.2319	38.0111	38.1832	38.022600000000004	38.0846	37.9427	38.0934	37.9486	38.1228	38.1706	38.1658	38.1934	38.2187	38.0737	38.207	38.1455	38.2742	38.256099999999996	38.3692	38.290600000000005	38.4367	38.4703	38.3743	38.2801	38.438	37.8445
Sor-CPnd_030-Ex1-2H-lcwgs-1-3.clmp.r1r2_fastp	55.7345	39.0702	38.1055	37.1447	38.5251	37.2802	36.4756	37.943599999999996	38.6313	36.7717	41.6808	40.9812	40.5135	39.898	39.7608	39.2965	39.860600000000005	39.4106	39.7819	39.7295	39.9592	39.51	39.704699999999995	39.2429	39.3888	39.212399999999995	39.212	39.0	39.407199999999996	39.044000000000004	39.4955	39.3508	39.4945	39.190000000000005	39.415099999999995	39.0712	39.307900000000004	39.014500000000005	39.1766	38.9621	39.4061	38.9828	39.287	39.1277	39.164300000000004	38.9369	39.146300000000004	38.8559	39.097300000000004	38.9666	39.0812	38.938	39.273799999999994	38.9312	39.1256	39.0945	39.161699999999996	38.825900000000004	39.1452	38.8274	39.1923	38.9844	39.0518	38.9062	39.1765	38.8349	39.0753	38.9401	39.0313	38.8251	39.083800000000004	38.8979	39.164	38.947700000000005	38.9944	38.9109	39.096199999999996	38.8313	39.0471	38.8705	39.0933	38.8625	39.0899	38.899	39.0302	38.9186	38.9505	38.718799999999995	39.123799999999996	38.783899999999996	39.0519	39.0661	38.981300000000005	38.906600000000005	39.0656	38.8888	39.0602	38.811099999999996	38.9267	38.8467	39.015100000000004	38.8444	39.0586	38.9874	38.921299999999995	38.8969	39.000099999999996	38.794000000000004	38.981300000000005	38.7613	38.9785	38.847300000000004	38.9625	38.949600000000004	39.0131	39.0028	39.0472	38.731700000000004	38.960699999999996	38.7509	38.9291	38.846199999999996	38.9311	38.8975	39.028800000000004	38.8838	38.9849	38.8873	38.987500000000004	38.7774	38.9515	38.797	38.955	38.9932	38.9399	39.067099999999996	39.0982	38.9092	39.016600000000004	38.9777	39.1193	39.022600000000004	39.250299999999996	39.1038	39.2766	39.2588	39.171	39.1332	39.3145	38.7063
Sor-CPnd_031-Ex1-5D-lcwgs-1-3.clmp.r1r2_fastp	55.4616	39.577400000000004	38.2064	37.0513	38.595	37.3574	36.4868	38.0032	38.6966	36.7958	41.5219	40.9749	40.4664	39.948	39.8087	39.3655	39.8859	39.417	39.8172	39.7223	39.868500000000004	39.5036	39.7567	39.256600000000006	39.4	39.2093	39.197900000000004	39.0171	39.4164	39.0218	39.510400000000004	39.3298	39.4367	39.178200000000004	39.4174	39.0664	39.2874	39.0024	39.1356	38.9432	39.3834	38.9712	39.2953	39.1142	39.146300000000004	38.937	39.157199999999996	38.859700000000004	39.0874	38.9379	39.1431	38.9659	39.1957	38.947199999999995	39.0811	39.076	39.1183	38.8135	39.114399999999996	38.8102	39.184000000000005	38.987300000000005	38.981300000000005	38.9317	39.1745	38.8305	39.0287	38.9465	39.0326	38.7822	39.1434	38.8776	39.0945	38.9562	39.0017	38.9167	39.0881	38.8068	39.041	38.8882	39.0942	38.8838	39.097100000000005	38.8536	39.0547	38.8955	39.0026	38.754	39.075700000000005	38.7967	39.0392	39.0026	39.009899999999995	38.9051	39.048100000000005	38.8991	39.004	38.8917	38.9466	38.8044	39.0675	38.8263	39.0267	39.0261	38.9914	38.9247	39.0406	38.8193	39.0067	38.8107	38.981	38.8643	39.0462	38.9533	39.0259	39.042300000000004	38.9771	38.807199999999995	39.0178	38.7827	39.0321	38.929399999999994	38.9837	38.9799	39.0989	38.8875	39.0922	38.853500000000004	39.0373	38.8039	39.0206	38.8974	39.070899999999995	39.0729	39.042500000000004	39.1106	39.1487	38.9221	39.1239	39.0176	39.1213	39.101200000000006	39.2614	39.1983	39.3138	39.3236	39.220699999999994	39.1774	39.326499999999996	38.7305
Sor-CPnd_033-Ex1-2F-lcwgs-1-3.clmp.r1r2_fastp	55.2019	38.3981	37.5383	36.6446	38.0047	36.761700000000005	35.7656	37.0312	37.7973	36.1421	40.9658	40.366	39.875699999999995	39.3059	39.0968	38.6736	39.18	38.853	39.1399	39.1445	39.3378	38.927499999999995	39.1074	38.6357	38.750099999999996	38.5511	38.5542	38.406	38.705	38.3872	38.8076	38.7157	38.7832	38.5519	38.8194	38.4561	38.6019	38.3576	38.465199999999996	38.343500000000006	38.748599999999996	38.348	38.6207	38.5557	38.5457	38.3058	38.475300000000004	38.2318	38.4169	38.298100000000005	38.459700000000005	38.3107	38.612	38.284600000000005	38.4929	38.4845	38.47	38.1933	38.4782	38.1799	38.5507	38.338899999999995	38.3415	38.292300000000004	38.5768	38.1967	38.3969	38.3022	38.3902	38.1708	38.4432	38.2444	38.4649	38.376900000000006	38.3662	38.2656	38.4619	38.1853	38.4297	38.2158	38.459199999999996	38.275	38.4474	38.277	38.4056	38.3231	38.3441	38.1314	38.4524	38.2104	38.3506	38.385999999999996	38.432300000000005	38.3531	38.4424	38.289699999999996	38.424	38.3072	38.3212	38.2568	38.4454	38.2391	38.4009	38.3803	38.3578	38.3675	38.3949	38.2821	38.290600000000005	38.236799999999995	38.3303	38.2417	38.3914	38.2838	38.4189	38.4766	38.3767	38.1774	38.4127	38.1324	38.3822	38.2336	38.4098	38.3052	38.5204	38.3145	38.407599999999995	38.278400000000005	38.4489	38.1505	38.4682	38.1918	38.4987	38.3707	38.3687	38.4932	38.527899999999995	38.3307	38.461800000000004	38.352599999999995	38.5155	38.4783	38.6202	38.5788	38.7356	38.7497	38.615899999999996	38.583099999999995	38.751400000000004	38.1649
Sor-CPnd_034-Ex1-4G-lcwgs-1-3.clmp.r1r2_fastp	55.258300000000006	40.457300000000004	38.5309	37.809599999999996	39.0369	37.994699999999995	37.2828	38.9494	39.5081	37.4747	42.1333	41.4664	40.900999999999996	40.3059	40.219899999999996	39.7455	40.3395	39.847300000000004	40.2559	40.218399999999995	40.3245	39.9084	40.2135	39.6844	39.8564	39.7197	39.7225	39.5055	39.9376	39.5293	39.941700000000004	39.8115	39.9337	39.6507	39.847300000000004	39.5068	39.738099999999996	39.397999999999996	39.5601	39.3247	39.8063	39.3063	39.6982	39.553700000000006	39.4961	39.2559	39.5453	39.2393	39.4386	39.2902	39.417699999999996	39.305	39.604800000000004	39.229	39.3931	39.387699999999995	39.4257	39.1311	39.4868	39.128	39.4747	39.285	39.212	39.2066	39.467	39.1412	39.3467	39.272	39.2499	39.100699999999996	39.3642	39.1807	39.4102	39.279199999999996	39.232499999999995	39.1432	39.3005	39.050200000000004	39.2928	39.149	39.4319	39.1734	39.336	39.0791	39.2684	39.1902	39.1973	38.9512	39.3675	38.9861	39.2668	39.265299999999996	39.2605	39.1565	39.2389	38.9888	39.2359	39.149699999999996	39.1676	38.9798	39.3904	38.9835	39.2836	39.285199999999996	39.1927	39.1609	39.1698	39.06	39.2455	38.9165	39.109100000000005	39.044200000000004	39.204299999999996	39.1061	39.210699999999996	39.2048	39.1814	39.0053	39.1961	38.9973	39.1423	39.083600000000004	39.0981	39.0861	39.2328	39.0791	39.1587	39.0858	39.0758	38.9392	39.1447	39.0308	39.1586	39.2051	39.1467	39.1077	39.331700000000005	39.023799999999994	39.190799999999996	39.2549	39.240399999999994	39.1765	39.4335	39.2217	39.4291	39.423	39.364900000000006	39.313700000000004	39.3227	38.860299999999995
Sor-CPnd_036-Ex1-5C-lcwgs-1-3.clmp.r1r2_fastp	54.3801	40.1253	37.6527	36.997	38.4567	37.3605	36.3626	38.0593	38.815	36.8437	41.4873	41.0543	40.5473	39.9414	39.7751	39.2751	39.7602	39.3457	39.7198	39.6966	39.8321	39.4575	39.7024	39.1902	39.290000000000006	39.1515	39.128600000000006	38.9218	39.2899	38.9694	39.394800000000004	39.2416	39.3915	39.078	39.321600000000004	38.9438	39.1567	38.8715	38.9639	38.7496	39.210699999999996	38.7481	39.0468	38.9246	38.8954	38.6531	38.8441	38.5526	38.7161	38.641	38.731	38.5979	38.8677	38.5434	38.730599999999995	38.6753	38.704100000000004	38.373000000000005	38.666	38.4093	38.717400000000005	38.5117	38.5498	38.441399999999994	38.689299999999996	38.3743	38.577600000000004	38.424	38.5335	38.3107	38.6227	38.4228	38.599	38.4724	38.4968	38.435900000000004	38.567099999999996	38.2648	38.5445	38.3932	38.5826	38.3617	38.5921	38.3728	38.512	38.432500000000005	38.4406	38.2156	38.5751	38.2528	38.4922	38.4547	38.5295	38.3594	38.5468	38.3484	38.5133	38.3459	38.3914	38.2684	38.523	38.311499999999995	38.451299999999996	38.4901	38.4718	38.3691	38.494099999999996	38.2553	38.4559	38.292300000000004	38.4322	38.3117	38.496	38.3956	38.4656	38.4732	38.4334	38.2722	38.4922	38.2449	38.4588	38.3591	38.452	38.380700000000004	38.5086	38.3499	38.5017	38.4287	38.4683	38.2687	38.4116	38.3081	38.5065	38.5011	38.506	38.5268	38.6285	38.466499999999996	38.555299999999995	38.5059	38.668400000000005	38.5788	38.811299999999996	38.669	38.832899999999995	38.841	38.7064	38.6943	38.816	38.2272
Sor-CPnd_037-Ex1-6C-lcwgs-1-3.clmp.r1r2_fastp	55.9157	39.447500000000005	38.3648	37.3151	38.6425	37.4511	36.9136	38.6195	39.3901	36.9346	42.2187	41.4134	40.856700000000004	40.1172	40.0444	39.5351	40.1193	39.5708	40.058	39.9287	40.149	39.665800000000004	39.991	39.3554	39.6246	39.3211	39.3836	39.1586	39.6248	39.1211	39.7198	39.4327	39.6739	39.3047	39.6334	39.1668	39.4316	39.0278	39.2514	38.9858	39.537099999999995	38.9914	39.4067	39.1107	39.2889	38.8983	39.1781	38.7552	39.135999999999996	38.8805	39.166000000000004	38.907799999999995	39.2739	38.8518	39.0983	39.022	39.0974	38.7203	39.1267	38.6874	39.1619	38.9058	38.9608	38.8428	39.1505	38.7523	39.0034	38.8262	39.0062	38.650099999999995	39.0737	38.838899999999995	39.1023	38.8655	38.9166	38.766600000000004	39.0173	38.6482	38.9456	38.7065	39.0	38.678200000000004	39.0092	38.7448	38.9102	38.7879	38.8278	38.5454	39.0084	38.5777	38.887899999999995	38.8342	38.873400000000004	38.7142	38.9146	38.6623	38.8692	38.6156	38.797	38.5389	38.9662	38.5428	38.879799999999996	38.7391	38.8015	38.6897	38.8391	38.5728	38.798500000000004	38.582499999999996	38.7468	38.5695	38.884600000000006	38.6668	38.852	38.7625	38.8347	38.5013	38.7485	38.4781	38.7835	38.5721	38.7583	38.681599999999996	38.9172	38.5506	38.791399999999996	38.5884	38.770500000000006	38.4865	38.7336	38.5519	38.7752	38.7129	38.7713	38.7882	38.8378	38.6706	38.8095	38.749	38.8505	38.7732	38.9795	38.9469	39.1005	39.0743	38.973600000000005	38.807900000000004	39.0374	38.3904
Sor-CPnd_038-Ex1-2A-lcwgs-1-3.clmp.r1r2_fastp	55.927499999999995	38.0606	38.0565	36.3728	37.9638	36.660199999999996	35.6309	37.2216	38.1874	35.9874	41.424	41.1277	40.491	39.7986	39.5929	39.0477	39.5742	39.164500000000004	39.4919	39.494099999999996	39.6627	39.2378	39.419900000000005	38.8913	39.0568	38.7885	38.8153	38.6305	38.9995	38.640600000000006	39.1496	38.975100000000005	39.1529	38.845400000000005	39.0998	38.7519	38.9544	38.6252	38.827099999999994	38.5957	39.0513	38.6726	39.0427	38.8193	38.8847	38.663199999999996	38.8017	38.528	38.7693	38.6317	38.8106	38.6796	38.9836	38.6563	38.8262	38.750800000000005	38.8743	38.5446	38.8373	38.5307	38.8905	38.682	38.7418	38.6792	38.8578	38.582699999999996	38.7708	38.6123	38.7535	38.537	38.846599999999995	38.6203	38.8508	38.6766	38.7559	38.6333	38.8102	38.5178	38.753	38.5782	38.847	38.6018	38.8094	38.5871	38.7922	38.642700000000005	38.7075	38.4617	38.85	38.4818	38.7497	38.6936	38.7998	38.639	38.8412	38.5746	38.807	38.5544	38.6913	38.508399999999995	38.777499999999996	38.5532	38.7516	38.7239	38.7108	38.6665	38.7499	38.507799999999996	38.7423	38.5227	38.7252	38.5655	38.813700000000004	38.6333	38.7832	38.7362	38.7727	38.5233	38.7586	38.4516	38.7303	38.5961	38.721	38.663799999999995	38.868900000000004	38.6563	38.7982	38.6377	38.778400000000005	38.5432	38.7838	38.560100000000006	38.7853	38.7553	38.777899999999995	38.8017	38.8904	38.6952	38.8391	38.774	38.948899999999995	38.8147	39.0341	38.8928	39.118399999999994	39.0634	38.9798	38.9001	39.0559	38.4574
Sor-CPnd_041-Ex1-7A-lcwgs-1-3.clmp.r1r2_fastp	54.510099999999994	39.549800000000005	38.3368	37.667699999999996	38.454	37.600699999999996	36.3771	38.467400000000005	39.2899	37.0325	41.81	41.546699999999994	40.9375	40.3084	40.092299999999994	39.6288	40.0869	39.7202	40.0675	40.034	40.220299999999995	39.8742	40.0754	39.5863	39.7032	39.5745	39.5679	39.4038	39.79	39.4474	39.860600000000005	39.7094	39.839400000000005	39.583600000000004	39.8003	39.475500000000004	39.6955	39.4591	39.5613	39.381899999999995	39.825	39.406400000000005	39.7573	39.597500000000004	39.607	39.4166	39.591100000000004	39.3225	39.5542	39.3955	39.5586	39.441199999999995	39.7092	39.4234	39.5889	39.5619	39.6158	39.319900000000004	39.6008	39.350699999999996	39.637499999999996	39.4588	39.521699999999996	39.4239	39.6724	39.3578	39.5507	39.4901	39.5567	39.355000000000004	39.6563	39.4395	39.6549	39.5208	39.56	39.483000000000004	39.6277	39.3408	39.6111	39.4673	39.669900000000005	39.4668	39.6849	39.4772	39.6366	39.5002	39.5723	39.365899999999996	39.7139	39.4353	39.635999999999996	39.6573	39.669900000000005	39.546	39.707300000000004	39.5219	39.678799999999995	39.537	39.6015	39.4797	39.7466	39.5132	39.7322	39.7457	39.6942	39.6445	39.749	39.5384	39.7505	39.5257	39.7689	39.5984	39.8528	39.691900000000004	39.8339	39.807500000000005	39.8095	39.6068	39.8514	39.6017	39.8746	39.7806	39.9036	39.799099999999996	40.008700000000005	39.785	39.9647	39.85	39.9491	39.7576	39.997899999999994	39.8557	40.0026	40.0381	40.0283	40.0319	40.1443	39.9281	40.1133	40.037800000000004	40.1402	40.1027	40.274300000000004	40.1465	40.3613	40.328900000000004	40.2902	40.271699999999996	40.407199999999996	39.8277
Sor-CPnd_043-Ex1-1D-lcwgs-1-3.clmp.r1r2_fastp	54.795899999999996	40.3788	37.984	37.2528	38.8934	37.5435	36.4064	38.0146	38.7615	36.7178	41.3698	40.9717	40.533	39.957100000000004	39.807900000000004	39.326499999999996	39.8527	39.3849	39.7555	39.6744	39.8701	39.4917	39.7592	39.2551	39.4115	39.198499999999996	39.179700000000004	39.01	39.3645	39.0097	39.461200000000005	39.301700000000004	39.4214	39.1763	39.422200000000004	39.0682	39.301199999999994	39.013999999999996	39.123200000000004	38.8675	39.374700000000004	38.9056	39.2576	39.1119	39.0917	38.907799999999995	39.1087	38.7815	39.0282	38.8632	39.0084	38.8902	39.1629	38.866499999999995	39.0661	38.9775	39.1175	38.707	39.0994	38.7239	39.086999999999996	38.9473	38.927099999999996	38.8298	39.101200000000006	38.772400000000005	38.975300000000004	38.868900000000004	38.9411	38.711800000000004	39.0494	38.793299999999995	39.0569	38.900800000000004	38.9176	38.818999999999996	39.0535	38.6809	38.9807	38.797599999999996	38.9998	38.7805	39.0258	38.7877	38.972699999999996	38.8702	38.8825	38.6375	39.015699999999995	38.6872	38.9252	38.8992	38.9268	38.8604	38.9874	38.791199999999996	39.0011	38.7673	38.8683	38.7081	38.9995	38.724199999999996	38.9363	38.933099999999996	38.888400000000004	38.845400000000005	38.9445	38.684000000000005	38.891999999999996	38.706	38.8381	38.7459	38.941900000000004	38.8506	38.927099999999996	38.9115	38.9142	38.7515	38.9104	38.6357	38.8701	38.7663	38.916000000000004	38.836	38.982099999999996	38.8245	38.9186	38.7593	38.9434	38.6799	38.9012	38.7571	38.9106	38.8674	38.894600000000004	38.9236	39.006600000000006	38.893299999999996	38.9959	38.9231	39.0362	39.026300000000006	39.1883	39.0511	39.202999999999996	39.2233	39.0515	39.0682	39.1681	38.5749
Sor-CPnd_044-Ex1-8G-lcwgs-1-3.clmp.r1r2_fastp	55.0779	39.8441	37.7804	36.8618	38.406	37.189299999999996	36.5172	38.182300000000005	38.7393	36.6288	41.5299	40.822399999999995	40.287299999999995	39.71	39.5254	39.057900000000004	39.5794	39.0806	39.5062	39.5033	39.584599999999995	39.2397	39.47	38.9553	39.083400000000005	38.940000000000005	38.8822	38.7271	39.123000000000005	38.7017	39.156400000000005	38.9965	39.1533	38.8379	39.0874	38.6956	38.899699999999996	38.650099999999995	38.7305	38.5242	38.996199999999995	38.5499	38.882	38.7233	38.6883	38.4621	38.6905	38.3778	38.5941	38.4717	38.5826	38.487700000000004	38.7519	38.426100000000005	38.6228	38.5653	38.601400000000005	38.3149	38.6011	38.304100000000005	38.628800000000005	38.4715	38.4673	38.3973	38.6121	38.311099999999996	38.506299999999996	38.3945	38.4972	38.267	38.5519	38.3681	38.6044	38.4322	38.445299999999996	38.4088	38.56	38.264199999999995	38.482	38.3482	38.537	38.3614	38.536	38.3084	38.481700000000004	38.3755	38.3888	38.185	38.5448	38.1969	38.4725	38.419	38.4516	38.3705	38.5	38.3302	38.4863	38.3286	38.3384	38.224000000000004	38.4754	38.244	38.451800000000006	38.4588	38.4172	38.325700000000005	38.4022	38.2346	38.3936	38.2029	38.3901	38.2541	38.4251	38.348	38.4153	38.4133	38.4033	38.2303	38.441199999999995	38.1723	38.3774	38.2986	38.3889	38.321	38.472	38.3438	38.4558	38.3443	38.4052	38.245000000000005	38.4708	38.236399999999996	38.418	38.4431	38.4103	38.4564	38.520700000000005	38.3246	38.5341	38.418400000000005	38.5787	38.5148	38.658	38.5656	38.744299999999996	38.7079	38.6627	38.554899999999996	38.7161	38.1247
Sor-CPnd_045-Ex1-7B-lcwgs-1-3.clmp.r1r2_fastp	55.3743	39.3745	38.0848	36.8579	38.1003	37.0608	36.257600000000004	38.0378	38.783899999999996	36.6545	41.6621	41.08	40.4488	39.8339	39.614399999999996	39.1727	39.646	39.2278	39.6215	39.5742	39.7273	39.3164	39.5452	38.9976	39.1539	38.9462	38.9716	38.826699999999995	39.183	38.8432	39.2773	39.1145	39.2224	38.9531	39.1774	38.8364	39.0364	38.7637	38.9034	38.7004	39.143699999999995	38.7393	39.0343	38.8791	38.9224	38.676	38.8484	38.5992	38.839600000000004	38.6598	38.8491	38.7102	38.9979	38.6806	38.8592	38.791	38.852	38.5595	38.8544	38.5208	38.8956	38.7335	38.7328	38.676500000000004	38.893	38.5807	38.7341	38.6544	38.7509	38.5465	38.8618	38.596599999999995	38.852199999999996	38.668200000000006	38.7052	38.6217	38.7872	38.4906	38.7539	38.572	38.803	38.5847	38.79	38.595800000000004	38.7393	38.6376	38.6475	38.4504	38.8022	38.4631	38.7247	38.6663	38.7329	38.6167	38.7498	38.5724	38.708999999999996	38.5334	38.643499999999996	38.4966	38.7526	38.5385	38.7161	38.7142	38.669599999999996	38.6426	38.7075	38.5007	38.689499999999995	38.492	38.6563	38.5266	38.731500000000004	38.600699999999996	38.731500000000004	38.725	38.6778	38.4701	38.668400000000005	38.425599999999996	38.683800000000005	38.5317	38.6819	38.619	38.7293	38.562999999999995	38.676	38.4956	38.6883	38.4717	38.6498	38.5479	38.7122	38.7104	38.685	38.738	38.7476	38.5977	38.7802	38.671299999999995	38.834	38.777699999999996	38.9559	38.8225	38.9956	38.9878	38.872099999999996	38.8622	38.940799999999996	38.3349
Sor-CPnd_046-Ex1-5A-lcwgs-1-3.clmp.r1r2_fastp	54.6486	39.903499999999994	37.947900000000004	37.303	38.4411	37.3707	36.2982	38.077	38.9666	36.8652	41.6507	41.2705	40.7371	40.138200000000005	39.8924	39.4058	39.9465	39.499	39.8976	39.8839	40.0198	39.6297	39.8703	39.3823	39.5084	39.309	39.3297	39.110499999999995	39.5606	39.2033	39.6488	39.4437	39.641	39.2708	39.6006	39.151	39.4123	39.0707	39.2352	38.976699999999994	39.4663	38.99	39.328	39.1785	39.1567	38.9486	39.184000000000005	38.8149	38.9959	38.907799999999995	38.9914	38.9075	39.1512	38.7986	39.0035	38.9439	39.0454	38.6364	38.978	38.609300000000005	38.9702	38.8492	38.7955	38.7834	38.9644	38.6315	38.8497	38.7521	38.7862	38.5765	38.8804	38.6686	38.9022	38.7547	38.7393	38.6897	38.8147	38.5047	38.7602	38.6045	38.840599999999995	38.6062	38.7703	38.567800000000005	38.7357	38.5924	38.657399999999996	38.4451	38.8231	38.487100000000005	38.742	38.7019	38.722899999999996	38.5531	38.7516	38.486599999999996	38.744299999999996	38.476	38.580999999999996	38.459500000000006	38.6793	38.4285	38.6532	38.6565	38.675399999999996	38.5616	38.678200000000004	38.3213	38.6901	38.4608	38.5916	38.521499999999996	38.6122	38.5249	38.6383	38.6261	38.624399999999994	38.4366	38.653999999999996	38.3842	38.556200000000004	38.502199999999995	38.6388	38.5122	38.7119	38.4774	38.6164	38.4826	38.6391	38.345	38.5855	38.4625	38.7134	38.6066	38.6278	38.6562	38.6652	38.4604	38.7595	38.6461	38.764700000000005	38.6822	38.7889	38.7198	38.942	38.852199999999996	38.789699999999996	38.831500000000005	38.8107	38.2706
Sor-CPnd_049-Ex1-3B-lcwgs-1-3.clmp.r1r2_fastp	55.730500000000006	39.0881	38.2772	37.146699999999996	38.467	37.2309	36.4306	37.932700000000004	38.7081	36.733	41.6909	41.0938	40.6161	39.9595	39.7959	39.2951	39.832499999999996	39.421099999999996	39.7816	39.7633	39.931400000000004	39.4971	39.7306	39.193099999999994	39.3516	39.1466	39.157	38.9914	39.360299999999995	39.0096	39.4257	39.3369	39.4919	39.1489	39.4466	39.0927	39.2857	38.9636	39.1208	38.9652	39.3542	38.9423	39.2421	39.1233	39.1579	38.9056	39.1081	38.7901	39.056200000000004	38.8713	39.0592	38.9911	39.217400000000005	38.9065	39.1391	39.0092	39.1941	38.7973	39.099000000000004	38.7896	39.1602	38.892900000000004	39.0073	38.9702	39.1205	38.8724	39.025	38.9063	39.083	38.806200000000004	39.095800000000004	38.864900000000006	39.158300000000004	38.9819	38.9995	38.8959	39.1598	38.8496	39.0785	38.968	39.045	38.8702	39.1006	38.91	39.0866	38.8716	39.0559	38.785	39.0999	38.825500000000005	39.0318	38.9893	39.116099999999996	38.9474	39.06	38.9225	39.0969	38.8583	38.9511	38.8847	39.0504	38.8836	38.9826	39.0718	38.9376	38.9615	38.9842	38.8425	38.9348	38.8046	38.9897	38.873200000000004	39.0571	38.91	39.0348	38.9978	38.946799999999996	38.795	38.993	38.8281	39.061	38.7776	39.0175	38.8805	39.086999999999996	38.935700000000004	38.986900000000006	38.8952	38.9559	38.697900000000004	39.006299999999996	38.7596	39.001200000000004	39.0197	38.8863	38.9981	39.0926	38.8729	38.9906	38.9819	39.0056	39.0404	39.2789	39.0058	39.386500000000005	39.2558	39.1847	39.148300000000006	39.2245	38.6969
Sor-CPnd_050-Ex1-3F-lcwgs-1-3.clmp.r1r2_fastp	56.3452	38.892500000000005	37.8365	37.0078	38.4658	37.1519	36.2485	37.6183	38.414	36.8134	41.5334	40.8437	40.422200000000004	39.8022	39.6573	39.207	39.6897	39.290000000000006	39.6513	39.571600000000004	39.765499999999996	39.432	39.6174	39.0928	39.265	39.0899	39.0542	38.9377	39.2539	38.9274	39.3484	39.2546	39.334799999999994	39.0811	39.2939	38.9494	39.169599999999996	38.8872	39.0455	38.8052	39.2405	38.8225	39.1522	38.9955	39.001200000000004	38.8038	38.98	38.6697	38.9152	38.7704	38.8998	38.8142	39.0795	38.7963	38.958999999999996	38.9321	38.9514	38.6328	38.955	38.671299999999995	39.0163	38.833800000000004	38.8551	38.755	39.0198	38.6954	38.884600000000006	38.759100000000004	38.8676	38.6264	38.9606	38.7336	38.9796	38.8033	38.8567	38.7875	38.8974	38.648700000000005	38.921299999999995	38.7417	38.949	38.7226	38.898700000000005	38.7098	38.9225	38.7632	38.8163	38.6264	38.935199999999995	38.6416	38.8819	38.8184	38.864599999999996	38.7732	38.899499999999996	38.7586	38.878800000000005	38.7281	38.744499999999995	38.645	38.9092	38.6826	38.872099999999996	38.9038	38.8123	38.7463	38.8487	38.6345	38.8015	38.6855	38.7867	38.7352	38.886700000000005	38.7888	38.8784	38.8421	38.8404	38.6836	38.832	38.5647	38.8342	38.7321	38.8097	38.7814	38.9719	38.7309	38.8472	38.7571	38.8213	38.6599	38.8873	38.6846	38.833	38.8379	38.8579	38.9339	38.9119	38.7759	38.9375	38.9042	38.9856	38.9244	39.070100000000004	38.9895	39.137899999999995	39.1691	38.9956	39.0453	39.1193	38.5342
Sor-CPnd_052-Ex1-6D-lcwgs-1-3.clmp.r1r2_fastp	53.74830000000001	39.6348	37.0141	36.4311	37.791999999999994	36.756699999999995	35.9084	37.5726	38.2334	36.3268	40.8814	40.2245	39.7207	39.179	38.9775	38.5633	39.075900000000004	38.6182	38.9965	39.001200000000004	39.144600000000004	38.7333	39.0528	38.452	38.6291	38.4056	38.411	38.2468	38.6461	38.2714	38.6901	38.5463	38.6567	38.4017	38.594	38.198100000000004	38.4581	38.126	38.2878	38.091	38.5243	38.1001	38.3585	38.2558	38.236599999999996	38.0244	38.1988	37.8243	38.088699999999996	37.9558	38.144600000000004	37.9756	38.21	37.8814	38.1067	38.0087	38.109500000000004	37.766	38.1275	37.7302	38.1388	37.9445	37.9429	37.8704	38.075199999999995	37.7371	37.9735	37.8367	37.9511	37.723600000000005	37.9783	37.811099999999996	37.9998	37.8693	37.886199999999995	37.8133	37.9953	37.6471	37.9364	37.7678	37.9704	37.8137	37.9485	37.7867	37.9235	37.8049	37.8318	37.626	37.9279	37.6529	37.892399999999995	37.8005	37.859700000000004	37.7448	37.894800000000004	37.6993	37.8691	37.7037	37.7556	37.6597	37.8834	37.656	37.905699999999996	37.8418	37.805499999999995	37.7326	37.8808	37.620799999999996	37.787	37.6199	37.8058	37.6569	37.876	37.736	37.8779	37.8768	37.8223	37.6606	37.8197	37.6118	37.819199999999995	37.691599999999994	37.7468	37.7945	37.8795	37.7274	37.8074	37.7528	37.8029	37.6526	37.8229	37.6771	37.7945	37.8069	37.8089	37.9271	37.927	37.8028	37.9362	37.9132	37.9689	37.988	38.1338	38.012	38.2326	38.2337	38.034800000000004	38.020700000000005	38.2495	37.6821
Sor-CPnd_053-Ex1-2C-lcwgs-1-3.clmp.r1r2_fastp	56.586999999999996	38.7476	38.4432	36.9757	38.5518	37.2344	36.426199999999994	38.015	38.770700000000005	36.6488	41.9194	41.4001	40.7615	40.1431	39.935900000000004	39.4427	39.9697	39.518	39.895399999999995	39.8578	39.9904	39.5711	39.813500000000005	39.2536	39.4099	39.1952	39.2089	38.986900000000006	39.441199999999995	39.0187	39.5112	39.332699999999996	39.4862	39.237100000000005	39.4376	39.150400000000005	39.315	39.007799999999996	39.1887	38.9249	39.387499999999996	38.9803	39.311299999999996	39.1488	39.1935	38.974199999999996	39.1777	38.826	39.1202	38.907199999999996	39.109300000000005	38.9289	39.2488	38.9251	39.1432	39.0668	39.141999999999996	38.8208	39.1311	38.8277	39.2065	39.0062	39.021699999999996	38.9298	39.1995	38.826699999999995	39.0604	38.892900000000004	39.1056	38.787	39.1133	38.9086	39.1354	39.0198	39.0283	38.9039	39.1325	38.8168	39.0642	38.9116	39.1335	38.913599999999995	39.0937	38.9061	39.028600000000004	38.9375	38.9999	38.744	39.1014	38.8278	39.0377	39.0462	39.094699999999996	38.9339	39.0967	38.9101	39.0663	38.8754	38.9724	38.7982	39.1337	38.811299999999996	39.067299999999996	38.9833	39.021499999999996	38.9384	39.0446	38.8275	38.975300000000004	38.858399999999996	39.0267	38.8273	39.109	38.959700000000005	39.0911	39.0194	39.0627	38.8061	39.0799	38.8168	39.061800000000005	38.9127	39.0447	38.985	39.1331	38.9239	39.116800000000005	38.881	39.0403	38.8347	39.0295	38.8265	39.081500000000005	39.0721	39.0621	39.0899	39.1333	39.0135	39.1241	39.0918	39.1922	39.123200000000004	39.3519	39.1571	39.4313	39.3181	39.258500000000005	39.2334	39.2873	38.7208
Sor-CPnd_054-Ex1-8F-lcwgs-1-3.clmp.r1r2_fastp	56.01390000000001	40.388600000000004	38.5957	37.7277	39.361200000000004	38.093900000000005	37.547000000000004	39.0458	39.5869	37.6712	42.5072	41.809400000000004	41.3167	40.7364	40.5176	40.1025	40.654	40.246900000000004	40.5951	40.6493	40.7154	40.2808	40.5634	40.0676	40.2218	40.0612	40.072	39.7629	40.253299999999996	39.819500000000005	40.3422	40.1016	40.2617	39.9342	40.2068	39.7507	40.0191	39.6955	39.874900000000004	39.591300000000004	40.0459	39.557199999999995	39.969100000000005	39.6601	39.735	39.448	39.6948	39.4166	39.5747	39.4688	39.6121	39.427	39.7639	39.4043	39.637299999999996	39.564	39.5988	39.2274	39.5382	39.2326	39.6227	39.4294	39.4587	39.3765	39.6234	39.2117	39.5641	39.4328	39.3712	39.2238	39.529199999999996	39.2906	39.4891	39.3613	39.2821	39.2934	39.4561	39.043	39.396100000000004	39.279399999999995	39.4223	39.341	39.3922	39.2327	39.3654	39.2016	39.3278	39.0132	39.408100000000005	39.1069	39.3868	39.2352	39.2959	39.1679	39.3234	39.1279	39.3184	39.0715	39.1738	39.0193	39.3423	39.0545	39.2661	39.1292	39.0991	39.172200000000004	39.2825	38.824	39.273799999999994	39.0065	39.1136	39.0062	39.181	38.986399999999996	39.1879	39.1373	39.051399999999994	38.8994	39.0635	38.9297	39.0575	38.8704	39.096199999999996	38.9946	39.0797	39.0484	38.9882	38.8849	38.9994	38.817299999999996	39.0669	38.8671	39.103	38.954299999999996	38.9867	39.095800000000004	39.0802	38.885	39.0914	38.901799999999994	39.085300000000004	39.0788	39.110499999999995	39.0071	39.3492	39.3357	39.0879	39.1772	39.3347	38.6434
Sor-CPnd_055-Ex1-7G-lcwgs-1-3.clmp.r1r2_fastp	54.0454	39.7487	37.3337	36.6128	37.9838	36.8901	36.1911	37.7852	38.431	36.4572	41.0605	40.3299	39.887299999999996	39.3133	39.1452	38.7149	39.2491	38.773	39.1763	39.138	39.2971	38.8714	39.1615	38.6378	38.7712	38.6123	38.5871	38.379799999999996	38.7928	38.4167	38.8641	38.6778	38.8141	38.501999999999995	38.7795	38.3673	38.6272	38.289	38.446000000000005	38.190000000000005	38.6732	38.192	38.5152	38.3761	38.3615	38.1158	38.3402	38.0203	38.259100000000004	38.064	38.2867	38.1277	38.391999999999996	38.0856	38.2555	38.2245	38.256099999999996	37.8998	38.2716	37.9448	38.3106	38.0769	38.1459	38.0256	38.2901	37.918	38.116699999999994	37.9766	38.114399999999996	37.845	38.1894	37.940400000000004	38.1721	38.0381	38.0498	37.9923	38.1538	37.8397	38.106899999999996	37.9343	38.108799999999995	37.959700000000005	38.0876	37.8967	38.0687	37.967600000000004	38.0143	37.7885	38.1247	37.8487	38.0535	38.0296	38.0452	37.9319	38.1226	37.8876	38.075199999999995	37.8883	37.932300000000005	37.811699999999995	38.1103	37.9091	38.0048	38.0133	37.9714	37.9475	38.0642	37.801	37.994699999999995	37.8426	37.988499999999995	37.8133	38.0078	37.893	38.0755	38.006	38.0236	37.8292	37.992799999999995	37.7613	37.9776	37.8539	37.9428	37.866499999999995	38.087900000000005	37.8607	38.0107	37.866499999999995	37.9517	37.7628	37.9883	37.8368	37.9596	38.002	37.927499999999995	38.0378	38.1087	37.9083	38.0768	38.0259	38.0794	38.095	38.309	38.1521	38.3061	38.3275	38.223400000000005	38.185	38.323	37.7208
Sor-CPnd_058-Ex1-2G-lcwgs-1-3.clmp.r1r2_fastp	54.5987	38.4313	37.0156	36.3806	37.7689	36.4391	35.5123	36.8894	37.6769	35.809400000000004	40.7267	40.0428	39.5791	39.015699999999995	38.809900000000006	38.3491	38.8688	38.4622	38.7977	38.78	38.9552	38.5813	38.8679	38.2492	38.3949	38.263200000000005	38.2094	38.0135	38.4157	38.0009	38.5261	38.3204	38.479200000000006	38.182500000000005	38.4782	38.1201	38.3642	38.033	38.1656	37.9279	38.4007	37.9983	38.2888	38.1611	38.163399999999996	37.943599999999996	38.101400000000005	37.8515	38.079800000000006	37.891999999999996	38.087900000000005	37.9544	38.2406	37.9304	38.1258	38.083099999999995	38.1631	37.7828	38.0864	37.8095	38.1772	37.9919	38.020199999999996	37.9681	38.149899999999995	37.889	38.0529	37.9412	38.028600000000004	37.819	38.1511	37.904199999999996	38.1543	37.946200000000005	38.0336	37.9449	38.1053	37.8116	38.0633	37.8637	38.1126	37.9045	38.0826	37.8901	38.0934	37.9554	38.054700000000004	37.7742	38.1456	37.803799999999995	38.0687	37.9973	38.0524	37.955	38.0835	37.9101	38.079499999999996	37.9497	38.0184	37.858799999999995	38.0364	37.8478	38.0448	38.0588	37.9598	37.9683	38.088499999999996	37.8185	38.041399999999996	37.762499999999996	37.989200000000004	37.9072	38.0584	37.9644	38.1198	38.0205	38.0888	37.8674	38.0591	37.78	38.0436	37.9127	37.9643	37.9706	38.1807	37.880399999999995	38.0928	37.939099999999996	38.059599999999996	37.8386	38.1044	37.8696	38.0847	38.048	38.055499999999995	38.2007	38.1911	38.0436	38.1727	38.1207	38.1158	38.243700000000004	38.340999999999994	38.2251	38.445499999999996	38.4296	38.271699999999996	38.2986	38.2695	37.8364
Sor-CPnd_063-Ex1-7D-lcwgs-1-3.clmp.r1r2_fastp	54.5925	40.029399999999995	37.9152	37.1502	38.5177	37.379	36.6452	38.2162	38.768299999999996	36.9041	41.4486	40.7782	40.3338	39.7939	39.616299999999995	39.2403	39.7093	39.244099999999996	39.6359	39.591300000000004	39.693	39.3654	39.6195	39.088	39.2488	39.0855	39.073600000000006	38.8912	39.2871	38.8919	39.3301	39.1785	39.2829	39.0124	39.218199999999996	38.864599999999996	39.0852	38.811099999999996	38.891	38.697700000000005	39.1132	38.6984	38.9994	38.8567	38.832100000000004	38.6408	38.829	38.512299999999996	38.7064	38.5989	38.7136	38.577	38.8714	38.5306	38.7213	38.6877	38.7351	38.382	38.745000000000005	38.4442	38.7702	38.589600000000004	38.5979	38.5104	38.7301	38.3817	38.629799999999996	38.5154	38.5646	38.3666	38.644800000000004	38.4353	38.635799999999996	38.5167	38.5256	38.493	38.6258	38.3606	38.601600000000005	38.4713	38.6378	38.4237	38.6148	38.4075	38.5843	38.4691	38.4878	38.2941	38.616299999999995	38.2675	38.5372	38.5517	38.5597	38.4116	38.622499999999995	38.3833	38.5308	38.3776	38.4233	38.3324	38.521	38.3515	38.4938	38.5231	38.4299	38.4546	38.5264	38.3185	38.5141	38.2495	38.4375	38.3664	38.5247	38.4298	38.5463	38.4863	38.4544	38.3477	38.4651	38.2268	38.5332	38.3602	38.45	38.4229	38.527899999999995	38.393100000000004	38.5199	38.427499999999995	38.5343	38.2756	38.5054	38.3585	38.5402	38.5036	38.471	38.587500000000006	38.6166	38.4718	38.629400000000004	38.5846	38.6633	38.6185	38.7833	38.6943	38.85	38.8065	38.7158	38.6742	38.8013	38.1949
Sor-CPnd_066-Ex1-8B-lcwgs-1-3.clmp.r1r2_fastp	55.8018	40.6142	39.1545	37.842	38.6595	37.7853	37.0803	38.7367	39.4569	37.4931	42.045700000000004	41.7338	41.1179	40.4163	40.3832	39.735	40.1965	39.8514	40.1626	40.3657	40.4068	40.0576	40.1188	39.6224	40.036699999999996	39.5862	39.649	39.4394	39.9442	39.4995	39.894400000000005	39.9442	39.9617	39.5524	39.880300000000005	39.3556	39.9854	39.6945	39.5083	39.3432	39.6864	39.3945	39.6445	39.4901	39.5154	39.1837	39.406600000000005	39.0591	39.306999999999995	39.3949	39.291599999999995	39.3194	39.5792	39.266	39.474399999999996	39.4321	39.4794	39.0427	39.449400000000004	39.217400000000005	39.4953	39.197700000000005	39.338499999999996	39.0234	39.2924	38.9897	39.3081	39.2731	39.4453	39.1491	39.537	39.0782	39.228	39.3758	39.2967	39.3101	39.444	38.8913	39.1347	39.0939	39.3566	39.0122	39.3613	39.0726	39.1951	38.7523	39.0581	38.8863	39.420500000000004	39.0856	39.3482	39.0877	39.4701	39.2115	39.0897	39.1178	39.054100000000005	39.1257	39.0367	38.7395	39.2084	39.1382	39.2015	39.3496	39.4075	38.9587	39.0578	38.7608	39.2799	38.9687	38.993	38.9859	39.331700000000005	39.061099999999996	39.0505	39.1063	39.0543	38.8678	39.1731	38.573800000000006	39.0806	38.9401	39.068599999999996	38.8431	39.1519	38.7209	39.2905	39.1704	38.9287	38.987500000000004	39.076699999999995	38.8383	39.1412	38.8639	38.967400000000005	39.0253	39.2396	38.9103	39.1273	39.036500000000004	39.0148	39.0318	39.2223	39.2391	39.3588	39.2181	39.4152	39.3814	39.1323	38.5177
Sor-CPnd_069-Ex1-6B-lcwgs-1-3.clmp.r1r2_fastp	55.5521	39.9472	38.4033	37.3946	38.8888	37.689699999999995	36.9493	38.701	39.433099999999996	37.1311	42.1589	41.645199999999996	41.0456	40.313300000000005	40.2161	39.6924	40.2272	39.7431	40.1656	40.0845	40.260600000000004	39.8724	40.0835	39.5477	39.704899999999995	39.494800000000005	39.515299999999996	39.3448	39.7229	39.353500000000004	39.8797	39.6217	39.7966	39.5066	39.762	39.367799999999995	39.6517	39.2853	39.4567	39.224	39.6735	39.198499999999996	39.5821	39.3907	39.394	39.179700000000004	39.408	39.121	39.319199999999995	39.1631	39.3598	39.212799999999994	39.4611	39.1869	39.3797	39.2825	39.3648	39.0333	39.3592	38.9814	39.433099999999996	39.195	39.2431	39.1519	39.3837	39.041399999999996	39.3228	39.1267	39.2665	38.9995	39.3467	39.1133	39.336	39.1949	39.2123	39.191700000000004	39.34	38.976699999999994	39.332899999999995	39.1064	39.3733	39.089400000000005	39.3606	39.096	39.3238	39.175399999999996	39.2286	38.927099999999996	39.401	38.973	39.2611	39.191500000000005	39.2626	39.0721	39.2575	39.050200000000004	39.3115	39.0591	39.1941	38.9818	39.2682	39.0399	39.2769	39.2696	39.1531	39.1748	39.2711	38.9986	39.232099999999996	38.9958	39.1774	39.0665	39.3328	39.156200000000005	39.2941	39.2349	39.2272	39.007	39.2525	38.9855	39.245400000000004	39.1322	39.2721	39.1303	39.3356	39.1124	39.2141	39.145	39.2918	38.9687	39.2686	38.9955	39.2669	39.2024	39.251200000000004	39.2909	39.3284	39.153999999999996	39.387899999999995	39.2684	39.3511	39.293299999999995	39.4557	39.3401	39.5398	39.5916	39.4842	39.447500000000005	39.5349	38.9461
Sor-CPnd_072-Ex1-8C-lcwgs-1-3.clmp.r1r2_fastp	54.571000000000005	41.8296	38.214999999999996	37.1579	38.664300000000004	37.5864	37.0022	38.2539	38.9209	37.518499999999996	41.2864	40.6492	40.3871	39.9087	39.815400000000004	39.420899999999996	39.9107	39.4227	39.7909	39.738800000000005	39.8869	39.4898	39.8123	39.284	39.415800000000004	39.2723	39.2413	39.0418	39.475	39.036100000000005	39.5105	39.3057	39.469	39.1536	39.426899999999996	39.056999999999995	39.3168	39.01	39.1276	38.9397	39.427299999999995	38.9093	39.280100000000004	39.1422	39.1619	38.9267	39.171099999999996	38.8284	39.1078	38.9121	39.1385	38.936	39.2487	38.9308	39.1263	39.034	39.1413	38.780300000000004	39.1758	38.7736	39.1929	38.9807	38.9865	38.8851	39.1609	38.8249	39.0443	38.8847	39.019999999999996	38.7643	39.1404	38.8606	39.0948	38.9327	38.964999999999996	38.8854	39.0852	38.728899999999996	39.0316	38.7973	39.0977	38.8588	39.0649	38.846199999999996	39.0112	38.8787	38.9783	38.6805	39.089200000000005	38.724799999999995	39.0043	38.964	39.0175	38.8664	39.0566	38.7802	39.0338	38.8153	38.8883	38.723	39.072	38.7663	39.016	38.9644	38.9411	38.8704	39.021	38.7228	38.9466	38.7438	38.9411	38.7538	39.0319	38.8587	39.0182	38.9228	38.9515	38.7577	38.9355	38.7007	38.9809	38.8086	38.9661	38.8676	39.055299999999995	38.8163	38.988499999999995	38.8091	38.992599999999996	38.7157	39.0013	38.7681	38.9834	38.9523	38.9884	38.9664	39.11	38.8314	39.0544	38.9637	39.0929	39.048100000000005	39.2484	39.0915	39.2902	39.2449	39.128299999999996	39.09	39.2605	38.6137
