Sample	1	2	3	4	5	6	7	8	9	10	11	12	13	14	15	16	17	18	19	20	21	22	23	24	25	26	27	28	29	30	31	32	33	34	35	36	37	38	39	40	41	42	43	44	45	46	47	48	49	50	51	52	53	54	55	56	57	58	59	60	61	62	63	64	65	66	67	68	69	70	71	72	73	74	75	76	77	78	79	80	81	82	83	84	85	86	87	88	89	90	91	92	93	94	95	96	97	98	99	100	101	102	103	104	105	106	107	108	109	110	111	112	113	114	115	116	117	118	119	120	121	122	123	124	125	126	127	128	129	130	131	132	133	134	135	136	137	138	139	140	141	142	143	144	145	146	147	148	149	150
Sor-CPnd_001-Ex1-3E-lcwgs-1-3.clmp.r1r2_fastp	39.7524	39.5945	39.6703	39.623	39.554	39.251	39.488	38.9417	39.1408	39.3122	39.542	39.5143	39.4402	39.581	39.5208	39.6885	39.6353	39.6966	39.6582	39.6429	39.6941	39.6726	39.6783	39.5997	39.6849	39.5595	39.627	39.6168	39.6066	39.5721	39.5741	39.5888	39.5769	39.6162	39.6065	39.611	39.5725	39.5786	39.6087	39.6079	39.5802	39.6131	39.5943	39.5725	39.5878	39.5919	39.6006	39.588	39.5885	39.5943	39.5804	39.591	39.5849	39.5893	39.5962	39.5808	39.5704	39.5835	39.5976	39.5788	39.5734	39.5723	39.5786	39.5748	39.5681	39.5719	39.5707	39.5589	39.5528	39.5589	39.5611	39.5513	39.5451	39.5542	39.542	39.5508	39.5468	39.5391	39.5378	39.5317	39.5374	39.5241	39.5388	39.5401	39.5292	39.5197	39.5151	39.5195	39.5247	39.5034	39.5115	39.512	39.5039	39.5091	39.5084	39.5116	39.4982	39.4984	39.4979	39.4921	39.495	39.4918	39.4753	39.4626	39.4626	39.4582	39.4682	39.4675	39.4568	39.4615	39.4456	39.442	39.4497	39.4452	39.4491	39.4624	39.4438	39.4366	39.4233	39.4504	39.4391	39.4498	39.433	39.4447	39.4266	39.431	39.4313	39.4297	39.4236	39.4378	39.4317	39.423	39.4147	39.3895	39.4132	39.4046	39.3854	39.3816	39.3783	39.3859	39.3951	39.3745	39.3832	39.3607	39.3568	39.3559	39.3275	39.3384	39.383	39.6266
Sor-CPnd_002-Ex1-5E-lcwgs-1-3.clmp.r1r2_fastp	39.7493	39.6278	39.6996	39.6568	39.6029	39.2949	39.5325	39.0502	39.2327	39.3866	39.5916	39.5702	39.5147	39.6293	39.5819	39.7212	39.6806	39.728	39.6962	39.6814	39.7255	39.6989	39.7059	39.6358	39.7149	39.5977	39.6564	39.6459	39.6373	39.6117	39.6133	39.6263	39.6128	39.6458	39.6375	39.6404	39.6012	39.6096	39.6373	39.6382	39.6139	39.6396	39.622	39.602	39.6132	39.6191	39.6248	39.6127	39.6151	39.621	39.6065	39.6144	39.609	39.6143	39.6187	39.6039	39.5924	39.6051	39.6162	39.6026	39.5919	39.5945	39.5986	39.5946	39.5921	39.5895	39.587	39.5814	39.5718	39.5774	39.5782	39.572	39.5633	39.5684	39.5629	39.5667	39.5607	39.5583	39.5569	39.5511	39.5562	39.5442	39.5547	39.5562	39.543	39.5353	39.5313	39.5366	39.538	39.5172	39.5255	39.5265	39.5233	39.5287	39.5184	39.5226	39.5118	39.5144	39.5103	39.5053	39.5083	39.5031	39.4932	39.4825	39.4794	39.4755	39.4822	39.48	39.4699	39.4761	39.452	39.4516	39.4578	39.4549	39.4669	39.4722	39.4561	39.4423	39.4412	39.4672	39.4493	39.4647	39.4434	39.4568	39.4316	39.4444	39.4433	39.442	39.434	39.4464	39.4385	39.4294	39.4299	39.4067	39.4267	39.4122	39.3937	39.3973	39.3881	39.3957	39.4035	39.3802	39.3922	39.3703	39.3643	39.3672	39.3345	39.348	39.3916	39.6306
Sor-CPnd_003-Ex1-2B-lcwgs-1-3.clmp.r1r2_fastp	39.8187	39.6781	39.7644	39.7073	39.5834	39.4566	39.379	39.2561	39.2315	39.3697	39.549	39.5305	39.489	39.5644	39.544	39.6931	39.6607	39.6839	39.6413	39.63	39.7128	39.6961	39.6872	39.6195	39.6899	39.6083	39.6432	39.6292	39.6213	39.5739	39.5995	39.5747	39.5916	39.6261	39.6117	39.6091	39.584	39.5936	39.6229	39.5999	39.5897	39.6151	39.6058	39.5782	39.5884	39.5914	39.5984	39.5859	39.5858	39.5917	39.5795	39.5879	39.5787	39.5875	39.5917	39.5748	39.5619	39.5697	39.5881	39.5702	39.5556	39.5632	39.5625	39.5603	39.5552	39.5596	39.5543	39.5431	39.5347	39.543	39.5461	39.5388	39.5253	39.5373	39.5242	39.5301	39.5239	39.518	39.5147	39.5109	39.5172	39.5051	39.5202	39.5216	39.5089	39.4996	39.4903	39.4974	39.4975	39.4798	39.4865	39.4904	39.4837	39.4876	39.4807	39.4858	39.4756	39.475	39.4712	39.4655	39.4692	39.467	39.447	39.438	39.4381	39.4322	39.4418	39.4435	39.4264	39.4345	39.4129	39.4097	39.4203	39.4151	39.4227	39.4296	39.415	39.4038	39.3946	39.4256	39.4103	39.4196	39.4014	39.4147	39.388	39.3948	39.3972	39.3993	39.3915	39.4028	39.3944	39.3841	39.3819	39.3533	39.3782	39.3697	39.3538	39.3502	39.3439	39.3436	39.3547	39.3344	39.34	39.3238	39.317	39.3184	39.2883	39.2992	39.3387	39.606
Sor-CPnd_004-Ex1-1G-lcwgs-1-3.clmp.r1r2_fastp	39.8271	39.7116	39.751	39.6756	39.6259	39.348	39.588	39.3267	39.1921	39.349	39.529	39.5279	39.5285	39.5703	39.5684	39.699	39.6751	39.6993	39.6632	39.6468	39.7072	39.6996	39.6832	39.6415	39.6774	39.6214	39.6371	39.6229	39.6047	39.5741	39.6158	39.5699	39.6005	39.6232	39.606	39.6088	39.5979	39.61	39.6247	39.5949	39.5907	39.6141	39.6131	39.5847	39.5988	39.5955	39.6025	39.5886	39.5888	39.594	39.5821	39.5924	39.585	39.5945	39.5998	39.5806	39.5638	39.5773	39.5915	39.5732	39.5685	39.5696	39.5734	39.5691	39.5621	39.5639	39.5625	39.5511	39.5486	39.5511	39.5557	39.5443	39.5383	39.5447	39.5364	39.5435	39.5388	39.5335	39.5302	39.522	39.5304	39.5138	39.5333	39.5301	39.5202	39.512	39.5056	39.5093	39.5118	39.4903	39.5041	39.5031	39.5	39.5017	39.4994	39.5015	39.4904	39.4879	39.4905	39.4833	39.4897	39.4817	39.4673	39.4583	39.4558	39.4503	39.4589	39.457	39.4463	39.4524	39.4316	39.4254	39.436	39.437	39.4469	39.4509	39.434	39.4249	39.4215	39.4459	39.4334	39.4437	39.428	39.4415	39.4148	39.4241	39.4234	39.4231	39.4158	39.4323	39.4247	39.417	39.4096	39.3876	39.4089	39.4018	39.376	39.378	39.3737	39.3793	39.3867	39.3623	39.3721	39.3573	39.3516	39.3516	39.3228	39.3331	39.3745	39.6186
Sor-CPnd_005-Ex1-3D-lcwgs-1-3.clmp.r1r2_fastp	39.6766	39.6785	39.7091	39.6291	39.6935	39.3565	39.3054	39.049	39.1402	39.2968	39.5226	39.4882	39.4654	39.5398	39.5202	39.6807	39.6402	39.6844	39.6449	39.6303	39.6982	39.6837	39.6716	39.6122	39.6769	39.5857	39.6296	39.613	39.6067	39.5623	39.5916	39.5684	39.5841	39.6173	39.5996	39.6088	39.5819	39.5921	39.616	39.5939	39.5782	39.6126	39.5995	39.5771	39.5918	39.5912	39.6007	39.5841	39.5862	39.5918	39.5771	39.5907	39.5843	39.5883	39.5938	39.5781	39.5658	39.5771	39.5927	39.5745	39.5641	39.5721	39.5706	39.5696	39.5646	39.566	39.5649	39.5512	39.5447	39.5556	39.5588	39.5482	39.5411	39.5494	39.5382	39.5475	39.5415	39.5351	39.5308	39.5267	39.5337	39.5179	39.5357	39.5322	39.5262	39.5153	39.5077	39.5136	39.5138	39.4937	39.5079	39.5052	39.5052	39.5064	39.4993	39.5049	39.4964	39.4932	39.4935	39.4891	39.4889	39.4814	39.4689	39.4616	39.4618	39.453	39.4638	39.4607	39.4475	39.4581	39.4361	39.4305	39.4414	39.4369	39.4499	39.4591	39.4384	39.4316	39.4193	39.4476	39.4338	39.4472	39.4287	39.4388	39.413	39.4274	39.4267	39.4284	39.4204	39.4342	39.423	39.4134	39.41	39.3869	39.4109	39.3968	39.3794	39.3821	39.378	39.38	39.3871	39.3669	39.3752	39.3573	39.3546	39.3538	39.3295	39.3394	39.3792	39.6224
Sor-CPnd_006-Ex1-2D-lcwgs-1-3.clmp.r1r2_fastp	39.7006	39.7088	39.7263	39.6496	39.72	39.3806	39.3746	39.1612	39.2342	39.37	39.5654	39.5379	39.5148	39.5863	39.5668	39.7005	39.6667	39.7063	39.6704	39.6594	39.7133	39.7006	39.6917	39.6416	39.6937	39.6071	39.6445	39.6278	39.619	39.5813	39.6051	39.5893	39.5962	39.6246	39.609	39.6155	39.5919	39.5984	39.6134	39.6023	39.5859	39.6121	39.6003	39.5747	39.586	39.5879	39.5925	39.5783	39.5777	39.5854	39.5694	39.5786	39.5711	39.5766	39.5805	39.5638	39.5508	39.5615	39.5756	39.5572	39.5496	39.552	39.5529	39.5486	39.5447	39.5444	39.5439	39.5322	39.5265	39.5302	39.5319	39.5229	39.5132	39.5233	39.5109	39.518	39.5134	39.5053	39.5026	39.4954	39.5014	39.4889	39.5044	39.5044	39.4915	39.4826	39.4767	39.4799	39.4831	39.4628	39.4732	39.4735	39.4663	39.4703	39.4652	39.4691	39.4572	39.4609	39.4529	39.4481	39.4505	39.4435	39.4307	39.4196	39.4205	39.413	39.4236	39.4241	39.4099	39.4208	39.3918	39.3921	39.4032	39.3968	39.4041	39.4103	39.3921	39.3812	39.3781	39.4009	39.3881	39.399	39.3784	39.3925	39.3704	39.3816	39.3767	39.3786	39.3712	39.3834	39.3691	39.3645	39.3569	39.3325	39.3571	39.3439	39.3258	39.3299	39.3236	39.3254	39.3338	39.3133	39.3157	39.3032	39.2961	39.2879	39.2654	39.2791	39.3208	39.5984
Sor-CPnd_007-Ex1-1C-lcwgs-1-3.clmp.r1r2_fastp	39.7474	39.576	39.6838	39.5653	39.6859	38.9081	39.6344	39.0527	39.105	39.1987	39.5346	39.4937	39.4776	39.5523	39.5406	39.6902	39.656	39.6929	39.6521	39.63	39.7009	39.6917	39.6752	39.6194	39.6811	39.6017	39.6373	39.6217	39.6173	39.5799	39.6116	39.5848	39.6066	39.6301	39.614	39.6184	39.5874	39.6039	39.6273	39.61	39.6011	39.628	39.6184	39.5897	39.603	39.6048	39.6115	39.5997	39.5996	39.6081	39.5961	39.6077	39.5974	39.6073	39.6101	39.592	39.5767	39.5927	39.6064	39.5883	39.5794	39.5867	39.5903	39.5856	39.5767	39.5815	39.5782	39.5658	39.5579	39.5707	39.5723	39.5657	39.556	39.5643	39.5533	39.5598	39.5546	39.5466	39.5453	39.5382	39.5503	39.5344	39.5497	39.5483	39.5408	39.5316	39.5221	39.5261	39.5249	39.5089	39.52	39.5228	39.5149	39.5191	39.5164	39.5193	39.509	39.5079	39.5046	39.5019	39.5028	39.4988	39.4828	39.4745	39.4736	39.4704	39.4808	39.478	39.4639	39.4698	39.446	39.4434	39.4539	39.452	39.4617	39.4748	39.4532	39.446	39.4429	39.4677	39.451	39.4607	39.442	39.4617	39.4357	39.4445	39.4474	39.4429	39.4419	39.4539	39.4455	39.4394	39.4316	39.4004	39.4302	39.418	39.3966	39.4021	39.3939	39.403	39.4115	39.3886	39.3926	39.3832	39.3807	39.3707	39.3422	39.3582	39.4026	39.6336
Sor-CPnd_008-Ex1-1A-lcwgs-1-3.clmp.r1r2_fastp	39.7504	39.6596	39.6261	39.6085	39.6773	39.1639	39.6022	38.6258	38.903	39.1501	39.4832	39.4598	39.3988	39.5222	39.4838	39.6835	39.6206	39.6711	39.6167	39.6016	39.6974	39.667	39.6585	39.5717	39.6852	39.563	39.639	39.6286	39.6222	39.5707	39.5925	39.5735	39.5948	39.6354	39.6092	39.6141	39.5631	39.5877	39.63	39.6127	39.5861	39.6237	39.6102	39.5804	39.5982	39.6034	39.6135	39.5999	39.5988	39.6054	39.5895	39.602	39.5944	39.6004	39.6091	39.5956	39.5785	39.5943	39.61	39.589	39.5606	39.5822	39.5736	39.585	39.5796	39.579	39.5778	39.567	39.5504	39.5684	39.5721	39.5631	39.5513	39.5608	39.5514	39.5605	39.5549	39.5495	39.543	39.5395	39.5469	39.532	39.5484	39.5488	39.5378	39.5296	39.5229	39.5273	39.5179	39.5081	39.5197	39.5203	39.5176	39.5221	39.5151	39.5198	39.5065	39.5101	39.5092	39.5023	39.5057	39.5023	39.4754	39.4778	39.4756	39.4707	39.4795	39.4761	39.4641	39.4719	39.4528	39.4488	39.4555	39.4544	39.4631	39.4755	39.4547	39.4486	39.4421	39.4707	39.444	39.4675	39.4469	39.4611	39.4388	39.4476	39.4455	39.4497	39.4424	39.4564	39.4478	39.4415	39.4328	39.3905	39.4352	39.4212	39.3952	39.3986	39.3974	39.4048	39.4136	39.3932	39.3974	39.3862	39.3799	39.3787	39.347	39.3601	39.4012	39.6395
Sor-CPnd_009-Ex1-6A-lcwgs-1-3.clmp.r1r2_fastp	39.7689	39.6924	39.6679	39.6428	39.7324	39.3297	39.6641	38.9908	39.2139	39.3809	39.5795	39.5707	39.5297	39.6244	39.5909	39.7241	39.6786	39.717	39.6798	39.668	39.7325	39.7068	39.7027	39.6396	39.7151	39.6125	39.6639	39.6534	39.6468	39.6124	39.628	39.6238	39.6278	39.6564	39.643	39.6462	39.6098	39.6247	39.6518	39.6431	39.6289	39.6501	39.6396	39.6148	39.6289	39.6331	39.6399	39.6281	39.6297	39.6362	39.6241	39.6304	39.6237	39.6287	39.6337	39.6208	39.6103	39.6214	39.6331	39.6173	39.6066	39.6122	39.6134	39.613	39.6085	39.6104	39.6072	39.6005	39.5919	39.6003	39.6029	39.5938	39.5863	39.5939	39.5863	39.5909	39.5877	39.582	39.5802	39.5751	39.5803	39.5696	39.5828	39.5818	39.5707	39.5655	39.5602	39.5636	39.5636	39.5485	39.5581	39.5578	39.554	39.5572	39.552	39.557	39.5471	39.5476	39.5448	39.5422	39.545	39.5393	39.5219	39.5158	39.5177	39.5125	39.5185	39.519	39.5076	39.5146	39.4944	39.4946	39.5021	39.5011	39.5076	39.5147	39.4966	39.4882	39.4885	39.5082	39.4954	39.5087	39.4897	39.5027	39.4819	39.4908	39.4869	39.4887	39.483	39.4941	39.4874	39.483	39.4761	39.4511	39.4754	39.4655	39.4474	39.4504	39.4445	39.4486	39.4565	39.4393	39.4414	39.4303	39.425	39.4225	39.3964	39.4096	39.4471	39.6627
Sor-CPnd_010-Ex1-1H-lcwgs-1-3.clmp.r1r2_fastp	39.8152	39.6773	39.7076	39.6822	39.6768	39.4444	39.593	39.1339	39.1313	39.2987	39.5313	39.5126	39.4922	39.5554	39.5423	39.697	39.6608	39.7006	39.6593	39.6424	39.7126	39.6958	39.684	39.6268	39.6888	39.6101	39.6463	39.6323	39.6201	39.588	39.6189	39.5864	39.6152	39.6406	39.6221	39.629	39.6041	39.6189	39.6425	39.6196	39.6075	39.6322	39.6289	39.6084	39.6103	39.6185	39.6223	39.6082	39.6102	39.6167	39.602	39.6187	39.6108	39.6186	39.621	39.6034	39.5968	39.6066	39.623	39.6032	39.596	39.6011	39.605	39.6014	39.5929	39.5891	39.593	39.5825	39.5799	39.5812	39.5855	39.5811	39.5748	39.5829	39.5688	39.5743	39.5707	39.5659	39.5635	39.5585	39.5596	39.5492	39.5725	39.5678	39.5551	39.547	39.5425	39.5496	39.5444	39.5291	39.536	39.5375	39.5357	39.5377	39.5353	39.5387	39.5303	39.5212	39.5248	39.5219	39.5196	39.5187	39.5022	39.4944	39.4914	39.4878	39.496	39.4942	39.4832	39.495	39.4727	39.4722	39.4684	39.4742	39.4822	39.4883	39.4717	39.4576	39.4589	39.483	39.4695	39.478	39.4606	39.4718	39.4489	39.4639	39.4651	39.4663	39.454	39.4762	39.4673	39.4584	39.4401	39.429	39.4518	39.4397	39.4169	39.4167	39.4123	39.4173	39.4212	39.4033	39.4172	39.4014	39.3945	39.3935	39.3658	39.3794	39.4086	39.6426
Sor-CPnd_012-Ex1-5B-lcwgs-1-3.clmp.r1r2_fastp	39.8183	39.6875	39.7715	39.7224	39.5977	39.466	39.3935	39.256	39.2289	39.3908	39.5657	39.5491	39.5117	39.5809	39.5626	39.7068	39.6759	39.6972	39.6572	39.6468	39.7281	39.7088	39.6988	39.6297	39.7024	39.6247	39.6617	39.6495	39.6395	39.594	39.62	39.5956	39.6147	39.6485	39.6339	39.6317	39.6065	39.6187	39.6468	39.6229	39.6109	39.639	39.6302	39.6029	39.6172	39.6191	39.6266	39.614	39.6155	39.6201	39.6095	39.6169	39.6089	39.6184	39.6227	39.6068	39.5941	39.6023	39.6173	39.6017	39.5887	39.5952	39.5966	39.5972	39.5925	39.5901	39.5913	39.5818	39.5727	39.5779	39.5857	39.576	39.5666	39.5785	39.5658	39.5736	39.5692	39.5625	39.5573	39.55	39.5599	39.5457	39.562	39.5606	39.5498	39.5413	39.5389	39.5401	39.5415	39.5266	39.5337	39.5307	39.5315	39.5327	39.5303	39.5315	39.5178	39.5191	39.5181	39.5139	39.5164	39.5109	39.4933	39.4872	39.4882	39.4805	39.4917	39.4866	39.4755	39.4854	39.4629	39.4584	39.4685	39.466	39.4723	39.4849	39.4638	39.4573	39.4517	39.4748	39.4598	39.4718	39.454	39.4644	39.4474	39.455	39.4508	39.4523	39.4483	39.4599	39.4507	39.4412	39.4352	39.4098	39.4388	39.4226	39.4023	39.4114	39.4034	39.4034	39.4208	39.3953	39.3981	39.389	39.3838	39.3793	39.3538	39.3678	39.4057	39.6342
Sor-CPnd_013-Ex1-7F-lcwgs-1-3.clmp.r1r2_fastp	39.6512	39.5837	39.6977	39.6694	39.6344	39.3495	39.5404	39.3516	39.2346	39.3317	39.5595	39.5159	39.4963	39.5806	39.5586	39.7008	39.6643	39.7127	39.6846	39.6635	39.7137	39.6977	39.6892	39.6451	39.6949	39.6122	39.6462	39.6304	39.621	39.5915	39.6147	39.5976	39.6059	39.6337	39.6161	39.6277	39.6033	39.6098	39.6278	39.6175	39.6017	39.6269	39.6154	39.5908	39.6044	39.6042	39.6103	39.6014	39.6015	39.605	39.5927	39.6028	39.5945	39.6011	39.6051	39.5909	39.5762	39.5891	39.6011	39.5864	39.5781	39.5828	39.5827	39.5811	39.5768	39.5739	39.5751	39.5672	39.5592	39.5659	39.5666	39.5598	39.5484	39.5566	39.5482	39.5553	39.5493	39.5426	39.5419	39.5358	39.5404	39.5292	39.5426	39.5417	39.5334	39.5213	39.5165	39.519	39.5244	39.5027	39.5136	39.5127	39.5126	39.5124	39.5069	39.5164	39.5005	39.5012	39.5004	39.4973	39.4973	39.4936	39.4774	39.4696	39.4679	39.4623	39.4744	39.4687	39.4542	39.4621	39.442	39.4374	39.4507	39.4485	39.4543	39.4605	39.4467	39.4367	39.4321	39.4584	39.4381	39.456	39.4362	39.4451	39.4307	39.437	39.433	39.4383	39.4296	39.4443	39.43	39.4255	39.4184	39.3899	39.4169	39.4038	39.3883	39.3854	39.3805	39.3878	39.3962	39.3732	39.3801	39.3638	39.3644	39.3561	39.3365	39.3433	39.3837	39.6255
Sor-CPnd_014-Ex1-1F-lcwgs-1-3.clmp.r1r2_fastp	39.6473	39.5766	39.695	39.6662	39.6299	39.3527	39.5402	39.3289	39.2071	39.3208	39.552	39.5085	39.4912	39.5741	39.5544	39.7032	39.6641	39.7127	39.6832	39.6626	39.7122	39.7002	39.6878	39.6434	39.6909	39.6158	39.647	39.632	39.6231	39.5902	39.6196	39.5978	39.6123	39.6376	39.6214	39.6308	39.6104	39.6197	39.6358	39.6201	39.6059	39.6341	39.6224	39.6004	39.6126	39.6137	39.6213	39.6076	39.6093	39.6142	39.5992	39.6109	39.6059	39.6122	39.6158	39.6005	39.5876	39.5988	39.6132	39.5943	39.5874	39.5893	39.5947	39.5904	39.5866	39.5842	39.5834	39.5752	39.5696	39.5735	39.5783	39.5681	39.5611	39.5662	39.5587	39.5668	39.5598	39.5566	39.5539	39.5472	39.554	39.5389	39.5577	39.5544	39.544	39.5348	39.529	39.5333	39.5367	39.5172	39.5289	39.5277	39.5251	39.5247	39.5227	39.5269	39.515	39.5166	39.5131	39.5082	39.5106	39.5083	39.4908	39.4828	39.4825	39.475	39.4856	39.4815	39.4695	39.4783	39.4566	39.4543	39.463	39.4597	39.4676	39.4782	39.4592	39.4513	39.4464	39.4738	39.4605	39.4689	39.4504	39.4626	39.442	39.4508	39.4493	39.4513	39.448	39.4581	39.4509	39.4413	39.4357	39.4068	39.4341	39.4235	39.401	39.4065	39.4013	39.4038	39.4152	39.3912	39.3989	39.3835	39.3831	39.3778	39.3523	39.3591	39.3987	39.6362
Sor-CPnd_015-Ex1-5F-lcwgs-1-3.clmp.r1r2_fastp	39.6682	39.6132	39.7205	39.6956	39.6659	39.3915	39.5764	39.3923	39.2975	39.4012	39.6034	39.5652	39.5517	39.6277	39.6079	39.7331	39.6952	39.7389	39.7139	39.6986	39.7365	39.723	39.7127	39.6766	39.716	39.6394	39.6706	39.656	39.6472	39.6207	39.6417	39.6333	39.6356	39.6592	39.6468	39.6532	39.633	39.6416	39.6557	39.6472	39.6323	39.6539	39.6439	39.6231	39.634	39.6351	39.642	39.6284	39.6289	39.6322	39.62	39.6316	39.6236	39.6295	39.6362	39.6193	39.6067	39.6197	39.6307	39.6127	39.6042	39.6054	39.6096	39.6086	39.6016	39.6052	39.6025	39.5957	39.5876	39.5928	39.5955	39.5864	39.5796	39.5851	39.5776	39.5831	39.5766	39.5701	39.5716	39.5644	39.5707	39.5565	39.5724	39.5688	39.562	39.5526	39.5423	39.5512	39.5493	39.5298	39.5479	39.5419	39.5358	39.5381	39.5356	39.5396	39.5322	39.5286	39.5256	39.5246	39.5279	39.5209	39.5074	39.5002	39.4937	39.4904	39.4957	39.4955	39.4873	39.4921	39.4776	39.4723	39.4774	39.4799	39.4802	39.4945	39.4732	39.4678	39.461	39.4849	39.4731	39.4816	39.4563	39.48	39.4559	39.4616	39.4624	39.4584	39.453	39.4652	39.4577	39.4534	39.4476	39.4243	39.4506	39.4322	39.417	39.4177	39.4126	39.4181	39.4251	39.4046	39.4064	39.3971	39.3881	39.3887	39.3651	39.3754	39.4129	39.6454
Sor-CPnd_016-Ex1-1B-lcwgs-1-3.clmp.r1r2_fastp	39.7556	39.6753	39.7478	39.6809	39.5344	39.4231	39.23	39.1244	39.0719	39.263	39.484	39.4585	39.4175	39.4883	39.4745	39.6743	39.6294	39.6551	39.6008	39.5913	39.7027	39.6865	39.6673	39.5892	39.6783	39.5998	39.6464	39.632	39.6273	39.5602	39.5963	39.553	39.5969	39.635	39.6127	39.6133	39.581	39.6081	39.6432	39.6027	39.5894	39.6292	39.6246	39.5936	39.61	39.6124	39.6206	39.607	39.6083	39.6121	39.5994	39.6111	39.6049	39.6159	39.6187	39.6039	39.589	39.6018	39.6174	39.5982	39.5791	39.5948	39.5915	39.5971	39.59	39.5894	39.5893	39.5802	39.5679	39.5806	39.583	39.5739	39.5667	39.574	39.5656	39.5738	39.5683	39.5629	39.5578	39.5545	39.56	39.5483	39.5651	39.5626	39.5548	39.546	39.5395	39.5455	39.5386	39.5249	39.5365	39.5378	39.5347	39.5371	39.5334	39.5383	39.5264	39.5267	39.5251	39.5205	39.5252	39.5197	39.4972	39.4953	39.4933	39.4891	39.4995	39.4963	39.4838	39.4923	39.4726	39.4682	39.4753	39.4765	39.4853	39.4955	39.4775	39.4695	39.4645	39.4906	39.469	39.4859	39.4676	39.4819	39.4592	39.4698	39.4672	39.4714	39.4629	39.4766	39.465	39.463	39.4537	39.4202	39.4551	39.4434	39.4204	39.4249	39.4218	39.4266	39.4339	39.415	39.4221	39.4089	39.4043	39.4027	39.3749	39.3876	39.4243	39.647
Sor-CPnd_017-Ex1-3G-lcwgs-1-3.clmp.r1r2_fastp	39.8096	39.6987	39.7404	39.6629	39.6043	39.3165	39.5626	39.3331	39.2092	39.3231	39.5137	39.5061	39.5165	39.5512	39.5519	39.6833	39.6603	39.6912	39.6535	39.6374	39.6989	39.6844	39.672	39.6314	39.6678	39.6055	39.6199	39.611	39.5942	39.5607	39.6024	39.566	39.5893	39.6116	39.6011	39.6049	39.5946	39.5978	39.611	39.59	39.5853	39.6057	39.612	39.5819	39.5891	39.5911	39.5997	39.5858	39.586	39.5953	39.5814	39.5938	39.5849	39.5962	39.5918	39.5813	39.5657	39.5772	39.5953	39.582	39.5712	39.5726	39.5772	39.5775	39.5642	39.5595	39.566	39.5599	39.5576	39.5537	39.5619	39.5442	39.5418	39.5523	39.5409	39.5492	39.5464	39.5371	39.5389	39.5323	39.534	39.5191	39.5406	39.5343	39.5347	39.5165	39.5027	39.5214	39.5196	39.5034	39.5158	39.5103	39.5043	39.5013	39.5141	39.5094	39.4963	39.4977	39.4963	39.4889	39.4954	39.4797	39.4773	39.4655	39.4607	39.4646	39.4645	39.4668	39.4486	39.4626	39.433	39.4279	39.4425	39.4369	39.4473	39.47	39.4402	39.4235	39.4233	39.4485	39.4439	39.4431	39.4186	39.4555	39.4233	39.4269	39.4253	39.4286	39.4257	39.4344	39.4341	39.4198	39.411	39.3743	39.4122	39.4014	39.3796	39.3841	39.3817	39.3778	39.3769	39.3691	39.3713	39.3615	39.3616	39.3478	39.3285	39.3339	39.3879	39.6266
Sor-CPnd_018-Ex1-1E-lcwgs-1-3.clmp.r1r2_fastp	39.7453	39.5961	39.6721	39.6339	39.5659	39.2452	39.4811	38.9044	39.1106	39.3098	39.5428	39.5174	39.4507	39.5825	39.5273	39.6956	39.6492	39.702	39.664	39.6469	39.7052	39.684	39.6899	39.6059	39.6989	39.5803	39.6408	39.6334	39.6264	39.594	39.5982	39.6037	39.6015	39.64	39.6273	39.6297	39.5938	39.6011	39.6339	39.6271	39.6056	39.6378	39.6156	39.5947	39.6096	39.6164	39.6215	39.6105	39.6114	39.6156	39.604	39.6118	39.6074	39.6119	39.6179	39.6029	39.5911	39.6036	39.617	39.6026	39.5946	39.5918	39.6017	39.598	39.5919	39.5911	39.5891	39.5798	39.5766	39.582	39.5839	39.5748	39.5695	39.5729	39.5667	39.5725	39.5671	39.5607	39.5607	39.5536	39.5578	39.5482	39.5617	39.5585	39.5531	39.5442	39.5367	39.5377	39.541	39.5207	39.5365	39.533	39.5307	39.5312	39.5268	39.5288	39.5212	39.5174	39.5177	39.5157	39.5168	39.5131	39.4985	39.4864	39.485	39.4781	39.4912	39.4874	39.475	39.4848	39.4631	39.4643	39.4682	39.4659	39.4755	39.4801	39.463	39.4546	39.4521	39.4772	39.4582	39.4708	39.4527	39.4675	39.4432	39.451	39.4499	39.4538	39.4445	39.46	39.4475	39.4395	39.4346	39.4157	39.441	39.4209	39.4072	39.4091	39.4001	39.4028	39.4144	39.3976	39.3972	39.3849	39.3824	39.3719	39.3459	39.3583	39.3976	39.6369
Sor-CPnd_019-Ex1-6G-lcwgs-1-3.clmp.r1r2_fastp	39.8244	39.733	39.7678	39.6961	39.6596	39.3802	39.6163	39.3835	39.2859	39.4203	39.5883	39.5829	39.5853	39.6274	39.6217	39.7257	39.7011	39.725	39.6984	39.6814	39.7306	39.7208	39.7046	39.6724	39.7015	39.636	39.656	39.641	39.6237	39.5997	39.6338	39.5995	39.6208	39.6384	39.6232	39.6275	39.6118	39.6241	39.6358	39.6142	39.6122	39.6295	39.6252	39.5996	39.6108	39.6105	39.6126	39.6025	39.6041	39.6078	39.5927	39.6006	39.5978	39.6057	39.6075	39.5908	39.5772	39.5862	39.5987	39.5835	39.5757	39.578	39.5816	39.5764	39.5728	39.5722	39.5695	39.5598	39.5555	39.5584	39.5616	39.5554	39.5459	39.5544	39.5475	39.55	39.5454	39.5394	39.5391	39.5301	39.5361	39.5233	39.5396	39.5381	39.53	39.5192	39.5143	39.518	39.516	39.4983	39.5128	39.5099	39.5073	39.5095	39.506	39.51	39.5004	39.4982	39.4961	39.4917	39.4966	39.4893	39.4766	39.464	39.4642	39.459	39.4702	39.4672	39.4566	39.4601	39.4436	39.4391	39.4513	39.4449	39.4521	39.4606	39.4419	39.4365	39.4299	39.4535	39.4405	39.4531	39.4342	39.446	39.4246	39.4307	39.4323	39.4339	39.4267	39.4376	39.4285	39.4217	39.415	39.3906	39.4205	39.4041	39.3883	39.3911	39.382	39.3868	39.3947	39.3746	39.38	39.363	39.3599	39.3563	39.3265	39.3423	39.385	39.6277
Sor-CPnd_020-Ex1-2E-lcwgs-1-3.clmp.r1r2_fastp	39.7557	39.614	39.6887	39.6418	39.58	39.2694	39.5064	39.0039	39.189	39.3527	39.5685	39.5407	39.4784	39.6055	39.5528	39.7039	39.6541	39.7116	39.6789	39.6655	39.7103	39.6882	39.6904	39.6228	39.7001	39.5781	39.6397	39.6292	39.6209	39.5882	39.5907	39.6007	39.5876	39.6253	39.6144	39.6216	39.5794	39.5913	39.6127	39.6166	39.5898	39.6184	39.5976	39.5786	39.5888	39.5931	39.5983	39.5868	39.5851	39.5895	39.5761	39.5848	39.5811	39.5815	39.5885	39.5741	39.5595	39.571	39.5846	39.5687	39.5572	39.5616	39.5649	39.5599	39.555	39.5557	39.5563	39.5415	39.5342	39.5436	39.5433	39.5347	39.5242	39.5345	39.5223	39.5308	39.5225	39.5176	39.5156	39.5106	39.516	39.5023	39.5163	39.5153	39.5026	39.4968	39.4882	39.4922	39.494	39.4742	39.4834	39.4839	39.4798	39.4819	39.4742	39.4797	39.4675	39.4683	39.4636	39.46	39.4603	39.4564	39.4417	39.431	39.4311	39.4224	39.4311	39.43	39.4175	39.4269	39.4016	39.4018	39.4091	39.4064	39.4134	39.4192	39.4028	39.395	39.3843	39.4088	39.3957	39.4059	39.3839	39.4003	39.3793	39.3847	39.3807	39.3852	39.3776	39.3918	39.3775	39.37	39.3634	39.3379	39.3597	39.3482	39.3316	39.3339	39.3267	39.3268	39.3361	39.3186	39.3203	39.3025	39.3022	39.2936	39.2674	39.2765	39.3279	39.6004
Sor-CPnd_022-Ex1-7C-lcwgs-1-3.clmp.r1r2_fastp	39.757	39.5996	39.6916	39.5714	39.6935	38.953	39.6427	39.1088	39.1405	39.2219	39.5455	39.5068	39.4882	39.5609	39.5485	39.6954	39.6567	39.6996	39.663	39.6421	39.7058	39.6925	39.677	39.6262	39.6825	39.6014	39.6383	39.6208	39.6141	39.5844	39.6091	39.5825	39.5971	39.6251	39.607	39.6125	39.5878	39.598	39.619	39.6038	39.5923	39.6194	39.6081	39.5816	39.5926	39.5935	39.599	39.5879	39.5875	39.5962	39.5816	39.5928	39.5853	39.591	39.5965	39.5799	39.563	39.5759	39.5903	39.5733	39.562	39.5682	39.5701	39.5711	39.5651	39.5606	39.5634	39.5475	39.5384	39.548	39.5509	39.5434	39.5358	39.5445	39.5346	39.5411	39.5372	39.5265	39.5251	39.5185	39.5252	39.5101	39.5271	39.5303	39.5213	39.5093	39.5018	39.5058	39.503	39.4866	39.4966	39.4986	39.4944	39.4994	39.4941	39.4999	39.487	39.4847	39.4799	39.4789	39.4835	39.4762	39.46	39.4534	39.4505	39.4471	39.4557	39.4511	39.4401	39.45	39.4267	39.4197	39.4298	39.4302	39.4394	39.4475	39.4304	39.4191	39.4177	39.4396	39.4219	39.4353	39.4156	39.4279	39.4062	39.4168	39.414	39.4202	39.4113	39.4282	39.4119	39.4074	39.4025	39.3664	39.403	39.3901	39.3677	39.3687	39.3664	39.3674	39.3775	39.3586	39.3609	39.3432	39.3397	39.3458	39.312	39.3266	39.368	39.6168
Sor-CPnd_024-Ex1-5G-lcwgs-1-3.clmp.r1r2_fastp	39.8258	39.7338	39.7703	39.6993	39.6613	39.3819	39.6149	39.3775	39.2742	39.4196	39.5848	39.5775	39.5792	39.6194	39.6189	39.7252	39.7027	39.7257	39.6961	39.6808	39.7336	39.7178	39.7044	39.6693	39.698	39.6403	39.66	39.6444	39.628	39.605	39.6388	39.6082	39.6255	39.6423	39.6317	39.6344	39.6151	39.63	39.6407	39.6213	39.6157	39.637	39.6316	39.6035	39.6139	39.6158	39.6246	39.6099	39.6066	39.6136	39.5987	39.6095	39.6054	39.6121	39.6147	39.6009	39.5813	39.5915	39.6072	39.5923	39.586	39.5883	39.5906	39.5885	39.5838	39.5812	39.5794	39.5659	39.5619	39.5694	39.5728	39.5609	39.5488	39.562	39.5495	39.5588	39.5565	39.546	39.5452	39.5361	39.5456	39.5315	39.5461	39.5454	39.5338	39.5262	39.52	39.522	39.5255	39.5084	39.5244	39.5192	39.5165	39.5192	39.5133	39.5195	39.5038	39.5065	39.502	39.4998	39.5001	39.4969	39.4823	39.4742	39.4678	39.4665	39.4702	39.4705	39.4593	39.472	39.4426	39.4411	39.4503	39.4459	39.4533	39.468	39.4465	39.4379	39.4333	39.4572	39.4399	39.4523	39.4375	39.4501	39.4279	39.4374	39.4356	39.439	39.4318	39.4405	39.4393	39.4268	39.4157	39.3975	39.4253	39.4087	39.3886	39.3909	39.3875	39.3889	39.3962	39.3797	39.3752	39.3683	39.3618	39.3567	39.3315	39.347	39.3845	39.6288
Sor-CPnd_026-Ex1-3H-lcwgs-1-3.clmp.r1r2_fastp	39.81	39.6734	39.7037	39.68	39.6765	39.4497	39.6007	39.172	39.1723	39.3085	39.5318	39.5136	39.4908	39.5591	39.5441	39.6905	39.6547	39.6939	39.6585	39.638	39.7036	39.6874	39.6718	39.6196	39.6752	39.5897	39.6312	39.615	39.6062	39.5735	39.597	39.5741	39.5883	39.6174	39.6013	39.6086	39.5845	39.5961	39.6173	39.6017	39.5894	39.6145	39.6051	39.5787	39.5916	39.594	39.6019	39.5911	39.5913	39.5961	39.5835	39.5943	39.5859	39.593	39.5972	39.5817	39.5699	39.5819	39.5982	39.5794	39.5682	39.5739	39.5785	39.5754	39.5712	39.5701	39.5685	39.5587	39.5527	39.5608	39.5642	39.5562	39.5465	39.5557	39.5439	39.552	39.5463	39.5427	39.5397	39.5355	39.5412	39.5302	39.5431	39.543	39.5316	39.5229	39.5148	39.5209	39.5225	39.5043	39.5144	39.5147	39.5114	39.5149	39.5132	39.5144	39.5018	39.5033	39.5011	39.4971	39.5005	39.4957	39.4787	39.4716	39.47	39.4645	39.4746	39.4735	39.463	39.4663	39.4454	39.4428	39.4504	39.451	39.4596	39.4686	39.4492	39.4407	39.435	39.4568	39.4453	39.4603	39.4385	39.454	39.4313	39.4393	39.4367	39.4401	39.4335	39.4468	39.4357	39.431	39.4206	39.3971	39.425	39.4154	39.3906	39.3951	39.3893	39.3938	39.4023	39.3823	39.3884	39.3729	39.37	39.3632	39.3431	39.3495	39.392	39.6314
Sor-CPnd_027-Ex1-3C-lcwgs-1-3.clmp.r1r2_fastp	39.757	39.5855	39.6831	39.5547	39.6839	38.9086	39.6315	39.0708	39.1116	39.1873	39.5348	39.492	39.4711	39.5494	39.5395	39.6873	39.6461	39.6924	39.6531	39.6291	39.6998	39.6841	39.6664	39.6179	39.6754	39.5912	39.6283	39.6133	39.603	39.5718	39.598	39.5752	39.591	39.6156	39.5975	39.6064	39.5807	39.5943	39.617	39.6001	39.586	39.616	39.6062	39.5804	39.5898	39.593	39.5974	39.5861	39.5874	39.5953	39.5818	39.5938	39.5867	39.5943	39.5964	39.5811	39.5634	39.5795	39.5942	39.5763	39.5651	39.5756	39.5744	39.575	39.569	39.5668	39.5684	39.5533	39.5466	39.5542	39.5594	39.5524	39.5445	39.5526	39.5427	39.5504	39.543	39.5339	39.5314	39.5275	39.5356	39.5209	39.5376	39.5364	39.5281	39.5187	39.5122	39.5162	39.5138	39.4964	39.5084	39.5086	39.5072	39.5086	39.5066	39.5094	39.4975	39.4975	39.4947	39.4912	39.4937	39.4879	39.4765	39.4661	39.4635	39.4601	39.4694	39.4685	39.4538	39.4646	39.4382	39.4345	39.4478	39.4442	39.4553	39.4633	39.4461	39.4368	39.4319	39.4541	39.4423	39.4518	39.4346	39.4473	39.4242	39.4366	39.4378	39.4362	39.4266	39.4439	39.4326	39.4233	39.4182	39.3919	39.4187	39.4052	39.3859	39.3922	39.3855	39.3932	39.4042	39.378	39.3846	39.3719	39.3706	39.3617	39.334	39.3504	39.3902	39.6272
Sor-CPnd_028-Ex1-3A-lcwgs-1-3.clmp.r1r2_fastp	39.7633	39.6728	39.6319	39.6122	39.6988	39.2636	39.6356	38.8298	39.0762	39.2653	39.5228	39.5041	39.4442	39.5633	39.5222	39.6858	39.6365	39.6827	39.6368	39.6217	39.7001	39.6706	39.6682	39.5883	39.6847	39.5638	39.6293	39.6205	39.6121	39.5726	39.5871	39.5837	39.5853	39.6232	39.6083	39.6115	39.5697	39.5838	39.6176	39.61	39.587	39.6159	39.6023	39.5774	39.5927	39.5971	39.6051	39.5939	39.5934	39.6013	39.5846	39.5964	39.5896	39.5952	39.6017	39.5865	39.5755	39.5875	39.6025	39.5855	39.5692	39.5775	39.5789	39.5813	39.5775	39.5761	39.5742	39.5634	39.5577	39.565	39.5697	39.5602	39.5498	39.5594	39.5521	39.5571	39.5504	39.5473	39.5428	39.5382	39.5453	39.5317	39.5472	39.5454	39.5372	39.5281	39.5236	39.5278	39.5238	39.5093	39.5188	39.521	39.5174	39.5168	39.5162	39.5173	39.5078	39.5096	39.5072	39.5038	39.5044	39.4999	39.4824	39.4772	39.4739	39.4713	39.4808	39.4754	39.4669	39.472	39.4503	39.4492	39.4567	39.4552	39.466	39.4725	39.4541	39.4469	39.439	39.4659	39.4502	39.4659	39.4463	39.4621	39.4326	39.4457	39.4427	39.4483	39.4414	39.4534	39.4406	39.4374	39.4287	39.3999	39.4329	39.4176	39.3976	39.3962	39.397	39.4015	39.412	39.3881	39.3927	39.3781	39.3758	39.3726	39.3443	39.3571	39.399	39.6363
Sor-CPnd_029-Ex1-8E-lcwgs-1-3.clmp.r1r2_fastp	39.751	39.5994	39.6752	39.627	39.5575	39.2424	39.4733	38.9273	39.1117	39.3015	39.5454	39.5145	39.4454	39.5846	39.5285	39.6941	39.6407	39.7036	39.6647	39.6474	39.7022	39.6809	39.6829	39.6056	39.6947	39.5673	39.6344	39.6253	39.6178	39.5824	39.5848	39.5945	39.5869	39.6255	39.615	39.6216	39.5792	39.5885	39.6193	39.616	39.5873	39.6222	39.6028	39.5823	39.597	39.5993	39.6076	39.5956	39.5962	39.6013	39.5871	39.5972	39.5906	39.5956	39.6012	39.5889	39.5743	39.5861	39.6027	39.5856	39.5723	39.5792	39.581	39.5793	39.5723	39.5739	39.5736	39.5625	39.5563	39.5626	39.5661	39.5571	39.5487	39.5553	39.5472	39.5542	39.5487	39.5443	39.5428	39.5358	39.5408	39.5289	39.5453	39.5421	39.5315	39.5238	39.5183	39.5233	39.52	39.5045	39.5169	39.5153	39.512	39.5129	39.5106	39.5138	39.5022	39.5026	39.5014	39.4969	39.5003	39.4958	39.4783	39.4706	39.47	39.4644	39.475	39.4714	39.4593	39.4661	39.4459	39.4436	39.4524	39.4488	39.4577	39.4671	39.4482	39.4398	39.4344	39.4595	39.4442	39.4564	39.4379	39.4542	39.4292	39.4377	39.4367	39.4382	39.4324	39.4457	39.4372	39.4306	39.4205	39.395	39.422	39.4104	39.3896	39.3916	39.3875	39.3925	39.3994	39.3781	39.3835	39.3681	39.3641	39.3612	39.3323	39.3456	39.3901	39.6324
Sor-CPnd_030-Ex1-2H-lcwgs-1-3.clmp.r1r2_fastp	39.8138	39.6823	39.7148	39.7038	39.7024	39.4597	39.6258	39.2462	39.253	39.3725	39.5706	39.551	39.5303	39.5954	39.5798	39.7061	39.6762	39.7104	39.6782	39.662	39.7169	39.6988	39.6885	39.6415	39.6882	39.6053	39.6398	39.6235	39.6158	39.5852	39.6056	39.5856	39.5936	39.6197	39.6046	39.6108	39.5895	39.5959	39.6122	39.6027	39.5921	39.611	39.5985	39.5744	39.5823	39.5847	39.5891	39.5766	39.5759	39.5841	39.5715	39.5774	39.5698	39.575	39.581	39.5605	39.5492	39.5605	39.5755	39.559	39.5456	39.5518	39.553	39.5463	39.5384	39.542	39.5446	39.5272	39.5207	39.5268	39.5339	39.5241	39.5091	39.5194	39.5091	39.5136	39.5083	39.5	39.5006	39.4921	39.4993	39.4872	39.5002	39.498	39.4874	39.4783	39.4694	39.4735	39.4772	39.4536	39.4648	39.4671	39.4577	39.4627	39.4579	39.4623	39.4498	39.4527	39.4453	39.4381	39.4429	39.4391	39.4255	39.414	39.4115	39.4041	39.4167	39.4158	39.4006	39.4107	39.3853	39.3854	39.3909	39.3897	39.398	39.4049	39.3876	39.3775	39.3708	39.3979	39.3833	39.3907	39.3705	39.3821	39.3638	39.3679	39.367	39.3733	39.3641	39.3842	39.3659	39.3619	39.3555	39.3279	39.3478	39.3412	39.3188	39.326	39.3133	39.3145	39.3225	39.3036	39.3096	39.2879	39.2877	39.2852	39.258	39.2719	39.3099	39.5915
Sor-CPnd_031-Ex1-5D-lcwgs-1-3.clmp.r1r2_fastp	39.7025	39.7104	39.7354	39.6607	39.7277	39.3911	39.381	39.1347	39.22	39.3801	39.5768	39.5512	39.5315	39.5979	39.5813	39.7162	39.6784	39.7172	39.6832	39.6716	39.7293	39.7146	39.7032	39.6531	39.7095	39.6237	39.6629	39.6483	39.6415	39.6041	39.6285	39.6114	39.6249	39.6514	39.6348	39.6413	39.6159	39.6261	39.6439	39.631	39.6168	39.6426	39.633	39.6095	39.6222	39.622	39.6288	39.6173	39.6185	39.6236	39.6091	39.6188	39.6144	39.6183	39.6225	39.6094	39.5958	39.6064	39.6223	39.6028	39.5913	39.5987	39.5995	39.6001	39.5941	39.5945	39.595	39.5849	39.5743	39.5824	39.5871	39.5761	39.5688	39.5775	39.5674	39.5751	39.5679	39.5649	39.5616	39.5575	39.5601	39.5479	39.5635	39.5621	39.5515	39.544	39.5393	39.5431	39.5408	39.5266	39.535	39.5355	39.5309	39.533	39.5301	39.534	39.5226	39.5225	39.5193	39.5163	39.5187	39.5134	39.4974	39.4922	39.4892	39.4838	39.4958	39.4932	39.4813	39.4869	39.4659	39.4642	39.4715	39.4718	39.4753	39.4866	39.4689	39.4622	39.4571	39.4808	39.4642	39.4767	39.4598	39.4708	39.4508	39.46	39.4582	39.4593	39.4542	39.4655	39.4543	39.4496	39.4437	39.4173	39.4439	39.4308	39.413	39.4125	39.4107	39.4141	39.4221	39.4008	39.4068	39.3904	39.3873	39.3844	39.3575	39.3718	39.4112	39.6414
Sor-CPnd_033-Ex1-2F-lcwgs-1-3.clmp.r1r2_fastp	39.6693	39.6061	39.7068	39.6827	39.6508	39.3687	39.5695	39.3853	39.2892	39.3816	39.5869	39.5378	39.5241	39.6039	39.5847	39.7149	39.6757	39.725	39.7019	39.6823	39.7231	39.7094	39.6965	39.6641	39.7016	39.6191	39.6497	39.6368	39.6281	39.5992	39.6205	39.6043	39.6121	39.6342	39.6188	39.63	39.6109	39.613	39.6252	39.6162	39.604	39.6275	39.6157	39.5918	39.6022	39.6022	39.6076	39.5948	39.5951	39.6014	39.5841	39.5967	39.5923	39.5922	39.5988	39.5812	39.5697	39.5794	39.5911	39.5753	39.566	39.569	39.5709	39.5673	39.5604	39.5654	39.5591	39.5482	39.5449	39.5503	39.548	39.5412	39.5307	39.5405	39.5287	39.5352	39.5281	39.5236	39.519	39.5141	39.5202	39.5019	39.5202	39.5189	39.5059	39.4963	39.4921	39.4976	39.4981	39.4753	39.4882	39.4867	39.4804	39.4829	39.4763	39.4793	39.4704	39.473	39.4636	39.459	39.4653	39.4586	39.4432	39.428	39.4328	39.4242	39.4286	39.4302	39.4167	39.4251	39.3992	39.4022	39.4082	39.4016	39.4088	39.4159	39.3996	39.3895	39.3848	39.4101	39.3936	39.4033	39.3852	39.3987	39.3737	39.3837	39.3817	39.3875	39.3735	39.3924	39.3758	39.3709	39.3615	39.3387	39.36	39.3462	39.3324	39.3329	39.3286	39.3258	39.3385	39.3109	39.3152	39.3058	39.3003	39.3015	39.2678	39.2796	39.3252	39.5974
Sor-CPnd_034-Ex1-4G-lcwgs-1-3.clmp.r1r2_fastp	39.8292	39.7275	39.7636	39.6897	39.645	39.3668	39.6024	39.3528	39.2402	39.3787	39.5589	39.5577	39.5588	39.5983	39.5983	39.7164	39.6944	39.7168	39.683	39.6653	39.7234	39.7119	39.7	39.6553	39.6944	39.6343	39.6517	39.6373	39.6217	39.5929	39.6309	39.5978	39.6197	39.6386	39.6248	39.6301	39.6131	39.6248	39.6417	39.6155	39.6151	39.6321	39.6313	39.6001	39.6129	39.6171	39.6184	39.6065	39.6087	39.6117	39.6029	39.6095	39.6021	39.6104	39.6136	39.5988	39.5808	39.5947	39.6112	39.5939	39.589	39.5875	39.5921	39.5882	39.5821	39.5812	39.5802	39.5707	39.5682	39.5712	39.572	39.5654	39.5525	39.565	39.5543	39.5602	39.5558	39.5493	39.5504	39.5421	39.5456	39.5364	39.5504	39.548	39.5442	39.5272	39.5261	39.527	39.5299	39.5111	39.5174	39.5198	39.522	39.5197	39.5204	39.5209	39.5069	39.5067	39.5054	39.5001	39.501	39.4984	39.4829	39.4749	39.4756	39.4727	39.477	39.4724	39.4645	39.4686	39.4459	39.4506	39.4629	39.4536	39.4591	39.4715	39.4516	39.4429	39.4364	39.4634	39.4517	39.4611	39.44	39.4551	39.4299	39.4355	39.4424	39.4417	39.4334	39.4481	39.4378	39.439	39.4248	39.4053	39.4252	39.4113	39.3946	39.3904	39.3926	39.4028	39.3993	39.3857	39.3956	39.3739	39.3728	39.3755	39.3444	39.3619	39.3916	39.6321
Sor-CPnd_036-Ex1-5C-lcwgs-1-3.clmp.r1r2_fastp	39.763	39.6277	39.7099	39.6098	39.7258	39.0642	39.675	39.1934	39.2396	39.326	39.5958	39.5588	39.5457	39.6132	39.5983	39.7208	39.6864	39.7247	39.6922	39.6744	39.7287	39.7134	39.6994	39.6537	39.7009	39.6234	39.6564	39.6403	39.6315	39.6046	39.6263	39.6098	39.6187	39.6408	39.6236	39.6296	39.6073	39.6143	39.6336	39.6228	39.6134	39.6349	39.6255	39.6016	39.6093	39.61	39.6149	39.6018	39.604	39.6077	39.5977	39.608	39.6008	39.6062	39.6108	39.5933	39.5778	39.5886	39.6029	39.5857	39.5771	39.5832	39.5866	39.5829	39.5757	39.5773	39.5749	39.5614	39.555	39.5609	39.5652	39.5574	39.5501	39.5595	39.5484	39.5555	39.5459	39.5412	39.537	39.5287	39.5374	39.526	39.542	39.5408	39.5334	39.5212	39.5147	39.5182	39.516	39.4986	39.5067	39.5105	39.505	39.5102	39.5074	39.5104	39.4975	39.4969	39.4924	39.4883	39.4896	39.4867	39.4731	39.4643	39.4625	39.459	39.4686	39.4654	39.4512	39.4563	39.4359	39.4344	39.441	39.4393	39.4488	39.4593	39.4409	39.4309	39.425	39.4511	39.4349	39.4469	39.4302	39.4396	39.419	39.4268	39.4279	39.4289	39.4225	39.436	39.4225	39.4189	39.412	39.3803	39.4098	39.4005	39.3788	39.3776	39.3775	39.3807	39.3889	39.3683	39.3768	39.3542	39.353	39.3494	39.3237	39.3332	39.3755	39.6255
Sor-CPnd_037-Ex1-6C-lcwgs-1-3.clmp.r1r2_fastp	39.7574	39.628	39.709	39.6049	39.7247	39.0693	39.6693	39.2103	39.2545	39.3325	39.5933	39.5587	39.5505	39.6171	39.6043	39.7228	39.6892	39.7235	39.6938	39.6778	39.729	39.7148	39.701	39.6609	39.703	39.6243	39.6564	39.6408	39.6351	39.6062	39.6299	39.6127	39.6214	39.6411	39.6267	39.6327	39.6101	39.6187	39.6373	39.6278	39.6174	39.636	39.627	39.6042	39.6141	39.6133	39.6178	39.6046	39.6077	39.6115	39.6015	39.6074	39.6024	39.6096	39.611	39.5961	39.5802	39.5902	39.602	39.5875	39.574	39.5849	39.5856	39.5843	39.5768	39.5801	39.5745	39.5621	39.5541	39.5636	39.5683	39.5593	39.5526	39.5595	39.5498	39.5551	39.5502	39.544	39.5372	39.5329	39.5377	39.5247	39.5439	39.5412	39.5317	39.524	39.5177	39.5188	39.5171	39.5014	39.5137	39.5104	39.5089	39.5138	39.5108	39.5129	39.5017	39.5019	39.496	39.4943	39.4949	39.4924	39.4733	39.4664	39.464	39.4598	39.4731	39.4708	39.4582	39.4606	39.4411	39.437	39.4488	39.4462	39.457	39.4633	39.4451	39.4373	39.4287	39.4548	39.437	39.4473	39.4313	39.4461	39.425	39.4355	39.4294	39.4333	39.4261	39.4409	39.4284	39.4197	39.4127	39.3853	39.4177	39.408	39.3836	39.3901	39.3851	39.3869	39.3965	39.3755	39.3763	39.3625	39.359	39.3572	39.3285	39.3403	39.3834	39.6278
Sor-CPnd_038-Ex1-2A-lcwgs-1-3.clmp.r1r2_fastp	39.7721	39.6875	39.651	39.6292	39.7168	39.2878	39.6482	38.908	39.1396	39.3195	39.5516	39.5337	39.4837	39.5909	39.5513	39.7057	39.654	39.7004	39.6611	39.6466	39.7157	39.6895	39.6861	39.6153	39.7009	39.5887	39.6499	39.6378	39.63	39.5903	39.6057	39.6013	39.6048	39.6399	39.6214	39.6283	39.5873	39.6014	39.63	39.623	39.6027	39.6305	39.6152	39.5914	39.605	39.609	39.6146	39.6028	39.603	39.6089	39.5943	39.6047	39.5983	39.6026	39.6098	39.5944	39.5807	39.5943	39.6069	39.5905	39.5714	39.5853	39.5817	39.5847	39.5797	39.5812	39.5794	39.5686	39.5581	39.5691	39.572	39.5621	39.5514	39.5632	39.5521	39.5582	39.5519	39.5468	39.5411	39.5392	39.5456	39.5313	39.5478	39.546	39.5356	39.5264	39.521	39.5264	39.5231	39.5079	39.5167	39.5187	39.5111	39.5162	39.512	39.5145	39.5054	39.5053	39.502	39.4978	39.5006	39.4947	39.475	39.4728	39.4709	39.463	39.4728	39.4706	39.4571	39.467	39.4421	39.4425	39.448	39.4456	39.4515	39.4633	39.4435	39.4338	39.429	39.4547	39.435	39.4511	39.4315	39.4452	39.4211	39.43	39.4292	39.4306	39.4228	39.4349	39.4243	39.4145	39.4097	39.3794	39.4123	39.3988	39.3779	39.3817	39.3768	39.3786	39.3853	39.3679	39.3698	39.3555	39.3531	39.3494	39.3223	39.3322	39.374	39.6259
Sor-CPnd_041-Ex1-7A-lcwgs-1-3.clmp.r1r2_fastp	39.7682	39.6766	39.6374	39.6192	39.7085	39.3028	39.6485	38.8797	39.1174	39.3046	39.5326	39.5249	39.4716	39.5806	39.5402	39.6976	39.6533	39.6929	39.6465	39.6334	39.71	39.6825	39.6849	39.6024	39.6971	39.5904	39.6447	39.6349	39.6282	39.5909	39.6083	39.6028	39.6081	39.6432	39.6321	39.6321	39.5968	39.6035	39.6389	39.6315	39.6135	39.6395	39.6265	39.6013	39.6173	39.6233	39.6309	39.6187	39.6209	39.6289	39.6152	39.6249	39.6177	39.6232	39.6326	39.618	39.6061	39.6179	39.6329	39.6161	39.6102	39.6109	39.6177	39.6143	39.6094	39.6111	39.6107	39.6019	39.5963	39.6033	39.6058	39.5971	39.5892	39.5976	39.5889	39.5969	39.5913	39.5859	39.5875	39.5792	39.5859	39.5739	39.5893	39.5893	39.5813	39.5725	39.5656	39.5712	39.5746	39.5557	39.5665	39.5651	39.564	39.5659	39.5634	39.5644	39.5569	39.558	39.5546	39.5518	39.5539	39.5516	39.538	39.5268	39.5281	39.5236	39.5318	39.5294	39.5178	39.5281	39.5068	39.5058	39.515	39.5108	39.5203	39.5276	39.5124	39.503	39.4989	39.5251	39.5129	39.5208	39.5024	39.5175	39.4953	39.5055	39.5033	39.5064	39.4985	39.513	39.502	39.4964	39.4931	39.473	39.4931	39.4814	39.468	39.4683	39.4609	39.4679	39.478	39.4572	39.4656	39.4548	39.4521	39.4503	39.4262	39.4355	39.4708	39.6698
Sor-CPnd_043-Ex1-1D-lcwgs-1-3.clmp.r1r2_fastp	39.6774	39.6817	39.7141	39.637	39.6999	39.3583	39.3037	39.0411	39.1178	39.2987	39.5225	39.4922	39.4703	39.5381	39.5254	39.6893	39.6481	39.6907	39.648	39.6367	39.7064	39.693	39.6808	39.6227	39.6855	39.6022	39.6431	39.6287	39.6194	39.5731	39.6063	39.5797	39.6034	39.6333	39.6142	39.6253	39.5977	39.6107	39.6312	39.6092	39.5955	39.6262	39.6197	39.5937	39.6048	39.6072	39.6145	39.5993	39.6013	39.6052	39.5919	39.6042	39.599	39.6041	39.6104	39.5954	39.5813	39.5947	39.6082	39.591	39.5785	39.5839	39.5868	39.5853	39.5804	39.5817	39.579	39.5685	39.5625	39.5704	39.5723	39.5643	39.5552	39.5627	39.5511	39.5614	39.5553	39.5502	39.5486	39.5427	39.5484	39.5337	39.5524	39.5512	39.5412	39.5291	39.5257	39.5298	39.5301	39.5118	39.5236	39.5214	39.5209	39.5222	39.5171	39.5199	39.5092	39.5072	39.507	39.5027	39.5074	39.5014	39.4858	39.4777	39.4746	39.4704	39.4811	39.4786	39.4675	39.4698	39.4505	39.4491	39.4552	39.4551	39.4646	39.4743	39.4564	39.4454	39.4416	39.4679	39.4506	39.4656	39.4446	39.4576	39.4341	39.4454	39.4443	39.4478	39.4415	39.4502	39.4401	39.436	39.4288	39.403	39.4339	39.417	39.3961	39.3979	39.3932	39.3975	39.4116	39.3884	39.3955	39.3791	39.3759	39.3735	39.3458	39.3551	39.3983	39.635
Sor-CPnd_044-Ex1-8G-lcwgs-1-3.clmp.r1r2_fastp	39.8229	39.7144	39.7532	39.6758	39.6274	39.3506	39.5862	39.3417	39.2173	39.3581	39.5409	39.5375	39.538	39.5825	39.5807	39.7034	39.6773	39.7038	39.6698	39.6532	39.7119	39.7017	39.6847	39.6465	39.6826	39.6191	39.6402	39.6245	39.6071	39.578	39.6176	39.5791	39.606	39.6255	39.6101	39.613	39.5982	39.6125	39.6268	39.5999	39.5952	39.6179	39.6159	39.5884	39.5988	39.5989	39.6041	39.5901	39.593	39.5968	39.5834	39.5926	39.5872	39.598	39.5995	39.5826	39.5667	39.5796	39.5932	39.5753	39.5696	39.5715	39.576	39.5739	39.5669	39.5653	39.5656	39.5541	39.5494	39.5522	39.5584	39.5481	39.5407	39.55	39.5381	39.5476	39.5412	39.5349	39.5325	39.5274	39.534	39.5205	39.5375	39.5345	39.5247	39.5143	39.5089	39.5135	39.5151	39.4958	39.507	39.5067	39.5035	39.5067	39.5025	39.5067	39.4925	39.4938	39.4914	39.4861	39.4913	39.485	39.4698	39.4609	39.4611	39.4556	39.4662	39.4635	39.4493	39.458	39.436	39.4314	39.4402	39.4381	39.4492	39.4601	39.4406	39.4286	39.4258	39.4501	39.4367	39.4478	39.4279	39.441	39.4223	39.4308	39.4274	39.4295	39.4228	39.4368	39.426	39.4194	39.4115	39.3858	39.4138	39.4015	39.3845	39.3844	39.3793	39.3834	39.3904	39.3656	39.3751	39.3567	39.3556	39.3542	39.3262	39.3389	39.3777	39.6232
Sor-CPnd_045-Ex1-7B-lcwgs-1-3.clmp.r1r2_fastp	39.7889	39.6712	39.7539	39.6922	39.5543	39.437	39.2842	39.1783	39.1282	39.2992	39.5061	39.4801	39.4378	39.5151	39.4963	39.6765	39.6386	39.6637	39.6135	39.6036	39.7025	39.6868	39.6741	39.5971	39.6786	39.5998	39.6386	39.6257	39.6221	39.5621	39.5945	39.5575	39.5893	39.6276	39.6095	39.6082	39.5809	39.6001	39.6288	39.5968	39.584	39.6198	39.613	39.583	39.5993	39.6014	39.6092	39.5955	39.5958	39.6024	39.5885	39.5978	39.5912	39.601	39.605	39.5915	39.5752	39.5863	39.6029	39.5848	39.5683	39.5808	39.5787	39.5808	39.5758	39.5762	39.5745	39.5633	39.553	39.5648	39.5686	39.56	39.5507	39.5604	39.5492	39.5562	39.5494	39.5445	39.5427	39.5355	39.5449	39.5312	39.5492	39.5468	39.5376	39.5271	39.5197	39.526	39.5209	39.5073	39.5192	39.5185	39.5154	39.5206	39.5155	39.5182	39.5046	39.5049	39.5045	39.4974	39.5035	39.4983	39.4792	39.4751	39.4729	39.4678	39.4761	39.4739	39.4639	39.4687	39.4477	39.4455	39.4532	39.4526	39.4625	39.4707	39.4545	39.4442	39.4393	39.4652	39.4452	39.4622	39.4419	39.4555	39.4357	39.4452	39.442	39.4445	39.4375	39.4504	39.4379	39.4326	39.4273	39.3928	39.4272	39.4146	39.3933	39.3954	39.3927	39.397	39.4039	39.3861	39.3924	39.3754	39.371	39.3666	39.3406	39.3519	39.3909	39.6303
Sor-CPnd_046-Ex1-5A-lcwgs-1-3.clmp.r1r2_fastp	39.7681	39.6956	39.6681	39.6457	39.7361	39.328	39.6662	38.9839	39.2076	39.3803	39.5796	39.5681	39.5225	39.6224	39.5869	39.7232	39.6828	39.7175	39.6818	39.6659	39.73	39.7028	39.7054	39.6314	39.7158	39.6092	39.6628	39.6524	39.6443	39.6095	39.6278	39.6223	39.6238	39.6541	39.6393	39.6455	39.6086	39.6149	39.6482	39.641	39.6236	39.6466	39.6292	39.6101	39.626	39.6277	39.6375	39.6229	39.6244	39.6328	39.6175	39.6217	39.618	39.6241	39.6285	39.6168	39.6035	39.616	39.6298	39.6132	39.6008	39.609	39.6077	39.6078	39.6017	39.6045	39.605	39.5936	39.5857	39.5931	39.5939	39.5887	39.5766	39.588	39.5769	39.5862	39.5779	39.5754	39.572	39.5656	39.5715	39.5607	39.5771	39.5761	39.5661	39.5542	39.5478	39.5547	39.5595	39.5404	39.55	39.5485	39.5459	39.5455	39.5423	39.5463	39.5338	39.5368	39.536	39.5321	39.5292	39.528	39.5092	39.503	39.502	39.4966	39.5091	39.5081	39.4935	39.501	39.4769	39.4771	39.4804	39.4796	39.4884	39.4975	39.4796	39.4715	39.4663	39.4891	39.4739	39.4883	39.4718	39.4837	39.4617	39.4736	39.4668	39.4718	39.4652	39.4772	39.4666	39.4639	39.455	39.4305	39.454	39.4462	39.4271	39.4295	39.4229	39.4224	39.4377	39.4156	39.4173	39.4047	39.3986	39.3998	39.3746	39.384	39.4271	39.6505
Sor-CPnd_049-Ex1-3B-lcwgs-1-3.clmp.r1r2_fastp	39.8045	39.6748	39.7523	39.6964	39.5598	39.4496	39.3448	39.2194	39.1778	39.3306	39.5177	39.4991	39.4504	39.5341	39.5138	39.6766	39.6443	39.6656	39.6181	39.6087	39.7036	39.683	39.6745	39.6003	39.6758	39.5941	39.6309	39.6201	39.6173	39.5621	39.5899	39.5615	39.5817	39.6232	39.6083	39.6051	39.582	39.5969	39.6283	39.5972	39.5861	39.6142	39.6101	39.5807	39.6003	39.5979	39.6066	39.593	39.5961	39.6025	39.589	39.5975	39.5904	39.5999	39.6034	39.5902	39.5752	39.5851	39.6016	39.5861	39.5777	39.579	39.587	39.5824	39.5803	39.5794	39.5745	39.5679	39.5619	39.569	39.5691	39.5622	39.5515	39.561	39.5456	39.5551	39.5536	39.5459	39.5442	39.5362	39.5429	39.5332	39.5513	39.5477	39.5373	39.523	39.5248	39.5271	39.5252	39.5102	39.5199	39.5151	39.5185	39.5184	39.5104	39.5176	39.507	39.5095	39.5055	39.5003	39.5018	39.4979	39.484	39.4733	39.4711	39.4721	39.4758	39.4773	39.4636	39.4711	39.4496	39.4454	39.4582	39.453	39.4676	39.4728	39.4539	39.4424	39.4409	39.4691	39.4503	39.4602	39.4411	39.4528	39.4373	39.4424	39.4407	39.4396	39.4382	39.4488	39.4397	39.4342	39.425	39.4038	39.4278	39.4142	39.3967	39.3912	39.3879	39.3941	39.4022	39.3829	39.3887	39.3718	39.3722	39.374	39.3404	39.3533	39.3892	39.6332
Sor-CPnd_050-Ex1-3F-lcwgs-1-3.clmp.r1r2_fastp	39.6515	39.5826	39.6963	39.6663	39.6296	39.3512	39.5415	39.3502	39.2329	39.3281	39.5533	39.5066	39.493	39.5763	39.5563	39.7002	39.661	39.7108	39.6822	39.6609	39.7084	39.6955	39.6843	39.6414	39.6895	39.6043	39.6393	39.6234	39.6166	39.5843	39.6082	39.5943	39.6039	39.6309	39.6139	39.6235	39.6035	39.61	39.6267	39.6148	39.5987	39.6274	39.6176	39.5943	39.6054	39.6061	39.6145	39.6027	39.6016	39.6065	39.5909	39.6039	39.6006	39.6033	39.6104	39.5949	39.5827	39.5937	39.6086	39.5926	39.581	39.5834	39.5884	39.5858	39.5797	39.5802	39.5791	39.5694	39.5637	39.5702	39.5738	39.564	39.5563	39.5654	39.5557	39.5611	39.5574	39.5524	39.5507	39.5442	39.5507	39.5363	39.5509	39.5496	39.544	39.5319	39.5259	39.5325	39.5317	39.5152	39.5254	39.5245	39.521	39.5237	39.5199	39.5221	39.5123	39.5103	39.5111	39.5065	39.5099	39.5037	39.4883	39.4818	39.4763	39.4725	39.4842	39.4817	39.4698	39.4741	39.4536	39.4549	39.4606	39.4596	39.4685	39.4739	39.4578	39.4462	39.445	39.4698	39.4559	39.4681	39.4456	39.4626	39.4411	39.4457	39.4458	39.448	39.443	39.4546	39.4428	39.4366	39.4299	39.4051	39.4335	39.4205	39.4013	39.4036	39.4023	39.4046	39.4169	39.3924	39.3979	39.3813	39.3775	39.3766	39.3499	39.3597	39.4038	39.6361
Sor-CPnd_052-Ex1-6D-lcwgs-1-3.clmp.r1r2_fastp	39.707	39.7167	39.7348	39.6547	39.7329	39.4058	39.4196	39.2173	39.2802	39.4233	39.5918	39.5679	39.5461	39.6125	39.5951	39.715	39.685	39.7214	39.6896	39.679	39.73	39.7154	39.7072	39.6621	39.7064	39.6253	39.6602	39.644	39.6371	39.6011	39.6225	39.6118	39.619	39.6448	39.6311	39.6394	39.6159	39.6233	39.6389	39.6249	39.6104	39.6372	39.6283	39.6055	39.615	39.6152	39.6231	39.6096	39.6112	39.613	39.6007	39.6127	39.6046	39.6119	39.6151	39.6009	39.5867	39.5952	39.6103	39.5919	39.5856	39.5907	39.5916	39.5871	39.5828	39.5834	39.5814	39.5709	39.5637	39.5681	39.5739	39.5684	39.5559	39.5666	39.5551	39.5609	39.5548	39.5501	39.5474	39.546	39.5492	39.5335	39.5504	39.5484	39.5361	39.5296	39.5241	39.5294	39.5292	39.5098	39.5224	39.5213	39.518	39.5182	39.5191	39.5204	39.5076	39.5076	39.5051	39.5012	39.5031	39.4984	39.4862	39.4721	39.4703	39.4699	39.4764	39.479	39.466	39.4706	39.4512	39.4504	39.4522	39.4526	39.4621	39.4686	39.45	39.4418	39.4358	39.4613	39.4475	39.4571	39.4394	39.4555	39.4304	39.4418	39.4381	39.439	39.4315	39.4424	39.4356	39.4261	39.4222	39.4004	39.4226	39.4099	39.393	39.3966	39.3932	39.3912	39.3978	39.3805	39.3831	39.373	39.3681	39.3634	39.3386	39.3485	39.3913	39.6326
Sor-CPnd_053-Ex1-2C-lcwgs-1-3.clmp.r1r2_fastp	39.7582	39.611	39.6978	39.5836	39.7087	38.9913	39.652	39.1562	39.1973	39.2685	39.5686	39.5288	39.5131	39.5849	39.5726	39.7037	39.6658	39.7089	39.6753	39.6558	39.7111	39.6978	39.6833	39.6411	39.6865	39.6046	39.6403	39.6279	39.6166	39.5874	39.6093	39.5886	39.598	39.6238	39.6048	39.6138	39.5869	39.5964	39.6169	39.6031	39.5905	39.6162	39.6053	39.5817	39.5913	39.5916	39.5946	39.5831	39.5807	39.5882	39.5741	39.585	39.5782	39.5858	39.5838	39.5719	39.556	39.5648	39.5806	39.5602	39.5515	39.5589	39.5588	39.5615	39.5542	39.5545	39.5497	39.5364	39.5272	39.5372	39.5403	39.5342	39.5228	39.5303	39.5237	39.5282	39.5203	39.5126	39.5125	39.5074	39.5105	39.5009	39.5149	39.5157	39.5029	39.495	39.4858	39.4918	39.4859	39.4709	39.4813	39.4842	39.4768	39.4808	39.4815	39.4798	39.4709	39.4686	39.4609	39.4634	39.4586	39.4575	39.44	39.4323	39.4354	39.425	39.4354	39.434	39.4193	39.4277	39.4052	39.3988	39.4089	39.4056	39.4153	39.4242	39.406	39.3966	39.3928	39.4202	39.398	39.4186	39.3912	39.4043	39.3836	39.3911	39.3883	39.3913	39.3833	39.3992	39.3855	39.3789	39.3711	39.3425	39.3703	39.3577	39.3387	39.3437	39.3338	39.3375	39.3435	39.321	39.3282	39.3147	39.3095	39.3076	39.2767	39.2874	39.3289	39.6059
Sor-CPnd_054-Ex1-8F-lcwgs-1-3.clmp.r1r2_fastp	39.6548	39.588	39.6999	39.6692	39.6415	39.3742	39.5539	39.3656	39.2585	39.3595	39.5666	39.5282	39.5115	39.5952	39.5728	39.7115	39.674	39.7209	39.6921	39.67	39.7185	39.7035	39.6914	39.6528	39.6963	39.6182	39.6496	39.633	39.6278	39.5949	39.6211	39.6087	39.6149	39.6401	39.6261	39.6369	39.6169	39.6205	39.6391	39.6278	39.6138	39.6384	39.6281	39.6022	39.616	39.62	39.6238	39.6141	39.6136	39.6196	39.6063	39.6159	39.6092	39.6149	39.6215	39.6013	39.5925	39.5993	39.6145	39.599	39.5903	39.595	39.5966	39.5943	39.5876	39.5881	39.5861	39.5821	39.5733	39.5805	39.583	39.5788	39.5653	39.5734	39.5636	39.5724	39.5696	39.5589	39.5598	39.5513	39.5565	39.5454	39.5578	39.5571	39.5465	39.5384	39.532	39.5424	39.5379	39.517	39.5314	39.5272	39.5275	39.5248	39.5287	39.5287	39.515	39.5131	39.5123	39.5106	39.5128	39.5059	39.4944	39.486	39.4773	39.4787	39.485	39.4833	39.4698	39.4828	39.4611	39.4522	39.4597	39.4617	39.4678	39.473	39.4593	39.4548	39.4419	39.4729	39.4522	39.469	39.4499	39.4705	39.4452	39.4526	39.4564	39.4568	39.4427	39.4642	39.4485	39.4386	39.4372	39.416	39.441	39.4253	39.4068	39.4036	39.4054	39.4139	39.4083	39.3944	39.3986	39.3855	39.3898	39.3779	39.3528	39.3672	39.4034	39.6334
Sor-CPnd_055-Ex1-7G-lcwgs-1-3.clmp.r1r2_fastp	39.826	39.7156	39.7547	39.6776	39.6294	39.3476	39.5807	39.3483	39.2115	39.352	39.5335	39.5303	39.5313	39.5745	39.5724	39.6974	39.674	39.7004	39.6641	39.6498	39.7076	39.6985	39.6832	39.6428	39.6775	39.6171	39.6356	39.6223	39.6018	39.5736	39.6118	39.5716	39.596	39.6194	39.6027	39.6066	39.5908	39.6032	39.6156	39.5924	39.5885	39.6093	39.605	39.5755	39.5889	39.5865	39.5923	39.5803	39.5823	39.5851	39.571	39.5805	39.5746	39.5855	39.5877	39.5683	39.5541	39.5674	39.5813	39.5632	39.5531	39.5589	39.5629	39.559	39.5527	39.5542	39.5498	39.5377	39.5323	39.5397	39.542	39.5328	39.5224	39.5333	39.5225	39.529	39.5231	39.5185	39.5178	39.5078	39.5149	39.5015	39.5197	39.5151	39.5084	39.4956	39.4918	39.4955	39.4946	39.4758	39.4879	39.4868	39.4816	39.4828	39.4822	39.4861	39.4768	39.4742	39.4701	39.4674	39.4685	39.4646	39.4498	39.4376	39.4357	39.4312	39.4413	39.4396	39.4296	39.4344	39.4166	39.4119	39.4195	39.416	39.4289	39.4331	39.4137	39.4064	39.4004	39.4257	39.4134	39.4268	39.4068	39.4193	39.3966	39.4038	39.4025	39.4058	39.398	39.409	39.3969	39.3937	39.3833	39.3597	39.3858	39.3729	39.3562	39.3568	39.3504	39.3542	39.3638	39.3407	39.3455	39.3306	39.3298	39.3227	39.2954	39.3105	39.3491	39.6061
Sor-CPnd_058-Ex1-2G-lcwgs-1-3.clmp.r1r2_fastp	39.8261	39.7333	39.7631	39.6889	39.6448	39.3724	39.606	39.3796	39.2765	39.4026	39.5675	39.5559	39.5591	39.6053	39.6017	39.7118	39.6879	39.7123	39.683	39.6664	39.7167	39.7086	39.6933	39.6586	39.6873	39.623	39.6432	39.6251	39.6054	39.5813	39.6144	39.5795	39.597	39.6177	39.6039	39.6105	39.5967	39.603	39.6141	39.5909	39.5875	39.6056	39.6019	39.5783	39.5847	39.5844	39.588	39.5733	39.574	39.5775	39.5608	39.5704	39.5676	39.5738	39.5781	39.5586	39.5442	39.5499	39.5658	39.5461	39.5415	39.5447	39.5442	39.5401	39.5345	39.5369	39.5329	39.5143	39.5142	39.5191	39.5198	39.5101	39.4993	39.5118	39.4985	39.5076	39.498	39.4921	39.4897	39.4811	39.4855	39.4718	39.4881	39.484	39.476	39.4676	39.4588	39.4604	39.4642	39.4408	39.4514	39.4545	39.445	39.4507	39.4425	39.4492	39.4334	39.4389	39.4291	39.4253	39.4319	39.4215	39.4087	39.3966	39.3993	39.3855	39.3942	39.3932	39.3878	39.39	39.3676	39.3644	39.3762	39.3687	39.3784	39.3824	39.3638	39.3569	39.349	39.375	39.3638	39.371	39.3523	39.3619	39.3418	39.3485	39.3503	39.3535	39.3444	39.3567	39.3486	39.3374	39.3253	39.304	39.3267	39.3152	39.2975	39.2969	39.2983	39.2964	39.3017	39.2817	39.2915	39.2689	39.2615	39.2625	39.2389	39.251	39.2918	39.5782
Sor-CPnd_063-Ex1-7D-lcwgs-1-3.clmp.r1r2_fastp	39.6914	39.698	39.7182	39.6387	39.7084	39.379	39.3429	39.1109	39.1733	39.3315	39.5413	39.5106	39.487	39.5612	39.5403	39.6884	39.6545	39.6935	39.6551	39.6417	39.7071	39.6918	39.6828	39.624	39.686	39.6004	39.6374	39.6222	39.6129	39.5728	39.6014	39.5812	39.5932	39.6235	39.6088	39.6168	39.5903	39.6005	39.618	39.6027	39.587	39.6171	39.6052	39.5815	39.5943	39.5937	39.5997	39.587	39.5888	39.5932	39.5808	39.5891	39.5843	39.5885	39.5958	39.5792	39.5649	39.5768	39.5917	39.5715	39.5661	39.5686	39.5724	39.5671	39.5632	39.5627	39.5631	39.5503	39.544	39.5506	39.5547	39.5471	39.5352	39.5455	39.5356	39.5394	39.5361	39.5306	39.5278	39.5214	39.5265	39.5139	39.53	39.5299	39.5182	39.5074	39.5022	39.5086	39.51	39.4889	39.4992	39.4995	39.4962	39.5017	39.4956	39.4998	39.4883	39.4879	39.4856	39.4814	39.4848	39.4797	39.4609	39.4524	39.4524	39.4455	39.4546	39.4551	39.4419	39.4504	39.4292	39.4255	39.4351	39.4284	39.4447	39.4498	39.4313	39.4192	39.4156	39.4419	39.4271	39.4369	39.4215	39.4365	39.4099	39.4188	39.4178	39.4187	39.4129	39.4278	39.4149	39.4082	39.3996	39.3778	39.4034	39.3944	39.3707	39.3747	39.3686	39.369	39.3805	39.3576	39.3656	39.3485	39.3397	39.3416	39.3159	39.3234	39.3658	39.6185
Sor-CPnd_066-Ex1-8B-lcwgs-1-3.clmp.r1r2_fastp	39.7466	39.633	39.7278	39.6622	39.5297	39.3864	39.1938	39.1549	39.1056	39.2595	39.4753	39.4393	39.3834	39.4602	39.4615	39.6507	39.617	39.6392	39.5761	39.5697	39.6816	39.651	39.6389	39.5619	39.6625	39.5669	39.6	39.5976	39.5877	39.5302	39.5598	39.5208	39.5734	39.5993	39.573	39.5836	39.5596	39.5766	39.61	39.5748	39.5617	39.5954	39.5908	39.5742	39.5767	39.5786	39.6045	39.5748	39.574	39.58	39.5803	39.5768	39.5717	39.5859	39.585	39.5772	39.5566	39.563	39.5888	39.5796	39.5456	39.5649	39.568	39.569	39.5536	39.5593	39.5618	39.5536	39.5407	39.5518	39.5549	39.5421	39.5407	39.5493	39.538	39.5417	39.5455	39.5309	39.5331	39.5154	39.5354	39.5225	39.5305	39.5355	39.5225	39.5256	39.5012	39.5157	39.5086	39.4878	39.4964	39.4995	39.5014	39.5158	39.5021	39.4993	39.4857	39.4939	39.4935	39.4909	39.4904	39.4919	39.4715	39.4662	39.4469	39.4516	39.4612	39.4644	39.4401	39.4521	39.4387	39.4173	39.4384	39.4462	39.4528	39.4619	39.4359	39.4304	39.432	39.4483	39.4321	39.4287	39.4202	39.4202	39.4086	39.4249	39.4268	39.4356	39.4064	39.4275	39.4186	39.4193	39.4047	39.3663	39.4061	39.4099	39.3869	39.3687	39.3718	39.3871	39.3891	39.3648	39.3564	39.3757	39.352	39.3359	39.3146	39.3392	39.3669	39.6151
Sor-CPnd_069-Ex1-6B-lcwgs-1-3.clmp.r1r2_fastp	39.8181	39.6801	39.7704	39.7154	39.6008	39.4593	39.3866	39.254	39.2313	39.3884	39.565	39.5468	39.5111	39.5819	39.5666	39.7085	39.6719	39.6958	39.6572	39.6457	39.7277	39.7085	39.697	39.6347	39.7017	39.6229	39.6581	39.6457	39.641	39.5915	39.6199	39.591	39.6134	39.6444	39.6288	39.6285	39.6032	39.6179	39.6462	39.6198	39.612	39.6353	39.632	39.6027	39.616	39.6182	39.6248	39.6096	39.6126	39.618	39.6071	39.6143	39.604	39.6166	39.6209	39.6027	39.592	39.601	39.6159	39.5978	39.5832	39.5936	39.5934	39.5936	39.5876	39.5888	39.5866	39.5771	39.5653	39.5776	39.5803	39.5708	39.5621	39.573	39.5608	39.5686	39.5626	39.5533	39.5516	39.55	39.5567	39.5406	39.5573	39.5546	39.5465	39.5375	39.5326	39.536	39.5329	39.5186	39.5284	39.53	39.523	39.5299	39.5252	39.5271	39.5186	39.515	39.5138	39.5106	39.5126	39.5094	39.489	39.4859	39.4848	39.4792	39.4899	39.4878	39.4754	39.481	39.4593	39.4573	39.4645	39.4628	39.4719	39.4775	39.46	39.4514	39.4513	39.4713	39.4571	39.4722	39.4543	39.4655	39.4436	39.4548	39.4547	39.452	39.4464	39.4573	39.4495	39.4411	39.4384	39.4043	39.435	39.4274	39.4031	39.4051	39.4032	39.4091	39.4173	39.3946	39.3991	39.3838	39.38	39.3763	39.3536	39.3661	39.4002	39.6378
Sor-CPnd_072-Ex1-8C-lcwgs-1-3.clmp.r1r2_fastp	39.7556	39.58	39.6893	39.5664	39.6888	38.8902	39.6271	39.0558	39.093	39.1654	39.5382	39.4955	39.4795	39.5535	39.5457	39.6927	39.6498	39.6954	39.6595	39.6359	39.7059	39.6921	39.6731	39.624	39.6813	39.5962	39.6385	39.6209	39.6143	39.581	39.6065	39.5793	39.6003	39.6276	39.6061	39.6147	39.5844	39.6015	39.6242	39.6054	39.5919	39.6201	39.6122	39.586	39.5972	39.5972	39.6054	39.593	39.593	39.5977	39.5854	39.5972	39.5906	39.5994	39.6016	39.5855	39.5687	39.5812	39.5961	39.5785	39.5605	39.5745	39.5726	39.5767	39.5707	39.5691	39.567	39.5536	39.5461	39.5549	39.5597	39.5505	39.5428	39.5518	39.5438	39.5503	39.543	39.535	39.5322	39.5281	39.5351	39.5214	39.5391	39.5367	39.5288	39.5207	39.512	39.516	39.5114	39.4959	39.5065	39.5094	39.506	39.5089	39.5058	39.508	39.4968	39.497	39.4941	39.4912	39.4903	39.4882	39.4661	39.4643	39.4643	39.46	39.4689	39.4659	39.4541	39.4608	39.4385	39.4334	39.4426	39.4417	39.4513	39.462	39.4435	39.4342	39.4274	39.4551	39.4351	39.4539	39.4327	39.4444	39.4251	39.4315	39.4316	39.4348	39.4244	39.4407	39.4285	39.4239	39.4148	39.3809	39.4188	39.4069	39.3836	39.3881	39.3821	39.3892	39.3977	39.3767	39.3801	39.3678	39.3626	39.3595	39.3313	39.346	39.3873	39.6314
