Sample	1	2	3	4	5	6	7	8	9	10	11	12	13	14	15	16	17	18	19	20	21	22	23	24	25	26	27	28	29	30	31	32	33	34	35	36	37	38	39	40	41	42	43	44	45	46	47	48	49	50	51	52	53	54	55	56	57	58	59	60	61	62	63	64	65	66	67	68	69	70	71	72	73	74	75	76	77	78	79	80	81	82	83	84	85	86	87	88	89	90	91	92	93	94	95	96	97	98	99	100	101	102	103	104	105	106	107	108	109	110	111	112	113	114	115	116	117	118	119	120	121	122	123	124	125	126	127	128	129	130	131	132	133	134	135	136	137	138	139	140	141	142	143	144	145	146	147	148	149	150
Sor-CPnd_001-Ex1-3E-lcwgs-1-3.clmp.r1r2_fastp	39.2473	39.2064	39.4809	39.4779	39.5878	39.5355	39.5488	39.592	39.6198	39.6155	39.6184	39.5975	39.5915	39.5812	39.5294	39.5744	39.6099	39.5383	39.5473	39.6031	39.6036	39.6173	39.6237	39.6241	39.6115	39.5575	39.5721	39.559	39.5564	39.5629	39.5402	39.552	39.5412	39.5532	39.5545	39.5478	39.5492	39.5244	39.5256	39.5335	39.5218	39.5189	39.5148	39.5099	39.5063	39.5119	39.509	39.5062	39.5172	39.5026	39.4822	39.4972	39.4778	39.4787	39.4768	39.4788	39.488	39.4727	39.4611	39.4607	39.4548	39.4637	39.4475	39.4496	39.4342	39.4351	39.433	39.436	39.4202	39.4206	39.4077	39.4053	39.4091	39.403	39.3899	39.397	39.3983	39.3905	39.3958	39.3782	39.3767	39.3824	39.3667	39.3544	39.3608	39.375	39.363	39.3686	39.3427	39.3527	39.3335	39.3258	39.3119	39.3208	39.3268	39.3067	39.3111	39.2921	39.2935	39.2851	39.2939	39.2748	39.2611	39.2581	39.2525	39.249	39.2633	39.2376	39.2437	39.2481	39.2353	39.2292	39.2404	39.2259	39.2155	39.208	39.1992	39.1936	39.1894	39.2042	39.1951	39.1857	39.1721	39.154	39.162	39.1556	39.1702	39.1534	39.1521	39.1362	39.1428	39.1466	39.1417	39.1246	39.1087	39.1209	39.1196	39.0853	39.1026	39.1214	39.0975	39.0848	39.0522	39.0468	39.0374	39.0504	39.0546	39.0427	39.0602	39.4553
Sor-CPnd_002-Ex1-5E-lcwgs-1-3.clmp.r1r2_fastp	39.1011	39.2612	39.5303	39.5121	39.63	39.5657	39.5878	39.6446	39.6494	39.6581	39.658	39.6354	39.6322	39.6303	39.5678	39.6241	39.655	39.5831	39.5903	39.6497	39.6509	39.6596	39.6676	39.6649	39.6554	39.6076	39.6196	39.6084	39.6039	39.6109	39.589	39.5997	39.5896	39.6001	39.6015	39.5918	39.599	39.5705	39.5728	39.5797	39.5656	39.5662	39.5616	39.5537	39.5489	39.5525	39.5527	39.5491	39.5577	39.5423	39.5256	39.5374	39.5192	39.5207	39.5223	39.5191	39.5267	39.5106	39.5039	39.5024	39.497	39.5027	39.4907	39.4915	39.4739	39.4749	39.4659	39.4705	39.4619	39.4591	39.4466	39.4393	39.4488	39.4401	39.4256	39.4347	39.4333	39.4287	39.4291	39.409	39.4087	39.4175	39.4012	39.3847	39.3968	39.4065	39.3919	39.4018	39.3759	39.3861	39.3707	39.3586	39.3508	39.3486	39.3537	39.34	39.3458	39.3252	39.3302	39.3178	39.3207	39.3049	39.298	39.2914	39.2795	39.2803	39.2918	39.268	39.2766	39.2777	39.2671	39.261	39.2665	39.2541	39.2487	39.2412	39.2307	39.2232	39.2162	39.2377	39.2217	39.2132	39.2012	39.1831	39.195	39.1834	39.2063	39.1908	39.189	39.1662	39.1744	39.1724	39.1725	39.1566	39.1311	39.1529	39.1524	39.1191	39.1326	39.1397	39.1196	39.1014	39.0771	39.0784	39.0676	39.0717	39.0741	39.0629	39.0888	39.4727
Sor-CPnd_003-Ex1-2B-lcwgs-1-3.clmp.r1r2_fastp	39.1563	39.1956	39.4782	39.4794	39.6037	39.5409	39.5567	39.6047	39.6287	39.6288	39.6292	39.6124	39.6028	39.6046	39.5384	39.5885	39.6255	39.5498	39.56	39.6221	39.6224	39.6359	39.6428	39.6411	39.6296	39.581	39.5922	39.5789	39.5763	39.5873	39.5624	39.5761	39.5646	39.5771	39.5755	39.5694	39.5763	39.5482	39.5532	39.556	39.5485	39.5475	39.5414	39.5351	39.531	39.5357	39.5335	39.5338	39.5428	39.5284	39.5086	39.523	39.5069	39.5066	39.5047	39.5053	39.5116	39.4975	39.4864	39.4862	39.4812	39.49	39.4764	39.4786	39.4603	39.4634	39.4553	39.4574	39.4489	39.4466	39.4296	39.4297	39.4383	39.4287	39.4147	39.4209	39.4188	39.4127	39.4152	39.4011	39.3971	39.4044	39.3872	39.3788	39.3836	39.3938	39.3808	39.3883	39.3625	39.3743	39.3528	39.3458	39.3347	39.3395	39.3474	39.3287	39.3337	39.3149	39.3117	39.3032	39.3101	39.2834	39.2817	39.2715	39.2694	39.2661	39.2718	39.2535	39.261	39.2648	39.2516	39.2449	39.2469	39.2425	39.2308	39.2219	39.2122	39.2078	39.1992	39.2249	39.2074	39.1987	39.1797	39.1669	39.1706	39.1672	39.1763	39.1645	39.1654	39.1456	39.1499	39.1523	39.1442	39.1322	39.111	39.1286	39.1237	39.0898	39.1042	39.1208	39.0999	39.082	39.0504	39.052	39.0406	39.0513	39.0503	39.0405	39.0685	39.4591
Sor-CPnd_004-Ex1-1G-lcwgs-1-3.clmp.r1r2_fastp	39.2165	39.2583	39.5078	39.5015	39.5753	39.5563	39.5743	39.6139	39.6332	39.6338	39.6319	39.6085	39.6152	39.5912	39.5614	39.6002	39.6299	39.5662	39.5725	39.6094	39.6137	39.6285	39.6379	39.6373	39.6271	39.5805	39.5907	39.5782	39.575	39.5818	39.5609	39.5677	39.5595	39.5678	39.5714	39.5622	39.5669	39.5393	39.5398	39.5469	39.5336	39.533	39.529	39.5229	39.5181	39.5207	39.5207	39.5162	39.5238	39.5114	39.4895	39.5023	39.4832	39.4861	39.4833	39.4817	39.4918	39.4778	39.4654	39.4666	39.4572	39.4639	39.4519	39.4535	39.4305	39.4369	39.4313	39.4323	39.4215	39.4185	39.4053	39.3988	39.4074	39.3993	39.3858	39.3946	39.394	39.3848	39.3881	39.3739	39.3701	39.3787	39.3613	39.3493	39.3526	39.3669	39.3555	39.3635	39.3365	39.3467	39.3257	39.3202	39.3045	39.311	39.3137	39.2945	39.3003	39.2817	39.2873	39.2745	39.2781	39.2559	39.2518	39.2431	39.2393	39.2352	39.2468	39.2211	39.2308	39.234	39.2212	39.2147	39.2178	39.2091	39.1994	39.1915	39.1841	39.1751	39.1704	39.1904	39.1767	39.1688	39.1531	39.1361	39.1402	39.1392	39.1484	39.1421	39.1378	39.1172	39.118	39.1267	39.1168	39.1034	39.0862	39.0967	39.0959	39.0633	39.0798	39.0906	39.0706	39.0564	39.0199	39.0209	39.0152	39.0257	39.0196	39.0182	39.0342	39.445
Sor-CPnd_005-Ex1-3D-lcwgs-1-3.clmp.r1r2_fastp	39.2271	39.1069	39.4138	39.4368	39.5707	39.5159	39.5168	39.5576	39.6013	39.5885	39.5951	39.5794	39.5665	39.5585	39.5047	39.5468	39.5831	39.5104	39.5228	39.5814	39.5843	39.5975	39.6069	39.6025	39.5944	39.5435	39.5515	39.5419	39.5377	39.5473	39.5247	39.5386	39.5281	39.5377	39.5409	39.5319	39.5369	39.5127	39.5146	39.5182	39.5065	39.5076	39.5029	39.4976	39.4938	39.4967	39.4967	39.4958	39.506	39.4907	39.4724	39.4895	39.4689	39.4719	39.4673	39.4682	39.4779	39.4616	39.4483	39.4501	39.4462	39.4522	39.4416	39.4439	39.4231	39.4296	39.4242	39.4249	39.4124	39.412	39.3994	39.3959	39.4064	39.399	39.3824	39.3897	39.3916	39.3859	39.3852	39.3653	39.3711	39.3722	39.3568	39.3459	39.3513	39.3672	39.356	39.3638	39.338	39.3451	39.3217	39.3214	39.3043	39.3119	39.3163	39.2995	39.3098	39.2839	39.2851	39.2766	39.282	39.2561	39.2523	39.2448	39.243	39.237	39.2516	39.2315	39.234	39.2399	39.2205	39.2191	39.2304	39.214	39.2054	39.1981	39.1848	39.1817	39.178	39.1956	39.1825	39.1731	39.1586	39.147	39.153	39.1502	39.1568	39.1457	39.1492	39.1238	39.1303	39.1369	39.1286	39.1139	39.0982	39.1129	39.1047	39.0732	39.0827	39.1076	39.0859	39.0692	39.0384	39.0375	39.0251	39.0372	39.0318	39.0265	39.0519	39.4502
Sor-CPnd_006-Ex1-2D-lcwgs-1-3.clmp.r1r2_fastp	39.16	39.2056	39.4862	39.487	39.6027	39.5477	39.5607	39.6087	39.6296	39.6302	39.6317	39.6145	39.6055	39.6033	39.5445	39.5964	39.627	39.5543	39.5648	39.6241	39.6227	39.6357	39.6394	39.6393	39.6293	39.5798	39.5901	39.5795	39.5753	39.5833	39.5602	39.5717	39.5638	39.5741	39.5755	39.5673	39.5731	39.5458	39.5488	39.5541	39.5429	39.5414	39.5363	39.5334	39.5272	39.5309	39.5279	39.526	39.5349	39.5222	39.5052	39.5166	39.5014	39.4986	39.4959	39.4958	39.5049	39.4909	39.4809	39.4765	39.4734	39.4816	39.4721	39.469	39.4513	39.4562	39.4498	39.4506	39.4384	39.436	39.4256	39.4218	39.4272	39.4218	39.4087	39.4148	39.4141	39.4064	39.4086	39.3919	39.3905	39.3995	39.3803	39.3721	39.3747	39.3859	39.3736	39.382	39.3596	39.3686	39.3497	39.3396	39.3278	39.3334	39.3378	39.3207	39.327	39.3096	39.3091	39.3008	39.3042	39.2843	39.277	39.2723	39.2638	39.2649	39.2726	39.2521	39.259	39.2597	39.2489	39.2394	39.2491	39.237	39.2276	39.221	39.2096	39.2061	39.2007	39.216	39.2047	39.196	39.1822	39.1693	39.174	39.1714	39.1802	39.1673	39.163	39.1482	39.1483	39.1548	39.1455	39.1326	39.1146	39.1327	39.1275	39.0978	39.1083	39.1272	39.1023	39.0878	39.0531	39.0534	39.0454	39.0599	39.0517	39.0456	39.0667	39.4624
Sor-CPnd_007-Ex1-1C-lcwgs-1-3.clmp.r1r2_fastp	39.1892	39.14	39.4362	39.4526	39.5478	39.5195	39.531	39.5659	39.6017	39.5961	39.6006	39.5819	39.5772	39.5613	39.5172	39.5597	39.5966	39.5214	39.5334	39.5864	39.5929	39.6037	39.6117	39.6123	39.6017	39.552	39.5645	39.5566	39.5522	39.5616	39.5332	39.5456	39.5394	39.5511	39.5529	39.5433	39.5486	39.5221	39.5218	39.5276	39.5182	39.5168	39.5133	39.5067	39.4998	39.508	39.5025	39.5043	39.5124	39.5019	39.4774	39.4883	39.476	39.4785	39.4743	39.4743	39.4849	39.4681	39.4535	39.4555	39.4483	39.459	39.4443	39.4483	39.4272	39.4283	39.4229	39.4276	39.4163	39.4088	39.3973	39.3953	39.4036	39.398	39.3821	39.3899	39.3852	39.3816	39.3802	39.3664	39.369	39.3726	39.3486	39.3422	39.3417	39.3636	39.3504	39.3609	39.3272	39.3401	39.3186	39.3122	39.3011	39.3044	39.3113	39.2882	39.2947	39.2768	39.2852	39.2645	39.2733	39.2549	39.2458	39.2359	39.2315	39.2255	39.2435	39.2174	39.2174	39.2272	39.2147	39.2039	39.2188	39.2035	39.1931	39.1868	39.1683	39.169	39.1562	39.1761	39.1693	39.1577	39.1466	39.1247	39.1349	39.1328	39.1341	39.1295	39.1271	39.1056	39.1084	39.1149	39.1066	39.0981	39.0648	39.0842	39.0824	39.0575	39.0694	39.0791	39.0618	39.0466	39.016	39.0094	39.006	39.0154	39.0111	39.0065	39.0243	39.4395
Sor-CPnd_008-Ex1-1A-lcwgs-1-3.clmp.r1r2_fastp	38.8716	38.7591	39.2192	39.3041	39.4715	39.4349	39.4316	39.4638	39.5377	39.5104	39.5247	39.5187	39.4965	39.4874	39.4382	39.4708	39.5226	39.4465	39.4613	39.5252	39.531	39.5444	39.5539	39.5501	39.5395	39.4813	39.4948	39.4809	39.4819	39.4943	39.4724	39.4855	39.4762	39.4879	39.4948	39.4862	39.4904	39.4633	39.4682	39.4749	39.4633	39.4651	39.4592	39.4557	39.4537	39.4592	39.457	39.4568	39.4671	39.4533	39.434	39.4486	39.4297	39.4344	39.4311	39.4321	39.4416	39.4264	39.4027	39.3916	39.4088	39.4192	39.4032	39.4079	39.3862	39.3942	39.3882	39.3908	39.3769	39.375	39.3611	39.3592	39.3634	39.3584	39.3435	39.356	39.3509	39.3452	39.3376	39.3315	39.3287	39.3368	39.305	39.3073	39.3009	39.3276	39.3161	39.3286	39.2977	39.3065	39.2838	39.27	39.2624	39.2714	39.2763	39.2559	39.263	39.2444	39.2476	39.2375	39.2374	39.2085	39.2079	39.2011	39.1966	39.1945	39.205	39.1852	39.1887	39.1965	39.1794	39.1783	39.1834	39.1723	39.1621	39.1544	39.1427	39.1376	39.1341	39.1529	39.1373	39.1326	39.1092	39.1021	39.1061	39.1043	39.1115	39.0933	39.1015	39.0819	39.0873	39.0869	39.0844	39.0715	39.0401	39.0701	39.0644	39.0288	39.0499	39.0635	39.0438	39.0272	38.9939	38.9923	38.987	39.0009	38.994	38.9939	39.0287	39.4414
Sor-CPnd_009-Ex1-6A-lcwgs-1-3.clmp.r1r2_fastp	39.1541	39.1853	39.4719	39.4583	39.6055	39.5256	39.5426	39.6133	39.6299	39.6345	39.6365	39.6253	39.5925	39.6179	39.5276	39.5897	39.6324	39.5411	39.5577	39.644	39.6432	39.6503	39.6539	39.6531	39.6448	39.5933	39.6076	39.5958	39.5955	39.6035	39.582	39.5941	39.5851	39.5967	39.5988	39.5923	39.5982	39.5735	39.5746	39.5797	39.5691	39.5701	39.564	39.5616	39.5564	39.5614	39.5615	39.5586	39.5666	39.555	39.5366	39.5509	39.5326	39.5358	39.5337	39.5323	39.5437	39.5304	39.5172	39.5135	39.5136	39.5222	39.5119	39.5131	39.4935	39.5001	39.4932	39.4953	39.4863	39.4849	39.4728	39.4684	39.4752	39.4699	39.4557	39.4663	39.4639	39.4578	39.4551	39.446	39.4425	39.4485	39.4327	39.4251	39.4251	39.441	39.4289	39.439	39.4135	39.4229	39.4037	39.3965	39.3846	39.3899	39.3966	39.3762	39.387	39.3671	39.3689	39.3612	39.3637	39.3471	39.3423	39.3335	39.3266	39.3269	39.3341	39.3151	39.3223	39.3268	39.3137	39.3058	39.312	39.3026	39.2935	39.2888	39.2767	39.2749	39.2673	39.2863	39.2741	39.271	39.2503	39.2443	39.2447	39.2411	39.2506	39.2408	39.241	39.2177	39.2246	39.231	39.2237	39.2095	39.1887	39.2085	39.2016	39.1747	39.185	39.2005	39.1805	39.1665	39.1394	39.135	39.13	39.1404	39.1411	39.1296	39.1451	39.5038
Sor-CPnd_010-Ex1-1H-lcwgs-1-3.clmp.r1r2_fastp	39.2433	39.1824	39.4636	39.4768	39.5569	39.5416	39.5534	39.5845	39.6143	39.6133	39.6107	39.5852	39.5941	39.5701	39.5371	39.5742	39.6048	39.5479	39.5537	39.5901	39.5942	39.6144	39.6234	39.6212	39.6154	39.5618	39.5754	39.5638	39.5596	39.572	39.5488	39.5594	39.5482	39.5619	39.5662	39.5523	39.5596	39.5321	39.5316	39.5386	39.5322	39.5348	39.5302	39.5196	39.5151	39.5198	39.5223	39.5223	39.5329	39.5172	39.4979	39.5098	39.4935	39.494	39.4923	39.492	39.5056	39.4895	39.476	39.4747	39.4723	39.4773	39.4637	39.4682	39.4454	39.4551	39.4404	39.4436	39.4352	39.4319	39.4186	39.42	39.4258	39.414	39.4031	39.4115	39.4138	39.412	39.4076	39.3917	39.3905	39.3979	39.3796	39.3634	39.3695	39.3838	39.3745	39.3851	39.3656	39.3636	39.3465	39.3476	39.3277	39.333	39.3408	39.3185	39.3256	39.3017	39.307	39.2955	39.3018	39.2742	39.2728	39.2722	39.2603	39.2571	39.2667	39.2435	39.2519	39.2563	39.2472	39.2426	39.239	39.2301	39.2218	39.2086	39.2024	39.2026	39.1932	39.2172	39.2018	39.192	39.1806	39.1606	39.1757	39.1625	39.1804	39.1586	39.1609	39.1473	39.1434	39.1553	39.1499	39.1299	39.1105	39.1197	39.131	39.1001	39.1039	39.1256	39.113	39.0788	39.0467	39.0649	39.0568	39.0629	39.0583	39.0443	39.0665	39.4644
Sor-CPnd_012-Ex1-5B-lcwgs-1-3.clmp.r1r2_fastp	39.1216	39.1948	39.4806	39.4784	39.6087	39.5527	39.5659	39.6165	39.6367	39.6348	39.6382	39.619	39.611	39.607	39.5478	39.6001	39.633	39.558	39.5701	39.6316	39.6321	39.6448	39.6494	39.6477	39.639	39.5883	39.5987	39.5894	39.5838	39.5949	39.572	39.583	39.5754	39.5868	39.5871	39.5816	39.5832	39.5595	39.5624	39.5656	39.5537	39.5534	39.5507	39.5454	39.5389	39.5454	39.5461	39.5391	39.5491	39.5373	39.5153	39.529	39.5119	39.5131	39.5097	39.5125	39.5199	39.5072	39.4926	39.4881	39.484	39.4944	39.4815	39.4814	39.4654	39.4697	39.463	39.4654	39.4526	39.453	39.4396	39.431	39.442	39.4361	39.4163	39.4291	39.4272	39.4175	39.4174	39.4084	39.4051	39.4073	39.3918	39.3826	39.3848	39.4015	39.3875	39.398	39.369	39.3775	39.3597	39.3506	39.338	39.3435	39.3506	39.3315	39.3385	39.3179	39.3184	39.3079	39.3138	39.2913	39.29	39.2807	39.2754	39.2697	39.2794	39.2623	39.2655	39.2669	39.2579	39.2471	39.2595	39.2468	39.2334	39.228	39.2192	39.2118	39.206	39.2274	39.2172	39.2038	39.1915	39.1759	39.1797	39.1768	39.1885	39.1721	39.174	39.1553	39.1565	39.1642	39.1566	39.1419	39.1204	39.1354	39.1383	39.1023	39.1168	39.1278	39.1039	39.0915	39.0646	39.0572	39.0519	39.0625	39.0604	39.0549	39.0681	39.4654
Sor-CPnd_013-Ex1-7F-lcwgs-1-3.clmp.r1r2_fastp	39.1247	39.2039	39.4811	39.4569	39.578	39.5282	39.5469	39.603	39.6179	39.6231	39.6252	39.6047	39.5952	39.591	39.534	39.5805	39.6186	39.5389	39.547	39.6198	39.6173	39.6296	39.6337	39.6342	39.6225	39.5724	39.5861	39.5731	39.572	39.5784	39.558	39.5692	39.5599	39.5747	39.5727	39.5655	39.5698	39.5432	39.5449	39.5514	39.5417	39.5404	39.5358	39.5275	39.5203	39.5296	39.5291	39.525	39.5362	39.5202	39.5013	39.5137	39.4959	39.4996	39.4936	39.497	39.507	39.4906	39.482	39.4811	39.4731	39.4816	39.4672	39.4704	39.4504	39.457	39.4497	39.4517	39.4419	39.4386	39.4238	39.4242	39.4284	39.4212	39.407	39.4182	39.4134	39.4063	39.4051	39.3927	39.3882	39.4012	39.3815	39.3744	39.3754	39.3869	39.3754	39.3857	39.355	39.3681	39.3501	39.3381	39.3285	39.3358	39.3356	39.3212	39.3313	39.3084	39.3089	39.2995	39.3032	39.284	39.2721	39.2662	39.2648	39.2637	39.2712	39.2523	39.2529	39.2635	39.2466	39.239	39.2498	39.2376	39.2243	39.2214	39.2088	39.2096	39.2006	39.2217	39.2004	39.2005	39.1831	39.1693	39.1797	39.1637	39.1757	39.1692	39.1626	39.1413	39.1505	39.154	39.1432	39.1291	39.1133	39.1341	39.1252	39.0984	39.1084	39.1301	39.1026	39.0816	39.0617	39.0613	39.0516	39.0625	39.0593	39.054	39.0694	39.4615
Sor-CPnd_014-Ex1-1F-lcwgs-1-3.clmp.r1r2_fastp	39.227	39.2111	39.4899	39.4831	39.5695	39.5446	39.5606	39.5968	39.6217	39.619	39.6218	39.5988	39.6006	39.5778	39.5473	39.5861	39.618	39.5533	39.5604	39.6053	39.6069	39.622	39.6323	39.6287	39.619	39.5712	39.5823	39.5712	39.5657	39.5743	39.5532	39.5625	39.553	39.5634	39.5659	39.5594	39.5629	39.5341	39.5389	39.5448	39.5328	39.5311	39.527	39.5211	39.5166	39.5214	39.5202	39.5149	39.5237	39.5129	39.4937	39.5061	39.4882	39.4877	39.4863	39.4864	39.4967	39.4829	39.4721	39.4707	39.4647	39.4707	39.4595	39.4607	39.4389	39.4448	39.4369	39.44	39.4296	39.4262	39.4117	39.4086	39.4161	39.41	39.3943	39.4031	39.4035	39.3981	39.3984	39.3815	39.3807	39.3888	39.3713	39.3587	39.3648	39.3784	39.3646	39.3748	39.348	39.356	39.336	39.3307	39.314	39.3222	39.3273	39.3103	39.3154	39.2942	39.2986	39.2888	39.2921	39.2739	39.265	39.2541	39.247	39.2483	39.2623	39.2371	39.2435	39.2503	39.2366	39.2309	39.2364	39.2251	39.2151	39.2031	39.1992	39.1902	39.1863	39.2065	39.1929	39.1831	39.1688	39.1554	39.1622	39.1553	39.1649	39.1569	39.1558	39.1375	39.1383	39.1436	39.1351	39.1203	39.1006	39.1236	39.1136	39.0793	39.1032	39.1151	39.0896	39.0783	39.0453	39.0449	39.0383	39.0493	39.0473	39.0387	39.0535	39.4561
Sor-CPnd_015-Ex1-5F-lcwgs-1-3.clmp.r1r2_fastp	39.0962	39.2103	39.4966	39.4918	39.6185	39.5585	39.5725	39.6235	39.6385	39.6411	39.6444	39.6246	39.6177	39.6175	39.5547	39.6067	39.6406	39.5665	39.5775	39.6394	39.6399	39.6516	39.6563	39.6572	39.6448	39.5969	39.6078	39.5977	39.5948	39.6018	39.5816	39.5918	39.5843	39.5958	39.5944	39.5874	39.5924	39.5673	39.5701	39.5733	39.5637	39.5624	39.5572	39.5538	39.5495	39.5512	39.5533	39.5486	39.5578	39.5447	39.5252	39.5358	39.5179	39.5223	39.5178	39.5203	39.5265	39.512	39.5007	39.4993	39.4938	39.507	39.4872	39.494	39.4739	39.477	39.4719	39.4723	39.4625	39.4611	39.4439	39.4394	39.4488	39.4437	39.427	39.4375	39.4333	39.4329	39.428	39.417	39.4128	39.4224	39.4021	39.3932	39.3936	39.4085	39.3948	39.4064	39.3815	39.3882	39.3696	39.3611	39.3509	39.355	39.3628	39.3428	39.3514	39.3288	39.3293	39.3207	39.3304	39.308	39.2999	39.2947	39.2881	39.2865	39.2954	39.2716	39.2874	39.2863	39.2763	39.2641	39.2769	39.2599	39.2535	39.2433	39.2411	39.2268	39.2174	39.2381	39.2296	39.2201	39.2077	39.1929	39.1992	39.194	39.2017	39.1941	39.1918	39.1755	39.1759	39.183	39.1756	39.1598	39.1398	39.1536	39.1559	39.1226	39.135	39.15	39.1273	39.112	39.0863	39.0799	39.0721	39.0798	39.0816	39.0797	39.093	39.4742
Sor-CPnd_016-Ex1-1B-lcwgs-1-3.clmp.r1r2_fastp	39.0943	38.9958	39.3681	39.3993	39.5178	39.4997	39.5031	39.5308	39.5846	39.5651	39.573	39.5605	39.5501	39.5329	39.4932	39.5268	39.5712	39.5	39.5122	39.5636	39.5699	39.5839	39.594	39.5922	39.5837	39.5314	39.5452	39.5345	39.5312	39.5424	39.5201	39.533	39.5228	39.5354	39.5388	39.5315	39.535	39.5098	39.5112	39.5191	39.5087	39.5094	39.504	39.4995	39.4948	39.5023	39.4998	39.4982	39.5091	39.4978	39.4761	39.4913	39.4715	39.4746	39.4738	39.4736	39.4833	39.4698	39.4478	39.4408	39.4521	39.4617	39.4477	39.4502	39.4285	39.4373	39.4275	39.4333	39.4196	39.4179	39.4051	39.401	39.4081	39.4019	39.3886	39.3982	39.3962	39.3913	39.3833	39.3767	39.3731	39.3816	39.3568	39.3543	39.3507	39.3709	39.3601	39.3703	39.343	39.3506	39.3301	39.3193	39.3072	39.318	39.3201	39.3035	39.3091	39.2903	39.2935	39.282	39.2857	39.2599	39.2558	39.2515	39.2438	39.2427	39.2527	39.231	39.2362	39.2446	39.2279	39.2226	39.2294	39.2181	39.2095	39.1986	39.1886	39.1855	39.1779	39.2016	39.1854	39.1784	39.1582	39.1482	39.1535	39.1498	39.1583	39.1441	39.1448	39.128	39.131	39.1371	39.1265	39.1155	39.0897	39.1117	39.1095	39.0743	39.0919	39.1066	39.0841	39.0712	39.0379	39.0383	39.0313	39.0431	39.0385	39.0326	39.0535	39.4554
Sor-CPnd_017-Ex1-3G-lcwgs-1-3.clmp.r1r2_fastp	39.2177	39.1706	39.4616	39.4766	39.5768	39.5409	39.555	39.5914	39.6166	39.6154	39.6193	39.5983	39.5975	39.5789	39.5356	39.5725	39.6123	39.5457	39.5507	39.6057	39.6026	39.6221	39.6301	39.6284	39.6163	39.5667	39.5787	39.5681	39.5637	39.5702	39.5534	39.5569	39.5493	39.5612	39.5647	39.5562	39.5667	39.5429	39.5379	39.5479	39.5335	39.5361	39.53	39.5238	39.5239	39.5248	39.524	39.5185	39.5291	39.5166	39.4979	39.5094	39.4944	39.5014	39.4978	39.4975	39.5038	39.4855	39.4726	39.4798	39.4732	39.4848	39.4607	39.4685	39.4531	39.4587	39.4445	39.4528	39.439	39.4339	39.4263	39.4196	39.4284	39.4304	39.4119	39.421	39.4132	39.4074	39.41	39.3917	39.3956	39.3945	39.3888	39.3783	39.3841	39.3947	39.3808	39.3919	39.3671	39.3773	39.3465	39.3354	39.3317	39.3372	39.3294	39.3203	39.3227	39.3121	39.3147	39.2999	39.3101	39.2818	39.2823	39.2723	39.2688	39.2778	39.2716	39.2553	39.2617	39.2599	39.2452	39.2503	39.255	39.2415	39.2293	39.2208	39.2161	39.2173	39.2017	39.2253	39.2155	39.203	39.1921	39.1707	39.1767	39.1661	39.18	39.1628	39.1719	39.1489	39.154	39.1614	39.1539	39.1339	39.1015	39.1243	39.1228	39.1089	39.1033	39.1205	39.0937	39.0983	39.0502	39.0481	39.0589	39.0556	39.0501	39.0656	39.0734	39.4651
Sor-CPnd_018-Ex1-1E-lcwgs-1-3.clmp.r1r2_fastp	39.2103	39.238	39.5113	39.5025	39.5831	39.5562	39.5758	39.6135	39.6326	39.6354	39.6325	39.6106	39.6143	39.5917	39.5566	39.5982	39.6289	39.5619	39.5738	39.6166	39.6198	39.6338	39.6383	39.6391	39.6297	39.5813	39.5931	39.5818	39.5782	39.5876	39.5667	39.5788	39.5691	39.5788	39.5786	39.5708	39.5755	39.5498	39.5503	39.5541	39.5461	39.5464	39.5387	39.5341	39.5288	39.5325	39.5281	39.5286	39.5363	39.523	39.5053	39.5154	39.4989	39.5013	39.4994	39.5001	39.5059	39.4918	39.48	39.4819	39.4753	39.4793	39.4679	39.4692	39.4495	39.4538	39.4505	39.4479	39.4419	39.4379	39.4239	39.4213	39.4262	39.4184	39.4056	39.4113	39.4128	39.4077	39.4049	39.3973	39.3897	39.3977	39.3766	39.3727	39.3706	39.3828	39.3745	39.3836	39.3535	39.3677	39.3478	39.3418	39.3207	39.3329	39.3305	39.3235	39.3241	39.3067	39.3098	39.297	39.2996	39.2815	39.2709	39.2622	39.2561	39.2569	39.267	39.2465	39.2565	39.2521	39.2422	39.2379	39.2414	39.2348	39.2214	39.2091	39.2084	39.2053	39.1907	39.2102	39.1983	39.1938	39.1822	39.1611	39.1706	39.164	39.173	39.1672	39.1605	39.1428	39.1504	39.1488	39.1453	39.1254	39.1096	39.1231	39.1238	39.086	39.101	39.118	39.098	39.0807	39.0507	39.042	39.0482	39.046	39.0527	39.0436	39.059	39.457
Sor-CPnd_019-Ex1-6G-lcwgs-1-3.clmp.r1r2_fastp	38.9425	39.2402	39.506	39.492	39.6214	39.5535	39.57	39.6414	39.6493	39.6564	39.6589	39.6478	39.6263	39.6349	39.5649	39.6193	39.6519	39.5765	39.5877	39.6555	39.6559	39.6664	39.6701	39.6693	39.6593	39.6105	39.6229	39.6116	39.6095	39.6157	39.5942	39.6039	39.595	39.606	39.6088	39.5997	39.6032	39.5803	39.5778	39.5839	39.5706	39.5711	39.5685	39.5598	39.5558	39.5589	39.5588	39.5545	39.5626	39.5476	39.5296	39.5409	39.5265	39.5268	39.5225	39.5253	39.5321	39.515	39.5066	39.503	39.4978	39.5049	39.4913	39.4917	39.4762	39.4793	39.4723	39.4742	39.4638	39.4599	39.4488	39.4431	39.4507	39.4431	39.4299	39.4357	39.4338	39.4282	39.4276	39.4144	39.4127	39.4192	39.4022	39.3931	39.395	39.4065	39.393	39.4029	39.3757	39.3874	39.365	39.3597	39.3451	39.3516	39.3558	39.3396	39.3488	39.3256	39.3279	39.3219	39.3233	39.3009	39.2945	39.289	39.2829	39.2855	39.2866	39.27	39.2737	39.2776	39.2661	39.2575	39.2623	39.251	39.2436	39.232	39.2269	39.2195	39.2128	39.2331	39.2189	39.2127	39.1962	39.1814	39.1897	39.1807	39.1867	39.1818	39.1805	39.1599	39.1613	39.167	39.1619	39.146	39.1221	39.1419	39.1378	39.1086	39.1237	39.1335	39.1107	39.0972	39.0664	39.0654	39.0555	39.0606	39.06	39.0584	39.0728	39.4667
Sor-CPnd_020-Ex1-2E-lcwgs-1-3.clmp.r1r2_fastp	39.1826	39.2134	39.491	39.4807	39.6071	39.5441	39.5599	39.6106	39.6334	39.6344	39.6338	39.614	39.6046	39.6053	39.5457	39.5957	39.6287	39.5567	39.5659	39.6227	39.6245	39.6365	39.6431	39.6397	39.6307	39.5801	39.5923	39.5804	39.5744	39.5837	39.5619	39.5725	39.5618	39.5709	39.5746	39.5658	39.5716	39.546	39.5468	39.5531	39.5427	39.5423	39.5341	39.5303	39.5251	39.5301	39.5286	39.5227	39.5349	39.52	39.5009	39.5138	39.4957	39.4959	39.4946	39.4945	39.504	39.4904	39.4773	39.4782	39.4725	39.479	39.4681	39.4681	39.4488	39.4551	39.4457	39.4468	39.4371	39.4359	39.4235	39.4179	39.4293	39.4221	39.405	39.4136	39.4128	39.4063	39.4067	39.3911	39.3909	39.3963	39.3796	39.3711	39.3736	39.3858	39.3754	39.3836	39.357	39.3645	39.346	39.3396	39.3279	39.3333	39.3406	39.3233	39.3258	39.3103	39.3115	39.3028	39.3051	39.2847	39.2756	39.272	39.2663	39.266	39.2746	39.252	39.2587	39.2599	39.25	39.2426	39.2458	39.2406	39.2317	39.2199	39.2124	39.2066	39.1994	39.2168	39.2051	39.1979	39.1865	39.1704	39.1743	39.1717	39.1791	39.1711	39.1702	39.1487	39.152	39.1544	39.1497	39.1387	39.1214	39.1327	39.1256	39.0975	39.1125	39.1258	39.1064	39.0873	39.06	39.0563	39.0449	39.0578	39.0569	39.0535	39.0702	39.4624
Sor-CPnd_022-Ex1-7C-lcwgs-1-3.clmp.r1r2_fastp	39.1237	39.1286	39.4348	39.4367	39.5695	39.512	39.5293	39.5845	39.6069	39.6082	39.6115	39.5959	39.5776	39.5814	39.5152	39.5636	39.6049	39.5222	39.5339	39.6053	39.6063	39.6183	39.6257	39.6209	39.6129	39.5598	39.5747	39.5613	39.5588	39.5694	39.5454	39.557	39.5477	39.5602	39.5614	39.5536	39.5559	39.5288	39.5323	39.5369	39.5251	39.5266	39.5216	39.5144	39.5095	39.5128	39.5125	39.5117	39.5216	39.5056	39.4873	39.5001	39.4823	39.485	39.4802	39.481	39.4891	39.474	39.4618	39.4567	39.4548	39.4672	39.4514	39.4544	39.4315	39.4375	39.428	39.4325	39.4202	39.4164	39.4037	39.3998	39.4063	39.4007	39.3864	39.3928	39.3912	39.3856	39.3852	39.3702	39.3691	39.3744	39.3577	39.3486	39.3496	39.366	39.3498	39.3637	39.3356	39.3442	39.3207	39.3116	39.3028	39.3054	39.3134	39.2935	39.3009	39.278	39.2816	39.2722	39.2747	39.2523	39.2456	39.2368	39.2302	39.2319	39.2384	39.218	39.2263	39.2311	39.2118	39.2055	39.2147	39.2009	39.1954	39.182	39.1779	39.1706	39.1651	39.179	39.1666	39.1623	39.1424	39.1311	39.1385	39.1335	39.1367	39.1227	39.128	39.1086	39.1085	39.1167	39.1065	39.0917	39.0715	39.0887	39.0864	39.0525	39.0647	39.0788	39.0592	39.0438	39.0117	39.0103	39.0075	39.0139	39.007	39.0045	39.0292	39.4412
Sor-CPnd_024-Ex1-5G-lcwgs-1-3.clmp.r1r2_fastp	39.0607	39.2642	39.522	39.5154	39.6237	39.5729	39.5917	39.6454	39.6538	39.6612	39.6563	39.637	39.6357	39.6277	39.5746	39.6285	39.6553	39.5851	39.5961	39.6473	39.6489	39.6626	39.6642	39.6634	39.656	39.6059	39.618	39.6098	39.6078	39.6156	39.5905	39.6027	39.5915	39.6032	39.6057	39.5975	39.5984	39.5789	39.5789	39.5819	39.5694	39.567	39.5704	39.5598	39.5552	39.561	39.5551	39.5519	39.5593	39.5475	39.5287	39.537	39.5235	39.5247	39.5219	39.5213	39.5301	39.5169	39.5079	39.5035	39.499	39.5036	39.4909	39.4941	39.4728	39.4793	39.474	39.4779	39.4635	39.4591	39.448	39.4423	39.4507	39.4448	39.4282	39.4379	39.433	39.4297	39.426	39.4166	39.4103	39.4173	39.3996	39.3854	39.3883	39.4074	39.3912	39.401	39.3703	39.389	39.3681	39.3552	39.343	39.3502	39.3508	39.3359	39.3404	39.3195	39.323	39.314	39.3199	39.2961	39.2918	39.2843	39.2823	39.2722	39.2866	39.2628	39.2686	39.2809	39.254	39.2574	39.2566	39.2505	39.2362	39.233	39.2209	39.2216	39.2111	39.2268	39.2198	39.2088	39.1937	39.1742	39.1863	39.1722	39.187	39.1771	39.1738	39.17	39.162	39.1644	39.1495	39.1492	39.1171	39.1436	39.138	39.0944	39.1182	39.1338	39.1098	39.0942	39.0744	39.062	39.0459	39.0578	39.0592	39.061	39.0799	39.4664
Sor-CPnd_026-Ex1-3H-lcwgs-1-3.clmp.r1r2_fastp	39.2291	39.1536	39.4383	39.4591	39.5772	39.5237	39.5321	39.5721	39.6102	39.5988	39.603	39.586	39.5756	39.5667	39.5133	39.5532	39.5903	39.5213	39.5341	39.5874	39.5885	39.6013	39.6097	39.6082	39.5977	39.5462	39.5584	39.5474	39.542	39.5519	39.5293	39.5396	39.5306	39.5402	39.5434	39.537	39.5397	39.5156	39.5144	39.5224	39.5122	39.5106	39.5068	39.502	39.495	39.4995	39.4996	39.4965	39.5064	39.4947	39.4758	39.4883	39.4684	39.4716	39.4698	39.4692	39.4774	39.4652	39.4513	39.4512	39.4482	39.4562	39.4434	39.4426	39.4245	39.4295	39.4237	39.4262	39.4158	39.4128	39.4008	39.3954	39.4014	39.3987	39.3847	39.3913	39.3903	39.3865	39.3866	39.3711	39.3666	39.3769	39.3597	39.3486	39.3535	39.3657	39.3535	39.3649	39.3379	39.3448	39.3283	39.3203	39.3071	39.3143	39.3189	39.3011	39.3062	39.2866	39.2867	39.281	39.2845	39.2621	39.2531	39.2474	39.2432	39.2374	39.252	39.2315	39.2402	39.2407	39.2298	39.2221	39.2256	39.2155	39.2095	39.1963	39.1875	39.1821	39.1787	39.1976	39.185	39.1778	39.1637	39.1476	39.1524	39.1466	39.1571	39.1445	39.1484	39.1313	39.13	39.1371	39.1293	39.1175	39.0933	39.1105	39.1112	39.0744	39.0961	39.106	39.0881	39.0703	39.0422	39.0373	39.027	39.0418	39.0385	39.0388	39.0517	39.4556
Sor-CPnd_027-Ex1-3C-lcwgs-1-3.clmp.r1r2_fastp	39.1848	39.0477	39.3769	39.4173	39.5557	39.4999	39.502	39.5414	39.588	39.5764	39.5856	39.5731	39.5534	39.5483	39.4911	39.5343	39.5762	39.4981	39.5116	39.5773	39.5813	39.5932	39.5992	39.5971	39.5866	39.5304	39.5442	39.5334	39.5298	39.5413	39.5167	39.529	39.5213	39.5328	39.5357	39.5269	39.5332	39.5057	39.5078	39.5162	39.5036	39.5039	39.5	39.4942	39.488	39.4926	39.496	39.4926	39.505	39.4902	39.4686	39.487	39.4654	39.4697	39.4672	39.4656	39.4769	39.4603	39.4479	39.4444	39.4437	39.4551	39.4419	39.4425	39.424	39.4277	39.4177	39.4219	39.412	39.4077	39.3962	39.3918	39.4023	39.3972	39.378	39.3907	39.3871	39.3841	39.381	39.3653	39.3698	39.3719	39.3557	39.3444	39.3505	39.3619	39.3539	39.3617	39.3351	39.3408	39.3203	39.3126	39.3015	39.3113	39.3185	39.2959	39.3024	39.2829	39.2861	39.2746	39.2778	39.2545	39.2499	39.2447	39.2383	39.2376	39.2434	39.227	39.2293	39.2337	39.221	39.2108	39.2228	39.211	39.2004	39.193	39.1828	39.1775	39.1723	39.1934	39.1779	39.1681	39.1509	39.1385	39.1464	39.1406	39.1468	39.1363	39.1431	39.118	39.1216	39.1282	39.1153	39.1106	39.0836	39.1018	39.1019	39.067	39.0791	39.0967	39.0774	39.0615	39.0272	39.0271	39.0218	39.0365	39.0321	39.0223	39.0498	39.4481
Sor-CPnd_028-Ex1-3A-lcwgs-1-3.clmp.r1r2_fastp	39.1735	39.048	39.3749	39.4152	39.5563	39.4973	39.505	39.5409	39.5918	39.5772	39.585	39.5733	39.5544	39.5522	39.4876	39.5309	39.5769	39.4981	39.5136	39.5792	39.582	39.5932	39.6012	39.5983	39.5893	39.5314	39.546	39.5352	39.5318	39.5418	39.5177	39.5303	39.5208	39.5334	39.5378	39.5304	39.5344	39.509	39.5104	39.5163	39.507	39.5072	39.4999	39.4973	39.4914	39.4994	39.4967	39.4959	39.506	39.492	39.4728	39.4908	39.4673	39.4706	39.4677	39.4706	39.4804	39.4678	39.452	39.4479	39.4489	39.4561	39.4434	39.4468	39.4262	39.4334	39.4248	39.426	39.416	39.4137	39.4026	39.3973	39.4065	39.3996	39.3873	39.3943	39.3925	39.3901	39.3857	39.3732	39.369	39.3812	39.357	39.3517	39.3547	39.3718	39.3575	39.3686	39.3411	39.3512	39.3291	39.321	39.3072	39.3146	39.3199	39.3034	39.3106	39.291	39.2936	39.2827	39.2848	39.2614	39.254	39.2499	39.2464	39.2445	39.2514	39.2337	39.2382	39.2426	39.2318	39.2248	39.2336	39.2208	39.211	39.205	39.1925	39.1887	39.1813	39.2031	39.1896	39.1815	39.1668	39.1512	39.1579	39.1566	39.161	39.1528	39.1512	39.1325	39.135	39.1398	39.1313	39.1213	39.0972	39.1168	39.1144	39.0838	39.1045	39.1145	39.0936	39.074	39.0447	39.0401	39.0375	39.0526	39.0465	39.0385	39.0662	39.462
Sor-CPnd_029-Ex1-8E-lcwgs-1-3.clmp.r1r2_fastp	39.2283	39.1457	39.4462	39.4865	39.5754	39.5414	39.5562	39.5842	39.6178	39.609	39.6117	39.5959	39.5945	39.572	39.5446	39.5765	39.6076	39.5487	39.5569	39.5967	39.602	39.6158	39.6242	39.6224	39.6148	39.5607	39.572	39.5619	39.5564	39.5663	39.5421	39.5547	39.5469	39.5545	39.5556	39.5508	39.5543	39.5299	39.5279	39.5346	39.5246	39.5214	39.5165	39.5109	39.5056	39.5111	39.5091	39.5075	39.5153	39.5031	39.4849	39.4969	39.4769	39.4809	39.4782	39.4783	39.4872	39.4718	39.4583	39.4559	39.4547	39.4616	39.4482	39.4511	39.4287	39.4371	39.4302	39.4337	39.4207	39.4197	39.4058	39.4005	39.4073	39.4014	39.389	39.3955	39.3933	39.3892	39.3876	39.3749	39.371	39.3795	39.3618	39.353	39.3565	39.3701	39.3576	39.3684	39.3433	39.3502	39.3316	39.3231	39.3096	39.3165	39.3207	39.3036	39.3084	39.2901	39.2946	39.2852	39.2882	39.2675	39.2632	39.2555	39.2478	39.2462	39.255	39.2361	39.2416	39.2471	39.2339	39.2267	39.2358	39.2242	39.2138	39.2052	39.1927	39.1906	39.1833	39.2052	39.1923	39.1861	39.1698	39.1547	39.1591	39.1573	39.1675	39.1557	39.1556	39.1354	39.1423	39.1447	39.1387	39.1255	39.1046	39.1216	39.12	39.0841	39.1029	39.1126	39.0963	39.0775	39.0488	39.0473	39.0349	39.0471	39.0463	39.0441	39.0633	39.4573
Sor-CPnd_030-Ex1-2H-lcwgs-1-3.clmp.r1r2_fastp	39.1585	39.2456	39.504	39.5065	39.6163	39.5539	39.5678	39.6164	39.6374	39.6374	39.6367	39.6184	39.6133	39.609	39.5483	39.5975	39.6287	39.5591	39.5688	39.6222	39.6234	39.6352	39.6412	39.6393	39.6292	39.5813	39.5919	39.5778	39.5767	39.585	39.5621	39.5729	39.5636	39.5739	39.5724	39.5645	39.5716	39.5447	39.5466	39.5536	39.5397	39.5404	39.5334	39.5292	39.5227	39.5261	39.5232	39.5201	39.532	39.5184	39.4982	39.5135	39.4958	39.4956	39.4902	39.4902	39.4988	39.4848	39.4735	39.4743	39.4671	39.4739	39.462	39.4611	39.4446	39.4476	39.4403	39.4403	39.4303	39.4282	39.4168	39.4109	39.4192	39.412	39.4002	39.4046	39.4075	39.3958	39.3984	39.3832	39.3848	39.3876	39.3728	39.3604	39.3634	39.3717	39.3657	39.3753	39.3481	39.3544	39.3328	39.3277	39.3127	39.324	39.3248	39.3084	39.3155	39.295	39.2947	39.2853	39.2907	39.268	39.2578	39.2562	39.2512	39.2422	39.2564	39.2352	39.2389	39.2458	39.23	39.2233	39.2306	39.2156	39.2101	39.1985	39.1912	39.1903	39.1808	39.2032	39.186	39.1812	39.165	39.1473	39.1622	39.1501	39.1591	39.149	39.1506	39.1236	39.1333	39.1342	39.1265	39.1128	39.0926	39.1052	39.1051	39.0755	39.091	39.1049	39.0747	39.0659	39.0365	39.0318	39.0202	39.0282	39.0287	39.023	39.0424	39.4494
Sor-CPnd_031-Ex1-5D-lcwgs-1-3.clmp.r1r2_fastp	39.159	39.1912	39.4745	39.4739	39.6064	39.5484	39.5607	39.6108	39.6316	39.6335	39.6358	39.6149	39.6074	39.6015	39.5447	39.5954	39.6305	39.553	39.5681	39.6284	39.6284	39.6405	39.6466	39.6447	39.6348	39.5849	39.596	39.5853	39.5825	39.5912	39.5691	39.5817	39.5724	39.5829	39.5841	39.5771	39.5795	39.5567	39.5575	39.5625	39.5533	39.5525	39.5467	39.5436	39.5384	39.5435	39.5412	39.537	39.5457	39.534	39.515	39.5274	39.5108	39.512	39.5094	39.5094	39.5196	39.5064	39.4936	39.4889	39.4869	39.495	39.4856	39.486	39.4681	39.4708	39.4655	39.4684	39.4554	39.4545	39.4432	39.4364	39.4443	39.4398	39.4254	39.4325	39.4319	39.4258	39.4222	39.4127	39.4078	39.4148	39.3992	39.3903	39.3931	39.4058	39.3953	39.4048	39.3809	39.3872	39.3671	39.3593	39.348	39.3539	39.3605	39.3407	39.3467	39.3299	39.3303	39.3221	39.3252	39.3039	39.299	39.2905	39.2865	39.2839	39.2922	39.2708	39.2818	39.2845	39.2722	39.267	39.2717	39.2604	39.2528	39.2425	39.2324	39.2264	39.2235	39.2414	39.2291	39.2213	39.2076	39.1929	39.1978	39.1964	39.2016	39.1903	39.1931	39.1737	39.1752	39.1781	39.1713	39.1602	39.1388	39.1595	39.1584	39.125	39.1392	39.1498	39.1348	39.1188	39.0895	39.0851	39.0755	39.0876	39.0822	39.0812	39.0941	39.4791
Sor-CPnd_033-Ex1-2F-lcwgs-1-3.clmp.r1r2_fastp	39.1847	39.2355	39.4931	39.4921	39.6107	39.5549	39.5668	39.6132	39.6376	39.637	39.6393	39.62	39.6125	39.609	39.5469	39.5999	39.6323	39.5608	39.5696	39.6279	39.6314	39.6429	39.6454	39.644	39.6351	39.5874	39.5978	39.5854	39.5824	39.5912	39.5681	39.5809	39.571	39.5815	39.5836	39.575	39.5774	39.5517	39.5556	39.5589	39.5497	39.5491	39.5459	39.5427	39.535	39.539	39.5357	39.5336	39.5422	39.5311	39.5124	39.5261	39.5073	39.5095	39.5033	39.5055	39.5154	39.5026	39.4902	39.488	39.4845	39.4939	39.4828	39.4806	39.4613	39.4658	39.4597	39.4581	39.4511	39.4505	39.4367	39.4311	39.4367	39.4304	39.4187	39.4246	39.4231	39.4174	39.4205	39.4064	39.4022	39.407	39.392	39.3844	39.3882	39.3977	39.3881	39.3968	39.3704	39.3794	39.3621	39.3531	39.3402	39.3472	39.3559	39.3335	39.3417	39.3237	39.323	39.3114	39.3193	39.2958	39.2962	39.2855	39.2814	39.2739	39.2864	39.2671	39.2651	39.274	39.2597	39.2589	39.2629	39.2557	39.2431	39.237	39.2264	39.215	39.213	39.2311	39.2205	39.2133	39.1985	39.1812	39.1925	39.1781	39.1926	39.1867	39.1798	39.1584	39.1659	39.1719	39.1699	39.1554	39.1297	39.1444	39.142	39.1125	39.1215	39.139	39.1147	39.1056	39.0773	39.0648	39.0648	39.0703	39.0719	39.0626	39.0906	39.4717
Sor-CPnd_034-Ex1-4G-lcwgs-1-3.clmp.r1r2_fastp	39.1035	39.2344	39.5043	39.5029	39.5986	39.5652	39.5787	39.6154	39.6327	39.638	39.6379	39.6188	39.6208	39.6009	39.5628	39.6023	39.6334	39.573	39.5782	39.6242	39.6222	39.638	39.6417	39.6431	39.6349	39.5836	39.5985	39.5868	39.5852	39.5912	39.5657	39.5793	39.5689	39.5817	39.5814	39.5729	39.5754	39.5542	39.5502	39.5597	39.5456	39.5459	39.5388	39.5322	39.5289	39.5315	39.5323	39.5286	39.5374	39.5216	39.5047	39.5142	39.5009	39.5035	39.4942	39.4985	39.5045	39.4934	39.4817	39.4814	39.4723	39.4834	39.4672	39.47	39.4534	39.4571	39.4454	39.4473	39.4395	39.4337	39.4229	39.4201	39.4264	39.419	39.4044	39.4108	39.4106	39.4036	39.4062	39.3871	39.3887	39.3956	39.3769	39.3651	39.3704	39.3839	39.3726	39.3809	39.3538	39.3636	39.3424	39.3368	39.3163	39.332	39.3302	39.314	39.3213	39.3002	39.3006	39.2936	39.291	39.2738	39.2656	39.2666	39.2596	39.2489	39.2632	39.2475	39.248	39.2505	39.2449	39.2295	39.2371	39.2291	39.2214	39.2085	39.1968	39.194	39.1905	39.2075	39.2002	39.1863	39.1742	39.154	39.1674	39.1581	39.1701	39.1548	39.1571	39.1376	39.1428	39.1413	39.1355	39.1207	39.0926	39.1218	39.1144	39.0759	39.0909	39.1076	39.0799	39.068	39.0521	39.0318	39.0291	39.0391	39.0333	39.0197	39.0442	39.4467
Sor-CPnd_036-Ex1-5C-lcwgs-1-3.clmp.r1r2_fastp	39.1299	39.202	39.4806	39.481	39.609	39.5458	39.5623	39.617	39.6332	39.6371	39.637	39.6166	39.608	39.6065	39.5425	39.5956	39.6309	39.5528	39.5669	39.6284	39.6282	39.6398	39.6439	39.6425	39.633	39.5815	39.5944	39.5842	39.579	39.5879	39.5643	39.5742	39.5665	39.5774	39.5787	39.5709	39.5754	39.5488	39.5495	39.5577	39.5452	39.5432	39.5384	39.5339	39.5283	39.5324	39.5303	39.5273	39.5367	39.5225	39.5025	39.5157	39.4969	39.4997	39.4945	39.496	39.5048	39.4905	39.4805	39.4747	39.4694	39.4807	39.4673	39.4676	39.4468	39.4531	39.4423	39.4453	39.4344	39.4342	39.4193	39.4141	39.4222	39.4158	39.3993	39.4091	39.4067	39.4005	39.3984	39.3862	39.3856	39.3895	39.3739	39.3614	39.3651	39.3768	39.3667	39.3748	39.3473	39.3571	39.3349	39.3306	39.3185	39.3226	39.3286	39.3113	39.3175	39.2983	39.3008	39.2888	39.2939	39.2679	39.2633	39.2577	39.2493	39.2485	39.261	39.2378	39.2446	39.2507	39.237	39.2268	39.234	39.2259	39.2168	39.2038	39.198	39.1947	39.1837	39.2049	39.1905	39.1844	39.1659	39.1498	39.1586	39.1503	39.1624	39.1481	39.1518	39.1283	39.132	39.1366	39.1322	39.1138	39.0917	39.111	39.1115	39.0724	39.0909	39.1053	39.0815	39.0686	39.0375	39.0334	39.0279	39.0365	39.0255	39.0264	39.0468	39.4503
Sor-CPnd_037-Ex1-6C-lcwgs-1-3.clmp.r1r2_fastp	38.9993	39.1557	39.4575	39.4593	39.6018	39.5243	39.5404	39.6113	39.6256	39.6307	39.6337	39.6225	39.5937	39.6138	39.5329	39.5881	39.6271	39.5413	39.5563	39.6338	39.6367	39.645	39.6489	39.6465	39.6373	39.5865	39.6008	39.587	39.5852	39.5941	39.5695	39.5813	39.5723	39.5845	39.5857	39.5817	39.5827	39.5558	39.5575	39.5665	39.5526	39.5531	39.5468	39.541	39.535	39.5406	39.5391	39.5361	39.5473	39.5302	39.5132	39.5246	39.5089	39.5069	39.5061	39.5061	39.5112	39.4984	39.4848	39.4808	39.4827	39.49	39.4729	39.4751	39.4557	39.4624	39.4523	39.4566	39.4458	39.4423	39.4306	39.4246	39.4319	39.4255	39.4115	39.4186	39.4169	39.408	39.4084	39.3957	39.3931	39.4003	39.3789	39.3721	39.372	39.3848	39.3741	39.3834	39.3545	39.3649	39.3496	39.3366	39.324	39.3306	39.3317	39.3195	39.3245	39.3049	39.3108	39.3006	39.3019	39.279	39.2737	39.2644	39.2565	39.2583	39.2698	39.2477	39.2518	39.2577	39.2457	39.2386	39.2388	39.2303	39.22	39.2119	39.2045	39.1982	39.1881	39.2084	39.1971	39.1932	39.1748	39.1596	39.1626	39.1634	39.1658	39.155	39.1612	39.1388	39.144	39.1486	39.1374	39.1243	39.0992	39.1208	39.1196	39.0836	39.0995	39.1102	39.0898	39.0717	39.042	39.0406	39.0274	39.0406	39.0362	39.0338	39.0509	39.4556
Sor-CPnd_038-Ex1-2A-lcwgs-1-3.clmp.r1r2_fastp	39.1507	39.076	39.3969	39.4222	39.5726	39.5095	39.5175	39.5613	39.604	39.5975	39.6025	39.587	39.5681	39.5733	39.5022	39.5537	39.5976	39.5154	39.5268	39.6005	39.6009	39.6116	39.6158	39.6174	39.6064	39.5516	39.5638	39.5521	39.5493	39.5608	39.5384	39.5519	39.5414	39.5522	39.5551	39.5491	39.5541	39.5272	39.5297	39.5376	39.5266	39.5286	39.5215	39.5178	39.5135	39.5181	39.5173	39.5139	39.5263	39.5132	39.4941	39.5088	39.4906	39.4922	39.4909	39.4915	39.4969	39.4857	39.468	39.4636	39.4705	39.4789	39.4643	39.4675	39.4492	39.4531	39.4465	39.4495	39.437	39.4358	39.4238	39.4197	39.4295	39.4222	39.4074	39.416	39.4133	39.4095	39.4057	39.3965	39.3926	39.4004	39.3797	39.3753	39.3748	39.3903	39.379	39.3904	39.3618	39.3696	39.3512	39.3418	39.3317	39.3392	39.3418	39.3266	39.3312	39.3136	39.3161	39.3054	39.3092	39.285	39.2818	39.2777	39.2709	39.2683	39.2766	39.2573	39.2619	39.2668	39.2571	39.2515	39.2568	39.2461	39.2368	39.2302	39.221	39.2134	39.2078	39.2253	39.2135	39.2054	39.1908	39.1772	39.1817	39.1789	39.1877	39.1752	39.1801	39.1573	39.1596	39.1632	39.1602	39.1461	39.1228	39.141	39.1431	39.1043	39.1241	39.1359	39.1174	39.0973	39.0716	39.0694	39.0633	39.0741	39.0698	39.0689	39.0896	39.4736
Sor-CPnd_041-Ex1-7A-lcwgs-1-3.clmp.r1r2_fastp	39.3112	39.184	39.4748	39.4413	39.5664	39.5096	39.5344	39.5898	39.6041	39.6093	39.6136	39.593	39.5777	39.5842	39.5119	39.5692	39.6081	39.5234	39.5348	39.6136	39.6151	39.626	39.6318	39.6309	39.62	39.5677	39.5818	39.5699	39.5692	39.5792	39.5569	39.5684	39.5619	39.5739	39.5771	39.5694	39.5731	39.5494	39.5522	39.558	39.5479	39.548	39.544	39.5404	39.5369	39.5431	39.5415	39.5397	39.5515	39.5393	39.5205	39.5335	39.518	39.5201	39.5184	39.5212	39.5307	39.5175	39.5082	39.5098	39.5029	39.5126	39.4996	39.5026	39.482	39.4883	39.4814	39.487	39.4757	39.475	39.463	39.4575	39.4687	39.4621	39.4487	39.4591	39.456	39.4528	39.4539	39.4386	39.4399	39.4471	39.4338	39.4182	39.4289	39.4382	39.4254	39.436	39.4079	39.4199	39.4017	39.3959	39.3815	39.3887	39.3964	39.3761	39.3869	39.3675	39.3705	39.3621	39.3664	39.3474	39.3412	39.3333	39.3294	39.3281	39.3371	39.3182	39.324	39.3294	39.3159	39.3101	39.3181	39.3106	39.3011	39.2919	39.2834	39.2789	39.2691	39.2917	39.2823	39.2735	39.2608	39.2437	39.2528	39.245	39.2615	39.254	39.2522	39.2269	39.2345	39.2417	39.231	39.2196	39.204	39.2182	39.2177	39.1886	39.1974	39.2139	39.1958	39.1848	39.1575	39.1544	39.1538	39.1621	39.1581	39.1535	39.1628	39.5068
Sor-CPnd_043-Ex1-1D-lcwgs-1-3.clmp.r1r2_fastp	39.2184	39.1463	39.446	39.4629	39.5525	39.5308	39.5454	39.5777	39.6099	39.6042	39.609	39.5857	39.5862	39.5651	39.5326	39.5675	39.6035	39.5373	39.5443	39.5919	39.5937	39.6076	39.6174	39.6168	39.6071	39.5562	39.5681	39.558	39.5533	39.5634	39.5416	39.5546	39.541	39.553	39.5546	39.5455	39.5527	39.5241	39.5266	39.5343	39.5227	39.5227	39.5162	39.5111	39.5062	39.5113	39.5097	39.5061	39.5187	39.5057	39.4847	39.4975	39.4773	39.4805	39.478	39.4796	39.4866	39.4744	39.4592	39.4571	39.4527	39.4637	39.4499	39.4538	39.4321	39.4362	39.4293	39.4339	39.4196	39.419	39.4051	39.3991	39.4081	39.4034	39.3892	39.3965	39.3953	39.3875	39.391	39.3749	39.3711	39.3796	39.3591	39.3514	39.355	39.371	39.3558	39.3664	39.3428	39.3487	39.3292	39.3228	39.3078	39.3165	39.3224	39.3029	39.3089	39.2882	39.2916	39.2823	39.2876	39.2613	39.2553	39.2484	39.243	39.2383	39.2542	39.2264	39.2366	39.2422	39.2296	39.2224	39.2276	39.2177	39.2078	39.1966	39.1886	39.187	39.1793	39.2016	39.1854	39.1801	39.1646	39.1468	39.1524	39.1456	39.1604	39.1464	39.1493	39.1306	39.133	39.1368	39.1296	39.114	39.0941	39.1108	39.111	39.0746	39.092	39.103	39.0842	39.0654	39.0374	39.0349	39.0295	39.0367	39.0357	39.0341	39.0501	39.4562
Sor-CPnd_044-Ex1-8G-lcwgs-1-3.clmp.r1r2_fastp	39.1907	39.1902	39.4651	39.5034	39.5764	39.5449	39.5661	39.5972	39.6241	39.6209	39.6193	39.6036	39.604	39.579	39.5541	39.5903	39.6179	39.561	39.5664	39.6039	39.6079	39.6252	39.6334	39.6295	39.6219	39.5695	39.5802	39.5709	39.5664	39.5737	39.5541	39.5628	39.553	39.5636	39.5662	39.5592	39.5621	39.5357	39.5367	39.5438	39.5296	39.5317	39.527	39.5194	39.5147	39.5189	39.5166	39.5134	39.525	39.5095	39.4881	39.501	39.4836	39.4854	39.4835	39.4815	39.493	39.4768	39.4671	39.4638	39.458	39.4654	39.4525	39.4556	39.4359	39.441	39.4331	39.4342	39.425	39.4213	39.4071	39.4027	39.4102	39.4044	39.3912	39.3982	39.3975	39.3925	39.3908	39.3777	39.3745	39.3829	39.3656	39.3536	39.3573	39.3715	39.3579	39.3679	39.3425	39.3473	39.3325	39.3231	39.3104	39.3167	39.323	39.3035	39.3114	39.2887	39.2904	39.2823	39.2852	39.2636	39.2583	39.25	39.2453	39.2423	39.254	39.2311	39.2367	39.2413	39.2324	39.2202	39.229	39.2139	39.2075	39.1991	39.1911	39.1827	39.1788	39.1991	39.1879	39.1811	39.1648	39.1472	39.1581	39.1472	39.1597	39.1457	39.148	39.1246	39.1302	39.1367	39.1306	39.115	39.0937	39.1112	39.1084	39.077	39.0927	39.1018	39.0777	39.0642	39.0361	39.0269	39.0265	39.0366	39.032	39.0253	39.0446	39.4519
Sor-CPnd_045-Ex1-7B-lcwgs-1-3.clmp.r1r2_fastp	39.1305	39.068	39.4003	39.4099	39.5575	39.5054	39.516	39.5668	39.5987	39.5924	39.5983	39.5869	39.5669	39.5695	39.5013	39.5481	39.5927	39.5088	39.522	39.5963	39.5977	39.6092	39.6142	39.6149	39.6027	39.5516	39.5651	39.553	39.5512	39.5607	39.5398	39.5511	39.5422	39.5549	39.5553	39.5468	39.5516	39.5258	39.5288	39.5349	39.5234	39.5232	39.5167	39.5143	39.5101	39.5146	39.5143	39.5104	39.5221	39.5085	39.4886	39.5017	39.4827	39.4868	39.4841	39.4857	39.4952	39.479	39.4629	39.4585	39.463	39.4699	39.4579	39.4595	39.4394	39.4461	39.4364	39.4419	39.4283	39.4296	39.4144	39.4085	39.4169	39.4091	39.3959	39.4074	39.4036	39.3986	39.3951	39.3809	39.3791	39.3888	39.367	39.3598	39.36	39.3776	39.3668	39.3779	39.3512	39.3609	39.3379	39.328	39.3154	39.3239	39.3276	39.311	39.316	39.2952	39.2997	39.2897	39.2918	39.2663	39.2621	39.2545	39.2499	39.2494	39.2599	39.2374	39.2424	39.2465	39.2353	39.2282	39.235	39.2215	39.2161	39.2032	39.1949	39.1894	39.1843	39.2029	39.1879	39.1833	39.1628	39.1543	39.1601	39.1545	39.1634	39.1504	39.1529	39.1326	39.1353	39.14	39.1295	39.1186	39.0943	39.1138	39.1146	39.0766	39.0969	39.1081	39.0883	39.069	39.0429	39.039	39.0318	39.0433	39.0416	39.0322	39.0556	39.4551
Sor-CPnd_046-Ex1-5A-lcwgs-1-3.clmp.r1r2_fastp	39.1917	39.2127	39.4933	39.4854	39.6116	39.5508	39.5713	39.6213	39.6384	39.641	39.6426	39.6199	39.6126	39.6112	39.5489	39.6008	39.634	39.5597	39.5713	39.6353	39.6389	39.6508	39.6533	39.6512	39.6447	39.5931	39.6022	39.5935	39.5892	39.6014	39.5771	39.5893	39.5786	39.5915	39.5941	39.5897	39.5899	39.5687	39.5691	39.5722	39.5625	39.5644	39.5583	39.553	39.5488	39.5544	39.5504	39.5525	39.5608	39.5491	39.5301	39.5422	39.5229	39.5277	39.5215	39.5243	39.5346	39.5187	39.5094	39.504	39.5025	39.5097	39.4955	39.501	39.4792	39.4844	39.4796	39.4823	39.4733	39.4701	39.4594	39.4515	39.4598	39.4564	39.4403	39.4472	39.4442	39.441	39.4401	39.4287	39.428	39.4331	39.4185	39.407	39.4118	39.4223	39.4117	39.4218	39.3954	39.4005	39.3865	39.3745	39.3641	39.3698	39.3777	39.3613	39.3643	39.3492	39.3502	39.3409	39.3478	39.3227	39.3233	39.3111	39.3038	39.2992	39.3111	39.2936	39.3009	39.3057	39.2878	39.2829	39.2921	39.2819	39.2715	39.2625	39.2548	39.2517	39.2456	39.2629	39.2461	39.2494	39.2296	39.2143	39.2199	39.219	39.2257	39.2182	39.2181	39.1978	39.1986	39.2067	39.2	39.1845	39.1621	39.1849	39.1818	39.1479	39.1568	39.1754	39.1507	39.1359	39.1116	39.1124	39.1017	39.1122	39.1083	39.0974	39.1176	39.4879
Sor-CPnd_049-Ex1-3B-lcwgs-1-3.clmp.r1r2_fastp	39.2185	39.1656	39.4519	39.4681	39.5845	39.5343	39.5419	39.5839	39.6187	39.6129	39.6163	39.5971	39.5915	39.5807	39.5252	39.5688	39.6085	39.532	39.5407	39.6066	39.6086	39.6184	39.6262	39.6229	39.6117	39.563	39.5755	39.5604	39.5572	39.5655	39.5475	39.556	39.5466	39.5612	39.5621	39.5546	39.5585	39.533	39.5361	39.5368	39.5314	39.5272	39.5228	39.5166	39.514	39.5199	39.5173	39.5199	39.5253	39.5157	39.491	39.5043	39.4909	39.4915	39.4894	39.4891	39.4953	39.4877	39.4745	39.4732	39.4692	39.4764	39.4638	39.4636	39.4439	39.4514	39.4439	39.4492	39.4346	39.4269	39.4221	39.4152	39.4219	39.4204	39.4049	39.4114	39.4093	39.4022	39.4021	39.3878	39.3856	39.3934	39.3768	39.3647	39.3669	39.3845	39.3736	39.3828	39.3507	39.3644	39.3393	39.3316	39.3231	39.3256	39.3349	39.3137	39.3262	39.2998	39.3073	39.2909	39.3007	39.2761	39.2653	39.2573	39.2545	39.2542	39.2623	39.2409	39.2522	39.2477	39.2374	39.2401	39.2442	39.2198	39.2175	39.2125	39.2048	39.1943	39.189	39.2094	39.1946	39.1885	39.1714	39.1618	39.1595	39.1562	39.1702	39.1594	39.1601	39.1311	39.1362	39.145	39.137	39.1261	39.1021	39.1164	39.1185	39.0824	39.109	39.1085	39.0993	39.0724	39.0411	39.0475	39.0351	39.0489	39.0405	39.0328	39.0592	39.4593
Sor-CPnd_050-Ex1-3F-lcwgs-1-3.clmp.r1r2_fastp	39.2127	39.1583	39.4447	39.4649	39.5806	39.526	39.5359	39.5783	39.612	39.6067	39.6106	39.5945	39.5817	39.5755	39.5215	39.5652	39.6016	39.5278	39.5383	39.6011	39.6037	39.6139	39.6201	39.619	39.6089	39.555	39.5689	39.5561	39.5545	39.5616	39.54	39.5494	39.5416	39.5556	39.5544	39.5483	39.554	39.5258	39.5275	39.5352	39.524	39.5227	39.5194	39.5137	39.509	39.5149	39.5122	39.51	39.5181	39.5074	39.4885	39.5024	39.4832	39.4853	39.482	39.4838	39.4912	39.4791	39.4682	39.4627	39.463	39.4695	39.4575	39.4574	39.4368	39.4445	39.4355	39.4394	39.4307	39.4289	39.4161	39.4097	39.4191	39.4092	39.3967	39.4049	39.4054	39.3973	39.3978	39.3816	39.3825	39.3902	39.3751	39.3607	39.3706	39.3813	39.3686	39.3803	39.3519	39.3606	39.3437	39.3362	39.3235	39.3275	39.3328	39.314	39.3244	39.3023	39.3057	39.2943	39.2993	39.2773	39.273	39.2656	39.2618	39.2606	39.2705	39.2482	39.2553	39.2583	39.2487	39.2374	39.245	39.2349	39.2253	39.2157	39.2098	39.2018	39.1981	39.2155	39.2037	39.1956	39.1844	39.1665	39.1744	39.1696	39.1767	39.1669	39.17	39.1498	39.1523	39.1587	39.1506	39.1386	39.1158	39.1316	39.131	39.1	39.116	39.1263	39.1101	39.0894	39.0662	39.0591	39.0553	39.0633	39.0582	39.0532	39.077	39.4662
Sor-CPnd_052-Ex1-6D-lcwgs-1-3.clmp.r1r2_fastp	38.9932	39.2472	39.5074	39.4917	39.6129	39.55	39.572	39.6389	39.6443	39.654	39.6557	39.6355	39.623	39.6265	39.5636	39.6167	39.6508	39.5763	39.5878	39.6497	39.6525	39.6611	39.6651	39.6644	39.6545	39.605	39.6167	39.6072	39.6037	39.6123	39.5902	39.601	39.5939	39.6014	39.6055	39.5966	39.6039	39.5768	39.5774	39.5822	39.5732	39.5715	39.5669	39.5616	39.5544	39.5585	39.56	39.5549	39.5637	39.5508	39.5301	39.5428	39.5272	39.5267	39.5258	39.5258	39.5322	39.5218	39.5109	39.5084	39.5025	39.5088	39.4976	39.4975	39.4783	39.4841	39.4762	39.4797	39.4667	39.4652	39.4546	39.446	39.454	39.4506	39.4371	39.4423	39.4442	39.4359	39.4383	39.4248	39.4185	39.4259	39.4115	39.4021	39.4056	39.4154	39.404	39.4109	39.3919	39.3996	39.381	39.3727	39.3582	39.3618	39.3678	39.3553	39.3584	39.3402	39.3412	39.3345	39.3379	39.3166	39.3108	39.3026	39.2956	39.2949	39.3036	39.2855	39.2908	39.2969	39.2794	39.2764	39.2796	39.2725	39.2634	39.2508	39.244	39.2424	39.2324	39.2509	39.2388	39.2307	39.2169	39.2045	39.2115	39.2008	39.2159	39.2009	39.2042	39.1827	39.1826	39.1918	39.1852	39.1746	39.1572	39.17	39.1583	39.1343	39.1481	39.1593	39.141	39.1226	39.0983	39.0876	39.083	39.0902	39.0909	39.0834	39.1028	39.4864
Sor-CPnd_053-Ex1-2C-lcwgs-1-3.clmp.r1r2_fastp	39.1315	39.1179	39.4236	39.4476	39.5833	39.5198	39.5273	39.5774	39.6098	39.6077	39.6105	39.5946	39.5785	39.5833	39.5143	39.5665	39.6061	39.5273	39.5382	39.6036	39.6071	39.6197	39.6241	39.623	39.6118	39.5594	39.5708	39.5562	39.5558	39.5655	39.5439	39.555	39.5439	39.556	39.5599	39.5517	39.5533	39.5293	39.5311	39.5375	39.5257	39.5269	39.5216	39.5133	39.5098	39.5135	39.5123	39.51	39.5199	39.5079	39.4909	39.5019	39.4844	39.4843	39.4843	39.48	39.4876	39.4757	39.4596	39.4605	39.4587	39.4657	39.4531	39.4555	39.4334	39.4391	39.4335	39.432	39.4249	39.4218	39.4074	39.4046	39.4091	39.4061	39.3912	39.3977	39.3952	39.3877	39.3878	39.3732	39.3731	39.3799	39.3616	39.3532	39.3559	39.3719	39.3581	39.3671	39.3398	39.3475	39.3275	39.3179	39.3103	39.3148	39.3191	39.2989	39.3097	39.2854	39.2874	39.2776	39.2826	39.2583	39.2537	39.2455	39.2398	39.2419	39.2478	39.2262	39.2355	39.2372	39.2248	39.2145	39.2278	39.2133	39.1991	39.1965	39.1859	39.1774	39.1735	39.1896	39.181	39.1663	39.1567	39.1386	39.1415	39.141	39.1472	39.1418	39.1392	39.1184	39.1167	39.1232	39.1204	39.1039	39.0799	39.0991	39.0962	39.0614	39.0804	39.0917	39.0682	39.0569	39.0256	39.0188	39.0136	39.0199	39.0192	39.0184	39.0424	39.4498
Sor-CPnd_054-Ex1-8F-lcwgs-1-3.clmp.r1r2_fastp	39.1739	39.2205	39.4806	39.5194	39.5911	39.553	39.572	39.6096	39.6308	39.6312	39.6291	39.6129	39.6157	39.5911	39.5578	39.5944	39.6246	39.5633	39.5693	39.617	39.6186	39.6352	39.6432	39.6406	39.633	39.5819	39.5942	39.5799	39.5792	39.5871	39.5622	39.5722	39.5653	39.5796	39.5787	39.5713	39.5722	39.5483	39.5487	39.5562	39.5449	39.544	39.5353	39.5322	39.5245	39.5295	39.5269	39.5259	39.5343	39.5235	39.5005	39.5137	39.495	39.4981	39.4912	39.4978	39.5037	39.492	39.4807	39.4805	39.4742	39.4787	39.4701	39.4707	39.4503	39.4534	39.4447	39.4491	39.4398	39.4365	39.4257	39.4172	39.4256	39.4227	39.4051	39.4152	39.4173	39.4079	39.4109	39.3917	39.3921	39.3994	39.3822	39.3668	39.3779	39.3863	39.3741	39.3845	39.3604	39.3665	39.3514	39.3386	39.3299	39.3348	39.3431	39.3225	39.3243	39.3092	39.3139	39.3015	39.315	39.2862	39.2747	39.2688	39.2613	39.2663	39.2667	39.2455	39.25	39.2587	39.2481	39.2481	39.2512	39.2411	39.2256	39.2141	39.21	39.1969	39.1911	39.2143	39.2096	39.1889	39.179	39.1643	39.168	39.1737	39.1753	39.1669	39.171	39.1425	39.161	39.1587	39.1556	39.1388	39.1134	39.1361	39.1247	39.1001	39.1099	39.1284	39.1083	39.0866	39.0585	39.0678	39.0515	39.0526	39.055	39.0631	39.0645	39.4658
Sor-CPnd_055-Ex1-7G-lcwgs-1-3.clmp.r1r2_fastp	39.1284	39.233	39.4994	39.4775	39.5818	39.5404	39.563	39.6194	39.6291	39.6355	39.6355	39.614	39.6087	39.6009	39.5477	39.5985	39.6291	39.5588	39.5638	39.6259	39.6236	39.6374	39.6424	39.6395	39.6284	39.581	39.5926	39.5829	39.5782	39.5859	39.5638	39.5742	39.5644	39.5769	39.5786	39.5699	39.5734	39.5466	39.547	39.5547	39.5418	39.5428	39.5369	39.5309	39.5249	39.5289	39.5277	39.5238	39.534	39.5193	39.498	39.5133	39.4942	39.4968	39.4926	39.4918	39.5022	39.4845	39.4751	39.4747	39.4665	39.4765	39.4629	39.4629	39.4448	39.4476	39.4431	39.447	39.4309	39.4304	39.4162	39.4136	39.4171	39.4121	39.3983	39.4048	39.4049	39.3978	39.3988	39.3848	39.3792	39.3875	39.3708	39.3585	39.3657	39.3753	39.3648	39.3734	39.3438	39.3555	39.3374	39.3287	39.3131	39.3193	39.3259	39.3075	39.3124	39.2886	39.2942	39.2849	39.2854	39.2656	39.26	39.2556	39.2476	39.2477	39.2565	39.2384	39.2384	39.2412	39.233	39.2217	39.2286	39.2189	39.2102	39.2	39.1952	39.1845	39.179	39.1966	39.1839	39.1776	39.1621	39.1503	39.1567	39.1498	39.1548	39.1448	39.1462	39.1273	39.1254	39.1341	39.1274	39.1158	39.0938	39.1046	39.1052	39.0655	39.0881	39.1011	39.0813	39.0583	39.0285	39.0302	39.018	39.0305	39.0268	39.0191	39.0446	39.4497
Sor-CPnd_058-Ex1-2G-lcwgs-1-3.clmp.r1r2_fastp	39.1471	39.2688	39.5192	39.5143	39.6193	39.5647	39.5852	39.6333	39.6506	39.6528	39.6507	39.6303	39.6296	39.6213	39.5682	39.6172	39.6472	39.5807	39.5848	39.6383	39.6391	39.6502	39.6568	39.6537	39.6426	39.5979	39.608	39.5956	39.5921	39.5986	39.5768	39.5909	39.5753	39.5868	39.5887	39.5793	39.5867	39.5631	39.5608	39.5657	39.5552	39.5551	39.55	39.5419	39.5357	39.5403	39.5379	39.534	39.5423	39.5306	39.5131	39.5255	39.5072	39.5062	39.5048	39.5057	39.5113	39.5012	39.4883	39.4904	39.4807	39.491	39.4749	39.4773	39.4565	39.4628	39.4531	39.4555	39.4417	39.4418	39.4327	39.4268	39.4318	39.4254	39.412	39.4192	39.4204	39.4113	39.4127	39.3964	39.3919	39.4025	39.3838	39.3758	39.3791	39.3923	39.377	39.3901	39.3616	39.3672	39.351	39.342	39.3292	39.3348	39.3395	39.3211	39.3268	39.3088	39.3141	39.3004	39.3083	39.2851	39.2743	39.2719	39.2639	39.2627	39.2753	39.2516	39.258	39.2572	39.2476	39.2374	39.2445	39.2313	39.2251	39.2204	39.2029	39.2016	39.1986	39.2099	39.2024	39.1933	39.1808	39.1644	39.165	39.1651	39.177	39.1662	39.1619	39.135	39.1438	39.1511	39.1377	39.1248	39.1111	39.1282	39.119	39.0858	39.1027	39.1066	39.0924	39.0828	39.0475	39.0462	39.0337	39.0471	39.0403	39.0336	39.0604	39.4566
Sor-CPnd_063-Ex1-7D-lcwgs-1-3.clmp.r1r2_fastp	39.1618	39.2176	39.4884	39.4689	39.5804	39.5344	39.5512	39.6084	39.6195	39.626	39.6263	39.6073	39.598	39.594	39.5377	39.5854	39.6185	39.5444	39.5545	39.6202	39.6192	39.6303	39.6362	39.6345	39.6248	39.5723	39.5864	39.575	39.5712	39.5793	39.5587	39.5694	39.5612	39.5708	39.572	39.5646	39.5672	39.5448	39.5471	39.5521	39.5394	39.5385	39.5358	39.5287	39.524	39.5288	39.5268	39.5225	39.5337	39.5214	39.4979	39.512	39.4966	39.4973	39.4945	39.4973	39.5037	39.4876	39.4784	39.4783	39.4717	39.4792	39.4662	39.4681	39.4476	39.4525	39.4472	39.4487	39.4388	39.4293	39.4196	39.4159	39.4233	39.4177	39.4033	39.4122	39.4101	39.4036	39.4061	39.393	39.3867	39.3945	39.3781	39.3701	39.3729	39.3834	39.3721	39.3811	39.3566	39.3644	39.3422	39.3394	39.3246	39.3312	39.3344	39.319	39.3265	39.3047	39.3069	39.2959	39.3017	39.2781	39.2728	39.266	39.2593	39.2606	39.2699	39.2439	39.2501	39.2567	39.2464	39.2344	39.2444	39.2286	39.2227	39.2137	39.2045	39.1996	39.1997	39.2157	39.1991	39.1895	39.1764	39.1625	39.1696	39.1619	39.1714	39.1646	39.1641	39.1424	39.1453	39.1495	39.1456	39.1285	39.1064	39.1248	39.1248	39.0889	39.1066	39.1211	39.0983	39.0794	39.0524	39.0515	39.0445	39.0529	39.0521	39.0432	39.065	39.4624
Sor-CPnd_066-Ex1-8B-lcwgs-1-3.clmp.r1r2_fastp	39.1439	39.0476	39.3802	39.4561	39.5623	39.5296	39.5441	39.5636	39.6087	39.5849	39.5995	39.5888	39.5831	39.5514	39.5255	39.5601	39.5959	39.5323	39.5371	39.5846	39.5848	39.6104	39.6216	39.6077	39.6071	39.5552	39.5658	39.5531	39.5527	39.5589	39.5344	39.5519	39.5478	39.546	39.5482	39.5435	39.5539	39.5172	39.5209	39.5381	39.5273	39.5234	39.5192	39.5184	39.5055	39.5096	39.5182	39.5145	39.5141	39.5076	39.4904	39.496	39.4762	39.4899	39.4748	39.4857	39.5005	39.4769	39.4705	39.4642	39.4621	39.4699	39.4556	39.4614	39.4411	39.4384	39.4336	39.4422	39.424	39.4135	39.4059	39.4079	39.4184	39.419	39.4002	39.3957	39.4138	39.4023	39.4081	39.3853	39.3917	39.3943	39.3656	39.3588	39.352	39.3811	39.3714	39.3929	39.3372	39.3475	39.3352	39.3227	39.3059	39.3201	39.315	39.3061	39.3184	39.2858	39.2804	39.2742	39.2922	39.2671	39.2589	39.2438	39.2304	39.2311	39.2383	39.2419	39.2336	39.2398	39.235	39.2174	39.2191	39.2034	39.2029	39.2002	39.1862	39.1891	39.1676	39.2102	39.1591	39.1631	39.1346	39.1303	39.1303	39.1467	39.1625	39.1248	39.1423	39.1202	39.1207	39.1308	39.1143	39.1142	39.0526	39.088	39.0868	39.0626	39.0683	39.1127	39.0869	39.0469	39.0407	39.0208	39.0391	39.035	39.0098	39.0229	39.0597	39.4697
Sor-CPnd_069-Ex1-6B-lcwgs-1-3.clmp.r1r2_fastp	39.0384	39.1377	39.4395	39.4421	39.5998	39.5216	39.5308	39.6019	39.6245	39.6257	39.6271	39.6211	39.5909	39.609	39.525	39.5816	39.6246	39.5369	39.5541	39.634	39.6324	39.6419	39.6449	39.6433	39.6358	39.5848	39.597	39.5868	39.5846	39.5898	39.5707	39.5802	39.5722	39.5843	39.5855	39.5803	39.5826	39.5578	39.56	39.5641	39.5527	39.553	39.5518	39.5438	39.5389	39.5427	39.5407	39.5417	39.5484	39.5376	39.518	39.5304	39.5114	39.5123	39.5108	39.5121	39.5199	39.5075	39.4904	39.4872	39.4882	39.4944	39.4862	39.4846	39.4641	39.4724	39.464	39.4668	39.4554	39.4524	39.4391	39.4367	39.4441	39.4371	39.4216	39.4285	39.4273	39.4238	39.4187	39.4085	39.4058	39.4106	39.3897	39.387	39.3863	39.4007	39.389	39.396	39.3743	39.3817	39.3615	39.353	39.3416	39.3474	39.3508	39.3337	39.3436	39.3229	39.3242	39.3162	39.318	39.2928	39.2932	39.2832	39.2797	39.2775	39.2816	39.2636	39.2678	39.2753	39.2622	39.2488	39.263	39.254	39.2403	39.2304	39.2213	39.2153	39.2064	39.2284	39.2176	39.2101	39.1896	39.1792	39.1806	39.1826	39.1843	39.1771	39.1795	39.1606	39.1599	39.1656	39.1571	39.1425	39.1232	39.1404	39.1342	39.1048	39.1234	39.1324	39.1134	39.0956	39.0666	39.0627	39.0534	39.0646	39.0575	39.0562	39.0785	39.4697
Sor-CPnd_072-Ex1-8C-lcwgs-1-3.clmp.r1r2_fastp	39.1055	38.9808	39.335	39.4167	39.5395	39.5002	39.499	39.5282	39.5844	39.5639	39.5768	39.5688	39.5538	39.5375	39.5042	39.5347	39.572	39.5088	39.5191	39.5677	39.5714	39.5875	39.5985	39.5957	39.5834	39.5312	39.5431	39.5316	39.5274	39.5383	39.5154	39.5275	39.5191	39.5309	39.5341	39.5258	39.5314	39.5041	39.5053	39.5132	39.5003	39.5007	39.4963	39.4908	39.4873	39.4914	39.4901	39.4873	39.4981	39.4838	39.4635	39.4792	39.4595	39.4629	39.4587	39.4623	39.4691	39.4546	39.4375	39.4334	39.4359	39.4436	39.4315	39.4337	39.4133	39.4183	39.4123	39.4156	39.4051	39.3993	39.388	39.3815	39.3904	39.3846	39.3695	39.377	39.3745	39.3699	39.3658	39.3559	39.353	39.3601	39.3353	39.3316	39.329	39.3496	39.3393	39.3505	39.3232	39.3292	39.3089	39.2965	39.2862	39.2942	39.2988	39.281	39.2877	39.2678	39.2688	39.2617	39.2631	39.2361	39.2311	39.2264	39.219	39.2169	39.2258	39.2066	39.2143	39.2193	39.205	39.1997	39.2035	39.195	39.1841	39.1738	39.165	39.1593	39.1534	39.1724	39.1582	39.1531	39.1324	39.1216	39.1299	39.1203	39.1319	39.1176	39.1196	39.1004	39.1035	39.1048	39.0994	39.0852	39.064	39.085	39.0832	39.0489	39.0655	39.0801	39.0571	39.0427	39.0096	39.0086	39.0015	39.014	39.0098	39.0048	39.0308	39.4448
