Sample	1	2	3	4	5	6	7	8	9	10	11	12	13	14	15	16	17	18	19	20	21	22	23	24	25	26	27	28	29	30	31	32	33	34	35	36	37	38	39	40	41	42	43	44	45	46	47	48	49	50	51	52	53	54	55	56	57	58	59	60	61	62	63	64	65	66	67	68	69	70	71	72	73	74	75	76	77	78	79	80	81	82	83	84	85	86	87	88	89	90	91	92	93	94	95	96	97	98	99	100	101	102	103	104	105	106	107	108	109	110	111	112	113	114	115	116	117	118	119	120	121	122	123	124	125	126	127	128	129	130	131	132	133	134	135	136	137	138	139	140	141	142	143	144	145	146	147	148	149	150
Sor-CPnd_001-Ex1-3E-lcwgs-1-3.clmp.r1r2_fastp	0.0	0.02457	0.0	0.0030056099999999997	0.0	0.0	0.0	0.0	0.0	0.0	0.0	0.000181061	0.0	7.24244e-05	0.000253485	0.000162955	0.019572700000000002	0.0104291	0.0	0.0	1.81061e-05	3.62122e-05	0.0186312	0.0	0.00032591	0.0201159	0.0	0.0	0.0	0.000126743	0.000488865	3.62122e-05	0.0	0.000126843	0.00865179	0.00016343100000000001	0.015583900000000001	0.0	0.0	0.0	0.0	0.0	0.0	1.84624e-05	0.0	0.0	0.0	0.0	0.0	0.0	3.7896e-05	0.0	1.9126599999999997e-05	0.0	0.0	3.88534e-05	0.000390719	0.000196478	1.97639e-05	0.00017897	0.017450399999999998	6.0429199999999994e-05	0.011964200000000001	2.04187e-05	0.0	0.0	4.17403e-05	4.20628e-05	0.00924196	0.0	0.0	2.17256e-05	0.0	0.0	0.0	2.2509299999999998e-05	0.0	4.58638e-05	0.00449151	0.000140278	0.0	0.0	0.0	4.8683499999999996e-05	0.000122982	0.0	2.5122e-05	7.61833e-05	0.0117584	0.0	0.0	0.0	0.0	2.71641e-05	0.000247313	5.5609900000000004e-05	5.6277e-05	0.0	0.0	0.000175075	0.0	0.00011965999999999999	0.00811934	0.0	0.0	3.14774e-05	3.1888400000000005e-05	0.00019386299999999998	0.0	0.0	0.0008070190000000001	0.0	0.0	0.0	0.0	3.6014500000000006e-05	3.65245e-05	0.0	0.0	0.0	0.0102481	0.0	3.98194e-05	0.0	0.0	0.0	0.0	0.0	0.00013079499999999998	0.0	0.0	0.0	0.000649795	0.0199929	0.0	0.000292192	0.0034153699999999996	0.00473112	0.0	5.20944e-05	0.0	0.0	0.0	0.0	0.0	5.7869e-05	0.0	0.0	0.0	0.0
Sor-CPnd_002-Ex1-5E-lcwgs-1-3.clmp.r1r2_fastp	0.0	0.0200295	1.88247e-05	0.00242839	0.0	0.0	0.0	0.0	0.0	0.0	0.0	0.000169422	0.0	0.000150598	0.000188247	0.000112948	0.0169611	0.00832053	0.0	0.0	1.88247e-05	5.6474199999999995e-05	0.0152668	1.88247e-05	0.000244721	0.0169987	0.0	0.0	0.0	0.000150598	0.000225897	5.6474199999999995e-05	1.88247e-05	7.54245e-05	0.007708609999999999	0.000246213	0.014055599999999998	0.0	0.0	0.0	0.0	0.0	0.0	1.95921e-05	0.0	0.0	0.0	0.0	0.0	0.0	0.0	0.0	0.0	2.1116e-05	0.0	2.1503399999999998e-05	0.000325584	0.000328763	2.2133799999999998e-05	0.000223571	0.0174154	0.000159755	0.011461800000000001	4.66194e-05	0.0	0.0	9.63775e-05	4.87338e-05	0.00956263	0.0	0.0	5.10452e-05	0.0	0.0	0.0	2.67783e-05	0.0	0.000109789	0.00519644	0.00011255799999999999	0.0	0.0	2.9227499999999998e-05	0.0	5.9957700000000004e-05	0.0	3.07539e-05	0.00012459800000000002	0.0109491	0.0	0.0	0.0	0.0	3.36621e-05	0.000272819	3.45549e-05	7.00355e-05	0.0	0.0	3.6433599999999996e-05	7.38393e-05	0.00014966599999999999	0.010655999999999999	0.0	0.0	0.0	4.00298e-05	8.11615e-05	0.0	4.17065e-05	0.0009302259999999999	8.5751e-05	0.0	0.0	4.47149e-05	0.0	0.0	0.0	0.0	0.000191976	0.0117822	0.0	5.01133e-05	0.00010170100000000001	0.0	0.0	0.0	0.0	0.0	0.0	0.0	0.000114566	0.000756198	0.023861800000000002	0.0	0.000182739	0.00445503	0.005156040000000001	6.39088e-05	0.00019493499999999998	0.0	0.0	0.0	0.0	0.0	0.00014362699999999999	0.0	0.0	0.0	0.0
Sor-CPnd_003-Ex1-2B-lcwgs-1-3.clmp.r1r2_fastp	0.0	0.029509300000000002	1.52188e-05	0.00350033	0.0	0.0	0.0	0.0	0.0	0.0	0.0	0.00019784500000000001	1.52188e-05	9.13129e-05	0.000213063	0.00010653199999999999	0.0246545	0.0118098	0.0	0.0	4.56564e-05	6.08752e-05	0.022189	0.0	0.00025872	0.024274	0.0	0.0	0.0	0.00010653199999999999	0.000578315	1.52188e-05	1.52188e-05	6.0928800000000005e-05	0.0101253	0.000167964	0.019239199999999998	0.0	0.0	0.0	1.54251e-05	0.0	3.1026e-05	1.55623e-05	0.0	0.0	0.0	0.0	0.0	0.0	3.2032499999999995e-05	0.0	0.0	3.25224e-05	0.0	1.64409e-05	0.000496046	0.000598806	0.0	0.00021887700000000003	0.0253127	6.82129e-05	0.0160495	3.45621e-05	0.0	0.0	3.52984e-05	3.55576e-05	0.0135408	0.0	0.0	0.0	0.0	0.0	0.0	3.78697e-05	0.0	9.629239999999999e-05	0.006974039999999999	7.83921e-05	0.0	0.0	0.0	0.0	6.14933e-05	4.13717e-05	2.08771e-05	8.42865e-05	0.013910999999999998	0.0	0.0	0.0	0.0	4.46137e-05	0.000202715	2.27436e-05	0.000114841	0.0	0.0	0.00014199999999999998	4.78095e-05	7.244639999999999e-05	0.013809	0.0	2.4911e-05	7.55115e-05	2.54406e-05	0.000282835	0.0	0.0	0.00124784	2.6843399999999998e-05	0.0	0.0	0.0	0.0	0.0	0.0	0.0	0.00026448	0.0148362	3.00851e-05	3.04465e-05	9.24516e-05	0.0	3.15739e-05	0.0	0.0	3.2776999999999995e-05	0.0	0.0	3.4054e-05	0.000689938	0.028904199999999998	3.54175e-05	0.000323049	0.00560303	0.00711977	3.7409e-05	7.5908e-05	0.0	0.0	0.0	0.0	8.16565e-05	4.14296e-05	0.0	0.0	0.0	0.0
Sor-CPnd_004-Ex1-1G-lcwgs-1-3.clmp.r1r2_fastp	0.0	0.0230641	2.0565399999999998e-05	0.00277633	0.0	0.0	0.0	0.0	0.0	1.0282699999999999e-05	3.08481e-05	0.000123392	0.0	0.000123392	0.00011311	0.00013367499999999998	0.0187042	0.009655450000000001	0.0	0.0	3.08481e-05	8.22615e-05	0.018148900000000003	0.0	0.000308481	0.0182826	1.0282699999999999e-05	0.0	0.0	0.000123392	0.00046272100000000003	1.0282699999999999e-05	0.0	8.232629999999999e-05	0.0081581	0.000268127	0.015325199999999999	0.0	0.0	0.0	0.0	0.0	0.0	2.0977799999999998e-05	0.0	0.0	0.0	0.0	0.0	0.0	2.15582e-05	1.08309e-05	1.08858e-05	1.09432e-05	0.0	2.2133499999999997e-05	0.000389639	0.00033602699999999997	2.2544e-05	0.00015884500000000001	0.0169403	0.000184038	0.0113881	4.6681199999999996e-05	3.5276e-05	0.0	1.1945800000000002e-05	2.40877e-05	0.00849037	0.0	0.0	8.72978e-05	0.0	0.0	0.0	0.0	0.0	1.32168e-05	0.00440644	9.44511e-05	0.0	0.0	0.0	0.0	7.12262e-05	0.00010084699999999999	2.9143200000000002e-05	0.000162139	0.00966265	0.0	0.0	0.0	0.0	1.58282e-05	0.000256403	1.62245e-05	9.856750000000001e-05	0.0	0.0	0.00011948199999999999	1.72913e-05	5.25581e-05	0.009656769999999999	0.0	0.0	5.54352e-05	3.74595e-05	0.000132915	0.0	0.0	0.000910494	2.0074300000000002e-05	0.0	0.0	0.0	2.1250500000000003e-05	0.0	0.0	2.22031e-05	0.000202826	0.00992769	0.0	0.0	0.000119714	0.0	0.0	0.0	2.54757e-05	0.000155313	2.63023e-05	0.0	2.7165100000000002e-05	0.0006626119999999999	0.020096600000000003	2.85381e-05	0.00043527200000000006	0.00410253	0.00444389	0.0	3.11116e-05	0.0	0.0	0.0	0.0	0.0	0.000242783	0.0	0.0	0.0	0.0
Sor-CPnd_005-Ex1-3D-lcwgs-1-3.clmp.r1r2_fastp	0.0	0.0366434	0.0	0.00396495	0.0	0.0	0.0	0.0	0.0	0.0	0.0	0.000155488	0.0	0.000103659	0.000310976	0.000129574	0.032808000000000004	0.0141235	0.0	0.0	2.59147e-05	0.000103659	0.028687599999999997	0.0	0.00038872099999999997	0.0325489	5.18294e-05	0.0	0.0	0.000233232	0.000518294	2.59147e-05	2.59147e-05	0.000233334	0.014552299999999999	0.000389344	0.0262352	0.0	0.0	0.0	2.6075e-05	0.0	0.0	2.61774e-05	0.0	0.0	0.0	0.0	0.0	0.0	0.0	0.0	0.0	2.6692400000000002e-05	0.0	2.6828200000000002e-05	0.000349722	0.000728366	0.0	0.00024422699999999996	0.0285005	0.00024577	0.0198364	5.49864e-05	0.0	0.0	2.7798299999999998e-05	8.37201e-05	0.0157195	0.0	0.0	2.83848e-05	0.0	0.0	0.0	0.0	0.0	0.000116881	0.00675627	0.00014766899999999998	0.0	0.0	0.0	3.0215300000000002e-05	0.000212774	3.0579e-05	0.0	0.000247698	0.0146136	0.0	0.0	0.0	0.0	0.0	0.000162194	0.0	6.580480000000001e-05	0.0	0.0	0.00030274999999999996	3.38956e-05	0.000204942	0.012186	0.0	3.49732e-05	0.00014103399999999998	0.0	0.00010752799999999999	0.0	0.0	0.0013238899999999999	3.70999e-05	0.0	0.0	0.0	0.0	0.0	0.0	0.0	0.00043935499999999994	0.0159324	0.0	4.1145e-05	0.0	0.0	0.0	0.0	4.33325e-05	8.75967e-05	0.0	0.0	9.05418e-05	0.000732571	0.025421100000000002	0.0	0.0005213430000000001	0.00546839	0.00485661	0.0	4.9824900000000005e-05	0.0	0.0	0.0	0.0	0.0	5.3973e-05	0.0	0.0	0.0	0.0
Sor-CPnd_006-Ex1-2D-lcwgs-1-3.clmp.r1r2_fastp	0.0	0.0261209	9.97742e-06	0.00334244	0.0	0.0	0.0	0.0	0.0	0.0	9.97742e-06	0.00020952599999999997	0.0	0.000139684	0.000239458	0.000129707	0.0213816	0.0113942	0.0	0.0	9.97742e-06	4.9887100000000006e-05	0.0201444	0.0	0.000259413	0.02208	1.99548e-05	0.0	9.97742e-06	0.000159639	0.000688442	1.99548e-05	0.0	0.00013981199999999998	0.00965826	0.000280347	0.017541400000000002	0.0	0.0	0.0	0.0	0.0	0.0	1.02206e-05	0.0	0.0	0.0	0.0	0.0	0.0	0.0	3.18233e-05	0.0	2.14608e-05	1.0795800000000001e-05	4.34539e-05	0.000502937	0.000429226	0.0	0.000200843	0.0214184	0.00010187099999999999	0.014093800000000002	6.893289999999999e-05	3.4735100000000006e-05	0.0	4.7054999999999996e-05	5.93024e-05	0.0118403	0.0	0.0	3.6823200000000003e-05	0.0	0.0	0.0	1.27323e-05	0.0	0.000103816	0.006223640000000001	9.26156e-05	0.0	0.0	0.0	0.0	5.56298e-05	2.80987e-05	1.41935e-05	0.00022944	0.011894499999999999	0.0	0.0	0.0	0.0	1.52665e-05	0.000231442	3.1193000000000004e-05	9.459610000000001e-05	0.0	0.0	0.000114042	3.29449e-05	6.66315e-05	0.0110845	0.0	3.44623e-05	8.71467e-05	7.05194e-05	0.00014268	0.0	1.82576e-05	0.00108989	1.8692399999999997e-05	1.89171e-05	1.91442e-05	0.0	3.92292e-05	0.0	0.0	0.0	0.000164924	0.0134881	2.1146499999999998e-05	2.14219e-05	8.6802e-05	0.0	0.0	4.51437e-05	2.28724e-05	0.000139095	0.0	0.0	7.246350000000001e-05	0.0010532	0.0247135	5.0381900000000006e-05	0.000357719	0.00619553	0.00581389	5.3413200000000006e-05	0.000135602	0.0	0.0	2.84683e-05	0.0	0.0	0.00023817699999999998	0.0	0.0	0.0	0.0
Sor-CPnd_007-Ex1-1C-lcwgs-1-3.clmp.r1r2_fastp	0.0	0.0319889	3.46952e-05	0.0036776899999999995	0.0	0.0	0.0	0.0	0.0	0.0	0.0	0.000242866	0.0	0.00013878099999999998	6.93903e-05	0.000312256	0.0277908	0.0145373	0.0	0.0	3.46952e-05	0.00013878099999999998	0.0255356	0.0	0.00034695200000000004	0.027548	0.0	0.0	0.0	0.00010408499999999999	0.000728598	0.0	0.0	0.00013892	0.011544500000000001	0.000313426	0.0229895	0.0	0.0	0.0	0.0	0.0	0.0	3.55261e-05	0.0	0.0	0.0	0.0	0.0	0.0	3.6547699999999996e-05	3.67169e-05	0.0	0.0	0.0	7.49114e-05	0.000527113	0.000340661	3.80597e-05	0.000229623	0.0269803	0.000193547	0.018882200000000002	3.91652e-05	0.0	0.0	7.97784e-05	0.0	0.0154717	0.0	0.0	0.0	0.0	0.0	0.0	4.23308e-05	0.0	4.29268e-05	0.007955	0.0	0.0	0.0	0.0	8.96764e-05	4.517e-05	9.10096e-05	9.16942e-05	0.000184768	0.014940799999999999	0.0	0.0	0.0	0.0	4.8347800000000005e-05	0.00024361100000000002	0.0	0.000197929	0.0	0.0	0.000202747	5.10986e-05	0.000206059	0.0117931	0.0	5.28301e-05	0.000106559	0.0	0.00010842999999999999	0.0	5.51755e-05	0.0007792890000000001	0.0	0.0	0.0	5.777e-05	0.0	5.88779e-05	0.0	0.0	0.000242574	0.015559	0.0	0.0	6.320800000000001e-05	0.0	0.0	0.0	0.0	6.673579999999999e-05	0.0	0.0	0.0	0.000768739	0.0300563	0.0	0.000289794	0.00608821	0.00824618	0.000150536	0.000152597	0.0	0.0	0.0	0.0	0.0	0.0	0.0	0.0	0.0	0.0
Sor-CPnd_008-Ex1-1A-lcwgs-1-3.clmp.r1r2_fastp	0.0	0.060238200000000006	3.14477e-05	0.00742167	0.0	0.0	0.0	0.0	0.0	0.0	3.14477e-05	0.000267306	1.57239e-05	0.00020441	0.000298754	0.000235858	0.0574315	0.029961799999999997	0.0	0.0	7.861940000000001e-06	0.000172963	0.056000600000000005	1.57239e-05	0.00047957800000000004	0.0598451	3.14477e-05	0.0	7.861940000000001e-06	0.000227996	0.0009277090000000001	7.07574e-05	0.0	0.000149402	0.0284306	0.000471969	0.056939000000000003	0.0	0.0	0.0	0.0	0.0	0.0	1.57638e-05	0.0	0.0	0.0	0.0	0.0	0.0	0.0	0.0	7.9098e-06	0.0	0.0	5.5452e-05	0.000570671	0.00094371	7.934780000000001e-06	0.000579574	0.0724824	0.000317968	0.0477254	7.1636e-05	7.96502e-06	0.0	1.59532e-05	0.00010377499999999999	0.039792799999999996	0.0	0.0	0.00011212699999999999	0.0	0.0	0.0	3.2157500000000005e-05	8.04774e-06	0.000201407	0.0209287	0.00023414499999999997	0.0	0.0	1.6203900000000003e-05	2.4334800000000003e-05	0.000162428	3.25253e-05	8.141509999999999e-06	0.000326062	0.0406221	0.0	0.0	0.0	0.0	4.9306000000000005e-05	0.000288029	2.4725300000000002e-05	0.000165088	0.0	0.0	0.00029032	8.309100000000001e-05	0.000191447	0.035865400000000006	0.0	4.18527e-05	5.87104e-05	2.52131e-05	0.00020213200000000002	0.0	4.2296e-05	0.00342544	5.0994e-05	0.0	8.54119e-06	8.56335e-06	0.0	8.60937e-06	0.0	3.46326e-05	0.000347337	0.04373	8.73626e-06	1.75287e-05	6.15513e-05	0.0	8.8534e-06	1.77691e-05	3.56655e-05	0.00016109	8.98365e-06	9.01887e-06	0.000181105	0.0014002799999999998	0.070666	2.75107e-05	0.000985553	0.015435	0.0166262	4.6731400000000005e-05	4.69883e-05	0.0	0.0	0.0	9.61941e-06	3.8662200000000004e-05	0.000262432	9.76704e-06	0.0	9.87782e-06	0.0
Sor-CPnd_009-Ex1-6A-lcwgs-1-3.clmp.r1r2_fastp	0.0	0.038287800000000004	0.0	0.0050787900000000006	0.0	0.0	0.0	0.0	0.0	0.0	0.0	0.000262522	0.0	0.000151455	0.000323104	0.000131261	0.033915799999999996	0.0162864	0.0	0.0	4.0388e-05	0.000131261	0.030311200000000003	0.0	0.00040388	0.0317954	0.0	0.0	0.0	0.000262522	0.00063611	6.05819e-05	1.0097e-05	0.000131337	0.0145079	0.000394629	0.0277031	0.0	0.0	0.0	0.0	0.0	0.0	3.07316e-05	0.0	0.0	0.0	0.0	0.0	0.0	3.12952e-05	1.0463499999999999e-05	0.0	1.05297e-05	1.05647e-05	6.36038e-05	0.000393589	0.000629851	2.14276e-05	0.00019355299999999998	0.030512699999999997	0.00017335499999999998	0.0210896	4.3677499999999996e-05	0.0	0.0	1.10534e-05	4.4401800000000006e-05	0.0175369	0.0	0.0	0.00010169	0.0	0.0	0.0	3.45474e-05	1.15724e-05	0.000104675	0.00832307	0.000164495	0.0	0.0	0.0	0.0	0.00012061299999999999	7.27522e-05	0.0	0.000208347	0.015366300000000001	0.0	0.0	0.0	2.51961e-05	5.0679599999999995e-05	0.00019114200000000002	1.28173e-05	0.000116038	0.0	0.0	0.000170687	3.96362e-05	0.000119666	0.0130347	0.0	2.7121099999999997e-05	5.46101e-05	5.4985400000000004e-05	0.000304544	0.0	1.4043e-05	0.0011882800000000001	5.7008999999999996e-05	1.4360099999999998e-05	1.4471100000000001e-05	0.0	1.4702000000000001e-05	0.0	0.0	1.50699e-05	0.000167176	0.0135201	0.0	3.12052e-05	0.000110214	0.0	0.0	0.0	3.26869e-05	0.000115527	0.0	0.0	3.40131e-05	0.0006529579999999999	0.026845	3.50983e-05	0.000337064	0.00581114	0.00531434	0.000110084	7.4265e-05	0.0	0.0	0.0	0.0	1.9736e-05	0.000179839	2.0216e-05	0.0	0.0	0.0
Sor-CPnd_010-Ex1-1H-lcwgs-1-3.clmp.r1r2_fastp	0.0	0.0310841	0.0	0.00460207	0.0	0.0	0.0	0.0	0.0	0.0	0.0	8.0738e-05	0.0	0.0	0.00048442799999999996	0.0	0.028096799999999998	0.0134025	0.0	0.0	8.0738e-05	0.0	0.026966499999999997	0.0	0.000322952	0.0292272	8.0738e-05	0.0	0.0	0.000322952	0.000322952	0.0	0.0	8.07935e-05	0.0121289	0.000242828	0.023258400000000002	0.0	0.0	0.0	0.0	0.0	0.0	8.20697e-05	0.0	0.0	0.0	0.0	0.0	0.0	0.0	0.0	0.0	0.0	0.0	0.0	0.00017133	0.00051616	0.0	0.00017354599999999998	0.0236243	8.75717e-05	0.0168956	0.0	0.0	0.0	0.0	0.0	0.014622999999999999	0.0	0.0	9.240950000000001e-05	0.0	0.0	0.0	0.0	0.0	0.0	0.007152930000000001	0.000292004	0.0	0.0	0.0	0.0	0.0	0.0	0.0	0.000205775	0.0147142	0.0	0.0	0.0	0.0	0.0	0.0	0.0	0.0	0.0	0.0	0.0	0.0	0.00011447100000000001	0.012121300000000002	0.0	0.0	0.00023682699999999997	0.0	0.00024093700000000001	0.0	0.000122609	0.000866208	0.00037460900000000003	0.0	0.0	0.0	0.0	0.0	0.0	0.0	0.000405088	0.0132306	0.0	0.0	0.00014082800000000001	0.0	0.0	0.0	0.0	0.00014896900000000002	0.0	0.0	0.000308726	0.00062495	0.0235672	0.0	0.00016222399999999998	0.0044366200000000005	0.0056614199999999995	0.0	0.0	0.0	0.0	0.0	0.0	0.0	0.000186496	0.0	0.0	0.0	0.0
Sor-CPnd_012-Ex1-5B-lcwgs-1-3.clmp.r1r2_fastp	0.0	0.030127099999999997	0.0	0.0035679600000000002	0.0	0.0	0.0	0.0	0.0	0.0	0.0	0.000105561	2.11122e-05	8.44488e-05	0.000232234	0.000147785	0.026685800000000003	0.013786300000000001	0.0	0.0	8.44488e-05	8.44488e-05	0.0256724	4.22244e-05	0.000274459	0.026896899999999998	0.0	0.0	0.0	0.00016889799999999998	0.000527805	2.11122e-05	0.0	0.000126852	0.0117755	0.000275898	0.021891400000000002	0.0	0.0	0.0	4.30914e-05	0.0	0.0	6.54513e-05	0.0	0.0	0.0	0.0	0.0	0.0	2.26595e-05	0.0	2.29414e-05	2.30884e-05	0.0	0.00011697	0.000541664	0.0005453529999999999	0.0	0.000408644	0.0279358	0.00024379500000000002	0.0200351	7.41945e-05	0.0	2.50992e-05	0.0	0.0	0.0168374	0.0	0.0	0.0	0.0	0.0	2.6887899999999997e-05	2.7104900000000002e-05	0.0	2.7546099999999997e-05	0.00846997	0.000139981	0.0	0.0	0.0	0.0	0.000116686	0.000117655	0.0	5.97964e-05	0.0170026	0.0	0.0	0.0	0.0	3.14255e-05	0.000158454	0.0	6.446159999999999e-05	0.0	0.0	0.000297657	3.33591e-05	3.36503e-05	0.0150391	0.0	0.0	3.48632e-05	3.51777e-05	0.0	0.0	0.0	0.0018612300000000002	3.68368e-05	3.71803e-05	3.75345e-05	0.0	0.0	0.0	0.0	0.0	0.000159245	0.019063899999999998	0.0	4.10503e-05	8.29441e-05	0.0	0.0	0.0	0.0	0.000131182	0.0	0.0	0.0	0.000594046	0.031613300000000004	0.0	0.000520218	0.00703389	0.00736095	0.0	0.000148927	0.0	0.0	0.0	5.2291200000000005e-05	0.0	5.35969e-05	0.0	0.0	0.0	0.0
Sor-CPnd_013-Ex1-7F-lcwgs-1-3.clmp.r1r2_fastp	0.0	0.0238744	0.0	0.00269172	0.0	0.0	0.0	0.0	0.0	0.0	0.0	4.68125e-05	0.0	9.362509999999999e-05	0.00025746899999999997	0.000140438	0.0199656	0.0103456	0.0	0.0	0.0	9.362509999999999e-05	0.018491	2.34063e-05	0.000163844	0.0197315	0.0	0.0	0.0	0.000140438	0.00025746899999999997	4.68125e-05	0.0	0.000187684	0.00870519	0.000165247	0.0153565	0.0	0.0	0.0	0.0	0.0	0.0	2.4645500000000003e-05	0.0	0.0	0.0	0.0	0.0	0.0	0.000104263	0.0	0.0	0.0	0.0	2.72911e-05	0.000220451	0.00050084	2.80941e-05	0.00014186600000000001	0.0198862	8.68242e-05	0.0154652	0.0	2.98401e-05	0.0	3.04696e-05	0.0	0.012230600000000001	0.0	0.0	0.0	0.0	0.0	0.0	0.0	0.0	0.0	0.0073567599999999995	7.01818e-05	0.0	0.0	0.0	0.0	3.70913e-05	0.0	3.79279e-05	0.000153418	0.013844500000000001	0.0	0.0	0.0	0.0	8.19952e-05	0.000207282	4.19189e-05	0.000339125	0.0	0.0	4.38532e-05	4.4351700000000004e-05	0.00017943699999999998	0.0115712	4.5901e-05	4.6433e-05	4.69768e-05	4.75293e-05	4.808549999999999e-05	0.0	0.0	0.00109554	0.0	0.0	0.0	0.0	0.0	5.35129e-05	0.0	0.0	0.000166585	0.0136613	0.0	0.0	0.0	0.0	0.0	6.06466e-05	0.0	0.000124494	0.0	0.0	6.47586e-05	0.00104994	0.0280006	0.0	0.000273392	0.00589146	0.00541283	7.13e-05	0.00014470099999999998	0.0	0.0	0.0	0.0	0.0	0.000316382	0.0	0.0	0.0	0.0
Sor-CPnd_014-Ex1-1F-lcwgs-1-3.clmp.r1r2_fastp	0.0	0.026694799999999998	0.0	0.00347303	0.0	0.0	0.0	0.0	0.0	0.0	1.07858e-05	0.000194144	1.07858e-05	9.707220000000001e-05	0.00025885899999999996	0.00016178700000000001	0.0228659	0.0110662	0.0	0.0	5.3929e-05	6.471479999999999e-05	0.0198351	1.07858e-05	0.00033436	0.021754899999999997	1.07858e-05	0.0	0.0	0.000172573	0.000636362	3.2357399999999996e-05	1.07858e-05	0.000118725	0.00963547	0.000313574	0.0175164	0.0	0.0	0.0	1.09004e-05	0.0	0.0	1.09818e-05	0.0	0.0	0.0	0.0	0.0	0.0	1.12708e-05	2.26454e-05	0.0	2.2869399999999998e-05	1.14946e-05	3.46718e-05	0.000534634	0.000537773	2.35214e-05	0.000213016	0.021271699999999998	0.000155845	0.0135296	1.2153500000000001e-05	1.22407e-05	0.0	0.0	8.76282e-05	0.0118974	0.0	0.0	5.1707100000000005e-05	0.0	0.0	0.0	6.68975e-05	0.0	6.8122e-05	0.0054315	0.000166553	0.0	0.0	1.42811e-05	0.0	0.00010193	8.82284e-05	1.48505e-05	0.000209996	0.011317299999999999	0.0	0.0	0.0	0.0	3.1894200000000004e-05	0.00033841700000000004	1.62866e-05	0.00013168400000000002	0.0	1.68193e-05	3.4007499999999996e-05	3.4381800000000003e-05	0.000173816	0.009825529999999999	0.0	0.0	5.45384e-05	3.67824e-05	7.44207e-05	0.0	1.9045099999999998e-05	0.00121409	3.90072e-05	0.0	0.0	0.0	0.0	0.0	0.0	2.12572e-05	0.000236815	0.0125595	0.0	6.71199e-05	6.80058e-05	0.0	0.0	0.0	0.0	2.42467e-05	0.0	0.0	7.58538e-05	0.000718091	0.0240924	0.0	0.000267878	0.00467616	0.00524403	8.4096e-05	8.54391e-05	0.0	0.0	0.0	0.0	0.0	6.273329999999999e-05	0.0	0.0	0.0	0.0
Sor-CPnd_015-Ex1-5F-lcwgs-1-3.clmp.r1r2_fastp	0.0	0.027866799999999997	0.0	0.00326046	0.0	0.0	0.0	0.0	0.0	0.0	0.0	0.000254724	0.0	7.641709999999999e-05	0.00015283400000000002	0.00015283400000000002	0.020887299999999998	0.0114371	0.0	0.0	5.09447e-05	5.09447e-05	0.020887299999999998	0.0	0.00015283400000000002	0.022008100000000003	0.0	0.0	0.0	5.09447e-05	0.000331141	2.54724e-05	0.0	5.10457e-05	0.0101569	0.000307906	0.0173525	0.0	0.0	0.0	2.61967e-05	0.0	0.0	2.6645e-05	0.0	0.0	0.0	0.0	0.0	0.0	0.0	0.0	2.84772e-05	5.74278e-05	0.0	2.92011e-05	0.00023565900000000001	0.000534895	0.0	0.00027223600000000003	0.0246	9.2405e-05	0.0161965	3.13762e-05	0.0	0.0	0.0	3.2591e-05	0.0127353	0.0	0.0	6.77641e-05	0.0	0.0	0.0	3.52481e-05	0.0	7.1938e-05	0.00653974	0.000110107	0.0	0.0	0.0	0.0	0.0	7.80466e-05	3.9418099999999994e-05	0.000119453	0.0142003	0.0	0.0	0.0	4.18929e-05	8.46445e-05	0.000256546	0.0	8.72902e-05	0.0	0.0	0.000180031	4.54792e-05	0.000183828	0.014442900000000002	0.0	0.0	9.5873e-05	0.0	0.000146916	0.0	0.0	0.00111242	5.111459999999999e-05	0.0	0.0	0.0	0.0	0.0	0.0	5.52224e-05	0.00016756	0.015704700000000002	5.71279e-05	0.0	5.84653e-05	0.0	5.9851499999999994e-05	6.05593e-05	0.0	0.000186074	6.277270000000001e-05	0.0	0.0	0.000716391	0.030929699999999997	0.0	0.000608704	0.00568618	0.006732320000000001	7.03507e-05	0.0	0.0	0.0	0.0	0.0	7.64483e-05	0.00023251	7.84897e-05	0.0	8.06628e-05	0.0
Sor-CPnd_016-Ex1-1B-lcwgs-1-3.clmp.r1r2_fastp	0.0	0.053800400000000005	5.94808e-06	0.0061979	0.0	0.0	0.0	0.0	0.0	0.0	2.37923e-05	0.00023197500000000001	1.18962e-05	0.000130858	0.000202235	0.00028550799999999996	0.048572	0.0246429	0.0	0.0	0.0	9.51693e-05	0.0459132	0.0	0.000386625	0.0496784	1.78442e-05	0.0	2.97404e-05	0.000190339	0.000791094	6.54289e-05	0.0	0.000172535	0.0218111	0.000541736	0.045695700000000006	0.0	0.0	0.0	0.0	0.0	0.0	0.0	0.0	0.0	0.0	0.0	0.0	0.0	6.016939999999999e-06	6.02341e-06	1.20602e-05	0.0	1.81326e-05	7.86704e-05	0.00051503	0.000606698	1.8224900000000002e-05	0.000425819	0.054933	0.000286704	0.035156400000000004	4.8943299999999996e-05	0.0	0.0	1.8440599999999998e-05	0.000104669	0.0289255	0.0	6.18918e-06	1.2401e-05	0.0	0.0	6.23633e-06	1.2497499999999999e-05	1.2523199999999999e-05	0.000150593	0.015254600000000002	0.00016384	0.0	6.32943e-06	1.26873e-05	6.358050000000001e-06	0.00010196200000000001	3.1936599999999995e-05	1.28044e-05	0.000301612	0.028618699999999997	0.0	0.0	0.0	0.0	5.86189e-05	0.000228561	1.30951e-05	0.00010504399999999999	0.0	6.60206e-06	0.000284712	6.640859999999999e-05	0.00015986199999999998	0.024113199999999998	6.702549999999999e-06	1.34484e-05	2.6985800000000002e-05	3.38454e-05	0.00016302	6.81648e-06	1.3682500000000002e-05	0.00203253	2.7571000000000004e-05	0.0	0.0	0.0	7.004119999999999e-06	0.0	7.06407e-06	1.41907e-05	0.00032787800000000003	0.0280478	0.0	2.1689000000000002e-05	0.00010172100000000001	0.0	1.46817e-05	7.379570000000001e-06	7.419320000000001e-06	6.71418e-05	7.502440000000001e-06	0.0	8.34999e-05	0.00122193	0.0474821	1.54651e-05	0.000645916	0.0103096	0.00981315	3.17795e-05	5.60384e-05	0.0	0.0	0.0	0.0	3.3303e-05	0.000151052	0.0	0.0	2.57593e-05	0.0
Sor-CPnd_017-Ex1-3G-lcwgs-1-3.clmp.r1r2_fastp	0.0	0.022116200000000003	0.0	0.0031776100000000004	0.0	0.0	0.0	0.0	0.0	0.0	0.0	0.000127105	0.0	0.0	0.000381314	0.000127105	0.020463799999999997	0.00915153	0.0	0.0	0.0	0.000127105	0.018811500000000002	0.0	0.0	0.0217349	0.0	0.0	0.0	0.000127105	0.0	0.0	0.0	0.0	0.008663549999999999	0.0	0.014700800000000002	0.0	0.0	0.0	0.0	0.0	0.0	0.0	0.0	0.0	0.0	0.0	0.0	0.0	0.0	0.0	0.0	0.0	0.0	0.0	0.00028049	0.000423771	0.0	0.000286702	0.0181988	0.00014557399999999999	0.0114466	0.0	0.0	0.0	0.0	0.0	0.01036	0.0	0.0	0.0	0.0	0.0	0.0	0.0	0.0	0.000338534	0.00564677	0.000172971	0.0	0.0	0.0	0.0	0.0	0.0	0.0	0.0	0.011094699999999999	0.0	0.0	0.0	0.0	0.0	0.0	0.000207707	0.0	0.0	0.0	0.00043628300000000004	0.0	0.000223588	0.0101875	0.0	0.0	0.00023531500000000002	0.000238384	0.00024148199999999998	0.0	0.0	0.000502134	0.0	0.0	0.0	0.0	0.0	0.0	0.0	0.0	0.0	0.008348659999999999	0.0	0.0	0.0	0.0	0.0	0.0	0.0	0.0	0.0	0.0	0.0	0.000686226	0.0261306	0.0	0.000718672	0.00365182	0.00742341	0.0	0.0	0.0	0.0	0.0	0.0	0.0	0.0	0.0	0.0	0.0	0.0
Sor-CPnd_018-Ex1-1E-lcwgs-1-3.clmp.r1r2_fastp	0.0	0.0237685	0.0	0.00322874	0.0	0.0	0.0	0.0	0.0	0.0	0.0	0.00019869200000000001	2.4836500000000002e-05	9.93459e-05	0.000124182	0.000173855	0.019695300000000002	0.00923916	0.0	0.0	4.9672900000000003e-05	4.9672900000000003e-05	0.0185777	2.4836500000000002e-05	0.000124182	0.0183541	4.9672900000000003e-05	0.0	0.0	7.45094e-05	0.000521566	2.4836500000000002e-05	0.0	9.94648e-05	0.00762069	0.000299395	0.0147768	0.0	0.0	0.0	2.5302000000000003e-05	0.0	0.0	0.0	0.0	0.0	0.0	0.0	0.0	0.0	0.0	2.6821899999999998e-05	0.0	0.0	0.0	0.0	0.0005006090000000001	0.00042044699999999995	0.0	0.000170872	0.017601600000000002	0.000231652	0.0136367	0.0	2.97176e-05	0.0	6.05272e-05	6.10918e-05	0.010484199999999999	0.0	0.0	6.34874e-05	0.0	0.0	0.0	0.0	0.0	6.75163e-05	0.00481055	6.897190000000001e-05	0.0	0.0	3.56344e-05	0.0	0.0	0.0	0.0	0.000113028	0.00914475	0.0	0.0	0.0	0.0	4.0355399999999997e-05	0.000244982	4.13141e-05	0.000125397	0.0	0.0	0.000216596	0.0	0.00017751899999999998	0.00849096	0.0	0.0	4.66175e-05	9.43982e-05	9.5596e-05	0.0	4.90328e-05	0.000943819	0.00010062499999999999	0.0	0.0	0.0	0.0	0.0	0.0	0.0	0.000335841	0.013337	0.0	0.0	0.0	0.0	6.09061e-05	0.000123591	6.27085e-05	0.000127252	0.0	0.0	0.0	0.0005403890000000001	0.021266	0.0	0.00028289900000000003	0.00524469	0.00510946	0.0	0.0	0.0	0.0	0.0	0.0	0.0	8.35134e-05	0.0	0.0	0.0	0.0
Sor-CPnd_019-Ex1-6G-lcwgs-1-3.clmp.r1r2_fastp	0.0	0.026274799999999997	0.0	0.0032799899999999996	0.0	0.0	0.0	0.0	0.0	0.0	0.0	0.000174468	0.0	0.000127943	0.000186099	5.8155899999999997e-05	0.020971	0.010258699999999999	0.0	0.0	3.48935e-05	2.32624e-05	0.019552	1.16312e-05	0.000220992	0.021180400000000002	1.16312e-05	0.0	2.32624e-05	0.00023262400000000001	0.00041872299999999997	2.32624e-05	0.0	6.99032e-05	0.00897762	0.000245767	0.0173115	0.0	0.0	0.0	0.0	0.0	0.0	2.4179300000000004e-05	0.0	0.0	0.0	0.0	0.0	0.0	2.52904e-05	2.54762e-05	0.0	2.5863399999999997e-05	0.0	3.94151e-05	0.00042390200000000004	0.000520941	0.0	0.000122273	0.0219825	0.00013826	0.0146191	4.22302e-05	1.42062e-05	0.0	5.7892299999999995e-05	1.46108e-05	0.0116532	0.0	0.0	4.55597e-05	0.0	0.0	0.0	3.16206e-05	0.0	3.22748e-05	0.00665249	4.94253e-05	0.0	0.0	0.0	0.0	0.000138933	0.000105307	0.0	0.000161367	0.012849399999999999	0.0	0.0	0.0	0.0	1.9133e-05	0.00025146200000000004	0.0	0.000177982	0.0	0.0	0.00010223699999999999	2.06782e-05	0.00012548	0.010872199999999999	0.0	2.16432e-05	4.37872e-05	8.85937e-05	6.7224e-05	0.0	2.29421e-05	0.00132322	4.69816e-05	0.0	0.0	2.4356e-05	0.0	0.0	0.0	0.0	0.000103585	0.0141076	0.0	5.378459999999999e-05	0.000108948	0.0	0.0	5.66211e-05	2.8680099999999997e-05	5.81188e-05	2.9445800000000002e-05	0.0	3.0242e-05	0.00067445	0.0254519	3.15031e-05	0.000511005	0.00595946	0.00624296	6.6685e-05	0.000135403	0.0	0.0	0.0	0.0	3.65213e-05	7.41461e-05	0.0	0.0	0.0	0.0
Sor-CPnd_020-Ex1-2E-lcwgs-1-3.clmp.r1r2_fastp	0.0	0.0313429	0.0	0.0035686	0.0	0.0	0.0	0.0	0.0	0.0	0.0	0.00028431100000000004	9.80384e-06	9.80384e-05	0.0002549	0.000156861	0.0264213	0.012764600000000001	0.0	0.0	1.96077e-05	4.90192e-05	0.023588	0.0	0.000313723	0.025421299999999997	2.94115e-05	0.0	1.96077e-05	0.000245096	0.000578426	3.9215300000000004e-05	9.80384e-06	0.00016676600000000002	0.0114172	0.00033407200000000004	0.0207641	0.0	0.0	0.0	0.0	0.0	0.0	9.94885e-06	0.0	0.0	0.0	0.0	0.0	0.0	3.04269e-05	0.0	0.0	0.0	0.0	5.1642700000000006e-05	0.00047702100000000005	0.000624808	3.13749e-05	0.000273129	0.0233745	0.000159038	0.0158317	4.28263e-05	0.0	0.0	3.26288e-05	3.28104e-05	0.0128031	0.0	0.0	5.5991e-05	0.0	0.0	0.0	3.4467e-05	2.31331e-05	4.65859e-05	0.006438620000000001	5.9057599999999995e-05	0.0	0.0	1.20729e-05	0.0	9.80484e-05	6.175230000000001e-05	1.24463e-05	0.000188162	0.0127193	0.0	0.0	0.0	1.3063600000000001e-05	0.0	0.000225872	0.0	0.000121684	0.0	0.0	5.55627e-05	4.20592e-05	7.07536e-05	0.010886	0.0	0.0	0.000117669	2.97112e-05	9.00321e-05	1.51601e-05	0.0	0.000990578	1.56414e-05	0.0	0.0	1.6155599999999998e-05	0.0	0.0	0.0	3.3791700000000004e-05	0.000119651	0.014129100000000002	0.0	7.08362e-05	1.7924499999999998e-05	0.0	0.0	0.0	3.76876e-05	9.542820000000001e-05	0.0	0.0	0.0	0.0008851929999999999	0.0257777	0.0	0.00031446400000000003	0.00574168	0.00597668	0.00013138100000000002	0.00011117600000000001	0.0	0.0	0.0	0.0	4.80418e-05	0.000146355	0.0	0.0	0.0	0.0
Sor-CPnd_022-Ex1-7C-lcwgs-1-3.clmp.r1r2_fastp	0.0	0.030106	2.55244e-05	0.0038286600000000002	0.0	0.0	0.0	0.0	0.0	0.0	1.27622e-05	0.000127622	0.0	0.000178671	0.000127622	8.933529999999999e-05	0.025945500000000003	0.013311	0.0	0.0	2.55244e-05	5.10488e-05	0.024477899999999997	1.27622e-05	0.00040839	0.0268261	0.0	0.0	0.0	0.00011486	0.000446677	0.000153146	0.0	0.000153417	0.011659	0.000333963	0.0235878	0.0	0.0	0.0	0.0	0.0	0.0	2.65407e-05	0.0	0.0	0.0	0.0	0.0	0.0	2.7683599999999997e-05	1.39336e-05	1.40282e-05	1.41249e-05	0.0	7.1615e-05	0.000375071	0.000508524	1.46337e-05	0.000221104	0.031123	0.000209419	0.0213991	6.0735599999999995e-05	1.53002e-05	0.0	6.21419e-05	7.82777e-05	0.0168664	0.0	0.0	6.461990000000001e-05	0.0	0.0	0.0	6.67289e-05	0.0	0.000101731	0.00863189	0.000155109	0.0	0.0	0.0	0.0	0.000143675	7.24242e-05	0.0	0.000184055	0.0182774	0.0	0.0	0.0	0.0	0.000116038	0.000253531	1.96653e-05	5.94921e-05	0.0	0.0	0.000162689	8.20318e-05	0.000165465	0.016603899999999998	0.0	2.12216e-05	6.42182e-05	0.0	0.00023960099999999998	0.0	2.21713e-05	0.00194615	0.0	0.0	4.59598e-05	2.3192400000000002e-05	0.0	0.0	0.0	0.0	0.000170044	0.0197898	0.0	0.0	0.00020189100000000002	0.0	2.57361e-05	0.0	2.6253e-05	0.000106082	0.0	2.7067900000000002e-05	5.47e-05	0.000718569	0.036532300000000004	2.8225100000000002e-05	0.000342351	0.00859531	0.00933327	2.9503000000000002e-05	8.95559e-05	0.0	0.0	0.0	0.0	0.0	0.000256522	0.0	0.0	0.0	0.0
Sor-CPnd_024-Ex1-5G-lcwgs-1-3.clmp.r1r2_fastp	0.0	0.022146199999999998	0.0	0.00279186	0.0	0.0	0.0	0.0	0.0	0.0	0.0	0.000264095	0.0	0.0	0.000264095	7.54556e-05	0.0183734	0.008828299999999999	0.0	0.0	0.0	3.77278e-05	0.016411600000000002	0.0	0.000264095	0.0171661	0.0	0.0	0.0	0.000113183	0.00033955	7.54556e-05	0.0	0.00011336799999999999	0.00806529	0.000265676	0.014767200000000001	0.0	0.0	0.0	0.0	0.0	0.0	3.92335e-05	0.0	0.0	0.0	0.0	0.0	0.0	0.0	0.0	0.0	4.22581e-05	0.0	0.0	0.00039087999999999997	0.000482325	8.85471e-05	8.942539999999999e-05	0.0178854	9.1252e-05	0.012032399999999999	9.31719e-05	0.0	0.0	0.0	4.8659099999999996e-05	0.0110233	0.0	0.0	0.0	0.0	0.0	0.0	0.0	0.0	0.0	0.00531537	5.604990000000001e-05	0.0	0.0	0.0	0.0	5.9635999999999996e-05	6.03953e-05	0.0	0.00012387000000000002	0.0111022	0.0	0.0	0.0	0.0	0.0	0.00013544999999999999	0.0	0.0	0.0	0.0	0.000216773	7.32217e-05	0.0	0.0101502	0.0	0.0	0.0	0.0	0.0	0.0	0.0	0.00150649	0.0	0.0	0.0	0.0	0.0	0.0	0.0	9.34661e-05	9.478959999999999e-05	0.0136515	0.0	0.0	0.00020066399999999997	0.0	0.0	0.000104759	0.000106277	0.0	0.0	0.0	0.0	0.00045774700000000005	0.0214858	0.0	0.000119698	0.00461926	0.00679188	0.0	0.0	0.0	0.0	0.0	0.0	0.0	0.0	0.0	0.0	0.0	0.0
Sor-CPnd_026-Ex1-3H-lcwgs-1-3.clmp.r1r2_fastp	0.0	0.031079600000000002	4.04551e-05	0.0040455099999999996	0.0	0.0	0.0	0.0	0.0	0.0	2.02276e-05	0.000171934	0.0	0.000141593	0.000192162	0.000131479	0.027115	0.0130164	0.0	0.0	1.01138e-05	8.09102e-05	0.024515799999999997	1.01138e-05	0.000333755	0.0268622	3.03413e-05	0.0	2.02276e-05	0.000192162	0.000546144	5.05689e-05	0.0	0.000161937	0.0125103	0.000314348	0.0227411	0.0	0.0	0.0	0.0	0.0	1.02586e-05	7.19758e-05	0.0	0.0	0.0	0.0	0.0	0.0	2.0998400000000002e-05	1.05367e-05	0.0	0.0	2.13192e-05	6.42225e-05	0.000343986	0.000593843	1.08458e-05	0.000163459	0.0265206	0.00023109	0.0167785	4.44742e-05	2.2357e-05	0.0	4.52189e-05	2.27403e-05	0.014824200000000001	0.0	0.0	8.158670000000001e-05	0.0	0.0	0.0	5.98732e-05	0.0	4.8586400000000006e-05	0.00750061	0.000135596	1.2419999999999998e-05	0.0	0.0	3.81313e-05	8.96745e-05	1.2913299999999999e-05	2.60347e-05	0.00011811599999999999	0.0140253	0.0	0.0	0.0	0.0	5.520950000000001e-05	0.000250627	0.0	0.000184251	0.0	0.0	0.000145649	2.94006e-05	8.903140000000001e-05	0.0129424	0.0	0.0	9.25131e-05	3.11434e-05	0.00015728	0.0	3.20941e-05	0.00147513	4.9132600000000005e-05	0.0	0.0	0.0	0.0	0.0	0.0	1.76419e-05	0.000124863	0.0152227	0.0	1.8448700000000002e-05	1.86605e-05	0.0	1.90983e-05	1.93237e-05	0.0	7.914880000000001e-05	0.0	0.0	2.05246e-05	0.0006026909999999999	0.0284949	0.0	0.00041013400000000004	0.006123480000000001	0.006139250000000001	6.73982e-05	2.2783e-05	2.3116199999999997e-05	0.0	0.0	0.0	0.0	9.920589999999999e-05	0.0	0.0	0.0	0.0
Sor-CPnd_027-Ex1-3C-lcwgs-1-3.clmp.r1r2_fastp	0.0	0.0396112	0.0	0.00449743	0.0	0.0	0.0	0.0	0.0	0.0	0.0	0.00021114700000000002	0.0	4.22294e-05	0.000295606	8.44588e-05	0.0326011	0.016195	0.0	0.0	2.11147e-05	0.000168918	0.0324322	0.0	0.000464524	0.0344592	2.11147e-05	0.0	0.0	0.000253377	0.000654556	2.11147e-05	0.0	0.00023237	0.0148379	0.000338415	0.0281737	0.0	0.0	0.0	0.0	0.0	0.0	0.0	0.0	0.0	0.0	0.0	0.0	0.0	2.16158e-05	0.0	0.0	0.0	0.0	4.37512e-05	0.00046061599999999996	0.0005718510000000001	2.20574e-05	0.00042030500000000005	0.0335261	0.000222566	0.0224387	0.0	2.2477e-05	0.0	4.52706e-05	2.27199e-05	0.0165563	0.0	0.0	2.3078500000000003e-05	0.0	0.0	0.0	0.0	0.0	0.000118499	0.008691540000000001	0.000167501	0.0	0.0	0.0	4.88291e-05	7.362920000000001e-05	2.46745e-05	2.48083e-05	0.00024943	0.017181799999999997	0.0	0.0	0.0	2.56678e-05	5.1643899999999995e-05	0.000259784	0.0	5.26059e-05	0.0	0.0	0.00013408	2.69925e-05	0.00010868999999999999	0.014773799999999998	0.0	2.7742699999999998e-05	2.79416e-05	5.62867e-05	0.000141749	0.0	0.0	0.00165303	2.92287e-05	0.0	0.0	0.0	0.0	0.0	6.14031e-05	0.0	0.000156193	0.0182467	0.0	3.2089200000000004e-05	0.00012953	0.0	0.0	0.0	6.72668e-05	0.000203806	0.0	0.0	7.003e-05	0.000672286	0.0323623	3.61436e-05	0.000548021	0.00672265	0.00795855	7.56065e-05	0.000114797	0.0	0.0	0.0	0.0	0.0	8.24223e-05	0.0	0.0	0.0	0.0
Sor-CPnd_028-Ex1-3A-lcwgs-1-3.clmp.r1r2_fastp	0.0	0.039334100000000004	2.32677e-05	0.0052934	0.0	0.0	0.0	0.0	0.0	0.0	0.0	0.000186142	1.1633899999999999e-05	0.000139606	0.00015124	0.00019777499999999997	0.0337847	0.0173344	0.0	0.0	1.1633899999999999e-05	0.00011633900000000001	0.0319	2.32677e-05	0.000360649	0.035762499999999996	1.1633899999999999e-05	0.0	0.0	0.000104705	0.000732933	3.49016e-05	0.0	6.98331e-05	0.0157209	0.000268009	0.0299578	0.0	0.0	0.0	0.0	0.0	0.0	3.5280999999999996e-05	0.0	0.0	0.0	0.0	0.0	0.0	1.19346e-05	1.1965199999999999e-05	0.0	0.0	0.0	6.0500999999999996e-05	0.000509748	0.000511366	1.2214599999999998e-05	0.00024511600000000003	0.0374725	0.000259175	0.0241034	6.21627e-05	1.2480300000000001e-05	0.0	1.25801e-05	0.000126321	0.0199675	0.0	0.0	0.00010284299999999999	0.0	0.0	0.0	0.0	1.31691e-05	7.941690000000001e-05	0.0102714	0.00020062200000000002	0.0	0.0	0.0	4.09973e-05	9.61857e-05	6.908500000000001e-05	1.3895299999999999e-05	8.384480000000001e-05	0.0204492	0.0	0.0	0.0	0.0	4.3422e-05	0.000203879	4.3959100000000004e-05	0.000117958	0.0	0.0	0.000285551	4.53815e-05	0.000121816	0.0181043	0.0	0.0	7.82392e-05	4.7274399999999996e-05	0.000253935	0.0	1.61018e-05	0.00204373	3.2682600000000005e-05	1.64653e-05	0.0	1.6719700000000002e-05	1.68513e-05	0.0	0.0	1.72585e-05	0.000243621	0.021968	0.0	1.78445e-05	0.000143988	0.0	1.83148e-05	0.0	0.0	7.527409999999999e-05	0.0	0.0	5.80737e-05	0.000840461	0.0359	0.0	0.000563633	0.00841993	0.009350889999999999	4.15456e-05	6.302059999999999e-05	0.0	0.0	0.0	0.0	0.0	0.000247281	0.0	0.0	0.0	0.0
Sor-CPnd_029-Ex1-8E-lcwgs-1-3.clmp.r1r2_fastp	0.0	0.0311885	0.0	0.00388245	0.0	0.0	0.0	0.0	0.0	0.0	1.7179e-05	0.00017179	0.0	8.5895e-05	0.000257685	0.000188969	0.028010399999999998	0.0137346	0.0	0.0	8.5895e-06	6.8716e-05	0.0248666	0.0	0.000377938	0.0274349	2.57685e-05	0.0	0.0	0.000214738	0.000566907	5.1537e-05	1.7179e-05	0.000111777	0.0118889	0.000250037	0.0227074	1.73091e-05	0.0	0.0	0.0	0.0	0.0	1.76052e-05	0.0	0.0	0.0	0.0	0.0	0.0	0.0	1.8227800000000002e-05	0.0	9.208150000000001e-06	0.0	6.516289999999999e-05	0.00044934500000000003	0.000508419	9.47066e-06	0.00028582	0.027750300000000002	0.000154314	0.018634500000000002	4.88397e-05	9.83167e-06	0.0	4.9816500000000007e-05	6.0188e-05	0.0161819	0.0	0.0	1.0319699999999999e-05	0.0	0.0	0.0	1.06305e-05	0.0	8.63597e-05	0.00789769	0.00024118599999999998	0.0	0.0	0.0	1.1312800000000001e-05	0.00013683	0.0	1.1585e-05	0.000140133	0.0154439	0.0	0.0	0.0	1.2156899999999999e-05	3.6766899999999995e-05	0.000210044	3.73703e-05	8.79207e-05	0.0	1.27709e-05	7.72665e-05	7.79231e-05	0.000130973	0.014859899999999999	0.0	0.0	0.000162663	2.73476e-05	0.00017933400000000001	0.0	2.80855e-05	0.0013036	5.7194499999999996e-05	0.0	0.0	0.0	1.4837200000000001e-05	0.0	0.0	3.0532e-05	0.000107903	0.0166876	0.0	0.0	0.000128306	0.0	0.0	0.0	0.0	0.000135107	1.70695e-05	0.0	0.0	0.0006881049999999999	0.0314404	3.60937e-05	0.000310322	0.0062609	0.00644884	3.78495e-05	5.75061e-05	0.0	0.0	0.0	0.0	0.0	4.14245e-05	4.19229e-05	0.0	0.0	0.0
Sor-CPnd_030-Ex1-2H-lcwgs-1-3.clmp.r1r2_fastp	0.0	0.0240043	0.0	0.0032978899999999995	0.0	0.0	0.0	0.0	0.0	0.0	0.0	0.00010812699999999999	0.0	0.000180212	0.00010812699999999999	0.00010812699999999999	0.0200036	0.00922687	0.0	0.0	1.80212e-05	0.00012614900000000001	0.0181113	0.0	0.00025229699999999996	0.019120500000000002	3.60425e-05	0.0	0.0	0.00014417	0.000540637	1.80212e-05	0.0	0.000108237	0.00836296	0.00043415099999999997	0.016092	0.0	0.0	0.0	0.0	0.0	0.0	5.54227e-05	0.0	0.0	0.0	0.0	0.0	0.0	1.90774e-05	1.91839e-05	0.0	1.94137e-05	0.0	3.93298e-05	0.000514746	0.0004983990000000001	2.00784e-05	0.00024271200000000002	0.0195245	0.000102692	0.0124422	0.0	0.0	0.0	4.28397e-05	4.32255e-05	0.0107971	0.0	0.0	0.00011222599999999999	0.0	0.0	0.0	7.01121e-05	0.0	2.38687e-05	0.00557333	2.43901e-05	0.0	0.0	0.0	0.0	0.000103209	2.6103800000000002e-05	0.0	0.000187067	0.011357599999999999	0.0	0.0	0.0	2.8384500000000002e-05	2.8734399999999997e-05	0.00020365400000000003	0.0	0.000149137	0.0	0.0	0.000216853	3.1375000000000004e-05	0.00019068900000000002	0.00930508	0.0	3.30448e-05	0.000100456	3.39292e-05	0.000103138	0.0	3.53099e-05	0.00135992	3.62746e-05	3.67723e-05	0.0	3.7790299999999996e-05	0.0	0.0	0.0	0.0	8.103630000000001e-05	0.0107261	0.0	4.22861e-05	8.57828e-05	0.0	0.0	0.0	0.0	9.225800000000001e-05	0.0	0.0	0.0	0.000587775	0.0252158	0.0	0.00046146800000000003	0.0045828100000000005	0.00492135	5.37843e-05	0.00016404199999999999	0.0	0.0	0.0	0.0	0.0	0.000362418	0.0	0.0	0.0	0.0
Sor-CPnd_031-Ex1-5D-lcwgs-1-3.clmp.r1r2_fastp	0.0	0.0326286	0.0	0.004044460000000001	0.0	0.0	0.0	0.0	0.0	0.0	0.0	0.000155931	0.0	0.000146185	0.000272879	0.000155931	0.029529399999999997	0.014062999999999999	0.0	0.0	3.89827e-05	4.87284e-05	0.026878600000000002	9.74569e-06	0.000370336	0.0285841	0.0	0.0	0.0	0.00020465900000000002	0.000740672	4.87284e-05	9.74569e-06	0.000117042	0.0120771	0.000381221	0.0234935	0.0	0.0	0.0	9.86428e-06	0.0	0.0	1.98852e-05	0.0	0.0	0.0	0.0	0.0	0.0	2.03989e-05	1.02438e-05	0.0	0.0	0.0	7.30659e-05	0.000514046	0.000527243	1.06004e-05	0.000202486	0.030455499999999996	0.00019397799999999998	0.019172699999999997	4.36083e-05	0.0	0.0	2.2206499999999998e-05	6.70404e-05	0.0168237	0.0	1.1394e-05	4.58829e-05	0.0	0.0	0.0	1.1794900000000001e-05	1.1880399999999999e-05	8.37649e-05	0.008317469999999999	0.000133587	0.0	0.0	0.0	1.25166e-05	8.82875e-05	7.6256e-05	0.0	0.000232303	0.0161792	0.0	0.0	0.0	0.0	1.35307e-05	0.000177318	1.3750699999999999e-05	8.31789e-05	0.0	0.0	0.000241601	0.000100314	0.000144521	0.014299000000000001	0.0	1.48295e-05	0.000104715	3.0182e-05	0.00021314999999999998	0.0	4.6502400000000004e-05	0.0016736000000000001	1.57848e-05	0.0	0.0	1.62329e-05	0.0	0.0	0.0	0.0	0.00020436100000000002	0.017508000000000003	0.0	7.0193e-05	0.000141822	0.0	0.0	0.0	1.84812e-05	0.000149423	0.0	0.0	1.9299699999999998e-05	0.000975835	0.0329032	0.0	0.00042403	0.00713055	0.00700959	4.1864100000000005e-05	4.2395500000000004e-05	0.0	0.0	0.0	0.0	4.51819e-05	0.000160159	2.31549e-05	0.0	0.0	0.0
Sor-CPnd_033-Ex1-2F-lcwgs-1-3.clmp.r1r2_fastp	0.0	0.027253500000000003	0.0	0.0034907199999999997	0.0	0.0	0.0	0.0	0.0	0.0	2.58572e-05	0.00020685799999999998	0.0	2.58572e-05	0.000310287	0.00023271499999999998	0.0226768	0.0111703	0.0	0.0	7.75716e-05	2.58572e-05	0.0202203	0.0	0.00033614399999999997	0.0215908	2.58572e-05	0.0	0.0	0.000181	0.000568859	0.00010342899999999999	0.0	7.76203e-05	0.0100207	0.00041468200000000004	0.0170979	0.0	0.0	0.0	0.0	0.0	0.0	0.0	0.0	0.0	0.0	0.0	0.0	0.0	0.0	0.0	0.0	0.0	0.0	0.0	0.000246985	0.00041351800000000003	0.0	0.000222678	0.0181265	0.000112471	0.013343299999999999	0.0	0.0	0.0	0.0	8.732830000000001e-05	0.0111903	0.0	0.0	0.0	0.0	0.0	0.0	3.07774e-05	0.0	3.12616e-05	0.00523123	6.35511e-05	0.0	0.0	0.0	0.0	0.00013267900000000002	6.69387e-05	0.0	0.00023863100000000003	0.0108395	0.0	0.0	0.0	0.0	0.0	0.000182613	3.6906299999999996e-05	3.72978e-05	0.0	0.0	0.000192625	3.89563e-05	7.87874e-05	0.0107582	0.0	0.0	0.000123767	4.17464e-05	0.000337994	0.0	0.0	0.00105229	0.0	0.0	4.55471e-05	0.0	4.6749299999999996e-05	4.73737e-05	0.0	0.0	0.000147966	0.011498999999999999	0.0	0.0	0.00010429100000000001	0.0	0.0	0.0	0.0	0.0	0.0	0.0	0.0	0.000476787	0.0205818	0.0	0.000124911	0.00469608	0.0056129	0.0	6.67292e-05	0.0	0.0	0.0	0.0	0.0	7.40025e-05	7.51936e-05	0.0	0.0	0.0
Sor-CPnd_034-Ex1-4G-lcwgs-1-3.clmp.r1r2_fastp	0.0	0.0209719	3.53657e-05	0.0027231599999999996	0.0	0.0	0.0	0.0	0.0	0.0	0.0	3.53657e-05	0.0	0.00014146299999999998	7.073149999999999e-05	0.00014146299999999998	0.017081600000000002	0.00894753	0.0	0.0	0.0	7.073149999999999e-05	0.015667	0.0	0.00024756	0.0171877	0.0	0.0	0.0	0.00010609699999999998	0.00045975499999999995	0.0	0.0	0.000141726	0.00749333	0.000320506	0.014505	0.0	0.0	0.0	0.0	0.0	0.0	3.6956500000000004e-05	0.0	0.0	0.0	0.0	0.0	0.0	0.0	3.92907e-05	0.0	0.0	0.0	0.0	0.000411962	0.00037451	0.0	0.00021244400000000003	0.0172624	0.000217049	0.0119357	0.0	0.0	0.0	0.000137702	0.0	0.0101489	0.0	0.0	4.87001e-05	0.0	0.0	0.0	5.1168299999999996e-05	0.0	0.00010492700000000001	0.0042507199999999995	5.38147e-05	0.0	0.0	0.0	5.6625e-05	0.0	0.00023237	0.0	5.958870000000001e-05	0.011467	0.0	0.0	0.0	0.0	6.43561e-05	0.000130376	0.0	6.6877e-05	0.0	0.0	0.0	7.04283e-05	0.0	0.0106277	0.0	0.0	0.000150399	7.619239999999999e-05	7.719919999999999e-05	0.0	0.0	0.00136593	0.0	8.25546e-05	8.36973e-05	0.0	0.0	0.0	0.0	8.96319e-05	0.0	0.0127176	0.0	0.0	9.6144e-05	0.0	0.0	0.0	0.0	0.000103328	0.0	0.0	0.00010798700000000001	0.00021922099999999997	0.0232525	0.0	0.000344022	0.00558932	0.00485029	0.0	0.000122234	0.0	0.0	0.0	0.0	0.0	0.000134875	0.0	0.0	0.0	0.0
Sor-CPnd_036-Ex1-5C-lcwgs-1-3.clmp.r1r2_fastp	0.0	0.026006400000000002	9.84719e-06	0.0033874300000000003	0.0	0.0	0.0	0.0	0.0	0.0	9.84719e-06	0.00017724899999999998	0.0	0.000147708	0.00016740199999999998	8.86247e-05	0.0228553	0.0114917	0.0	0.0	3.9388700000000005e-05	7.87775e-05	0.0199406	9.84719e-06	0.000226485	0.0223137	0.0	0.0	0.0	0.000137861	0.000452971	2.95416e-05	9.84719e-06	8.87144e-05	0.00935615	0.000247113	0.019162699999999998	9.9248e-06	0.0	0.0	0.0	0.0	0.0	5.06053e-05	0.0	0.0	0.0	0.0	0.0	0.0	3.15099e-05	0.0	2.1278100000000002e-05	0.0	0.0	5.43134e-05	0.000382955	0.000474009	0.0	0.000179114	0.0234243	0.000193363	0.015721699999999998	5.7818999999999996e-05	0.0	0.0	1.18649e-05	3.59074e-05	0.0133442	0.0	0.0	0.00011169000000000001	0.0	0.0	0.0	6.44421e-05	0.0	6.570549999999999e-05	0.00771026	0.00016083299999999998	0.0	0.0	0.0	0.0	5.6373200000000004e-05	1.42369e-05	0.0	7.26509e-05	0.0142094	0.0	0.0	0.0	0.0	6.18339e-05	0.000281176	1.57878e-05	6.38234e-05	0.0	0.0	0.00011533100000000001	3.3306199999999996e-05	5.05002e-05	0.0127121	0.0	0.0	8.794360000000001e-05	3.55714e-05	0.000107907	0.0	0.0	0.0014512	3.76365e-05	0.0	0.0	0.0	0.0	1.99405e-05	0.0	0.0	0.000268638	0.0174014	0.0	4.28604e-05	4.33912e-05	0.0	2.22413e-05	0.0	0.0	6.92902e-05	2.33921e-05	0.0	0.0	0.0009483680000000001	0.0316883	0.0	0.00040480000000000003	0.0064376	0.006969370000000001	2.6373e-05	0.00024084699999999998	0.0	0.0	0.0	0.0	2.87927e-05	0.00017523299999999998	0.0	0.0	3.04613e-05	0.0
Sor-CPnd_037-Ex1-6C-lcwgs-1-3.clmp.r1r2_fastp	0.0	0.0305452	0.0	0.00430134	0.0	0.0	0.0	0.0	0.0	0.0	0.0	0.00020843500000000003	0.0	5.68459e-05	0.000227383	0.000113692	0.0247848	0.014097799999999999	0.0	0.0	1.89486e-05	0.000113692	0.0248416	1.89486e-05	0.000473716	0.026963900000000002	1.89486e-05	0.0	0.0	0.000189486	0.000701099	3.78972e-05	0.0	0.000132887	0.012672099999999999	0.000286157	0.0230001	0.0	0.0	0.0	0.0	0.0	1.96118e-05	0.0	0.0	0.0	0.0	0.0	0.0	0.0	0.0	0.0	0.0	0.0	0.0	0.0	0.000449723	0.000517636	4.34466e-05	0.000240695	0.0314278	0.000111002	0.0188092	2.2532e-05	0.0	0.0	0.0	2.3224e-05	0.016100899999999998	0.0	0.0	4.79104e-05	0.0	0.0	0.0	0.0	0.0	2.5129200000000003e-05	0.009042930000000001	0.000153228	0.0	0.0	0.0	2.63809e-05	7.97858e-05	0.0	2.70316e-05	0.00021803300000000002	0.017172800000000002	0.0	0.0	0.0	0.0	0.000114483	0.000202	2.9096099999999997e-05	8.80058e-05	0.0	0.0	0.000180486	0.00012133399999999999	0.000183563	0.016046499999999998	6.22442e-05	0.0	6.33241e-05	0.0	9.66605e-05	0.0	0.0	0.0016540300000000001	0.0	3.36775e-05	0.0	0.0	3.4616399999999996e-05	0.0	0.0	0.0	0.00035932499999999997	0.0187906	0.0	3.69794e-05	0.000149375	0.0	0.0	0.0	0.0	0.000117811	0.0	0.0	0.000121539	0.000655199	0.0345211	0.0	0.000465316	0.00808539	0.00856704	4.37799e-05	4.43148e-05	0.0	0.0	4.60581e-05	0.0	0.0	4.76674e-05	0.0	0.0	0.0	0.0
Sor-CPnd_038-Ex1-2A-lcwgs-1-3.clmp.r1r2_fastp	0.0	0.0455211	1.68753e-05	0.00594011	0.0	0.0	0.0	0.0	0.0	0.0	8.43765e-06	0.00028688	8.43765e-06	0.00012656499999999998	0.000261567	0.000168753	0.0421461	0.0200394	0.0	0.0	1.68753e-05	6.75012e-05	0.0379019	1.68753e-05	0.00043032	0.0396738	2.5313e-05	0.0	0.0	0.000185628	0.0008353280000000001	8.43765e-05	0.0	0.000219453	0.0177914	0.000397054	0.0354932	0.0	0.0	0.0	8.47882e-06	0.0	0.0	1.70115e-05	0.0	0.0	0.0	0.0	0.0	0.0	2.5788300000000002e-05	0.0	8.62851e-06	0.0	0.0	4.34118e-05	0.000626508	0.000627911	2.62232e-05	0.000289146	0.043767600000000004	0.00024655500000000003	0.0281539	7.08172e-05	8.87671e-06	0.0	5.35671e-05	7.16352e-05	0.024251	0.0	9.038950000000001e-06	7.25502e-05	0.0	0.0	0.0	9.1962e-06	0.0	0.00011117000000000001	0.0124046	0.000233358	0.0	0.0	0.0	2.84457e-05	0.000152329	2.86785e-05	9.598740000000001e-06	0.00022168499999999998	0.0224064	0.0	0.0	0.0	0.0	5.93393e-05	0.00022848600000000002	1.99588e-05	0.00011027899999999999	0.0	0.0	0.000183052	0.000122629	0.00016432100000000001	0.0200048	0.0	4.17184e-05	4.1941200000000004e-05	3.1625300000000004e-05	0.000180185	0.0	0.0	0.0021775400000000004	7.59004e-05	0.0	1.09725e-05	0.0	0.0	0.0	0.0	0.0	0.000296402	0.023779500000000002	1.15549e-05	2.32705e-05	0.000128901	0.0	0.0	0.0	2.4136700000000002e-05	8.51307e-05	1.22572e-05	0.0	4.9820899999999996e-05	0.000916759	0.0421064	1.27706e-05	0.00060541	0.00938244	0.009481	6.618330000000001e-05	1.33674e-05	1.3507700000000001e-05	0.0	0.0	0.0	2.81071e-05	0.000141953	0.0	0.0	0.0	0.0
Sor-CPnd_041-Ex1-7A-lcwgs-1-3.clmp.r1r2_fastp	0.0	0.0320279	1.34345e-05	0.0042049999999999995	0.0	0.0	0.0	0.0	0.0	0.0	2.6869e-05	0.000154497	6.71725e-06	0.00012091100000000001	0.000174649	7.38898e-05	0.026036100000000003	0.0125747	0.0	0.0	3.35863e-05	8.0607e-05	0.0224558	1.34345e-05	0.00027540700000000003	0.0232484	0.0	0.0	0.0	0.00014778	0.000443339	2.6869e-05	6.71725e-06	0.00016129	0.00943429	0.000289358	0.0175586	0.0	0.0	0.0	6.76752e-06	0.0	0.0	2.04045e-05	0.0	0.0	0.0	0.0	0.0	6.8948000000000005e-06	0.0	1.38641e-05	6.951590000000001e-06	1.39436e-05	0.0	2.10435e-05	0.000225175	0.000296505	0.0	0.00017767	0.0159173	0.00012166	0.010830600000000001	3.60429e-05	1.4471200000000001e-05	0.0	7.29218e-06	2.19646e-05	0.00794723	0.0	0.0	7.44804e-06	0.0	0.0	0.0	3.0358599999999998e-05	0.0	7.66541e-05	0.00334381	9.29384e-05	0.0	0.0	7.8692e-06	7.911920000000001e-06	5.56884e-05	1.5998300000000002e-05	1.60868e-05	8.088290000000001e-05	0.0067430599999999995	0.0	0.0	0.0	8.32513e-06	5.863019999999999e-05	0.00012641399999999999	1.69613e-05	4.26779e-05	0.0	0.0	5.22474e-05	2.6307500000000002e-05	0.00010599599999999999	0.00517016	0.0	0.0	9.107559999999999e-05	3.6726599999999995e-05	0.00022218999999999999	0.0	1.8836e-05	0.000579589	9.58884e-06	0.0	0.0	0.0	9.965289999999999e-06	1.0067500000000001e-05	0.0	1.02817e-05	0.000114338	0.00437261	1.06314e-05	2.15131e-05	0.000119742	0.0	0.0	0.0	1.14446e-05	0.0	0.0	0.0	0.0	0.000245172	0.010112	0.0	0.000153781	0.0017568199999999999	0.0020491399999999996	1.3435300000000002e-05	4.09809e-05	0.0	0.0	0.0	0.0	0.0	0.000136601	0.0	0.0	1.60235e-05	0.0
Sor-CPnd_043-Ex1-1D-lcwgs-1-3.clmp.r1r2_fastp	0.0	0.0336473	4.64422e-05	0.0040056399999999995	0.0	0.0	0.0	0.0	0.0	0.0	0.0	0.000243821	2.32211e-05	0.00011610500000000001	0.00020899000000000002	0.00010449500000000001	0.029711400000000002	0.014385499999999999	0.0	0.0	1.16105e-05	0.00011610500000000001	0.0266114	0.0	0.00023221100000000002	0.028503900000000002	2.32211e-05	1.16105e-05	0.0	0.000150937	0.000580527	5.80527e-05	1.16105e-05	0.00024397699999999999	0.0126387	0.00031423	0.024526199999999998	0.0	0.0	0.0	1.1723700000000001e-05	0.0	0.0	2.36015e-05	0.0	0.0	0.0	0.0	0.0	0.0	1.2060899999999998e-05	0.0	1.2153400000000001e-05	0.0	0.0	1.2307000000000001e-05	0.000482117	0.000409817	1.2476799999999999e-05	0.000325981	0.0290809	0.000189961	0.0190692	6.3988e-05	0.0	0.0	3.9042e-05	5.23609e-05	0.0162758	0.0	0.0	4.02366e-05	0.0	0.0	0.0	2.75331e-05	0.0	9.769600000000001e-05	0.0073922	0.000113217	0.0	0.0	0.0	1.4565e-05	5.8688100000000005e-05	1.47803e-05	1.48897e-05	0.000270026	0.015371499999999998	0.0	0.0	0.0	0.0	0.0	0.000269125	3.19143e-05	0.000160851	0.0	1.63475e-05	8.241100000000001e-05	8.309490000000001e-05	0.00018435	0.0143142	0.0	0.0	3.46836e-05	0.0	0.00010588399999999999	0.0	1.79656e-05	0.0012327	1.82951e-05	0.0	1.86381e-05	0.0	0.0	0.0	0.0	0.0	0.000197438	0.0169304	0.0	2.03468e-05	2.05572e-05	0.0	0.0	0.0	0.0	4.33518e-05	0.0	0.0	6.72108e-05	0.00092897	0.0304561	4.63583e-05	0.000281389	0.0069763	0.00679745	9.728450000000001e-05	9.85383e-05	0.0	0.0	0.0	0.0	2.62896e-05	7.9894e-05	0.0	0.0	0.0	0.0
Sor-CPnd_044-Ex1-8G-lcwgs-1-3.clmp.r1r2_fastp	0.0	0.025078200000000002	0.0	0.00342815	0.0	0.0	0.0	0.0	0.0	0.0	8.79012e-06	0.000114272	0.0	0.000123062	0.000149432	5.27407e-05	0.0213512	0.0101965	0.0	0.0	2.63703e-05	6.153079999999999e-05	0.0196899	1.75802e-05	0.00021096300000000002	0.021149	2.63703e-05	0.0	0.0	0.000123062	0.000492247	1.75802e-05	0.0	0.00014969	0.00928266	0.00036269599999999997	0.0183655	0.0	0.0	0.0	9.01134e-06	0.0	0.0	1.8303e-05	0.0	0.0	0.0	0.0	0.0	0.0	3.83581e-05	1.93238e-05	1.94743e-05	0.0	9.89416e-06	9.975960000000001e-06	0.000402394	0.00043627499999999997	0.0	0.000185818	0.0218191	0.000157612	0.0147064	4.2806100000000003e-05	2.16033e-05	0.0	3.30237e-05	2.22268e-05	0.0127136	0.0	0.0	5.7787e-05	0.0	0.0	0.0	0.0	0.0	2.45764e-05	0.006419309999999999	5.01849e-05	0.0	0.0	0.0	0.0	9.25695e-05	6.682090000000001e-05	0.0	0.000177437	0.0129112	0.0	0.0	0.0	1.4394999999999999e-05	0.00010185000000000001	0.00023531099999999998	5.9464899999999994e-05	0.00010519199999999999	0.0	0.0	0.000186339	1.57007e-05	4.7628e-05	0.0123605	0.0	0.0	3.32028e-05	3.3581199999999996e-05	0.000220777	0.0	6.95103e-05	0.00114273	7.114449999999999e-05	0.0	0.0	0.0	0.0	1.88686e-05	0.0	1.93281e-05	0.000117398	0.0146165	2.00524e-05	4.06048e-05	0.000164457	0.0	2.10808e-05	0.0	2.1624e-05	6.57066e-05	0.0	0.0	0.0	0.000623405	0.0274738	0.0	0.00038473000000000007	0.0053151200000000004	0.00571291	2.50925e-05	7.640050000000001e-05	0.0	0.0	0.0	0.0	0.0	5.5721100000000004e-05	0.0	0.0	0.0	0.0
Sor-CPnd_045-Ex1-7B-lcwgs-1-3.clmp.r1r2_fastp	0.0	0.0411102	9.76954e-06	0.00499223	0.0	0.0	0.0	0.0	0.0	0.0	4.8847699999999997e-05	0.00017585200000000002	9.76954e-06	0.000146543	0.000195391	0.00016608199999999999	0.0365283	0.018913799999999998	0.0	0.0	0.0	0.00013677400000000002	0.034769800000000003	9.76954e-06	0.000410321	0.036547800000000005	0.0	0.0	9.76954e-06	0.00016608199999999999	0.000527555	1.95391e-05	0.0	0.00013691	0.017447400000000002	0.00031375399999999996	0.032487800000000004	0.0	0.0	0.0	0.0	0.0	0.0	4.9926500000000004e-05	0.0	0.0	0.0	0.0	0.0	0.0	2.04522e-05	0.0	1.03045e-05	3.10336e-05	2.07714e-05	9.38494e-05	0.000303626	0.000557189	0.0	0.00032863	0.0401125	0.000171061	0.027230999999999998	4.3140200000000004e-05	0.0	0.0	1.09318e-05	9.884149999999999e-05	0.0229388	0.0	1.11378e-05	5.5958399999999996e-05	0.0	0.0	0.0	2.28302e-05	0.0	8.071699999999999e-05	0.011693199999999999	0.00019802600000000002	0.0	0.0	1.1829600000000001e-05	2.37824e-05	8.36688e-05	2.40294e-05	1.20769e-05	0.00029135	0.0224278	0.0	0.0	0.0	1.246e-05	7.515709999999999e-05	0.00018889799999999998	3.79828e-05	0.00010183700000000001	0.0	0.0	0.00018117	3.90414e-05	0.000143971	0.0199687	0.0	1.3316699999999999e-05	5.35825e-05	4.04291e-05	0.00017626	0.0	1.37259e-05	0.00190599	0.0	1.39875e-05	0.0	0.0	1.4264399999999998e-05	0.0	0.0	1.4558000000000002e-05	0.00021988200000000002	0.0252434	0.0	4.49246e-05	7.54245e-05	1.51972e-05	0.0	0.0	0.0	0.000109696	3.15908e-05	0.0	0.0	0.00110064	0.042758500000000005	0.0	0.00039837900000000003	0.00880887	0.00941361	0.0	1.72258e-05	0.0	0.0	1.77774e-05	0.0	0.0	0.00020104700000000001	0.0	0.0	1.88058e-05	0.0
Sor-CPnd_046-Ex1-5A-lcwgs-1-3.clmp.r1r2_fastp	0.0	0.028039500000000002	0.0	0.00377174	0.0	0.0	0.0	0.0	0.0	0.0	0.0	0.00011695299999999999	0.0	2.92383e-05	0.00017543000000000002	2.92383e-05	0.0239462	0.0118415	0.0	0.0	2.92383e-05	0.0	0.0215779	2.92383e-05	0.000146192	0.023302899999999998	0.0	0.0	0.0	0.00011695299999999999	0.000526289	0.00011695299999999999	0.0	0.000204867	0.00996275	0.00023476600000000002	0.0189915	0.0	0.0	0.0	2.9687500000000003e-05	0.0	0.0	2.99953e-05	0.0	0.0	0.0	0.0	0.0	0.0	0.0	0.0	0.0	3.15402e-05	0.0	6.385740000000001e-05	0.0005140979999999999	0.0005821310000000001	0.0	0.000360507	0.023889399999999998	9.967360000000001e-05	0.0152237	6.73966e-05	0.0	0.0	0.0	0.0	0.0118571	0.0	0.0	3.58117e-05	0.0	0.0	0.0	0.0	3.7317099999999995e-05	3.76376e-05	0.0069847	7.657559999999999e-05	0.0	0.0	0.0	0.0	7.99606e-05	0.0	0.0	0.000123141	0.0114284	0.0	0.0	0.0	0.0	0.0	0.00048038700000000003	0.0	0.000266787	0.0	0.0	0.0	0.000138434	0.0	0.011663100000000001	0.0	4.79498e-05	0.0	0.0	0.00019758900000000002	0.0	0.0	0.0011714100000000001	0.0	0.0	0.0	0.0	0.0	0.0	0.0	0.0	0.00028070899999999997	0.013231699999999999	0.0	0.0	0.000117653	0.0	0.0	0.0	0.0	0.0	0.0	0.0	0.0	0.000329026	0.025738200000000003	6.758070000000001e-05	6.84809e-05	0.0052759700000000005	0.00626651	0.000142824	7.246660000000001e-05	0.0	0.0	0.0	0.0	0.0	7.91982e-05	0.0	0.0	0.0	0.0
Sor-CPnd_049-Ex1-3B-lcwgs-1-3.clmp.r1r2_fastp	0.0	0.023989899999999998	0.0	0.0030967399999999997	0.0	0.0	0.0	0.0	0.0	0.0	0.0	0.000156797	3.91992e-05	3.91992e-05	0.000117598	0.000117598	0.0223044	0.011210999999999999	0.0	0.0	0.0	0.0	0.0207364	0.0	0.00050959	0.0235195	0.0	0.0	7.83985e-05	0.000195996	0.00047039099999999996	0.0	0.0	3.92414e-05	0.010097799999999999	0.00011805200000000001	0.0195145	0.0	0.0	0.0	0.0	0.0	4.00786e-05	8.04552e-05	0.0	0.0	0.0	0.0	0.0	0.0	4.15859e-05	0.0	0.0	0.0	4.2592e-05	0.00012859000000000001	0.00030204	0.000260649	0.0	0.0002643	0.0239624	0.000178815	0.0164414	4.53956e-05	0.0	0.0	0.0	9.37594e-05	0.0130022	0.0	4.8107799999999994e-05	4.8535199999999996e-05	0.0	0.0	0.0	0.0	0.0	0.0	0.00798001	0.00010465700000000001	0.0	0.0	0.0	5.44636e-05	0.00016507	5.55938e-05	0.0	0.000170285	0.0138821	0.0	0.0	0.0	0.0	0.0	0.000244636	6.18239e-05	6.250429999999999e-05	0.0	0.0	0.00019389600000000002	0.0	0.000264401	0.013438	0.0	0.0	6.918609999999999e-05	6.99805e-05	7.0796e-05	0.0	0.0	0.00102658	0.0	0.0	0.0	0.0	0.0	0.0	0.0	0.0	8.16964e-05	0.0148899	0.0	0.0	0.0	0.0	0.0	0.0	0.0	0.00018293	0.0	0.0	9.5151e-05	0.00048211500000000003	0.0267751	0.00019810900000000002	0.000401635	0.00743131	0.0068121300000000004	0.0	0.000106217	0.0	0.0	0.0	0.0	0.0	0.0	0.0	0.0	0.0	0.0
Sor-CPnd_050-Ex1-3F-lcwgs-1-3.clmp.r1r2_fastp	0.0	0.0281909	1.16012e-05	0.00365438	0.0	0.0	0.0	0.0	0.0	0.0	1.16012e-05	0.000139214	0.0	0.000139214	0.000185619	0.00017401799999999999	0.0241189	0.012158	0.0	0.0	8.120829999999999e-05	0.000127613	0.021845	1.16012e-05	0.000336435	0.023039999999999998	3.48036e-05	0.0	1.16012e-05	0.00017401799999999999	0.000661268	1.16012e-05	1.16012e-05	0.000116129	0.0104879	0.00026782	0.0205531	0.0	0.0	0.0	1.1775e-05	0.0	0.0	4.7555e-05	0.0	0.0	0.0	0.0	0.0	0.0	1.2258999999999999e-05	0.0	1.23897e-05	0.0	1.25304e-05	5.0418e-05	0.0005960049999999999	0.0005869489999999999	1.2840399999999998e-05	0.000284335	0.0248627	0.000196481	0.0166321	9.29855e-05	1.33794e-05	0.0	2.71605e-05	6.84218e-05	0.0140112	0.0	0.0	8.47655e-05	0.0	0.0	0.0	8.76857e-05	0.0	5.94917e-05	0.006768000000000001	0.000136288	0.0	0.0	0.0	0.0	0.000142738	1.60094e-05	1.6162e-05	0.000228415	0.013703700000000001	0.0	0.0	0.0	0.0	5.18632e-05	0.00036665099999999996	0.0	0.000267163	0.0	0.0	0.00011014	7.417800000000001e-05	0.00013114300000000001	0.0126832	0.0	1.93299e-05	0.000156269	3.94815e-05	0.000119708	0.0	0.0	0.00115391	0.000124991	0.0	0.0	0.0	2.1777e-05	2.20231e-05	0.0	0.0	0.000273482	0.0148017	0.0	4.72146e-05	4.77822e-05	0.0	0.0	4.95504e-05	0.0	0.00010156600000000001	0.0	0.0	5.2741299999999996e-05	0.000640976	0.0297069	2.7411200000000003e-05	0.000444379	0.00574158	0.006846919999999999	0.00011569600000000001	0.00011735700000000001	0.0	0.0	0.0	0.0	0.0	6.39807e-05	6.48513e-05	0.0	0.0	0.0
Sor-CPnd_052-Ex1-6D-lcwgs-1-3.clmp.r1r2_fastp	0.0	0.0228226	4.87316e-05	0.00274521	0.0	0.0	0.0	0.0	0.0	0.0	0.0	0.00021117	0.0	4.87316e-05	9.74632e-05	4.87316e-05	0.019151500000000002	0.00906408	0.0	0.0	1.62439e-05	4.87316e-05	0.0160002	0.0	0.00021117	0.018907900000000002	0.0	0.0	0.0	0.000146195	0.000406097	1.62439e-05	0.0	8.13452e-05	0.007335090000000001	0.00022872599999999998	0.0147601	0.0	0.0	0.0	0.0	0.0	0.0	0.0	0.0	0.0	0.0	0.0	0.0	0.0	3.53285e-05	0.0	0.0	0.0	0.0	3.67714e-05	0.00042649800000000004	0.000598583	1.88727e-05	0.000171413	0.0177232	0.000135829	0.013203800000000002	5.93404e-05	0.0	0.0	0.0	2.0584099999999998e-05	0.0106065	0.0	0.0	0.0	0.0	0.0	0.0	2.2419e-05	0.0	2.29224e-05	0.00507656	9.37725e-05	0.0	0.0	0.0	4.9038e-05	4.9592e-05	0.000100307	0.0	5.1299000000000005e-05	0.0104009	0.0	0.0	0.0	0.0	8.23733e-05	0.00019442800000000002	0.0	8.52858e-05	0.0	0.0	5.8894499999999997e-05	8.93997e-05	0.0	0.00994997	0.0	0.0	0.000126625	6.40952e-05	0.00012978000000000002	0.0	3.32663e-05	0.00104433	6.82395e-05	0.0	0.0	0.0	0.0	0.0	0.0	0.0	0.000303172	0.011486	0.0	3.94916e-05	4.0045999999999996e-05	0.0	0.0	0.0	0.0	8.60275e-05	4.36512e-05	0.0	4.4969299999999997e-05	0.000639121	0.021970299999999998	0.0	0.000382361	0.00461205	0.00483423	0.000100274	0.00010194900000000001	0.0	0.0	0.0	0.0	0.0	5.6406900000000004e-05	5.73153e-05	0.0	0.0	0.0
Sor-CPnd_053-Ex1-2C-lcwgs-1-3.clmp.r1r2_fastp	0.0	0.0348512	0.0	0.00473038	0.0	0.0	0.0	0.0	0.0	0.0	0.0	0.000262799	0.0	0.000181938	0.000161722	0.000161722	0.0302219	0.0156466	0.0	0.0	8.08612e-05	0.000121292	0.0267448	2.02153e-05	0.000283014	0.0299591	0.0	0.0	0.0	0.000181938	0.000545813	0.0	0.0	0.000101155	0.0138718	0.000446038	0.0253164	0.0	0.0	0.0	0.0	0.0	0.0	4.11969e-05	0.0	0.0	0.0	0.0	0.0	0.0	2.10865e-05	4.2338e-05	0.0	0.0	0.0	8.61142e-05	0.000519039	0.00045626400000000006	0.0	0.000329008	0.030593	0.000110761	0.020551299999999998	8.95266e-05	2.25022e-05	0.0	6.8253e-05	6.86354e-05	0.0163134	0.0	0.0	4.68425e-05	0.0	0.0	0.0	4.80216e-05	0.0	0.00012160900000000001	0.00886235	0.000172519	0.0	0.0	0.0	5.06383e-05	0.000203945	2.56702e-05	0.0	0.000182204	0.0185065	0.0	0.0	0.0	0.0	2.71736e-05	0.000246366	2.7580700000000002e-05	8.33625e-05	0.0	2.82117e-05	0.000142134	2.86489e-05	0.00011550500000000001	0.0158912	0.0	2.9575900000000003e-05	0.00014908100000000002	0.0	0.000333399	0.0	3.08171e-05	0.00142959	3.1346899999999996e-05	0.0	0.0	0.0	0.0	0.0	0.0	6.66963e-05	0.00030291899999999996	0.0198416	3.42958e-05	3.46217e-05	0.000244703	0.0	0.0	3.59988e-05	3.6362900000000004e-05	0.00018366	0.0	0.0	3.78902e-05	0.0006892889999999999	0.0361912	3.91248e-05	0.000435073	0.00791984	0.00792988	0.000204668	0.000165716	4.19635e-05	0.0	0.0	0.0	0.0	8.91692e-05	4.50887e-05	0.0	0.0	0.0
Sor-CPnd_054-Ex1-8F-lcwgs-1-3.clmp.r1r2_fastp	0.0	0.0185563	0.0	0.00230261	0.0	0.0	0.0	0.0	0.0	0.0	0.0	9.02983e-05	0.0	0.000135447	9.02983e-05	0.000135447	0.016840599999999997	0.00826229	0.0	0.0	0.0	0.0	0.0159828	4.51492e-05	0.000225746	0.0150347	0.0	0.0	0.0	0.000135447	0.000677237	4.51492e-05	0.0	0.000135862	0.0068635	0.000319558	0.0141328	4.61422e-05	0.0	0.0	0.0	0.0	0.0	9.65127e-05	0.0	0.0	0.0	0.0	0.0	0.0	0.0	0.0	0.0	5.35407e-05	0.0	0.0	0.000443569	0.000729399	0.0	0.00022982	0.0204113	0.000294253	0.013223600000000002	6.0307900000000006e-05	0.000122121	0.0	6.25867e-05	6.3376e-05	0.00924116	0.0	0.0	0.0	0.0	0.0	0.0	0.0	0.0	0.0	0.00554541	7.39129e-05	0.0	0.0	0.0	0.0	0.00015775299999999998	0.00015977599999999998	0.0	8.19621e-05	0.0117076	0.0	0.0	0.0	0.0	8.85678e-05	0.000269153	9.08781e-05	0.000184113	0.0	0.0	0.0	9.690379999999999e-05	9.818700000000001e-05	0.00994797	0.0	0.00020421	0.0	0.000209631	0.000106219	0.0	0.0	0.0017685300000000001	0.000112026	0.0	0.0	0.0	0.0	0.0	0.0	0.0	0.00012489899999999998	0.0143104	0.0	0.0	0.000132098	0.0	0.0	0.000137878	0.0	0.000141942	0.0	0.0	0.000296702	0.0009033860000000001	0.0217044	0.0	0.00031495300000000003	0.004157920000000001	0.00600856	0.0	0.000167707	0.0	0.0	0.0	0.0	0.0	0.000184875	0.0	0.0	0.0	0.0
Sor-CPnd_055-Ex1-7G-lcwgs-1-3.clmp.r1r2_fastp	0.0	0.0223269	1.19331e-05	0.00288782	0.0	0.0	0.0	0.0	0.0	0.0	0.0	0.000143198	0.0	0.000107398	0.00020286299999999999	4.7732600000000004e-05	0.0191646	0.00939138	0.0	0.0	2.3866300000000002e-05	8.3532e-05	0.0166348	1.19331e-05	0.000107398	0.0179952	2.3866300000000002e-05	0.0	1.19331e-05	0.000178997	0.000357994	2.3866300000000002e-05	0.0	0.000119574	0.00858278	0.000156295	0.016009299999999997	0.0	0.0	0.0	0.0	0.0	2.4843899999999998e-05	1.25002e-05	0.0	0.0	0.0	0.0	0.0	0.0	5.2685e-05	1.3282800000000001e-05	0.0	0.0	0.0	2.7527299999999996e-05	0.000361177	0.000336548	1.41562e-05	0.000185804	0.0194846	8.74633e-05	0.0119418	7.43691e-05	1.5025699999999999e-05	0.0	1.53405e-05	4.6511600000000004e-05	0.0108273	0.0	0.0	0.0	0.0	0.0	1.67332e-05	8.461389999999999e-05	0.0	6.924080000000001e-05	0.005024509999999999	0.000141655	0.0	0.0	0.0	1.85387e-05	5.6264700000000004e-05	3.79442e-05	0.0	7.766400000000001e-05	0.0118452	0.0	0.0	0.0	0.0	6.25106e-05	0.000358473	2.13401e-05	0.00012958900000000002	0.0	0.0	0.000134339	0.0	0.0	0.0107298	0.0	4.76074e-05	4.8199300000000005e-05	0.0	0.00022239099999999998	0.0	0.0	0.000769981	5.20007e-05	0.0	0.0	0.0	0.0	0.0	0.0	0.0	8.65978e-05	0.012988999999999999	0.0	0.0	0.00012188	0.0	0.0	0.0	0.0	6.53345e-05	0.0	0.0	0.000102304	0.000346016	0.0216616	0.0	0.000216985	0.00547129	0.00544428	7.57697e-05	7.70116e-05	0.0	0.0	0.0	0.0	0.0	4.24248e-05	4.30713e-05	0.0	0.0	0.0
Sor-CPnd_058-Ex1-2G-lcwgs-1-3.clmp.r1r2_fastp	0.0	0.0228565	0.0	0.00290623	2.18514e-05	0.0	0.0	0.0	0.0	0.0	0.0	0.00017481099999999998	0.0	6.55541e-05	0.000327771	4.37028e-05	0.017065900000000002	0.00832537	0.0	0.0	4.37028e-05	8.740549999999999e-05	0.01617	2.18514e-05	0.00024036499999999998	0.0175685	2.18514e-05	0.0	0.0	0.000196662	0.000546284	2.18514e-05	0.0	0.000109351	0.00742168	0.000284962	0.0128865	0.0	0.0	0.0	0.0	0.0	0.0	6.69576e-05	0.0	0.0	0.0	0.0	0.0	0.0	2.2963800000000002e-05	0.0	0.0	0.0	0.0	4.7207000000000004e-05	0.000498758	0.000478061	0.0	0.00021802899999999998	0.0158333	9.828730000000001e-05	0.011264	0.0	0.0	0.0	7.671889999999999e-05	0.0	0.00866599	0.0	0.0	2.67637e-05	0.0	0.0	0.0	0.00013934	0.0	8.54161e-05	0.00446163	0.000116427	0.0	0.0	0.0	0.0	0.000123443	6.24733e-05	0.0	0.000128093	0.0098919	0.0	0.0	0.0	0.0	6.92515e-05	0.000140386	3.55798e-05	0.00010820500000000001	0.0	0.0	0.00011287000000000001	7.63227e-05	7.74252e-05	0.00907239	0.0	0.0	0.00012313599999999998	8.332319999999999e-05	0.00025368099999999996	0.0	4.35775e-05	0.000619492	0.0	0.0	0.0	0.0	0.0	4.85837e-05	0.0	0.0	5.09791e-05	0.0100494	0.0	5.35025e-05	0.000163138	0.0	0.0	0.0	0.0	0.0	0.0	0.0	6.22264e-05	0.000823012	0.0186162	0.0	0.00026679	0.00366642	0.00470132	7.04404e-05	0.00028717500000000003	0.0	0.0	0.0	0.0	0.0	0.00016078000000000002	0.0	0.0	0.0	0.0
Sor-CPnd_063-Ex1-7D-lcwgs-1-3.clmp.r1r2_fastp	0.0	0.0215832	2.13167e-05	0.0026645899999999997	0.0	0.0	0.0	0.0	0.0	0.0	0.0	0.000149217	0.0	0.0001279	0.00023448399999999997	6.39502e-05	0.0187161	0.0093687	0.0	0.0	3.19751e-05	8.52669e-05	0.0173412	2.13167e-05	0.000245142	0.0189399	0.0	0.0	0.0	0.00019185100000000002	0.000351726	2.13167e-05	0.0	7.473850000000001e-05	0.00821765	0.00030037799999999996	0.0166462	0.0	0.0	0.0	1.09352e-05	0.0	0.0	1.11115e-05	0.0	0.0	0.0	0.0	0.0	0.0	3.50164e-05	2.35335e-05	3.5589699999999996e-05	2.39288e-05	0.0	4.87013e-05	0.000442276	0.000309938	0.0	0.000164187	0.0188329	0.000193109	0.013468299999999999	6.56421e-05	1.3259700000000001e-05	0.0	4.0594100000000005e-05	8.203130000000001e-05	0.0103062	0.0	0.0	5.7052900000000004e-05	0.0	0.0	0.0	1.4900700000000001e-05	1.5067299999999999e-05	3.04728e-05	0.00542364	0.000109082	0.0	0.0	0.0	3.2613399999999995e-05	6.59724e-05	0.0	1.68723e-05	0.000136522	0.011685599999999999	0.0	0.0	0.0	5.42297e-05	7.31522e-05	0.000277532	1.87198e-05	0.000170454	0.0	0.0	0.000117708	1.98544e-05	0.000100469	0.011184999999999999	0.0	0.0	2.10898e-05	2.1347099999999998e-05	0.000194494	0.0	0.0	0.000964435	0.0	2.2996300000000002e-05	0.0	0.0	0.0	0.0	0.0	2.4828699999999998e-05	0.000100624	0.0126166	0.0	2.6170799999999997e-05	2.65256e-05	0.0	0.0	0.0	2.8008099999999997e-05	5.6804499999999995e-05	2.8800500000000003e-05	0.0	2.9626199999999998e-05	0.000601132	0.023998699999999998	0.0	0.000345345	0.00519383	0.00478763	3.2851e-05	0.00020022800000000002	0.0	0.0	0.0	0.0	7.227299999999999e-05	0.00018354799999999998	0.0	0.0	0.0	0.0
Sor-CPnd_066-Ex1-8B-lcwgs-1-3.clmp.r1r2_fastp	0.0	0.0319563	0.0	0.00304346	0.0	0.0	0.0	0.0	0.0	0.0	0.000380432	0.0	0.0	0.000380432	0.000380432	0.0	0.0220651	0.0136956	0.0	0.0	0.0	0.0	0.0346193	0.0	0.000380432	0.029673699999999997	0.0	0.0	0.0	0.0	0.000760864	0.0	0.0	0.000762015	0.0137417	0.0	0.0214797	0.0	0.0	0.0	0.0	0.0	0.0	0.0	0.0	0.0	0.0	0.0	0.0	0.0	0.0	0.0	0.0	0.0	0.0	0.0	0.00127915	0.000429343	0.0	0.0	0.042547800000000004	0.0	0.0195838	0.0	0.0	0.0	0.0	0.000462436	0.0158428	0.0	0.0	0.0	0.0	0.0	0.0	0.0	0.0	0.00050166	0.00910521	0.0	0.0	0.0	0.0	0.0	0.0	0.0	0.0	0.0	0.0170956	0.0	0.0	0.0	0.0	0.0	0.0	0.0	0.0	0.0	0.0	0.0	0.0	0.0	0.0106164	0.0	0.0	0.0	0.0	0.0	0.0	0.0	0.000672386	0.000678564	0.0	0.0	0.0	0.0	0.0	0.0	0.0	0.0007337559999999999	0.0244455	0.0	0.0	0.0	0.0	0.0	0.0	0.0	0.0	0.0	0.0	0.0	0.0008389539999999999	0.0296877	0.0	0.0	0.010532	0.00710013	0.0	0.0	0.0	0.0	0.0	0.0	0.0	0.0009790579999999999	0.0	0.0	0.0	0.0
Sor-CPnd_069-Ex1-6B-lcwgs-1-3.clmp.r1r2_fastp	0.0	0.0370575	4.01055e-05	0.00457203	0.0	0.0	0.0	0.0	0.0	0.0	2.0052700000000002e-05	0.000280738	2.0052700000000002e-05	0.000140369	0.000140369	0.00012031599999999999	0.032064300000000004	0.0167841	0.0	0.0	2.0052700000000002e-05	2.0052700000000002e-05	0.0324253	2.0052700000000002e-05	0.000340897	0.0327461	0.0	0.0	0.0	0.000160422	0.00058153	8.0211e-05	0.0	0.000140533	0.014475600000000002	0.000443046	0.030227200000000003	0.0	0.0	0.0	0.0	0.0	0.0	4.11722e-05	0.0	0.0	0.0	0.0	0.0	0.0	2.11943e-05	0.0	0.0	0.0	0.0	0.000108523	0.00041443899999999995	0.000635755	0.0	0.00026578	0.0382686	0.000201403	0.025692	9.04686e-05	0.0	0.0	0.00011494899999999999	0.0	0.0217119	0.0	2.3507900000000002e-05	7.09303e-05	0.0	0.0	0.0	0.0	0.0	2.4499900000000002e-05	0.010820999999999999	0.00024799	0.0	0.0	2.5260999999999998e-05	0.0	2.5573199999999998e-05	2.5733100000000003e-05	0.0	0.00018236400000000002	0.0213631	0.0	0.0	0.0	2.6870999999999997e-05	5.408069999999999e-05	0.000326539	2.73864e-05	0.00022047900000000001	0.0	0.0	0.000280984	0.000169706	0.00011389700000000001	0.0196945	0.0	2.90574e-05	0.00011703000000000001	2.9460699999999997e-05	8.900250000000001e-05	0.0	0.0	0.00206107	0.0	0.0	0.0	0.0	0.0	0.0	0.0	0.0	0.000162278	0.022214	0.0	3.32511e-05	6.705949999999999e-05	0.0	0.0	0.0	6.93839e-05	0.000244997	0.0	0.0	7.191430000000001e-05	0.00108865	0.040366	0.0	0.000410622	0.00802984	0.00971093	0.000115424	7.77749e-05	0.0	0.0	4.02487e-05	0.0	4.10576e-05	0.0001245	0.0	0.0	4.28324e-05	0.0
Sor-CPnd_072-Ex1-8C-lcwgs-1-3.clmp.r1r2_fastp	0.0	0.0417929	8.28239e-06	0.00477894	0.0	0.0	0.0	0.0	0.0	0.0	0.0	0.000198777	1.65648e-05	0.00020706	0.000289884	0.00020706	0.0369477	0.0187679	0.0	0.0	3.31296e-05	9.11063e-05	0.0348689	2.48472e-05	0.000339578	0.037718	1.65648e-05	0.0	0.0	0.000223625	0.0008033920000000001	5.79767e-05	1.65648e-05	0.00020733	0.0168525	0.00038272100000000004	0.035103100000000005	0.0	0.0	0.0	0.0	0.0	0.0	5.9449899999999995e-05	0.0	0.0	0.0	0.0	0.0	0.0	8.706599999999999e-06	0.0	0.0	1.76191e-05	0.0	7.10487e-05	0.000499385	0.0007522060000000001	1.79855e-05	0.00032511300000000003	0.0460918	0.000191289	0.0306764	4.59467e-05	5.53827e-05	1.85441e-05	6.52002e-05	8.421729999999999e-05	0.0245177	0.0	0.0	9.53508e-05	0.0	0.0	0.0	9.72317e-06	9.77178e-06	0.00010802700000000001	0.0131667	0.00013888	0.0	1.00205e-05	1.00714e-05	4.04891e-05	0.000111911	7.15782e-05	1.0277500000000001e-05	0.00018594800000000002	0.026114500000000002	0.0	0.0	0.0	1.0598699999999999e-05	7.45764e-05	0.000257023	2.15305e-05	0.000108217	0.0	0.0	0.000208916	6.63299e-05	0.00018896699999999998	0.023203500000000002	0.0	3.39066e-05	2.27312e-05	4.57193e-05	0.000103459	0.0	1.16289e-05	0.0023044199999999997	5.8833400000000005e-05	0.0	0.0	0.0	1.20546e-05	2.42594e-05	0.0	1.22833e-05	0.000333757	0.0283426	0.0	3.78182e-05	0.000126904	0.0	0.0	3.8859299999999996e-05	3.91308e-05	0.000105089	2.64617e-05	0.0	0.000147676	0.0009332259999999999	0.049398599999999994	2.7460900000000003e-05	0.000525779	0.0106549	0.0107424	2.83581e-05	0.000100129	0.0	0.0	0.0	1.48352e-05	4.48624e-05	0.00022628600000000002	0.0	0.0	0.0	0.0
