Sample	fastp_mqc-generalstats-fastp-pct_duplication	fastp_mqc-generalstats-fastp-after_filtering_q30_rate	fastp_mqc-generalstats-fastp-after_filtering_q30_bases	fastp_mqc-generalstats-fastp-after_filtering_gc_content	fastp_mqc-generalstats-fastp-pct_surviving	fastp_mqc-generalstats-fastp-pct_adapter
Sor-CPnd_001-Ex1-3E-lcwgs-1-3.clmp.r1r2_fastp	0.7942710000000001	0.973118	1202374232.0	0.387097	99.63226453430006	0.46101778569672297
Sor-CPnd_002-Ex1-5E-lcwgs-1-3.clmp.r1r2_fastp	0.696262	0.975051	1070083498.0	0.395315	99.67982223313062	0.5123257087754003
Sor-CPnd_003-Ex1-2B-lcwgs-1-3.clmp.r1r2_fastp	0.928293	0.973367	1460014534.0	0.396137	99.64039888216429	0.24482415650913053
Sor-CPnd_004-Ex1-1G-lcwgs-1-3.clmp.r1r2_fastp	0.650916	0.973571	2091076526.0	0.389768	99.69019926905396	0.34307494088087265
Sor-CPnd_005-Ex1-3D-lcwgs-1-3.clmp.r1r2_fastp	1.1020999999999999	0.972108	936661731.0	0.391329	99.60615073910623	0.35706624891490113
Sor-CPnd_006-Ex1-2D-lcwgs-1-3.clmp.r1r2_fastp	0.884121	0.973254	2175704001.0	0.390581	99.63988928755381	0.4423368036766824
Sor-CPnd_007-Ex1-1C-lcwgs-1-3.clmp.r1r2_fastp	0.9390459999999999	0.972567	659039063.0	0.405957	99.6490455324613	0.3784403114647431
Sor-CPnd_008-Ex1-1A-lcwgs-1-3.clmp.r1r2_fastp	2.54258	0.970167	3520914426.0	0.395615	99.46416313875926	0.13328084676659446
Sor-CPnd_009-Ex1-6A-lcwgs-1-3.clmp.r1r2_fastp	1.2950700000000002	0.974994	2412729382.0	0.393925	99.65425690339116	0.34254335548600645
Sor-CPnd_010-Ex1-1H-lcwgs-1-3.clmp.r1r2_fastp	0.9561540000000001	0.973606	290070231.0	0.389581	99.6850671274629	0.3172669009816602
Sor-CPnd_012-Ex1-5B-lcwgs-1-3.clmp.r1r2_fastp	1.0166	0.974271	1049493221.0	0.39356	99.66042731579144	0.23716855421022578
Sor-CPnd_013-Ex1-7F-lcwgs-1-3.clmp.r1r2_fastp	0.6948679999999999	0.974007	868817076.0	0.392551	99.66601161366057	0.5255820593858738
Sor-CPnd_014-Ex1-1F-lcwgs-1-3.clmp.r1r2_fastp	0.718248	0.973719	2046850967.0	0.392806	99.68622579292149	0.47098924514525187
Sor-CPnd_015-Ex1-5F-lcwgs-1-3.clmp.r1r2_fastp	0.813552	0.975186	821992970.0	0.397048	99.66370226061031	0.4780317379563547
Sor-CPnd_016-Ex1-1B-lcwgs-1-3.clmp.r1r2_fastp	1.68455	0.971963	4493298722.0	0.393098	99.60075340902299	0.1305189364427698
Sor-CPnd_017-Ex1-3G-lcwgs-1-3.clmp.r1r2_fastp	0.642999	0.973717	166867100.0	0.386781	99.61685532679986	0.4050495074577731
Sor-CPnd_018-Ex1-1E-lcwgs-1-3.clmp.r1r2_fastp	0.6390469999999999	0.974022	846717987.0	0.392855	99.69336834770999	0.4716095834276289
Sor-CPnd_019-Ex1-6G-lcwgs-1-3.clmp.r1r2_fastp	0.878409	0.974861	1803521893.0	0.394558	99.65234714934861	0.380048987131026
Sor-CPnd_020-Ex1-2E-lcwgs-1-3.clmp.r1r2_fastp	1.04596	0.972927	2362684830.0	0.385766	99.6394646164823	0.41583479844384064
Sor-CPnd_022-Ex1-7C-lcwgs-1-3.clmp.r1r2_fastp	1.05391	0.972585	1720131820.0	0.390418	99.63815321825683	0.3921490336722489
Sor-CPnd_024-Ex1-5G-lcwgs-1-3.clmp.r1r2_fastp	0.674698	0.97521	536428369.0	0.392497	99.67614052161984	0.3894812607505026
Sor-CPnd_026-Ex1-3H-lcwgs-1-3.clmp.r1r2_fastp	1.05006	0.972827	2278140904.0	0.388372	99.61395640582714	0.34616780353304744
Sor-CPnd_027-Ex1-3C-lcwgs-1-3.clmp.r1r2_fastp	1.32963	0.971904	1164223344.0	0.392179	99.58544919308206	0.31385165326184095
Sor-CPnd_028-Ex1-3A-lcwgs-1-3.clmp.r1r2_fastp	1.36002	0.972213	2101697612.0	0.391634	99.57457599218009	0.3116540159671857
Sor-CPnd_029-Ex1-8E-lcwgs-1-3.clmp.r1r2_fastp	1.06712	0.972885	2637182992.0	0.384529	99.6246188169969	0.4092679198369877
Sor-CPnd_030-Ex1-2H-lcwgs-1-3.clmp.r1r2_fastp	0.7826069999999999	0.973382	1177157583.0	0.391901	99.65889020873196	0.41918088391491237
Sor-CPnd_031-Ex1-5D-lcwgs-1-3.clmp.r1r2_fastp	1.09823	0.974289	2359852500.0	0.391897	99.65926682635924	0.37045335810403873
Sor-CPnd_033-Ex1-2F-lcwgs-1-3.clmp.r1r2_fastp	0.835866	0.973721	872639999.0	0.385556	99.6680902782073	0.45958118399947223
Sor-CPnd_034-Ex1-4G-lcwgs-1-3.clmp.r1r2_fastp	0.6961379999999999	0.974619	565403138.0	0.395659	99.66841769289634	0.37240002918572873
Sor-CPnd_036-Ex1-5C-lcwgs-1-3.clmp.r1r2_fastp	0.984937	0.973868	2183001275.0	0.388767	99.64605932772173	0.4343036815089327
Sor-CPnd_037-Ex1-6C-lcwgs-1-3.clmp.r1r2_fastp	1.22521	0.973795	1161221684.0	0.39182	99.61659122569246	0.4253511874874947
Sor-CPnd_038-Ex1-2A-lcwgs-1-3.clmp.r1r2_fastp	1.59306	0.972676	3016901754.0	0.38847	99.58598120530121	0.26848369313638143
Sor-CPnd_041-Ex1-7A-lcwgs-1-3.clmp.r1r2_fastp	0.83131	0.974653	3593124082.0	0.397156	99.67221476112846	0.36160955822238605
Sor-CPnd_043-Ex1-1D-lcwgs-1-3.clmp.r1r2_fastp	0.976204	0.972853	2003374855.0	0.391234	99.65736666869155	0.370981692165728
Sor-CPnd_044-Ex1-8G-lcwgs-1-3.clmp.r1r2_fastp	0.786351	0.973669	2377905679.0	0.387725	99.63361282452327	0.35869773027370483
Sor-CPnd_045-Ex1-7B-lcwgs-1-3.clmp.r1r2_fastp	1.3593199999999999	0.972468	2474645838.0	0.389085	99.62457441856142	0.19030659772038916
Sor-CPnd_046-Ex1-5A-lcwgs-1-3.clmp.r1r2_fastp	0.899848	0.975003	758047915.0	0.390467	99.67476177611545	0.41712676509494423
Sor-CPnd_049-Ex1-3B-lcwgs-1-3.clmp.r1r2_fastp	0.7965669999999999	0.973435	551969480.0	0.391896	99.62673219225908	0.2673562891603154
Sor-CPnd_050-Ex1-3F-lcwgs-1-3.clmp.r1r2_fastp	0.872707	0.973533	1900872511.0	0.390451	99.62182141954847	0.46593330086497287
Sor-CPnd_052-Ex1-6D-lcwgs-1-3.clmp.r1r2_fastp	0.8386750000000001	0.975096	1272790294.0	0.382343	99.66378152533878	0.4769516796029617
Sor-CPnd_053-Ex1-2C-lcwgs-1-3.clmp.r1r2_fastp	1.2658	0.972275	1155952426.0	0.392102	99.59796380587017	0.3723787765640764
Sor-CPnd_054-Ex1-8F-lcwgs-1-3.clmp.r1r2_fastp	0.555504	0.974719	426574150.0	0.397338	99.66010254518129	0.5576316067736514
Sor-CPnd_055-Ex1-7G-lcwgs-1-3.clmp.r1r2_fastp	0.676245	0.973682	1702444356.0	0.384163	99.66252794824223	0.3698682270110842
Sor-CPnd_058-Ex1-2G-lcwgs-1-3.clmp.r1r2_fastp	0.694419	0.973729	968026958.0	0.382329	99.66481276686379	0.38135687346164715
Sor-CPnd_063-Ex1-7D-lcwgs-1-3.clmp.r1r2_fastp	0.7029070000000001	0.973635	1924947090.0	0.388848	99.66833887075659	0.47106694581115427
Sor-CPnd_066-Ex1-8B-lcwgs-1-3.clmp.r1r2_fastp	0.5479	0.972318	57660467.0	0.394939	99.61157175122402	0.3224901850813236
Sor-CPnd_069-Ex1-6B-lcwgs-1-3.clmp.r1r2_fastp	1.41446	0.973854	1170390441.0	0.394543	99.61857336369991	0.2031785020324842
Sor-CPnd_072-Ex1-8C-lcwgs-1-3.clmp.r1r2_fastp	1.60537	0.971652	2918213957.0	0.391673	99.55033447259264	0.3029101737516107
