Sample	0.0	1.0	2.0	3.0	4.0	5.0	6.0	7.0	8.0	9.0	10.0	11.0	12.0	13.0	14.0	15.0	16.0	17.0	18.0	19.0	20.0	21.0	22.0	23.0	24.0	25.0	26.0	27.0	28.0	29.0	30.0	31.0	32.0	33.0	34.0	35.0	36.0	37.0	38.0	39.0	40.0	41.0	42.0	43.0	44.0	45.0	46.0	47.0	48.0	49.0	50.0	51.0	52.0	53.0	54.0	55.0	56.0	57.0	58.0	59.0	60.0	61.0	62.0	63.0	64.0	65.0	66.0	67.0	68.0	69.0	70.0	71.0	72.0	73.0	74.0	75.0	76.0	77.0	78.0	79.0	80.0	81.0	82.0	83.0	84.0	85.0	86.0	87.0	88.0	89.0	90.0	91.0	92.0	93.0	94.0	95.0	96.0	97.0	98.0	99.0	100.0
Sor-CPnd_001-Ex1-3E-lcwgs-1-3.1	1.0	3.5	8.5	17.5	29.5	54.0	85.0	114.5	154.0	216.0	312.5	433.5	632.0	952.0	1410.0	2148.0	3325.5	5263.0	8222.0	12223.5	17779.5	24959.5	33476.5	43900.5	56101.5	69697.5	84915.5	101314.5	117789.5	134131.0	151203.5	168479.0	185800.0	202395.5	217779.5	231577.0	242767.5	251357.0	257282.5	261195.5	261856.0	259216.5	254190.5	246925.0	238575.0	228637.0	217282.5	205304.5	192768.5	179242.5	164626.0	149145.5	132408.5	115476.0	99374.5	84503.5	71243.5	59191.5	48693.5	39999.0	32519.5	26140.0	20786.5	16374.0	12918.0	10334.0	8420.0	6903.0	5640.0	4658.5	3856.5	3164.0	2524.5	1991.0	1588.0	1273.5	1037.0	812.5	621.0	480.5	350.0	269.0	188.5	119.5	89.0	69.5	50.5	35.0	25.5	20.5	13.5	7.0	8.5	12.0	18.0	24.5	33.0	120.5	416.0	372.5	60.5
Sor-CPnd_001-Ex1-3E-lcwgs-1-3.2	2.0	6.0	12.0	17.0	24.0	41.5	66.0	100.0	153.5	217.5	304.0	456.5	653.0	896.0	1362.0	2109.0	3264.0	5082.5	7820.0	11604.5	17008.0	24194.0	32540.5	42473.0	54413.0	67907.0	82474.5	98083.0	114139.5	130638.5	147269.0	164113.5	182122.0	198971.5	214113.5	227936.0	239569.5	249137.0	256374.0	261588.5	264226.0	262810.5	258887.5	253939.0	245555.0	234679.0	223147.0	209668.0	194924.5	179906.0	164321.5	147665.0	130289.0	113162.0	96657.5	81543.5	68122.5	56442.0	46570.5	38157.5	31324.0	25494.5	20339.0	16144.5	12784.5	10038.0	7954.5	6259.0	4699.5	3572.0	2808.5	2202.5	1724.0	1397.0	1273.0	1152.0	961.5	840.5	706.5	606.0	532.0	454.5	403.5	341.0	297.5	295.0	284.5	251.5	248.0	243.5	221.5	220.5	214.0	202.0	199.5	217.0	275.0	377.5	609.5	1527.0	17013.5
Sor-CPnd_002-Ex1-5E-lcwgs-1-3.1	2.0	2.5	6.0	14.0	21.0	36.5	46.0	73.5	123.0	173.0	224.5	302.5	457.5	696.0	1041.5	1575.0	2469.0	3850.5	5948.5	8879.0	12892.5	18134.0	24775.5	32853.0	42076.5	53028.0	64989.5	77655.5	91029.0	105309.5	120019.0	135099.5	151136.5	166541.5	182060.5	196734.5	209703.5	221741.5	232515.0	241781.0	248901.5	253298.0	256019.5	258372.0	258169.5	255618.5	249612.5	238640.5	224990.5	208925.0	190510.0	169501.5	147031.5	125751.5	106688.0	89852.0	75100.5	62431.0	52142.5	43665.5	36543.5	30749.0	25844.5	21143.5	16671.5	12957.5	9855.5	7409.5	5500.5	3970.5	2911.5	2160.0	1601.5	1266.5	1018.5	834.5	687.5	549.5	444.5	358.5	290.5	219.0	159.0	129.5	87.0	62.5	54.5	41.5	25.5	21.0	17.5	13.5	11.5	10.0	13.5	15.5	30.5	101.5	362.5	322.5	39.5
Sor-CPnd_002-Ex1-5E-lcwgs-1-3.2	4.0	3.5	2.5	9.5	23.0	34.0	52.0	69.0	100.5	158.5	233.0	324.0	452.0	673.5	1041.0	1577.5	2397.0	3725.5	5756.5	8743.5	12730.0	17775.0	24061.0	31876.0	40988.5	51466.5	63160.5	75539.0	88935.5	102629.0	116478.0	131342.0	146699.5	161802.5	176673.5	191250.0	204655.0	216637.0	227878.0	237596.5	244992.5	249978.5	252448.5	252660.0	250761.5	246410.5	238947.0	228483.0	216560.0	203527.5	190207.5	175538.5	158050.0	139520.5	120079.5	101451.0	85211.0	70835.5	58105.5	47409.0	38568.5	31084.5	24930.5	19697.5	15516.5	12137.0	9307.0	7153.0	5463.0	4136.0	3128.5	2436.0	1939.0	1546.0	1280.5	1073.0	935.5	827.5	718.5	605.0	513.0	442.5	375.5	326.0	294.5	269.5	270.0	266.0	254.5	256.0	243.5	235.5	236.0	228.5	239.0	248.5	275.5	382.5	630.0	1521.5	20071.0
Sor-CPnd_003-Ex1-2B-lcwgs-1-3.1	1.0	2.5	8.5	15.0	21.0	27.0	40.0	57.0	77.5	120.5	191.0	282.0	423.0	633.0	998.0	1654.0	2714.0	4343.0	6896.5	10776.0	16245.0	23485.0	32858.5	44022.5	56922.0	72200.5	89263.0	107390.5	126545.5	146199.0	166149.5	186991.5	208018.5	227776.5	246815.5	264205.0	278619.5	291308.5	301388.5	307683.5	311061.5	310414.5	306192.0	300191.0	292680.0	282831.5	271184.5	258229.0	244550.5	230196.0	214213.0	196557.5	176368.5	155326.0	134821.5	115485.5	98195.0	82724.0	69041.0	57280.5	47042.0	38142.5	30796.5	24919.5	20352.0	17025.5	14499.0	12679.0	11024.0	9314.5	7670.5	5939.0	4501.5	3398.5	2511.0	1925.0	1495.5	1164.0	871.5	602.0	441.5	353.0	260.5	160.0	104.0	86.0	80.0	54.0	29.5	19.0	14.0	15.0	13.5	9.5	7.0	11.0	23.0	74.0	284.0	270.0	46.5
Sor-CPnd_003-Ex1-2B-lcwgs-1-3.2	3.0	3.5	5.0	14.5	22.5	30.5	43.0	66.5	100.0	127.0	188.0	281.0	427.0	658.0	960.0	1503.0	2534.0	4211.5	6769.0	10560.5	15848.5	22931.5	31880.0	42865.0	55667.5	70496.0	86900.0	104753.5	123613.0	142773.0	163029.0	183639.5	203535.5	223482.0	243131.5	261030.0	277033.5	290239.0	300990.5	309234.5	314660.0	316162.0	314034.0	310362.5	303075.5	292419.0	280348.0	265779.5	249542.0	231295.0	212782.5	193550.5	172152.0	150116.0	128969.0	109758.0	92314.0	77469.5	64526.0	53451.5	44132.5	36179.0	29475.5	23737.0	18833.0	14902.5	11662.5	9095.0	6982.0	5279.0	4016.5	3111.5	2479.0	1999.5	1632.5	1377.0	1236.0	1089.0	917.0	754.0	655.5	570.5	470.5	399.0	356.0	338.5	303.0	257.5	253.5	266.0	260.5	243.0	222.5	232.5	238.5	252.5	313.5	396.0	636.0	1644.0	24412.0
Sor-CPnd_004-Ex1-1G-lcwgs-1-3.1	9.0	9.5	18.0	30.5	47.0	69.0	109.5	177.0	267.0	367.0	509.0	739.0	1070.0	1540.0	2349.0	3745.5	5855.0	9100.0	14058.0	20989.0	30555.5	42635.5	57432.5	74936.0	95573.5	119543.5	145100.5	171760.0	200553.0	229450.5	258000.0	288667.5	318621.0	347307.5	374880.0	399364.5	418862.0	433451.0	444730.5	451229.5	453797.0	450595.5	441671.5	429837.5	415412.0	399062.5	380749.0	360227.5	338634.5	316539.0	293928.5	268651.5	240228.5	212951.0	186367.0	160573.5	137549.5	117019.5	98520.0	81905.5	67788.5	55589.0	44700.0	35616.0	28151.5	22186.0	17497.0	13894.5	11219.5	9004.0	7171.5	5754.0	4576.5	3621.0	2937.0	2441.0	1958.0	1542.0	1196.5	831.0	555.5	418.0	295.5	218.0	155.0	109.0	74.0	56.0	45.5	30.0	16.5	14.5	17.5	14.0	9.5	17.5	41.0	124.0	506.0	521.5	111.0
Sor-CPnd_004-Ex1-1G-lcwgs-1-3.2	4.0	11.5	17.0	20.5	43.5	72.0	99.5	154.5	248.0	349.0	485.5	686.5	1001.5	1514.5	2338.5	3649.5	5650.5	8820.5	13739.0	20364.0	29321.0	41413.5	55838.0	73301.0	93602.0	116171.5	141412.0	167928.5	195669.5	223932.0	252176.5	281270.0	310940.0	340039.5	366822.5	390744.0	411384.0	428212.0	441567.0	450987.5	456127.5	455815.0	451214.0	443403.0	430703.0	415067.0	396991.0	374043.0	348478.5	322788.0	296848.5	269030.5	239500.0	209912.0	180995.0	154405.0	130545.5	109905.5	92472.0	77166.0	63914.5	52666.0	42874.5	34488.5	27524.0	21729.5	16802.5	12870.0	9817.5	7524.5	5780.0	4403.0	3442.0	2810.5	2368.5	2004.5	1722.0	1443.0	1198.0	1043.5	897.5	745.0	615.0	543.5	490.0	455.5	440.5	428.0	419.5	401.0	380.0	372.0	377.0	358.5	345.5	351.5	366.0	464.5	701.5	1573.5	17767.5
Sor-CPnd_005-Ex1-3D-lcwgs-1-3.1	1.0	3.0	8.5	14.5	21.5	38.0	54.5	71.0	110.0	161.5	225.0	329.0	466.0	682.5	1044.0	1577.5	2460.0	3884.0	6101.5	9225.0	13574.5	19239.0	25875.0	33930.5	43245.0	53948.0	65463.0	77485.0	90419.0	103005.5	115296.0	127695.5	139516.0	150528.0	160506.0	168374.5	174615.5	178451.5	179759.0	180103.5	178583.5	175055.5	169680.5	162797.0	156025.0	148918.5	140915.5	132381.5	123722.5	114846.5	105212.0	95255.0	84715.0	74451.0	64791.5	55830.0	48009.0	41115.5	35088.5	29821.5	25222.5	21066.0	17480.0	14434.5	11755.5	9632.5	8131.5	6805.5	5533.0	4462.5	3588.5	2839.0	2230.0	1799.0	1551.5	1338.0	1125.0	949.0	770.5	568.0	429.5	360.5	257.5	170.0	108.0	81.0	64.5	37.0	17.5	11.0	5.0	6.0	6.0	4.5	6.0	8.0	12.5	29.0	105.5	94.5	11.5
Sor-CPnd_005-Ex1-3D-lcwgs-1-3.2	3.0	3.0	5.5	15.5	21.5	27.5	52.0	70.0	114.5	165.0	207.0	292.0	405.0	615.5	962.0	1534.5	2490.0	3839.5	5998.0	8982.0	13062.5	18570.5	25203.0	33008.5	42116.0	52706.5	64260.5	76076.0	88222.0	100628.5	112946.0	124907.0	136853.5	148661.0	158215.0	166084.0	173050.0	176925.0	179448.0	180900.5	179569.5	176410.0	171621.0	165705.5	159524.5	152157.0	143592.0	134426.5	124715.5	115202.0	105861.0	95279.0	84066.5	73723.0	63975.5	55256.5	47305.5	40333.0	34521.0	29154.5	24486.5	20711.0	17246.0	14094.0	11530.5	9491.5	7838.0	6246.0	4721.0	3570.5	2828.5	2266.5	1797.5	1509.0	1357.0	1207.0	1079.5	924.0	777.0	671.5	589.5	503.5	386.0	315.0	248.0	211.5	197.0	167.0	152.0	142.5	152.0	155.5	146.0	146.0	148.0	153.5	175.0	220.5	362.0	849.0	9312.5
Sor-CPnd_006-Ex1-2D-lcwgs-1-3.1	3.0	8.0	17.0	23.5	37.0	63.5	97.0	142.5	209.0	317.0	443.0	623.5	915.5	1373.0	2170.5	3456.5	5481.5	8655.5	13152.0	20067.0	29858.0	42287.0	57380.0	75395.0	96343.0	120741.5	147372.0	175844.5	205239.5	235167.0	266384.0	297274.5	328303.0	358787.0	387274.0	412986.5	435023.0	451143.5	464513.5	474304.0	477601.5	475778.5	468617.5	457823.5	444730.5	429166.5	410849.5	390738.0	369052.0	345984.0	321732.0	294298.0	263221.0	230577.5	199159.0	170264.0	143934.0	120755.0	100418.0	82764.5	67501.0	54537.5	43748.0	34868.5	27772.0	22350.5	18492.0	15598.0	13057.0	10882.0	8899.5	6932.5	5212.5	3907.5	3062.5	2462.5	1917.0	1459.5	1101.5	850.0	639.0	506.5	389.0	276.0	192.0	138.5	116.0	71.5	44.0	38.0	23.5	11.0	12.5	13.5	14.5	19.0	33.5	95.0	326.0	284.0	31.0
Sor-CPnd_006-Ex1-2D-lcwgs-1-3.2	5.0	9.5	16.0	25.5	40.0	54.5	85.5	139.0	213.5	326.0	470.5	653.0	959.0	1399.0	2115.5	3382.5	5321.0	8328.0	12938.5	19699.0	28834.5	40824.5	55498.0	73101.0	93851.5	117465.5	143172.5	171190.5	200353.5	229401.5	259708.0	290367.0	320663.0	350891.0	379744.0	405291.5	427449.0	446454.5	462689.0	475333.0	481873.5	483394.0	480103.5	471823.5	460081.5	444850.0	425606.5	401605.5	375687.5	348582.5	320897.5	291351.0	258565.5	225532.5	193506.0	163690.5	137167.5	114412.0	95071.5	78450.5	64527.5	52452.0	42238.5	33987.5	27092.0	21358.5	16505.0	12736.0	9717.0	7490.0	5914.5	4609.5	3547.0	2898.5	2468.0	2133.0	1869.0	1600.5	1336.0	1138.5	1007.5	879.5	760.0	667.0	579.5	524.5	511.0	478.5	427.5	410.0	410.0	397.5	378.5	386.0	390.0	392.0	433.0	595.5	1001.5	2395.5	28314.5
Sor-CPnd_007-Ex1-1C-lcwgs-1-3.1	0.0	0.5	2.5	4.0	6.0	8.0	7.5	14.5	26.0	31.5	47.0	79.0	126.5	217.0	364.0	589.0	965.5	1597.5	2678.5	4219.5	6332.0	9243.5	13086.5	17672.5	22905.0	29133.0	36084.5	43376.5	51246.0	59246.0	67565.0	76193.0	84360.0	92755.5	100614.5	107331.5	113586.0	118637.5	122521.5	125540.5	127231.0	127164.0	126578.0	125086.0	122738.0	119947.5	116711.0	112865.5	108617.5	104008.5	98478.5	91958.0	83970.0	75771.5	67390.0	59046.0	51364.0	44235.0	37831.5	32101.5	26678.0	21912.5	17912.5	14717.0	12303.0	10527.0	9504.5	9234.0	9231.5	9090.5	8420.0	7302.0	6124.5	4997.5	4029.5	3156.0	2481.5	1939.0	1475.0	833.0	320.0	240.0	176.0	117.0	79.5	50.5	36.0	25.5	14.5	8.0	4.0	2.0	5.5	7.0	6.5	8.0	10.5	35.5	120.0	108.0	17.0
Sor-CPnd_007-Ex1-1C-lcwgs-1-3.2	1.0	1.0	2.0	2.5	5.0	11.0	16.0	21.0	25.5	32.0	52.0	81.5	124.0	207.0	350.0	581.0	930.0	1563.0	2599.5	4119.0	6278.0	9138.0	12751.0	17205.0	22521.0	28726.5	35383.0	42524.5	50191.5	57762.5	65722.0	74175.5	82135.5	90026.5	97920.0	105143.5	111429.5	116282.0	120441.0	123655.5	125860.0	127130.0	127162.0	126545.5	125491.0	123543.0	120421.5	116584.0	111785.0	106211.5	100224.5	92602.5	83960.5	75472.0	66769.5	58350.0	50425.0	43304.0	36882.5	30911.0	25801.5	21377.0	17444.0	14127.5	11292.5	8945.0	7061.0	5510.5	4234.0	3175.5	2458.5	1969.0	1515.0	1211.5	1052.5	877.0	728.5	647.5	576.5	471.0	373.5	330.5	287.5	220.0	176.0	180.5	178.5	164.5	162.0	151.0	145.5	152.0	140.0	135.5	159.5	180.5	196.5	286.0	515.5	1335.5	30026.5
Sor-CPnd_008-Ex1-1A-lcwgs-1-3.1	3.0	5.0	9.5	20.0	31.0	48.5	76.0	103.0	147.0	213.5	329.0	493.5	754.5	1180.0	1885.0	3206.0	5579.5	9515.5	15999.5	26089.0	40090.5	59048.0	83415.0	113177.0	149010.0	190387.5	235672.0	283017.5	332739.5	382710.0	431196.5	478861.0	525461.5	568607.5	605476.5	634283.0	653923.5	665896.0	669808.5	666250.5	654325.5	634195.5	609215.0	580897.5	549591.5	516579.0	482857.0	447860.0	412514.5	376835.5	342351.0	305394.0	267769.0	235101.0	205451.5	178641.5	155191.5	134423.0	116036.0	100455.0	86324.5	73036.0	61382.5	51355.0	42524.0	35598.5	30952.0	27602.5	25327.5	23525.5	20700.0	17496.5	14284.0	11307.5	8921.5	6960.5	5407.5	4138.0	3016.0	1605.0	635.5	465.5	346.5	239.0	151.5	101.5	77.5	57.0	39.0	30.5	21.0	12.0	12.0	12.0	12.0	15.0	34.5	121.5	487.0	416.0	24.5
Sor-CPnd_008-Ex1-1A-lcwgs-1-3.2	2.0	3.5	8.0	13.0	29.5	52.5	79.5	122.0	173.0	239.0	343.0	488.0	712.5	1086.5	1803.5	3032.5	5130.5	8833.0	14921.0	24346.0	37809.5	55840.0	79415.5	108363.5	142803.0	183140.0	227677.0	274671.5	323458.5	373098.0	421473.5	469173.0	515443.5	558860.5	596769.5	626703.5	648661.0	660781.0	665135.0	663177.0	653554.0	635931.5	611029.5	583529.0	553974.5	521257.5	487802.5	453068.0	416968.5	380566.5	344966.0	306974.0	269877.5	238668.0	208164.0	180375.5	156630.0	135066.5	117129.0	101633.0	87035.5	73584.5	61411.0	50747.5	41573.0	33294.0	26194.5	20380.0	15927.5	12510.0	9682.5	7447.5	5887.0	4654.5	3737.5	3036.5	2507.0	2120.0	1769.0	1471.0	1241.5	1095.5	1001.0	875.5	779.5	731.0	711.5	744.0	747.0	704.5	688.0	685.0	669.0	677.0	705.0	745.5	916.5	1294.5	2149.5	5166.0	80313.0
Sor-CPnd_009-Ex1-6A-lcwgs-1-3.1	1.0	1.0	0.5	0.5	3.0	8.5	13.5	20.0	44.5	81.0	129.0	228.0	405.5	683.5	1131.0	2079.0	3696.0	6380.5	10692.0	17305.0	27094.5	40042.0	56130.5	76470.5	100968.5	128754.5	159618.0	192678.5	226895.0	260903.5	295427.0	330464.5	364020.0	395313.5	423519.0	447685.0	466371.0	479396.0	487696.0	491082.0	488780.5	480869.5	469329.0	454262.5	436982.5	418669.0	398909.5	378261.0	355653.0	328671.5	300662.0	270470.5	237423.0	206201.0	177076.0	150950.0	128089.0	108828.0	92593.5	79862.5	70795.5	64697.5	59816.0	54562.5	48399.0	40797.5	32448.0	24574.0	17779.0	12498.5	8616.0	5866.0	4055.5	2827.5	2053.0	1536.5	1171.0	872.5	641.0	450.0	308.5	237.0	168.0	125.0	105.5	73.5	58.0	48.0	34.0	23.0	21.5	21.0	18.0	16.5	15.5	14.0	31.5	107.0	509.0	446.0	20.5
Sor-CPnd_009-Ex1-6A-lcwgs-1-3.2	0.0	0.0	0.5	4.5	8.5	13.0	18.0	27.5	45.0	75.0	126.5	202.5	367.0	687.0	1161.0	2026.5	3638.0	6276.5	10554.5	17243.5	26662.5	39346.5	55262.5	74736.0	98749.0	126603.5	156840.5	188729.0	222296.0	256667.0	290346.5	323997.5	357218.5	388405.0	417327.0	441505.5	459386.5	472908.0	482722.0	486963.5	486769.5	480929.5	469678.5	457065.0	441526.5	421744.5	399621.5	376676.5	351703.5	324348.0	298376.0	270426.0	240078.0	211297.5	182761.5	156230.5	132892.5	112125.5	94026.5	78725.0	65394.0	53750.0	43752.0	35261.0	28361.0	22675.0	17937.5	14030.0	10592.5	7940.5	6088.0	4582.0	3456.0	2751.0	2241.0	1838.5	1527.0	1247.5	1024.5	878.5	741.0	658.0	613.0	544.5	504.5	489.5	469.5	460.5	456.0	462.5	437.0	417.5	428.0	425.5	455.0	498.0	575.0	845.5	1594.5	4357.5	89606.0
Sor-CPnd_010-Ex1-1H-lcwgs-1-3.1	0.0	0.5	1.5	2.5	2.5	8.0	14.5	17.5	21.0	25.5	40.0	61.5	95.0	152.5	238.5	370.5	597.0	985.5	1595.5	2451.0	3661.5	5323.0	7269.0	9653.5	12517.5	15825.0	19374.5	23204.0	27247.5	31095.0	35116.5	38902.5	42702.0	46783.5	50095.5	52919.0	55234.0	56524.5	57209.5	57867.5	57906.0	56648.5	55020.5	53249.5	51071.5	48630.5	45994.0	43409.5	40597.0	37432.5	34316.0	30964.5	27253.5	23698.0	20561.0	17678.0	14972.5	12523.5	10313.5	8515.5	7054.0	5764.5	4663.5	3696.5	2905.0	2363.0	1951.5	1586.0	1341.5	1141.0	953.5	781.0	615.0	477.5	360.5	271.5	217.0	167.5	120.5	79.5	47.0	26.5	23.5	22.0	12.5	7.0	7.0	6.0	3.5	3.5	3.5	2.5	2.0	2.0	1.5	2.5	6.0	24.5	89.0	86.5	17.5
Sor-CPnd_010-Ex1-1H-lcwgs-1-3.2	1.0	0.5	0.5	2.0	4.0	5.5	8.0	11.5	20.0	27.0	39.5	65.5	90.0	142.5	232.5	355.0	551.5	923.0	1545.0	2369.5	3490.5	5074.0	7010.0	9371.5	12126.5	15242.5	18754.5	22575.0	26355.0	30017.5	33915.5	37818.5	41666.0	45410.0	48855.5	51724.5	53854.5	55590.5	56945.0	57842.5	58072.5	57471.0	56017.0	54344.0	52653.5	50098.0	47487.5	44726.0	41347.5	38115.5	34903.0	31314.5	27523.0	23669.0	20223.5	17250.0	14380.0	11970.5	10026.5	8324.0	6849.5	5566.0	4490.5	3631.0	2859.0	2228.5	1718.0	1321.0	1043.0	782.0	566.5	442.0	356.5	277.0	220.0	186.0	160.5	138.0	120.5	103.5	80.0	67.0	57.0	56.5	59.5	53.5	56.0	53.5	48.0	47.0	44.5	49.0	47.0	46.0	40.0	42.0	55.0	78.5	145.5	329.5	4318.5
Sor-CPnd_012-Ex1-5B-lcwgs-1-3.1	2.0	1.0	0.5	5.5	10.5	14.0	22.0	31.0	54.5	99.0	135.5	215.0	324.5	507.5	868.5	1418.5	2269.5	3608.5	5671.5	8717.0	13009.0	18648.0	25699.5	33996.0	43791.0	55174.0	67695.5	80798.5	93935.0	107201.5	120955.5	135406.0	149838.5	163774.5	176949.0	189492.5	200074.5	208272.5	214736.5	220018.0	223113.0	223324.0	222339.5	220540.0	218940.0	215229.5	208592.0	200319.0	188816.5	174091.0	158342.0	140868.0	121619.5	103720.5	87761.0	73923.0	61987.5	52137.0	45233.5	41490.5	40575.5	40135.5	37659.0	32170.5	25319.0	18873.0	13462.0	9434.5	6538.5	4584.0	3233.0	2290.0	1626.5	1187.5	918.0	724.5	596.5	466.5	352.5	263.0	172.0	121.0	90.0	68.0	48.0	32.5	30.5	22.5	12.0	11.0	11.0	9.5	6.0	5.0	6.5	9.0	15.0	45.5	211.5	193.0	18.0
Sor-CPnd_012-Ex1-5B-lcwgs-1-3.2	1.0	1.5	3.5	7.5	14.0	19.5	31.5	46.5	69.0	103.0	151.5	212.0	320.0	489.0	782.0	1336.0	2269.5	3609.5	5639.0	8734.5	12886.0	18257.5	25213.0	33569.5	42969.5	53883.0	66033.5	78855.0	92570.5	105675.0	118765.5	132901.0	147007.0	160569.0	173529.5	185592.5	196280.5	205138.5	212008.0	218001.5	222251.5	222734.0	221452.5	219504.0	215559.5	210306.5	202422.5	192319.5	181186.0	168841.5	156856.0	143822.0	128832.5	112849.5	96689.5	81460.0	67770.5	55640.0	45394.0	37322.5	30609.5	24800.5	19906.0	15867.5	12595.5	10059.5	7914.0	6148.0	4703.0	3595.5	2778.5	2129.5	1703.0	1359.5	1116.5	971.0	828.0	725.0	614.5	505.5	440.0	396.0	349.0	305.5	287.5	279.5	258.5	235.0	235.0	232.0	221.5	223.0	227.5	225.5	238.0	247.5	308.0	501.0	991.5	3185.5	62404.5
Sor-CPnd_013-Ex1-7F-lcwgs-1-3.1	1.0	3.5	7.5	15.0	14.5	12.5	26.0	48.0	87.5	112.0	148.5	218.5	304.0	460.0	734.0	1183.5	1859.5	2902.0	4543.5	6956.5	10256.5	14426.0	19775.0	26371.5	34165.5	42740.0	52203.5	62783.5	73869.0	85347.5	96914.0	109208.0	122008.5	134724.0	147347.5	158708.0	168548.5	176854.5	184019.0	190131.5	194170.5	195539.5	195553.5	194171.5	190299.0	185149.5	179032.0	172151.0	164909.5	156871.0	148311.0	138243.0	126044.0	113291.5	99959.5	86590.5	73856.5	61889.0	51130.5	41575.5	33394.0	26386.0	20385.5	15691.5	12428.5	10025.5	8386.0	7732.0	7931.0	8617.0	9146.5	9250.5	8953.5	8590.5	8216.0	7695.5	7207.0	6659.5	5504.5	2491.5	310.5	231.5	174.5	146.5	81.5	37.0	26.5	19.5	14.0	12.0	12.5	9.0	7.5	10.5	12.0	16.5	32.5	97.5	346.0	320.0	49.5
Sor-CPnd_013-Ex1-7F-lcwgs-1-3.2	1.0	2.5	7.0	12.0	19.5	22.5	38.5	60.0	73.0	102.0	150.5	203.0	283.0	443.5	731.0	1185.5	1873.0	2889.0	4466.5	6762.5	9907.0	14083.0	19409.5	25780.5	32927.0	41279.5	50780.5	60831.0	71587.5	82543.5	93997.5	105800.0	117409.5	129522.5	141541.5	152805.0	162978.0	172476.0	180880.0	187690.5	193440.0	197219.0	199656.0	200621.5	199280.5	196514.0	192083.5	184646.5	175502.0	165629.5	154216.5	141089.0	126281.0	110716.5	95301.0	79937.5	66106.5	54259.0	43787.5	35129.0	28055.5	22219.0	17298.5	13496.0	10441.5	8093.0	6191.0	4665.0	3589.0	2760.0	2145.5	1663.0	1291.0	1052.5	865.5	711.5	617.0	536.0	461.5	419.0	385.5	344.5	335.0	327.0	293.0	263.5	244.0	250.0	256.0	255.0	243.5	236.0	251.0	262.0	257.0	274.0	356.0	524.0	1025.0	2894.5	53401.0
Sor-CPnd_014-Ex1-1F-lcwgs-1-3.1	3.0	3.5	6.0	13.5	20.0	35.5	57.0	92.0	154.0	230.0	320.5	471.5	719.5	1109.5	1771.5	2844.5	4536.5	7312.0	11614.5	17842.0	26295.5	37352.5	51233.0	67782.5	86963.0	109142.0	133904.0	160383.5	187771.5	214938.0	242920.5	272061.5	301266.0	328785.5	354975.5	377931.0	396784.5	412574.0	423595.0	431362.5	435066.5	431183.5	424142.5	415472.5	402432.5	386107.5	367919.5	348124.5	327249.0	306746.0	285302.0	261530.0	234677.5	207136.0	181455.5	157716.5	134875.0	114235.5	96516.0	80543.0	66571.5	54416.0	43849.5	35195.0	28238.0	22391.5	18020.5	15107.0	12707.5	10628.5	8881.0	7258.0	5829.5	4652.5	3733.0	2979.0	2371.0	1914.5	1443.5	898.5	551.0	431.0	326.0	233.0	162.5	111.0	86.0	64.5	37.5	26.0	22.5	15.5	17.5	19.0	18.0	20.0	33.5	89.0	273.5	244.5	38.0
Sor-CPnd_014-Ex1-1F-lcwgs-1-3.2	4.0	6.5	11.0	15.0	22.5	37.5	66.0	106.5	156.0	233.0	323.5	469.5	727.0	1074.5	1641.5	2762.5	4518.5	7126.5	11299.0	17218.0	25323.0	36218.0	49578.5	65773.0	84790.0	106639.0	130583.0	155863.0	182917.5	209953.0	236746.0	264483.5	292348.0	318957.0	344325.5	367337.5	386231.0	401565.5	414131.5	423635.5	428900.5	429960.5	426073.5	419275.0	410086.5	396665.5	381446.5	362577.5	339901.5	316239.5	291353.0	265394.0	237558.0	209087.5	182349.0	157300.5	134340.5	114515.0	96893.0	80817.5	67116.5	55158.0	44523.5	35980.5	28832.0	22512.5	17552.5	13636.5	10459.5	7949.5	6005.0	4593.5	3605.5	2945.0	2453.0	2028.0	1753.5	1502.5	1247.5	1058.0	868.5	718.5	592.5	527.0	482.5	424.5	407.0	380.0	353.0	360.0	369.0	354.5	348.5	343.0	341.0	349.0	372.0	492.5	839.5	2001.5	24591.5
Sor-CPnd_015-Ex1-5F-lcwgs-1-3.1	0.0	0.0	1.5	10.0	19.0	21.5	28.0	42.0	54.5	79.0	116.5	161.5	254.0	389.5	649.0	1037.5	1578.0	2477.5	3973.5	6036.0	8846.5	12971.5	17896.0	23570.5	30469.0	38543.0	47618.5	57135.0	67091.5	77824.0	88928.0	100157.0	111548.5	123573.5	134664.0	144854.5	154618.5	163301.5	171076.0	177815.0	182683.0	185752.0	188626.5	190503.5	190966.5	189368.5	185671.5	179531.0	169631.0	156614.0	142576.0	127127.5	109914.5	93549.5	79040.0	66159.5	54825.5	45605.0	38755.0	33986.5	31480.5	30049.5	27403.5	23357.0	18659.0	13883.5	9999.0	7218.0	5205.0	3668.0	2573.0	1801.0	1298.0	980.5	739.0	573.0	477.0	396.0	301.0	230.0	187.5	144.0	100.5	82.0	65.5	43.0	28.5	21.0	14.0	13.5	11.5	11.0	8.5	5.0	5.0	11.0	21.5	50.0	157.5	135.0	14.0
Sor-CPnd_015-Ex1-5F-lcwgs-1-3.2	4.0	2.0	4.5	8.5	10.5	15.0	28.5	46.5	62.0	94.0	142.0	181.0	264.0	404.0	625.0	950.0	1518.5	2471.5	3841.5	5834.0	8806.5	12628.0	17234.0	22946.5	29752.0	37721.5	46419.0	55759.0	65901.0	76203.5	86643.0	97364.0	108680.0	120146.5	130869.5	141209.0	150565.5	158511.5	165748.0	172108.5	177102.0	180387.0	182305.0	182690.0	181110.5	178647.5	174737.0	169325.0	162244.0	152947.5	142637.5	131332.5	118681.5	105341.0	91832.0	78509.0	66476.5	55395.5	45274.0	37056.5	30038.5	23986.0	19120.0	15090.5	11856.5	9177.0	7034.5	5432.5	4152.5	3162.5	2379.5	1805.0	1446.5	1198.5	994.5	840.0	695.5	562.5	476.5	411.0	357.5	313.5	284.5	256.0	223.0	216.5	225.5	211.0	207.0	206.0	190.0	187.5	201.5	216.5	209.5	222.0	283.5	399.0	738.0	2047.5	40237.5
Sor-CPnd_016-Ex1-1B-lcwgs-1-3.1	0.0	0.5	3.5	5.5	7.0	13.5	34.5	54.0	82.0	157.0	244.5	411.5	718.0	1228.0	2153.0	3797.0	6799.0	11811.0	19910.0	32342.5	50355.5	74590.0	105593.5	143609.5	188454.5	241083.5	298758.0	359031.5	422392.5	485065.0	545702.5	607040.5	665868.0	718468.5	764745.0	801290.5	826301.0	840134.5	844162.0	839245.5	826043.5	802797.0	772050.0	737943.5	700881.0	662831.5	622534.0	579232.5	535078.0	491261.5	448304.0	401877.5	354519.5	311258.5	270168.0	233520.0	200664.5	171604.0	146701.5	124311.0	104429.5	87059.0	72232.0	60177.0	50584.0	43605.0	39684.0	37777.5	36539.5	34921.5	31652.5	27193.0	22129.0	17404.0	13621.0	10521.5	8223.0	6353.0	4530.5	2267.5	761.5	584.5	436.0	288.5	192.0	116.5	78.0	65.0	47.5	29.0	22.5	17.5	12.0	13.5	20.0	22.0	31.0	102.5	418.5	372.0	34.5
Sor-CPnd_016-Ex1-1B-lcwgs-1-3.2	0.0	1.5	5.0	13.0	18.0	22.0	41.5	56.5	95.5	180.5	273.0	426.5	709.5	1191.0	2125.5	3734.5	6675.0	11637.5	19626.0	31775.0	49330.5	73132.0	103479.0	140895.0	184750.0	235990.0	292437.5	351991.0	413739.5	474887.0	534206.5	592674.5	649858.5	702882.0	748605.0	784326.0	811605.0	829035.5	835878.0	834605.5	823420.5	803171.0	777398.5	746134.5	710133.5	673203.5	634957.0	591419.0	546339.5	500557.5	454981.0	407048.5	357735.0	313223.0	272006.0	234411.0	201236.0	172158.5	146062.5	123610.5	104340.0	87188.0	71745.5	58407.0	47293.5	37794.0	29900.0	23390.0	17850.0	13614.0	10459.5	8037.0	6291.5	4989.0	4054.0	3258.0	2622.0	2260.0	1882.5	1625.5	1383.5	1207.5	1107.5	978.5	925.5	857.5	827.5	790.5	741.5	731.5	721.0	706.5	699.0	711.5	746.0	797.5	939.0	1308.0	2483.5	6869.5	120166.0
Sor-CPnd_017-Ex1-3G-lcwgs-1-3.1	0.0	0.0	1.0	2.5	3.5	3.5	7.5	13.5	15.5	20.5	28.0	42.5	66.5	91.0	152.5	235.0	385.5	629.0	960.0	1499.0	2237.5	3147.5	4276.0	5732.0	7458.0	9307.0	11345.5	13574.5	15765.5	18087.5	20496.0	22752.0	24986.5	27269.5	29581.0	31658.5	33020.5	34186.5	35266.0	35693.0	35772.5	35635.0	35075.0	34079.0	32944.0	31778.5	30551.5	28934.5	27197.0	25318.0	23514.0	21660.5	19127.0	16513.5	14173.5	12073.0	10161.5	8438.5	6885.0	5524.5	4410.0	3492.0	2795.0	2253.5	1785.0	1458.5	1233.5	1063.5	909.5	774.5	651.0	527.0	415.0	306.5	230.5	190.5	147.0	97.0	64.0	53.0	34.0	24.5	19.5	12.5	8.5	7.0	4.0	3.0	3.0	1.5	1.0	0.5	1.5	1.5	2.0	2.0	4.5	16.0	46.0	47.5	13.5
Sor-CPnd_017-Ex1-3G-lcwgs-1-3.2	0.0	0.5	1.0	1.0	1.0	1.5	5.0	10.0	14.5	18.5	28.0	41.5	56.0	88.0	141.5	246.5	383.0	584.0	886.5	1416.0	2127.5	3053.5	4166.0	5538.5	7127.0	8874.5	10978.0	13243.5	15485.5	17648.0	19779.5	22169.5	24709.5	26972.5	29023.0	30874.0	32764.5	34231.0	35181.5	36115.0	36607.5	36421.5	36047.5	35410.5	34414.5	32992.5	31418.0	29693.0	27435.0	25287.0	23403.0	21105.5	18529.0	15901.5	13366.5	11288.0	9285.0	7629.0	6314.5	5101.0	4081.0	3288.5	2627.0	2095.5	1653.0	1286.0	1024.5	770.0	573.5	433.0	360.5	272.5	208.5	181.5	150.5	127.5	117.5	113.0	89.5	75.5	66.5	60.5	60.5	52.0	44.5	43.0	38.0	37.0	39.0	32.0	32.0	33.5	31.5	37.5	35.0	39.5	49.5	57.0	99.0	272.5	3171.5
Sor-CPnd_018-Ex1-1E-lcwgs-1-3.1	4.0	4.5	3.5	7.0	14.0	18.0	26.5	51.5	82.5	108.5	137.5	215.0	331.5	475.0	740.5	1245.0	1920.5	2966.0	4676.0	7083.0	10421.5	14820.5	20400.0	27121.0	34716.5	43401.5	53103.0	63760.5	74976.0	86167.0	98160.0	109990.0	121592.0	133927.5	145781.5	156237.0	164768.5	172039.0	177576.0	181282.0	184500.5	185120.0	182849.0	179536.0	175232.5	169120.5	162433.0	155561.0	147641.5	139556.0	130891.5	120697.5	108849.0	96309.5	83981.5	72286.0	61309.0	51295.0	42823.5	35475.5	28895.5	23247.5	18426.5	14503.5	11412.5	9023.5	7278.5	6209.0	5371.5	4617.0	3970.5	3384.0	2768.0	2226.5	1843.0	1459.0	1187.0	947.5	698.0	425.0	235.5	203.5	145.5	88.5	59.5	43.5	38.5	25.5	18.5	13.5	9.0	10.5	10.5	8.0	8.0	14.0	24.5	71.5	272.5	245.0	29.0
Sor-CPnd_018-Ex1-1E-lcwgs-1-3.2	2.0	4.5	7.5	13.0	15.5	18.5	26.0	48.5	77.5	99.0	131.5	194.5	300.5	475.0	725.0	1166.5	1872.0	2875.5	4447.0	6767.0	10130.5	14485.5	19785.5	26326.5	33803.0	42070.0	51561.0	61935.5	72978.5	84301.5	95356.5	106698.0	118556.0	130283.5	141478.5	151879.5	160818.5	168415.5	175409.5	181107.0	184946.0	186832.0	186820.0	185344.5	182552.5	177732.0	170861.5	162445.5	153046.0	142881.0	132207.0	120998.5	108197.5	94942.0	81997.5	69413.5	57922.5	48160.0	39823.5	32779.5	26883.5	21781.0	17426.5	13868.5	11115.0	8753.5	6681.5	5064.0	3886.5	2978.5	2231.5	1727.5	1397.5	1122.5	923.0	740.0	627.5	557.5	473.0	376.5	331.0	305.0	241.5	209.0	184.5	172.5	179.0	162.0	147.0	144.0	153.5	148.5	129.0	131.0	139.5	148.0	170.5	239.5	408.5	956.0	13058.0
Sor-CPnd_019-Ex1-6G-lcwgs-1-3.1	3.0	4.5	9.0	24.0	39.0	71.5	99.0	140.0	220.0	299.5	413.0	603.5	930.0	1346.0	1961.5	3102.0	4802.5	7285.0	11165.5	16773.0	24289.0	33799.5	45592.5	59519.5	75271.0	94079.5	115409.5	137804.0	160400.0	183500.5	207691.5	232487.5	257510.0	282168.5	305973.0	328287.5	348927.0	365903.5	379468.0	391424.0	400153.0	404521.0	406259.0	406281.0	404679.0	400631.0	391842.5	379300.0	362085.0	338994.0	312580.5	281628.0	247342.5	213979.0	182151.0	153217.0	127895.5	106448.5	88495.0	74391.5	64375.0	56044.0	48876.0	42386.0	35888.5	29203.0	22741.5	17221.5	12560.5	9032.0	6552.0	4728.0	3531.0	2722.0	2162.0	1813.0	1496.5	1201.0	931.0	691.0	526.5	414.5	290.0	206.0	148.5	106.0	81.5	54.0	36.0	26.5	24.5	21.0	17.5	18.5	16.5	20.0	41.5	109.5	449.0	452.0	86.0
Sor-CPnd_019-Ex1-6G-lcwgs-1-3.2	5.0	8.5	16.0	28.0	45.0	72.0	108.0	153.0	223.5	302.0	420.5	628.5	937.5	1341.0	1931.5	2940.0	4615.5	7126.0	10716.0	16026.5	23407.0	32590.5	43929.0	57676.0	73594.5	92192.5	112260.0	133537.5	156195.0	178663.5	202171.0	226576.5	251366.5	275793.5	299998.0	322960.0	343063.0	361973.5	377512.5	390661.5	401216.5	406860.5	409448.0	408967.0	404834.0	396188.5	383502.0	367922.0	349486.5	329442.0	307973.5	283732.5	255082.0	223861.0	192542.0	162382.5	135149.0	111705.5	91536.0	74954.0	61534.5	49554.0	39732.0	31867.5	25381.0	20064.5	15803.0	12345.5	9503.5	7365.5	5786.5	4602.5	3705.0	3071.5	2583.5	2240.0	1999.5	1761.5	1537.0	1251.0	1013.0	897.0	793.0	686.0	624.0	587.0	557.5	528.0	482.0	482.5	471.0	443.5	456.5	451.0	426.5	446.5	542.5	746.5	1348.0	3943.5	56925.5
Sor-CPnd_020-Ex1-2E-lcwgs-1-3.1	5.0	8.5	19.5	37.5	55.0	94.5	157.0	226.5	316.0	460.0	654.0	940.0	1376.0	2026.0	3033.0	4664.0	7479.0	11794.5	17998.0	26774.5	38944.0	54669.5	73132.0	95227.5	121223.5	149902.0	180771.0	213422.5	246443.0	279025.0	311768.5	343824.0	375973.5	406113.0	431934.0	453762.0	471090.5	482225.0	487078.5	488107.5	484471.0	475976.5	462447.0	445759.5	427083.0	406444.5	384824.0	361880.0	337942.5	313313.0	288560.5	260589.5	229847.5	201037.0	173895.0	148711.0	126076.0	105809.0	88437.5	73511.0	60627.0	49493.0	39822.0	31681.5	25566.5	20629.0	16580.5	13646.0	11179.5	9312.0	7539.5	5878.0	4522.5	3410.5	2731.5	2153.0	1703.0	1376.0	1067.5	790.5	602.5	493.0	377.0	252.0	178.0	139.0	98.0	74.0	55.0	35.0	29.0	21.5	16.5	24.0	20.0	17.5	44.0	119.5	403.5	351.5	37.0
Sor-CPnd_020-Ex1-2E-lcwgs-1-3.2	6.0	9.5	20.5	39.0	57.5	87.0	135.0	214.0	315.5	432.5	635.0	925.5	1281.5	1878.0	2938.5	4564.0	7206.5	11174.0	17149.5	25752.0	37665.0	52894.0	71068.0	92475.5	117046.0	145362.5	175858.0	207353.5	240287.0	272844.5	305168.5	337464.0	368146.5	397213.0	424021.5	447065.5	464065.0	476840.5	485682.5	488769.0	486366.5	479675.5	469163.5	454813.0	437462.0	416482.0	394324.5	371012.0	344343.5	316676.0	289798.0	260957.5	230020.0	200287.5	172365.5	146266.0	123643.5	103968.0	86967.5	72433.5	59787.0	49128.0	39820.5	32056.5	25487.5	20147.5	15831.5	12089.5	9107.0	6901.5	5364.5	4209.5	3343.5	2683.0	2256.0	1908.0	1608.5	1433.5	1198.5	1015.0	910.5	791.5	670.5	537.0	456.0	447.0	440.0	406.5	402.5	393.0	369.0	350.5	337.5	322.5	303.5	340.0	401.5	521.0	839.0	1993.0	24093.0
Sor-CPnd_022-Ex1-7C-lcwgs-1-3.1	6.0	3.0	2.5	11.5	28.0	39.0	57.0	97.0	156.5	205.5	289.0	444.5	642.0	983.5	1572.5	2535.5	4040.5	6455.0	10286.0	15601.5	22842.0	32507.0	44584.0	59005.5	75253.5	94052.5	115224.0	137461.5	160238.0	183442.5	206892.5	230744.5	255134.5	278342.0	299250.0	318323.0	334311.5	347032.0	356817.0	362742.0	364841.5	363156.0	357614.5	349649.0	340317.5	328247.0	314619.0	300161.5	284203.5	268093.5	251989.5	233596.5	211889.5	189355.5	167583.0	146096.0	125302.0	105932.0	88233.0	72542.5	59207.0	47710.0	38001.5	30429.5	24518.0	20273.0	18151.0	17663.0	18312.5	19590.0	20745.5	21042.5	20634.0	19835.5	18673.5	17604.0	16476.5	15086.5	12758.0	6059.0	835.0	653.0	472.0	346.5	210.0	100.0	78.5	50.0	19.5	18.5	16.0	9.5	8.0	10.0	12.5	25.0	50.5	141.5	541.5	497.0	64.0
Sor-CPnd_022-Ex1-7C-lcwgs-1-3.2	2.0	6.0	13.5	20.5	39.0	52.5	67.5	104.5	153.0	200.5	281.5	428.5	642.5	964.0	1520.5	2444.0	3976.0	6433.0	10069.0	15394.0	22784.0	32152.0	43623.0	57756.0	74066.5	92655.5	113008.5	134913.5	157807.5	179986.0	202023.0	225397.5	249181.0	271544.0	292292.0	310676.5	326867.0	341475.0	352191.0	359825.0	364867.5	366009.0	363937.0	359250.5	352340.5	343195.0	331729.0	317370.5	299993.5	280270.0	260067.0	237658.0	212108.5	186144.5	161452.0	137818.5	115592.5	95903.5	78663.0	63657.5	51483.0	41583.0	33103.0	26401.5	20957.5	16416.5	12897.5	10174.5	7971.5	6094.5	4632.5	3669.5	2947.5	2386.0	2040.5	1778.0	1574.5	1361.5	1162.0	1017.0	868.0	784.5	688.5	576.5	516.0	466.0	446.0	443.5	411.5	395.5	384.5	403.0	449.0	446.5	440.5	470.0	589.0	896.5	1760.0	4823.5	107322.0
Sor-CPnd_024-Ex1-5G-lcwgs-1-3.1	2.0	2.5	6.0	8.5	10.5	16.5	28.5	38.5	55.0	86.5	118.5	181.0	261.5	381.5	559.5	845.5	1306.0	2006.0	3022.5	4491.0	6641.5	9389.0	12728.0	16714.5	21509.0	27390.5	33497.5	39864.0	46756.0	53834.0	61238.0	68672.5	76075.0	83837.5	91717.5	99016.5	105520.0	111387.0	116487.0	120820.5	123797.5	125658.5	126839.0	126497.5	125840.0	124434.5	121127.0	115991.5	108578.0	99854.0	90544.5	80051.5	68754.5	58444.0	49387.0	41237.5	34148.5	28370.0	24004.0	20820.5	18866.0	17438.5	15545.5	12960.5	10195.5	7806.0	5797.0	4234.5	3124.5	2190.5	1579.5	1180.5	857.5	663.0	535.0	441.0	360.5	293.5	227.0	169.0	134.0	109.0	76.0	53.5	38.0	22.0	17.0	10.0	7.5	6.5	3.5	2.5	2.5	4.0	6.5	10.0	15.5	48.5	179.0	183.5	43.5
Sor-CPnd_024-Ex1-5G-lcwgs-1-3.2	1.0	3.0	4.5	4.5	10.0	18.5	29.5	43.5	60.5	79.5	118.0	168.0	246.0	369.5	523.5	795.0	1243.0	1892.0	2910.5	4429.5	6530.5	9199.5	12344.5	16345.0	21136.5	26336.5	32422.5	39090.0	45568.0	52321.0	59503.0	67215.0	74915.5	82279.5	89791.5	96868.0	103708.5	110103.5	115131.0	119572.0	122813.5	124522.0	125221.0	124653.5	122836.0	120115.5	116333.5	110832.0	104611.5	97916.0	90726.5	82930.0	74025.5	64296.0	54722.5	45913.5	37893.0	31037.0	25342.0	20650.5	16825.0	13603.5	10757.5	8554.0	6856.0	5518.0	4407.5	3401.5	2646.0	2010.5	1550.0	1212.0	966.0	785.0	653.5	564.5	522.0	460.0	387.0	325.0	267.5	238.5	211.0	197.0	183.0	170.0	158.5	150.5	145.0	135.0	136.5	138.0	130.0	112.0	114.5	130.0	146.0	216.0	436.5	1254.0	19948.0
Sor-CPnd_026-Ex1-3H-lcwgs-1-3.1	3.0	8.5	17.0	27.5	48.5	78.0	111.5	154.5	228.5	376.0	525.0	695.0	1036.5	1569.5	2453.5	3851.5	6026.5	9495.5	14865.0	22566.0	32947.0	46562.5	63266.0	83519.5	107102.5	133617.5	162291.5	192477.5	223847.0	256012.5	288062.5	318388.0	349213.0	379715.0	405448.5	428111.0	447062.5	459863.0	467644.0	471287.0	470891.5	465021.5	455011.5	441530.5	424732.5	405563.0	385250.5	364279.5	341237.0	316073.5	290410.0	263063.0	233442.5	204306.5	175976.0	149569.5	126534.5	106164.0	88109.5	72455.5	59320.5	47957.0	38218.5	30643.5	24532.0	19761.0	16243.5	13595.0	11493.0	9571.0	7777.5	6141.0	4694.0	3501.0	2645.0	2014.5	1525.5	1162.5	854.0	570.5	394.0	306.0	222.5	160.5	121.0	75.0	54.5	53.0	39.0	23.0	16.0	11.0	9.5	10.5	14.5	25.0	53.0	151.5	583.0	627.5	160.5
Sor-CPnd_026-Ex1-3H-lcwgs-1-3.2	4.0	4.5	14.5	27.0	37.0	66.0	106.5	158.5	228.5	335.5	484.5	679.5	995.5	1472.0	2262.5	3663.5	5871.0	9156.0	14190.5	21721.5	32049.0	45347.0	61509.0	81058.0	103759.5	129652.5	158045.5	187940.0	218634.5	249540.5	280989.5	311413.0	341830.5	371627.5	398401.5	422121.5	442160.5	457825.0	468339.0	473772.5	475549.0	472403.0	463337.0	452140.0	437424.0	418054.0	396924.5	372873.0	345283.5	317707.5	290112.5	260688.0	231040.0	200970.0	171383.0	144219.5	120873.5	101027.5	84074.0	69544.5	56873.5	46217.0	37354.0	29995.0	23831.5	18704.0	14594.5	11360.5	8639.5	6531.0	4938.0	3776.5	2931.5	2295.0	1882.5	1597.5	1332.0	1120.5	959.0	798.5	688.5	656.0	590.5	518.0	510.0	485.5	438.5	432.5	426.0	390.0	401.0	420.0	398.0	390.0	392.0	406.0	468.5	611.5	971.0	2260.0	28232.5
Sor-CPnd_027-Ex1-3C-lcwgs-1-3.1	2.0	4.5	9.5	11.5	16.5	27.5	41.0	60.5	88.0	114.5	158.5	242.0	357.0	570.0	863.5	1417.5	2413.0	3897.0	6248.0	9892.5	15054.5	21654.5	29717.5	39460.0	51427.0	64701.5	79124.0	94865.5	110845.0	127042.0	143266.0	158984.0	174253.0	188559.0	200882.0	211727.5	219690.0	224316.5	227078.5	227752.0	225771.0	221003.0	214611.0	206725.5	197302.0	187762.5	177246.5	166046.0	155210.5	143740.0	132549.5	119854.5	105913.0	92856.0	80442.5	69155.0	59221.5	50319.5	42347.5	35708.0	29824.5	24627.5	20138.5	16408.0	13439.0	11176.5	9482.5	8248.0	7235.5	6196.5	5148.5	4058.5	3153.5	2474.0	1975.0	1573.5	1266.0	998.5	716.5	509.5	380.5	291.0	213.0	148.0	85.5	62.5	58.5	33.5	19.5	15.0	9.5	6.5	5.0	5.5	7.5	8.0	18.0	50.0	159.5	155.5	32.5
Sor-CPnd_027-Ex1-3C-lcwgs-1-3.2	0.0	3.5	9.0	13.0	16.5	21.5	32.0	52.5	86.5	107.5	148.0	233.0	350.0	531.5	837.0	1391.0	2362.0	3882.0	6151.5	9597.5	14572.0	21070.0	29251.0	38986.5	50436.0	63322.0	77606.5	93125.0	109063.0	124568.0	140363.5	156318.5	171255.5	185399.5	198162.5	208447.5	216487.5	221996.0	225632.0	227133.0	225497.0	221740.0	215989.0	208821.5	199886.0	190250.5	180279.0	169466.0	157413.0	144393.0	132367.5	119397.0	105233.5	92104.0	79973.0	68903.0	59024.0	50158.0	42177.5	35418.5	29641.0	24569.0	20199.0	16330.0	13076.0	10467.0	8367.0	6617.0	5094.0	3940.0	3077.0	2374.0	1832.5	1516.0	1254.5	1045.5	996.0	885.5	743.0	637.0	545.5	472.0	393.0	328.0	284.5	256.5	244.0	219.5	205.5	217.0	205.5	198.5	199.0	199.5	208.0	225.5	274.0	355.0	558.0	1286.0	17458.5
Sor-CPnd_028-Ex1-3A-lcwgs-1-3.1	2.0	4.0	11.0	21.0	23.0	38.5	59.5	80.0	112.0	173.0	265.0	380.0	588.5	940.0	1517.0	2535.0	4257.5	7161.5	11679.5	18208.0	27478.5	39669.5	55058.5	73913.0	95472.5	120407.5	148082.5	176636.0	206306.0	235621.0	263780.0	292101.0	318537.0	343921.0	367700.0	385935.5	399942.5	408939.5	412936.5	414265.0	411201.5	402468.5	390143.0	376269.0	360534.0	343009.5	324105.5	304115.5	283808.5	263304.0	242927.0	220944.5	196813.0	173397.5	151807.0	131665.0	113047.5	96315.5	81620.5	68929.5	57922.0	47788.5	39089.0	32338.5	26624.0	22472.5	19764.5	17475.0	15711.0	13919.5	11843.0	9722.5	7657.0	5888.5	4503.0	3374.0	2545.5	1941.0	1398.5	936.0	615.0	475.5	342.5	213.5	150.5	114.5	84.0	59.0	36.5	26.0	19.5	14.5	13.5	13.0	9.5	17.0	38.0	95.0	339.5	299.5	31.0
Sor-CPnd_028-Ex1-3A-lcwgs-1-3.2	1.0	4.5	8.5	17.5	25.0	38.5	56.5	80.0	131.0	192.5	260.5	369.0	549.5	893.0	1485.5	2450.0	4140.0	6936.0	11257.0	17740.5	26620.0	38545.0	53888.5	72012.0	93031.5	117906.5	144718.5	172541.5	201749.0	230850.0	258870.5	287052.5	314254.5	339509.5	362816.0	381449.5	395502.5	405870.5	412517.0	414820.0	412389.0	405454.5	395452.0	382561.0	367984.5	351163.5	331317.0	310699.5	289084.5	265343.0	242512.5	219012.5	193988.0	171239.0	149179.0	128289.0	109660.5	93262.0	79052.0	66643.0	56079.0	46624.0	38160.5	30980.0	24886.0	19886.5	15809.0	12515.5	9643.0	7210.5	5407.0	4147.5	3320.5	2704.0	2244.5	1900.0	1630.5	1379.5	1145.5	995.0	879.0	773.0	674.0	572.5	478.5	436.0	428.5	420.0	394.5	363.5	365.5	385.5	360.0	359.0	392.0	427.5	502.5	673.0	1077.5	2647.0	42174.0
Sor-CPnd_029-Ex1-8E-lcwgs-1-3.1	9.0	9.5	10.5	32.5	74.5	105.0	155.5	250.0	367.5	512.5	726.5	1057.5	1508.5	2231.0	3483.0	5410.0	8449.0	13242.0	20021.5	29626.0	42986.0	59824.0	80153.5	104422.5	132234.5	163263.5	197065.5	232669.0	268993.5	305020.5	340811.0	376808.5	412259.5	446950.5	478216.0	504884.5	526185.0	540459.5	550273.5	555994.0	555006.0	547157.0	534710.5	518934.0	499949.5	477214.5	453270.5	428220.0	401644.5	374817.0	346837.5	315857.5	281280.5	246594.0	213366.5	181643.5	152500.5	126646.5	104156.5	84566.0	68118.0	54277.0	42777.5	33782.5	26815.5	21900.0	18817.5	17327.0	16985.5	16671.0	15584.0	13696.0	11454.0	9472.5	7673.0	6100.5	4933.0	3909.5	2910.5	1503.5	504.0	373.0	274.5	194.5	135.5	97.0	79.5	62.5	45.5	41.0	34.0	23.5	20.0	21.0	24.0	32.5	56.0	190.0	730.5	625.5	51.5
Sor-CPnd_029-Ex1-8E-lcwgs-1-3.2	6.0	7.0	22.0	48.0	69.0	108.5	165.5	237.0	360.5	548.0	779.5	1047.0	1452.0	2171.5	3350.5	5160.5	8086.0	12526.5	19123.0	28508.5	41419.5	57760.5	77366.0	100778.0	127226.0	157497.5	190367.0	224464.5	259625.5	294804.0	330639.0	365835.0	400238.5	434033.0	465484.0	492143.0	514729.0	533069.0	546268.0	555768.5	559384.0	556155.5	547460.0	534838.5	518863.5	498001.0	473116.5	445636.5	414759.5	382610.0	351956.5	317996.0	280800.5	243984.0	207141.5	173454.5	143428.0	117775.0	96540.0	78717.5	63797.5	51188.0	40897.0	32362.0	25597.5	20099.5	15599.0	11967.5	9092.5	6920.5	5359.5	4209.0	3335.0	2684.0	2224.0	1811.0	1507.0	1333.0	1170.5	1019.0	915.5	812.5	713.5	652.5	609.5	596.0	578.5	562.0	555.0	560.5	577.0	573.5	557.5	547.5	544.5	595.0	733.5	991.0	1785.5	4636.5	68352.0
Sor-CPnd_030-Ex1-2H-lcwgs-1-3.1	3.0	8.0	12.0	16.0	25.0	45.0	79.5	111.0	160.0	228.5	323.0	454.0	604.0	869.0	1369.0	2123.0	3298.5	5074.5	7637.0	11440.0	16596.0	23095.5	31049.5	40578.0	51690.0	64221.5	78168.0	93263.5	108591.0	124383.5	140515.5	156706.5	173160.0	189323.5	205356.5	220148.5	232273.0	242070.5	249379.5	254627.5	257525.0	257775.5	254957.5	250102.0	244357.0	236277.0	226921.5	216809.0	205279.0	192748.0	180008.5	164968.5	147261.0	129040.5	111393.5	94940.0	79916.0	67124.5	55945.0	45985.0	37579.0	30481.5	24630.5	19705.5	15759.0	12824.0	10609.5	8951.0	7457.5	6122.5	4838.0	3707.5	2784.5	2078.0	1616.5	1254.0	939.0	696.0	543.0	363.5	242.0	196.5	150.0	112.0	83.5	56.0	48.0	35.5	15.0	17.5	17.5	9.5	9.5	13.5	11.5	11.5	39.0	145.0	491.0	482.0	104.0
Sor-CPnd_030-Ex1-2H-lcwgs-1-3.2	5.0	6.5	9.0	12.5	26.5	48.0	65.5	94.5	146.5	214.5	311.0	428.0	595.0	907.5	1338.0	2025.0	3124.0	4734.0	7278.0	10982.0	15979.5	22218.5	29872.5	39291.5	50304.0	62631.0	75982.5	90425.0	105735.5	120909.5	136234.0	152448.0	169079.0	185422.5	201224.0	215914.5	228524.5	239662.5	249235.5	256627.5	261612.0	262681.5	260822.0	258484.5	254006.5	245637.0	235243.5	223285.5	209291.5	194616.5	179625.5	162876.0	144734.0	125909.5	107373.0	90808.0	76082.5	63406.5	52797.5	43887.0	36180.0	29501.5	23770.5	19010.0	15202.0	11996.0	9384.0	7316.0	5577.5	4154.0	3184.5	2488.5	1929.0	1526.5	1293.0	1065.0	879.5	731.5	613.5	523.5	451.0	387.5	338.5	312.0	287.5	284.0	269.0	244.5	239.5	229.0	216.0	216.5	220.5	216.0	206.0	213.0	269.5	326.5	448.5	1046.0	14205.5
Sor-CPnd_031-Ex1-5D-lcwgs-1-3.1	2.0	4.5	11.0	18.0	27.0	38.0	66.5	102.0	137.0	194.5	292.0	445.5	669.5	1062.0	1713.0	2866.0	4754.5	7747.5	12393.5	19374.5	29132.0	41964.5	57650.5	77109.0	99926.0	126175.0	155128.0	185615.5	218513.0	251393.0	284275.5	317796.5	350717.0	382558.0	412593.5	439331.5	461049.0	478969.5	492230.0	498862.5	501815.5	500343.5	494453.5	485843.5	473208.5	458127.0	438532.0	412947.0	383246.0	350149.0	315935.5	279456.5	242471.0	208317.0	176737.5	148694.0	124730.0	104769.5	88170.0	74401.0	63464.5	54233.5	45459.0	37285.5	29450.5	22632.5	17257.0	12763.0	9488.5	7035.5	5079.0	3724.5	2728.5	2068.0	1651.5	1286.5	985.5	785.0	612.0	471.5	373.0	293.5	215.0	155.5	120.5	93.5	77.0	59.5	41.5	30.5	23.5	20.0	15.0	12.5	13.5	19.5	33.0	97.5	350.0	328.0	55.5
Sor-CPnd_031-Ex1-5D-lcwgs-1-3.2	3.0	3.0	8.5	14.5	22.5	46.0	77.5	107.5	165.0	231.0	298.0	434.0	685.5	1097.0	1721.0	2837.5	4741.0	7723.5	12302.0	19066.0	28620.5	41280.5	56877.0	75796.0	98015.0	124081.0	152338.5	182064.5	213863.5	245684.0	278173.0	311515.0	343846.0	375290.0	405043.5	431291.5	453730.0	471300.0	484340.5	493634.0	498535.0	497746.0	491088.5	479820.0	466161.0	449390.0	428142.0	403395.0	376422.0	348110.5	318958.5	288080.5	254989.5	222217.0	191209.5	162050.5	135285.0	112353.0	93272.0	77294.5	63626.5	51480.5	41378.0	33306.0	26283.0	20526.5	16061.5	12353.0	9339.5	7072.0	5379.5	4076.0	3139.0	2497.5	2040.0	1689.0	1454.5	1264.5	1029.5	847.0	777.5	703.5	639.0	613.5	548.0	489.5	476.5	466.0	476.0	454.5	423.0	418.5	416.5	405.0	398.5	412.0	468.5	614.0	1033.5	2578.5	33751.5
Sor-CPnd_033-Ex1-2F-lcwgs-1-3.1	4.0	4.5	9.5	12.0	21.0	39.0	66.5	85.5	116.0	174.5	227.5	335.5	497.0	710.0	1072.0	1677.5	2660.5	4116.5	6361.0	9620.0	14017.5	19567.5	26254.5	34211.0	43407.0	53882.0	65074.5	76905.5	89318.0	101630.5	113714.5	125733.0	137437.5	148381.5	158594.0	166743.0	173026.0	177978.0	180493.0	181492.0	180340.5	176399.5	171187.5	165401.5	158542.0	150230.5	141724.0	133084.5	123901.5	114938.5	106113.0	95953.0	84733.0	74315.5	64421.5	54799.5	46341.5	39067.0	32572.0	27023.5	22295.5	18173.0	14786.0	12013.0	9837.5	8237.5	7026.0	6222.0	5637.5	4879.0	3997.5	3132.0	2345.0	1757.5	1322.0	1000.5	766.5	597.0	429.0	292.0	230.0	177.0	126.0	91.0	58.5	36.5	32.5	23.5	15.5	12.5	14.5	13.5	6.5	7.0	7.0	7.0	10.0	31.5	105.5	94.5	16.0
Sor-CPnd_033-Ex1-2F-lcwgs-1-3.2	4.0	5.0	7.5	15.0	23.0	34.0	53.0	78.0	123.0	169.5	214.5	312.0	463.5	712.0	1104.0	1633.5	2587.5	4017.0	6112.0	9186.5	13434.5	18829.5	25126.5	33000.5	42365.0	52706.0	63694.5	75301.0	87474.0	99575.5	111360.5	122924.5	134280.0	145196.5	155207.5	163781.0	170829.5	175767.5	178800.5	180272.0	179539.5	176145.0	171871.5	167406.5	161336.5	154145.5	145585.5	135874.0	126582.5	116968.0	106775.0	96056.0	85079.5	74436.0	64183.5	54857.5	46641.0	39400.0	33027.0	27651.5	22888.5	18539.5	14914.0	12076.5	9630.0	7634.0	6053.0	4655.5	3543.0	2785.5	2095.0	1549.5	1258.0	1038.0	859.5	709.0	602.0	516.5	421.0	348.5	310.5	284.0	262.0	215.0	173.0	172.5	157.0	146.5	145.0	139.0	141.0	135.5	136.5	127.5	127.5	145.5	137.0	182.0	343.0	846.0	13230.0
Sor-CPnd_034-Ex1-4G-lcwgs-1-3.1	2.0	2.5	2.5	5.5	9.5	12.5	17.5	30.0	49.5	75.0	105.5	142.0	196.0	291.0	448.5	736.5	1229.0	1901.0	2902.5	4388.5	6479.0	9224.0	12511.5	16485.5	21475.0	27094.5	33311.0	40157.0	47203.5	54611.5	62366.5	70411.5	78223.5	86069.0	94283.0	102297.0	109610.5	116214.0	121608.5	125994.5	129148.5	131014.0	131620.0	130887.0	129929.0	128072.5	125530.5	121700.0	116630.0	110381.0	103078.0	94575.5	84440.5	73947.0	63625.5	53982.0	44977.0	37130.5	30395.5	24553.0	19976.5	16370.0	13532.0	11471.0	10275.5	9704.0	9197.5	8581.0	7741.5	6764.0	5606.0	4318.5	3158.5	2213.0	1514.5	1046.5	755.0	538.5	379.0	239.0	150.0	122.5	95.0	60.0	38.5	24.5	17.5	12.0	8.5	8.5	7.0	3.5	3.0	4.5	5.5	7.0	15.0	45.5	184.5	182.5	34.0
Sor-CPnd_034-Ex1-4G-lcwgs-1-3.2	1.0	3.0	5.0	6.0	7.5	13.5	20.0	32.0	53.0	73.0	94.0	138.0	207.0	299.5	451.0	712.5	1175.0	1823.0	2830.0	4284.5	6263.5	8912.0	12193.5	16141.5	20864.5	26315.5	32310.0	38877.0	45848.0	52882.5	60446.5	68393.5	76665.5	84854.0	92646.0	100241.0	107688.5	114762.0	120660.5	125791.5	130043.0	132583.5	134070.5	134532.0	133582.5	131301.0	127358.5	122132.5	116057.0	109494.0	102365.0	94185.0	84900.0	74421.5	63528.5	53276.0	43720.5	35755.5	29287.5	23768.0	19186.5	15332.0	12181.5	9628.5	7611.0	6039.5	4705.0	3612.5	2765.0	2043.5	1564.0	1256.5	1025.5	829.0	673.5	601.0	538.0	439.0	365.5	329.0	312.5	280.0	232.0	205.0	193.0	180.0	181.5	167.0	162.5	170.5	171.5	159.0	146.5	157.0	159.5	173.5	199.0	281.0	535.0	1582.0	25851.5
Sor-CPnd_036-Ex1-5C-lcwgs-1-3.1	9.0	10.5	14.0	22.0	34.0	51.5	81.0	134.5	185.5	291.0	432.5	622.0	989.0	1547.0	2363.0	3841.0	6259.0	9777.0	15058.5	22581.0	32821.5	46413.5	62799.5	82050.0	104038.5	129390.0	157205.5	185779.5	215484.5	245533.0	275367.0	305554.0	335978.5	364253.0	391116.0	416293.0	437077.5	454866.0	468856.5	479358.0	486454.5	487002.0	483786.0	477006.5	467115.5	455849.0	441125.0	422114.0	398364.0	368706.0	335882.5	299368.5	259634.0	222130.5	188170.0	158399.0	132715.0	111928.5	96549.0	88590.5	87703.0	88127.5	83614.5	72522.0	57716.5	42671.0	30380.0	21107.0	14441.0	10144.5	7133.5	4915.5	3464.0	2609.5	2026.5	1555.5	1256.5	1002.0	730.0	574.5	482.0	378.0	269.0	199.5	150.0	115.5	103.5	70.5	44.5	33.5	26.0	25.5	18.5	19.5	20.0	22.0	49.0	142.5	550.0	519.5	78.0
Sor-CPnd_036-Ex1-5C-lcwgs-1-3.2	3.0	3.0	10.5	21.5	31.5	53.0	94.0	148.5	216.0	315.5	476.5	684.5	1017.5	1553.5	2332.0	3768.0	6011.5	9520.0	14929.5	22591.5	32811.5	45824.5	61696.0	80481.0	102448.5	127336.0	154049.5	181938.0	210698.0	239997.0	269625.5	299298.5	328388.0	357388.5	384320.0	407917.5	429190.5	446882.5	460681.5	471168.5	476553.0	477090.0	474781.5	467744.5	456951.0	443270.0	426816.5	407364.5	384130.0	357729.0	329958.5	300466.5	268811.0	238156.0	208468.5	179461.5	152150.0	127655.0	106045.0	86807.0	70505.0	56706.0	45125.0	35695.0	27949.5	21632.0	16676.0	12937.5	9981.0	7666.5	5910.5	4580.5	3624.5	2938.5	2460.0	2102.0	1811.0	1587.5	1357.5	1154.5	1000.5	893.0	817.5	751.0	709.0	652.5	630.5	636.5	603.0	563.0	565.0	570.5	554.5	545.5	570.5	629.5	814.5	1171.5	2235.0	6439.5	148623.0
Sor-CPnd_037-Ex1-6C-lcwgs-1-3.1	5.0	4.0	4.5	7.5	12.5	24.0	41.5	79.0	106.0	157.5	264.5	358.5	497.0	773.5	1234.5	1978.5	3175.5	5140.5	8111.0	12112.0	17419.0	24539.0	33408.0	43340.5	54776.5	68392.0	82658.0	97020.5	112701.0	127676.0	141858.0	157053.0	172258.0	186805.5	199489.5	210721.5	221082.0	229441.5	235256.5	239632.0	242451.5	242604.5	242037.5	240985.5	238470.0	235341.5	230238.5	222686.5	212744.0	200316.5	186276.5	168915.5	148419.5	127962.5	108908.0	91806.5	76932.0	64972.0	57824.0	57559.0	64684.0	76820.5	88617.0	93962.5	90092.5	78584.0	62697.5	46083.5	31863.5	20844.5	13064.5	8102.0	5146.5	3317.5	2189.5	1532.0	1142.0	826.0	564.5	372.0	252.0	207.5	158.5	121.5	86.5	63.5	46.0	33.0	25.0	17.5	14.5	10.0	4.5	7.5	14.0	20.5	44.0	124.5	432.0	382.5	45.5
Sor-CPnd_037-Ex1-6C-lcwgs-1-3.2	1.0	1.5	5.5	12.5	18.0	22.0	37.0	66.0	128.5	191.0	239.0	316.5	480.5	760.5	1198.0	1959.0	3126.5	4978.0	7792.0	11848.0	17157.5	24016.5	32566.5	42277.5	53506.5	66517.0	80223.5	94510.0	109465.0	124004.5	138522.5	153134.0	167224.5	181017.0	194401.5	206541.5	217051.5	225385.0	231642.0	236531.0	239731.0	240624.5	240242.0	238665.0	234453.5	229350.0	223525.0	215458.0	205298.5	193890.0	182600.5	168878.0	152634.0	135598.5	118091.0	101257.5	85452.0	71146.5	58587.5	47974.0	38904.0	31079.5	24544.0	19501.0	15410.5	12142.5	9733.0	7637.0	5898.0	4642.0	3689.5	2937.0	2376.0	2008.0	1711.0	1475.5	1302.0	1141.5	1002.5	885.0	787.5	712.0	623.5	580.0	549.5	515.0	518.5	509.5	499.5	482.5	493.0	518.5	510.0	507.5	527.0	637.5	879.0	1472.5	3250.0	9994.5	281232.0
Sor-CPnd_038-Ex1-2A-lcwgs-1-3.1	2.0	3.0	4.5	8.5	16.0	25.5	46.0	79.5	135.0	221.5	307.5	436.0	687.5	1112.0	1933.0	3395.0	5955.0	10056.0	16628.5	26795.5	41295.5	60228.5	83414.5	111425.0	144824.5	183522.5	224625.0	267094.0	311479.0	354570.0	397171.5	437933.0	475675.5	512124.0	543726.5	567966.5	585394.5	593656.0	595005.5	592709.5	582552.0	564397.5	542810.0	518049.0	491349.0	464101.5	434986.0	404485.5	374950.5	345869.0	316544.0	284566.5	250997.0	220230.0	190768.0	163927.0	139424.5	117647.5	99368.0	83075.5	68697.5	56685.0	46518.5	37640.0	31215.0	26732.0	23170.0	20683.0	18455.0	16048.5	13104.0	10140.0	7675.5	5667.0	4147.0	3078.0	2347.5	1795.5	1315.5	872.5	577.0	433.0	301.5	207.0	161.0	114.5	76.0	57.5	50.0	40.0	30.0	18.5	15.0	20.0	22.0	22.0	27.0	90.0	357.0	308.5	28.0
Sor-CPnd_038-Ex1-2A-lcwgs-1-3.2	3.0	7.0	7.5	14.5	23.0	31.0	52.0	88.0	138.0	187.5	290.0	445.0	694.5	1168.0	1916.0	3296.5	5727.0	9686.0	16207.0	26101.5	39906.0	58038.5	80923.0	108837.0	141169.0	178029.5	218366.0	259846.5	302339.0	344604.0	385628.5	426480.5	464048.0	499880.0	532139.5	556699.5	576413.0	589174.5	594130.5	593220.0	586319.5	571891.5	552029.0	529064.0	502213.5	473792.5	444718.5	414642.5	383081.5	350094.0	318842.0	285533.0	251057.0	219534.5	190043.5	163329.0	138677.0	116989.5	98621.0	82475.0	68368.5	56444.5	46134.0	37153.0	29918.0	23986.5	18948.0	14814.5	11411.0	8677.5	6710.5	5227.5	3970.5	3097.5	2576.0	2128.5	1776.0	1545.0	1287.0	1068.0	927.5	796.5	692.5	608.5	571.5	541.0	523.5	494.5	469.0	476.0	456.0	455.5	457.0	461.5	459.5	465.0	569.5	772.5	1286.5	3141.5	47131.5
Sor-CPnd_041-Ex1-7A-lcwgs-1-3.1	0.0	0.0	0.0	0.5	1.5	2.5	4.0	8.0	14.0	20.0	38.5	87.5	183.0	347.0	695.0	1379.0	2643.5	4986.0	9144.5	15741.0	25675.0	40160.5	59939.5	85501.5	116992.0	155609.0	199605.0	248099.5	300409.0	354255.5	410905.5	468767.5	525864.0	581546.0	632739.0	676667.0	712408.5	737376.5	753922.5	762784.5	761322.5	749358.5	728654.0	703384.0	673383.5	639011.5	601975.0	562771.5	522325.0	480516.5	439581.0	396817.5	351957.5	310437.0	270687.5	233099.5	198944.0	167417.5	139262.0	115250.0	94665.0	76896.0	61563.0	49195.0	39643.5	32625.0	28551.0	27175.0	27839.0	29472.0	30860.0	31027.0	29892.0	28275.0	26556.0	24732.0	22897.0	20745.5	17397.5	8058.0	777.5	548.5	426.5	331.5	200.0	97.5	67.0	51.0	41.0	34.5	27.0	23.0	15.5	11.5	18.5	30.5	51.5	173.0	821.5	707.5	26.0
Sor-CPnd_041-Ex1-7A-lcwgs-1-3.2	0.0	0.5	1.0	3.5	12.0	17.5	17.0	23.5	31.5	45.0	68.5	113.0	203.0	381.5	702.5	1395.0	2664.5	4908.5	8980.0	15544.0	25498.5	39706.5	58847.0	83798.0	115268.5	153136.5	196789.0	244277.0	295563.0	349125.5	404075.0	460514.0	516714.5	571081.5	622306.5	665316.5	699726.0	727129.5	745447.5	755556.5	758456.5	750701.5	733577.0	712202.0	685535.5	653644.5	618175.5	579633.5	537010.5	491892.0	447821.0	402092.5	354744.5	309628.5	265755.0	225703.0	189582.0	158014.5	131055.0	107601.5	88476.0	72190.5	58092.5	46380.0	36648.5	28653.5	22310.0	17231.5	13011.5	9559.5	6981.5	5123.0	3907.5	2999.0	2311.0	1902.5	1585.0	1348.5	1140.0	989.5	930.5	875.0	832.5	822.0	805.0	770.0	733.0	720.0	705.0	685.0	673.5	697.0	705.5	710.5	746.5	789.0	972.0	1501.0	3033.5	8467.0	162383.5
Sor-CPnd_043-Ex1-1D-lcwgs-1-3.1	1.0	4.5	10.5	24.0	30.0	37.5	74.0	122.5	168.0	254.5	375.5	542.5	819.5	1235.0	1914.0	3057.5	5010.0	8058.0	12515.0	19028.5	28084.5	39725.5	53810.5	70553.0	89899.5	112761.0	137297.0	163042.5	189939.0	217021.0	243266.0	268885.0	295297.5	320165.0	343456.5	363722.5	379299.5	389846.0	397280.5	401829.5	401780.5	396773.5	387696.0	376346.5	362648.5	346180.5	328931.0	311057.5	291939.5	272334.5	252624.5	230163.0	205671.5	182337.0	159494.0	138027.0	118016.0	99973.5	83838.5	70083.5	58145.0	47095.0	38081.5	30686.0	24587.0	20109.0	16884.5	14800.5	13426.0	12061.0	10422.5	8707.5	6994.5	5472.5	4316.0	3450.0	2690.0	2074.0	1542.0	875.5	437.0	334.5	227.5	151.0	117.0	81.0	64.5	55.5	33.5	27.0	23.0	12.0	9.5	10.0	9.0	8.0	18.5	71.5	273.0	245.0	30.0
Sor-CPnd_043-Ex1-1D-lcwgs-1-3.2	3.0	5.5	9.5	18.5	29.5	47.5	64.5	101.0	174.5	262.0	383.0	543.5	777.0	1195.5	1886.5	3082.5	5007.5	7804.5	12148.0	18599.0	27437.5	38594.5	52227.0	68881.0	88164.5	110063.0	133949.5	159051.5	184917.5	210773.5	235827.5	261776.5	288126.0	312709.5	335286.0	354962.5	371251.5	384583.5	394252.0	399930.0	402208.5	399945.0	394045.0	384882.5	373097.5	358526.5	340622.0	321446.5	300633.5	277618.0	254755.5	231185.5	206412.0	181591.5	157463.5	134966.5	114279.0	95963.5	80183.0	67043.0	55745.0	45475.0	36898.0	29923.0	23785.0	18778.5	14631.5	11348.0	8777.0	6627.0	4933.5	3834.0	2999.5	2328.0	1956.0	1618.0	1370.5	1188.0	1007.5	812.0	691.5	619.0	566.5	507.5	472.5	461.5	430.0	398.5	369.5	351.0	352.5	370.5	362.0	363.5	369.5	379.5	453.0	605.0	1011.0	2465.0	36717.5
Sor-CPnd_044-Ex1-8G-lcwgs-1-3.1	5.0	10.0	18.0	31.5	61.0	99.5	146.5	203.5	288.0	432.5	654.0	930.0	1335.5	1889.0	2782.0	4445.0	7077.0	10812.0	16384.0	24375.5	34931.0	48680.5	65721.5	85965.5	109138.0	135498.0	165001.0	196498.0	228460.0	259700.5	292795.0	326537.0	359491.5	392695.0	424109.0	452142.5	477407.0	497926.5	512242.0	522755.5	528445.0	527962.0	523080.0	512874.0	499134.0	483396.5	464664.5	445081.5	424733.0	403614.5	380935.5	352827.0	318808.0	282408.0	246386.0	212248.0	180116.5	150532.5	124008.0	100915.0	81278.0	64970.5	51535.5	40887.5	33168.5	28403.5	26421.0	26656.5	28019.0	28524.5	26967.5	23658.0	19549.5	15701.0	12572.5	10053.0	7969.5	6189.5	4603.0	2236.0	557.5	400.5	273.0	196.5	148.0	93.0	70.5	57.5	44.0	38.0	33.5	20.5	17.0	17.5	18.0	26.5	56.0	191.0	675.5	646.0	123.5
Sor-CPnd_044-Ex1-8G-lcwgs-1-3.2	3.0	3.5	12.5	41.0	71.5	95.5	132.5	201.5	295.0	410.5	596.0	886.0	1309.5	1816.0	2722.0	4322.0	6710.5	10325.0	15674.5	23476.5	33832.0	46955.0	63626.5	83581.5	105762.5	131187.5	159565.5	189759.0	221192.5	252538.0	284682.5	317067.5	349757.0	383263.5	414700.0	443549.0	469967.0	493278.5	512047.0	527937.0	539096.0	542779.5	542344.0	536908.0	526998.5	512479.5	492403.0	467959.0	439598.5	409439.0	380698.0	349427.0	311387.0	270428.0	229925.5	192153.0	159208.0	131212.5	107151.5	86625.5	70022.0	56178.0	44571.0	35629.0	28273.5	22092.5	17277.0	13406.5	10284.0	7922.0	6109.5	4786.0	3849.5	3147.0	2607.5	2271.5	1971.5	1662.0	1491.0	1325.5	1159.0	1057.5	972.5	894.5	828.0	768.0	718.5	733.5	727.0	694.0	672.5	679.5	696.5	709.5	709.0	711.5	901.0	1403.5	2607.5	7637.5	114539.5
Sor-CPnd_045-Ex1-7B-lcwgs-1-3.1	2.0	4.0	9.0	16.5	21.5	30.5	54.0	90.0	139.0	209.0	297.0	439.5	703.0	1177.5	1917.5	3138.5	5269.5	8714.0	13993.0	21728.5	32581.5	47072.0	65114.0	86357.0	111830.0	141258.0	172117.5	204847.0	239370.5	273147.0	306925.0	340771.0	372755.0	402917.0	430660.0	454270.0	472357.5	484291.5	491471.0	493799.5	490409.0	481960.5	469488.0	453406.5	434891.5	414298.5	391311.5	368364.0	344742.5	318812.0	295013.0	270289.0	241213.0	212785.5	186132.0	160889.5	137314.0	115917.0	97007.5	80315.5	65785.0	53255.0	42513.0	33881.0	27125.5	22288.0	19429.5	17892.5	17679.5	18310.5	18583.0	18423.0	17796.5	16617.5	15355.5	14202.5	13062.0	11787.5	9797.5	4605.5	581.0	413.5	316.5	220.0	121.0	68.5	48.0	33.0	21.0	15.0	14.0	11.5	7.5	7.5	7.5	15.0	26.0	97.5	455.0	422.5	51.0
Sor-CPnd_045-Ex1-7B-lcwgs-1-3.2	2.0	4.0	6.5	14.5	23.5	29.5	71.5	115.5	149.0	214.5	306.5	474.0	706.0	1113.0	1839.5	3126.0	5261.5	8481.5	13656.5	21238.0	31914.0	46080.5	63799.0	85251.0	109995.5	137913.0	168213.0	200293.0	233862.0	267121.0	299533.0	331588.0	363720.0	394020.5	421404.0	444905.0	464091.5	479272.0	488899.0	493891.0	494120.5	488623.5	478632.5	466208.5	451335.0	432328.0	409833.0	384771.5	357777.5	329956.5	303277.5	274189.0	241822.5	210538.5	179712.5	150882.5	125859.0	104274.0	85844.5	70429.5	57690.0	46911.5	37755.5	30311.0	23896.5	18854.0	14920.5	11473.5	8604.5	6537.0	5136.5	3945.5	3148.0	2552.5	2038.5	1726.5	1466.5	1249.5	1057.5	904.0	817.0	750.0	696.0	637.0	603.0	568.5	526.5	495.5	491.5	504.5	516.0	486.5	462.5	467.0	462.5	511.5	674.5	1005.5	1858.0	5489.0	95395.5
Sor-CPnd_046-Ex1-5A-lcwgs-1-3.1	0.0	0.0	0.0	0.0	2.0	5.0	10.0	18.0	25.5	48.5	76.0	118.0	194.5	331.5	551.5	889.0	1533.5	2620.0	4239.5	6568.0	9869.0	14200.0	19455.5	26103.0	33716.5	42319.5	51805.0	61591.0	72089.5	82799.0	92945.0	103413.5	113945.5	123382.5	132537.5	140645.5	147151.5	152123.5	156236.5	159564.0	160933.5	160639.5	158689.5	155595.0	152044.0	148154.5	143619.5	137513.5	129443.5	119700.5	109417.0	97783.0	84742.5	72470.0	61234.5	51326.5	42963.5	36673.0	33013.5	33081.5	36729.5	40706.5	41545.0	37490.5	30055.5	22146.5	15521.0	10508.5	6922.5	4526.0	2931.5	1845.5	1162.0	783.5	551.5	379.5	268.5	198.0	149.0	105.0	86.5	71.5	51.5	48.0	39.5	28.5	25.0	17.0	13.5	11.0	6.5	5.5	6.5	5.5	7.5	9.0	14.0	49.0	253.5	220.5	6.5
Sor-CPnd_046-Ex1-5A-lcwgs-1-3.2	1.0	0.5	1.0	1.5	4.0	6.5	11.0	20.5	30.0	47.5	68.0	95.5	167.5	323.5	572.0	935.0	1511.0	2547.5	4161.0	6407.5	9487.0	13795.5	19049.0	25407.5	33094.0	41493.0	50643.0	60508.5	70412.0	80321.5	90345.5	100652.0	110896.5	120623.5	129507.5	137557.0	144260.0	149395.5	154085.0	157663.0	159959.5	160165.5	158231.5	155716.0	152284.5	147415.0	141232.0	133976.5	125883.0	116699.5	107559.0	98158.5	87826.5	77645.5	67065.5	56524.0	47163.5	38981.0	31760.0	25851.5	21016.0	16822.0	13492.0	10848.5	8597.0	6730.0	5268.0	4130.0	3204.0	2391.0	1764.0	1313.0	994.0	792.0	649.0	528.0	444.0	378.0	320.5	293.5	267.0	230.5	213.5	207.0	213.0	231.5	213.5	184.5	182.5	187.0	184.5	185.5	198.5	214.5	217.5	244.5	333.0	529.5	1125.5	3392.5	92664.0
Sor-CPnd_049-Ex1-3B-lcwgs-1-3.1	0.0	1.0	3.0	2.5	4.0	9.0	18.5	33.5	39.5	53.5	65.5	100.0	177.0	258.5	421.0	698.0	1145.5	1838.5	2905.5	4530.0	6717.0	9562.5	13186.5	17412.5	22471.0	28732.5	35240.5	41876.5	49318.0	56761.0	64368.5	72111.0	79692.0	87141.0	94499.0	101307.5	106893.5	111146.5	114198.0	116877.5	118405.5	118308.5	117052.0	115015.5	111851.0	107647.0	103188.0	98694.0	93282.5	87392.0	81504.0	74396.0	66362.5	57811.5	49614.0	42458.0	35680.0	29419.5	24305.5	20057.0	16216.0	12798.0	10208.0	8422.5	6999.0	5898.5	5112.5	4627.0	4254.5	3765.0	3253.0	2641.5	2012.5	1525.0	1197.0	918.5	691.0	552.5	418.0	256.0	160.0	125.0	84.5	59.5	42.5	26.5	24.5	21.0	10.0	7.0	5.5	5.5	5.5	5.0	5.5	3.5	10.5	42.5	169.5	158.5	23.0
Sor-CPnd_049-Ex1-3B-lcwgs-1-3.2	1.0	2.0	3.0	5.0	8.5	9.0	12.5	23.0	36.5	51.5	78.5	113.0	173.0	269.5	405.5	684.0	1138.5	1778.0	2807.0	4355.0	6442.5	9311.0	12931.5	17055.0	21992.5	27877.0	34355.0	41053.5	48194.5	55907.0	63338.0	70809.5	78674.0	86541.0	93794.5	100238.5	106060.5	111122.0	115250.5	118635.0	120702.5	121203.0	120721.0	118814.5	115756.0	112143.0	107518.5	101522.5	94582.5	87296.5	80203.0	72705.0	63982.5	55154.0	46712.5	39044.0	32581.5	26916.0	22319.0	18232.0	14479.5	11716.0	9495.0	7602.5	6111.5	4810.0	3875.5	3045.0	2274.0	1738.5	1348.5	1035.5	833.0	682.0	569.5	488.5	430.0	358.5	289.0	250.0	202.0	169.0	160.5	149.0	131.0	118.5	111.5	109.5	102.5	100.0	103.0	108.5	107.5	102.5	108.5	102.0	120.0	168.0	259.5	731.0	11623.5
Sor-CPnd_050-Ex1-3F-lcwgs-1-3.1	2.0	6.0	13.5	19.5	37.5	55.0	71.5	109.5	161.5	224.5	328.0	503.5	707.0	1008.0	1572.5	2483.0	4114.5	6606.5	10311.5	15998.5	23772.5	34110.5	47216.0	62666.5	80868.0	102413.5	125601.0	149700.0	175708.5	202437.0	229547.5	256940.0	283207.0	309855.0	335260.0	356610.0	375137.0	388760.0	398744.0	406783.5	409627.5	406373.0	400249.5	392239.0	379741.5	365417.0	350939.0	333916.5	315122.0	294991.5	273983.0	250037.5	222849.5	195896.0	169675.0	144363.0	121248.5	101010.0	83099.0	67821.0	55110.5	44248.5	35359.5	28464.0	22672.0	18182.0	15080.0	12736.0	10894.0	9417.0	7761.0	6124.5	4819.0	3706.5	2944.5	2281.5	1723.0	1363.5	1035.5	731.0	514.5	385.0	273.0	183.5	125.0	86.5	75.0	57.0	36.0	25.0	15.0	14.0	16.0	14.0	14.0	21.5	32.5	90.5	257.5	226.0	41.0
Sor-CPnd_050-Ex1-3F-lcwgs-1-3.2	3.0	6.0	12.5	23.0	29.5	38.5	76.0	106.0	146.0	241.5	331.5	450.5	661.5	969.5	1525.5	2492.5	4017.5	6365.0	9982.5	15386.0	22956.5	32905.0	45593.5	60994.5	78722.5	99354.0	121906.0	146130.5	172073.0	197603.0	224036.5	250704.0	276905.5	304091.5	329106.0	350053.5	368762.5	384850.5	397026.5	405819.5	410967.0	410995.5	406556.0	399748.5	389859.5	377483.5	362235.5	343037.0	321377.5	297917.0	273341.5	247010.0	219479.5	191934.0	165546.0	140886.5	117986.5	98137.5	80961.0	66697.0	54772.0	44071.0	35238.0	28310.5	22420.5	17639.0	13925.5	10752.5	8225.0	6253.5	4806.0	3714.0	2853.5	2250.0	1873.5	1616.0	1419.0	1250.0	1058.0	890.5	767.5	679.5	589.5	530.0	464.5	416.5	387.5	365.5	350.5	311.0	314.0	317.5	305.0	301.0	300.0	347.5	392.0	487.0	810.5	1919.0	24258.5
Sor-CPnd_052-Ex1-6D-lcwgs-1-3.1	2.0	5.0	11.0	16.0	24.0	43.0	67.0	98.5	142.0	212.5	318.0	481.0	686.0	1009.0	1651.5	2605.0	4028.0	6355.5	9712.0	14355.0	20794.5	28800.0	38900.5	50827.0	64031.0	79533.0	96056.0	113354.0	131236.0	148867.5	166898.5	184806.5	202802.0	220726.5	237655.0	252693.0	265651.5	276775.0	285157.5	291357.5	295218.5	295828.5	293794.5	290159.0	285164.0	278221.5	269436.0	257112.5	240649.0	221262.5	199660.5	176280.0	151218.5	127216.5	106043.5	87089.0	71029.5	57750.0	47068.0	39544.5	34764.0	31785.0	29417.5	26855.5	23469.0	19411.5	15239.0	11330.5	8088.5	5528.5	3758.0	2613.5	1848.5	1381.5	1069.5	833.5	671.0	541.0	418.0	339.0	256.0	175.0	140.0	107.0	75.5	60.5	48.5	36.0	26.5	17.5	11.5	10.0	10.0	14.0	14.0	24.0	55.0	148.5	649.0	626.0	89.0
Sor-CPnd_052-Ex1-6D-lcwgs-1-3.2	1.0	3.0	5.0	9.5	23.0	44.5	76.0	112.5	157.0	221.0	297.0	434.5	666.5	1024.5	1608.5	2517.5	3978.5	6181.5	9406.0	13941.0	20122.0	28049.0	37875.0	49217.0	61800.5	76571.0	93024.0	109838.5	126990.0	144086.5	161718.5	179320.5	196637.0	214341.0	231161.0	246244.0	259708.0	272053.0	282152.5	289538.5	294165.5	295789.5	293813.5	289653.5	283525.0	273924.0	261867.5	247606.5	231940.5	215276.5	197952.5	179234.5	159077.0	137556.5	115166.5	94945.0	77409.5	62324.5	49723.0	39620.5	31621.0	24992.5	19700.0	15667.5	12391.5	9729.5	7757.0	6155.0	4783.0	3724.5	2957.0	2372.0	1959.5	1646.5	1433.5	1253.5	1102.5	987.5	876.5	782.5	661.0	569.5	519.5	490.0	487.5	476.0	449.0	434.5	418.5	407.0	396.0	379.0	371.5	368.0	364.0	405.0	509.5	724.0	1384.5	3801.0	63033.5
Sor-CPnd_053-Ex1-2C-lcwgs-1-3.1	1.0	1.0	6.0	8.5	15.5	24.5	35.0	53.5	77.5	111.0	166.5	267.5	403.0	555.5	923.5	1562.0	2537.5	4169.0	6646.5	10199.5	15248.0	21943.0	30156.0	39800.0	51330.0	64805.5	79230.5	94605.5	110241.0	125579.5	141607.0	157623.0	172689.0	187579.0	201795.5	213239.5	222281.5	229355.5	233473.0	235441.5	235005.5	231739.5	226760.5	220204.0	211978.0	202707.0	193187.0	183420.0	172627.5	160520.0	148755.5	135743.5	120590.5	106027.0	91999.0	78973.5	67142.0	56498.0	47271.0	39456.5	32804.5	26729.0	21847.5	18058.5	15114.5	13078.5	11784.0	11002.5	10087.5	8892.0	7485.0	5872.0	4458.0	3397.0	2566.0	1921.5	1460.5	1141.0	897.0	588.0	367.0	291.5	230.5	154.5	97.0	75.0	61.5	39.0	23.5	17.5	11.5	9.0	7.5	6.5	7.5	12.0	25.0	51.5	179.5	174.0	29.0
Sor-CPnd_053-Ex1-2C-lcwgs-1-3.2	2.0	2.0	3.5	8.0	14.0	25.0	41.0	59.0	76.5	111.5	155.0	235.5	395.5	592.5	919.0	1515.0	2481.5	4019.5	6384.5	9887.0	14826.5	21220.0	29196.5	38876.5	50053.0	62879.5	76726.0	91381.0	107032.0	122475.0	137984.5	153387.5	167989.5	183226.5	197367.0	209572.0	219343.5	226176.5	231017.5	234387.5	235517.0	233360.5	229505.5	224036.0	217020.0	208676.5	198900.5	187935.0	175659.0	162577.5	149568.0	135247.5	119673.5	105064.0	91040.5	77882.0	66345.0	55891.0	47004.0	39260.0	32670.0	26756.0	21499.0	17504.5	14068.0	11192.5	8960.5	7093.5	5502.0	4213.5	3187.0	2465.0	1964.5	1646.0	1349.5	1171.5	1065.0	920.0	800.0	673.5	559.5	461.5	382.5	342.5	303.0	280.5	270.0	248.5	238.5	239.5	244.0	246.0	211.0	207.0	228.0	242.0	291.0	396.5	650.5	1628.0	27039.5
Sor-CPnd_054-Ex1-8F-lcwgs-1-3.1	1.0	1.0	0.5	5.5	5.5	6.0	16.0	26.0	32.5	45.5	71.5	110.0	160.0	231.5	347.5	582.0	900.0	1367.5	2179.0	3246.5	4698.0	6768.0	9196.0	12075.0	15445.0	19464.5	23809.0	28247.5	33396.5	38710.5	43806.0	49622.5	55522.0	61486.5	67583.0	73267.0	78942.0	84135.0	88411.5	91924.5	95243.5	97373.0	98178.0	98552.0	98081.0	96933.5	95212.5	93298.5	91373.0	89051.5	86017.0	81522.0	75047.5	67406.5	59452.5	51559.0	43662.5	36115.5	29514.5	23790.5	19111.5	15107.5	11841.0	9460.0	7943.5	7275.5	7535.0	8648.0	10116.0	11124.0	11028.0	9857.5	8280.5	6771.0	5433.5	4346.0	3469.0	2715.5	1937.0	864.5	181.0	142.0	88.5	59.0	39.0	22.0	16.0	11.5	8.0	6.0	8.0	8.5	7.0	5.5	5.0	9.5	17.5	35.0	113.5	95.0	6.0
Sor-CPnd_054-Ex1-8F-lcwgs-1-3.2	0.0	1.0	2.0	2.0	4.5	11.5	15.0	16.5	24.5	39.5	67.0	102.0	152.5	232.0	347.5	527.0	817.5	1344.0	2131.5	3212.0	4711.0	6529.5	8740.5	11623.0	14949.5	18765.5	23026.5	27572.0	32374.5	37463.0	42739.0	47798.5	53180.0	59104.5	65156.5	70892.5	76269.0	81738.0	86385.5	90516.0	94749.0	97991.0	100288.0	102063.0	103272.5	103429.5	102002.0	99305.0	96287.5	92298.5	87268.0	81212.5	73856.0	65511.0	57008.0	48814.5	40843.0	33679.5	27279.5	22021.0	17564.5	13809.0	10810.5	8349.5	6495.0	5089.5	3931.0	3024.0	2314.0	1722.0	1312.5	1036.0	837.0	654.0	538.0	432.0	384.0	380.5	311.5	242.5	184.5	168.5	169.5	148.5	138.5	145.5	139.5	120.5	115.0	116.0	125.0	133.0	137.0	134.5	144.0	165.5	213.0	311.0	634.0	1804.5	43043.0
Sor-CPnd_055-Ex1-7G-lcwgs-1-3.1	3.0	7.0	12.0	19.5	36.5	75.0	122.0	177.0	251.5	358.0	489.0	669.5	976.5	1457.0	2153.0	3337.5	5189.0	7991.5	12222.0	18190.5	26347.0	36713.5	48888.0	63444.0	80713.0	100053.5	120804.0	142415.5	165821.5	189863.0	213131.5	237189.5	261810.0	285276.5	308286.5	329295.0	347254.0	362751.5	374070.0	381718.0	385834.5	385651.0	382067.0	374995.0	364717.0	352780.5	339477.0	324429.5	308497.5	291998.5	275064.5	254741.0	229799.0	203871.0	178180.0	154008.5	130839.0	109023.5	89788.5	72810.0	58031.5	45358.5	35383.0	27558.5	21568.0	17720.0	15604.0	15155.5	16049.5	17476.5	18442.0	18617.5	18078.5	17208.5	16282.0	15138.5	13944.0	12740.0	10558.5	4806.0	495.0	339.0	275.0	206.5	115.5	56.5	45.0	35.5	25.0	19.0	15.0	13.0	13.0	16.0	17.0	22.5	60.5	173.5	651.0	639.5	116.5
Sor-CPnd_055-Ex1-7G-lcwgs-1-3.2	4.0	5.0	13.5	25.0	48.0	88.0	118.5	163.0	240.5	345.5	464.0	661.0	973.0	1459.0	2266.0	3370.0	5111.5	7952.5	11982.0	17913.0	25967.0	35868.0	47828.0	62099.5	78584.5	97454.0	118081.5	139613.0	161769.0	184299.0	207170.0	230357.0	253544.0	277513.0	300581.5	321286.5	340573.0	358194.5	372661.5	383818.5	392797.5	396803.0	397151.0	394804.0	387685.5	377060.0	363307.5	345382.0	325481.5	304454.0	282864.0	258554.0	228822.0	196865.5	164705.5	135473.5	110301.5	88556.0	70639.5	56201.0	44303.0	34686.0	27367.5	21399.5	16643.0	12988.0	10093.0	7774.0	5991.5	4629.5	3519.0	2798.0	2309.5	1936.5	1658.5	1422.5	1235.5	1093.0	974.5	884.5	800.0	722.5	663.5	626.0	577.0	560.0	568.5	551.0	541.5	526.5	515.0	547.0	526.0	464.5	475.5	544.5	696.5	1058.0	2100.5	6381.0	105318.5
Sor-CPnd_058-Ex1-2G-lcwgs-1-3.1	3.0	3.0	10.0	21.0	28.5	48.0	77.5	100.0	145.5	216.0	305.0	467.0	674.5	949.0	1425.5	2159.0	3392.5	5263.5	7912.5	11646.5	16758.0	23152.0	30665.0	39823.5	50417.5	62291.5	74964.5	88025.5	101606.0	115689.5	129348.5	143203.0	157237.0	169876.5	181793.0	192997.5	201872.5	207894.0	211789.5	213724.0	213892.0	210851.5	205227.0	198892.5	191244.5	182344.5	172935.5	163154.0	152515.5	141750.5	130958.5	118516.5	104587.5	90873.5	78027.5	66012.0	55381.0	46072.5	38084.5	31284.0	25485.0	20669.5	16493.0	13082.0	10652.0	8829.0	7447.5	6403.0	5399.5	4515.5	3660.0	2837.0	2208.0	1696.5	1263.0	969.0	775.5	619.5	466.5	348.5	249.5	196.5	143.0	91.0	67.5	53.5	46.0	28.0	11.5	13.0	10.5	5.0	5.5	7.0	5.0	9.0	24.0	68.0	288.0	291.5	55.0
Sor-CPnd_058-Ex1-2G-lcwgs-1-3.2	1.0	2.5	9.0	12.5	25.5	42.5	73.5	117.0	140.5	217.5	312.5	428.5	640.5	903.5	1399.5	2148.5	3282.0	5071.0	7721.5	11430.5	16256.0	22323.0	29854.5	38991.0	49221.0	60478.5	73180.5	86401.5	99974.5	113289.0	126749.0	140881.5	154041.5	166481.0	178755.0	189652.0	198991.5	206961.5	211929.0	215423.5	216689.0	214856.5	211034.5	204802.5	198012.0	189006.5	178578.0	167627.5	154665.0	141871.0	129734.5	116595.5	102544.5	88698.0	75172.5	62824.0	52364.5	43606.5	36154.0	29851.0	24283.0	19476.5	15797.5	12771.5	10098.5	8050.0	6374.5	4983.0	3906.5	2992.0	2298.0	1767.5	1407.0	1191.5	1005.0	831.0	714.0	604.0	502.5	427.0	383.0	344.0	296.0	278.5	261.0	225.5	210.0	195.0	167.5	159.5	168.0	179.5	177.0	171.0	173.5	168.5	191.5	243.0	396.5	1006.5	11717.0
Sor-CPnd_063-Ex1-7D-lcwgs-1-3.1	3.0	4.0	7.0	21.5	33.5	51.5	82.0	122.5	198.5	281.5	388.0	586.0	901.0	1311.5	1999.5	3167.5	5051.0	7850.5	11981.5	18161.0	26751.0	37538.0	50578.5	66566.0	85026.5	105811.0	129176.5	153949.0	179424.0	205522.0	231921.0	259258.0	286919.0	314148.5	340593.5	364387.0	385421.0	403549.0	418390.5	428955.5	434668.0	435652.0	431656.0	424763.5	415729.5	402682.0	387990.0	372239.5	354027.5	335623.0	315784.5	292463.5	264892.0	236258.5	208546.5	180761.5	153757.5	128774.5	106433.0	86332.5	69396.5	55203.0	43291.0	34084.5	26925.5	21542.0	18198.0	16555.5	15987.0	16130.0	16332.5	16013.5	15401.5	14515.0	13428.5	12461.5	11642.0	10522.5	8666.0	4223.5	789.5	579.5	422.0	312.5	191.0	107.0	86.5	66.0	35.0	25.5	20.0	18.5	18.0	20.5	21.5	20.0	40.0	141.5	513.0	457.5	57.5
Sor-CPnd_063-Ex1-7D-lcwgs-1-3.2	1.0	3.0	10.5	19.0	34.5	57.5	85.5	119.5	193.5	283.5	418.5	617.0	911.0	1319.0	1965.5	3126.5	4992.5	7813.5	11950.5	17754.5	25927.5	36612.0	49478.0	64765.0	82787.5	103079.5	125330.5	149291.5	174050.5	199503.5	225046.5	250543.5	277036.5	303451.5	329653.0	354737.0	376321.0	396725.5	415246.5	428939.5	439611.5	445256.0	446763.0	445546.0	439674.5	429510.0	414593.0	396359.0	374357.5	350182.5	325450.0	297998.5	266475.0	231471.0	196374.5	163704.0	134284.5	108865.0	87335.0	69828.5	55870.5	44485.0	35435.5	28192.0	22434.5	17759.0	14122.0	11232.0	8663.5	6645.5	5235.5	4171.5	3400.5	2867.5	2498.0	2206.5	1938.5	1689.5	1424.5	1204.5	1057.5	954.0	822.0	721.5	661.0	598.0	576.5	569.0	541.0	500.5	495.5	487.0	471.0	471.0	454.0	508.0	667.0	963.0	1782.5	4917.5	84882.5
Sor-CPnd_066-Ex1-8B-lcwgs-1-3.1	0.0	0.0	0.0	1.0	3.0	3.0	2.0	2.0	1.0	3.5	6.5	11.5	20.5	32.0	51.5	79.0	110.0	168.0	278.0	415.5	609.5	915.0	1271.0	1656.0	2191.0	2760.5	3392.0	4099.0	4757.5	5469.0	6151.0	6921.0	7655.5	8339.5	9069.0	9623.5	10197.5	10712.5	10947.5	11192.5	11406.5	11442.0	11317.5	11070.0	10889.5	10542.5	10053.5	9638.0	9272.5	8866.0	8323.5	7647.0	6948.5	6305.0	5474.0	4692.5	4058.0	3322.5	2716.5	2281.5	1860.0	1452.0	1183.5	968.5	801.5	749.0	730.0	757.0	845.0	890.0	814.5	712.5	592.0	495.5	418.0	314.5	236.5	194.0	130.5	51.0	14.5	7.0	6.5	7.0	3.0	2.0	1.5	0.0	0.5	0.5	0.0	0.0	0.0	0.0	0.0	0.5	1.0	1.0	14.0	16.5	3.0
Sor-CPnd_066-Ex1-8B-lcwgs-1-3.2	0.0	1.0	1.0	0.0	0.5	2.0	5.0	5.0	3.5	5.0	9.5	15.0	13.5	18.5	40.5	71.0	115.5	180.0	275.0	395.5	626.0	920.0	1190.0	1622.0	2105.5	2698.5	3293.5	3916.5	4701.0	5392.0	6030.0	6697.0	7487.5	8189.5	8764.5	9429.0	10022.0	10499.0	10864.0	11260.0	11568.0	11695.0	11701.5	11573.0	11353.5	11079.5	10699.5	10119.5	9564.5	9016.0	8352.5	7642.0	6896.5	6068.0	5202.5	4343.5	3658.0	2951.5	2315.0	1975.0	1622.0	1288.0	1045.5	818.0	638.5	499.5	395.0	304.5	241.0	180.0	137.0	115.5	82.0	68.0	55.5	46.0	43.0	36.5	29.5	24.5	19.0	18.0	17.5	19.0	17.5	13.5	14.5	13.5	12.5	14.5	17.0	17.5	19.0	15.5	11.5	16.5	24.0	32.0	59.5	195.5	3469.0
Sor-CPnd_069-Ex1-6B-lcwgs-1-3.1	0.0	1.0	5.0	7.5	12.0	18.0	30.5	55.5	80.0	111.0	165.5	238.0	363.5	563.0	907.5	1545.0	2558.5	4197.0	6743.0	10405.0	15322.0	21873.0	30014.5	39851.5	51769.0	64862.0	79058.0	94516.0	109976.5	125535.5	141208.0	156511.0	171258.5	185042.5	198665.0	211169.5	220672.0	227444.0	232145.0	235162.0	236306.5	234178.0	230293.5	225972.0	220823.0	214799.5	207409.0	198594.5	187724.0	175934.0	162942.5	146083.5	128180.5	111661.0	96161.0	82262.0	69914.0	59503.0	51362.0	46014.5	43698.5	43744.0	43820.5	42416.0	38696.0	32460.5	25685.5	19409.5	13788.0	9530.5	6560.0	4457.5	3139.0	2317.5	1829.0	1528.0	1198.5	958.5	808.0	627.5	450.5	318.5	232.0	164.5	110.5	80.5	60.5	40.0	28.0	21.5	13.0	9.0	9.5	8.5	11.0	11.0	19.0	64.0	277.5	253.0	26.5
Sor-CPnd_069-Ex1-6B-lcwgs-1-3.2	0.0	0.0	2.0	5.0	11.5	21.5	34.5	63.5	94.5	110.5	161.5	261.0	358.5	544.5	947.0	1572.0	2543.0	4137.5	6547.0	10137.0	15141.5	21613.0	29579.0	39185.0	50738.0	63639.0	77481.5	92168.0	107488.0	123040.0	138125.5	152922.0	167816.5	182209.0	195445.0	207128.5	216898.0	224635.5	231029.5	235355.5	236953.5	235268.0	232102.5	228631.0	222771.5	214406.0	205035.5	195101.0	183627.0	171780.0	159754.0	145700.5	130337.0	115308.0	100407.5	85701.5	72143.5	60594.0	50967.5	42287.5	34771.0	28811.5	23549.5	19199.0	15734.5	12810.0	10464.0	8540.5	6739.0	5231.0	4076.5	3143.0	2559.0	2164.5	1831.5	1638.5	1499.5	1282.5	1077.5	912.0	785.0	695.0	603.0	495.0	409.5	377.5	356.0	336.5	328.0	317.5	309.5	305.5	312.5	312.0	301.5	325.5	429.0	632.0	1353.5	4415.5	90500.0
Sor-CPnd_072-Ex1-8C-lcwgs-1-3.1	3.0	5.5	17.5	31.5	37.0	49.0	89.5	138.5	204.5	310.0	438.0	626.0	983.0	1538.5	2446.5	3939.5	6467.0	10623.0	16736.5	25856.0	38581.5	55272.0	75783.5	100232.0	129111.5	162700.0	199202.5	237865.0	278133.0	317163.0	356453.0	395396.5	433516.5	471479.5	505163.5	533149.5	555679.0	571512.5	581213.0	585973.0	584047.5	576010.0	563164.0	545678.0	526051.5	505128.5	482455.0	457979.0	430854.5	402633.0	375372.5	342921.5	305861.5	269397.5	234065.5	200801.0	170687.0	144182.5	120442.0	99452.0	81441.5	66300.5	53441.5	43470.0	36346.0	31839.5	30328.0	31473.0	33921.5	35478.0	34373.5	30609.0	25701.5	21042.0	17059.0	13731.5	10998.0	8665.0	6323.5	2858.0	544.0	405.0	294.5	193.0	130.5	85.5	68.5	59.5	37.5	22.5	16.0	17.5	18.0	15.5	17.0	27.5	51.0	154.0	559.0	512.0	74.0
Sor-CPnd_072-Ex1-8C-lcwgs-1-3.2	5.0	6.5	10.0	17.0	37.0	54.0	79.0	133.0	191.5	284.5	439.5	644.0	972.5	1497.0	2384.5	3931.0	6401.5	10326.0	16330.0	25324.5	37752.5	53651.0	73461.5	97745.0	125934.0	158299.0	193935.5	231112.5	269495.0	308632.5	347512.5	384857.5	421768.0	458555.5	493467.0	522634.0	545126.5	562240.5	574438.0	582396.0	584045.0	579246.5	570282.0	557361.5	540683.0	520850.0	497482.5	471405.0	442981.5	411872.0	380182.5	344091.0	304773.0	267151.0	230487.0	196890.0	166202.0	138989.5	115770.0	95564.5	78361.0	63824.5	50993.5	40529.0	32420.5	25380.0	19638.5	15113.0	11650.0	8983.0	6855.0	5172.5	4073.0	3301.5	2612.5	2156.5	1861.0	1631.5	1398.0	1190.0	1048.5	955.5	862.5	796.5	738.0	684.0	701.5	705.5	646.5	628.0	637.5	641.0	657.5	638.5	639.5	731.5	961.0	1372.5	2483.5	6704.0	143137.0
