Sample	1	2	3	4	5	6	7	8	9	12	17	22	27	32	37	42	47	52	57	62	67	72	77	82	87	92	97	102	107	112	117	122	127	132	137	142	147	150
Sor-CPnd_001-Ex1-3E-lcwgs-1-3.1	39.547778307548654	39.531701233555175	39.63926591210017	39.585030737729305	39.50315199567157	39.194846501753666	39.44321592253251	38.87774134611342	39.07969564530985	39.44045283509837	39.601948555457625	39.619518874608	39.556864331144	39.50646521269684	39.4960781846612	39.4802351124908	39.457986470480435	39.4190817475246	39.38868105827594	39.350028869427526	39.33404737632517	39.32186068577385	39.29185425183439	39.22151109517391	39.069486451043744	38.815939668529154	38.46199302976669	37.94847904368335	37.349389378684535	36.71948642724372	36.060192605650286	35.36767439664959	34.686764061648404	34.072814487549806	33.528937194120125	33.06247172755638	32.67125666499802	32.503536762705046
Sor-CPnd_001-Ex1-3E-lcwgs-1-3.2	38.625310054795584	39.020671906373884	39.335088294117504	39.312529680611625	39.446810360625875	39.41881899527411	39.43055113712542	39.47711477084942	39.49853161793347	39.47924655474838	39.43457898949864	39.491521781384094	39.392181502146364	39.34630616507855	39.3237546598461	39.28874000299881	39.26309658921875	39.21122745443684	39.14188510459714	39.0379856295463	38.9121750285402	38.7404880115319	38.564020299832684	38.350570907010926	38.12070133906861	37.85139557779712	37.530046592511084	37.166274796648636	36.76629155186461	36.3710938887095	35.9448717853111	35.583595120360684	35.22761348445819	34.96638183328402	34.70343048767039	34.52245594020799	34.36398485366556	34.309094702670286
Sor-CPnd_002-Ex1-5E-lcwgs-1-3.1	39.54821263387394	39.57024336428124	39.676786973053574	39.62599611120283	39.559775843861125	39.24732514170263	39.49495360434371	38.99129671994109	39.179784805913904	39.50697218881106	39.64994575599632	39.65697965718838	39.59726434649078	39.553268528782084	39.52649400302404	39.513613672633504	39.449125086148385	39.404275187430066	39.38399657764885	39.35258615493869	39.329157200170854	39.31087900180552	39.247636389602974	39.04250417311961	38.625316161306465	38.01256698610358	37.240216753273636	36.32222261529471	35.37386932698128	34.45955185805366	33.612908893658165	32.87396320579441	32.24625205380376	31.781458246529827	31.496814606049647	31.386250389796885	31.430689527762706	31.504682148481823
Sor-CPnd_002-Ex1-5E-lcwgs-1-3.2	38.569207290708555	39.109706859639054	39.4159368620761	39.36020638926231	39.50335880443071	39.46677390994447	39.48718321632875	39.548195273172276	39.54251668592722	39.535060035271705	39.48930344934213	39.54639978354808	39.45607211832006	39.414909829170696	39.39335360277143	39.36016269270379	39.32777515729451	39.255906896849915	39.14692977628935	38.97143535660847	38.75213693859422	38.474881423132054	38.202323451490926	37.89572579525115	37.57647900075732	37.22210010770186	36.80260082964501	36.3388073918592	35.83279213802609	35.37410169833521	34.92308344404875	34.61841492207993	34.368348558341125	34.26604692237343	34.1884928028427	34.19771795214474	34.238757864725414	34.30636987073156
Sor-CPnd_003-Ex1-2B-lcwgs-1-3.1	39.667891487045964	39.62262258964784	39.73821118071349	39.67838674737849	39.541621843845284	39.41717928513639	39.33154428565028	39.20648874576039	39.177936894035426	39.46334361996221	39.60964494000638	39.63507143101853	39.58168503941158	39.518869700651194	39.50695462199933	39.48399702733116	39.44740689985954	39.37476098741096	39.32066189317894	39.27846596584067	39.26025288767897	39.25962161720564	39.24215539573653	39.16245550879283	38.99363501002749	38.71925757068654	38.34013603649425	37.804477556086724	37.19961908727471	36.58882687629956	35.97984873121329	35.363172427969445	34.77226199543031	34.25798617498162	33.82233512624619	33.474445747476	33.20978261041436	33.10612902120662
Sor-CPnd_003-Ex1-2B-lcwgs-1-3.2	38.51530634564654	39.037671462115604	39.36330124361917	39.33628737907062	39.48944755268713	39.44957768600922	39.461075695006286	39.509463259341636	39.52967846159117	39.515162772066404	39.46570689168997	39.53195613732254	39.43933821223485	39.401689308670015	39.37020052337946	39.330634090292186	39.31910598565845	39.27576088990321	39.21145515829198	39.116234145107356	38.997818408936986	38.821879527851635	38.62403798058805	38.387282142640665	38.13540390610793	37.85841800256683	37.53425610807021	37.16994621261434	36.78075360317506	36.38597216548911	35.986343116611366	35.666145571171434	35.37786805883144	35.16739256358428	34.96727945458906	34.839641803946165	34.72645464439976	34.694210938261776
Sor-CPnd_004-Ex1-1G-lcwgs-1-3.1	39.6712197870457	39.66255151974686	39.728835691596466	39.647937514744406	39.58888973457546	39.31263513450144	39.56424520549823	39.28674233597548	39.14159101779862	39.46911545834088	39.62951986806327	39.643805582348996	39.579970550869014	39.52957022449011	39.52149256304834	39.499006037721145	39.476871502374614	39.44121136064076	39.40620123524748	39.362836163417434	39.34524662023968	39.328864296644085	39.29471914027583	39.22127288493989	39.06793493199358	38.816089419450996	38.44720377543342	37.912771594646635	37.27737495842709	36.6000235910481	35.901495759022126	35.167057554221536	34.44953452769928	33.810245621046974	33.25682953628079	32.796437751737045	32.42108686195053	32.265082038410846
Sor-CPnd_004-Ex1-1G-lcwgs-1-3.2	38.67657701106471	39.11461101103152	39.405222062463615	39.3829683815026	39.48079259428664	39.48082487867203	39.49630515128932	39.53639658644027	39.5534351668219	39.53545406274641	39.49785963542813	39.53700739258318	39.460967348402264	39.4178254175868	39.38702041455315	39.34891567751398	39.32514574866949	39.276134696948816	39.21342947466992	39.12096205304162	39.01038172047277	38.84641297031496	38.66793633879919	38.445881233862316	38.200425757095886	37.91427269231574	37.570566416014785	37.18121972211621	36.75163045164232	36.318499313551	35.84996093409008	35.45102855526834	35.071047182817644	34.778856937968534	34.502903718944765	34.31928301249748	34.1723564499152	34.12941006508099
Sor-CPnd_005-Ex1-3D-lcwgs-1-3.1	39.42525551121527	39.61874890819292	39.674117195989865	39.584102381443934	39.6537761211299	39.305503161419566	39.24913347384087	38.98680303006241	39.076366375291244	39.41634681918313	39.592872048150674	39.617510566423846	39.55367997404618	39.4972092843871	39.493058216855005	39.47309810042584	39.448595703554815	39.408788269965044	39.377031872826315	39.3352190987402	39.31530707853978	39.30288981199365	39.27419768911233	39.22650937082419	39.132286952990476	39.00260454690857	38.82760487586863	38.566549889628234	38.267586181862725	37.9396949519378	37.59106698761068	37.19363224080784	36.76690843340147	36.34071794964869	35.9202668886958	35.515863633579336	35.11765108908465	34.90311967566807
Sor-CPnd_005-Ex1-3D-lcwgs-1-3.2	38.449000074866774	38.907928844805724	39.25971918154738	39.27444297987899	39.43907092605659	39.40083850783719	39.3982453951264	39.43784129605724	39.48501734413532	39.460416849107155	39.41107601699703	39.47518048563579	39.376237831313816	39.332990609891944	39.31239571399078	39.27693463677138	39.25313027045054	39.20915570700322	39.16170278799318	39.096395641392704	39.025850724733026	38.924651359058764	38.81731355338114	38.684815158479346	38.54990378485559	38.376993123600506	38.17769469330714	37.93536120948403	37.68120594487537	37.420765682887044	37.12413518670185	36.85335895440614	36.56757080014429	36.31098313682696	36.028061971537014	35.79322414884422	35.54563075254717	35.42312657248578
Sor-CPnd_006-Ex1-2D-lcwgs-1-3.1	39.482303755088424	39.65739072613991	39.701838767527306	39.61192247132386	39.68782120648211	39.33826762272953	39.33491995096803	39.111330661803024	39.1818385549114	39.48040828427021	39.629083284223064	39.647788237299245	39.58149603754248	39.5254663961415	39.51042203743309	39.48954438982922	39.45446300508924	39.40040126108668	39.35938250853506	39.31694042965216	39.29814703521691	39.2851053811886	39.25385015688139	39.17221048357602	38.99424040652161	38.69138145985855	38.263567458312274	37.6566080938418	36.969829356872886	36.280561059087844	35.591701498239146	34.90316638240721	34.25102023914832	33.69729876633048	33.23958959642929	32.88942875420967	32.64058453599922	32.560464449162765
Sor-CPnd_006-Ex1-2D-lcwgs-1-3.2	38.558924698475494	39.04421313510215	39.364297296708756	39.34193456128165	39.48543538165327	39.448037958112266	39.45982425237646	39.5107265582817	39.52611514900346	39.51184111144623	39.46614727801056	39.523315614769466	39.42988741816217	39.387963333357916	39.36646999123646	39.3306256240234	39.3033813988172	39.24874713504351	39.173826604525665	39.06160281873825	38.91747594739677	38.71694852277382	38.505830974125494	38.254700311876675	37.9894912529987	37.692148351720896	37.34298049437656	36.95468037056209	36.532107282557796	36.12555058518242	35.70358808205533	35.366812851534256	35.061719448851555	34.85444294374955	34.662714594178816	34.54616095401444	34.463647943721256	34.447586320772594
Sor-CPnd_007-Ex1-1C-lcwgs-1-3.1	39.54509293433194	39.519501366561926	39.659097915733646	39.52442562140445	39.65663037439917	38.852195056074606	39.60836473653642	39.001520407294706	39.05613355762975	39.41877611273211	39.6159140174334	39.63298625136739	39.58281936749252	39.54191159861729	39.52873076519347	39.461281587551845	39.407325686281176	39.24585151380533	39.075815057115285	39.01952948883335	39.00737489273685	39.071096170047404	39.12157994830916	39.037860397435374	38.885044636210594	38.65095172082736	38.33462182462711	37.873054683230436	37.34695177135721	36.83169148394459	36.34697577303913	35.86117848258239	35.41458273617369	35.04055652621672	34.73960996364558	34.514697120129014	34.334591386403915	34.274303733163855
Sor-CPnd_007-Ex1-1C-lcwgs-1-3.2	38.4734076102175	38.972158349743005	39.307620654319535	39.27155015674783	39.38910365748938	39.42463396683136	39.43324389348186	39.46812513478388	39.48403722727036	39.464292204536434	39.424591377380736	39.50001151960423	39.40015670271029	39.36811427688015	39.32793582226965	39.319801357508666	39.299405823024586	39.23613365989256	39.17312978623765	39.08121032240755	38.964300114865196	38.797008632484626	38.613585252741025	38.34523550071329	38.00143781504087	37.56532821698483	37.044196480535334	36.46563395269503	35.86210546483407	35.278408862936864	34.67805509378552	34.15238216693079	33.670580464736325	33.2597021084485	32.916185825954116	32.66508492174038	32.45635931781084	32.373335033703114
Sor-CPnd_008-Ex1-1A-lcwgs-1-3.1	39.539876897222825	39.61319737820113	39.58779747512261	39.57191093978036	39.64952267505345	39.09974311855527	39.58492856850684	38.544162544700036	38.82595074742064	39.36402681129197	39.589260038975034	39.613245724260025	39.590481815497725	39.542550712072206	39.53740536106058	39.5044276911036	39.48005528831849	39.40157294170222	39.322056570495725	39.27313492080179	39.257468070766706	39.27211646787312	39.283205096495244	39.25576382759087	39.22002013612079	39.199597022728895	39.18448805104345	39.132775913723314	39.06932835040163	38.99561207907295	38.93001027449322	38.85076840797855	38.757426312718465	38.64816307276031	38.53098677823214	38.42908348028929	38.29981717951845	38.22392520811169
Sor-CPnd_008-Ex1-1A-lcwgs-1-3.2	37.26313113492564	38.502520710501024	39.03779644932985	39.10545786737812	39.31182277767095	39.320776100787135	39.309454152096905	39.33156693093892	39.41826311240306	39.387924291142156	39.348843600244614	39.435723328528034	39.32828220234266	39.29328388629934	39.2798247971447	39.25433592406534	39.23756289989193	39.19914052583538	39.174203592976134	39.13804413049664	39.103235197460016	39.05764358964263	39.01962964676157	38.96735988594714	38.92625773342615	38.85438485629153	38.791584778458706	38.697473504282655	38.61151571520884	38.52913905149721	38.41182378434956	38.31167689847162	38.199701335021494	38.09560396193022	37.958863594920686	37.8492708524873	37.703447160650235	37.62821753279893
Sor-CPnd_009-Ex1-6A-lcwgs-1-3.1	39.57500490647314	39.64399755759209	39.64423847423711	39.6088690566829	39.7045109501232	39.284837512215816	39.64117656638211	38.92619741028877	39.16311467111856	39.50211434155803	39.650716899102264	39.66142011212445	39.613364578067646	39.570952403097365	39.554533807824406	39.51316266137847	39.33628683149619	39.22764759418288	39.17911415537226	39.15914322318266	39.12362710669854	39.15784694053489	39.20351070114802	39.12326662152767	38.96543932367395	38.75449626847818	38.52919424546669	38.19843469656338	37.8186452023087	37.430362212719494	37.04107606972447	36.64904928583744	36.26273721265654	35.910630837296985	35.61069441578721	35.36030076470469	35.14146823501444	35.03002795136741
Sor-CPnd_009-Ex1-6A-lcwgs-1-3.2	38.54471421325941	39.04838512817353	39.36814699172338	39.290911129962865	39.46271558891864	39.432072502647145	39.44507679700733	39.52181017547966	39.518228324175425	39.510486858122924	39.4566530516584	39.54866440680698	39.452588359747146	39.42364095730706	39.40685448987201	39.382501527344374	39.36088514286357	39.30413112446628	39.25696646154895	39.183749257313586	39.08815306248706	38.97014033772317	38.858202439486696	38.71994677337064	38.57456665643121	38.40181296910542	38.20000302195094	37.96117242966703	37.70152804949687	37.43681770433467	37.14900585368688	36.9153477333773	36.68410280878588	36.50687542527663	36.30744489514417	36.15123790023432	35.982252887935815	35.90078364224667
Sor-CPnd_010-Ex1-1H-lcwgs-1-3.1	39.641450696270866	39.624746269887126	39.68079938273167	39.65333470246958	39.645440957084084	39.40485093649642	39.569572489617585	39.087299067806235	39.077519385450664	39.44381693973462	39.62176637377274	39.64120916906687	39.59112886488722	39.548975281064635	39.545720304266425	39.52584999135853	39.503490646605925	39.46441877635376	39.42315088869718	39.38444087536979	39.36712496574147	39.36459081025146	39.33904475267687	39.275882930173324	39.15102580363838	38.95521174487496	38.690810902277654	38.31153972146273	37.88480251535397	37.445391060745536	36.997284626793466	36.5177313508819	36.044146544823185	35.61291577570367	35.22932400585161	34.91690205927251	34.63697752567673	34.50855071384305
Sor-CPnd_010-Ex1-1H-lcwgs-1-3.2	38.59393419613021	39.00851781118502	39.32701554090162	39.324357295387045	39.421472925451255	39.43629430740628	39.450226232891524	39.48195162658448	39.50659607901555	39.48651605685868	39.452763280922895	39.500228727708446	39.4203373137113	39.383064025679985	39.35988204216313	39.330125601377425	39.30515255624728	39.255846006882805	39.19040572954593	39.098254857480875	38.98938827812075	38.84537066832892	38.70338420108369	38.531142329667276	38.351539518984836	38.142423530245495	37.8911123050879	37.60648710251962	37.30669457004903	37.01698370125255	36.700271537320646	36.431265768870034	36.16628641799971	35.94876123300361	35.71625036970295	35.53153412439519	35.36160657532503	35.286898884708364
Sor-CPnd_012-Ex1-5B-lcwgs-1-3.1	39.672028918475945	39.62822658793417	39.74897110397629	39.69505772469072	39.56110949953973	39.43268272749725	39.34790812546308	39.20514497406767	39.18758193942388	39.4762848918925	39.62755876871955	39.650966856013824	39.60580029187903	39.55274311502279	39.502000278407685	39.468219475066796	39.19732599295	39.01124626956151	38.976400691528774	38.970236350165024	38.91161346235883	38.95381956487573	39.02464734277824	38.85095320505624	38.51759624598667	38.08716883630077	37.61622696513168	36.99573195626304	36.3502088506702	35.73502672264756	35.17448952154292	34.67727896899347	34.24787868609533	33.91342806978154	33.70432959877859	33.60610478008038	33.590768863243454	33.60461761602191
Sor-CPnd_012-Ex1-5B-lcwgs-1-3.2	38.478260580614744	39.047608253440806	39.367341341296395	39.28444302745908	39.437515525719036	39.453291003390284	39.46375949168145	39.518019892678325	39.50776371270123	39.49442004535351	39.451011006084556	39.53361661465233	39.42463412290353	39.39637240171535	39.33209341925054	39.25920808280383	39.300465803004116	39.254368746491835	39.18398096050652	39.06717050674689	38.925252852556184	38.71565310402119	38.498003888726736	38.24367347268686	37.98952648240867	37.716999699140075	37.39960947484227	37.04434258515009	36.64850892925302	36.25230202743663	35.878618127932825	35.63363890522913	35.442503010844426	35.34928924313523	35.25657675295808	35.23149613597072	35.20481749477985	35.21190147960215
Sor-CPnd_013-Ex1-7F-lcwgs-1-3.1	39.40889537494752	39.5254202876659	39.672787546117746	39.6426367127702	39.59527968691503	39.31913925995587	39.510202142510835	39.30115993792225	39.192359011466195	39.461419780908734	39.634401908785335	39.651038405534045	39.59080828580455	39.54127301623653	39.53599770659897	39.46321966217813	39.42341136906459	39.293577340158315	39.068209190008766	38.98714469135321	38.99705959025759	39.05781360269425	39.113116158650726	38.9801301651265	38.710115490283506	38.23259886028363	37.58210505628334	36.737258671110546	35.86259157564935	35.08955625451229	34.462237982586714	33.89886767384654	33.46412467850562	33.18374852500368	33.04272807524045	33.02646612401419	33.06226681252177	33.14617629789525
Sor-CPnd_013-Ex1-7F-lcwgs-1-3.2	38.490316796320165	39.02813882872501	39.339364068480435	39.23785427320546	39.37311092865687	39.401001251462816	39.418315860768466	39.48298343537506	39.46438406671003	39.45707807390046	39.412691749522274	39.491528546914424	39.38228859333468	39.34943944048811	39.332709957047456	39.300968523395696	39.26709310607224	39.16258515997366	39.041800725864675	38.84927653105228	38.60750455391157	38.24190110276532	37.79706819863257	37.19136206419087	36.4840962708682	35.69424189046411	34.836665018081646	33.96565355838548	33.13598495645867	32.387997164108924	31.735296530093983	31.222947978615498	30.826846679156933	30.60296241794635	30.506803945884183	30.544833959876847	30.661111178787017	30.788293259723606
Sor-CPnd_014-Ex1-1F-lcwgs-1-3.1	39.4140816369402	39.52003694969805	39.670622418341914	39.63937117311241	39.5945904828151	39.31821928907251	39.51134495337154	39.2891806547644	39.158779420269184	39.45902092531939	39.6339921396168	39.651965081668685	39.59404204017271	39.5503513019107	39.54346172436509	39.52056184190062	39.498720862571595	39.454555837292084	39.41166671832063	39.36929823363224	39.35516356110158	39.34988788577622	39.327732536336214	39.263918832749766	39.128019418373846	38.900702208174025	38.56377168018163	38.05521052067856	37.449691145402014	36.80219524011699	36.13910913207869	35.45415453779765	34.80069682925357	34.22462515000453	33.736838342150776	33.347669547387866	33.038065517888775	32.91315605755464
Sor-CPnd_014-Ex1-1F-lcwgs-1-3.2	38.643618071024925	39.056883826528214	39.37869832574271	39.35549680924511	39.4659766325	39.4623777484894	39.47729478547104	39.51330924845554	39.536088364264636	39.5166196489986	39.47951530934021	39.52808569873166	39.44804826672059	39.40847241202569	39.38729050588512	39.35317522572861	39.32633330108493	39.27654627713234	39.212810045072715	39.10969137337027	38.97447714491047	38.76644936518848	38.50685060627781	38.144984382761336	37.70303113942774	37.15900776533362	36.52355638394489	35.81229112526169	35.06450124454655	34.30706261675719	33.55197379533142	32.844351883889175	32.18839733887567	31.63888185149413	31.169798991344084	30.83355259420812	30.572876506297906	30.489162794110847
Sor-CPnd_015-Ex1-5F-lcwgs-1-3.1	39.43875514113261	39.55749935660487	39.69549851394359	39.670296715856985	39.62888881386875	39.3590057122965	39.546984943019524	39.34498123303004	39.254202674506956	39.511637888892345	39.66679787396821	39.67910940961537	39.616771677812274	39.576897314137724	39.533947806735064	39.5033684968317	39.294976081484734	39.146480749223215	39.1198445855505	39.10700062125444	39.05552673125901	39.0793373052113	39.08588498506491	38.849462551334604	38.39507179062015	37.79274890403614	37.10994213170507	36.29831594887738	35.48414029915791	34.740928391766474	34.078098040702905	33.518775168587055	33.0604865075548	32.74935745981027	32.59818823439663	32.593456529068526	32.6977223154859	32.78342202029139
Sor-CPnd_015-Ex1-5F-lcwgs-1-3.2	38.50030536606881	39.056694181033635	39.378942850290834	39.30698255796365	39.45750501234398	39.45698547351908	39.46765816011354	39.52440933696762	39.51523125615719	39.50406463501411	39.45977870715065	39.53476793274844	39.43442240654768	39.40350962725172	39.38716059536957	39.355514148335565	39.32540746531256	39.23107122767682	39.1196800868441	38.93639906544392	38.699218587301594	38.34686832080229	37.92327485708297	37.35020424233045	36.68378990639094	35.943037412494974	35.14306099999605	34.322650095204935	33.537716984184534	32.81970994388542	32.18401486450997	31.662885943909977	31.257327974557064	31.003570481250783	30.864728399570517	30.853557569505305	30.922014811021587	31.0200673515226
Sor-CPnd_016-Ex1-1B-lcwgs-1-3.1	39.54421003334714	39.63056556300651	39.72258551341784	39.654700721091196	39.497261968415195	39.39131784989695	39.16805119568084	39.076081920405755	39.020715086142985	39.386051373893395	39.57912268345537	39.62062014272696	39.59701392511764	39.535291049446585	39.545543678993894	39.49907555857719	39.4687665496924	39.36209988569109	39.256127660963145	39.20852789578793	39.195041013126904	39.22597997292628	39.25931423746938	39.22826011417498	39.18347348873276	39.13981934763708	39.087470592553764	38.97447215523704	38.836542670338794	38.68261687403076	38.5346725828972	38.365824608156004	38.18841173578184	38.002616296314216	37.82151773232464	37.66005345477241	37.48464108085368	37.386410857512764
Sor-CPnd_016-Ex1-1B-lcwgs-1-3.2	38.03140359182767	38.811959612016366	39.239853665798876	39.235637534443725	39.3785988904544	39.406593055117504	39.40544851668529	39.43002006065724	39.480927882734335	39.45253323456846	39.41607938065189	39.48921223801542	39.39814549991047	39.36660287629875	39.33158335862509	39.28585085727688	39.297377021964174	39.26941468168643	39.242832424271036	39.19837109922016	39.15554875000581	39.09254416320632	39.029309549269655	38.949716901402326	38.87470202745023	38.77145922353198	38.66731854015827	38.529662241221345	38.38519690313948	38.23408120805527	38.05537485032969	37.905571371406616	37.75152621366327	37.61279782074925	37.44541412755832	37.309238781991624	37.13826654951748	37.048155022738094
Sor-CPnd_017-Ex1-3G-lcwgs-1-3.1	39.61156894421524	39.628239775327216	39.698925573110195	39.61905343117669	39.54906541787042	39.26624853332842	39.529117532928865	39.27909421587333	39.143871414211084	39.42945318338259	39.59947032861504	39.61558293214564	39.53839369092293	39.484816278874284	39.479613063538686	39.454477623111174	39.42003194148744	39.368157768379305	39.3234056027718	39.2870715275147	39.2682193714643	39.26198490897137	39.23574176447356	39.140116274383594	38.93618910650195	38.60724106841627	38.15386815558061	37.52608458852018	36.82472874492063	36.10619082217666	35.391029439365866	34.66811504923065	33.98609082943084	33.41356856883944	32.9462685226659	32.596673433410515	32.34721479210974	32.264188572224725
Sor-CPnd_017-Ex1-3G-lcwgs-1-3.2	38.53615410213216	38.9565013132396	39.286477374395915	39.27380441078088	39.402240509958396	39.39322227889962	39.40903872703846	39.44933059900076	39.46369160229048	39.45034618630846	39.409414102846064	39.46965247799849	39.35996490351344	39.312914885262806	39.28760350181873	39.253960157197255	39.23891887161572	39.191945310278044	39.124613023237615	39.02800096262017	38.91205267236486	38.7403958487581	38.549831599043365	38.31842830379648	38.06876055744459	37.77670528278119	37.42431675269988	37.04036211099379	36.60808716088078	36.18983192145203	35.74927198971055	35.39622021893852	35.077632092558915	34.85456121907323	34.64567126060639	34.52609172756928	34.44060921420947	34.44069350104725
Sor-CPnd_018-Ex1-1E-lcwgs-1-3.1	39.549505036537866	39.5409656380183	39.64952692735439	39.603366125556484	39.52301692853143	39.19473212350821	39.44086234416544	38.847209800925576	39.05575733974877	39.45021656507788	39.61707571692425	39.63460324270095	39.58640921306365	39.54497462755361	39.5358775522327	39.51610664677792	39.49545430044541	39.446763492278265	39.39523572229244	39.35563794129521	39.34374940185269	39.344589745197496	39.31522780199701	39.21637723487086	39.0044634824879	38.643400182826824	38.13378531819237	37.434234904961954	36.657183344938765	35.90064543807485	35.19150134700025	34.49706964469775	33.87446648559991	33.37137248819381	32.983879954722305	32.71728835485563	32.54155486399643	32.502753072689615
Sor-CPnd_018-Ex1-1E-lcwgs-1-3.2	38.66710536303004	39.08510335435512	39.40052163945715	39.36863805019927	39.47299938287698	39.47128331886779	39.49036595064996	39.529857423681904	39.54429656226177	39.525220442722514	39.487182959924404	39.53617042715693	39.455979812047	39.420939985061445	39.39913127559659	39.3659556221447	39.33762727749745	39.27532570564882	39.18285696056463	39.03602339567266	38.85382403963668	38.61914727019318	38.39208120062878	38.13197957883829	37.85925362216011	37.548735095819076	37.18082522878103	36.75942907870463	36.30488385216769	35.87816623160044	35.452046065318235	35.14002224282966	34.862544108895264	34.71025469250003	34.55808073641147	34.486966515851044	34.446741271449426	34.459255250220835
Sor-CPnd_019-Ex1-6G-lcwgs-1-3.1	39.6569638741298	39.680682564690166	39.74653108992086	39.66837193974434	39.62013230560173	39.34411283906939	39.59207240535912	39.33752263556013	39.235770967523464	39.524205314378335	39.66204304601828	39.66927240606995	39.596169167775535	39.54722502002671	39.5310612111355	39.49268385919443	39.36167777703842	39.273180718994844	39.233758009448934	39.20465065859583	39.17067118545275	39.17398196500455	39.15262485617991	38.948004052532866	38.542143399716494	37.966379023186356	37.29474602264751	36.481690919534394	35.64700570857424	34.8701772163696	34.14860810186698	33.503956629763294	32.938646935020266	32.51314287113384	32.23915602903117	32.09678745349727	32.07786790646319	32.116593447668045
Sor-CPnd_019-Ex1-6G-lcwgs-1-3.2	38.351523263856734	39.09079419100098	39.394318713820375	39.318595545807504	39.4724800359839	39.444473448149836	39.458398056900926	39.53837930672939	39.5241277152059	39.52056538006712	39.46953395279719	39.542190275145344	39.44066713963329	39.400548920354616	39.34956030097421	39.308502282659624	39.30825195128351	39.251421832063144	39.16415091992535	39.031762308798506	38.871977556660724	38.64541158857748	38.4077912728377	38.12758915167518	37.83372862838822	37.51085924398661	37.122114164771276	36.68599176974884	36.208422807680236	35.76005885689903	35.327339057243115	35.03364664575109	34.801475924412486	34.68340469627032	34.587382572015684	34.568909743474514	34.569728780032406	34.598822348640645
Sor-CPnd_020-Ex1-2E-lcwgs-1-3.1	39.55627870252298	39.558935847194	39.662410105894786	39.609581697318426	39.53397045944638	39.21798987846506	39.46885258859286	38.94081504549309	39.13083990577227	39.47571945765659	39.62780062838108	39.641853728390195	39.57827377251057	39.5261218931483	39.509576290533545	39.494025771780706	39.46418744978438	39.41993458883419	39.383594233827885	39.34125280166896	39.31958089428894	39.30228331973228	39.27003103225446	39.21070038885967	39.086914209964036	38.89641388896247	38.63064819614773	38.242804565748145	37.793323284953956	37.32027141555598	36.82240208400866	36.290774570284626	35.75086964729348	35.24273243604249	34.77336787621406	34.35172644191091	33.975700008366644	33.78887539294839
Sor-CPnd_020-Ex1-2E-lcwgs-1-3.2	38.5616324286008	39.061224733476195	39.37770176325934	39.34657196804868	39.50102405178405	39.454304721519044	39.46709853676256	39.5187732736653	39.54054958328656	39.523901058359215	39.477692875278585	39.5339313758754	39.443967486976	39.400652698998904	39.378398237875835	39.343736929223674	39.31600649655054	39.2672396176907	39.20650556465796	39.11835209941757	39.01180816592691	38.87155004450297	38.72260420358605	38.54553194817054	38.35737677596696	38.129482659818635	37.86502297042708	37.55490142708008	37.22134558310661	36.88841198187256	36.522115305783956	36.199868706781984	35.87385044227584	35.609143974777304	35.33198471469119	35.11280340955386	34.90584944332399	34.810954499340546
Sor-CPnd_022-Ex1-7C-lcwgs-1-3.1	39.55563843426424	39.54345906827775	39.6666930806662	39.52892699012619	39.6660162937053	38.89860900146038	39.61458931326903	39.05880488423562	39.095404351677715	39.43000868647343	39.62503827517732	39.64017242025305	39.58562149628703	39.53060317372818	39.5274751388996	39.44257797477262	39.393683982048245	39.243343176854786	38.97350530856791	38.882969128781596	38.89060710998832	38.96581250395671	39.059670516937764	38.957726633192664	38.75648826163297	38.41447966646009	37.944413675963105	37.31224534356359	36.63924012091296	36.038708811925574	35.540428191030074	35.08601253832363	34.716306625190946	34.45955307512788	34.29801912230012	34.23108125276432	34.19991201554176	34.22514460588088
Sor-CPnd_022-Ex1-7C-lcwgs-1-3.2	38.39008639531163	38.9614864506949	39.3075896608141	39.226605414898614	39.39180280284117	39.408128161874174	39.42118758777451	39.48224354769873	39.47258183782005	39.45997060294117	39.4134142491756	39.50693854137013	39.394160166167026	39.36581435580778	39.32038414281475	39.32127165319911	39.30018501284022	39.22063767414398	39.12930351881847	39.002593452802124	38.839059974565046	38.616838321775056	38.3671838642619	37.99514121656278	37.512461708672824	36.920520706063435	36.243790937213205	35.52776062542608	34.82377173825507	34.18371964525424	33.575645273193246	33.088058230810404	32.682107630444605	32.38305719937243	32.188432520054896	32.10281115296677	32.08960693815377	32.119666615130654
Sor-CPnd_024-Ex1-5G-lcwgs-1-3.1	39.659552192243645	39.6779247955883	39.74741565851849	39.66977385499442	39.62049358510433	39.346633120481485	39.590408107311546	39.32993207991542	39.225219711710125	39.517020467527026	39.65894191601143	39.66684765870149	39.59668021399451	39.55208562432803	39.5174469447897	39.48683248136234	39.33203582223351	39.21962272808196	39.191024616264954	39.171619237758094	39.128503792179856	39.13458520411665	39.12823353078019	38.927630747074524	38.52448627292887	37.94683342953162	37.23891339799671	36.358793491049916	35.447002342906416	34.56004819086979	33.743150620669624	33.02632774366541	32.419712373178214	31.965086285062785	31.681471346556208	31.568054386459874	31.602545204633827	31.665443439878608
Sor-CPnd_024-Ex1-5G-lcwgs-1-3.2	38.50272001920209	39.112168758219816	39.40396951403672	39.33823618631725	39.469526469007626	39.46677081057533	39.481472075917196	39.541249176568016	39.52743110107982	39.51638366907698	39.47580056485693	39.53766178138465	39.4368557380321	39.40202397674798	39.34491991782091	39.30446425285753	39.31036279410239	39.2576908629965	39.17336811280165	39.04186180664706	38.87931827291296	38.64250271604087	38.393577777564126	38.09869898575723	37.77858045796577	37.436271586184446	37.020698137709324	36.561691507486394	36.046441862138174	35.55778312716177	35.07837746354107	34.7465773575185	34.49120990710925	34.371247396264145	34.284683651273944	34.28934877677874	34.327028493813195	34.37953426322439
Sor-CPnd_026-Ex1-3H-lcwgs-1-3.1	39.6241950981939	39.61719917153408	39.670039821102016	39.645973072851675	39.64001940076206	39.40639075615264	39.571641570136016	39.11947577822183	39.11330109583256	39.44206949369715	39.61249159982064	39.628524737061845	39.56480186827839	39.51497320359139	39.50717542993437	39.4885491982097	39.461579557297355	39.41699900632583	39.38153960449623	39.342481799138966	39.32510114448274	39.31732332629397	39.28938553118657	39.2260049754355	39.087849640430896	38.877797893145626	38.58931075923317	38.17657603063932	37.7079561876299	37.215062750266476	36.703729274070135	36.158928419264385	35.61013933155635	35.10788629116023	34.657979234974675	34.26538888872899	33.924963601766656	33.76868629436984
Sor-CPnd_026-Ex1-3H-lcwgs-1-3.2	38.52022161384791	38.97051030092026	39.299219425462184	39.30722481274087	39.45383749847041	39.421261243157645	39.42607201115622	39.4649743592293	39.50496117536313	39.479101260831484	39.43084489167486	39.49002530977856	39.39721825307843	39.35434836020214	39.3320995132453	39.29825479487253	39.26758247264474	39.216693307391225	39.147873700376145	39.0534767301186	38.93959073323176	38.78847173994327	38.63473146332803	38.45155725479392	38.25722936987905	38.02688409754142	37.75773590560017	37.4486705323409	37.11560371963649	36.794856443169785	36.445144397611315	36.14157058082536	35.843258379094415	35.60678353349418	35.35802117808956	35.17419545142662	35.004503534027954	34.93459673775192
Sor-CPnd_027-Ex1-3C-lcwgs-1-3.1	39.55567384940614	39.52538010145266	39.64956982601091	39.50631738940243	39.64681041858419	38.832454506746814	39.599869168539115	39.00757052314737	39.04583654007606	39.406489051060326	39.60942168633449	39.625046066005055	39.56657081343879	39.517823710434136	39.50872196384142	39.48800863371089	39.452787799164966	39.39840576474303	39.35177629568493	39.31312594312838	39.29336245231773	39.28972291921704	39.27289104383619	39.22248363422991	39.12843846896595	38.99786990938319	38.82892118315057	38.57405290151181	38.28443371503437	37.971696332603294	37.64751032319232	37.28775148724266	36.913713446319946	36.547997553830484	36.19066755004613	35.860420824201775	35.53129782113897	35.35272300262574
Sor-CPnd_027-Ex1-3C-lcwgs-1-3.2	38.293470410126766	38.84004542678119	39.218024510502026	39.24955008473814	39.42115565119429	39.391171863077155	39.38678653237259	39.425574126840225	39.47574318425273	39.45413741747001	39.40492257013888	39.47924365429171	39.3768909097995	39.33785767853559	39.315302072432985	39.28877351697331	39.26791209087396	39.22747883185571	39.18283638382134	39.12343096036193	39.056139517620906	38.96091818043742	38.8527858323223	38.70090747935635	38.5171360439582	38.267664195850905	37.97385068094643	37.6217753523289	37.24153505514626	36.84752256132451	36.400239007808	35.96596488020289	35.51923182409725	35.07953314439503	34.646554291960314	34.25927131392739	33.87397054908056	33.668792435086
Sor-CPnd_028-Ex1-3A-lcwgs-1-3.1	39.56293682827251	39.62035641618823	39.59737810371643	39.569795707368854	39.66326533133737	39.20823199917368	39.607543462284916	38.755461369630936	39.010444588644674	39.420260914560046	39.5984133010382	39.61531465770099	39.567810040520484	39.51783673293892	39.508057848564384	39.48284142548684	39.44580838095483	39.36617828914497	39.30719940140979	39.26574335247089	39.24999556691366	39.25965813342849	39.25801651757099	39.21186248437671	39.119739688379234	38.98906341290319	38.80890804236983	38.52613177386219	38.1900911772686	37.82890354503586	37.45538946170866	37.05586287776988	36.64768484660384	36.26136069557448	35.90779267389238	35.59307125902124	35.30639640490041	35.165688405922445
Sor-CPnd_028-Ex1-3A-lcwgs-1-3.2	38.26816880916033	38.848871688096544	39.221243626511736	39.248032910600415	39.42072104618861	39.391283178340046	39.394392763542534	39.42742751014248	39.48121957813031	39.45724050506543	39.40667018875459	39.482975772219426	39.382322393609634	39.34316328633537	39.32660206650024	39.29707278910321	39.27545004227988	39.23107726963396	39.18682781289707	39.12011370841758	39.037874174479754	38.929408600582875	38.82379886341003	38.69124564784096	38.5547224032962	38.385514235544655	38.19072325531859	37.95640045250099	37.70791703753198	37.457169694294954	37.171845938141395	36.928727733872485	36.67796916212691	36.47611181261833	36.25562423242617	36.08403613484292	35.903916545296305	35.82303198395193
Sor-CPnd_029-Ex1-8E-lcwgs-1-3.1	39.548175494250685	39.543913637545835	39.650339903805644	39.59455450585921	39.512493763484976	39.19021850697281	39.43197564737041	38.86565685796864	39.056131639003766	39.44348972302913	39.61282334453036	39.63167817018268	39.57662560762522	39.52866264941078	39.51863428929371	39.484716995922916	39.45027581331116	39.37972056016908	39.28774900087549	39.237995318492686	39.225393286909	39.2397582906271	39.23006984164196	39.14694136393774	38.978425621545185	38.70720426097755	38.33326432933195	37.80767254358234	37.22666105960313	36.652292451344195	36.10931974548426	35.57338093476294	35.08582493800117	34.684154716856725	34.369503855466704	34.152131756224605	33.99592584316584	33.95068958822517
Sor-CPnd_029-Ex1-8E-lcwgs-1-3.2	38.567371286022514	38.96419035199221	39.30452142760331	39.317910685045916	39.42869947140727	39.428394843748286	39.445247977024714	39.47454761913484	39.499604452926675	39.47648964610296	39.44370652297345	39.49365854301821	39.39683606299155	39.355810087585944	39.336184300466314	39.299889446094895	39.27092402990597	39.20790030367524	39.129638278465436	39.006880892636694	38.86062925612387	38.676060764353146	38.50336249445948	38.29485542640912	38.08163282769635	37.827152420060884	37.533390927839584	37.198835791918356	36.83679676470481	36.50317617193367	36.1546795511907	35.89562111293862	35.65670669514156	35.51244722681133	35.35926273952431	35.274106165449886	35.19942758133111	35.182994772683145
Sor-CPnd_030-Ex1-2H-lcwgs-1-3.1	39.627858768782595	39.624859859638946	39.68251666235789	39.67206934819757	39.66683292242309	39.417467573821966	39.598696647350735	39.199273603167896	39.198412898588195	39.48782200755402	39.63516851523731	39.64539910839833	39.5744522072501	39.51976455158237	39.501379271207064	39.48103934018954	39.44356438889975	39.39030197173862	39.34679862035046	39.304242233165816	39.28150506649179	39.269457030979055	39.234262221689754	39.146001286327724	38.9562949978246	38.64411246539841	38.21225170406896	37.60195515508446	36.90265759090995	36.18253293062027	35.447344363803744	34.691985547729686	33.974618862356635	33.35966397840987	32.83701609801313	32.42798122213745	32.122156868926986	32.01318706610085
Sor-CPnd_030-Ex1-2H-lcwgs-1-3.2	38.60009016905121	39.09541682693217	39.394867300162055	39.372560548833164	39.50893367215038	39.46280022195459	39.47518396378105	39.52476811420573	39.543935027838906	39.527023538536234	39.47724561923438	39.529572674363614	39.44152732500583	39.40032372581042	39.37320938767017	39.33632324659029	39.29794452396416	39.237079279404256	39.14201984980233	39.01520887061687	38.85025549999685	38.63494939813735	38.41142668877805	38.151392449760706	37.86902573286	37.557774400817195	37.188600929434834	36.77521719391391	36.32691861454938	35.89615003373457	35.455500942676444	35.08512002572655	34.75038369138223	34.51597064146137	34.302661815613746	34.177373369232804	34.09775649311751	34.095509833471006
Sor-CPnd_031-Ex1-5D-lcwgs-1-3.1	39.48880527869578	39.66322714505368	39.71374970876061	39.62784577878977	39.700076149463015	39.351336616888176	39.338295760846506	39.08247391141071	39.16679199859622	39.49520493458523	39.64615529405488	39.66498530986412	39.60987273828384	39.56297820674892	39.54612919400357	39.531889819604544	39.47650389354247	39.43121177678329	39.410624929925405	39.376322576961186	39.35278194786742	39.33946700377496	39.308824193105366	39.206985577450084	38.99526319496805	38.686167564663485	38.28215670950959	37.76433445911165	37.20782921513536	36.63579358202155	36.07319518061844	35.535338327437685	35.03705315332551	34.59954320325404	34.25457644935102	34.00868522346137	33.84645904163379	33.774645104739896
Sor-CPnd_031-Ex1-5D-lcwgs-1-3.2	38.50655989903423	39.03479942931667	39.358347202372094	39.33034570689167	39.4930179653547	39.45694787783909	39.46726185787184	39.51896113293062	39.53561114841476	39.521577473430014	39.47561090667044	39.5388347840077	39.449661937230665	39.412921634408384	39.39315084971047	39.35988693034304	39.336657634598446	39.28455362952015	39.222746373939295	39.12422635771742	39.0084211219521	38.8415145698889	38.67050563326802	38.46636845419924	38.25331594441381	38.011441108789526	37.73321476190894	37.417851118005004	37.07975493794048	36.75299206536767	36.40757910145301	36.132719736215265	35.87256592847119	35.688286528714016	35.504247306113754	35.38026264270731	35.2658210450107	35.22371945320768
Sor-CPnd_033-Ex1-2F-lcwgs-1-3.1	39.43771227308955	39.54608988548177	39.67693031179287	39.65169244614125	39.610671331150925	39.3322826682937	39.54058085332955	39.339601576317	39.23779856848219	39.489976614450576	39.64607991427961	39.66056129425748	39.589119387690616	39.538521446413	39.52070626230285	39.496115680548236	39.45881316226066	39.38658934915887	39.334180801853506	39.290765138030416	39.26984541898558	39.26442464452208	39.24538845590344	39.18046995165678	39.05427021866595	38.85996083165758	38.59135006198346	38.19541301883051	37.72330840380676	37.21805412788375	36.6767210762692	36.09033817891166	35.48765079161534	34.91338146739132	34.37383456155574	33.88000559482556	33.427222112064904	33.19881093984627
Sor-CPnd_033-Ex1-2F-lcwgs-1-3.2	38.599845617496925	39.0824289848472	39.380121621285525	39.351096524203214	39.49807934567009	39.46301630919032	39.47120136557553	39.51984987978655	39.54062420638244	39.524073836181586	39.475685896635824	39.536001675709585	39.44582294476296	39.405884287051066	39.3852506068857	39.35166568133543	39.323767489819446	39.27370092006587	39.21448284029123	39.125781125039104	39.01394749854026	38.84411460630522	38.631813884887606	38.34004437070876	37.98368556167645	37.53914728195753	37.01941655461424	36.419033359261505	35.77927089748349	35.104540045785384	34.402581925290825	33.70586204008971	33.02471657941675	32.403328327957176	31.822526383184858	31.340062670260558	30.91168193644853	30.719986054007407
Sor-CPnd_034-Ex1-4G-lcwgs-1-3.1	39.66685723345663	39.672473874031965	39.741783538908415	39.661413611517744	39.60484390609583	39.3306863329131	39.57509701512066	39.30588001680928	39.19303369091544	39.49528973694702	39.647476806420784	39.65822267991091	39.59503504243113	39.547857108772384	39.53817791672631	39.469810433762646	39.325904861300316	39.2111824222917	39.11511163858192	39.086817488428224	39.0640904745852	39.117972049177936	39.10755177090116	38.89990588648192	38.49587498325998	37.91321286679874	37.19464504241573	36.2716448007438	35.30368434258306	34.41926417821536	33.60417412078363	32.871509279740664	32.249685965017605	31.840833321788494	31.613928677531128	31.543451475507243	31.608037916326094	31.705194099510344
Sor-CPnd_034-Ex1-4G-lcwgs-1-3.2	38.5447334758736	39.07271924031888	39.380025583360656	39.31983356961768	39.43203092169367	39.45718081217164	39.46808160199249	39.51146310038929	39.50070208007192	39.491087539117764	39.4540924602973	39.51275230473446	39.411301195583405	39.37527292766312	39.30966660047626	39.26351052350452	39.28002659930639	39.225022435468205	39.134076820890314	38.996308915231644	38.8245001777905	38.57899424451351	38.32550716472637	38.026035302574805	37.70559949264286	37.345697208150355	36.91559430516239	36.43190931606841	35.898721416905644	35.397122410685284	34.92603650323794	34.61695859713288	34.38653607146101	34.30106794367966	34.2510561987313	34.29308470370559	34.36530625376169	34.44537644637577
Sor-CPnd_036-Ex1-5C-lcwgs-1-3.1	39.56280103364693	39.57369104866857	39.68660896525633	39.566674703952	39.69788772747606	39.017450165065576	39.6497552051007	39.14604234896304	39.1962883350784	39.489792568208415	39.65488821258852	39.66394690955425	39.60200981972793	39.55912860491758	39.48953286667786	39.456602528581996	39.15635463241332	38.95432251640695	38.91392432163326	38.912511227211326	38.8427657736517	38.89768619015012	38.99260547293947	38.85212942192749	38.56791930291679	38.165348510795084	37.69991138174079	37.0282866493023	36.28884228997732	35.53406834376195	34.827132944230144	34.18111800966692	33.611875586109115	33.14470841700942	32.81897513521329	32.63087883402129	32.57246978110789	32.57832077148081
Sor-CPnd_036-Ex1-5C-lcwgs-1-3.2	38.49528611161202	39.04745599380896	39.3615533785968	39.26945381100823	39.42941112439705	39.44319784825304	39.455480518072186	39.51384123225961	39.49411502300074	39.4795071980257	39.436031821077705	39.52233475060659	39.40346923191621	39.373871669883634	39.3242309201076	39.32739101091935	39.307242043190215	39.2376834708914	39.168131667985904	39.059557664510024	38.9138289586266	38.70630085106225	38.475938758350324	38.14327013452937	37.69907914069782	37.13439902533881	36.451077931408136	35.6871364192949	34.882007650893186	34.09956742426639	33.31601691855409	32.65224984154772	32.07321391323922	31.608310974755664	31.26884449988848	31.055336783478406	30.944242922636267	30.936984917150923
Sor-CPnd_037-Ex1-6C-lcwgs-1-3.1	39.52589612228182	39.57202748270089	39.68798423171113	39.56162847141968	39.70272297392076	39.05690870797351	39.65088692199915	39.17808782505023	39.248888185480055	39.47166314413225	39.65893007091925	39.67017041947241	39.60551429911989	39.554280812244464	39.526788730387544	39.29482024454536	38.234095015946906	37.59620873129319	37.38663934582192	37.46773222287827	37.30302770793266	37.609178777237815	38.09804263709675	37.86974924933806	37.49941641814226	37.119995905413276	36.98931693413984	36.62960218051493	36.10396438889546	35.593133602264295	35.119506148001314	34.684099418807634	34.30232227672002	34.02246877914499	33.86843868658756	33.81644109318976	33.8340569610703	33.87644879561478
Sor-CPnd_037-Ex1-6C-lcwgs-1-3.2	38.3512981359158	39.03768539030512	39.35368984066069	39.03416369172423	39.22870523592327	39.39206095624235	39.39408789467	39.4827445472008	39.370953479683344	39.35555860060124	39.32813725951494	39.500267549382464	39.30549985891671	39.310898813410596	39.17908911080356	39.28672252080223	39.286091871847105	39.146060604898494	39.07106836706082	38.967835929792	38.809996278587064	38.59454290119464	38.3912814802698	38.05309675983376	37.59953649750291	37.04883063116667	36.419480025836016	35.753453192428026	35.07339756150841	34.41494217355	33.75314391543086	33.24354705079868	32.83800649676393	32.56714988001651	32.40516926823865	32.36081409706029	32.37239410751211	32.41200923406006
Sor-CPnd_038-Ex1-2A-lcwgs-1-3.1	39.5790903298486	39.64031800338455	39.61838292648258	39.59041393195401	39.6844431652397	39.234492420122585	39.624676802399875	38.834306291117926	39.07591446834782	39.45945231964687	39.624192527542775	39.639892480798366	39.59287776515074	39.54234447585097	39.52724451990809	39.50922386609461	39.477556392067456	39.40976645477284	39.35925076003856	39.317996397640016	39.30034803012292	39.30010643014894	39.290464155669476	39.249426246028314	39.173900385623654	39.073486644607456	38.94158748522884	38.73193333017461	38.48433844645927	38.21830960636403	37.94193323824159	37.64152294824949	37.328788259163424	37.018604470914866	36.72819063796565	36.465211569699726	36.2103373446774	36.077138874725705
Sor-CPnd_038-Ex1-2A-lcwgs-1-3.2	38.27038985964657	38.89740077068157	39.26399825185828	39.26997050364444	39.453234168250155	39.412770344953906	39.41776838960931	39.457857409058796	39.50312833920172	39.48487960663982	39.43505643626602	39.510991129878015	39.41430506062983	39.37765068705788	39.361086167404366	39.33390649563354	39.31330543755521	39.27317794767314	39.2334696723578	39.17804520700133	39.11195950986972	39.02458574628042	38.93503735662869	38.82698898854586	38.71612860156442	38.574966780357165	38.41994324196841	38.226968593559164	38.027230164213584	37.82688675902871	37.5925249403673	37.384485157414076	37.16939241467732	36.980534555146725	36.76884245721402	36.59405945803364	36.403823451830284	36.31026601879818
Sor-CPnd_041-Ex1-7A-lcwgs-1-3.1	39.57887424656627	39.62473264523536	39.61500981906708	39.58622040960314	39.68068398383425	39.26038574355798	39.62382929559813	38.8254568439419	39.07666081890702	39.45180819559963	39.6188515205611	39.63376512138598	39.594276987017786	39.54804065288748	39.546191081629985	39.48671927534333	39.455296152222516	39.33987561457022	39.12871679235043	39.05428821852514	39.067026434624424	39.135907609629626	39.224427598946775	39.190056964645464	39.125752050758976	39.02745872296356	38.878489895044126	38.611787868249024	38.280829104703315	37.926020255708366	37.579079968604375	37.211565981364856	36.84201939509468	36.48274134024484	36.15059576413019	35.855294021092746	35.56542656829613	35.41843384179671
Sor-CPnd_041-Ex1-7A-lcwgs-1-3.2	38.77976780207518	39.0316022740515	39.35450879045689	39.25739558711038	39.39840405585736	39.40083036977822	39.42643929476835	39.48891857859992	39.47470337620834	39.46845315799426	39.421203993102395	39.511246334570146	39.40974066871225	39.38325301543527	39.367420602946495	39.34823449501066	39.33056516201348	39.272557940657556	39.23526564079218	39.17503293048935	39.08849264737556	38.98735244760254	38.897031041492184	38.7757628877806	38.6425441064513	38.47652125257833	38.281802169490106	38.044047890566944	37.78435183955041	37.510283630701515	37.20278026283632	36.94267376529369	36.68048726241871	36.460053582043734	36.213137576216226	35.99951725376269	35.76969748839555	35.64555355642484
Sor-CPnd_043-Ex1-1D-lcwgs-1-3.1	39.447582078177696	39.63189231115185	39.69121282290259	39.603702501192544	39.672198854070466	39.3186828861552	39.260798069468976	38.98978425984424	39.065478079789166	39.431009922378315	39.61049835347637	39.63848830563132	39.588722419289624	39.53815997069614	39.53678177616855	39.50766181521881	39.477735917368946	39.409846694193924	39.34665008862477	39.301467435522525	39.286894383070354	39.29335699085103	39.28616619109857	39.22768192222315	39.10857572220654	38.91725204004672	38.64198808005384	38.23209835137516	37.752670956511125	37.25157988079245	36.751482113716506	36.23204481081899	35.73249542026205	35.28417339139419	34.89543949624196	34.581103133456	34.308892561075126	34.1919538039959
Sor-CPnd_043-Ex1-1D-lcwgs-1-3.2	38.53114716803795	38.978994322478606	39.31979289300637	39.31631558541345	39.42917140029162	39.43876809039424	39.45159761988993	39.48428039169059	39.51086196456666	39.49052629154469	39.452994442490265	39.50612122107219	39.42019299249078	39.38294416083664	39.361378186446	39.325005601554416	39.30138128573706	39.247235135373764	39.19325744582453	39.10375678929609	38.998228837994155	38.84822533260303	38.694512335441075	38.50641854289275	38.31318182635524	38.08255961841949	37.820842267703185	37.52110999068798	37.19239417001935	36.8754620398467	36.52824126950517	36.243493882940946	35.96424206069317	35.76010864894145	35.54268178382586	35.39162043826885	35.25137242629032	35.19347092111375
Sor-CPnd_044-Ex1-8G-lcwgs-1-3.1	39.6545575200613	39.65803139280165	39.72983763228951	39.64666566054948	39.58653342323043	39.31659582319703	39.562411451898186	39.29251036538889	39.17056926155363	39.47373895718423	39.630820886124866	39.64595604115882	39.579037944959005	39.531083865803524	39.52074754556914	39.4609041840982	39.39355519838479	39.26392763857537	39.10706320453612	39.04675495407339	39.03561581517452	39.08185672167963	39.10171678659139	38.97099983681149	38.71148606975385	38.286168699514725	37.71200254158071	36.94038992104025	36.11996075394741	35.35737292975613	34.6840719552865	34.055568376025846	33.53354757094903	33.158416902289886	32.92081930062983	32.81303562739774	32.78890743080893	32.832253503221985
Sor-CPnd_044-Ex1-8G-lcwgs-1-3.2	38.576892880169574	39.00494900414974	39.317744053813755	39.30223268976501	39.387913918768334	39.41457417860845	39.436784577166286	39.475029201466434	39.47648315802477	39.45540500793459	39.426413658871354	39.47993114207794	39.368834465115405	39.32838493275413	39.257367086095826	39.213321390617565	39.23153864623565	39.176191895329495	39.09066680653541	38.95786280956155	38.7973932935281	38.570124230531725	38.340238315092414	38.064513650708186	37.777933006811644	37.456248829490896	37.07342736513546	36.638714406702746	36.15808871454512	35.70852124641907	35.282857356850336	35.0084698057473	34.79949752003586	34.71511626227814	34.64848473738434	34.65636127318768	34.683467776178986	34.72658605807401
Sor-CPnd_045-Ex1-7B-lcwgs-1-3.1	39.61228460935162	39.62005449724507	39.73006849817406	39.66506163646347	39.51742418586151	39.401915200225176	39.22777377300259	39.130536693468194	39.07929851315288	39.40974072182421	39.588847259048904	39.62452488352932	39.588918320866405	39.52279267326563	39.53145431924365	39.4726873524501	39.4413658074717	39.335482477034574	39.15866283529714	39.08912311501179	39.08740914097462	39.1311593350649	39.18616742573858	39.125933433808775	39.00468925403923	38.81018063775256	38.539950682900425	38.16014436351936	37.74857605464525	37.36123074046348	37.027463063382115	36.69938905337466	36.406355424055036	36.159989950253426	35.96704783243287	35.83460763371085	35.71616780235631	35.674628882879155
Sor-CPnd_045-Ex1-7B-lcwgs-1-3.2	38.284715729604336	38.89238115563496	39.26901308317107	39.22757753534756	39.400760899944565	39.40331331092568	39.41039438482799	39.46103228935341	39.47876487227043	39.46374050113943	39.41445095413126	39.50188764766553	39.39918776111336	39.368248714379064	39.322768226150345	39.266878883044335	39.285889092027524	39.24379208455266	39.189693624787	39.10398696109803	39.00243238885977	38.85530555260061	38.70619000958723	38.527807073937986	38.357100598557885	38.16108805520555	37.93491166992959	37.67261890052733	37.39255611769238	37.11429617746227	36.84369812834207	36.65262532285059	36.488186625313595	36.37554340321024	36.24956031532814	36.16874532118554	36.07565691711305	36.03788823836069
Sor-CPnd_046-Ex1-5A-lcwgs-1-3.1	39.56121086580326	39.62759846283113	39.65021135217806	39.61394189810143	39.71032561730918	39.28888539638326	39.6419149158923	38.935910542179776	39.178320911212076	39.48532956468114	39.64656976427783	39.65657751747764	39.60865986295115	39.56913997075894	39.45337115326468	39.39625811102572	38.8313843280914	38.462709890979326	38.40947691403612	38.44115253011289	38.33163459269345	38.47001688523434	38.71937628838682	38.58649732786712	38.334372641185965	38.04386090315383	37.79872703050494	37.32043830837235	36.72674204784532	36.1177057264104	35.528707948896724	34.9825305790154	34.48807215234635	34.07478516412892	33.777069319756166	33.59643279596199	33.51105896214501	33.48728482552128
Sor-CPnd_046-Ex1-5A-lcwgs-1-3.2	38.63923314337953	39.0848544646058	39.39074345547694	39.23084548436511	39.371798022433765	39.45045456397952	39.46395396595572	39.52302470945024	39.47777062193743	39.46809720565112	39.42733445869024	39.53572170283403	39.416258389233086	39.40201427008517	39.386109497047464	39.36873539868945	39.34145067566562	39.237649167342454	39.181999398193554	39.07967717208565	38.912898108019135	38.727201431645305	38.57828659897117	38.376494797156326	38.15581086097124	37.90482994819242	37.61151456330108	37.26837155715343	36.875053414592664	36.460587998573814	36.03569156370351	35.73475876371482	35.47804716981362	35.335199893207424	35.20222556125284	35.14128135964329	35.08825123003038	35.07884518565827
Sor-CPnd_049-Ex1-3B-lcwgs-1-3.1	39.63332527427917	39.611843622944335	39.71982894484351	39.65950449979252	39.512548224433345	39.40596365389664	39.29043838252705	39.165918375405525	39.120901745812816	39.4217083208926	39.58254062490691	39.614399751716476	39.56255103009259	39.50065319904039	39.501466909500515	39.4705594900212	39.43373981909386	39.35163694630661	39.29198128729189	39.25502888443524	39.24038583703207	39.25060314746476	39.237661507255574	39.15082185033574	38.959512050826085	38.646773734318614	38.21659218391823	37.612569907676495	36.93494195749115	36.26041879833267	35.59635735370218	34.93675420554467	34.32008221620757	33.80064398539394	33.38317837550251	33.06175803301811	32.831941287596706	32.76088994126127
Sor-CPnd_049-Ex1-3B-lcwgs-1-3.2	38.52232438824505	38.97692431855386	39.31346487834177	39.30652485502362	39.45100522268275	39.4275069604596	39.435932251295625	39.4763240460239	39.508553104202186	39.487765178097014	39.4377101386827	39.50586715307331	39.40742190395501	39.36790339664886	39.338256376293636	39.292764100862414	39.287744395435844	39.242427248562706	39.17516762948118	39.074356066562714	38.944760379380554	38.752078370029736	38.54386201421396	38.28733289874479	38.02400577480878	37.72956797696727	37.38991029510686	37.012222975786116	36.600946026736196	36.18734405210629	35.779331089267764	35.465727798402646	35.17765559112469	34.999720403931796	34.8230244175486	34.73863295811393	34.66138699324078	34.647805939823115
Sor-CPnd_050-Ex1-3F-lcwgs-1-3.1	39.39726758051338	39.51467812628008	39.659583025377316	39.62765932869171	39.58324234442605	39.306540573954344	39.50281786033064	39.29923320207493	39.17448756085375	39.447325548901674	39.62137849249243	39.63806695966602	39.56688491281036	39.51968918256235	39.512127838627904	39.49188328053466	39.463619577906556	39.413614766460014	39.37799832975505	39.33856291031644	39.323141571239645	39.31843820646149	39.28952420519222	39.20261690459053	39.01422733693164	38.70527489230496	38.28217199344357	37.70054786204026	37.054799503306036	36.410525797690624	35.77720672123925	35.14329918177284	34.54702872584257	34.050217157959885	33.64775317500225	33.342399853105235	33.12096245806056	33.052548027578126
Sor-CPnd_050-Ex1-3F-lcwgs-1-3.2	38.51813091674831	38.96720341249084	39.30050989279615	39.30694095862899	39.45496275096615	39.41572043225473	39.42409455908768	39.465840236269145	39.50133585443757	39.48033179092487	39.431977335776494	39.496149536945985	39.39842706881654	39.35676391949475	39.337386024465445	39.30540635830149	39.27862285350723	39.22482943472234	39.14788100479076	39.031389917417904	38.8790512028315	38.646386000960675	38.35751426408071	37.9634534574412	37.49149679782663	36.92726085252404	36.28163017835701	35.57924339952906	34.862490786431444	34.15353781947654	33.467223602485724	32.84131238582859	32.27953182515746	31.82390407000163	31.45563763921303	31.207209455426618	31.03196644724194	30.987211596972344
Sor-CPnd_052-Ex1-6D-lcwgs-1-3.1	39.49494691451819	39.664278742258105	39.714490338045664	39.62034109956583	39.70383746026251	39.36606861766942	39.38169539027128	39.17033259801127	39.23352147703485	39.511330256131174	39.650150628685104	39.667367261331684	39.60332151436957	39.553187139880116	39.54158830119523	39.50325757935085	39.32327936441102	39.20102878518195	39.15536414807073	39.132767099289005	39.09284385459651	39.12100477557145	39.134921307225646	38.951628845150495	38.570307523279425	38.01828014522264	37.36613230305033	36.54510453306217	35.67602409060411	34.85646374718013	34.08191787304142	33.387286944524654	32.78340862687274	32.331351486440646	32.05078215688739	31.911820600279093	31.906347318875977	31.95588372758079
Sor-CPnd_052-Ex1-6D-lcwgs-1-3.2	38.404284561593	39.06832115516849	39.3581922671635	39.263055572429224	39.40268521531123	39.403404449599925	39.42590791193776	39.504381837129074	39.471685940093025	39.471005482878596	39.42911320603469	39.501441436493664	39.386126849850896	39.3486993176289	39.330437645604725	39.287521354434936	39.26234216302292	39.17542676278278	39.09087815094934	38.93881549074773	38.75672988883073	38.50760615917518	38.264002975682786	37.974177907996264	37.67287105402356	37.34177197915358	36.95210049419966	36.526193580813164	36.05911850667767	35.624905089088806	35.19879219676564	34.90610406069195	34.66978547512872	34.559288676456354	34.46336595544853	34.4489188602203	34.4578921192947	34.49507561668169
Sor-CPnd_053-Ex1-2C-lcwgs-1-3.1	39.55468240141119	39.552784155086	39.66811272742541	39.536341671897816	39.673230009708945	38.92272499428505	39.62223619499237	39.09674300257091	39.13790795837958	39.452740940867365	39.63117312348605	39.6438475894466	39.5795992948186	39.52611249830884	39.504008382279785	39.478418515106924	39.43036520248047	39.330640401544926	39.25754267814462	39.21528860653065	39.19277221890758	39.20019324583016	39.1975177310479	39.12195881880215	38.97550163310351	38.7529671718808	38.460514834952264	38.040447748376785	37.569230716065306	37.096187870057385	36.63059715276874	36.158226312914834	35.69971685269861	35.29359733229522	34.94326745454429	34.65974354495169	34.4214772420378	34.31897484331174
Sor-CPnd_053-Ex1-2C-lcwgs-1-3.2	38.33632757241664	38.93390159771658	39.2843393641445	39.27413382792101	39.44434117496022	39.41049689094345	39.41636165307432	39.465391907692634	39.492308093706946	39.47632716118178	39.428626612044994	39.502961703148216	39.39661208128558	39.35789905289845	39.32946136698962	39.30857685608179	39.285040329526986	39.235392393226235	39.17455451427892	39.09207185828224	38.990503342838394	38.84547144880982	38.67855854230717	38.442389191641844	38.14540559939469	37.76016022263357	37.30260814483485	36.78438793478368	36.241843355109765	35.70618699402344	35.14137484110006	34.62983875273501	34.147462395767946	33.71344539310684	33.33875416915265	33.03888937557441	32.783533119180184	32.670789037031355
Sor-CPnd_054-Ex1-8F-lcwgs-1-3.1	39.411926947534006	39.526987581111946	39.67572284441972	39.64366256495481	39.5999403189043	39.348997673138484	39.52302805985406	39.30351070539393	39.22623069859995	39.470163854214505	39.633997188132184	39.65522932227285	39.59386095005915	39.55074689021367	39.53761642585812	39.42146330099568	39.30280886817451	39.03159537463718	38.68561128518097	38.60061854858848	38.60526214297985	38.75041264491268	38.84593418639902	38.641664494851334	38.255664308640085	37.63422032998348	36.85859873306227	35.86456738802101	34.867094952545344	34.01598269092399	33.325778142928435	32.72407536179716	32.27836244734566	32.04079195099917	31.976139248618118	32.069657032376995	32.242832249763055	32.404568486589476
Sor-CPnd_054-Ex1-8F-lcwgs-1-3.2	38.632622730939936	39.07424024445876	39.36731649718716	39.3121426487265	39.3926233074936	39.452693187356175	39.47323719690515	39.51411485182766	39.502959317516286	39.48090847716984	39.445718134599566	39.522277449311	39.41385918144183	39.38616746468706	39.37100051928786	39.334705063582575	39.29361813526183	39.14919113026723	39.00774210287042	38.76055469137433	38.4417685082492	37.98312816982777	37.442931354663486	36.70657649055679	35.85957209589334	34.932825031155325	33.960642732677385	32.983975158328256	32.075461837016846	31.274640170130077	30.602571818913844	30.109280293512562	29.774570321432567	29.64158182952165	29.661613173783792	29.83335760312617	30.09344563663796	30.3062473874912
Sor-CPnd_055-Ex1-7G-lcwgs-1-3.1	39.66276207249111	39.65947056252885	39.733745581735135	39.65283014923097	39.59130875749086	39.316474029908505	39.55734499894642	39.299285944444854	39.169963915966264	39.46825724201884	39.63106518821337	39.64560670125028	39.5786426139238	39.52049603452785	39.51716541508118	39.43935385720365	39.38818942764868	39.246560702101334	39.01358907000598	38.92907486801573	38.931807079554595	38.9907000597711	39.0610851611073	38.9389068448157	38.691745808029005	38.25865373184011	37.65159528980784	36.84097173540343	35.971549161933766	35.17816928257463	34.50363177067576	33.886812396640686	33.38876594408409	33.048594477281654	32.850845937328074	32.77706667388183	32.763436526618634	32.81866871151057
Sor-CPnd_055-Ex1-7G-lcwgs-1-3.2	38.53964447264919	39.06540302856632	39.36543324207787	39.25894188756966	39.37976436740614	39.4137025039089	39.43549681753745	39.50189767089492	39.47026654302494	39.46368729466496	39.42329154275848	39.496713122502875	39.38015685608939	39.34513992914378	39.2642365902433	39.216636576140914	39.24495049001642	39.18801228710133	39.09291421412484	38.95030389791195	38.77184916529538	38.52346007429982	38.26955215950766	37.97222792056429	37.65801354975555	37.31221900819332	36.892612857919424	36.41885138641893	35.90201696712097	35.41161309815169	34.96684622593476	34.68723657466509	34.48799326529759	34.41825761097624	34.37064091180032	34.404458440228495	34.458067581517035	34.519982322841
Sor-CPnd_058-Ex1-2G-lcwgs-1-3.1	39.65479851787081	39.67595087157875	39.735275451419	39.65388546941143	39.59967249264741	39.33258282784979	39.57831303188309	39.33451556944684	39.22001396040662	39.49794799796834	39.64090449370149	39.650028873273854	39.57007194845043	39.51320065988327	39.49739900971143	39.46992401759869	39.43284103548118	39.37425106746107	39.32931432301784	39.28166092131342	39.257203355366144	39.241965840086685	39.20867693559608	39.12519401313777	38.957746026085054	38.684290987732574	38.29949813246235	37.74398028464469	37.08945328567037	36.40078028356279	35.67112489077131	34.90460498289531	34.14233764748409	33.452863728386816	32.84036137862976	32.312273005739684	31.88441370639136	31.69783350949669
Sor-CPnd_058-Ex1-2G-lcwgs-1-3.2	38.602583390052715	39.11642681595891	39.40734692962823	39.37362209569544	39.50594070749084	39.466006912198004	39.484306520761805	39.53603846318064	39.546911197246864	39.532242530863684	39.48752293971465	39.53791625958474	39.444886474614805	39.401010612884264	39.36746931598837	39.32918287186004	39.305877686668275	39.259954324393405	39.19469983676795	39.10329058723544	38.98738490054321	38.82148465234318	38.63628179465219	38.40741698281726	38.153637733050985	37.85580480314493	37.49837504035399	37.089013260454315	36.637541438316006	36.17154561561897	35.68173734999952	35.25767823329953	34.85463515058827	34.5379614290155	34.24582293853615	34.04398706585521	33.887582830747746	33.83303616433095
Sor-CPnd_063-Ex1-7D-lcwgs-1-3.1	39.475337270594565	39.64734929591473	39.69821338727323	39.60600787013473	39.68108659342074	39.33836423761635	39.305483279802964	39.063359630494176	39.128760289239516	39.45298885222692	39.61708134422662	39.63965532875839	39.58263714598288	39.527294164019395	39.52551822811544	39.479388064482166	39.43710499412043	39.33840891938853	39.17617028216064	39.109152084759344	39.11085642744733	39.14941463953291	39.18112103714365	39.07627258952443	38.85360909519046	38.45142469768503	37.873547037986086	37.08335786808713	36.221922552082425	35.41587515576461	34.71557931270513	34.06830526645255	33.5379426859376	33.16017157508	32.92045522023507	32.81136829334643	32.77189640849232	32.81907684972299
Sor-CPnd_063-Ex1-7D-lcwgs-1-3.2	38.5740816104159	39.049492924045374	39.35672105995987	39.27796669416314	39.4105421193347	39.41749850816996	39.4359014017352	39.49991005142426	39.483394981015735	39.47626300963547	39.43119807846441	39.50275231672429	39.39844154951413	39.36379376034775	39.34460754631986	39.30348729896859	39.277469892822246	39.18721311523363	39.09429579771955	38.93619384429975	38.744941635806256	38.48445099923361	38.23710916246906	37.945549666239586	37.642478141764805	37.30786457693455	36.90966844808724	36.47014763998338	35.994578770088516	35.55352181582042	35.133915951465795	34.86104594105224	34.649604043444434	34.573730518454816	34.50848522210717	34.52307319912713	34.5627489674196	34.61513399412628
Sor-CPnd_066-Ex1-8B-lcwgs-1-3.1	39.53086215170252	39.56497812945567	39.697423522141555	39.628646097652755	39.48288159525511	39.34521627154689	39.142039432574165	39.103497560925085	39.057581501006354	39.35845252521067	39.54597095205052	39.58328655418958	39.5404458345848	39.47718109915452	39.480116965121056	39.40294622297253	39.31794834615876	39.132089802146666	38.9047217590339	38.84550039874473	38.83773678704959	38.91938727952524	38.98506036408328	38.873359363941745	38.65070582995868	38.31109546052427	37.86953210499242	37.275915473021726	36.62874069164086	36.03462278057992	35.489761409105185	34.97558439406337	34.52457544906252	34.19477661664233	33.95521492513611	33.8155306757256	33.723683365612665	33.71679112335539
Sor-CPnd_066-Ex1-8B-lcwgs-1-3.2	38.3140520405028	38.84018794513549	39.21051995622439	39.23639866187482	39.35448233957861	39.40426501506944	39.41528486944994	39.43169036694872	39.46573039332456	39.43212674213471	39.40254160927159	39.473859952564915	39.35843733493522	39.32327460910933	39.25908740967827	39.19353722825806	39.228222150873954	39.18001650216289	39.11186740270456	38.99293030770665	38.84987519807774	38.63628335387473	38.42513576308694	38.16201395433941	37.91159397774625	37.619759786507586	37.30711629882033	36.95327126034406	36.559100183319	36.17088231334086	35.81428093033533	35.57887446963499	35.40357454800299	35.31680493269672	35.22601956093199	35.21872270497378	35.20377685485347	35.21903341515368
Sor-CPnd_069-Ex1-6B-lcwgs-1-3.1	39.66779432757654	39.61973711068411	39.748044125517595	39.69046581881603	39.564630336837446	39.423891132522634	39.33306930745308	39.20218721589326	39.18999146257697	39.47147989583618	39.63052974561513	39.65393409003898	39.60636662906332	39.549648659815844	39.53935052931034	39.45510585052552	39.084036601769284	38.85496946280186	38.77485697590561	38.77129269247371	38.70971937302537	38.79023746171103	38.92417686744175	38.779823586304644	38.51175490044455	38.185719915146784	37.89742693479473	37.47436514251626	37.00481597714912	36.555824689013896	36.13575966741972	35.74282281038512	35.37885172484634	35.08286108204665	34.8730748012139	34.73969717044937	34.66127403149382	34.638537907774065
Sor-CPnd_069-Ex1-6B-lcwgs-1-3.2	38.307422413818685	38.9847915816854	39.3212105663553	39.211755131274835	39.397353893496884	39.412821501247635	39.41632583475651	39.49484374603261	39.47417718071143	39.46722905718029	39.41671705911663	39.523550855704364	39.40249323090184	39.37480487421233	39.29670298506429	39.211789887720855	39.27530745769788	39.235805668598275	39.18405681590724	39.08768108223791	38.97249960511533	38.80385499769004	38.63112627702734	38.432004817098324	38.231459200252196	38.011582734026454	37.75980189485285	37.466126545779744	37.13710316563953	36.802289110976936	36.47363552095592	36.25539590526857	36.07857502528416	35.97763195166018	35.87044867801846	35.81700018895108	35.74680252238147	35.72267851507536
Sor-CPnd_072-Ex1-8C-lcwgs-1-3.1	39.54895610583596	39.52315406304419	39.66083627891734	39.5198976646553	39.65781451424455	38.8165102738493	39.60028106764638	38.99921683810397	39.036606008238465	39.40716793682357	39.61592467518494	39.63787727397237	39.58624123768327	39.540995725806	39.529635785228294	39.46215991971529	39.392050954667646	39.24596709953439	39.05431195579249	38.988984152367905	38.97928570323654	39.04155721770409	39.08603292839168	38.995272007417384	38.829393471843886	38.59583589493393	38.31454171887403	37.9314931971965	37.5318446823362	37.15934925694076	36.83051456652379	36.507206253029594	36.21875391426944	35.989756937813716	35.82089499484121	35.71399141109182	35.6235537754057	35.5956055048848
Sor-CPnd_072-Ex1-8C-lcwgs-1-3.2	38.118893174992536	38.78379776161625	39.1812555039334	39.21622345671864	39.369814084949724	39.39335466392006	39.38717971779067	39.413275258066285	39.459648681869126	39.43120664016154	39.40068643366745	39.477136915617976	39.36515262211392	39.33226006888704	39.293211104772986	39.29003790963536	39.269406378067195	39.20185034831608	39.13662778783252	39.04596332130185	38.93876632220411	38.78584422210368	38.61543941871071	38.3667488158458	38.05912041377669	37.67511944895848	37.24920154036898	36.78749927960331	36.330438194207446	35.90483428959577	35.472117670588226	35.10996608762515	34.78669525529285	34.5273966622601	34.318948123635266	34.17977925539524	34.06521437431306	34.02479533547077
