Sample	1	2	3	4	5	6	7	8	9	10	11	12	13	14	15	16	17	18	19	20	21	22	23	24	25	26	27	28	29	30	31
Sor-ACeb_001-Ex1-8E-lcwgs-1-2-L2-clmp.r1r2_fastp	99.07010027167024	0.866971479119508	0.049803214374969665	0.009169544884922212	0.002696924966153592	0.0008989749887178638	0.00017979499774357279	0.00017979499774357279	0.0	0.0	0.0	0.0	0.0	0.0	0.0	0.0	0.0	0.0	0.0	0.0	0.0	0.0	0.0	0.0	0.0	0.0	0.0	0.0	0.0	0.0	0.0
Sor-ACeb_001-Ex1-8E-lcwgs-1-2-L3-clmp.r1r2_fastp	99.24921813917122	0.7052384675527756	0.03694292415949961	0.0048866301798279905	0.002150117279124316	0.000977326035965598	0.0005863956215793589	0.0	0.0	0.0	0.0	0.0	0.0	0.0	0.0	0.0	0.0	0.0	0.0	0.0	0.0	0.0	0.0	0.0	0.0	0.0	0.0	0.0	0.0	0.0	0.0
Sor-ACeb_002-Ex1-9E-lcwgs-1-2-L2-clmp.r1r2_fastp	99.02389071062063	0.92381772030547	0.04684453062869717	0.0021788153780789386	0.0021788153780789386	0.0	0.0010894076890394693	0.0	0.0	0.0	0.0	0.0	0.0	0.0	0.0	0.0	0.0	0.0	0.0	0.0	0.0	0.0	0.0	0.0	0.0	0.0	0.0	0.0	0.0	0.0	0.0
Sor-ACeb_002-Ex1-9E-lcwgs-1-2-L3-clmp.r1r2_fastp	99.26240337900398	0.6959832714334759	0.03225034591096824	0.00624200243438095	0.0020806674781269833	0.0010403337390634917	0.0	0.0	0.0	0.0	0.0	0.0	0.0	0.0	0.0	0.0	0.0	0.0	0.0	0.0	0.0	0.0	0.0	0.0	0.0	0.0	0.0	0.0	0.0	0.0	0.0
Sor-ACeb_003-Ex1-10E-lcwgs-1-2-L2-clmp.r1r2_fastp	99.53284258210645	0.4530011325028313	0.011548548608213626	0.0022352029564284438	0.0003725338260714073	0.0	0.0	0.0	0.0	0.0	0.0	0.0	0.0	0.0	0.0	0.0	0.0	0.0	0.0	0.0	0.0	0.0	0.0	0.0	0.0	0.0	0.0	0.0	0.0	0.0	0.0
Sor-ACeb_003-Ex1-10E-lcwgs-1-2-L3-clmp.r1r2_fastp	99.6004411009396	0.3904951811232968	0.007553098280914832	0.0015106196561829662	0.0	0.0	0.0	0.0	0.0	0.0	0.0	0.0	0.0	0.0	0.0	0.0	0.0	0.0	0.0	0.0	0.0	0.0	0.0	0.0	0.0	0.0	0.0	0.0	0.0	0.0	0.0
Sor-ACeb_004-Ex1-11E-lcwgs-1-2-L2-clmp.r1r2_fastp	99.56837674109205	0.4082648237199831	0.020311682772138462	0.0020311682772138464	0.0005077920693034616	0.0	0.0	0.0005077920693034616	0.0	0.0	0.0	0.0	0.0	0.0	0.0	0.0	0.0	0.0	0.0	0.0	0.0	0.0	0.0	0.0	0.0	0.0	0.0	0.0	0.0	0.0	0.0
Sor-ACeb_004-Ex1-11E-lcwgs-1-2-L3-clmp.r1r2_fastp	99.63265922293726	0.35112634398081105	0.013977959553376237	0.002236473528540198	0.0	0.0	0.0	0.0	0.0	0.0	0.0	0.0	0.0	0.0	0.0	0.0	0.0	0.0	0.0	0.0	0.0	0.0	0.0	0.0	0.0	0.0	0.0	0.0	0.0	0.0	0.0
Sor-ACeb_005-Ex1-12E-lcwgs-1-2-L2-clmp.r1r2_fastp	98.84321421193968	1.0664118983681057	0.07746333402189631	0.01032844453625284	0.00258211113406321	0.0	0.0	0.0	0.0	0.0	0.0	0.0	0.0	0.0	0.0	0.0	0.0	0.0	0.0	0.0	0.0	0.0	0.0	0.0	0.0	0.0	0.0	0.0	0.0	0.0	0.0
Sor-ACeb_005-Ex1-12E-lcwgs-1-2-L3-clmp.r1r2_fastp	99.12000959117611	0.827238940175039	0.04555808656036447	0.004795588058985733	0.0	0.0023977940294928664	0.0	0.0	0.0	0.0	0.0	0.0	0.0	0.0	0.0	0.0	0.0	0.0	0.0	0.0	0.0	0.0	0.0	0.0	0.0	0.0	0.0	0.0	0.0	0.0	0.0
Sor-ACeb_006-Ex1-1F-lcwgs-1-2-L2-clmp.r1r2_fastp	99.43772456732219	0.5403329767684248	0.016456841932033242	0.0027428069886722074	0.0	0.0	0.0	0.0027428069886722074	0.0	0.0	0.0	0.0	0.0	0.0	0.0	0.0	0.0	0.0	0.0	0.0	0.0	0.0	0.0	0.0	0.0	0.0	0.0	0.0	0.0	0.0	0.0
Sor-ACeb_006-Ex1-1F-lcwgs-1-2-L3-clmp.r1r2_fastp	99.57396604837125	0.3965392934390771	0.029494658189683425	0.0	0.0	0.0	0.0	0.0	0.0	0.0	0.0	0.0	0.0	0.0	0.0	0.0	0.0	0.0	0.0	0.0	0.0	0.0	0.0	0.0	0.0	0.0	0.0	0.0	0.0	0.0	0.0
Sor-ACeb_007-Ex1-2F-lcwgs-1-2-L2-clmp.r1r2_fastp	99.31628606591002	0.6221796800218788	0.04102283604539861	0.020511418022699304	0.0	0.0	0.0	0.0	0.0	0.0	0.0	0.0	0.0	0.0	0.0	0.0	0.0	0.0	0.0	0.0	0.0	0.0	0.0	0.0	0.0	0.0	0.0	0.0	0.0	0.0	0.0
Sor-ACeb_007-Ex1-2F-lcwgs-1-2-L3-clmp.r1r2_fastp	99.49431889124735	0.4557372955425147	0.03121488325633662	0.01248595330253465	0.006242976651267325	0.0	0.0	0.0	0.0	0.0	0.0	0.0	0.0	0.0	0.0	0.0	0.0	0.0	0.0	0.0	0.0	0.0	0.0	0.0	0.0	0.0	0.0	0.0	0.0	0.0	0.0
Sor-ACeb_008-Ex1-3F-lcwgs-1-2-L2-clmp.r1r2_fastp	99.4108520159205	0.5531694812349621	0.031481189988981584	0.004497312855568798	0.0	0.0	0.0	0.0	0.0	0.0	0.0	0.0	0.0	0.0	0.0	0.0	0.0	0.0	0.0	0.0	0.0	0.0	0.0	0.0	0.0	0.0	0.0	0.0	0.0	0.0	0.0
Sor-ACeb_008-Ex1-3F-lcwgs-1-2-L3-clmp.r1r2_fastp	99.60438063299098	0.3772793963529658	0.01833997065604695	0.0	0.0	0.0	0.0	0.0	0.0	0.0	0.0	0.0	0.0	0.0	0.0	0.0	0.0	0.0	0.0	0.0	0.0	0.0	0.0	0.0	0.0	0.0	0.0	0.0	0.0	0.0	0.0
Sor-ACeb_009-Ex1-4F-lcwgs-1-2-L2-clmp.r1r2_fastp	99.5653433787308	0.3839466821211243	0.05070993914807302	0.0	0.0	0.0	0.0	0.0	0.0	0.0	0.0	0.0	0.0	0.0	0.0	0.0	0.0	0.0	0.0	0.0	0.0	0.0	0.0	0.0	0.0	0.0	0.0	0.0	0.0	0.0	0.0
Sor-ACeb_009-Ex1-4F-lcwgs-1-2-L3-clmp.r1r2_fastp	99.53447518664909	0.46552481335090035	0.0	0.0	0.0	0.0	0.0	0.0	0.0	0.0	0.0	0.0	0.0	0.0	0.0	0.0	0.0	0.0	0.0	0.0	0.0	0.0	0.0	0.0	0.0	0.0	0.0	0.0	0.0	0.0	0.0
Sor-ACeb_010-Ex1-5F-lcwgs-1-2-L2-clmp.r1r2_fastp	99.35466059288402	0.6039272526486523	0.036235635158919144	0.0034510128722780135	0.0017255064361390068	0.0	0.0	0.0	0.0	0.0	0.0	0.0	0.0	0.0	0.0	0.0	0.0	0.0	0.0	0.0	0.0	0.0	0.0	0.0	0.0	0.0	0.0	0.0	0.0	0.0	0.0
Sor-ACeb_010-Ex1-5F-lcwgs-1-2-L3-clmp.r1r2_fastp	99.47388270790118	0.5034885913633792	0.020742975674146708	0.0018857250612860645	0.0	0.0	0.0	0.0	0.0	0.0	0.0	0.0	0.0	0.0	0.0	0.0	0.0	0.0	0.0	0.0	0.0	0.0	0.0	0.0	0.0	0.0	0.0	0.0	0.0	0.0	0.0
Sor-ACeb_011-Ex1-6F-lcwgs-1-2-L2-clmp.r1r2_fastp	98.19648359615734	1.6947616458220047	0.09516041326808049	0.009062896501721951	0.004531448250860976	0.0	0.0	0.0	0.0	0.0	0.0	0.0	0.0	0.0	0.0	0.0	0.0	0.0	0.0	0.0	0.0	0.0	0.0	0.0	0.0	0.0	0.0	0.0	0.0	0.0	0.0
Sor-ACeb_011-Ex1-6F-lcwgs-1-2-L3-clmp.r1r2_fastp	98.66184643608698	1.2734041979172286	0.05935358549614202	0.0	0.005395780499649274	0.0	0.0	0.0	0.0	0.0	0.0	0.0	0.0	0.0	0.0	0.0	0.0	0.0	0.0	0.0	0.0	0.0	0.0	0.0	0.0	0.0	0.0	0.0	0.0	0.0	0.0
Sor-ACeb_012-Ex1-7F-lcwgs-1-2-L2-clmp.r1r2_fastp	99.37599164119035	0.5998219883131458	0.01934909639719825	0.0029023644595797377	0.0009674548198599126	0.0009674548198599126	0.0	0.0	0.0	0.0	0.0	0.0	0.0	0.0	0.0	0.0	0.0	0.0	0.0	0.0	0.0	0.0	0.0	0.0	0.0	0.0	0.0	0.0	0.0	0.0	0.0
Sor-ACeb_012-Ex1-7F-lcwgs-1-2-L3-clmp.r1r2_fastp	99.51796819044803	0.460431327520151	0.020463614556451154	0.0011368674753583976	0.0	0.0	0.0	0.0	0.0	0.0	0.0	0.0	0.0	0.0	0.0	0.0	0.0	0.0	0.0	0.0	0.0	0.0	0.0	0.0	0.0	0.0	0.0	0.0	0.0	0.0	0.0
Sor-ACeb_013-Ex1-8F-lcwgs-1-2-L2-clmp.r1r2_fastp	98.30102675077121	1.6299092960081036	0.05525116257654587	0.00920852709609098	0.0	0.0	0.0	0.00460426354804549	0.0	0.0	0.0	0.0	0.0	0.0	0.0	0.0	0.0	0.0	0.0	0.0	0.0	0.0	0.0	0.0	0.0	0.0	0.0	0.0	0.0	0.0	0.0
Sor-ACeb_013-Ex1-8F-lcwgs-1-2-L3-clmp.r1r2_fastp	98.63947478698142	1.3214136052521301	0.03352423522838385	0.0055873725380639755	0.0	0.0	0.0	0.0	0.0	0.0	0.0	0.0	0.0	0.0	0.0	0.0	0.0	0.0	0.0	0.0	0.0	0.0	0.0	0.0	0.0	0.0	0.0	0.0	0.0	0.0	0.0
Sor-ACeb_014-Ex1-9F-lcwgs-1-2-L2-clmp.r1r2_fastp	98.99471800988243	0.9677968989606406	0.027261884477764526	0.010223206679161698	0.0	0.0	0.0	0.0	0.0	0.0	0.0	0.0	0.0	0.0	0.0	0.0	0.0	0.0	0.0	0.0	0.0	0.0	0.0	0.0	0.0	0.0	0.0	0.0	0.0	0.0	0.0
Sor-ACeb_014-Ex1-9F-lcwgs-1-2-L3-clmp.r1r2_fastp	99.19791666666666	0.75	0.03819444444444445	0.006944444444444444	0.003472222222222222	0.0	0.0	0.003472222222222222	0.0	0.0	0.0	0.0	0.0	0.0	0.0	0.0	0.0	0.0	0.0	0.0	0.0	0.0	0.0	0.0	0.0	0.0	0.0	0.0	0.0	0.0	0.0
Sor-ACeb_015-Ex1-10F-lcwgs-1-2-L2-clmp.r1r2_fastp	99.21572772434205	0.7483352711129901	0.02959518021350809	0.006341824331466019	0.0	0.0	0.0	0.0	0.0	0.0	0.0	0.0	0.0	0.0	0.0	0.0	0.0	0.0	0.0	0.0	0.0	0.0	0.0	0.0	0.0	0.0	0.0	0.0	0.0	0.0	0.0
Sor-ACeb_015-Ex1-10F-lcwgs-1-2-L3-clmp.r1r2_fastp	99.4210808191579	0.5508658284665018	0.022952742852770908	0.0	0.005100609522837979	0.0	0.0	0.0	0.0	0.0	0.0	0.0	0.0	0.0	0.0	0.0	0.0	0.0	0.0	0.0	0.0	0.0	0.0	0.0	0.0	0.0	0.0	0.0	0.0	0.0	0.0
Sor-ACeb_016-Ex1-11F-lcwgs-1-2-L2-clmp.r1r2_fastp	99.57795931330169	0.3983979391993225	0.019761102387211744	0.0028230146267445347	0.00035287682834306684	0.00035287682834306684	0.00035287682834306684	0.0	0.0	0.0	0.0	0.0	0.0	0.0	0.0	0.0	0.0	0.0	0.0	0.0	0.0	0.0	0.0	0.0	0.0	0.0	0.0	0.0	0.0	0.0	0.0
Sor-ACeb_016-Ex1-11F-lcwgs-1-2-L3-clmp.r1r2_fastp	99.65149150872719	0.3311244572663192	0.014900600576984366	0.0024834334294973944	0.0	0.0	0.0	0.0	0.0	0.0	0.0	0.0	0.0	0.0	0.0	0.0	0.0	0.0	0.0	0.0	0.0	0.0	0.0	0.0	0.0	0.0	0.0	0.0	0.0	0.0	0.0
Sor-ACeb_017-Ex1-12F-lcwgs-1-2-L2-clmp.r1r2_fastp	99.36386768447836	0.6040752539520345	0.024543687764220314	0.005509807457273947	0.0010017831740498087	0.0005008915870249043	0.0	0.0005008915870249043	0.0	0.0	0.0	0.0	0.0	0.0	0.0	0.0	0.0	0.0	0.0	0.0	0.0	0.0	0.0	0.0	0.0	0.0	0.0	0.0	0.0	0.0	0.0
Sor-ACeb_017-Ex1-12F-lcwgs-1-2-L3-clmp.r1r2_fastp	99.46688853964439	0.5084589072755847	0.017975819954187337	0.00513594855833924	0.0005135948558339239	0.0005135948558339239	0.0	0.0005135948558339239	0.0	0.0	0.0	0.0	0.0	0.0	0.0	0.0	0.0	0.0	0.0	0.0	0.0	0.0	0.0	0.0	0.0	0.0	0.0	0.0	0.0	0.0	0.0
Sor-ACeb_018-Ex1-1G-lcwgs-1-2-L2-clmp.r1r2_fastp	99.19142579375429	0.7682640552011951	0.037938965688947904	0.002371185355559244	0.0	0.0	0.0	0.0	0.0	0.0	0.0	0.0	0.0	0.0	0.0	0.0	0.0	0.0	0.0	0.0	0.0	0.0	0.0	0.0	0.0	0.0	0.0	0.0	0.0	0.0	0.0
Sor-ACeb_018-Ex1-1G-lcwgs-1-2-L3-clmp.r1r2_fastp	99.37871486926106	0.599271090673385	0.01956803561382482	0.0024460044517281023	0.0	0.0	0.0	0.0	0.0	0.0	0.0	0.0	0.0	0.0	0.0	0.0	0.0	0.0	0.0	0.0	0.0	0.0	0.0	0.0	0.0	0.0	0.0	0.0	0.0	0.0	0.0
Sor-ACeb_019-Ex1-3G-lcwgs-1-2-L2-clmp.r1r2_fastp	99.1571598842159	0.7577047505533798	0.06810829218457347	0.017027073046143367	0.0	0.0	0.0	0.0	0.0	0.0	0.0	0.0	0.0	0.0	0.0	0.0	0.0	0.0	0.0	0.0	0.0	0.0	0.0	0.0	0.0	0.0	0.0	0.0	0.0	0.0	0.0
Sor-ACeb_019-Ex1-3G-lcwgs-1-2-L3-clmp.r1r2_fastp	99.47472745292369	0.47571853320118934	0.029732408325074334	0.0	0.019821605550049554	0.0	0.0	0.0	0.0	0.0	0.0	0.0	0.0	0.0	0.0	0.0	0.0	0.0	0.0	0.0	0.0	0.0	0.0	0.0	0.0	0.0	0.0	0.0	0.0	0.0	0.0
Sor-ACeb_020-Ex1-2G-lcwgs-1-2-L2-clmp.r1r2_fastp	99.0910306108809	0.8153990108274296	0.06683598449405159	0.02673439379762064	0.0	0.0	0.0	0.0	0.0	0.0	0.0	0.0	0.0	0.0	0.0	0.0	0.0	0.0	0.0	0.0	0.0	0.0	0.0	0.0	0.0	0.0	0.0	0.0	0.0	0.0	0.0
Sor-ACeb_020-Ex1-2G-lcwgs-1-2-L3-clmp.r1r2_fastp	99.32390903503381	0.626920712968654	0.049170251997541485	0.0	0.0	0.0	0.0	0.0	0.0	0.0	0.0	0.0	0.0	0.0	0.0	0.0	0.0	0.0	0.0	0.0	0.0	0.0	0.0	0.0	0.0	0.0	0.0	0.0	0.0	0.0	0.0
Sor-ACeb_021-Ex1-4G-lcwgs-1-2-L2-clmp.r1r2_fastp	99.4556765163297	0.5443234836702955	0.0	0.0	0.0	0.0	0.0	0.0	0.0	0.0	0.0	0.0	0.0	0.0	0.0	0.0	0.0	0.0	0.0	0.0	0.0	0.0	0.0	0.0	0.0	0.0	0.0	0.0	0.0	0.0	0.0
Sor-ACeb_021-Ex1-4G-lcwgs-1-2-L3-clmp.r1r2_fastp	99.09909909909909	0.8108108108108109	0.0	0.09009009009009009	0.0	0.0	0.0	0.0	0.0	0.0	0.0	0.0	0.0	0.0	0.0	0.0	0.0	0.0	0.0	0.0	0.0	0.0	0.0	0.0	0.0	0.0	0.0	0.0	0.0	0.0	0.0
Sor-ACeb_022-Ex1-5G-lcwgs-1-2-L2-clmp.r1r2_fastp	98.71599138774711	1.1626541397533763	0.09786651008025053	0.01565864161284009	0.007829320806420044	0.0	0.0	0.0	0.0	0.0	0.0	0.0	0.0	0.0	0.0	0.0	0.0	0.0	0.0	0.0	0.0	0.0	0.0	0.0	0.0	0.0	0.0	0.0	0.0	0.0	0.0
Sor-ACeb_022-Ex1-5G-lcwgs-1-2-L3-clmp.r1r2_fastp	98.91898660211194	1.0351016319545892	0.037564172127384284	0.008347593806085395	0.0	0.0	0.0	0.0	0.0	0.0	0.0	0.0	0.0	0.0	0.0	0.0	0.0	0.0	0.0	0.0	0.0	0.0	0.0	0.0	0.0	0.0	0.0	0.0	0.0	0.0	0.0
Sor-CPnd_001-Ex1-3E-lcwgs-1-2-L2-clmp.r1r2_fastp	98.12459507373407	1.6448752350048932	0.17455559200333662	0.03725548814230506	0.010904045309942946	0.0037255488142305063	0.001908207929240015	0.0012721386194933435	0.0004543352212476227	0.0002726011327485736	0.00018173408849904906	0.0	0.0	0.0	0.0	0.0	0.0	0.0	0.0	0.0	0.0	0.0	0.0	0.0	0.0	0.0	0.0	0.0	0.0	0.0	0.0
Sor-CPnd_001-Ex1-3E-lcwgs-1-2-L3-clmp.r1r2_fastp	98.63438209081892	1.221593611090498	0.10796596511434672	0.023620821022112642	0.008152318759844186	0.0019858212363723015	0.0013587197933073644	0.0004180676287099583	0.00020903381435497914	0.00020903381435497914	0.00010451690717748957	0.0	0.0	0.0	0.0	0.0	0.0	0.0	0.0	0.0	0.0	0.0	0.0	0.0	0.0	0.0	0.0	0.0	0.0	0.0	0.0
Sor-CPnd_002-Ex1-5E-lcwgs-1-2-L2-clmp.r1r2_fastp	98.49899546569893	1.2977153793010348	0.1488140142461228	0.034781503863288044	0.010005638097658205	0.005241048527344774	0.0023822947851567153	0.0011117375664064673	0.00015881965234378103	0.00031763930468756206	0.00031763930468756206	0.00015881965234378103	0.0	0.0	0.0	0.0	0.0	0.0	0.0	0.0	0.0	0.0	0.0	0.0	0.0	0.0	0.0	0.0	0.0	0.0	0.0
Sor-CPnd_002-Ex1-5E-lcwgs-1-2-L3-clmp.r1r2_fastp	98.83165862718636	1.048918344713318	0.09002659041408892	0.01920789962452732	0.006346958136800331	0.0015032269271369205	0.001336201713010596	0.0008351260706316226	0.0001670252141263245	0.0	0.0	0.0	0.0	0.0	0.0	0.0	0.0	0.0	0.0	0.0	0.0	0.0	0.0	0.0	0.0	0.0	0.0	0.0	0.0	0.0	0.0
Sor-CPnd_003-Ex1-2B-lcwgs-1-2-L2-clmp.r1r2_fastp	97.8487468996579	1.8403584809987175	0.22760698331264528	0.05277178040514961	0.017437631786049436	0.0075716032755214656	0.002523867758507155	0.002294425235006505	0.0	0.00045888504700130093	0.00022944252350065047	0.0	0.0	0.0	0.0	0.0	0.0	0.0	0.0	0.0	0.0	0.0	0.0	0.0	0.0	0.0	0.0	0.0	0.0	0.0	0.0
Sor-CPnd_003-Ex1-2B-lcwgs-1-2-L3-clmp.r1r2_fastp	98.47214290723653	1.3597427188843136	0.12683718553695408	0.02905433160009217	0.008215362728301924	0.0032059952110446532	0.00040074940138058165	0.00020037470069029083	0.00020037470069029083	0.0	0.0	0.0	0.0	0.0	0.0	0.0	0.0	0.0	0.0	0.0	0.0	0.0	0.0	0.0	0.0	0.0	0.0	0.0	0.0	0.0	0.0
Sor-CPnd_004-Ex1-1G-lcwgs-1-2-L2-clmp.r1r2_fastp	98.35956952359874	1.47533613677862	0.12774580866485918	0.02607480772422951	0.0077463619764289275	0.0017290986554528854	0.0011757870857079622	0.00020749183865434624	0.00013832789243623084	0.00020749183865434624	0.0	0.0	0.0	0.0	0.0	0.0	6.916394621811542e-05	0.0	0.0	0.0	0.0	0.0	0.0	0.0	0.0	0.0	0.0	0.0	0.0	0.0	0.0
Sor-CPnd_004-Ex1-1G-lcwgs-1-2-L3-clmp.r1r2_fastp	98.83178885951376	1.0616883064639406	0.08246669552330549	0.016251973166544108	0.004907774075045498	0.0016895615668189416	0.0008045531270566388	0.0001609106254113278	8.04553127056639e-05	8.04553127056639e-05	8.04553127056639e-05	0.0	0.0	0.0	0.0	0.0	0.0	0.0	0.0	0.0	0.0	0.0	0.0	0.0	0.0	0.0	0.0	0.0	0.0	0.0	0.0
Sor-CPnd_005-Ex1-3D-lcwgs-1-2-L2-clmp.r1r2_fastp	97.08676853864141	2.5443530224455326	0.27787435749008543	0.06155618813992979	0.01853107303169272	0.006054707030157028	0.002843877544467695	0.0011008558236649142	0.00045868992652704755	0.00027521395591622856	9.173798530540951e-05	0.0	0.0	9.173798530540951e-05	0.0	0.0	0.0	0.0	0.0	0.0	0.0	0.0	0.0	0.0	0.0	0.0	0.0	0.0	0.0	0.0	0.0
Sor-CPnd_005-Ex1-3D-lcwgs-1-2-L3-clmp.r1r2_fastp	97.85975147423524	1.8908177466688296	0.18497609989592334	0.04425740814932295	0.011257495339728031	0.004635439257535072	0.0018762492232880055	0.0012140436150687094	0.0005518380068494133	0.0004414704054795307	0.00011036760136988268	0.0	0.00011036760136988268	0.0	0.0	0.0	0.0	0.0	0.0	0.0	0.0	0.0	0.0	0.0	0.0	0.0	0.0	0.0	0.0	0.0	0.0
Sor-CPnd_006-Ex1-2D-lcwgs-1-2-L2-clmp.r1r2_fastp	97.8719235697032	1.8146008471058934	0.2240216133165253	0.05877667184829431	0.01946332773923781	0.006058121879100511	0.00244902799367893	0.0014178583121299067	0.0005155848407745116	0.0001288962101936279	0.0003866886305808837	0.0001288962101936279	0.0	0.0001288962101936279	0.0	0.0	0.0	0.0	0.0	0.0	0.0	0.0	0.0	0.0	0.0	0.0	0.0	0.0	0.0	0.0	0.0
Sor-CPnd_006-Ex1-2D-lcwgs-1-2-L3-clmp.r1r2_fastp	98.51040718469665	1.3111484844075525	0.13298727315179837	0.02786077732696709	0.009700513563235504	0.004173476765578066	0.0014663567014193205	0.0013535600320793728	0.00045118667735979094	0.00011279666933994773	0.00011279666933994773	0.00011279666933994773	0.0	0.0	0.0	0.00011279666933994773	0.0	0.0	0.0	0.0	0.0	0.0	0.0	0.0	0.0	0.0	0.0	0.0	0.0	0.0	0.0
Sor-CPnd_007-Ex1-1C-lcwgs-1-2-L2-clmp.r1r2_fastp	98.21950872288657	1.5887883729357561	0.14834731065900503	0.02782523166123104	0.00922115235284982	0.0032354920536315167	0.0011324222187710307	0.0009706476160894549	0.00048532380804472744	0.00032354920536315163	0.00016177460268157581	0.0	0.0	0.0	0.0	0.0	0.0	0.0	0.0	0.0	0.0	0.0	0.0	0.0	0.0	0.0	0.0	0.0	0.0	0.0	0.0
Sor-CPnd_007-Ex1-1C-lcwgs-1-2-L3-clmp.r1r2_fastp	98.68187734711522	1.2059787099037478	0.08837326105001236	0.015527622874297185	0.004984175243601565	0.0021086895261391236	0.0007667961913233177	0.00019169904783082942	0.0	0.0	0.00019169904783082942	0.0	0.0	0.0	0.0	0.0	0.0	0.0	0.0	0.0	0.0	0.0	0.0	0.0	0.0	0.0	0.0	0.0	0.0	0.0	0.0
Sor-CPnd_008-Ex1-1A-lcwgs-1-2-L2-clmp.r1r2_fastp	94.74481458088638	4.393678623760841	0.5969196652906448	0.16408504189899478	0.05730911389854598	0.024250803986542616	0.009833037437329469	0.004403752962730375	0.00235268993899294	0.0010255315118687176	0.0005429284474599093	0.00030162691525550516	0.00018097614915330308	0.00012065076610220205	6.032538305110103e-05	6.032538305110103e-05	6.032538305110103e-05	0.0	0.0	0.0	0.0	0.0	0.0	0.0	0.0	0.0	0.0	0.0	0.0	0.0	0.0
Sor-CPnd_008-Ex1-1A-lcwgs-1-2-L3-clmp.r1r2_fastp	95.57621991107176	3.7807833894792844	0.4603285917752227	0.11446209326738431	0.039745504758609614	0.016679470795734768	0.006572579570066489	0.002914256979180424	0.0011781038852005969	0.0004960437411370935	0.0003100273382106834	0.00012401093528427337	0.00012401093528427337	0.0	6.200546764213668e-05	0.0	0.0	0.0	0.0	0.0	0.0	0.0	0.0	0.0	0.0	0.0	0.0	0.0	0.0	0.0	0.0
Sor-CPnd_009-Ex1-6A-lcwgs-1-2-L2-clmp.r1r2_fastp	97.30552471984257	2.377917232865644	0.2398472180921454	0.0533717815512529	0.014098206447500766	0.005864379992867966	0.0017178486847795054	0.0007108339385294505	0.0005331254538970878	0.0002961808077206043	0.00011847232308824173	0.0	0.0	0.0	0.0	0.0	0.0	0.0	0.0	0.0	0.0	0.0	0.0	0.0	0.0	0.0	0.0	0.0	0.0	0.0	0.0
Sor-CPnd_009-Ex1-6A-lcwgs-1-2-L3-clmp.r1r2_fastp	97.75533628686948	2.006730072092646	0.18496713047991103	0.034499487258050826	0.011400863259114902	0.004037805737603194	0.0018407643803779268	0.0005937949614122345	0.00029689748070611723	0.00023751798456489375	0.0	0.0	5.937949614122344e-05	0.0	0.0	0.0	0.0	0.0	0.0	0.0	0.0	0.0	0.0	0.0	0.0	0.0	0.0	0.0	0.0	0.0	0.0
Sor-CPnd_010-Ex1-1H-lcwgs-1-2-L2-clmp.r1r2_fastp	98.51644993108408	1.3411637801881704	0.1114640139030383	0.021333972553484747	0.007430934260202553	0.00191766045424582	0.0002397075567807275	0.0	0.0	0.0	0.0	0.0	0.0	0.0	0.0	0.0	0.0	0.0	0.0	0.0	0.0	0.0	0.0	0.0	0.0	0.0	0.0	0.0	0.0	0.0	0.0
Sor-CPnd_010-Ex1-1H-lcwgs-1-2-L3-clmp.r1r2_fastp	98.90734618175954	0.9990553757185481	0.07228679714769547	0.01094381789487023	0.006911884986233828	0.001727971246558457	0.0011519808310389715	0.0005759904155194858	0.0	0.0	0.0	0.0	0.0	0.0	0.0	0.0	0.0	0.0	0.0	0.0	0.0	0.0	0.0	0.0	0.0	0.0	0.0	0.0	0.0	0.0	0.0
Sor-CPnd_012-Ex1-5B-lcwgs-1-2-L2-clmp.r1r2_fastp	97.94454286913142	1.7830085318662876	0.20134971327334608	0.048661942281691455	0.012821110541283976	0.006119166394703715	0.0023311110075061774	0.0005827777518765443	0.0	0.0002913888759382722	0.0002913888759382722	0.0	0.0	0.0	0.0	0.0	0.0	0.0	0.0	0.0	0.0	0.0	0.0	0.0	0.0	0.0	0.0	0.0	0.0	0.0	0.0
Sor-CPnd_012-Ex1-5B-lcwgs-1-2-L3-clmp.r1r2_fastp	98.40832624126456	1.4168885797865363	0.12994500215049826	0.029283380766309472	0.011591338219997499	0.0027453169468415126	0.000915105648947171	0.0	0.0003050352163157237	0.0	0.0	0.0	0.0	0.0	0.0	0.0	0.0	0.0	0.0	0.0	0.0	0.0	0.0	0.0	0.0	0.0	0.0	0.0	0.0	0.0	0.0
Sor-CPnd_013-Ex1-7F-lcwgs-1-2-L2-clmp.r1r2_fastp	98.52811595092129	1.313208267502484	0.12083902163001443	0.02488363491957984	0.00920353620313227	0.002045230267362727	0.0008521792780678027	0.0	0.0003408717112271211	0.0003408717112271211	0.00017043585561356056	0.0	0.0	0.0	0.0	0.0	0.0	0.0	0.0	0.0	0.0	0.0	0.0	0.0	0.0	0.0	0.0	0.0	0.0	0.0	0.0
Sor-CPnd_013-Ex1-7F-lcwgs-1-2-L3-clmp.r1r2_fastp	98.78938444628598	1.1017416359519705	0.08286900109914114	0.017336611108606934	0.0050276172214960115	0.002080393333032832	0.001040196666516416	0.00017336611108606935	0.00017336611108606935	0.0	0.0	0.00017336611108606935	0.0	0.0	0.0	0.0	0.0	0.0	0.0	0.0	0.0	0.0	0.0	0.0	0.0	0.0	0.0	0.0	0.0	0.0	0.0
Sor-CPnd_014-Ex1-1F-lcwgs-1-2-L2-clmp.r1r2_fastp	98.17451019701157	1.6348015868075692	0.14810318456189575	0.02828985467428675	0.008585691858660623	0.0028332783133580056	0.0016742099124388216	0.0007727122672794561	0.00021464229646651556	0.00012878537787990935	4.292845929330312e-05	4.292845929330312e-05	0.0	0.0	0.0	0.0	0.0	0.0	0.0	0.0	0.0	0.0	0.0	0.0	0.0	0.0	0.0	0.0	0.0	0.0	0.0
Sor-CPnd_014-Ex1-1F-lcwgs-1-2-L3-clmp.r1r2_fastp	98.5036830212676	1.3540608795292821	0.10985211446859636	0.021892236335378634	0.006211487690395129	0.0025193446576427794	0.0009556134908300199	0.00047780674541500994	0.00021718488427954996	0.0	8.687395371181999e-05	4.3436976855909994e-05	0.0	0.0	0.0	0.0	0.0	0.0	0.0	0.0	0.0	0.0	0.0	0.0	0.0	0.0	0.0	0.0	0.0	0.0	0.0
Sor-CPnd_015-Ex1-5F-lcwgs-1-2-L2-clmp.r1r2_fastp	98.58611170532448	1.2282390571361632	0.14312053703307562	0.02954089376483411	0.007894549195774633	0.0022919658955474743	0.001527977263698316	0.000763988631849158	0.0005093257545661054	0.0	0.0	0.0	0.0	0.0	0.0	0.0	0.0	0.0	0.0	0.0	0.0	0.0	0.0	0.0	0.0	0.0	0.0	0.0	0.0	0.0	0.0
Sor-CPnd_015-Ex1-5F-lcwgs-1-2-L3-clmp.r1r2_fastp	98.94906494751984	0.9363844637434067	0.08524694975757899	0.019979753849432576	0.005594331077841121	0.0013319835899621717	0.0021311737439394744	0.0002663967179924343	0.0	0.0	0.0	0.0	0.0	0.0	0.0	0.0	0.0	0.0	0.0	0.0	0.0	0.0	0.0	0.0	0.0	0.0	0.0	0.0	0.0	0.0	0.0
Sor-CPnd_016-Ex1-1B-lcwgs-1-2-L2-clmp.r1r2_fastp	96.69378609886252	2.9151399047396107	0.29667353012836745	0.06325213428179687	0.019109406127431075	0.007548215420335274	0.0023886757659288844	0.0010510173370087091	0.0004777351531857769	0.00019109406127431076	0.00028664109191146614	9.554703063715538e-05	0.0	0.0	0.0	0.0	0.0	0.0	0.0	0.0	0.0	0.0	0.0	0.0	0.0	0.0	0.0	0.0	0.0	0.0	0.0
Sor-CPnd_016-Ex1-1B-lcwgs-1-2-L3-clmp.r1r2_fastp	97.5609275567902	2.1985956153251536	0.19041129070577342	0.034767734151997576	0.010662105139945924	0.003013203626506457	0.0013907093660799031	0.00011589244717332527	0.00011589244717332527	0.0	0.0	0.0	0.0	0.0	0.0	0.0	0.0	0.0	0.0	0.0	0.0	0.0	0.0	0.0	0.0	0.0	0.0	0.0	0.0	0.0	0.0
Sor-CPnd_017-Ex1-3G-lcwgs-1-2-L2-clmp.r1r2_fastp	98.48898158993536	1.3543908257094939	0.1231618147786395	0.02354277976021387	0.005837052833110877	0.002723957988785076	0.0005837052833110876	0.0005837052833110876	0.0	0.0	0.00019456842777036256	0.0	0.0	0.0	0.0	0.0	0.0	0.0	0.0	0.0	0.0	0.0	0.0	0.0	0.0	0.0	0.0	0.0	0.0	0.0	0.0
Sor-CPnd_017-Ex1-3G-lcwgs-1-2-L3-clmp.r1r2_fastp	98.94358786658736	0.9589605160818044	0.0782358054627808	0.011895502584984216	0.003660154641533605	0.002287596650958503	0.0002287596650958503	0.000686278995287551	0.0004575193301917006	0.0	0.0	0.0	0.0	0.0	0.0	0.0	0.0	0.0	0.0	0.0	0.0	0.0	0.0	0.0	0.0	0.0	0.0	0.0	0.0	0.0	0.0
Sor-CPnd_018-Ex1-1E-lcwgs-1-2-L2-clmp.r1r2_fastp	98.48158148533965	1.3721938309232513	0.11234335457851181	0.022513251611963676	0.007132911401810273	0.002526239454807805	0.0008916139252262841	0.0005201081230486658	7.430116043552368e-05	7.430116043552368e-05	0.00014860232087104735	0.0	0.0	0.0	0.0	0.0	0.0	0.0	0.0	0.0	0.0	0.0	0.0	0.0	0.0	0.0	0.0	0.0	0.0	0.0	0.0
Sor-CPnd_018-Ex1-1E-lcwgs-1-2-L3-clmp.r1r2_fastp	98.7550388331337	1.1275857738918327	0.09150919490706591	0.01654233597333977	0.0055642402819415585	0.002255773087273605	0.0009775016711518955	0.00022557730872736052	0.00015038487248490698	0.00015038487248490698	0.0	0.0	0.0	0.0	0.0	0.0	0.0	0.0	0.0	0.0	0.0	0.0	0.0	0.0	0.0	0.0	0.0	0.0	0.0	0.0	0.0
Sor-CPnd_019-Ex1-6G-lcwgs-1-2-L2-clmp.r1r2_fastp	97.60433940144931	2.0739309931503382	0.23638723367207068	0.054566474924730664	0.018222570475791317	0.006681609174456815	0.0030370950792985526	0.0016197840422925614	0.0005061825132164255	0.00020247300528657017	0.00010123650264328509	0.00020247300528657017	0.00020247300528657017	0.0	0.0	0.0	0.0	0.0	0.0	0.0	0.0	0.0	0.0	0.0	0.0	0.0	0.0	0.0	0.0	0.0	0.0
Sor-CPnd_019-Ex1-6G-lcwgs-1-2-L3-clmp.r1r2_fastp	98.27023655576124	1.5319790515024931	0.1481917441722776	0.032710044797520134	0.01043438705010499	0.0036344494219466813	0.0018758448629402225	0.00023448060786752782	0.0003517209118012917	0.00023448060786752782	0.0	0.00011724030393376391	0.0	0.0	0.0	0.0	0.0	0.0	0.0	0.0	0.0	0.0	0.0	0.0	0.0	0.0	0.0	0.0	0.0	0.0	0.0
Sor-CPnd_020-Ex1-2E-lcwgs-1-2-L2-clmp.r1r2_fastp	97.56649142257669	2.0572702454609395	0.26727704063993896	0.06592515766007415	0.025511724664115495	0.008225742999177426	0.004649332999535067	0.002503486999749651	0.0008344956665832171	0.00023842733330949062	0.0007152819999284718	0.00023842733330949062	0.0	0.0	0.0	0.0	0.00011921366665474531	0.0	0.0	0.0	0.0	0.0	0.0	0.0	0.0	0.0	0.0	0.0	0.0	0.0	0.0
Sor-CPnd_020-Ex1-2E-lcwgs-1-2-L3-clmp.r1r2_fastp	98.25083024349695	1.5383681548635602	0.15596643635211377	0.03425911827523344	0.011728346796926761	0.004629610577734248	0.0022633651713367432	0.0008230418804860885	0.0006172814103645665	0.0003086407051822832	0.0	0.0	0.00020576047012152212	0.0	0.0	0.0	0.0	0.0	0.0	0.0	0.0	0.0	0.0	0.0	0.0	0.0	0.0	0.0	0.0	0.0	0.0
Sor-CPnd_022-Ex1-7C-lcwgs-1-2-L2-clmp.r1r2_fastp	97.49765382723061	2.173033701845418	0.23841222813639323	0.0594691175800891	0.018483644653270934	0.0073220234858367966	0.003125253926881559	0.0012501015707526238	0.0005357578160368387	0.0005357578160368387	8.929296933947312e-05	0.0	0.0	8.929296933947312e-05	0.0	0.0	0.0	0.0	0.0	0.0	0.0	0.0	0.0	0.0	0.0	0.0	0.0	0.0	0.0	0.0	0.0
Sor-CPnd_022-Ex1-7C-lcwgs-1-2-L3-clmp.r1r2_fastp	98.12972094464271	1.6540322774134257	0.16127231968221217	0.0367191827478258	0.010744533588142207	0.0034424233826086683	0.0019820013415019606	0.0012517903209486067	0.0002086317201581011	0.0006258951604743033	0.0	0.0	0.0	0.0	0.0	0.0	0.0	0.0	0.0	0.0	0.0	0.0	0.0	0.0	0.0	0.0	0.0	0.0	0.0	0.0	0.0
Sor-CPnd_024-Ex1-5G-lcwgs-1-2-L2-clmp.r1r2_fastp	98.45135831883033	1.3460649548467956	0.15201010091609352	0.03381449183643713	0.009306740872413889	0.003722696348965556	0.002481797565977037	0.0003102246957471296	0.0	0.0	0.0003102246957471296	0.0006204493914942592	0.0	0.0	0.0	0.0	0.0	0.0	0.0	0.0	0.0	0.0	0.0	0.0	0.0	0.0	0.0	0.0	0.0	0.0	0.0
Sor-CPnd_024-Ex1-5G-lcwgs-1-2-L3-clmp.r1r2_fastp	98.88843010414413	0.9873703113837604	0.09634479639788435	0.019334499957398558	0.004260144058409852	0.001966220334650701	0.0016385169455422509	0.00032770338910845015	0.0	0.0	0.0	0.00032770338910845015	0.0	0.0	0.0	0.0	0.0	0.0	0.0	0.0	0.0	0.0	0.0	0.0	0.0	0.0	0.0	0.0	0.0	0.0	0.0
Sor-CPnd_026-Ex1-3H-lcwgs-1-2-L2-clmp.r1r2_fastp	97.63116808866215	2.079301902835195	0.20963438590318706	0.05350807752074354	0.015942475151728384	0.005314158383909462	0.0025654557715424986	0.0012827278857712493	0.000916234204122321	0.0003664936816489284	0.0	0.0	0.0	0.0	0.0	0.0	0.0	0.0	0.0	0.0	0.0	0.0	0.0	0.0	0.0	0.0	0.0	0.0	0.0	0.0	0.0
Sor-CPnd_026-Ex1-3H-lcwgs-1-2-L3-clmp.r1r2_fastp	98.25517278783661	1.5626836124996613	0.1407884151246983	0.027796107640991802	0.009491353828631347	0.0029377999945763692	0.0	0.000677953844902239	0.00022598461496741302	0.00022598461496741302	0.0	0.0	0.0	0.0	0.0	0.0	0.0	0.0	0.0	0.0	0.0	0.0	0.0	0.0	0.0	0.0	0.0	0.0	0.0	0.0	0.0
Sor-CPnd_027-Ex1-3C-lcwgs-1-2-L2-clmp.r1r2_fastp	96.93360464979796	2.64960374920371	0.3044307316047757	0.0720261983292056	0.02390202729739564	0.00810961640447352	0.004268219160249221	0.002347520538137072	0.0010670547900623053	0.0004268219160249221	0.00021341095801246106	0.0	0.0	0.0	0.0	0.0	0.0	0.0	0.0	0.0	0.0	0.0	0.0	0.0	0.0	0.0	0.0	0.0	0.0	0.0	0.0
Sor-CPnd_027-Ex1-3C-lcwgs-1-2-L3-clmp.r1r2_fastp	97.72541197329996	2.0064142678347934	0.19946808510638298	0.04393512724238632	0.013428243637880683	0.005475594493116395	0.002216312056737589	0.001434084272006675	0.0009125990821860659	0.0003911138923654568	0.00026074259491030456	0.0005214851898206091	0.00013037129745515228	0.0	0.0	0.0	0.0	0.0	0.0	0.0	0.0	0.0	0.0	0.0	0.0	0.0	0.0	0.0	0.0	0.0	0.0
Sor-CPnd_028-Ex1-3A-lcwgs-1-2-L2-clmp.r1r2_fastp	96.96972073914097	2.5958134402894926	0.31053193955652236	0.0800079485020734	0.026756470795355702	0.008715462799790132	0.003747649003909757	0.0023531749559433358	0.0014816286759643223	0.0006100823959853092	0.00026146388399370395	0.0	0.0	0.0	0.0	0.0	0.0	0.0	0.0	0.0	0.0	0.0	0.0	0.0	0.0	0.0	0.0	0.0	0.0	0.0	0.0
Sor-CPnd_028-Ex1-3A-lcwgs-1-2-L3-clmp.r1r2_fastp	97.69378989611684	2.0118676899688595	0.21393717970723095	0.05282021103564393	0.016959680912798633	0.006334338654177803	0.0023498353071949914	0.00081733401989391	0.0007151672674071712	0.00010216675248673876	0.0	0.0002043335049734775	0.0	0.0	0.0	0.0	0.0	0.0	0.00010216675248673876	0.0	0.0	0.0	0.0	0.0	0.0	0.0	0.0	0.0	0.0	0.0	0.0
Sor-CPnd_029-Ex1-8E-lcwgs-1-2-L2-clmp.r1r2_fastp	97.56566782380425	2.098751632713674	0.23894305541805452	0.06316885373120981	0.020055632023862367	0.007536829868839998	0.002938086220056271	0.0014051716704616948	0.0008303287143637287	0.0004471000769650847	0.00012774287913288132	6.387143956644066e-05	6.387143956644066e-05	0.0	0.0	0.0	0.0	0.0	0.0	0.0	0.0	0.0	0.0	0.0	0.0	0.0	0.0	0.0	0.0	0.0	0.0
Sor-CPnd_029-Ex1-8E-lcwgs-1-2-L3-clmp.r1r2_fastp	98.19006467849613	1.5894884161664946	0.1630972317137873	0.037990519836946436	0.011280709913269536	0.004002832549869835	0.00218336320901991	0.001164460378143952	0.000363893868169985	0.000145557547267994	0.000145557547267994	0.0	0.0	0.0	0.0	7.2778773633997e-05	0.0	0.0	0.0	0.0	0.0	0.0	0.0	0.0	0.0	0.0	0.0	0.0	0.0	0.0	0.0
Sor-CPnd_030-Ex1-2H-lcwgs-1-2-L2-clmp.r1r2_fastp	97.9788991164195	1.7231013654151264	0.21443810921150586	0.053826569923535884	0.01584411130813758	0.006945363861101405	0.0030385966892318645	0.0026045114479130264	0.0013022557239565132	0.0	0.0	0.0	0.0	0.0	0.0	0.0	0.0	0.0	0.0	0.0	0.0	0.0	0.0	0.0	0.0	0.0	0.0	0.0	0.0	0.0	0.0
Sor-CPnd_030-Ex1-2H-lcwgs-1-2-L3-clmp.r1r2_fastp	98.55663843210338	1.2787660299250727	0.12468780312693334	0.02463204686581072	0.00954730498674834	0.003818921994699336	0.0013366226981447677	0.00019094609973496684	0.00019094609973496684	0.00019094609973496684	0.0	0.0	0.0	0.0	0.0	0.0	0.0	0.0	0.0	0.0	0.0	0.0	0.0	0.0	0.0	0.0	0.0	0.0	0.0	0.0	0.0
Sor-CPnd_031-Ex1-5D-lcwgs-1-2-L2-clmp.r1r2_fastp	97.43209601824681	2.1893384142525347	0.26966885943562857	0.06453138255705604	0.023225734670319735	0.010847947929849937	0.005006745198392278	0.002503372599196139	0.0012516862995980696	0.001112610044087173	0.00013907625551089661	0.00013907625551089661	0.0	0.0	0.00013907625551089661	0.0	0.0	0.0	0.0	0.0	0.0	0.0	0.0	0.0	0.0	0.0	0.0	0.0	0.0	0.0	0.0
Sor-CPnd_031-Ex1-5D-lcwgs-1-2-L3-clmp.r1r2_fastp	98.03920178641053	1.7265799454152342	0.1712685641370999	0.039414454329564384	0.012760075142664728	0.006947152022117464	0.002410236415836671	0.0005671144507850991	0.0005671144507850991	0.0	0.00028355722539254955	0.0	0.0	0.0	0.0	0.0	0.0	0.0	0.0	0.0	0.0	0.0	0.0	0.0	0.0	0.0	0.0	0.0	0.0	0.0	0.0
Sor-CPnd_033-Ex1-2F-lcwgs-1-2-L2-clmp.r1r2_fastp	98.06692588665017	1.6828090020030633	0.18710969718392836	0.04477436078708613	0.010368799340167314	0.002827854365500177	0.0025921998350418285	0.0016495817132084365	0.0004713090609166961	0.0004713090609166961	0.0	0.0	0.0	0.0	0.0	0.0	0.0	0.0	0.0	0.0	0.0	0.0	0.0	0.0	0.0	0.0	0.0	0.0	0.0	0.0	0.0
Sor-CPnd_033-Ex1-2F-lcwgs-1-2-L3-clmp.r1r2_fastp	98.62800511171204	1.2169775478816667	0.11479003581855453	0.02763087587844853	0.007110887174600723	0.003250691279817474	0.0006095046149657763	0.0006095046149657763	0.00020316820498859212	0.00020316820498859212	0.00040633640997718423	0.0	0.0	0.0	0.0	0.0	0.0	0.0	0.00020316820498859212	0.0	0.0	0.0	0.0	0.0	0.0	0.0	0.0	0.0	0.0	0.0	0.0
Sor-CPnd_034-Ex1-4G-lcwgs-1-2-L2-clmp.r1r2_fastp	98.41958208822706	1.385917743909037	0.14955148427767187	0.035237548243533076	0.006381603225206778	0.0027746100979159903	0.00027746100979159907	0.00027746100979159907	0.0	0.0	0.0	0.0	0.0	0.0	0.0	0.0	0.0	0.0	0.0	0.0	0.0	0.0	0.0	0.0	0.0	0.0	0.0	0.0	0.0	0.0	0.0
Sor-CPnd_034-Ex1-4G-lcwgs-1-2-L3-clmp.r1r2_fastp	98.88143847411952	1.0073049595778913	0.0862738044082916	0.014323450152727952	0.007328276822325928	0.0013324139676956232	0.0013324139676956232	0.0006662069838478116	0.0	0.0	0.0	0.0	0.0	0.0	0.0	0.0	0.0	0.0	0.0	0.0	0.0	0.0	0.0	0.0	0.0	0.0	0.0	0.0	0.0	0.0	0.0
Sor-CPnd_036-Ex1-5C-lcwgs-1-2-L2-clmp.r1r2_fastp	97.75189358128775	1.9148527956044443	0.23204017395366425	0.06339743518446429	0.020715390005449957	0.010288180271163065	0.0034757365780956296	0.0016683535574859025	0.0009732062418667765	0.00027805892624765044	0.00027805892624765044	0.0	0.0	0.0	0.0	0.00013902946312382522	0.0	0.0	0.0	0.0	0.0	0.0	0.0	0.0	0.0	0.0	0.0	0.0	0.0	0.0	0.0
Sor-CPnd_036-Ex1-5C-lcwgs-1-2-L3-clmp.r1r2_fastp	98.2577261418552	1.5271025250472878	0.15962438569461457	0.03508228257024496	0.012278798899585736	0.005408518562912765	0.0010232332416321448	0.0005847047095040828	0.0007308808868801034	0.0	0.0	0.0001461761773760207	0.0	0.0001461761773760207	0.0	0.0001461761773760207	0.0	0.0	0.0	0.0	0.0	0.0	0.0	0.0	0.0	0.0	0.0	0.0	0.0	0.0	0.0
Sor-CPnd_037-Ex1-6C-lcwgs-1-2-L2-clmp.r1r2_fastp	97.16183702169049	2.4100545750384192	0.3046445495727448	0.07648736302287695	0.02599767325843193	0.01084072861741563	0.0050188558413961255	0.0015056567524188377	0.00200754233655845	0.001003771168279225	0.000200754233655845	0.0	0.000200754233655845	0.0001003771168279225	0.0	0.0001003771168279225	0.0	0.0	0.0	0.0	0.0	0.0	0.0	0.0	0.0	0.0	0.0	0.0	0.0	0.0	0.0
Sor-CPnd_037-Ex1-6C-lcwgs-1-2-L3-clmp.r1r2_fastp	97.86194700188994	1.8627366237358458	0.19939119688449797	0.045204682597715706	0.01787161870142249	0.00712528588749524	0.0031538150649569096	0.001401695584425293	0.0005840398268438722	0.00023361593073754886	0.00023361593073754886	0.0	0.0	0.0	0.0	0.00011680796536877443	0.0	0.0	0.0	0.0	0.0	0.0	0.0	0.0	0.0	0.0	0.0	0.0	0.0	0.0	0.0
Sor-CPnd_038-Ex1-2A-lcwgs-1-2-L2-clmp.r1r2_fastp	96.64525377221744	2.7933040577524126	0.38939018715333307	0.10519240403867515	0.0397591628824145	0.015868006710918793	0.005527058517286321	0.002496090943290597	0.001426337681880341	0.0007131688409401705	0.0007131688409401705	0.0	0.0	0.00017829221023504262	0.00017829221023504262	0.0	0.0	0.0	0.0	0.0	0.0	0.0	0.0	0.0	0.0	0.0	0.0	0.0	0.0	0.0	0.0
Sor-CPnd_038-Ex1-2A-lcwgs-1-2-L3-clmp.r1r2_fastp	97.51982709617015	2.1471628025741025	0.2413601281579723	0.058820131988120465	0.01945472065756956	0.006687560226039536	0.0037997501284315546	0.0012159200410980975	0.0010639300359608353	0.0004559700154117866	0.0	0.00015199000513726218	0.0	0.0	0.0	0.0	0.0	0.0	0.0	0.0	0.0	0.0	0.0	0.0	0.0	0.0	0.0	0.0	0.0	0.0	0.0
Sor-CPnd_041-Ex1-7A-lcwgs-1-2-L2-clmp.r1r2_fastp	98.70152133489835	1.2203740276278756	0.06393559909668006	0.011020363182191092	0.0020991167966078273	0.0005247791991519568	0.0002623895995759784	0.00017492639971731892	8.746319985865946e-05	0.0	0.0	0.0	0.0	0.0	0.0	0.0	0.0	0.0	0.0	0.0	0.0	0.0	0.0	0.0	0.0	0.0	0.0	0.0	0.0	0.0	0.0
Sor-CPnd_041-Ex1-7A-lcwgs-1-2-L3-clmp.r1r2_fastp	98.9430000105419	0.9980532646470752	0.05016181798375846	0.0057980385060036055	0.001756981365455638	0.0005270944096366914	0.0004392453413639095	8.78490682727819e-05	0.0001756981365455638	0.0	0.0	0.0	0.0	0.0	0.0	0.0	0.0	0.0	0.0	0.0	0.0	0.0	0.0	0.0	0.0	0.0	0.0	0.0	0.0	0.0	0.0
Sor-CPnd_043-Ex1-1D-lcwgs-1-2-L2-clmp.r1r2_fastp	97.62871402515543	2.089184021435474	0.2150493110741713	0.04521378372584285	0.01362424206805309	0.00467498502335155	0.0017364230086734328	0.0009349970046703101	0.0005342840026687486	0.00013357100066718714	6.678550033359357e-05	6.678550033359357e-05	0.0	0.0	0.0	0.0	6.678550033359357e-05	0.0	0.0	0.0	0.0	0.0	0.0	0.0	0.0	0.0	0.0	0.0	0.0	0.0	0.0
Sor-CPnd_043-Ex1-1D-lcwgs-1-2-L3-clmp.r1r2_fastp	98.27206436162528	1.5498621217570945	0.1374939668661828	0.02728359879122129	0.007992941617709899	0.0032279187302289977	0.0010759729100763326	0.0007685520786259518	0.00015371041572519037	7.685520786259519e-05	0.0	0.0	0.0	0.0	0.0	0.0	0.0	0.0	0.0	0.0	0.0	0.0	0.0	0.0	0.0	0.0	0.0	0.0	0.0	0.0	0.0
Sor-CPnd_044-Ex1-8G-lcwgs-1-2-L2-clmp.r1r2_fastp	98.00482450825757	1.7611797134417235	0.17473313993212292	0.038999296383451676	0.013441010764009454	0.0038693818866087823	0.0023419942997895257	0.0003054775173638512	0.00020365167824256747	0.00010182583912128374	0.0	0.0	0.0	0.0	0.0	0.0	0.0	0.0	0.0	0.0	0.0	0.0	0.0	0.0	0.0	0.0	0.0	0.0	0.0	0.0	0.0
Sor-CPnd_044-Ex1-8G-lcwgs-1-2-L3-clmp.r1r2_fastp	98.60927531529296	1.2494810728788406	0.10986939737649534	0.02135355280172928	0.006441853917840118	0.001670110274995586	0.0010736423196400196	0.0005964679553555665	0.00023858718214222658	0.0	0.0	0.0	0.0	0.0	0.0	0.0	0.0	0.0	0.0	0.0	0.0	0.0	0.0	0.0	0.0	0.0	0.0	0.0	0.0	0.0	0.0
Sor-CPnd_045-Ex1-7B-lcwgs-1-2-L2-clmp.r1r2_fastp	97.22862152072355	2.4283969327158728	0.2542254919900593	0.05771098526258498	0.019236995087528328	0.006099535027752885	0.003127966680898915	0.0015639833404494576	0.0007037925032022559	0.00023459750106741864	7.819916702247288e-05	0.0	0.0	0.0	0.0	0.0	0.0	0.0	0.0	0.0	0.0	0.0	0.0	0.0	0.0	0.0	0.0	0.0	0.0	0.0	0.0
Sor-CPnd_045-Ex1-7B-lcwgs-1-2-L3-clmp.r1r2_fastp	97.96118400828234	1.8300756193300687	0.15800356746079577	0.034758916082445905	0.010651925896233424	0.0036440799118693285	0.001121255357498255	0.00037375178583275165	0.00018687589291637582	0.0	0.0	0.0	0.0	0.0	0.0	0.0	0.0	0.0	0.0	0.0	0.0	0.0	0.0	0.0	0.0	0.0	0.0	0.0	0.0	0.0	0.0
Sor-CPnd_046-Ex1-5A-lcwgs-1-2-L2-clmp.r1r2_fastp	98.56627173733953	1.269565477884457	0.12222338720548806	0.027859742671839192	0.008987013765109417	0.004193939757051061	0.0008987013765109418	0.0	0.0	0.0	0.0	0.0	0.0	0.0	0.0	0.0	0.0	0.0	0.0	0.0	0.0	0.0	0.0	0.0	0.0	0.0	0.0	0.0	0.0	0.0	0.0
Sor-CPnd_046-Ex1-5A-lcwgs-1-2-L3-clmp.r1r2_fastp	98.87466452787118	1.0145911096029863	0.08267267174630595	0.014807045685905542	0.007403522842952771	0.0033932813030200203	0.0015424005922818273	0.00030848011845636546	0.00030848011845636546	0.0	0.0	0.00030848011845636546	0.0	0.0	0.0	0.0	0.0	0.0	0.0	0.0	0.0	0.0	0.0	0.0	0.0	0.0	0.0	0.0	0.0	0.0	0.0
Sor-CPnd_049-Ex1-3B-lcwgs-1-2-L2-clmp.r1r2_fastp	97.97250210190768	1.788532351394003	0.1796175652040986	0.0415885476379953	0.01303857169191204	0.0015736207214376598	0.0013488177612322799	0.0006744088806161399	0.0008992118408215199	0.00022480296020537996	0.0	0.0	0.0	0.0	0.0	0.0	0.0	0.0	0.0	0.0	0.0	0.0	0.0	0.0	0.0	0.0	0.0	0.0	0.0	0.0	0.0
Sor-CPnd_049-Ex1-3B-lcwgs-1-2-L3-clmp.r1r2_fastp	98.56433761754968	1.2957321272153328	0.108253130526281	0.020934447633581058	0.0077126912334246	0.00192817280835615	0.00027545325833659283	0.0005509065166731857	0.0	0.0	0.00027545325833659283	0.0	0.0	0.0	0.0	0.0	0.0	0.0	0.0	0.0	0.0	0.0	0.0	0.0	0.0	0.0	0.0	0.0	0.0	0.0	0.0
Sor-CPnd_050-Ex1-3F-lcwgs-1-2-L2-clmp.r1r2_fastp	97.92985659825639	1.817953622328924	0.18312383575076369	0.04271666228735249	0.01578021029515599	0.006238687791108181	0.002715664097305914	0.0006605669425879252	0.00044037796172528344	0.0002935853078168556	0.0001467926539084278	7.33963269542139e-05	0.0	0.0	0.0	0.0	0.0	0.0	0.0	0.0	0.0	0.0	0.0	0.0	0.0	0.0	0.0	0.0	0.0	0.0	0.0
Sor-CPnd_050-Ex1-3F-lcwgs-1-2-L3-clmp.r1r2_fastp	98.479215096173	1.3566447250778526	0.12415947745054708	0.026822495807930686	0.008519094580506288	0.0027834665461060146	0.0008434747109412165	0.0005060848265647299	0.00025304241328236496	8.434747109412165e-05	0.0	0.0	8.434747109412165e-05	0.0	0.0	8.434747109412165e-05	0.0	0.0	0.0	0.0	0.0	0.0	0.0	0.0	0.0	0.0	0.0	0.0	0.0	0.0	0.0
Sor-CPnd_052-Ex1-6D-lcwgs-1-2-L2-clmp.r1r2_fastp	98.27023372738148	1.527618636973987	0.1538398069816124	0.031007504348369977	0.009182479828487246	0.0049239384587540305	0.0019961912670624447	0.0006653970890208149	0.00039923825341248897	0.000133079417804163	0.0	0.0	0.0	0.0	0.0	0.0	0.0	0.0	0.0	0.0	0.0	0.0	0.0	0.0	0.0	0.0	0.0	0.0	0.0	0.0	0.0
Sor-CPnd_052-Ex1-6D-lcwgs-1-2-L3-clmp.r1r2_fastp	98.74379778296067	1.131632582613681	0.0981548685715315	0.018010067627803942	0.004952768597646084	0.0013507550720852958	0.0012006711751869296	0.0004502516906950986	0.0003001677937967324	0.0	0.0001500838968983662	0.0	0.0	0.0	0.0	0.0	0.0	0.0	0.0	0.0	0.0	0.0	0.0	0.0	0.0	0.0	0.0	0.0	0.0	0.0	0.0
Sor-CPnd_053-Ex1-2C-lcwgs-1-2-L2-clmp.r1r2_fastp	97.01223488609921	2.5023713891894293	0.3347734582264973	0.09670821538142313	0.03168027745253517	0.014635917653510395	0.004631619510604556	0.0007410591216967289	0.0009263239021209111	0.00018526478042418224	0.0005557943412725467	0.00018526478042418224	0.00037052956084836447	0.0	0.0	0.0	0.0	0.0	0.0	0.0	0.0	0.0	0.0	0.0	0.0	0.0	0.0	0.0	0.0	0.0	0.0
Sor-CPnd_053-Ex1-2C-lcwgs-1-2-L3-clmp.r1r2_fastp	97.869497824099	1.851137240659191	0.20640253195753264	0.046858076775904894	0.014754619330821265	0.005350576240847272	0.0027563574574061703	0.0016213867396506884	0.0008106933698253442	0.00048641602189520655	0.00016213867396506885	0.0	0.0	0.0	0.00016213867396506885	0.0	0.0	0.0	0.0	0.0	0.0	0.0	0.0	0.0	0.0	0.0	0.0	0.0	0.0	0.0	0.0
Sor-CPnd_054-Ex1-8F-lcwgs-1-2-L2-clmp.r1r2_fastp	98.79500887758765	1.0913776737277507	0.08877587656956241	0.01746007544719926	0.004180581445104047	0.0014754993335661343	0.0012295827779717787	0.0	0.00024591655559435573	0.0	0.00024591655559435573	0.0	0.0	0.0	0.0	0.0	0.0	0.0	0.0	0.0	0.0	0.0	0.0	0.0	0.0	0.0	0.0	0.0	0.0	0.0	0.0
Sor-CPnd_054-Ex1-8F-lcwgs-1-2-L3-clmp.r1r2_fastp	99.17250993239006	0.7488673590297623	0.056876001951627515	0.015334216212448595	0.004739666829302293	0.0008364117934062871	0.0008364117934062871	0.0	0.0	0.0	0.0	0.0	0.0	0.0	0.0	0.0	0.0	0.0	0.0	0.0	0.0	0.0	0.0	0.0	0.0	0.0	0.0	0.0	0.0	0.0	0.0
Sor-CPnd_055-Ex1-7G-lcwgs-1-2-L2-clmp.r1r2_fastp	98.37974961125951	1.4402336429966907	0.1376540010366413	0.027710218890793826	0.008970934173278577	0.003588373669311431	0.0006977393245883338	0.0009967704636976197	0.00019935409273952396	0.0	9.967704636976198e-05	9.967704636976198e-05	0.0	0.0	0.0	0.0	0.0	0.0	0.0	0.0	0.0	0.0	0.0	0.0	0.0	0.0	0.0	0.0	0.0	0.0	0.0
Sor-CPnd_055-Ex1-7G-lcwgs-1-2-L3-clmp.r1r2_fastp	98.88199135281968	1.0136300040091684	0.08322238962805903	0.014143130821622392	0.0047923005263348604	0.0012857391656020357	0.00035065613607328244	0.00023377075738218833	0.00023377075738218833	0.0	0.00011688537869109417	0.0	0.0	0.0	0.0	0.0	0.0	0.0	0.0	0.0	0.0	0.0	0.0	0.0	0.0	0.0	0.0	0.0	0.0	0.0	0.0
Sor-CPnd_058-Ex1-2G-lcwgs-1-2-L2-clmp.r1r2_fastp	98.19166631125516	1.5607303469290077	0.17675798372689233	0.04478184842410543	0.016111987792799837	0.0059235249238234694	0.002843291963435265	0.0004738819939058775	0.0007108229908588163	0.0	0.0	0.0	0.0	0.0	0.0	0.0	0.0	0.0	0.0	0.0	0.0	0.0	0.0	0.0	0.0	0.0	0.0	0.0	0.0	0.0	0.0
Sor-CPnd_058-Ex1-2G-lcwgs-1-2-L3-clmp.r1r2_fastp	98.79188208003495	1.0849552182913256	0.09070766542186345	0.023093006563823036	0.005201127604464648	0.002080451041785859	0.0010402255208929296	0.0006241353125357577	0.0004160902083571719	0.0	0.0	0.0	0.0	0.0	0.0	0.0	0.0	0.0	0.0	0.0	0.0	0.0	0.0	0.0	0.0	0.0	0.0	0.0	0.0	0.0	0.0
Sor-CPnd_063-Ex1-7D-lcwgs-1-2-L2-clmp.r1r2_fastp	98.31975793193293	1.496276996458048	0.14546559395329284	0.025596950008948526	0.007908000815772717	0.0024972634155071734	0.0015607896346919831	0.0005202632115639945	0.00031215792693839667	0.00010405264231279888	0.0	0.0	0.0	0.0	0.0	0.0	0.0	0.0	0.0	0.0	0.0	0.0	0.0	0.0	0.0	0.0	0.0	0.0	0.0	0.0	0.0
Sor-CPnd_063-Ex1-7D-lcwgs-1-2-L3-clmp.r1r2_fastp	98.76957039115642	1.1211299169896973	0.08463842512671821	0.017957233053759167	0.004788595481002445	0.0015562935313257946	0.0	0.00011971488702506112	0.00023942977405012224	0.0	0.0	0.0	0.0	0.0	0.0	0.0	0.0	0.0	0.0	0.0	0.0	0.0	0.0	0.0	0.0	0.0	0.0	0.0	0.0	0.0	0.0
Sor-CPnd_066-Ex1-8B-lcwgs-1-2-L2-clmp.r1r2_fastp	97.42289969069307	2.247072287800902	0.24302687155391736	0.05475308963862961	0.020309416708063115	0.007410192582671677	0.002195612617087904	0.0013722578856799402	0.0006861289428399701	0.000137225788567994	0.0	0.000137225788567994	0.0	0.0	0.0	0.0	0.0	0.0	0.0	0.0	0.0	0.0	0.0	0.0	0.0	0.0	0.0	0.0	0.0	0.0	0.0
Sor-CPnd_066-Ex1-8B-lcwgs-1-2-L3-clmp.r1r2_fastp	98.14242373167032	1.6517781897859432	0.15944715995280634	0.03455250294960391	0.006910500589920782	0.0026967807180178663	0.0010112927692566998	0.0010112927692566998	0.00016854879487611664	0.0	0.0	0.0	0.0	0.0	0.0	0.0	0.0	0.0	0.0	0.0	0.0	0.0	0.0	0.0	0.0	0.0	0.0	0.0	0.0	0.0	0.0
Sor-CPnd_069-Ex1-6B-lcwgs-1-2-L2-clmp.r1r2_fastp	96.8252987301922	2.7072026057779346	0.33614341472754083	0.0847023240427365	0.02750704943877137	0.009815290768900796	0.004604704311336176	0.0029082343018965325	0.0008482350047198219	0.0008482350047198219	0.00012117642924568883	0.0	0.0	0.0	0.0	0.0	0.0	0.0	0.0	0.0	0.0	0.0	0.0	0.0	0.0	0.0	0.0	0.0	0.0	0.0	0.0
Sor-CPnd_069-Ex1-6B-lcwgs-1-2-L3-clmp.r1r2_fastp	97.68484646533427	2.015980064760553	0.21847631603729165	0.05288054068541873	0.01593660130245496	0.0060848841336646215	0.003477076647808355	0.0011590255492694517	0.0002897563873173629	0.00014487819365868146	0.00014487819365868146	0.00014487819365868146	0.00014487819365868146	0.0002897563873173629	0.0	0.0	0.0	0.0	0.0	0.0	0.0	0.0	0.0	0.0	0.0	0.0	0.0	0.0	0.0	0.0	0.0
Sor-CPnd_072-Ex1-8C-lcwgs-1-2-L2-clmp.r1r2_fastp	96.2657270726235	3.1792101842305796	0.39504943721084956	0.09967655253603101	0.0364497689155427	0.01250380422345478	0.0065468031547333974	0.0023002281354468695	0.0009436833376192285	0.0008847031290180268	0.0002949010430060089	0.00011796041720240357	0.00011796041720240357	0.0	5.8980208601201784e-05	5.8980208601201784e-05	0.0	0.0	0.0	0.0	0.0	5.8980208601201784e-05	0.0	0.0	0.0	0.0	0.0	0.0	0.0	0.0	0.0
Sor-CPnd_072-Ex1-8C-lcwgs-1-2-L3-clmp.r1r2_fastp	97.19803575715495	2.4389156988486813	0.2687464870327484	0.05850752619541514	0.02213798288475167	0.007547039619801707	0.0030906924157283184	0.0011500250849221648	0.0012219016527298002	0.0002875062712305412	0.0003593828390381765	0.0	0.0	0.0	0.0	0.0	0.0	0.0	0.0	0.0	0.0	0.0	0.0	0.0	0.0	0.0	0.0	0.0	0.0	0.0	0.0
Undetermined-L2-clmp.r1r2_fastp	97.32462541986155	2.3126900455882153	0.2593028593764914	0.06344795534809307	0.022441855708526314	0.00964431647220846	0.0039060191897751497	0.0018393799457304795	0.0009871575770522651	0.0005113334212069287	0.00023436115138650895	0.00016334262066332444	0.0001349352083740506	2.1305559216955363e-05	2.8407412289273815e-05	7.101853072318454e-06	0.0	7.101853072318454e-06	7.101853072318454e-06	0.0	0.0	0.0	0.0	0.0	0.0	0.0	0.0	0.0	0.0	0.0	0.0
Undetermined-L3-clmp.r1r2_fastp	97.6986289421739	2.0121060045688908	0.21012663496442147	0.04920758947517279	0.016741092435476654	0.006868322607172645	0.0032246312964388634	0.0013850288608052387	0.0007670929075229015	0.0004900871353618537	0.0001775678026673383	0.00012074610581379005	4.261627264016119e-05	4.9718984746854726e-05	1.4205424213387063e-05	1.4205424213387063e-05	7.102712106693531e-06	7.102712106693531e-06	7.102712106693531e-06	0.0	0.0	7.102712106693531e-06	0.0	0.0	7.102712106693531e-06	0.0	0.0	0.0	0.0	0.0	0.0
