	24.0	25.0	26.0	27.0	28.0	29.0	30.0	31.0	32.0	33.0	34.0	35.0	36.0	37.0	38.0	39.0	40.0
Sor-CPnd_001-Ex1-3E-lcwgs-1-3.clmp.fp2_repr.R1	1.0	17.0	69.0	301.0	1064.0	2902.0	5513.0	8412.0	12705.0	17071.0	24122.0	36096.0	60602.0	101774.0	250678.0	2380857.0	2263017.0
	22.0	23.0	24.0	25.0	26.0	27.0	28.0	29.0	30.0	31.0	32.0	33.0	34.0	35.0	36.0	37.0	38.0	39.0	40.0
Sor-CPnd_001-Ex1-3E-lcwgs-1-3.clmp.fp2_repr.R2	4.0	16.0	72.0	188.0	452.0	1116.0	2590.0	4653.0	7217.0	10149.0	13961.0	18545.0	26842.0	39845.0	65614.0	110463.0	302002.0	3004156.0	1557316.0
	24.0	25.0	26.0	27.0	28.0	29.0	30.0	31.0	32.0	33.0	34.0	35.0	36.0	37.0	38.0	39.0	40.0
Sor-CPnd_002-Ex1-5E-lcwgs-1-3.clmp.fp2_repr.R1	3.0	14.0	47.0	245.0	934.0	2354.0	4669.0	7262.0	10754.0	14763.0	21390.0	31676.0	54263.0	92115.0	228935.0	2081835.0	2419203.0
	22.0	23.0	24.0	25.0	26.0	27.0	28.0	29.0	30.0	31.0	32.0	33.0	34.0	35.0	36.0	37.0	38.0	39.0	40.0
Sor-CPnd_002-Ex1-5E-lcwgs-1-3.clmp.fp2_repr.R2	2.0	14.0	45.0	138.0	343.0	842.0	2050.0	3680.0	5860.0	7881.0	11274.0	15386.0	22432.0	33720.0	55857.0	95340.0	261463.0	2697551.0	1756584.0
	23.0	24.0	25.0	26.0	27.0	28.0	29.0	30.0	31.0	32.0	33.0	34.0	35.0	36.0	37.0	38.0	39.0	40.0
Sor-CPnd_003-Ex1-2B-lcwgs-1-3.clmp.fp2_repr.R1	1.0	1.0	12.0	67.0	341.0	1344.0	3319.0	6689.0	10442.0	15221.0	20852.0	29909.0	43856.0	73832.0	122698.0	306772.0	3030774.0	2504552.0
	23.0	24.0	25.0	26.0	27.0	28.0	29.0	30.0	31.0	32.0	33.0	34.0	35.0	36.0	37.0	38.0	39.0	40.0
Sor-CPnd_003-Ex1-2B-lcwgs-1-3.clmp.fp2_repr.R2	19.0	95.0	236.0	501.0	1191.0	2825.0	5055.0	8030.0	10977.0	15864.0	21334.0	30752.0	46650.0	77034.0	130919.0	355662.0	3578272.0	1885266.0
	25.0	26.0	27.0	28.0	29.0	30.0	31.0	32.0	33.0	34.0	35.0	36.0	37.0	38.0	39.0	40.0
Sor-CPnd_004-Ex1-1G-lcwgs-1-3.clmp.fp2_repr.R1	20.0	93.0	453.0	1799.0	4515.0	9123.0	14480.0	21258.0	29262.0	42078.0	62790.0	106526.0	175033.0	421483.0	3919498.0	4238490.0
	22.0	23.0	24.0	25.0	26.0	27.0	28.0	29.0	30.0	31.0	32.0	33.0	34.0	35.0	36.0	37.0	38.0	39.0	40.0
Sor-CPnd_004-Ex1-1G-lcwgs-1-3.clmp.fp2_repr.R2	3.0	25.0	90.0	251.0	651.0	1525.0	3705.0	6902.0	10841.0	15453.0	22379.0	30629.0	46216.0	68620.0	115748.0	196868.0	534204.0	5160485.0	2832306.0
	23.0	24.0	25.0	26.0	27.0	28.0	29.0	30.0	31.0	32.0	33.0	34.0	35.0	36.0	37.0	38.0	39.0	40.0
Sor-CPnd_005-Ex1-3D-lcwgs-1-3.clmp.fp2_repr.R1	1.0	0.0	4.0	37.0	177.0	800.0	1952.0	3902.0	6196.0	9250.0	12625.0	18004.0	26600.0	44566.0	73195.0	178246.0	1767581.0	1455163.0
	22.0	23.0	24.0	25.0	26.0	27.0	28.0	29.0	30.0	31.0	32.0	33.0	34.0	35.0	36.0	37.0	38.0	39.0	40.0
Sor-CPnd_005-Ex1-3D-lcwgs-1-3.clmp.fp2_repr.R2	1.0	12.0	69.0	148.0	351.0	850.0	1817.0	3246.0	5243.0	7284.0	10400.0	14071.0	20700.0	30634.0	50587.0	85368.0	229923.0	2235326.0	902269.0
	24.0	25.0	26.0	27.0	28.0	29.0	30.0	31.0	32.0	33.0	34.0	35.0	36.0	37.0	38.0	39.0	40.0
Sor-CPnd_006-Ex1-2D-lcwgs-1-3.clmp.fp2_repr.R1	2.0	14.0	108.0	563.0	2061.0	5268.0	9882.0	15796.0	23322.0	31905.0	45653.0	67304.0	112477.0	186059.0	467040.0	4579117.0	3824107.0
	22.0	23.0	24.0	25.0	26.0	27.0	28.0	29.0	30.0	31.0	32.0	33.0	34.0	35.0	36.0	37.0	38.0	39.0	40.0
Sor-CPnd_006-Ex1-2D-lcwgs-1-3.clmp.fp2_repr.R2	6.0	20.0	110.0	367.0	849.0	1872.0	4549.0	8251.0	12616.0	17067.0	24522.0	32819.0	47598.0	71137.0	117775.0	196746.0	525963.0	5291149.0	3017262.0
	24.0	25.0	26.0	27.0	28.0	29.0	30.0	31.0	32.0	33.0	34.0	35.0	36.0	37.0	38.0	39.0	40.0
Sor-CPnd_007-Ex1-1C-lcwgs-1-3.clmp.fp2_repr.R1	1.0	3.0	17.0	123.0	482.0	1279.0	2548.0	4082.0	6145.0	8430.0	12352.0	18408.0	31474.0	53646.0	134668.0	1306946.0	1122076.0
	23.0	24.0	25.0	26.0	27.0	28.0	29.0	30.0	31.0	32.0	33.0	34.0	35.0	36.0	37.0	38.0	39.0	40.0
Sor-CPnd_007-Ex1-1C-lcwgs-1-3.clmp.fp2_repr.R2	13.0	40.0	110.0	230.0	517.0	1287.0	2204.0	3555.0	4843.0	7039.0	9611.0	14353.0	22034.0	36526.0	62817.0	176872.0	1638638.0	721991.0
	24.0	25.0	26.0	27.0	28.0	29.0	30.0	31.0	32.0	33.0	34.0	35.0	36.0	37.0	38.0	39.0	40.0
Sor-CPnd_008-Ex1-1A-lcwgs-1-3.clmp.fp2_repr.R1	2.0	21.0	104.0	474.0	1943.0	5291.0	11035.0	17715.0	27428.0	37601.0	55961.0	84303.0	144839.0	250423.0	647489.0	6643936.0	3914042.0
	22.0	23.0	24.0	25.0	26.0	27.0	28.0	29.0	30.0	31.0	32.0	33.0	34.0	35.0	36.0	37.0	38.0	39.0	40.0
Sor-CPnd_008-Ex1-1A-lcwgs-1-3.clmp.fp2_repr.R2	13.0	79.0	427.0	805.0	1587.0	3289.0	6635.0	11649.0	18006.0	25406.0	37472.0	53033.0	79134.0	118171.0	195466.0	337405.0	950275.0	8140318.0	1863437.0
	24.0	25.0	26.0	27.0	28.0	29.0	30.0	31.0	32.0	33.0	34.0	35.0	36.0	37.0	38.0	39.0	40.0
Sor-CPnd_009-Ex1-6A-lcwgs-1-3.clmp.fp2_repr.R1	2.0	17.0	119.0	518.0	2086.0	5171.0	9902.0	15684.0	23262.0	30889.0	42987.0	63124.0	105566.0	172314.0	408211.0	4237088.0	4219936.0
	22.0	23.0	24.0	25.0	26.0	27.0	28.0	29.0	30.0	31.0	32.0	33.0	34.0	35.0	36.0	37.0	38.0	39.0	40.0
Sor-CPnd_009-Ex1-6A-lcwgs-1-3.clmp.fp2_repr.R2	6.0	23.0	132.0	357.0	850.0	1868.0	4541.0	7944.0	12215.0	16696.0	24092.0	32414.0	47374.0	70078.0	114762.0	192647.0	515655.0	5687680.0	2607542.0
	26.0	27.0	28.0	29.0	30.0	31.0	32.0	33.0	34.0	35.0	36.0	37.0	38.0	39.0	40.0
Sor-CPnd_010-Ex1-1H-lcwgs-1-3.clmp.fp2_repr.R1	18.0	44.0	208.0	572.0	1140.0	1764.0	2698.0	3432.0	4987.0	7753.0	13140.0	22053.0	54612.0	552076.0	500986.0
	22.0	23.0	24.0	25.0	26.0	27.0	28.0	29.0	30.0	31.0	32.0	33.0	34.0	35.0	36.0	37.0	38.0	39.0	40.0
Sor-CPnd_010-Ex1-1H-lcwgs-1-3.clmp.fp2_repr.R2	1.0	8.0	13.0	42.0	98.0	182.0	474.0	970.0	1432.0	2014.0	2917.0	4136.0	6011.0	9013.0	15059.0	25640.0	73807.0	720767.0	302899.0
	24.0	25.0	26.0	27.0	28.0	29.0	30.0	31.0	32.0	33.0	34.0	35.0	36.0	37.0	38.0	39.0	40.0
Sor-CPnd_012-Ex1-5B-lcwgs-1-3.clmp.fp2_repr.R1	1.0	6.0	57.0	202.0	839.0	2134.0	4354.0	6756.0	10214.0	13765.0	19955.0	29747.0	50142.0	84078.0	206200.0	1954163.0	2063661.0
	22.0	23.0	24.0	25.0	26.0	27.0	28.0	29.0	30.0	31.0	32.0	33.0	34.0	35.0	36.0	37.0	38.0	39.0	40.0
Sor-CPnd_012-Ex1-5B-lcwgs-1-3.clmp.fp2_repr.R2	3.0	10.0	62.0	163.0	397.0	892.0	1982.0	3467.0	5296.0	7573.0	10876.0	14928.0	21684.0	32931.0	54517.0	92266.0	254831.0	2567583.0	1376813.0
	24.0	25.0	26.0	27.0	28.0	29.0	30.0	31.0	32.0	33.0	34.0	35.0	36.0	37.0	38.0	39.0	40.0
Sor-CPnd_013-Ex1-7F-lcwgs-1-3.clmp.fp2_repr.R1	2.0	11.0	56.0	229.0	704.0	1862.0	3840.0	5874.0	8720.0	12137.0	17488.0	26625.0	46210.0	77075.0	193740.0	1758420.0	1865200.0
	22.0	23.0	24.0	25.0	26.0	27.0	28.0	29.0	30.0	31.0	32.0	33.0	34.0	35.0	36.0	37.0	38.0	39.0	40.0
Sor-CPnd_013-Ex1-7F-lcwgs-1-3.clmp.fp2_repr.R2	2.0	12.0	57.0	176.0	343.0	812.0	1818.0	3277.0	5081.0	6863.0	9735.0	13323.0	19136.0	28694.0	48476.0	82981.0	232768.0	2227028.0	1337611.0
	24.0	25.0	26.0	27.0	28.0	29.0	30.0	31.0	32.0	33.0	34.0	35.0	36.0	37.0	38.0	39.0	40.0
Sor-CPnd_014-Ex1-1F-lcwgs-1-3.clmp.fp2_repr.R1	1.0	13.0	104.0	440.0	1648.0	3976.0	8016.0	12365.0	19319.0	26416.0	38288.0	58184.0	99262.0	166100.0	406505.0	3873725.0	3954226.0
	22.0	23.0	24.0	25.0	26.0	27.0	28.0	29.0	30.0	31.0	32.0	33.0	34.0	35.0	36.0	37.0	38.0	39.0	40.0
Sor-CPnd_014-Ex1-1F-lcwgs-1-3.clmp.fp2_repr.R2	3.0	18.0	117.0	272.0	660.0	1512.0	3857.0	6822.0	10861.0	14905.0	21814.0	30192.0	43890.0	66361.0	111342.0	188942.0	519957.0	5080327.0	2566736.0
	24.0	25.0	26.0	27.0	28.0	29.0	30.0	31.0	32.0	33.0	34.0	35.0	36.0	37.0	38.0	39.0	40.0
Sor-CPnd_015-Ex1-5F-lcwgs-1-3.clmp.fp2_repr.R1	2.0	6.0	42.0	175.0	690.0	1696.0	3369.0	5111.0	7843.0	11044.0	15442.0	23193.0	39899.0	66531.0	163023.0	1507304.0	1844091.0
	23.0	24.0	25.0	26.0	27.0	28.0	29.0	30.0	31.0	32.0	33.0	34.0	35.0	36.0	37.0	38.0	39.0	40.0
Sor-CPnd_015-Ex1-5F-lcwgs-1-3.clmp.fp2_repr.R2	10.0	44.0	121.0	321.0	652.0	1560.0	2814.0	4490.0	6120.0	8682.0	11756.0	17073.0	25816.0	42748.0	72584.0	201197.0	2050088.0	1243385.0
	24.0	25.0	26.0	27.0	28.0	29.0	30.0	31.0	32.0	33.0	34.0	35.0	36.0	37.0	38.0	39.0	40.0
Sor-CPnd_016-Ex1-1B-lcwgs-1-3.clmp.fp2_repr.R1	2.0	28.0	158.0	671.0	2787.0	7414.0	14831.0	23970.0	36270.0	49688.0	72353.0	108789.0	186398.0	317768.0	809456.0	8435827.0	5706321.0
	22.0	23.0	24.0	25.0	26.0	27.0	28.0	29.0	30.0	31.0	32.0	33.0	34.0	35.0	36.0	37.0	38.0	39.0	40.0
Sor-CPnd_016-Ex1-1B-lcwgs-1-3.clmp.fp2_repr.R2	12.0	73.0	380.0	757.0	1678.0	3440.0	7675.0	13612.0	21313.0	30217.0	44381.0	61989.0	92135.0	138708.0	231909.0	402461.0	1132637.0	10569739.0	3019615.0
	24.0	25.0	26.0	27.0	28.0	29.0	30.0	31.0	32.0	33.0	34.0	35.0	36.0	37.0	38.0	39.0	40.0
Sor-CPnd_017-Ex1-3G-lcwgs-1-3.clmp.fp2_repr.R1	1.0	1.0	14.0	47.0	166.0	439.0	786.0	1251.0	1870.0	2483.0	3458.0	5149.0	8766.0	14590.0	35678.0	319942.0	344696.0
	23.0	24.0	25.0	26.0	27.0	28.0	29.0	30.0	31.0	32.0	33.0	34.0	35.0	36.0	37.0	38.0	39.0	40.0
Sor-CPnd_017-Ex1-3G-lcwgs-1-3.clmp.fp2_repr.R2	3.0	11.0	27.0	68.0	152.0	337.0	633.0	1029.0	1314.0	1839.0	2446.0	3666.0	5392.0	8945.0	15810.0	43666.0	419148.0	234851.0
	25.0	26.0	27.0	28.0	29.0	30.0	31.0	32.0	33.0	34.0	35.0	36.0	37.0	38.0	39.0	40.0
Sor-CPnd_018-Ex1-1E-lcwgs-1-3.clmp.fp2_repr.R1	2.0	45.0	193.0	664.0	1716.0	3410.0	5272.0	8141.0	11137.0	16091.0	24763.0	42266.0	71646.0	180857.0	1711683.0	1697307.0
	22.0	23.0	24.0	25.0	26.0	27.0	28.0	29.0	30.0	31.0	32.0	33.0	34.0	35.0	36.0	37.0	38.0	39.0	40.0
Sor-CPnd_018-Ex1-1E-lcwgs-1-3.clmp.fp2_repr.R2	1.0	8.0	45.0	109.0	292.0	667.0	1634.0	2854.0	4452.0	6363.0	9104.0	12341.0	18194.0	27387.0	45875.0	78155.0	217568.0	2143568.0	1206576.0
	23.0	24.0	25.0	26.0	27.0	28.0	29.0	30.0	31.0	32.0	33.0	34.0	35.0	36.0	37.0	38.0	39.0	40.0
Sor-CPnd_019-Ex1-6G-lcwgs-1-3.clmp.fp2_repr.R1	1.0	2.0	23.0	116.0	446.0	1833.0	4522.0	8809.0	13542.0	20029.0	26886.0	37888.0	55487.0	92207.0	148261.0	346189.0	3137762.0	4107695.0
	22.0	23.0	24.0	25.0	26.0	27.0	28.0	29.0	30.0	31.0	32.0	33.0	34.0	35.0	36.0	37.0	38.0	39.0	40.0
Sor-CPnd_019-Ex1-6G-lcwgs-1-3.clmp.fp2_repr.R2	3.0	24.0	93.0	284.0	631.0	1523.0	3495.0	6256.0	9769.0	13320.0	19329.0	25943.0	38174.0	56282.0	93927.0	158665.0	424978.0	4352181.0	2796821.0
	24.0	25.0	26.0	27.0	28.0	29.0	30.0	31.0	32.0	33.0	34.0	35.0	36.0	37.0	38.0	39.0	40.0
Sor-CPnd_020-Ex1-2E-lcwgs-1-3.clmp.fp2_repr.R1	1.0	22.0	110.0	582.0	2161.0	5267.0	10211.0	16032.0	24188.0	32705.0	46381.0	68452.0	114900.0	190994.0	476088.0	4808910.0	3694228.0
	22.0	23.0	24.0	25.0	26.0	27.0	28.0	29.0	30.0	31.0	32.0	33.0	34.0	35.0	36.0	37.0	38.0	39.0	40.0
Sor-CPnd_020-Ex1-2E-lcwgs-1-3.clmp.fp2_repr.R2	3.0	26.0	142.0	321.0	790.0	1886.0	4426.0	8277.0	12590.0	17841.0	25367.0	34839.0	50371.0	74097.0	122808.0	207052.0	546790.0	5633720.0	2749886.0
	24.0	25.0	26.0	27.0	28.0	29.0	30.0	31.0	32.0	33.0	34.0	35.0	36.0	37.0	38.0	39.0	40.0
Sor-CPnd_022-Ex1-7C-lcwgs-1-3.clmp.fp2_repr.R1	1.0	9.0	73.0	343.0	1333.0	3559.0	7481.0	11294.0	17292.0	23355.0	33867.0	51179.0	86977.0	146274.0	372224.0	3491375.0	3092067.0
	22.0	23.0	24.0	25.0	26.0	27.0	28.0	29.0	30.0	31.0	32.0	33.0	34.0	35.0	36.0	37.0	38.0	39.0	40.0
Sor-CPnd_022-Ex1-7C-lcwgs-1-3.clmp.fp2_repr.R2	2.0	26.0	122.0	313.0	660.0	1444.0	3478.0	5968.0	9349.0	12745.0	18665.0	25818.0	38478.0	57497.0	96253.0	164298.0	460985.0	4271207.0	2171395.0
	24.0	25.0	26.0	27.0	28.0	29.0	30.0	31.0	32.0	33.0	34.0	35.0	36.0	37.0	38.0	39.0	40.0
Sor-CPnd_024-Ex1-5G-lcwgs-1-3.clmp.fp2_repr.R1	1.0	0.0	32.0	148.0	496.0	1195.0	2467.0	3851.0	5599.0	7732.0	11095.0	16385.0	27566.0	45408.0	108755.0	984679.0	1265724.0
	23.0	24.0	25.0	26.0	27.0	28.0	29.0	30.0	31.0	32.0	33.0	34.0	35.0	36.0	37.0	38.0	39.0	40.0
Sor-CPnd_024-Ex1-5G-lcwgs-1-3.clmp.fp2_repr.R2	9.0	22.0	88.0	174.0	405.0	958.0	1890.0	2870.0	3968.0	5626.0	7585.0	11360.0	16800.0	28336.0	48185.0	131466.0	1335381.0	886010.0
	24.0	25.0	26.0	27.0	28.0	29.0	30.0	31.0	32.0	33.0	34.0	35.0	36.0	37.0	38.0	39.0	40.0
Sor-CPnd_026-Ex1-3H-lcwgs-1-3.clmp.fp2_repr.R1	1.0	15.0	110.0	512.0	2146.0	5230.0	10176.0	15983.0	23396.0	31538.0	44204.0	66044.0	110239.0	181060.0	436665.0	4268567.0	4059375.0
	21.0	22.0	23.0	24.0	25.0	26.0	27.0	28.0	29.0	30.0	31.0	32.0	33.0	34.0	35.0	36.0	37.0	38.0	39.0	40.0
Sor-CPnd_026-Ex1-3H-lcwgs-1-3.clmp.fp2_repr.R2	1.0	5.0	43.0	138.0	370.0	933.0	2013.0	4765.0	8673.0	13345.0	18170.0	25656.0	34556.0	50327.0	74375.0	123590.0	210904.0	580369.0	5622535.0	2484493.0
	24.0	25.0	26.0	27.0	28.0	29.0	30.0	31.0	32.0	33.0	34.0	35.0	36.0	37.0	38.0	39.0	40.0
Sor-CPnd_027-Ex1-3C-lcwgs-1-3.clmp.fp2_repr.R1	1.0	9.0	54.0	239.0	939.0	2485.0	4907.0	7645.0	11560.0	15421.0	21890.0	32237.0	53714.0	90657.0	222409.0	2232515.0	1742429.0
	22.0	23.0	24.0	25.0	26.0	27.0	28.0	29.0	30.0	31.0	32.0	33.0	34.0	35.0	36.0	37.0	38.0	39.0	40.0
Sor-CPnd_027-Ex1-3C-lcwgs-1-3.clmp.fp2_repr.R2	3.0	28.0	102.0	206.0	476.0	1060.0	2413.0	4096.0	6416.0	8874.0	12773.0	17233.0	25805.0	38184.0	62744.0	106853.0	295487.0	2808329.0	1048029.0
	24.0	25.0	26.0	27.0	28.0	29.0	30.0	31.0	32.0	33.0	34.0	35.0	36.0	37.0	38.0	39.0	40.0
Sor-CPnd_028-Ex1-3A-lcwgs-1-3.clmp.fp2_repr.R1	1.0	15.0	99.0	427.0	1739.0	4416.0	8660.0	13517.0	20406.0	27226.0	38513.0	57464.0	97145.0	162100.0	398486.0	4010836.0	3213540.0
	22.0	23.0	24.0	25.0	26.0	27.0	28.0	29.0	30.0	31.0	32.0	33.0	34.0	35.0	36.0	37.0	38.0	39.0	40.0
Sor-CPnd_028-Ex1-3A-lcwgs-1-3.clmp.fp2_repr.R2	6.0	36.0	182.0	434.0	870.0	1862.0	4458.0	7642.0	12165.0	16316.0	23467.0	32022.0	46027.0	67998.0	112723.0	190161.0	521695.0	5070010.0	1946516.0
	23.0	24.0	25.0	26.0	27.0	28.0	29.0	30.0	31.0	32.0	33.0	34.0	35.0	36.0	37.0	38.0	39.0	40.0
Sor-CPnd_029-Ex1-8E-lcwgs-1-3.clmp.fp2_repr.R1	1.0	1.0	18.0	145.0	603.0	2224.0	5667.0	11119.0	17442.0	25842.0	35260.0	50052.0	75023.0	127450.0	213738.0	526195.0	5080482.0	4669966.0
	22.0	23.0	24.0	25.0	26.0	27.0	28.0	29.0	30.0	31.0	32.0	33.0	34.0	35.0	36.0	37.0	38.0	39.0	40.0
Sor-CPnd_029-Ex1-8E-lcwgs-1-3.clmp.fp2_repr.R2	10.0	49.0	189.0	418.0	1052.0	2390.0	5408.0	9739.0	15140.0	20425.0	29791.0	40222.0	58301.0	85422.0	142407.0	240615.0	648408.0	6404097.0	3137145.0
	24.0	25.0	26.0	27.0	28.0	29.0	30.0	31.0	32.0	33.0	34.0	35.0	36.0	37.0	38.0	39.0	40.0
Sor-CPnd_030-Ex1-2H-lcwgs-1-3.clmp.fp2_repr.R1	4.0	17.0	72.0	313.0	1193.0	2907.0	5541.0	8785.0	12937.0	17382.0	25012.0	36539.0	61125.0	101381.0	252077.0	2456254.0	2196568.0
	23.0	24.0	25.0	26.0	27.0	28.0	29.0	30.0	31.0	32.0	33.0	34.0	35.0	36.0	37.0	38.0	39.0	40.0
Sor-CPnd_030-Ex1-2H-lcwgs-1-3.clmp.fp2_repr.R2	16.0	69.0	180.0	392.0	979.0	2283.0	4275.0	6701.0	9285.0	13236.0	17626.0	25872.0	38468.0	64058.0	108450.0	296557.0	2932528.0	1657132.0
	24.0	25.0	26.0	27.0	28.0	29.0	30.0	31.0	32.0	33.0	34.0	35.0	36.0	37.0	38.0	39.0	40.0
Sor-CPnd_031-Ex1-5D-lcwgs-1-3.clmp.fp2_repr.R1	3.0	15.0	106.0	468.0	1833.0	4731.0	9427.0	15048.0	22610.0	30767.0	43899.0	65166.0	108783.0	180522.0	438762.0	4341849.0	4364105.0
	23.0	24.0	25.0	26.0	27.0	28.0	29.0	30.0	31.0	32.0	33.0	34.0	35.0	36.0	37.0	38.0	39.0	40.0
Sor-CPnd_031-Ex1-5D-lcwgs-1-3.clmp.fp2_repr.R2	34.0	140.0	348.0	751.0	1843.0	4293.0	7898.0	12034.0	17096.0	24397.0	33148.0	49203.0	72353.0	120437.0	203177.0	548061.0	5668044.0	2864837.0
	24.0	25.0	26.0	27.0	28.0	29.0	30.0	31.0	32.0	33.0	34.0	35.0	36.0	37.0	38.0	39.0	40.0
Sor-CPnd_033-Ex1-2F-lcwgs-1-3.clmp.fp2_repr.R1	1.0	8.0	46.0	214.0	784.0	2029.0	3937.0	5905.0	8924.0	12091.0	17219.0	25578.0	42322.0	70647.0	173270.0	1763081.0	1496161.0
	22.0	23.0	24.0	25.0	26.0	27.0	28.0	29.0	30.0	31.0	32.0	33.0	34.0	35.0	36.0	37.0	38.0	39.0	40.0
Sor-CPnd_033-Ex1-2F-lcwgs-1-3.clmp.fp2_repr.R2	5.0	11.0	44.0	157.0	262.0	688.0	1615.0	2883.0	4579.0	6465.0	9215.0	12649.0	18295.0	27270.0	45045.0	75905.0	203035.0	2112313.0	1101781.0
	25.0	26.0	27.0	28.0	29.0	30.0	31.0	32.0	33.0	34.0	35.0	36.0	37.0	38.0	39.0	40.0
Sor-CPnd_034-Ex1-4G-lcwgs-1-3.clmp.fp2_repr.R1	7.0	30.0	141.0	505.0	1352.0	2478.0	4106.0	6031.0	8278.0	11592.0	17300.0	29720.0	48458.0	116972.0	1068426.0	1337424.0
	22.0	23.0	24.0	25.0	26.0	27.0	28.0	29.0	30.0	31.0	32.0	33.0	34.0	35.0	36.0	37.0	38.0	39.0	40.0
Sor-CPnd_034-Ex1-4G-lcwgs-1-3.clmp.fp2_repr.R2	3.0	8.0	35.0	90.0	206.0	466.0	1131.0	2068.0	3283.0	4572.0	6534.0	8653.0	12691.0	18778.0	31307.0	53611.0	147592.0	1443691.0	918101.0
	24.0	25.0	26.0	27.0	28.0	29.0	30.0	31.0	32.0	33.0	34.0	35.0	36.0	37.0	38.0	39.0	40.0
Sor-CPnd_036-Ex1-5C-lcwgs-1-3.clmp.fp2_repr.R1	3.0	21.0	118.0	448.0	1828.0	4688.0	9518.0	14816.0	22419.0	30126.0	43688.0	64498.0	108603.0	180586.0	442961.0	4159162.0	4430814.0
	21.0	22.0	23.0	24.0	25.0	26.0	27.0	28.0	29.0	30.0	31.0	32.0	33.0	34.0	35.0	36.0	37.0	38.0	39.0	40.0
Sor-CPnd_036-Ex1-5C-lcwgs-1-3.clmp.fp2_repr.R2	1.0	3.0	38.0	155.0	341.0	842.0	1827.0	4183.0	7595.0	12020.0	16571.0	23792.0	32736.0	47685.0	71134.0	118380.0	200685.0	547452.0	5412864.0	3015993.0
	24.0	25.0	26.0	27.0	28.0	29.0	30.0	31.0	32.0	33.0	34.0	35.0	36.0	37.0	38.0	39.0	40.0
Sor-CPnd_037-Ex1-6C-lcwgs-1-3.clmp.fp2_repr.R1	2.0	10.0	71.0	253.0	1004.0	2646.0	5199.0	8029.0	12160.0	16083.0	23095.0	33951.0	56931.0	92743.0	224567.0	2109648.0	2329796.0
	22.0	23.0	24.0	25.0	26.0	27.0	28.0	29.0	30.0	31.0	32.0	33.0	34.0	35.0	36.0	37.0	38.0	39.0	40.0
Sor-CPnd_037-Ex1-6C-lcwgs-1-3.clmp.fp2_repr.R2	2.0	28.0	80.0	227.0	473.0	1089.0	2404.0	4167.0	6458.0	8795.0	12533.0	17256.0	25138.0	37445.0	61921.0	104042.0	283217.0	2797641.0	1553272.0
	24.0	25.0	26.0	27.0	28.0	29.0	30.0	31.0	32.0	33.0	34.0	35.0	36.0	37.0	38.0	39.0	40.0
Sor-CPnd_038-Ex1-2A-lcwgs-1-3.clmp.fp2_repr.R1	2.0	17.0	134.0	591.0	2382.0	6100.0	12081.0	19260.0	28338.0	37840.0	54312.0	79766.0	133640.0	221235.0	547237.0	5797839.0	4175575.0
	22.0	23.0	24.0	25.0	26.0	27.0	28.0	29.0	30.0	31.0	32.0	33.0	34.0	35.0	36.0	37.0	38.0	39.0	40.0
Sor-CPnd_038-Ex1-2A-lcwgs-1-3.clmp.fp2_repr.R2	10.0	63.0	241.0	521.0	1118.0	2518.0	5887.0	10523.0	16214.0	22401.0	31982.0	43617.0	63461.0	93792.0	153652.0	259757.0	697111.0	7073180.0	2640301.0
	24.0	25.0	26.0	27.0	28.0	29.0	30.0	31.0	32.0	33.0	34.0	35.0	36.0	37.0	38.0	39.0	40.0
Sor-CPnd_041-Ex1-7A-lcwgs-1-3.clmp.fp2_repr.R1	5.0	33.0	163.0	727.0	2822.0	7355.0	14880.0	22839.0	33526.0	44497.0	63045.0	93640.0	157122.0	262815.0	649216.0	7041923.0	5798177.0
	22.0	23.0	24.0	25.0	26.0	27.0	28.0	29.0	30.0	31.0	32.0	33.0	34.0	35.0	36.0	37.0	38.0	39.0	40.0
Sor-CPnd_041-Ex1-7A-lcwgs-1-3.clmp.fp2_repr.R2	2.0	34.0	210.0	535.0	1264.0	3057.0	7156.0	13041.0	19803.0	26674.0	37084.0	49477.0	71291.0	105105.0	174135.0	294416.0	814162.0	8900359.0	3674980.0
	24.0	25.0	26.0	27.0	28.0	29.0	30.0	31.0	32.0	33.0	34.0	35.0	36.0	37.0	38.0	39.0	40.0
Sor-CPnd_043-Ex1-1D-lcwgs-1-3.clmp.fp2_repr.R1	1.0	13.0	70.0	334.0	1492.0	3769.0	7561.0	12058.0	18414.0	25329.0	36698.0	55302.0	94099.0	158781.0	392645.0	3860577.0	3379451.0
	22.0	23.0	24.0	25.0	26.0	27.0	28.0	29.0	30.0	31.0	32.0	33.0	34.0	35.0	36.0	37.0	38.0	39.0	40.0
Sor-CPnd_043-Ex1-1D-lcwgs-1-3.clmp.fp2_repr.R2	2.0	22.0	117.0	311.0	703.0	1482.0	3594.0	6676.0	10642.0	14637.0	21294.0	29270.0	43205.0	65282.0	108683.0	184630.0	505930.0	4861221.0	2188893.0
	24.0	25.0	26.0	27.0	28.0	29.0	30.0	31.0	32.0	33.0	34.0	35.0	36.0	37.0	38.0	39.0	40.0
Sor-CPnd_044-Ex1-8G-lcwgs-1-3.clmp.fp2_repr.R1	2.0	24.0	141.0	603.0	2320.0	5725.0	11238.0	17443.0	25898.0	34791.0	50555.0	74207.0	123787.0	203157.0	486654.0	4431798.0	5162902.0
	22.0	23.0	24.0	25.0	26.0	27.0	28.0	29.0	30.0	31.0	32.0	33.0	34.0	35.0	36.0	37.0	38.0	39.0	40.0
Sor-CPnd_044-Ex1-8G-lcwgs-1-3.clmp.fp2_repr.R2	6.0	31.0	154.0	433.0	1045.0	2330.0	5266.0	9292.0	14306.0	19673.0	27710.0	37562.0	54393.0	80789.0	134546.0	225985.0	615397.0	5890090.0	3512237.0
	25.0	26.0	27.0	28.0	29.0	30.0	31.0	32.0	33.0	34.0	35.0	36.0	37.0	38.0	39.0	40.0
Sor-CPnd_045-Ex1-7B-lcwgs-1-3.clmp.fp2_repr.R1	15.0	111.0	452.0	1768.0	4753.0	9557.0	15135.0	22736.0	30910.0	45596.0	67567.0	114722.0	192693.0	488235.0	4810448.0	3799919.0
	22.0	23.0	24.0	25.0	26.0	27.0	28.0	29.0	30.0	31.0	32.0	33.0	34.0	35.0	36.0	37.0	38.0	39.0	40.0
Sor-CPnd_045-Ex1-7B-lcwgs-1-3.clmp.fp2_repr.R2	4.0	41.0	166.0	442.0	974.0	2002.0	4707.0	8123.0	12579.0	17598.0	25652.0	35268.0	51756.0	78239.0	130690.0	224822.0	626960.0	5962237.0	2422357.0
	24.0	25.0	26.0	27.0	28.0	29.0	30.0	31.0	32.0	33.0	34.0	35.0	36.0	37.0	38.0	39.0	40.0
Sor-CPnd_046-Ex1-5A-lcwgs-1-3.clmp.fp2_repr.R1	3.0	8.0	33.0	169.0	637.0	1592.0	3117.0	4947.0	7223.0	9749.0	13907.0	21034.0	35391.0	58821.0	146012.0	1426424.0	1495210.0
	22.0	23.0	24.0	25.0	26.0	27.0	28.0	29.0	30.0	31.0	32.0	33.0	34.0	35.0	36.0	37.0	38.0	39.0	40.0
Sor-CPnd_046-Ex1-5A-lcwgs-1-3.clmp.fp2_repr.R2	2.0	13.0	42.0	98.0	310.0	610.0	1441.0	2578.0	4137.0	5351.0	7848.0	10632.0	15426.0	23176.0	38133.0	64303.0	176225.0	1867672.0	1006280.0
	25.0	26.0	27.0	28.0	29.0	30.0	31.0	32.0	33.0	34.0	35.0	36.0	37.0	38.0	39.0	40.0
Sor-CPnd_049-Ex1-3B-lcwgs-1-3.clmp.fp2_repr.R1	2.0	29.0	144.0	497.0	1292.0	2490.0	4001.0	5828.0	7653.0	11067.0	16662.0	28157.0	46846.0	115917.0	1077981.0	1081235.0
	23.0	24.0	25.0	26.0	27.0	28.0	29.0	30.0	31.0	32.0	33.0	34.0	35.0	36.0	37.0	38.0	39.0	40.0
Sor-CPnd_049-Ex1-3B-lcwgs-1-3.clmp.fp2_repr.R2	14.0	35.0	87.0	246.0	442.0	1155.0	2080.0	3086.0	4288.0	6017.0	8381.0	12009.0	18042.0	30199.0	51479.0	143367.0	1385482.0	733392.0
	24.0	25.0	26.0	27.0	28.0	29.0	30.0	31.0	32.0	33.0	34.0	35.0	36.0	37.0	38.0	39.0	40.0
Sor-CPnd_050-Ex1-3F-lcwgs-1-3.clmp.fp2_repr.R1	2.0	18.0	93.0	479.0	1711.0	4313.0	8255.0	13144.0	19492.0	25768.0	37105.0	55281.0	94062.0	155648.0	377589.0	3566961.0	3724468.0
	22.0	23.0	24.0	25.0	26.0	27.0	28.0	29.0	30.0	31.0	32.0	33.0	34.0	35.0	36.0	37.0	38.0	39.0	40.0
Sor-CPnd_050-Ex1-3F-lcwgs-1-3.clmp.fp2_repr.R2	5.0	19.0	145.0	343.0	790.0	1791.0	4039.0	7149.0	11241.0	15183.0	21360.0	29079.0	41963.0	62679.0	103318.0	175681.0	479002.0	4719419.0	2411183.0
	24.0	25.0	26.0	27.0	28.0	29.0	30.0	31.0	32.0	33.0	34.0	35.0	36.0	37.0	38.0	39.0	40.0
Sor-CPnd_052-Ex1-6D-lcwgs-1-3.clmp.fp2_repr.R1	1.0	18.0	57.0	298.0	1163.0	2984.0	5835.0	9285.0	13724.0	18321.0	26328.0	38840.0	64788.0	106323.0	252698.0	2337940.0	2884321.0
	22.0	23.0	24.0	25.0	26.0	27.0	28.0	29.0	30.0	31.0	32.0	33.0	34.0	35.0	36.0	37.0	38.0	39.0	40.0
Sor-CPnd_052-Ex1-6D-lcwgs-1-3.clmp.fp2_repr.R2	1.0	16.0	99.0	195.0	469.0	1114.0	2617.0	4724.0	7145.0	9652.0	13612.0	18647.0	26841.0	39809.0	66691.0	111222.0	299227.0	3111498.0	2049345.0
	24.0	25.0	26.0	27.0	28.0	29.0	30.0	31.0	32.0	33.0	34.0	35.0	36.0	37.0	38.0	39.0	40.0
Sor-CPnd_053-Ex1-2C-lcwgs-1-3.clmp.fp2_repr.R1	1.0	11.0	51.0	267.0	976.0	2609.0	5069.0	7957.0	12122.0	16248.0	23081.0	33635.0	56296.0	93827.0	234907.0	2349638.0	1787254.0
	22.0	23.0	24.0	25.0	26.0	27.0	28.0	29.0	30.0	31.0	32.0	33.0	34.0	35.0	36.0	37.0	38.0	39.0	40.0
Sor-CPnd_053-Ex1-2C-lcwgs-1-3.clmp.fp2_repr.R2	4.0	22.0	76.0	201.0	486.0	981.0	2355.0	4084.0	6381.0	8877.0	12533.0	17241.0	25716.0	38364.0	62822.0	106341.0	288000.0	2779794.0	1269671.0
	25.0	26.0	27.0	28.0	29.0	30.0	31.0	32.0	33.0	34.0	35.0	36.0	37.0	38.0	39.0	40.0
Sor-CPnd_054-Ex1-8F-lcwgs-1-3.clmp.fp2_repr.R1	8.0	33.0	139.0	428.0	1026.0	2074.0	3190.0	4681.0	6235.0	8968.0	13398.0	23040.0	38331.0	93859.0	825564.0	1062850.0
	23.0	24.0	25.0	26.0	27.0	28.0	29.0	30.0	31.0	32.0	33.0	34.0	35.0	36.0	37.0	38.0	39.0	40.0
Sor-CPnd_054-Ex1-8F-lcwgs-1-3.clmp.fp2_repr.R2	4.0	27.0	82.0	192.0	405.0	965.0	1744.0	2688.0	3574.0	4895.0	6784.0	9772.0	14548.0	24569.0	41514.0	115708.0	1104407.0	751946.0
	24.0	25.0	26.0	27.0	28.0	29.0	30.0	31.0	32.0	33.0	34.0	35.0	36.0	37.0	38.0	39.0	40.0
Sor-CPnd_055-Ex1-7G-lcwgs-1-3.clmp.fp2_repr.R1	2.0	19.0	105.0	429.0	1566.0	4016.0	8094.0	12299.0	18459.0	25133.0	36742.0	54949.0	91922.0	152379.0	374955.0	3362670.0	3677099.0
	22.0	23.0	24.0	25.0	26.0	27.0	28.0	29.0	30.0	31.0	32.0	33.0	34.0	35.0	36.0	37.0	38.0	39.0	40.0
Sor-CPnd_055-Ex1-7G-lcwgs-1-3.clmp.fp2_repr.R2	4.0	24.0	100.0	273.0	648.0	1507.0	3563.0	6262.0	9858.0	13012.0	18890.0	25524.0	38046.0	56926.0	95703.0	162164.0	447269.0	4263603.0	2677462.0
	24.0	25.0	26.0	27.0	28.0	29.0	30.0	31.0	32.0	33.0	34.0	35.0	36.0	37.0	38.0	39.0	40.0
Sor-CPnd_058-Ex1-2G-lcwgs-1-3.clmp.fp2_repr.R1	1.0	7.0	63.0	305.0	1051.0	2467.0	4808.0	7437.0	10942.0	14875.0	21198.0	30967.0	51032.0	83241.0	203788.0	1978470.0	1848851.0
	23.0	24.0	25.0	26.0	27.0	28.0	29.0	30.0	31.0	32.0	33.0	34.0	35.0	36.0	37.0	38.0	39.0	40.0
Sor-CPnd_058-Ex1-2G-lcwgs-1-3.clmp.fp2_repr.R2	7.0	46.0	131.0	307.0	809.0	1908.0	3335.0	5361.0	7323.0	10588.0	14077.0	21024.0	30979.0	51545.0	86436.0	231262.0	2348717.0	1445648.0
	23.0	24.0	25.0	26.0	27.0	28.0	29.0	30.0	31.0	32.0	33.0	34.0	35.0	36.0	37.0	38.0	39.0	40.0
Sor-CPnd_063-Ex1-7D-lcwgs-1-3.clmp.fp2_repr.R1	1.0	3.0	16.0	116.0	446.0	1655.0	4209.0	8567.0	13299.0	20336.0	27907.0	39904.0	60108.0	102685.0	172637.0	433724.0	3993232.0	3915103.0
	22.0	23.0	24.0	25.0	26.0	27.0	28.0	29.0	30.0	31.0	32.0	33.0	34.0	35.0	36.0	37.0	38.0	39.0	40.0
Sor-CPnd_063-Ex1-7D-lcwgs-1-3.clmp.fp2_repr.R2	3.0	27.0	119.0	317.0	735.0	1710.0	4074.0	7018.0	11087.0	15173.0	21523.0	29183.0	42894.0	64230.0	107319.0	182145.0	504626.0	4852513.0	2949252.0
	26.0	27.0	28.0	29.0	30.0	31.0	32.0	33.0	34.0	35.0	36.0	37.0	38.0	39.0	40.0
Sor-CPnd_066-Ex1-8B-lcwgs-1-3.clmp.fp2_repr.R1	2.0	18.0	51.0	138.0	271.0	378.0	604.0	782.0	1132.0	1762.0	2998.0	5248.0	13604.0	116463.0	103028.0
	23.0	24.0	25.0	26.0	27.0	28.0	29.0	30.0	31.0	32.0	33.0	34.0	35.0	36.0	37.0	38.0	39.0	40.0
Sor-CPnd_066-Ex1-8B-lcwgs-1-3.clmp.fp2_repr.R2	2.0	4.0	11.0	25.0	57.0	107.0	182.0	300.0	417.0	600.0	785.0	1173.0	1892.0	3158.0	5505.0	16448.0	144500.0	71313.0
	24.0	25.0	26.0	27.0	28.0	29.0	30.0	31.0	32.0	33.0	34.0	35.0	36.0	37.0	38.0	39.0	40.0
Sor-CPnd_069-Ex1-6B-lcwgs-1-3.clmp.fp2_repr.R1	1.0	10.0	56.0	255.0	987.0	2520.0	5114.0	7791.0	11709.0	15841.0	22469.0	32670.0	54722.0	89385.0	213236.0	2063606.0	2141402.0
	22.0	23.0	24.0	25.0	26.0	27.0	28.0	29.0	30.0	31.0	32.0	33.0	34.0	35.0	36.0	37.0	38.0	39.0	40.0
Sor-CPnd_069-Ex1-6B-lcwgs-1-3.clmp.fp2_repr.R2	1.0	21.0	73.0	221.0	453.0	990.0	2273.0	3961.0	6111.0	8452.0	12221.0	16692.0	24252.0	36660.0	59890.0	100582.0	271618.0	2760627.0	1356676.0
	23.0	24.0	25.0	26.0	27.0	28.0	29.0	30.0	31.0	32.0	33.0	34.0	35.0	36.0	37.0	38.0	39.0	40.0
Sor-CPnd_072-Ex1-8C-lcwgs-1-3.clmp.fp2_repr.R1	1.0	6.0	20.0	132.0	543.0	2216.0	5931.0	11809.0	18576.0	27859.0	37867.0	54324.0	80593.0	135808.0	227631.0	566897.0	5565423.0	4522873.0
	22.0	23.0	24.0	25.0	26.0	27.0	28.0	29.0	30.0	31.0	32.0	33.0	34.0	35.0	36.0	37.0	38.0	39.0	40.0
Sor-CPnd_072-Ex1-8C-lcwgs-1-3.clmp.fp2_repr.R2	10.0	73.0	307.0	687.0	1280.0	2570.0	5767.0	10374.0	16040.0	22157.0	32049.0	44583.0	65292.0	97961.0	162992.0	278068.0	768313.0	6973144.0	2776842.0

