Sample	1	2	3	4	5	6	7	8	9	12	17	22	27	32	37	42	47	52	57	62	67	72	77	82	87	92	97	102	107	112	117	122	127	132	137	142	147	150
Sor-CPnd_001-Ex1-3E-lcwgs-1-3.clmp.fp2_repr.R1	39.75515841493874	39.59771168634096	39.67367233143492	39.62596460428161	39.557365531370415	39.255038477689446	39.49250377671653	38.948452925646066	39.147130963538494	39.48381625419804	39.64490613240414	39.66304691724484	39.63052295544743	39.604023318437626	39.616837102320304	39.620032023065754	39.622177340917816	39.6225300059307	39.62401331905097	39.616542830359705	39.60846509947824	39.60042898253211	39.59168245061441	39.58428223014751	39.57357449173404	39.561033014698616	39.557004802300455	39.538586734385504	39.519653893416226	39.50662906799097	39.501591345362506	39.502521013926	39.488689087999845	39.47947786892668	39.45430000136471	39.44420866233159	39.42040010465581	39.65947856484214
Sor-CPnd_001-Ex1-3E-lcwgs-1-3.clmp.fp2_repr.R2	39.249494453362026	39.2122428536663	39.484899038778934	39.47791615466659	39.58792155426284	39.53509882771261	39.550182848644226	39.59403554672897	39.62017509095968	39.60294826861529	39.56232487370772	39.62089095855127	39.58093743108932	39.565371142095465	39.56136135823088	39.546332902999254	39.54238200791034	39.52543840807097	39.51838686524296	39.50292730756276	39.48272364324323	39.46296472548629	39.450225185019455	39.4298624651146	39.42150836105283	39.38976818352579	39.368231682222316	39.33658015139514	39.312770156480255	39.30054998726549	39.26785672347263	39.2492508352607	39.22660542800245	39.20531985555441	39.176261988018055	39.15186561004287	39.12268380805201	39.490861027974326
Sor-CPnd_002-Ex1-5E-lcwgs-1-3.clmp.fp2_repr.R1	39.75203270842831	39.63162056162989	39.703507641744366	39.66013863500012	39.60704658842578	39.29944218465004	39.53818860299103	39.05687237926776	39.24014709296641	39.545977174757596	39.687474685451775	39.69623202028303	39.66243475958573	39.6401090395402	39.64623945559093	39.649240141532104	39.64672023208476	39.64728528538396	39.64482140022072	39.63673539126013	39.62784694760851	39.61781403966194	39.60965291658281	39.602449849551974	39.58847571880705	39.576722090768236	39.56814102746077	39.55245377573027	39.532530693599526	39.51515159488743	39.51398539972153	39.513975718010165	39.497696758073076	39.48860099192919	39.46283035209051	39.4507251907008	39.42844197811486	39.66445475472646
Sor-CPnd_002-Ex1-5E-lcwgs-1-3.clmp.fp2_repr.R2	39.098411375039184	39.265350383928094	39.53301966698468	39.51278412348792	39.629650523432225	39.56529835657128	39.58744358170327	39.645873562658764	39.64960842674182	39.64373533084047	39.60562330020831	39.663444243211195	39.626858026477215	39.611543506235584	39.60597957793429	39.589837709116566	39.58243144507163	39.56483400539089	39.55722995580524	39.54177138238021	39.51738779509744	39.49866057285031	39.484376974269665	39.4605791177087	39.452476990513816	39.42154024899069	39.39928759798882	39.36793491558409	39.34231155523271	39.32908152527411	39.29773654266873	39.277356814158104	39.26028308525429	39.23515785959291	39.206211451384284	39.17539782980225	39.14804475934733	39.50804507048986
Sor-CPnd_003-Ex1-2B-lcwgs-1-3.clmp.fp2_repr.R1	39.82266854782016	39.6810556758556	39.76744547847385	39.71008066855495	39.58593361317274	39.45867701495556	39.38413095991659	39.25910101995209	39.23575643664671	39.50580049336524	39.648505756738075	39.67395928035184	39.647867383216315	39.608306511108765	39.621847159413775	39.61942588261983	39.61556082953501	39.61419309750725	39.609537252185575	39.596936366386274	39.58714542536459	39.577876264250946	39.56360967773569	39.55774527718607	39.543875377253656	39.531561234753305	39.52447458274829	39.504363001821915	39.484478548121615	39.46859822087798	39.46428562867447	39.46529554857863	39.44614452040718	39.43603699456395	39.41174991904075	39.39373113403845	39.370501976485954	39.634567089693135
Sor-CPnd_003-Ex1-2B-lcwgs-1-3.clmp.fp2_repr.R2	39.15666760983632	39.20270206761587	39.48213309323021	39.47977743789098	39.604321856157874	39.54148147643972	39.558587527278185	39.608015451128416	39.63015562947499	39.618233705771914	39.57556730358168	39.63897099218531	39.60065419024996	39.58765406360393	39.58349697420925	39.56910025894667	39.56366942104998	39.54784255821947	39.53956490260749	39.52425142103995	39.502314662419096	39.48261510080778	39.46660852406117	39.446537847648194	39.435932428196224	39.404839778260495	39.383663989575155	39.34766346624044	39.32388018318501	39.30964947398145	39.275939137113895	39.25743011028963	39.23325567420813	39.20916393099721	39.17623736963844	39.149744312384016	39.122148955795666	39.49406635515846
Sor-CPnd_004-Ex1-1G-lcwgs-1-3.clmp.fp2_repr.R1	39.83060541946905	39.716099468757314	39.75437688552135	39.67831503848666	39.628088336547506	39.352705197061404	39.592824106287885	39.32805100884822	39.19637497967536	39.506820733420206	39.66598719274147	39.68183323770206	39.64457866843021	39.616189427662256	39.63287644823189	39.62843395176431	39.62923780849522	39.62829341823395	39.62548183195476	39.616904851378685	39.60702810291382	39.598647181294695	39.58982690665441	39.58102175634242	39.56886398719623	39.55822747735711	39.55240776278821	39.53494279402243	39.514184921402325	39.497954796510285	39.498472091149935	39.50111378078327	39.482754382575386	39.47685566067802	39.451126764804975	39.43703148368275	39.41660505349606	39.65354356060911
Sor-CPnd_004-Ex1-1G-lcwgs-1-3.clmp.fp2_repr.R2	39.21669000246604	39.262854318843544	39.5105453237523	39.50154246188833	39.574934223332384	39.55600663696884	39.5748656915777	39.61606388751242	39.6330938074817	39.61812328884775	39.588722458662915	39.63217274069872	39.60078431277186	39.58439399413779	39.57941681263603	39.562763445251626	39.55639028174851	39.537378262236416	39.528652552257974	39.51172648585179	39.48806426085446	39.46691855817338	39.45257263990478	39.43124494075423	39.42191112219714	39.389542668810726	39.36401302204196	39.329632239343454	39.30527465256207	39.29014485094062	39.256755409366164	39.236990522896775	39.21463048419172	39.18896301706746	39.15806617177464	39.12823650591398	39.10286793500334	39.48192370565178
Sor-CPnd_005-Ex1-3D-lcwgs-1-3.clmp.fp2_repr.R1	39.680649106702916	39.68162512342637	39.71182606003559	39.63150255162231	39.69626982082367	39.3603433177732	39.31170589214515	39.054962358603326	39.14543510697693	39.467509287027006	39.63850274810403	39.66444389418445	39.63227780681928	39.60069147393391	39.618454798517455	39.61595476382948	39.61853017639772	39.61827864464378	39.616843603059465	39.60808159501259	39.59938232487249	39.59380129341528	39.5838819846253	39.57615530733365	39.564473640718404	39.55381288498289	39.54775457032575	39.52994396355465	39.51094493730249	39.49458403535218	39.494201385889745	39.4951553679765	39.4797914589647	39.47096711575675	39.447707956646944	39.43407895472073	39.41526239436065	39.6547931781591
Sor-CPnd_005-Ex1-3D-lcwgs-1-3.clmp.fp2_repr.R2	39.23185038263913	39.115759974365666	39.41871645463593	39.43740750838104	39.57142638785715	39.517370846613915	39.51881930879007	39.561078164988515	39.603537115731626	39.58071344265721	39.537065041009654	39.60151727246679	39.5634261633066	39.55049781416686	39.5479132701868	39.53177672653812	39.52883789351334	39.5143778288504	39.50500842021369	39.49082131190728	39.47007998290792	39.4529205614332	39.43882426305454	39.41701689807663	39.41181928241774	39.378175884545115	39.3579705922031	39.321732377367006	39.30159271338747	39.28721777548795	39.25405418449813	39.236289583982554	39.21612579971874	39.19180106882226	39.16116554555164	39.13844872945967	39.10744549524007	39.48715729417805
Sor-CPnd_006-Ex1-2D-lcwgs-1-3.clmp.fp2_repr.R1	39.703946288625005	39.71246093399005	39.72890712923867	39.65181686960111	39.72264461546966	39.38303802563699	39.380662103638606	39.1652219828704	39.23909241145625	39.52052673243067	39.66659445559863	39.68712197772669	39.649614083420644	39.61686395587115	39.626360483934754	39.62078210492301	39.61475742082265	39.610560474678955	39.604324938418905	39.59310155388334	39.582183578798656	39.570335564386866	39.55789644024367	39.548531533216185	39.53432296755433	39.52208452689709	39.51482839109034	39.49190136736463	39.472584024536864	39.456054919645936	39.450547939289656	39.44945946142636	39.4342514736192	39.419709910082865	39.39530852011585	39.379612701626826	39.35521151496794	39.62972370528381
Sor-CPnd_006-Ex1-2D-lcwgs-1-3.clmp.fp2_repr.R2	39.15969538170024	39.21102955410483	39.48909353197282	39.486993363767276	39.602406997658015	39.54730234034293	39.56135596591837	39.61072229778891	39.6296524114904	39.61879402963158	39.579546581367964	39.63801432511074	39.59982874238129	39.58533224074535	39.58246634940416	39.56741404935821	39.561250921159434	39.54613811855096	39.53705743297384	39.52192934934491	39.49998673708524	39.48073873505717	39.46673709864033	39.445576188021604	39.435204977448464	39.404961889128444	39.38308505930574	39.35072476427769	39.32646275581583	39.3121407654362	39.27995753130746	39.26064810399331	39.23849712252552	39.213761617194656	39.18476979395784	39.15629569941425	39.128773471391305	39.49753870161879
Sor-CPnd_007-Ex1-1C-lcwgs-1-3.clmp.fp2_repr.R1	39.75159471339559	39.579867390886086	39.6873962141282	39.569374102742465	39.69026595823405	38.9148948451167	39.63838560243906	39.05789364630663	39.113133630322494	39.45725013690115	39.65099826838546	39.66844583894505	39.64076250240502	39.616203442778115	39.62658970357489	39.62955759822448	39.62777150023735	39.63059927602509	39.62614884499693	39.61879011661931	39.60765380145078	39.60283204651327	39.59127440155993	39.58507631120542	39.57195529778981	39.56071990589719	39.556051090979835	39.53720282126591	39.52039939146168	39.50040578717336	39.504185414568255	39.50561658659154	39.492492666096254	39.484317209129685	39.459772839945366	39.45046199873026	39.42614865052756	39.66255748071258
Sor-CPnd_007-Ex1-1C-lcwgs-1-3.clmp.fp2_repr.R2	39.191338967247326	39.14657451122589	39.44073290215638	39.45322420708334	39.54840824662927	39.51993280743558	39.53216807021179	39.56858377610372	39.60187517575147	39.58583006497255	39.548347566119546	39.60631846907514	39.573180990720324	39.55834818067487	39.55491679582593	39.53767298766878	39.531452860724	39.51502589423232	39.50682652938707	39.489507656954046	39.4665847436353	39.44552635293674	39.43051542885369	39.40836573203954	39.39961405114623	39.36707785458369	39.34502896078444	39.3096170322318	39.28474507983945	39.27044954301684	39.23442006938776	39.21454822474944	39.19309216019741	39.16924503264619	39.134797212895805	39.108750885232666	39.0816802021439	39.473214285714285
Sor-CPnd_008-Ex1-1A-lcwgs-1-3.clmp.fp2_repr.R1	39.7539798458228	39.66216019834146	39.62890772276746	39.610605333774906	39.67942801783425	39.169286627513685	39.60479411332319	38.63414770075541	38.91178285321804	39.4073250256468	39.61831701415069	39.64349755083488	39.634732115994396	39.605284906657786	39.615182770651614	39.62118845620671	39.62509172866816	39.624213955597995	39.62675870246992	39.60929760764643	39.60503875263011	39.59912559680133	39.59025252847864	39.58329844075733	39.56867188983575	39.560265143558624	39.556322428539396	39.53731381509469	39.520162681661006	39.504474546356136	39.50603721390842	39.5067218495391	39.495132343848546	39.484423759985425	39.461190250231695	39.453343159173656	39.430718499141165	39.66767683700362
Sor-CPnd_008-Ex1-1A-lcwgs-1-3.clmp.fp2_repr.R2	38.875589471135875	38.7657866211384	39.22331763605767	39.30451529802517	39.47157479767757	39.43577896319619	39.43305219872617	39.466783285133076	39.538386100290246	39.509443486556634	39.4702659642425	39.54592092771465	39.50258438872454	39.494676284173934	39.49596536073157	39.483105272629665	39.48301666168556	39.46860977113512	39.46008219383792	39.44228355373072	39.42748245262476	39.40687427486402	39.39240140387706	39.36976480299095	39.36389497980015	39.32986537906787	39.31152949596465	39.2734803017229	39.25204321250341	39.24061331583026	39.20699122741488	39.187677532378885	39.1664970508675	39.14607686830249	39.11603750432111	39.092603890584556	39.07280390067622	39.47507105957162
Sor-CPnd_009-Ex1-6A-lcwgs-1-3.clmp.fp2_repr.R1	39.77148330983511	39.695527283429705	39.67122407966005	39.6450315930082	39.735357736356356	39.332749412116	39.667024388028715	38.99732244489484	39.22009031714676	39.54183596312085	39.68190225510117	39.6945031293122	39.666318970070925	39.64219822525433	39.65010306518799	39.65349150509452	39.65324724706911	39.65305319438529	39.650985100955154	39.641457480445595	39.63520114579579	39.62855417242831	39.619855263651786	39.61353003626598	39.60176757549758	39.59312294505654	39.58811261683495	39.57186285983759	39.55567304862944	39.54256163694148	39.5407123977634	39.5427884641584	39.528848956644865	39.52123303632044	39.500784486948405	39.4896060918335	39.469316322539086	39.687595885161585
Sor-CPnd_009-Ex1-6A-lcwgs-1-3.clmp.fp2_repr.R2	39.1545471954431	39.1889475666165	39.47469838948273	39.45869860540078	39.60566810569188	39.52564305234427	39.54334576147311	39.614918308864766	39.630348309220345	39.62266402595472	39.57140345443165	39.65311652419932	39.61388181657334	39.60263043127018	39.60158283600945	39.586904168798554	39.58325574062136	39.568345858158786	39.56141328897192	39.547518864394334	39.529205557127696	39.51223885359511	39.499392907882914	39.48057639309444	39.47254257706167	39.44389428935199	39.42467543171757	39.39562549716877	39.373846198663145	39.36112875786468	39.33066340629712	39.31581194687479	39.29584250323624	39.273248380258835	39.24551721526994	39.2210013135836	39.196735093448964	39.53162571105467
Sor-CPnd_010-Ex1-1H-lcwgs-1-3.clmp.fp2_repr.R1	39.817895241715235	39.679672719379006	39.70934625387071	39.68486541631238	39.67904122153648	39.44589496371891	39.59792806930689	39.13568537679228	39.133924733350895	39.4817873791381	39.654701784582016	39.6762063453521	39.647313259824465	39.62203127466121	39.638518741272264	39.63894538573531	39.63724144446791	39.63994216230691	39.639222397523056	39.632537037889314	39.62149741996314	39.61690407744412	39.607223036525546	39.60113894408387	39.58934968577838	39.578254126869076	39.57319089750316	39.55627900579024	39.536587231106566	39.52293356376674	39.519687202649095	39.520987588991815	39.50965823419599	39.50407555556759	39.47814278464197	39.46583998198265	39.44509049204753	39.67125933392912
Sor-CPnd_010-Ex1-1H-lcwgs-1-3.clmp.fp2_repr.R2	39.245291437112336	39.184918184134816	39.46725263259953	39.4765603616698	39.55564517028562	39.54075692223739	39.552947576240925	39.586554244034446	39.614360741426516	39.595728123018525	39.56503115017551	39.61290417792451	39.58155580132872	39.56919079639384	39.563937481198124	39.550842933180874	39.54727412417159	39.531458095506665	39.5236944902516	39.5079705482979	39.482724883075534	39.463623380511436	39.454241577779136	39.431270815490755	39.42380903687028	39.393197364984026	39.370763617155376	39.334867733242916	39.312153546682566	39.298244920503365	39.26446459713711	39.2493714580727	39.2273274593778	39.20412462769033	39.17400292230425	39.15108588795107	39.12581644668701	39.4978940790844
Sor-CPnd_012-Ex1-5B-lcwgs-1-3.clmp.fp2_repr.R1	39.82230514808579	39.69070282218325	39.77476961608754	39.725101062147765	39.60119236916123	39.4691312321283	39.401662605588406	39.25857020957323	39.232939760347655	39.525922513997116	39.66451478248979	39.68769643976058	39.66513894555307	39.630107912630855	39.6451161281296	39.643039502421914	39.64427170386391	39.64415804041049	39.641592216150926	39.63091691686364	39.62319715301093	39.616902385971464	39.60754859425711	39.59906214573758	39.58777803905444	39.57738093543039	39.57049099422614	39.5521483970375	39.53427675797013	39.518417873261804	39.51778787724167	39.516957736427045	39.503413636848165	39.491523829891506	39.46949175336018	39.45843989737045	39.438437281728696	39.663597579028604
Sor-CPnd_012-Ex1-5B-lcwgs-1-3.clmp.fp2_repr.R2	39.12080272155967	39.20110456530569	39.48465524166976	39.47930604366712	39.609572419513505	39.55392672606322	39.5670100403169	39.61954031622882	39.63765166069388	39.62473729689173	39.58446231608758	39.64705638923736	39.60894555756123	39.59630218484644	39.5935653646812	39.57725827169039	39.57173134749072	39.55427335527519	39.545745327582914	39.52673580410844	39.50753174646648	39.48748441331049	39.47113342961118	39.4507053615334	39.4410412765155	39.40852839440063	39.38781251521757	39.353602415725604	39.33008768901266	39.31553044826944	39.28207028832428	39.26468032139814	39.24163319304945	39.219021483063344	39.18769799013237	39.15722671938164	39.13210621651146	39.499169094989966
Sor-CPnd_013-Ex1-7F-lcwgs-1-3.clmp.fp2_repr.R1	39.65502105050703	39.58754395321479	39.70069829896175	39.67253738185299	39.637160285730424	39.353923517362155	39.544177196067984	39.35430577874184	39.23952682213124	39.50213003705894	39.66846589997046	39.6868910975655	39.651148862187554	39.624266328401774	39.63556088301043	39.63306788288292	39.63102745095755	39.62982280048697	39.625861216254215	39.61858537656393	39.60919481282631	39.60043141225826	39.59009502879263	39.582895416000696	39.56976047786664	39.55885865684372	39.55475722684184	39.53703510900211	39.51627015181261	39.50081377745689	39.50032865152944	39.50189704470576	39.48772242206492	39.476810731855586	39.451408179243224	39.439704259968565	39.418979822035595	39.65540640853409
Sor-CPnd_013-Ex1-7F-lcwgs-1-3.clmp.fp2_repr.R2	39.1236936603095	39.209105187331716	39.48366044139741	39.45724657825047	39.57812081201674	39.52775887071626	39.54703221074747	39.604904990875255	39.61811889075512	39.609203639546436	39.565508177431994	39.631744517996026	39.592762816519766	39.58045181844672	39.57649722025568	39.561778067781326	39.55567315595687	39.53886379796547	39.53145824658789	39.5158204618127	39.49474195172721	39.4750802098787	39.46042956928154	39.44033449842458	39.42978153204282	39.39950375425948	39.377525832521826	39.34252981801677	39.32081378307347	39.307041278096634	39.275919437209	39.25808409657253	39.23394048797921	39.20747373362906	39.18195126326387	39.15546534543258	39.12992481255753	39.494148474228325
Sor-CPnd_014-Ex1-1F-lcwgs-1-3.clmp.fp2_repr.R1	39.65150310523467	39.57932433748149	39.69760288526805	39.66894262364298	39.633001360775246	39.35837116725354	39.544589730184434	39.3308225053492	39.211941321931555	39.495211446200926	39.668130588280356	39.68692460640649	39.65250469857375	39.627838779345566	39.643052806104805	39.64111923700473	39.641600444821265	39.64114465820127	39.63891427606521	39.63001453919878	39.621619284949254	39.613324295866704	39.60476157052122	39.59698925842565	39.584112333138805	39.57409724471185	39.56898744643331	39.550987754338635	39.53140564357435	39.51583088903864	39.51496557764529	39.51786123427494	39.50309781367883	39.49348026155171	39.469144997900834	39.45759471541862	39.43649693676024	39.66681183425452
Sor-CPnd_014-Ex1-1F-lcwgs-1-3.clmp.fp2_repr.R2	39.227753354986994	39.21660551868424	39.49357934648642	39.48334146230044	39.56920365808134	39.54502117299842	39.56145429913153	39.59899397687374	39.6218221468133	39.605421321211715	39.575402406943326	39.62508625395509	39.59063367644188	39.5753892876463	39.571852440687	39.55597237064714	39.5495066081293	39.533036555766365	39.5252476679143	39.50975724791649	39.485828824401736	39.46581820959402	39.45265112550483	39.431202302193604	39.42347194836977	39.38993434690164	39.36877433779574	39.33469660720395	39.30947888972764	39.29804706342625	39.26196201871543	39.24486360641622	39.22367992589515	39.19982320425292	39.170400043240605	39.14320554569142	39.11761392322002	39.491180609128115
Sor-CPnd_015-Ex1-5F-lcwgs-1-3.clmp.fp2_repr.R1	39.67210820225502	39.615376880254324	39.722873341119474	39.69861288681463	39.66890339808444	39.39702303398789	39.58050674610736	39.39389195332326	39.30290196860734	39.55643515407806	39.70250440375979	39.71507859820174	39.675797196392644	39.65353813774259	39.664190800325116	39.66230819224891	39.6602454444584	39.65737991759293	39.655482692397264	39.643692917989924	39.63684557350249	39.62755438996349	39.61704388160231	39.6097234553488	39.596835141393775	39.585222987399305	39.580038721798175	39.56441744180365	39.54211023771363	39.53001571461122	39.52703459049677	39.52708269486796	39.51087298983832	39.502656975735206	39.47975852448523	39.46674176196608	39.446815079427395	39.677043186085584
Sor-CPnd_015-Ex1-5F-lcwgs-1-3.clmp.fp2_repr.R2	39.09500927100191	39.21507016878617	39.49952364315546	39.49279312072956	39.619046793013936	39.55911717185789	39.57284600650339	39.62594319332824	39.63916788929331	39.630809378388875	39.59095184906413	39.653702261658275	39.61585933555064	39.60336929761089	39.59925516652184	39.58360299966437	39.57846022541257	39.56032637264194	39.55181682970549	39.53575697183144	39.51395198694492	39.49330179551813	39.478978900437504	39.45957484965176	39.44884611633697	39.41752559440442	39.397669880224	39.36665861736047	39.343104241881846	39.3302592477748	39.296517057477374	39.277385938119366	39.25809073692117	39.23527389203118	39.20420411765536	39.17719583630999	39.15196242571887	39.50782484946606
Sor-CPnd_016-Ex1-1B-lcwgs-1-3.clmp.fp2_repr.R1	39.7605173130766	39.67791297524823	39.75032884286177	39.68305780400363	39.53615210961247	39.42611054483843	39.235756445729024	39.127837785352455	39.07710110569945	39.42665426805288	39.610235868474525	39.65149533077055	39.64356244964806	39.5996318062046	39.624875889794716	39.62476848643963	39.63208239740262	39.631985398799664	39.6323161617213	39.61999016660981	39.61412382818033	39.608140606817095	39.60000077464171	39.59358066132147	39.58199640797485	39.572501737553054	39.569104169211	39.55129252547949	39.53388352390331	39.51945011720966	39.52178941353976	39.522366251028544	39.51034829750926	39.50035951754786	39.47900668617345	39.46900643297614	39.44912100079655	39.67148657839369
Sor-CPnd_016-Ex1-1B-lcwgs-1-3.clmp.fp2_repr.R2	39.09736265710738	39.001303705743794	39.37229462672	39.39937858573762	39.517932817087924	39.50045404312037	39.5041508030537	39.53366959723082	39.586039728947384	39.558414329135516	39.523255978942395	39.58566657860329	39.552248091975954	39.54161021902416	39.540098324022914	39.5266783595033	39.523404669525235	39.50867421270384	39.5001734968407	39.48357921286836	39.46576987884934	39.44582095086302	39.43277403371816	39.41154955341325	39.40421787471585	39.37136312874649	39.351677290483345	39.316705483875594	39.29360613420555	39.2813546018716	39.24726914221374	39.22983785282983	39.207043869539504	39.18502628987104	39.15444877625536	39.12952145843574	39.10486996135736	39.486223655296406
Sor-CPnd_017-Ex1-3G-lcwgs-1-3.clmp.fp2_repr.R1	39.81196125718042	39.702095255614154	39.741368279958934	39.664921409316726	39.60792439712878	39.317707621828745	39.5642474270867	39.33418725155105	39.21062249014996	39.48704420311712	39.651799382419654	39.66980903160534	39.6288058084473	39.60147209104001	39.61853276970514	39.61731736997329	39.616573376751575	39.620884177223076	39.6160990017721	39.61184226654151	39.59989449105457	39.59224146623506	39.58459918309497	39.57601211729605	39.56435587452849	39.55281332295999	39.55028585669693	39.52849861079132	39.51194904075709	39.49169089674168	39.495397449749134	39.49543360920485	39.4798305819685	39.46871149642021	39.4472263791686	39.43158800942323	39.413677676716944	39.65778872853846
Sor-CPnd_017-Ex1-3G-lcwgs-1-3.clmp.fp2_repr.R2	39.21782894674553	39.17753879489326	39.466792545212805	39.47691512801334	39.57615539327803	39.54092382769968	39.555493638219104	39.59311653549058	39.61745185213238	39.60340467202372	39.56492370867412	39.62300277140194	39.58653334000597	39.57190082438187	39.57232180081016	39.557021054022286	39.55319971629697	39.5381190903145	39.529896265085256	39.51467367280677	39.49460740243855	39.4756368597777	39.46259052166217	39.44001124410978	39.438054415435424	39.400931464928036	39.37686908205018	39.344761318480074	39.32359126033932	39.30984981864561	39.27729311691813	39.2614940037083	39.23474172879091	39.21261401550991	39.17827898642177	39.14846697076199	39.13063750070287	39.4980691454002
Sor-CPnd_018-Ex1-1E-lcwgs-1-3.clmp.fp2_repr.R1	39.74820042313068	39.59952352104912	39.67525156991974	39.63682598479071	39.569773518863805	39.25024654368664	39.485958996003646	38.91056483734739	39.117705505387406	39.487155861965206	39.652497766339366	39.672144761870456	39.64632420117329	39.624115323096994	39.63599707421141	39.63909629561213	39.64053210785032	39.6411735977851	39.64054557673971	39.63410245319942	39.6252957317907	39.61777523411807	39.60928584866057	39.60115277611381	39.589345427098934	39.578030737724575	39.570418548648526	39.55506640072653	39.53420444624505	39.52069168200944	39.51816125615498	39.519315754525664	39.50284855809112	39.49438153830044	39.47187744509623	39.458345974736645	39.4332418119253	39.66817775476878
Sor-CPnd_018-Ex1-1E-lcwgs-1-3.clmp.fp2_repr.R2	39.2100345598225	39.2426877248395	39.5144778028567	39.50319996884927	39.582555911711005	39.5556073557034	39.57590724500707	39.6153235079637	39.632225425296134	39.6181058822688	39.585426864268925	39.63445344383718	39.600644523339604	39.58856734838392	39.58251487304436	39.56639786774507	39.5592910071944	39.54214924771096	39.533834890502305	39.517199533834045	39.49393949292525	39.47347873455658	39.458520121825174	39.43985094001528	39.42775500816743	39.39774011804739	39.375790869264186	39.33997849380789	39.31691098668103	39.30213331337025	39.26915661078787	39.251981099632836	39.230463980590706	39.207175928545084	39.174108486804776	39.147496856536804	39.121573911714414	39.49127968541046
Sor-CPnd_019-Ex1-6G-lcwgs-1-3.clmp.fp2_repr.R1	39.82793452089794	39.73732075367003	39.77159197960233	39.698878912950725	39.66314049842921	39.384383664567196	39.62174028562438	39.3862977583008	39.290579574485314	39.56751319532429	39.699393303771274	39.70812625020339	39.663306963097085	39.636754557395214	39.6463785315403	39.643976749965226	39.64039700034897	39.63767074609535	39.632816451895486	39.62282743235632	39.61270055638399	39.60421920521632	39.59580392040966	39.586298271118274	39.574195280217936	39.56362696241651	39.55838162516768	39.54059943040062	39.522143949131156	39.507681166923575	39.505361684241265	39.50669186101627	39.49063814907375	39.48051298768212	39.459531785896374	39.4449887924535	39.422906566334376	39.661708902242246
Sor-CPnd_019-Ex1-6G-lcwgs-1-3.clmp.fp2_repr.R2	38.93805939689301	39.244247908381446	39.50901321194576	39.49245722595379	39.62160431448425	39.55270943742191	39.56956685943408	39.64388258592114	39.649731344522124	39.64672898177362	39.602528163397324	39.66945375843977	39.632094687902494	39.61807871636201	39.6146395101123	39.59785203704456	39.59108674478778	39.57264877084842	39.56483542980911	39.54726569410688	39.52590395583675	39.50578601250196	39.49036630922332	39.47013974402309	39.45814322762149	39.426457551447434	39.405216474642394	39.37283177979154	39.34876887011145	39.3324712101125	39.298741124432716	39.27974743564084	39.25625181280384	39.23249690880759	39.20163685999737	39.171956711227125	39.14290588634999	39.50494262680648
Sor-CPnd_020-Ex1-2E-lcwgs-1-3.clmp.fp2_repr.R1	39.75856116466229	39.616794110606506	39.69205346576714	39.64399184426216	39.583039588538135	39.2731312436573	39.511049777310255	39.01008551892947	39.196238380855085	39.514974072912764	39.66540267901997	39.681533187683115	39.64547675159558	39.617261914047674	39.62569560860106	39.62692486446871	39.62149856868537	39.617904140642146	39.61473347118377	39.60439186631946	39.59394334550167	39.583261218496055	39.57087656142211	39.56306290428729	39.54834833858776	39.534763736896956	39.52543148857727	39.50524718962131	39.4832801907873	39.466986884749964	39.46261244210515	39.4593901044747	39.44225645807604	39.428454758849384	39.40149946796491	39.38453051538104	39.36123873542371	39.63369900014881
Sor-CPnd_020-Ex1-2E-lcwgs-1-3.clmp.fp2_repr.R2	39.18379573905685	39.218126793234006	39.49434130363687	39.480305612590655	39.60653242908823	39.543612462533844	39.56009125053523	39.61271582024336	39.63353714249109	39.61980320363047	39.58042285764377	39.63904614279791	39.600541552455994	39.58489629191398	39.581517806841035	39.56674962199198	39.56055431193214	39.54374087218521	39.53613212051565	39.52122900741362	39.49895090575801	39.48120210975062	39.46671742258644	39.44579184249282	39.4368467618808	39.40542602519982	39.38636448316667	39.352504669317774	39.33044217157157	39.315355780689615	39.283204997973584	39.26409152717137	39.24338699401723	39.21886546458332	39.18929510551267	39.1614270616698	39.13520514524696	39.499442581884345
Sor-CPnd_022-Ex1-7C-lcwgs-1-3.clmp.fp2_repr.R1	39.7602649950543	39.60302358604783	39.694138323897285	39.5752993410416	39.696786748285085	38.960719353269916	39.64548667523403	39.11191500732486	39.146464981618685	39.469808220880445	39.65693872609369	39.6738609533592	39.641026377549274	39.61529252119062	39.623371306641175	39.624428417826465	39.619676616406515	39.620675302081224	39.615569222606375	39.606114930307264	39.59551045397897	39.58746616331793	39.57784615366323	39.56890076802593	39.556882019655475	39.54477538564767	39.53925436284788	39.52091721050064	39.50182105275837	39.48515596050063	39.48611790173682	39.48320195484543	39.46996367770136	39.45924894032686	39.4365042579308	39.42140983787891	39.40139308056746	39.64806007909039
Sor-CPnd_022-Ex1-7C-lcwgs-1-3.clmp.fp2_repr.R2	39.123773233499165	39.13485094028196	39.43820863168873	39.436970810782235	39.56965202161744	39.512131230818305	39.53018619230128	39.587063272624604	39.60831062382549	39.59697281658625	39.5505362732352	39.621108852613325	39.58232761293105	39.569583385161096	39.56512567052107	39.54914057962679	39.543122841828115	39.5266239381652	39.51709458013538	39.50043469990658	39.47731464306348	39.456099419478335	39.44134657819859	39.41927490249793	39.41053344705436	39.37565478718328	39.353748188771846	39.31771165207748	39.29291181830367	39.27730181783332	39.24480578906541	39.22232054942809	39.19947956056059	39.17437156133606	39.14215896561655	39.11412249459612	39.08838562105889	39.477889707599374
Sor-CPnd_024-Ex1-5G-lcwgs-1-3.clmp.fp2_repr.R1	39.829213508505994	39.73866777798691	39.773592145201405	39.701692734730464	39.664961128645665	39.38818596181664	39.61995265872486	39.37956570647361	39.27805724239692	39.56234220414625	39.69841842416348	39.70687423850314	39.66525260838496	39.64084176515994	39.65083371333634	39.64741788855649	39.64432808179698	39.64210941678913	39.637922765942896	39.630584705767355	39.61922269869463	39.609275129772	39.60016005890516	39.59155164960311	39.57840346136289	39.57029914675502	39.56187271635663	39.54578957816286	39.523627961309614	39.50786942183966	39.507853702625816	39.50646841335537	39.49331705452149	39.48328968209817	39.46051359817138	39.444770400483115	39.42250934724353	39.66085457667629
Sor-CPnd_024-Ex1-5G-lcwgs-1-3.clmp.fp2_repr.R2	39.058655864075	39.26919999854905	39.52522174345349	39.516204895102355	39.62354617829838	39.57318853926815	39.59255872216443	39.648386442806576	39.65363726974733	39.64474778256547	39.61009232475647	39.66257028543008	39.62778520941844	39.61453070144197	39.61121743153392	39.59466007924375	39.58759723373279	39.568533558584576	39.56078918289309	39.544141839570486	39.522483181506374	39.50093724418808	39.485439877359084	39.46288730174603	39.45143858661652	39.421711191819824	39.39671835475574	39.36404985971912	39.33999532449828	39.326079315313436	39.29280192985779	39.27195391770313	39.24877767114149	39.228584016733876	39.192359159790676	39.16888133128833	39.13696082363574	39.50290211493614
Sor-CPnd_026-Ex1-3H-lcwgs-1-3.clmp.fp2_repr.R1	39.813229686337316	39.67703644446116	39.70597738950852	39.682549417028866	39.6790530272458	39.451942846344366	39.60415811072211	39.17440556241472	39.17676746231144	39.48610054324778	39.652618678176665	39.669423217778515	39.6332508397116	39.60601393192404	39.62077057642687	39.621977546032085	39.62166546320643	39.622430395370024	39.62060561591709	39.61234745898171	39.60429903936823	39.59867691634958	39.58865852908017	39.583736227224506	39.56977673620314	39.560178316718954	39.555575478797756	39.538382072412546	39.52031898919401	39.5037961853842	39.50448536089011	39.50487354046182	39.490747455630945	39.481029622227105	39.45882931647314	39.44622604392133	39.426099518697185	39.6627765654156
Sor-CPnd_026-Ex1-3H-lcwgs-1-3.clmp.fp2_repr.R2	39.23202511522906	39.1604338332544	39.44272905972073	39.46007314110321	39.57771088249159	39.52417290014836	39.53347917470939	39.57564243731214	39.61113965343603	39.58869386827664	39.54549525939895	39.60562477924717	39.56778666749646	39.5529290847213	39.54996416609822	39.53572133646058	39.5296727356461	39.514647573126446	39.50667117128754	39.4925804774817	39.47110360256082	39.45193571530187	39.439780002446234	39.418555511732634	39.41059844472059	39.37944906305798	39.35801683537592	39.32452240549787	39.30129875334537	39.28812127856778	39.25364214883678	39.23747636343344	39.21457012402076	39.19316612136583	39.16245302779909	39.137238214441055	39.111438223610584	39.48922182156293
Sor-CPnd_027-Ex1-3C-lcwgs-1-3.clmp.fp2_repr.R1	39.76015377853809	39.588899669325684	39.68526491002365	39.55799167896455	39.6867994515118	38.913952816228296	39.634379946795654	39.07479673294946	39.11779092705724	39.45169273757741	39.64740886181941	39.664247728880845	39.63106613013281	39.6045054820045	39.61620064056025	39.618662701826835	39.61604114873216	39.61874693239302	39.614943556986	39.6066303011058	39.597336022137554	39.591320243074264	39.58160752566647	39.57426248979524	39.562395645451026	39.55166978200943	39.54772755579743	39.53043701280099	39.512021261389144	39.49541582674496	39.49699958205593	39.49700233110207	39.48424288166941	39.47380794953695	39.451257983909144	39.44184649838838	39.420494059392375	39.6571996225658
Sor-CPnd_027-Ex1-3C-lcwgs-1-3.clmp.fp2_repr.R2	39.18913133733308	39.05479182656167	39.381999684171	39.41880615285358	39.556002091409745	39.50098296708508	39.50393040408316	39.544774618161156	39.58997646150321	39.57020637690745	39.52521574702682	39.595956577792265	39.55386887149251	39.54166784489429	39.540207787696524	39.52620196595512	39.52285217081692	39.50853130081035	39.50089501714683	39.48597177169122	39.465009153530936	39.44641201676272	39.43353547212113	39.412663120653136	39.40581929453122	39.37176271737907	39.35350875377031	39.31672625277856	39.29397281379439	39.27929699569865	39.24715296718021	39.22659986737764	39.20500633252507	39.181176142972575	39.149938941096174	39.124489528321355	39.10277343421173	39.48078311267868
Sor-CPnd_028-Ex1-3A-lcwgs-1-3.clmp.fp2_repr.R1	39.766034521930976	39.676042107667804	39.63501208627627	39.6145253824217	39.70173727030178	39.2672178223845	39.63816209142861	38.83621189905383	39.08286778097954	39.464970606821694	39.63680654136338	39.654534867696555	39.63078950014836	39.604448213397994	39.6147847121711	39.6191279332415	39.62084407155489	39.621215974780114	39.62155428183223	39.612039572973856	39.60643657359846	39.59963985952965	39.59045976109311	39.58397757908249	39.571961792489745	39.561596845313126	39.55736316057564	39.54002716193863	39.521790240760104	39.50602923900662	39.506288507476064	39.50824927267619	39.49429976981599	39.48462636890055	39.46131140038553	39.449888908531655	39.42902575006713	39.66498454298932
Sor-CPnd_028-Ex1-3A-lcwgs-1-3.clmp.fp2_repr.R2	39.177542246098184	39.0558044543546	39.37998681497134	39.41617884957521	39.55675807210547	39.49809934459731	39.5061866587871	39.54383525418426	39.592893989638206	39.57051738201447	39.5238338388422	39.59595152577599	39.55446283423488	39.54080725609836	39.541168956379764	39.526858990457185	39.523972244850206	39.509721849039764	39.503296603632776	39.487626705552316	39.4678081012755	39.44967890675929	39.43770600855759	39.41591184085382	39.40980276027401	39.37681080085275	39.35761144670626	39.32178591362153	39.299951084098545	39.28880897692627	39.2559619265341	39.23882226319962	39.21764290491847	39.19429192164999	39.16725213941169	39.140624015487035	39.11863621568851	39.49552842847194
Sor-CPnd_029-Ex1-8E-lcwgs-1-3.clmp.fp2_repr.R1	39.75382124608024	39.60263246931067	39.6779685843707	39.62956115303543	39.560496283262374	39.24660158424857	39.47795618725111	38.932524987021765	39.11859874176616	39.48478323673296	39.65161917081718	39.6698075162703	39.63973254690335	39.61373668099854	39.62653288393801	39.62949694711371	39.63123707864205	39.63088155623978	39.631014488553795	39.62220120540678	39.61398924620762	39.60650361400036	39.59788879718069	39.590395946126456	39.57737421244499	39.56735347741223	39.56167153056349	39.54435135783693	39.52555377939396	39.510227755263706	39.50918060719206	39.51059800039554	39.495532465724445	39.4862227008946	39.46207669241099	39.448839030062686	39.426942302094695	39.66582782243134
Sor-CPnd_029-Ex1-8E-lcwgs-1-3.clmp.fp2_repr.R2	39.22920466205489	39.15080727017271	39.449464211987795	39.48672013908387	39.575403819567306	39.541037970975246	39.556174263653524	39.58663059203256	39.6179292604122	39.598387193775466	39.56898602261663	39.61845997519838	39.58235439749076	39.568346296564094	39.56482792168415	39.54868967277599	39.54341567200272	39.52809080445469	39.519911637983306	39.50357970822315	39.48284042684931	39.46269461322047	39.44871796901031	39.42853841089073	39.42074722055323	39.388944679811786	39.36795292286278	39.336172068961034	39.31182264107371	39.30030403191597	39.266651115923196	39.25026393637515	39.22875262317066	39.20624817829353	39.1766131011262	39.15047676443187	39.12456420063506	39.4941531610673
Sor-CPnd_030-Ex1-2H-lcwgs-1-3.clmp.fp2_repr.R1	39.816989490560935	39.68737610095736	39.717915446706684	39.70684885422414	39.70475697006648	39.462613653985905	39.62965539337059	39.24929554371897	39.257871650778945	39.529707516665844	39.674795287158034	39.68776388745926	39.646553306063396	39.616810682859125	39.62422418284661	39.62273010021849	39.61321335325958	39.61144452428668	39.60471325219018	39.593156951776464	39.5798022472828	39.569756732408635	39.555585909435955	39.546204455308064	39.53089621585666	39.51626237103749	39.50949093258892	39.487832300286826	39.46634179171335	39.45035031701552	39.4472084674597	39.44443888264787	39.42804354689249	39.41864130070621	39.39067095171336	39.37149782186374	39.35028349289935	39.62472122788943
Sor-CPnd_030-Ex1-2H-lcwgs-1-3.clmp.fp2_repr.R2	39.15791929367238	39.251376613113635	39.50812063172893	39.506850669559356	39.615934549054316	39.553241367936195	39.568236809320474	39.618836767954	39.638432346029155	39.62490060556879	39.58310509999118	39.63861279807467	39.60135145913362	39.58733090774463	39.58165506766299	39.566410039145765	39.55781257132491	39.54280698115796	39.5318104819315	39.51610110611274	39.492104543551235	39.472625251796764	39.45871538265506	39.43786281822452	39.426414146602646	39.393988458383646	39.37261783812884	39.33721306314979	39.31201295632964	39.29728392367974	39.26507572799257	39.24635547862648	39.2253478100773	39.1968209279734	39.16574911190734	39.13810045168897	39.10682184389746	39.48768163854388
Sor-CPnd_031-Ex1-5D-lcwgs-1-3.clmp.fp2_repr.R1	39.70577603417665	39.71336465971354	39.73819781983848	39.66322057096659	39.73019582068891	39.39415423239532	39.3879262084479	39.13828884512345	39.2246776984105	39.533163926318124	39.679596979422925	39.699831015359834	39.66669623292004	39.639349405177555	39.650158950896206	39.64887581385618	39.6477778397291	39.64651397756991	39.64411085042035	39.633488472446935	39.62676106657708	39.618498149253746	39.609366678856915	39.601672769753534	39.589269421915695	39.57891870969088	39.57303457122266	39.555625134993306	39.53809897766941	39.522286652067045	39.52128256825563	39.521564110349296	39.50881990089918	39.498147142493465	39.475007788712546	39.46210284032891	39.441023600448574	39.67060236846329
Sor-CPnd_031-Ex1-5D-lcwgs-1-3.clmp.fp2_repr.R2	39.159521292583975	39.196188155204965	39.477664426624834	39.473567665625204	39.606783232486094	39.54817557867632	39.560977281692516	39.61271960992487	39.63167580208502	39.62007184391844	39.57987979760064	39.64253219796151	39.60414420548865	39.59193121148052	39.58829813107978	39.57384688873905	39.56836411997228	39.55173841695437	39.54438134084901	39.52851570961202	39.50893317197595	39.49005251411778	39.47590685559482	39.45537886511223	39.447978853208625	39.41641616284765	39.395735027572066	39.36370054238416	39.34071151527614	39.328649157552356	39.29546508467782	39.27820419915193	39.25712732675576	39.23342364059738	39.20639349547752	39.18084004993529	39.153034498874696	39.511385568722105
Sor-CPnd_033-Ex1-2F-lcwgs-1-3.clmp.fp2_repr.R1	39.67244369953539	39.60849943556667	39.70920129854175	39.684952061127206	39.65287667746024	39.373884005292894	39.57331214557273	39.387072613264195	39.29414057744194	39.532277166166466	39.68480231858003	39.70059971558855	39.658004365834515	39.63095552780648	39.6396779577208	39.635539857326805	39.629285970803686	39.62625464001478	39.62044174260452	39.60849330777374	39.5977521454606	39.58673606249269	39.5734499231212	39.56365275516833	39.54852509899779	39.53417613962763	39.52510084399304	39.50445805688931	39.481239876525116	39.463875941886506	39.458509635075764	39.45814817138688	39.439902495135826	39.426937901946175	39.39936826454117	39.38225674365525	39.36110066895596	39.631750477904255
Sor-CPnd_033-Ex1-2F-lcwgs-1-3.clmp.fp2_repr.R2	39.18524594191899	39.24190295611776	39.496608844804165	39.492954729106515	39.61061637113403	39.55522488023219	39.56789336475424	39.61569282017063	39.63808463159441	39.625664613688244	39.58452516787371	39.64444073891762	39.60665791143932	39.59278824956719	39.58832712859052	39.57403896276604	39.567357922804966	39.552965500553434	39.5448836406131	39.53177445020887	39.50881139510699	39.48995361237131	39.476049772174	39.455511140795004	39.446939899384226	39.41606464229684	39.39684786323882	39.36424816634368	39.339350700077304	39.32732628573916	39.29456954105531	39.27700921397301	39.254878051530476	39.232447591610445	39.19968741853071	39.17270306182249	39.14867241852416	39.50782331027142
Sor-CPnd_034-Ex1-4G-lcwgs-1-3.clmp.fp2_repr.R1	39.83241380870168	39.7320949027827	39.76669807977925	39.69197005450803	39.64814499287551	39.37126227938571	39.60715766618165	39.355601963193884	39.24484736996856	39.53623932268303	39.68655151876116	39.69684064504942	39.658292383199765	39.63189955122574	39.64589613802876	39.64226114781895	39.64103715435432	39.63973358190249	39.63577774030226	39.62821128794356	39.61802053735273	39.60925144086082	39.599758283425096	39.591147175337554	39.57992491059237	39.5681003099574	39.56245261801202	39.54374741527382	39.52574734502125	39.51172668751288	39.50866480794321	39.510348369932935	39.492892903605636	39.48927757646986	39.46125138885806	39.45314723024806	39.434738176643826	39.66480977017999
Sor-CPnd_034-Ex1-4G-lcwgs-1-3.clmp.fp2_repr.R2	39.100754668616794	39.239034687615444	39.50783241984002	39.50388190680106	39.59834591114361	39.56506208487572	39.579157274146006	39.617920552468696	39.63351753982555	39.62519763873915	39.592342639153806	39.63929584366825	39.6059987485016	39.591049710585416	39.586048185618466	39.568844350963516	39.561579404126064	39.54390683887641	39.53448153022813	39.518777752642585	39.49672279698483	39.475258753702796	39.460018382546814	39.43830996267444	39.42961277470193	39.39696702270132	39.37379851800057	39.33937621507792	39.31738594107198	39.30197540232408	39.26789801743931	39.24984238227375	39.22759841065367	39.20282206798949	39.16866982609054	39.14077899847008	39.10931156937328	39.48304457230779
Sor-CPnd_036-Ex1-5C-lcwgs-1-3.clmp.fp2_repr.R1	39.765831148638725	39.630746444009475	39.71233061149972	39.61339949761921	39.729273534345204	39.07066176302884	39.6776093914243	39.19682473649919	39.246265278454096	39.53410132141134	39.68944345546497	39.699860199865526	39.66155944049255	39.63723507377317	39.64194007016086	39.64483761617604	39.63826286678502	39.6387809557818	39.63313090591501	39.624450410141336	39.61339309002686	39.606029859732466	39.59498679996861	39.585534314981764	39.57379974777175	39.560354712949845	39.55601212397511	39.53558921543997	39.51787268659586	39.49936686602449	39.50048320132612	39.500047639860476	39.484784620634954	39.47387835709844	39.45013388558499	39.437524026942484	39.41506516807974	39.6582210055511
Sor-CPnd_036-Ex1-5C-lcwgs-1-3.clmp.fp2_repr.R2	39.12873016261737	39.207172111612664	39.483905537109045	39.48141076529354	39.60957115381199	39.54540498367877	39.56301805587948	39.619054565986325	39.63316427897931	39.622741816867816	39.57994609585974	39.64244521691934	39.603652902573884	39.588689614458	39.584850816711814	39.56920923651175	39.562828860445826	39.54485187403772	39.536550615569226	39.51969620781143	39.495803830520956	39.47593930919229	39.460535895688494	39.43856794077941	39.427499631197875	39.39534480964794	39.374517188146	39.33804594041522	39.313929259344775	39.30154973573296	39.2680950546581	39.24763036098833	39.22424478604733	39.19789909181562	39.16660305158613	39.13907764439127	39.11140930560072	39.48738530361887
Sor-CPnd_037-Ex1-6C-lcwgs-1-3.clmp.fp2_repr.R1	39.76062754312895	39.63214995032737	39.71153503486848	39.609154898063295	39.729540855638554	39.07683920956644	39.673052373098834	39.21354594250668	39.261684052766086	39.53730963909436	39.69201194095913	39.702908350941826	39.663019884512146	39.63963245894924	39.64587978503703	39.64849267845928	39.64189236851506	39.64138232568043	39.63467623566786	39.62512669756324	39.614833314635646	39.60846064610016	39.59727448675306	39.58789171277846	39.57528494051137	39.56485000708481	39.55987783606712	39.540111700584006	39.52311373677255	39.50556256066958	39.506784069335865	39.50293238216501	39.490556250374695	39.47782496665901	39.45782407862988	39.44320352836724	39.421135436159624	39.66152609623919
Sor-CPnd_037-Ex1-6C-lcwgs-1-3.clmp.fp2_repr.R2	38.996559122637294	39.161343707767074	39.46094901171396	39.45971634933408	39.60140580466003	39.52352188321521	39.540749051907696	39.613886206141835	39.625806824311844	39.62076128903126	39.571164324879355	39.64796887344422	39.60780832628858	39.594434423320635	39.59197327917361	39.576312726407195	39.57025360470204	39.55275522167855	39.543588454440595	39.52683620077735	39.50449093920988	39.484401518838304	39.46871634840539	39.44685497385075	39.4350986962765	39.40346133581708	39.382934650416736	39.34903018798949	39.32471170228682	39.3112940367025	39.27477876046627	39.2565351052006	39.2342918777836	39.21088481225979	39.17838997585275	39.148787612280124	39.119419143341496	39.49370106715625
Sor-CPnd_038-Ex1-2A-lcwgs-1-3.clmp.fp2_repr.R1	39.77474042961408	39.689770085484	39.653829508231524	39.63155888682516	39.719205289434505	39.29055196090011	39.65047624899146	38.9137904900251	39.145930376961	39.500481749898285	39.65819842468062	39.675031577364116	39.64973823689775	39.621508152992355	39.62938345657158	39.63226839766031	39.63025311115564	39.62841223111483	39.62708373523939	39.61453864020509	39.608139299280424	39.5999810800184	39.58869204121129	39.581764781333234	39.56804124141768	39.55708597064444	39.551241817227336	39.53227645178189	39.51279213719451	39.49609512595011	39.49271656500862	39.492245786748	39.476745710968	39.462563428671864	39.440386792657314	39.424705050876824	39.40231858670231	39.65330400149306
Sor-CPnd_038-Ex1-2A-lcwgs-1-3.clmp.fp2_repr.R2	39.153789791954175	39.082143246852	39.40041213171699	39.42248484641855	39.57269099773676	39.50961849074728	39.518244704263964	39.56344947428333	39.60458888075572	39.58752831527689	39.54118115579135	39.613964980768415	39.57151075411541	39.56040202681386	39.558770162304064	39.54636300928089	39.54263802917088	39.52912709144198	39.52016485371649	39.50582574385338	39.487633015629086	39.469390482657886	39.45623901278087	39.4360874297502	39.42853233215856	39.39723782819113	39.378110838916406	39.34471474123816	39.32286396668745	39.31184210720651	39.27976225474074	39.26110539053856	39.240947310523474	39.218122583412786	39.1889071453754	39.16328051761023	39.14179364553017	39.504980556364224
Sor-CPnd_041-Ex1-7A-lcwgs-1-3.clmp.fp2_repr.R1	39.770234805924275	39.67931227028381	39.640057959026365	39.62113341391418	39.71066341102187	39.30511509897458	39.65087895011444	38.882919455202064	39.12124223681258	39.48653386914548	39.64933010681131	39.66609721770604	39.645401519152166	39.62062528396508	39.63199106624744	39.63654080263977	39.63860851054018	39.640549133730005	39.641799232137814	39.63558940535829	39.62937916299027	39.622967776189455	39.61555809237284	39.60960327058247	39.60008333867985	39.590848091949034	39.586944222334665	39.57204467746187	39.55426025204728	39.54205005847291	39.541816174383584	39.54468780269501	39.53111203358543	39.52461874320018	39.50418272856512	39.49514740157643	39.478960807213426	39.686139530009115
Sor-CPnd_041-Ex1-7A-lcwgs-1-3.clmp.fp2_repr.R2	39.31244952981392	39.186942661359275	39.47679613268291	39.44136545434881	39.566135046786094	39.50919597527899	39.53465736287839	39.59134109337949	39.60403655801169	39.596525530401536	39.55065884532176	39.626779381213765	39.5866818809698	39.57601117780139	39.575286004248845	39.56161666080253	39.55979679377096	39.54623332756978	39.541956013353456	39.53024266920359	39.509680766989185	39.49383326774863	39.483777272906075	39.4662753181277	39.4589658802732	39.42953894421104	39.412702726047286	39.383463222641105	39.36225477279786	39.35178305515464	39.32146074263876	39.30670463428397	39.28995953670612	39.268006181980056	39.24352611510379	39.2210791182657	39.19993076404351	39.5273784378706
Sor-CPnd_043-Ex1-1D-lcwgs-1-3.clmp.fp2_repr.R1	39.6810257855684	39.68521389298379	39.71664085450316	39.63963883352385	39.70217112979728	39.36164493946134	39.31008026501648	39.043777777280674	39.12318578519061	39.47013118842581	39.64464328633954	39.67304745336971	39.64572995729621	39.61517128514672	39.63455246741618	39.63234222557334	39.63322330872287	39.63254418501852	39.63306735651478	39.622535112081195	39.6149837384313	39.60736587734981	39.59769107875754	39.59180188752996	39.57863035343048	39.56909499210205	39.56203764987251	39.54531921138168	39.526824660923936	39.509835498590405	39.51086036491839	39.51168493320299	39.49819518430095	39.48707738276896	39.46388027816156	39.45307861066436	39.43173735863073	39.66449040678387
Sor-CPnd_043-Ex1-1D-lcwgs-1-3.clmp.fp2_repr.R2	39.21988955824042	39.151048008635705	39.44912344278834	39.46329540175632	39.55205941793509	39.53068540552686	39.54590227865355	39.580192563462255	39.60975289669145	39.59198040810808	39.55928095788106	39.611178195395475	39.5770588151956	39.56450362025286	39.55990043532073	39.54519907415364	39.53987234310617	39.52349608355847	39.515347239243866	39.4990504716126	39.477302635461704	39.45696484302523	39.444026327064066	39.42179030654868	39.41362389019645	39.38201564609384	39.360910500727165	39.32630424706444	39.30138018405453	39.290306067249915	39.25547350480785	39.239454321054936	39.216105051971496	39.194287426031515	39.162459395876645	39.135242687119636	39.110457354772834	39.490992447912575
Sor-CPnd_044-Ex1-8G-lcwgs-1-3.clmp.fp2_repr.R1	39.826246502643855	39.71820083160533	39.75602857426388	39.67807721485113	39.62991502876662	39.35522471733085	39.590837009211995	39.34372239563663	39.22084008034807	39.51718753542036	39.67153566680102	39.68543808368634	39.645605157251104	39.61871469945659	39.63291031533815	39.62994493457256	39.628338068862924	39.62761001692725	39.62429829480712	39.6164288514494	39.606148356514055	39.597980416205175	39.58905335202463	39.58250304750793	39.56898275193859	39.558625518719865	39.552595370559274	39.53484066844241	39.51686821504629	39.49970043559385	39.50097308247631	39.50092749633463	39.4875229347024	39.476807985314665	39.45515609132397	39.43952097224941	39.41916614141054	39.65753473180679
Sor-CPnd_044-Ex1-8G-lcwgs-1-3.clmp.fp2_repr.R2	39.190622735154726	39.195998963432785	39.46881743389415	39.50363931975982	39.57683714372117	39.54522428934711	39.5668458397864	39.599878283305486	39.624941011142155	39.60765400477555	39.58066262229871	39.626408007716876	39.591669348227796	39.576757872164045	39.57337981023691	39.55723464448146	39.55105789025408	39.53284086482797	39.52534855126016	39.508123557457054	39.486242227864	39.46504861703986	39.45166706182338	39.43057044144208	39.42108876417352	39.38919424501553	39.36737472331619	39.33296774170975	39.30948285368104	39.295150383435924	39.26189045086042	39.2454088856475	39.2223208509066	39.197931198932096	39.16821613383228	39.13637606532133	39.11136801169007	39.48813687622202
Sor-CPnd_045-Ex1-7B-lcwgs-1-3.clmp.fp2_repr.R1	39.79290959754043	39.67409757203228	39.756321360862174	39.69447818689699	39.556059757510376	39.43942418526423	39.290003547252326	39.17999228912512	39.13209449163876	39.45231023787831	39.62110922278317	39.65700695821603	39.64111093654229	39.60009281313256	39.62167106901391	39.61958277277874	39.62415923645586	39.62392736464915	39.62360281325194	39.612103728144355	39.6047334025799	39.598651061007374	39.58804777447956	39.58272097185161	39.56922238788333	39.559894099755525	39.554340814305284	39.536203864244875	39.51814978038039	39.501494723895114	39.503726323311625	39.503316243493806	39.491114257735575	39.47911676185019	39.456275521991365	39.44497105009064	39.42162054635413	39.65832676511436
Sor-CPnd_045-Ex1-7B-lcwgs-1-3.clmp.fp2_repr.R2	39.13264880838039	39.07399535036119	39.40352686629774	39.41007371767141	39.55752696854024	39.50593386493183	39.51712473282381	39.56923133946934	39.599528018660195	39.585014582049446	39.53722573216611	39.6122942122523	39.57313654464306	39.56302400345855	39.55935532462189	39.54498256558979	39.54154891526461	39.52553695664756	39.51762095751157	39.50117334953645	39.48093298748628	39.46181061559317	39.4478363045775	39.42519991471322	39.41821745623036	39.38612265990844	39.36439695710898	39.32849406459275	39.30558306987827	39.291883281015615	39.257931709555606	39.23873617768751	39.21813587148666	39.193436683276865	39.16280894932414	39.13615549110469	39.11150232884664	39.488277741229965
Sor-CPnd_046-Ex1-5A-lcwgs-1-3.clmp.fp2_repr.R1	39.77022817828617	39.699077963834995	39.671097737570314	39.64914801054624	39.739745685621926	39.3314408160341	39.669065654098574	38.989547113973146	39.214566242292456	39.54019558493268	39.683017060879074	39.692359930613904	39.66632246547055	39.64186707050686	39.648195540752596	39.65074725904808	39.65172040942131	39.65049830444391	39.649771986307336	39.640817593303545	39.6336383386977	39.62573194982159	39.61748257323396	39.61058612074259	39.598458852213824	39.588267183504875	39.58280969583833	39.564008209579846	39.546790388253065	39.52992666774715	39.52866544341771	39.52978314702744	39.51628294496079	39.507603507528586	39.48642467070498	39.472132364933785	39.451207328940235	39.67757121099601
Sor-CPnd_046-Ex1-5A-lcwgs-1-3.clmp.fp2_repr.R2	39.1913349876577	39.215296948742306	39.495254284914104	39.48516954343563	39.61108924574408	39.54956227396095	39.57138422040042	39.62266393365086	39.63753238322886	39.626101107318014	39.58394393533806	39.6497814548812	39.61077016645903	39.59807698587335	39.59682264219057	39.581019223409655	39.57740666775364	39.562858552821545	39.55463462779106	39.539220450404486	39.51941222675653	39.50144145691869	39.48695450542792	39.46868751012107	39.45938336888089	39.42742451729701	39.409827676862164	39.379359485066246	39.35465423960691	39.34287461054902	39.312017837777674	39.29556268158406	39.27626619236122	39.25388673947079	39.22467917865288	39.19744116842621	39.171893661364905	39.51771606671169
Sor-CPnd_049-Ex1-3B-lcwgs-1-3.clmp.fp2_repr.R1	39.80876414336022	39.67758826669378	39.75528304221892	39.69875502177055	39.56188533965941	39.45132450565693	39.35035113328147	39.2208903988289	39.182215525370644	39.471844873804116	39.6279171481302	39.65863902881947	39.63686322324226	39.59859059744137	39.62134500976319	39.61909055328924	39.62429904538439	39.62458728058848	39.62286210044661	39.61698718807527	39.609433030365395	39.60100232353996	39.58947347062143	39.584381428665964	39.57166447121616	39.562317761905696	39.55726996037972	39.538570185058845	39.521115438553224	39.50464438521258	39.50729215368737	39.50670421633008	39.492023375152165	39.48267868393249	39.456890272470815	39.44410569677207	39.42533492270887	39.662420314829106
Sor-CPnd_049-Ex1-3B-lcwgs-1-3.clmp.fp2_repr.R2	39.22039535778175	39.17417819227511	39.457234995735064	39.467855876383084	39.58491058216911	39.535443147160954	39.54358048854884	39.58707742850345	39.61992015171258	39.602791064759124	39.55832904478329	39.62317808851651	39.58356913760766	39.57001447006083	39.567836573069364	39.55025126258235	39.54749664838808	39.531960100750794	39.52530106037462	39.51094668400614	39.488502044741566	39.46872593358952	39.45559491849873	39.4332822898462	39.425996500663686	39.391222851239505	39.37243468417394	39.3351833993226	39.312435450034926	39.29766923138317	39.264812235519074	39.24630918366671	39.22451453964756	39.199337440364374	39.17084267788935	39.14237364193084	39.11536321600588	39.49140244850342
Sor-CPnd_050-Ex1-3F-lcwgs-1-3.clmp.fp2_repr.R1	39.65446096173749	39.58539649687812	39.69865873599105	39.668698772411865	39.632082523490645	39.355542639029366	39.545369229511344	39.352733768748635	39.236843749107074	39.4966585600965	39.66623535804623	39.68323889412051	39.64465094393651	39.620409165122815	39.63422983056951	39.6337593811521	39.63358859747731	39.63238647444896	39.63225227327885	39.62281702234763	39.614066605409185	39.60756181619372	39.59904332445828	39.59151022918457	39.58003466087101	39.56976366721368	39.56370080279694	39.54680122459183	39.52735551448448	39.51249512731216	39.51116076217682	39.5134152106849	39.49842269849775	39.48732783276157	39.466940569983144	39.45542916543702	39.43408808757728	39.66541752113847
Sor-CPnd_050-Ex1-3F-lcwgs-1-3.clmp.fp2_repr.R2	39.215071912051734	39.165468163394905	39.44973009091967	39.465495784529914	39.581162658056165	39.52633204562522	39.537490340952175	39.581568378265814	39.612948857359534	39.596069214383434	39.55362989089219	39.6176563992653	39.577683953604904	39.56347822271407	39.56112629159975	39.54683189388719	39.54212811330878	39.5273932282277	39.520050552351265	39.50546233533892	39.48382548545307	39.46571734640629	39.451756013774045	39.43108498912983	39.424807874525584	39.394638346966715	39.373238256802516	39.340088418895476	39.31877382201494	39.30527021653322	39.27184735016215	39.25545159055563	39.23510243789913	39.21289758758186	39.18299332252657	39.15603475257664	39.13088182676493	39.50013321503788
Sor-CPnd_052-Ex1-6D-lcwgs-1-3.clmp.fp2_repr.R1	39.70972513258894	39.720156642704296	39.737765759187525	39.6571893018197	39.73565710739895	39.40783602213043	39.426727820807635	39.2210669444886	39.28454305487978	39.554853890143264	39.68641835290558	39.705133158098214	39.666595221453555	39.63849445816943	39.6520120119982	39.64869706385144	39.64689320530474	39.64456799058925	39.641919231178704	39.632379801646294	39.622357678930534	39.614890731822435	39.60439325959793	39.59740603181701	39.584050226262	39.57265410137571	39.567400141358306	39.54860369997722	39.53047038830677	39.51464845218011	39.511637447762126	39.51210270789606	39.49686664155098	39.487107450448825	39.465279987315036	39.44977434354384	39.43104425555846	39.66659786766501
Sor-CPnd_052-Ex1-6D-lcwgs-1-3.clmp.fp2_repr.R2	38.989354709518985	39.251507741556196	39.510062600166165	39.49128810305324	39.61284792233943	39.55000482394007	39.571890241828626	39.64044710636475	39.6442507310525	39.64055691173439	39.60104322042074	39.66456652907448	39.62670699804474	39.61460445186162	39.61237899181892	39.5975723876366	39.5914088410967	39.57443156731638	39.56781275360724	39.55159275769243	39.529589916467486	39.509801190209025	39.49740291848731	39.476612130969684	39.466866000445584	39.43724968797851	39.41645153782873	39.384982220312494	39.36009523034697	39.347925986977636	39.31586380464426	39.29782221354545	39.27698029467511	39.25338080962965	39.2245475375778	39.19557995459353	39.16668701743875	39.52285160450847
Sor-CPnd_053-Ex1-2C-lcwgs-1-3.clmp.fp2_repr.R1	39.761059648365496	39.61359262396709	39.700023508044744	39.587149425739774	39.712057377795475	38.99604688546522	39.65509048650839	39.160518422672915	39.20399035542996	39.49796280192537	39.66924687101869	39.683056884926714	39.64475058007777	39.61662972535841	39.62168106679066	39.621971434224506	39.61532569555754	39.6128014339849	39.6060031256838	39.594996638393226	39.58429443984939	39.57512676739905	39.56335180829753	39.55471638528712	39.539347118637586	39.527353310247	39.52157578657073	39.500743855278486	39.481381894333296	39.46228550993364	39.46101802363921	39.46051461003391	39.44283692202198	39.43105208253873	39.40475653000222	39.38705043648258	39.36418706620874	39.635780105019094
Sor-CPnd_053-Ex1-2C-lcwgs-1-3.clmp.fp2_repr.R2	39.133751691465456	39.12395573567096	39.42856982202875	39.448402220699236	39.58348589052345	39.520862362452526	39.528790650588924	39.58022633900158	39.61069380306746	39.59718569560348	39.55322517614273	39.62096554265629	39.57976058992	39.56668072495986	39.5635445095158	39.54874637585053	39.54203276343138	39.52783372817661	39.51683438806652	39.50132455383387	39.47894972428286	39.45918237368462	39.44405561617638	39.422144727286685	39.41474867225976	39.38042817100178	39.35869156497067	39.323361623008395	39.30040288084718	39.28659760255291	39.251971293370744	39.231326869139	39.20916662554488	39.183207960304514	39.151237367207116	39.12354668991869	39.09730041831885	39.48488126296144
Sor-CPnd_054-Ex1-8F-lcwgs-1-3.clmp.fp2_repr.R1	39.65838957608704	39.5905508334677	39.70285590337764	39.67275547263109	39.644263623031506	39.37858091662252	39.558477107471646	39.368059874538346	39.26434094242124	39.51802647440475	39.67855749813804	39.692269212755015	39.65476662136534	39.63135084540182	39.64592020409795	39.644875842364655	39.64514441584846	39.64327897102423	39.63970578508097	39.63139515087065	39.62292434409257	39.61761994225486	39.60830424558018	39.598730097689256	39.586454463356816	39.574177134698246	39.56883682130388	39.55208315635449	39.529861187622146	39.51649598733296	39.513862367435856	39.516324092187254	39.50583030362303	39.49569603328281	39.47236055475131	39.45966327545426	39.44029732957928	39.6652526162766
Sor-CPnd_054-Ex1-8F-lcwgs-1-3.clmp.fp2_repr.R2	39.17312018673362	39.22617841046077	39.484457420588306	39.52034144918189	39.590744707806415	39.553768456453135	39.572829567180335	39.611882769370155	39.631197260421224	39.61800996629274	39.583910733344084	39.635572677922895	39.60142430454779	39.58604795065012	39.581564484453416	39.56561355334369	39.55645697718992	39.539193310518485	39.5313131352046	39.5166165054289	39.49206395515162	39.47269690033893	39.46001137239123	39.43927186826076	39.4313945229974	39.39842351260161	39.379434693064155	39.3457900815534	39.3172105174171	39.309103756510694	39.27163718063038	39.2552047773911	39.23693755905519	39.21610463371169	39.18373756120164	39.1597081079904	39.128887122191614	39.50041347058656
Sor-CPnd_055-Ex1-7G-lcwgs-1-3.clmp.fp2_repr.R1	39.829086345990035	39.72070921300249	39.75792466229322	39.680140670347605	39.632384662615436	39.35237016800502	39.585059299272025	39.35017602972981	39.214941928217925	39.51006263011713	39.66615894613851	39.682262898170244	39.64277485353871	39.61335882090222	39.62621390444502	39.622126499777394	39.61927175563609	39.61721897367014	39.61351839828011	39.604293895866114	39.59387891246017	39.58493633293135	39.57486702963219	39.56591108748936	39.554061935612204	39.541467709106215	39.53685073966019	39.516823027143936	39.49668295747512	39.48188516418618	39.48040727596649	39.482059596932935	39.46589379170247	39.453743266310376	39.430385240060914	39.41574787913944	39.39335458713197	39.64149593903216
Sor-CPnd_055-Ex1-7G-lcwgs-1-3.clmp.fp2_repr.R2	39.12616013782666	39.23719734381405	39.501960275868136	39.47787896898005	39.581335913108035	39.5397275841796	39.56286832689796	39.62110812166164	39.62865309318516	39.62021092880328	39.581447000947975	39.639908357646576	39.60211823848032	39.58879562536006	39.58530607434208	39.56963709219905	39.56246779757463	39.54512909941379	39.53667634185163	39.52007734464255	39.49860082710492	39.47717814841771	39.46240384393455	39.439774883053154	39.42992910148591	39.397653215907766	39.37362193252183	39.33913179733391	39.31665967381324	39.30068763642221	39.267719239070274	39.247275044179574	39.22434397200633	39.20009921680952	39.167448470578584	39.13930926759967	39.11087559685036	39.48833447094493
Sor-CPnd_058-Ex1-2G-lcwgs-1-3.clmp.fp2_repr.R1	39.82931717620577	39.737559992327746	39.7658825454519	39.6909404688763	39.64706586660463	39.37535717195175	39.609899089166035	39.38131936988893	39.28022870273833	39.543746394825874	39.6839206827651	39.69488703259512	39.64909352100468	39.61734710642141	39.62885813860327	39.622175950268584	39.61528158316334	39.60921106213771	39.602939650894385	39.590444220796655	39.5772943027422	39.564905873289874	39.55163858890011	39.538543291713054	39.524604018981435	39.50868881366573	39.49928472864902	39.47778539172115	39.454728143640864	39.43725582754629	39.431559466227824	39.42939142657026	39.41430117212243	39.400188005469644	39.373560710757616	39.357852644126474	39.335138107305	39.616133362118326
Sor-CPnd_058-Ex1-2G-lcwgs-1-3.clmp.fp2_repr.R2	39.14482417314884	39.27417259713164	39.52244569378165	39.51416115917749	39.61890107836525	39.56411722212662	39.585493424937134	39.63543352358245	39.65033385350357	39.63897478179966	39.60168667565206	39.654090535914634	39.617611726062876	39.601965419237274	39.59861385227001	39.583583572192424	39.575216689431564	39.56018967951434	39.551511379480175	39.53760122261213	39.51257692952306	39.49352650994657	39.4791831710829	39.45644849401765	39.448031710977126	39.41506217775285	39.392622368461225	39.35898011763176	39.33534226124984	39.317628261320074	39.28570102226551	39.26575001897132	39.242976264512556	39.214616064331835	39.18573161207744	39.15516170761121	39.126491355155565	39.494881073294685
Sor-CPnd_063-Ex1-7D-lcwgs-1-3.clmp.fp2_repr.R1	39.694702766038645	39.70169348283615	39.721125483116346	39.64111955176446	39.71129781527023	39.381336346314534	39.34903777006642	39.114626104225316	39.17727919246282	39.49173308734598	39.65089891366199	39.674728210810436	39.64273448057687	39.61155673489584	39.627056876388664	39.623743422077766	39.62206247412848	39.62076031702221	39.61851290217636	39.60865935007398	39.59888416576595	39.59144896520418	39.580512601436325	39.572677852486706	39.55971443031573	39.548685602993814	39.543233961131214	39.52452655220734	39.503538733384225	39.48824942627748	39.48795296011473	39.4888170386071	39.4725645209824	39.462979503411006	39.440159212772166	39.42523864415704	39.401889225175026	39.65037570775561
Sor-CPnd_063-Ex1-7D-lcwgs-1-3.clmp.fp2_repr.R2	39.161330496837145	39.222371112496916	39.491316073281304	39.469226336112065	39.58059883911071	39.53403454284697	39.55161436023956	39.610539884929956	39.61979716050175	39.612276260901254	39.57016875696786	39.63398200671644	39.5948281704645	39.58246079126142	39.57923286888929	39.5642295787117	39.558795283581496	39.54193089607766	39.53470250724661	39.519049407867136	39.49677453945109	39.47440407088862	39.462233045166705	39.44153419452153	39.431756844461106	39.40042156505152	39.37898331032743	39.344124767871946	39.31983047004962	39.305818053300655	39.273383853462214	39.25388291007415	39.233726798316184	39.20902924388653	39.17779117719433	39.15084015186993	39.12532334043866	39.4979713601738
Sor-CPnd_066-Ex1-8B-lcwgs-1-3.clmp.fp2_repr.R1	39.751767899090794	39.63699950097168	39.72904791077536	39.662867830525116	39.53016687019989	39.388248086043845	39.195274242430386	39.15916568957193	39.10781851597905	39.407310156240484	39.59243911245988	39.62344540508522	39.60969007501653	39.5685836358207	39.59717965369139	39.6001621793852	39.60590077553396	39.60739175546142	39.6052687161583	39.59734105404157	39.591573325457645	39.58682841168749	39.57677538001472	39.56922927710109	39.55852986557559	39.545379364818245	39.53940566144203	39.52948994067783	39.50203903206789	39.4850868436417	39.493105308152245	39.481106382322125	39.47275367743376	39.46043714400925	39.44278762057628	39.430024034761615	39.40109848904253	39.643230498898994
Sor-CPnd_066-Ex1-8B-lcwgs-1-3.clmp.fp2_repr.R2	39.14683198162927	39.052089630353905	39.386803743929505	39.45757650753208	39.561212111376626	39.528706299522476	39.544529148527864	39.56408456704222	39.60871311551897	39.583299185731846	39.55305238985877	39.60640541384864	39.57393205912066	39.560197120420526	39.55535860155731	39.54851586475388	39.54057498366207	39.52284909020842	39.51798378030581	39.50268205085301	39.48105764670043	39.45880961287877	39.454141348139515	39.43111502251294	39.420965697838184	39.383368606621474	39.35706932224566	39.32359529588688	39.296306549949364	39.28359531412948	39.251712813033066	39.2208336464482	39.20501652674269	39.1873703478676	39.14319981815304	39.132444675699055	39.11128127714884	39.503936732337195
Sor-CPnd_069-Ex1-6B-lcwgs-1-3.clmp.fp2_repr.R1	39.82180174328485	39.682757679801725	39.77343045801877	39.71809701628607	39.60340248154458	39.46184521171554	39.3939105585127	39.25755302595106	39.23656444949927	39.52399511430627	39.66425382268638	39.68794849342761	39.662436488770155	39.626168116490554	39.64183891322433	39.64222757167653	39.64169534058615	39.64143446592881	39.638664693925946	39.6272307563698	39.6190173071096	39.612211317425945	39.6013213426647	39.59605542818931	39.58259457545726	39.573082631481604	39.5673857000737	39.55005317558439	39.53358762938943	39.516016520778564	39.51510876406197	39.516782705227925	39.50355633787308	39.49119928103051	39.469276474552416	39.458127148037796	39.43611452476837	39.668203127598076
Sor-CPnd_069-Ex1-6B-lcwgs-1-3.clmp.fp2_repr.R2	39.0379833943044	39.14449992642286	39.444509321987724	39.44354659835505	39.6007193827929	39.523410615787036	39.53303270385909	39.60589938508387	39.62604879601628	39.61772973121391	39.568109650961205	39.64571083883517	39.60707318716008	39.59318858449922	39.59207764643023	39.57650549215839	39.57074121836879	39.555086631752076	39.545821817760476	39.529436217234505	39.50934755992016	39.489881372744094	39.47419204073799	39.45348323991853	39.44345773441127	39.41305425981187	39.3930945389989	39.360324239703274	39.33602752723944	39.32258123478205	39.28789227216001	39.26912805184024	39.24773924280086	39.223905766048404	39.19327266759907	39.16482067937943	39.13710211464812	39.504475751504756
Sor-CPnd_072-Ex1-8C-lcwgs-1-3.clmp.fp2_repr.R1	39.758686341148724	39.5830769420711	39.69144688697234	39.5701384614961	39.69189845653629	38.89707455933996	39.62976554000179	39.05873113393612	39.09924520200676	39.45172803965428	39.65227153968611	39.67106123910368	39.639108802062516	39.613644468914885	39.623948842252176	39.62566142625281	39.62382903186311	39.62448003620752	39.62086072547652	39.60845676464045	39.6002149547406	39.59304206135565	39.58401693490849	39.57680033969817	39.56454340901478	39.55254562041776	39.548264746412805	39.528809541370194	39.51299244470764	39.4947033637261	39.49635201668443	39.497226160845756	39.48363716680511	39.471948915346736	39.450652322079364	39.43950030076046	39.41843595039897	39.66142469805275
Sor-CPnd_072-Ex1-8C-lcwgs-1-3.clmp.fp2_repr.R2	39.10773122799831	38.987816592765526	39.338926317863226	39.41680554680909	39.53941290094452	39.500979392564325	39.49917844361096	39.53155360092531	39.58467573281684	39.562339560238385	39.53003837364255	39.58996218771065	39.55187941849139	39.53979509528639	39.53850860470986	39.52357255032103	39.519456371522985	39.50318629678132	39.49489905659723	39.47721508325546	39.45813565630182	39.437354251936995	39.42199695114046	39.399573126690456	39.39275490816958	39.358462519072596	39.33828521598804	39.30245800522058	39.2778891061537	39.26605412651418	39.23124436686173	39.211730509910836	39.18969987992352	39.164560521170735	39.136544621374114	39.11007860059667	39.08633419799802	39.47889187070949
