Sample	1.0	2.0	3.0	4.0	5.0	6.0	7.0	8.0	9.0	>10	>50	>100	>500	>1k	>5k	>10k+	1.0	2.0	3.0	4.0	5.0	6.0	7.0	8.0	9.0	1.0	2.0	3.0	4.0	5.0	6.0	7.0	8.0	9.0	1.0	2.0	3.0	4.0	5.0	6.0	7.0	8.0	9.0	1.0	2.0	3.0	4.0	5.0	6.0	7.0	8.0	9.0	1.0	2.0	3.0	4.0	5.0	6.0	7.0	8.0	9.0	1.0	2.0	3.0	4.0	5.0	6.0	7.0	8.0	9.0	1.0	2.0	3.0	4.0	5.0	6.0	7.0	8.0	9.0	1.0	2.0	3.0	4.0	5.0	6.0	7.0	8.0	9.0	1.0	2.0	3.0	4.0	5.0	6.0	7.0	8.0	9.0	1.0	2.0	3.0	4.0	5.0	6.0	7.0	8.0	9.0	1.0	2.0	3.0	4.0	5.0	6.0	7.0	8.0	9.0	1.0	2.0	3.0	4.0	5.0	6.0	7.0	8.0	9.0	1.0	2.0	3.0	4.0	5.0	6.0	7.0	8.0	9.0	1.0	2.0	3.0	4.0	5.0	6.0	7.0	8.0	9.0	1.0	2.0	3.0	4.0	5.0	6.0	7.0	8.0	9.0	1.0	2.0	3.0	4.0	5.0	6.0	7.0	8.0	9.0	1.0	2.0	3.0	4.0	5.0	6.0	7.0	8.0	9.0	1.0	2.0	3.0	4.0	5.0	6.0	7.0	8.0	9.0	1.0	2.0	3.0	4.0	5.0	6.0	7.0	8.0	9.0	1.0	2.0	3.0	4.0	5.0	6.0	7.0	8.0	9.0	1.0	2.0	3.0	4.0	5.0	6.0	7.0	8.0	9.0	1.0	2.0	3.0	4.0	5.0	6.0	7.0	8.0	9.0	1.0	2.0	3.0	4.0	5.0	6.0	7.0	8.0	9.0	1.0	2.0	3.0	4.0	5.0	6.0	7.0	8.0	9.0	1.0	2.0	3.0	4.0	5.0	6.0	7.0	8.0	9.0	1.0	2.0	3.0	4.0	5.0	6.0	7.0	8.0	9.0	1.0	2.0	3.0	4.0	5.0	6.0	7.0	8.0	9.0	1.0	2.0	3.0	4.0	5.0	6.0	7.0	8.0	9.0	1.0	2.0	3.0	4.0	5.0	6.0	7.0	8.0	9.0	1.0	2.0	3.0	4.0	5.0	6.0	7.0	8.0	9.0	1.0	2.0	3.0	4.0	5.0	6.0	7.0	8.0	9.0	1.0	2.0	3.0	4.0	5.0	6.0	7.0	8.0	9.0	1.0	2.0	3.0	4.0	5.0	6.0	7.0	8.0	9.0	1.0	2.0	3.0	4.0	5.0	6.0	7.0	8.0	9.0	1.0	2.0	3.0	4.0	5.0	6.0	7.0	8.0	9.0	1.0	2.0	3.0	4.0	5.0	6.0	7.0	8.0	9.0	1.0	2.0	3.0	4.0	5.0	6.0	7.0	8.0	9.0	1.0	2.0	3.0	4.0	5.0	6.0	7.0	8.0	9.0	1.0	2.0	3.0	4.0	5.0	6.0	7.0	8.0	9.0	1.0	2.0	3.0	4.0	5.0	6.0	7.0	8.0	9.0	1.0	2.0	3.0	4.0	5.0	6.0	7.0	8.0	9.0	1.0	2.0	3.0	4.0	5.0	6.0	7.0	8.0	9.0	1.0	2.0	3.0	4.0	5.0	6.0	7.0	8.0	9.0	1.0	2.0	3.0	4.0	5.0	6.0	7.0	8.0	9.0	1.0	2.0	3.0	4.0	5.0	6.0	7.0	8.0	9.0	1.0	2.0	3.0	4.0	5.0	6.0	7.0	8.0	9.0	1.0	2.0	3.0	4.0	5.0	6.0	7.0	8.0	9.0	1.0	2.0	3.0	4.0	5.0	6.0	7.0	8.0	9.0	1.0	2.0	3.0	4.0	5.0	6.0	7.0	8.0	9.0	1.0	2.0	3.0	4.0	5.0	6.0	7.0	8.0	9.0	1.0	2.0	3.0	4.0	5.0	6.0	7.0	8.0	9.0	1.0	2.0	3.0	4.0	5.0	6.0	7.0	8.0	9.0	1.0	2.0	3.0	4.0	5.0	6.0	7.0	8.0	9.0	1.0	2.0	3.0	4.0	5.0	6.0	7.0	8.0	9.0	1.0	2.0	3.0	4.0	5.0	6.0	7.0	8.0	9.0	1.0	2.0	3.0	4.0	5.0	6.0	7.0	8.0	9.0	1.0	2.0	3.0	4.0	5.0	6.0	7.0	8.0	9.0	1.0	2.0	3.0	4.0	5.0	6.0	7.0	8.0	9.0	1.0	2.0	3.0	4.0	5.0	6.0	7.0	8.0	9.0	1.0	2.0	3.0	4.0	5.0	6.0	7.0	8.0	9.0	1.0	2.0	3.0	4.0	5.0	6.0	7.0	8.0	9.0	1.0	2.0	3.0	4.0	5.0	6.0	7.0	8.0	9.0	1.0	2.0	3.0	4.0	5.0	6.0	7.0	8.0	9.0	1.0	2.0	3.0	4.0	5.0	6.0	7.0	8.0	9.0	1.0	2.0	3.0	4.0	5.0	6.0	7.0	8.0	9.0	1.0	2.0	3.0	4.0	5.0	6.0	7.0	8.0	9.0	1.0	2.0	3.0	4.0	5.0	6.0	7.0	8.0	9.0	1.0	2.0	3.0	4.0	5.0	6.0	7.0	8.0	9.0	1.0	2.0	3.0	4.0	5.0	6.0	7.0	8.0	9.0	1.0	2.0	3.0	4.0	5.0	6.0	7.0	8.0	9.0	1.0	2.0	3.0	4.0	5.0	6.0	7.0	8.0	9.0	1.0	2.0	3.0	4.0	5.0	6.0	7.0	8.0	9.0	1.0	2.0	3.0	4.0	5.0	6.0	7.0	8.0	9.0	1.0	2.0	3.0	4.0	5.0	6.0	7.0	8.0	9.0	1.0	2.0	3.0	4.0	5.0	6.0	7.0	8.0	9.0	1.0	2.0	3.0	4.0	5.0	6.0	7.0	8.0	9.0	1.0	2.0	3.0	4.0	5.0	6.0	7.0	8.0	9.0	1.0	2.0	3.0	4.0	5.0	6.0	7.0	8.0	9.0	1.0	2.0	3.0	4.0	5.0	6.0	7.0	8.0	9.0	1.0	2.0	3.0	4.0	5.0	6.0	7.0	8.0	9.0	1.0	2.0	3.0	4.0	5.0	6.0	7.0	8.0	9.0	1.0	2.0	3.0	4.0	5.0	6.0	7.0	8.0	9.0	1.0	2.0	3.0	4.0	5.0	6.0	7.0	8.0	9.0	1.0	2.0	3.0	4.0	5.0	6.0	7.0	8.0	9.0	1.0	2.0	3.0	4.0	5.0	6.0	7.0	8.0	9.0	1.0	2.0	3.0	4.0	5.0	6.0	7.0	8.0	9.0	1.0	2.0	3.0	4.0	5.0	6.0	7.0	8.0	9.0	1.0	2.0	3.0	4.0	5.0	6.0	7.0	8.0	9.0	1.0	2.0	3.0	4.0	5.0	6.0	7.0	8.0	9.0	1.0	2.0	3.0	4.0	5.0	6.0	7.0	8.0	9.0	1.0	2.0	3.0	4.0	5.0	6.0	7.0	8.0	9.0	1.0	2.0	3.0	4.0	5.0	6.0	7.0	8.0	9.0	1.0	2.0	3.0	4.0	5.0	6.0	7.0	8.0	9.0	1.0	2.0	3.0	4.0	5.0	6.0	7.0	8.0	9.0	1.0	2.0	3.0	4.0	5.0	6.0	7.0	8.0	9.0
Sor-CPnd_001-Ex1-3E-lcwgs-1-3.clmp.fp2_repr.R1										0.10808012330316692	0.00163674550667066	0.0	0.0	0.0	0.0	0.0																																																																																																																																																																																																																																																																																																																																																																																																																																																																																																																																																																																																																																																																																																																																																																																																																																																																																							
Sor-CPnd_001-Ex1-3E-lcwgs-1-3.clmp.fp2_repr.R2										0.11798414724839519	0.0015689840769391341	0.0	0.0	0.0	0.0	0.0																																																																																																																																																																																																																																																																																																																																																																																																																																																																																																																																																																																																																																																																																																																																																																																																																																																																																							
Sor-CPnd_002-Ex1-5E-lcwgs-1-3.clmp.fp2_repr.R1										0.0877076024648129	0.0	0.0	0.0	0.0	0.0	0.0																																																																																																																																																																																																																																																																																																																																																																																																																																																																																																																																																																																																																																																																																																																																																																																																																																																																																							
Sor-CPnd_002-Ex1-5E-lcwgs-1-3.clmp.fp2_repr.R2										0.0945705798485326	0.0	0.0	0.0	0.0	0.0	0.0																																																																																																																																																																																																																																																																																																																																																																																																																																																																																																																																																																																																																																																																																																																																																																																																																																																																																							
Sor-CPnd_003-Ex1-2B-lcwgs-1-3.clmp.fp2_repr.R1										0.16148542438962205	0.0063958978735247024	0.0	0.0	0.0	0.0	0.0																																																																																																																																																																																																																																																																																																																																																																																																																																																																																																																																																																																																																																																																																																																																																																																																																																																																																							
Sor-CPnd_003-Ex1-2B-lcwgs-1-3.clmp.fp2_repr.R2										0.20067695881059175	0.007529280464759299	0.0	0.0	0.0	0.0	0.0																																																																																																																																																																																																																																																																																																																																																																																																																																																																																																																																																																																																																																																																																																																																																																																																																																																																																							
Sor-CPnd_004-Ex1-1G-lcwgs-1-3.clmp.fp2_repr.R1										0.2075150681655628	0.016672419973110898	0.0	0.0	0.0	0.0	0.0																																																																																																																																																																																																																																																																																																																																																																																																																																																																																																																																																																																																																																																																																																																																																																																																																																																																																							
Sor-CPnd_004-Ex1-1G-lcwgs-1-3.clmp.fp2_repr.R2										0.25303394697010156	0.02066385119467895	0.0	0.0	0.0	0.0	0.0																																																																																																																																																																																																																																																																																																																																																																																																																																																																																																																																																																																																																																																																																																																																																																																																																																																																																							
Sor-CPnd_005-Ex1-3D-lcwgs-1-3.clmp.fp2_repr.R1										0.10421005226512253	0.0019742939069078303	0.0	0.0	0.0	0.0	0.0																																																																																																																																																																																																																																																																																																																																																																																																																																																																																																																																																																																																																																																																																																																																																																																																																																																																																							
Sor-CPnd_005-Ex1-3D-lcwgs-1-3.clmp.fp2_repr.R2										0.12123621092451292	0.0019694811087429035	0.0	0.0	0.0	0.0	0.0																																																																																																																																																																																																																																																																																																																																																																																																																																																																																																																																																																																																																																																																																																																																																																																																																																																																																							
Sor-CPnd_006-Ex1-2D-lcwgs-1-3.clmp.fp2_repr.R1										0.1776919974323088	0.01655633302427143	0.0	0.0	0.0	0.0	0.0																																																																																																																																																																																																																																																																																																																																																																																																																																																																																																																																																																																																																																																																																																																																																																																																																																																																																							
Sor-CPnd_006-Ex1-2D-lcwgs-1-3.clmp.fp2_repr.R2										0.2457395585318962	0.01112650377625744	0.0	0.0	0.0	0.0	0.0																																																																																																																																																																																																																																																																																																																																																																																																																																																																																																																																																																																																																																																																																																																																																																																																																																																																																							
Sor-CPnd_007-Ex1-1C-lcwgs-1-3.clmp.fp2_repr.R1										0.06277811357530917	0.0	0.0	0.0	0.0	0.0	0.0																																																																																																																																																																																																																																																																																																																																																																																																																																																																																																																																																																																																																																																																																																																																																																																																																																																																																							
Sor-CPnd_007-Ex1-1C-lcwgs-1-3.clmp.fp2_repr.R2										0.07014299020261483	0.0	0.0	0.0	0.0	0.0	0.0																																																																																																																																																																																																																																																																																																																																																																																																																																																																																																																																																																																																																																																																																																																																																																																																																																																																																							
Sor-CPnd_008-Ex1-1A-lcwgs-1-3.clmp.fp2_repr.R1										0.42891754998512566	0.03443460025568479	0.022620107653504886	0.0	0.0	0.0	0.0																																																																																																																																																																																																																																																																																																																																																																																																																																																																																																																																																																																																																																																																																																																																																																																																																																																																																							
Sor-CPnd_008-Ex1-1A-lcwgs-1-3.clmp.fp2_repr.R2										0.6903921817663208	0.06896662814804098	0.030407706792298456	0.0	0.0	0.0	0.0																																																																																																																																																																																																																																																																																																																																																																																																																																																																																																																																																																																																																																																																																																																																																																																																																																																																																							
Sor-CPnd_009-Ex1-6A-lcwgs-1-3.clmp.fp2_repr.R1										0.2786309841325135	0.014429342006507348	0.0033821495162001604	0.0	0.0	0.0	0.0																																																																																																																																																																																																																																																																																																																																																																																																																																																																																																																																																																																																																																																																																																																																																																																																																																																																																							
Sor-CPnd_009-Ex1-6A-lcwgs-1-3.clmp.fp2_repr.R2										0.3511876163639025	0.032992934331413495	0.0	0.0	0.0	0.0	0.0																																																																																																																																																																																																																																																																																																																																																																																																																																																																																																																																																																																																																																																																																																																																																																																																																																																																																							
Sor-CPnd_010-Ex1-1H-lcwgs-1-3.clmp.fp2_repr.R1										0.018191843024745795	0.0	0.0	0.0	0.0	0.0	0.0																																																																																																																																																																																																																																																																																																																																																																																																																																																																																																																																																																																																																																																																																																																																																																																																																																																																																							
Sor-CPnd_010-Ex1-1H-lcwgs-1-3.clmp.fp2_repr.R2										0.016122993111405533	0.0	0.0	0.0	0.0	0.0	0.0																																																																																																																																																																																																																																																																																																																																																																																																																																																																																																																																																																																																																																																																																																																																																																																																																																																																																							
Sor-CPnd_012-Ex1-5B-lcwgs-1-3.clmp.fp2_repr.R1										0.09224676451625112	0.0017113505922548013	0.0	0.0	0.0	0.0	0.0																																																																																																																																																																																																																																																																																																																																																																																																																																																																																																																																																																																																																																																																																																																																																																																																																																																																																							
Sor-CPnd_012-Ex1-5B-lcwgs-1-3.clmp.fp2_repr.R2										0.1368274512065572	0.0	0.0	0.0	0.0	0.0	0.0																																																																																																																																																																																																																																																																																																																																																																																																																																																																																																																																																																																																																																																																																																																																																																																																																																																																																							
Sor-CPnd_013-Ex1-7F-lcwgs-1-3.clmp.fp2_repr.R1										0.06405713294472273	0.0	0.0	0.0	0.0	0.0	0.0																																																																																																																																																																																																																																																																																																																																																																																																																																																																																																																																																																																																																																																																																																																																																																																																																																																																																							
Sor-CPnd_013-Ex1-7F-lcwgs-1-3.clmp.fp2_repr.R2										0.08392585981616617	0.0	0.0	0.0	0.0	0.0	0.0																																																																																																																																																																																																																																																																																																																																																																																																																																																																																																																																																																																																																																																																																																																																																																																																																																																																																							
Sor-CPnd_014-Ex1-1F-lcwgs-1-3.clmp.fp2_repr.R1										0.16119463684393925	0.011781823542676116	0.0	0.0	0.0	0.0	0.0																																																																																																																																																																																																																																																																																																																																																																																																																																																																																																																																																																																																																																																																																																																																																																																																																																																																																							
Sor-CPnd_014-Ex1-1F-lcwgs-1-3.clmp.fp2_repr.R2										0.24015397575486083	0.014619493082216719	0.001733946503863757	0.0	0.0	0.0	0.0																																																																																																																																																																																																																																																																																																																																																																																																																																																																																																																																																																																																																																																																																																																																																																																																																																																																																							
Sor-CPnd_015-Ex1-5F-lcwgs-1-3.clmp.fp2_repr.R1										0.07210706714838663	0.0	0.0	0.0	0.0	0.0	0.0																																																																																																																																																																																																																																																																																																																																																																																																																																																																																																																																																																																																																																																																																																																																																																																																																																																																																							
Sor-CPnd_015-Ex1-5F-lcwgs-1-3.clmp.fp2_repr.R2										0.09209831609072701	0.0	0.0	0.0	0.0	0.0	0.0																																																																																																																																																																																																																																																																																																																																																																																																																																																																																																																																																																																																																																																																																																																																																																																																																																																																																							
Sor-CPnd_016-Ex1-1B-lcwgs-1-3.clmp.fp2_repr.R1										0.46244889336518136	0.05215523887627033	0.039553288420156145	0.0	0.0	0.0	0.0																																																																																																																																																																																																																																																																																																																																																																																																																																																																																																																																																																																																																																																																																																																																																																																																																																																																																							
Sor-CPnd_016-Ex1-1B-lcwgs-1-3.clmp.fp2_repr.R2										0.7188903178693451	0.12066877212451665	0.07522054530204625	0.0	0.0	0.0	0.0																																																																																																																																																																																																																																																																																																																																																																																																																																																																																																																																																																																																																																																																																																																																																																																																																																																																																							
Sor-CPnd_017-Ex1-3G-lcwgs-1-3.clmp.fp2_repr.R1										0.0018683209491855348	0.0	0.0	0.0	0.0	0.0	0.0																																																																																																																																																																																																																																																																																																																																																																																																																																																																																																																																																																																																																																																																																																																																																																																																																																																																																							
Sor-CPnd_017-Ex1-3G-lcwgs-1-3.clmp.fp2_repr.R2										0.009132950791782429	0.0	0.0	0.0	0.0	0.0	0.0																																																																																																																																																																																																																																																																																																																																																																																																																																																																																																																																																																																																																																																																																																																																																																																																																																																																																							
Sor-CPnd_018-Ex1-1E-lcwgs-1-3.clmp.fp2_repr.R1										0.06251532187038591	0.0	0.0	0.0	0.0	0.0	0.0																																																																																																																																																																																																																																																																																																																																																																																																																																																																																																																																																																																																																																																																																																																																																																																																																																																																																							
Sor-CPnd_018-Ex1-1E-lcwgs-1-3.clmp.fp2_repr.R2										0.09611115854292819	0.0	0.0	0.0	0.0	0.0	0.0																																																																																																																																																																																																																																																																																																																																																																																																																																																																																																																																																																																																																																																																																																																																																																																																																																																																																							
Sor-CPnd_019-Ex1-6G-lcwgs-1-3.clmp.fp2_repr.R1										0.15850215132915693	0.003078407483575311	0.0	0.0	0.0	0.0	0.0																																																																																																																																																																																																																																																																																																																																																																																																																																																																																																																																																																																																																																																																																																																																																																																																																																																																																							
Sor-CPnd_019-Ex1-6G-lcwgs-1-3.clmp.fp2_repr.R2										0.20325228862796194	0.005685490130926607	0.0	0.0	0.0	0.0	0.0																																																																																																																																																																																																																																																																																																																																																																																																																																																																																																																																																																																																																																																																																																																																																																																																																																																																																							
Sor-CPnd_020-Ex1-2E-lcwgs-1-3.clmp.fp2_repr.R1										0.24381109035612714	0.016982157445955607	0.0	0.0	0.0	0.0	0.0																																																																																																																																																																																																																																																																																																																																																																																																																																																																																																																																																																																																																																																																																																																																																																																																																																																																																							
Sor-CPnd_020-Ex1-2E-lcwgs-1-3.clmp.fp2_repr.R2										0.3659322229937273	0.025235102856929655	0.0	0.0	0.0	0.0	0.0																																																																																																																																																																																																																																																																																																																																																																																																																																																																																																																																																																																																																																																																																																																																																																																																																																																																																							
Sor-CPnd_022-Ex1-7C-lcwgs-1-3.clmp.fp2_repr.R1										0.18613010976079505	0.007573289197420085	0.0	0.0	0.0	0.0	0.0																																																																																																																																																																																																																																																																																																																																																																																																																																																																																																																																																																																																																																																																																																																																																																																																																																																																																							
Sor-CPnd_022-Ex1-7C-lcwgs-1-3.clmp.fp2_repr.R2										0.2529155364071208	0.009220150364731082	0.0	0.0	0.0	0.0	0.0																																																																																																																																																																																																																																																																																																																																																																																																																																																																																																																																																																																																																																																																																																																																																																																																																																																																																							
Sor-CPnd_024-Ex1-5G-lcwgs-1-3.clmp.fp2_repr.R1										0.03877672891275441	0.0	0.0	0.0	0.0	0.0	0.0																																																																																																																																																																																																																																																																																																																																																																																																																																																																																																																																																																																																																																																																																																																																																																																																																																																																																							
Sor-CPnd_024-Ex1-5G-lcwgs-1-3.clmp.fp2_repr.R2										0.05234334412598497	0.0	0.0	0.0	0.0	0.0	0.0																																																																																																																																																																																																																																																																																																																																																																																																																																																																																																																																																																																																																																																																																																																																																																																																																																																																																							
Sor-CPnd_026-Ex1-3H-lcwgs-1-3.clmp.fp2_repr.R1										0.2450881440826931	0.02102692431695529	0.0034900935891406673	0.0	0.0	0.0	0.0																																																																																																																																																																																																																																																																																																																																																																																																																																																																																																																																																																																																																																																																																																																																																																																																																																																																																							
Sor-CPnd_026-Ex1-3H-lcwgs-1-3.clmp.fp2_repr.R2										0.3470288513061024	0.036038708004418045	0.006903668004104246	0.0	0.0	0.0	0.0																																																																																																																																																																																																																																																																																																																																																																																																																																																																																																																																																																																																																																																																																																																																																																																																																																																																																							
Sor-CPnd_027-Ex1-3C-lcwgs-1-3.clmp.fp2_repr.R1										0.11870272507762882	0.005409375795786731	0.0	0.0	0.0	0.0	0.0																																																																																																																																																																																																																																																																																																																																																																																																																																																																																																																																																																																																																																																																																																																																																																																																																																																																																							
Sor-CPnd_027-Ex1-3C-lcwgs-1-3.clmp.fp2_repr.R2										0.18511288097138406	0.006856092778865803	0.0	0.0	0.0	0.0	0.0																																																																																																																																																																																																																																																																																																																																																																																																																																																																																																																																																																																																																																																																																																																																																																																																																																																																																							
Sor-CPnd_028-Ex1-3A-lcwgs-1-3.clmp.fp2_repr.R1										0.2885045987810275	0.011694217111257928	0.0056965677397727305	0.0	0.0	0.0	0.0																																																																																																																																																																																																																																																																																																																																																																																																																																																																																																																																																																																																																																																																																																																																																																																																																																																																																							
Sor-CPnd_028-Ex1-3A-lcwgs-1-3.clmp.fp2_repr.R2										0.39725973873275683	0.04372127060836052	0.005512208088462571	0.0	0.0	0.0	0.0																																																																																																																																																																																																																																																																																																																																																																																																																																																																																																																																																																																																																																																																																																																																																																																																																																																																																							
Sor-CPnd_029-Ex1-8E-lcwgs-1-3.clmp.fp2_repr.R1										0.25639499134168336	0.02551520571876907	0.0	0.0	0.0	0.0	0.0																																																																																																																																																																																																																																																																																																																																																																																																																																																																																																																																																																																																																																																																																																																																																																																																																																																																																							
Sor-CPnd_029-Ex1-8E-lcwgs-1-3.clmp.fp2_repr.R2										0.38177644850122733	0.04416506461445973	0.0067827035247899625	0.0	0.0	0.0	0.0																																																																																																																																																																																																																																																																																																																																																																																																																																																																																																																																																																																																																																																																																																																																																																																																																																																																																							
Sor-CPnd_030-Ex1-2H-lcwgs-1-3.clmp.fp2_repr.R1										0.1388095809211574	0.003166005492653335	0.0	0.0	0.0	0.0	0.0																																																																																																																																																																																																																																																																																																																																																																																																																																																																																																																																																																																																																																																																																																																																																																																																																																																																																							
Sor-CPnd_030-Ex1-2H-lcwgs-1-3.clmp.fp2_repr.R2										0.136375866001012	0.003253034928973951	0.0	0.0	0.0	0.0	0.0																																																																																																																																																																																																																																																																																																																																																																																																																																																																																																																																																																																																																																																																																																																																																																																																																																																																																							
Sor-CPnd_031-Ex1-5D-lcwgs-1-3.clmp.fp2_repr.R1										0.23152265054201046	0.018163339218502616	0.0034916385607853904	0.0	0.0	0.0	0.0																																																																																																																																																																																																																																																																																																																																																																																																																																																																																																																																																																																																																																																																																																																																																																																																																																																																																							
Sor-CPnd_031-Ex1-5D-lcwgs-1-3.clmp.fp2_repr.R2										0.3174143942766691	0.030397212221684646	0.0	0.0	0.0	0.0	0.0																																																																																																																																																																																																																																																																																																																																																																																																																																																																																																																																																																																																																																																																																																																																																																																																																																																																																							
Sor-CPnd_033-Ex1-2F-lcwgs-1-3.clmp.fp2_repr.R1										0.11115701004776803	0.0	0.0	0.0	0.0	0.0	0.0																																																																																																																																																																																																																																																																																																																																																																																																																																																																																																																																																																																																																																																																																																																																																																																																																																																																																							
Sor-CPnd_033-Ex1-2F-lcwgs-1-3.clmp.fp2_repr.R2										0.1327905352972982	0.002022492573208385	0.0	0.0	0.0	0.0	0.0																																																																																																																																																																																																																																																																																																																																																																																																																																																																																																																																																																																																																																																																																																																																																																																																																																																																																							
Sor-CPnd_034-Ex1-4G-lcwgs-1-3.clmp.fp2_repr.R1										0.040540137971041376	0.0	0.0	0.0	0.0	0.0	0.0																																																																																																																																																																																																																																																																																																																																																																																																																																																																																																																																																																																																																																																																																																																																																																																																																																																																																							
Sor-CPnd_034-Ex1-4G-lcwgs-1-3.clmp.fp2_repr.R2										0.03899986234943101	0.0	0.0	0.0	0.0	0.0	0.0																																																																																																																																																																																																																																																																																																																																																																																																																																																																																																																																																																																																																																																																																																																																																																																																																																																																																							
Sor-CPnd_036-Ex1-5C-lcwgs-1-3.clmp.fp2_repr.R1										0.22615382172398413	0.012755826854276824	0.0	0.0	0.0	0.0	0.0																																																																																																																																																																																																																																																																																																																																																																																																																																																																																																																																																																																																																																																																																																																																																																																																																																																																																							
Sor-CPnd_036-Ex1-5C-lcwgs-1-3.clmp.fp2_repr.R2										0.3024013858499949	0.01945602333976004	0.0017040713087724678	0.0	0.0	0.0	0.0																																																																																																																																																																																																																																																																																																																																																																																																																																																																																																																																																																																																																																																																																																																																																																																																																																																																																							
Sor-CPnd_037-Ex1-6C-lcwgs-1-3.clmp.fp2_repr.R1										0.12307465385582006	0.0016067704530939408	0.0	0.0	0.0	0.0	0.0																																																																																																																																																																																																																																																																																																																																																																																																																																																																																																																																																																																																																																																																																																																																																																																																																																																																																							
Sor-CPnd_037-Ex1-6C-lcwgs-1-3.clmp.fp2_repr.R2										0.20217671160074518	0.0017728739476642532	0.0	0.0	0.0	0.0	0.0																																																																																																																																																																																																																																																																																																																																																																																																																																																																																																																																																																																																																																																																																																																																																																																																																																																																																							
Sor-CPnd_038-Ex1-2A-lcwgs-1-3.clmp.fp2_repr.R1										0.427244782451988	0.05176519998257692	0.005371239173728536	0.0	0.0	0.0	0.0																																																																																																																																																																																																																																																																																																																																																																																																																																																																																																																																																																																																																																																																																																																																																																																																																																																																																							
Sor-CPnd_038-Ex1-2A-lcwgs-1-3.clmp.fp2_repr.R2										0.6299106956911562	0.079230625158012	0.03313484748808582	0.0	0.0	0.0	0.0																																																																																																																																																																																																																																																																																																																																																																																																																																																																																																																																																																																																																																																																																																																																																																																																																																																																																							
Sor-CPnd_041-Ex1-7A-lcwgs-1-3.clmp.fp2_repr.R1										0.3259908943725754	0.03823528233464337	0.009588955964556844	0.0	0.0	0.0	0.0																																																																																																																																																																																																																																																																																																																																																																																																																																																																																																																																																																																																																																																																																																																																																																																																																																																																																							
Sor-CPnd_041-Ex1-7A-lcwgs-1-3.clmp.fp2_repr.R2										0.4123577914457689	0.0594910154562685	0.013283469374814273	0.0	0.0	0.0	0.0																																																																																																																																																																																																																																																																																																																																																																																																																																																																																																																																																																																																																																																																																																																																																																																																																																																																																							
Sor-CPnd_043-Ex1-1D-lcwgs-1-3.clmp.fp2_repr.R1										0.25269552323549366	0.02241407306910519	0.0	0.0	0.0	0.0	0.0																																																																																																																																																																																																																																																																																																																																																																																																																																																																																																																																																																																																																																																																																																																																																																																																																																																																																							
Sor-CPnd_043-Ex1-1D-lcwgs-1-3.clmp.fp2_repr.R2										0.3437718019773339	0.02335663213082443	0.0017843390014747286	0.0	0.0	0.0	0.0																																																																																																																																																																																																																																																																																																																																																																																																																																																																																																																																																																																																																																																																																																																																																																																																																																																																																							
Sor-CPnd_044-Ex1-8G-lcwgs-1-3.clmp.fp2_repr.R1										0.21941021178872142	0.012239595686692637	0.0	0.0	0.0	0.0	0.0																																																																																																																																																																																																																																																																																																																																																																																																																																																																																																																																																																																																																																																																																																																																																																																																																																																																																							
Sor-CPnd_044-Ex1-8G-lcwgs-1-3.clmp.fp2_repr.R2										0.28502030780359017	0.021415573636825013	0.0015999800775803885	0.0	0.0	0.0	0.0																																																																																																																																																																																																																																																																																																																																																																																																																																																																																																																																																																																																																																																																																																																																																																																																																																																																																							
Sor-CPnd_045-Ex1-7B-lcwgs-1-3.clmp.fp2_repr.R1										0.2627464802150272	0.02483699444545118	0.005096823471952993	0.0	0.0	0.0	0.0																																																																																																																																																																																																																																																																																																																																																																																																																																																																																																																																																																																																																																																																																																																																																																																																																																																																																							
Sor-CPnd_045-Ex1-7B-lcwgs-1-3.clmp.fp2_repr.R2										0.42257968312807637	0.028093739422807233	0.0034207574742717633	0.0	0.0	0.0	0.0																																																																																																																																																																																																																																																																																																																																																																																																																																																																																																																																																																																																																																																																																																																																																																																																																																																																																							
Sor-CPnd_046-Ex1-5A-lcwgs-1-3.clmp.fp2_repr.R1										0.06955332741262091	0.0	0.0	0.0	0.0	0.0	0.0																																																																																																																																																																																																																																																																																																																																																																																																																																																																																																																																																																																																																																																																																																																																																																																																																																																																																							
Sor-CPnd_046-Ex1-5A-lcwgs-1-3.clmp.fp2_repr.R2										0.09708670462324066	0.0	0.0	0.0	0.0	0.0	0.0																																																																																																																																																																																																																																																																																																																																																																																																																																																																																																																																																																																																																																																																																																																																																																																																																																																																																							
Sor-CPnd_049-Ex1-3B-lcwgs-1-3.clmp.fp2_repr.R1										0.06031669138847896	0.0	0.0	0.0	0.0	0.0	0.0																																																																																																																																																																																																																																																																																																																																																																																																																																																																																																																																																																																																																																																																																																																																																																																																																																																																																							
Sor-CPnd_049-Ex1-3B-lcwgs-1-3.clmp.fp2_repr.R2										0.059940053247328665	0.0	0.0	0.0	0.0	0.0	0.0																																																																																																																																																																																																																																																																																																																																																																																																																																																																																																																																																																																																																																																																																																																																																																																																																																																																																							
Sor-CPnd_050-Ex1-3F-lcwgs-1-3.clmp.fp2_repr.R1										0.2213462655976258	0.020743574319509073	0.0	0.0	0.0	0.0	0.0																																																																																																																																																																																																																																																																																																																																																																																																																																																																																																																																																																																																																																																																																																																																																																																																																																																																																							
Sor-CPnd_050-Ex1-3F-lcwgs-1-3.clmp.fp2_repr.R2										0.27410175217326593	0.011666530752319475	0.0	0.0	0.0	0.0	0.0																																																																																																																																																																																																																																																																																																																																																																																																																																																																																																																																																																																																																																																																																																																																																																																																																																																																																							
Sor-CPnd_052-Ex1-6D-lcwgs-1-3.clmp.fp2_repr.R1										0.09908495138177072	0.0	0.0	0.0	0.0	0.0	0.0																																																																																																																																																																																																																																																																																																																																																																																																																																																																																																																																																																																																																																																																																																																																																																																																																																																																																							
Sor-CPnd_052-Ex1-6D-lcwgs-1-3.clmp.fp2_repr.R2										0.10862466794370304	0.001535815655035405	0.0	0.0	0.0	0.0	0.0																																																																																																																																																																																																																																																																																																																																																																																																																																																																																																																																																																																																																																																																																																																																																																																																																																																																																							
Sor-CPnd_053-Ex1-2C-lcwgs-1-3.clmp.fp2_repr.R1										0.12694315268137243	0.005448027020055567	0.0	0.0	0.0	0.0	0.0																																																																																																																																																																																																																																																																																																																																																																																																																																																																																																																																																																																																																																																																																																																																																																																																																																																																																							
Sor-CPnd_053-Ex1-2C-lcwgs-1-3.clmp.fp2_repr.R2										0.17579989153442357	0.0070895061194629775	0.0	0.0	0.0	0.0	0.0																																																																																																																																																																																																																																																																																																																																																																																																																																																																																																																																																																																																																																																																																																																																																																																																																																																																																							
Sor-CPnd_054-Ex1-8F-lcwgs-1-3.clmp.fp2_repr.R1										0.027731931899753384	0.0	0.0	0.0	0.0	0.0	0.0																																																																																																																																																																																																																																																																																																																																																																																																																																																																																																																																																																																																																																																																																																																																																																																																																																																																																							
Sor-CPnd_054-Ex1-8F-lcwgs-1-3.clmp.fp2_repr.R2										0.03459008752055371	0.0	0.0	0.0	0.0	0.0	0.0																																																																																																																																																																																																																																																																																																																																																																																																																																																																																																																																																																																																																																																																																																																																																																																																																																																																																							
Sor-CPnd_055-Ex1-7G-lcwgs-1-3.clmp.fp2_repr.R1										0.13761584468525817	0.0027806527528833388	0.0	0.0	0.0	0.0	0.0																																																																																																																																																																																																																																																																																																																																																																																																																																																																																																																																																																																																																																																																																																																																																																																																																																																																																							
Sor-CPnd_055-Ex1-7G-lcwgs-1-3.clmp.fp2_repr.R2										0.16771344578153372	0.008793408274006272	0.0	0.0	0.0	0.0	0.0																																																																																																																																																																																																																																																																																																																																																																																																																																																																																																																																																																																																																																																																																																																																																																																																																																																																																							
Sor-CPnd_058-Ex1-2G-lcwgs-1-3.clmp.fp2_repr.R1										0.10932193336611869	0.0	0.0	0.0	0.0	0.0	0.0																																																																																																																																																																																																																																																																																																																																																																																																																																																																																																																																																																																																																																																																																																																																																																																																																																																																																							
Sor-CPnd_058-Ex1-2G-lcwgs-1-3.clmp.fp2_repr.R2										0.12058544834169647	0.0017920179332255055	0.0	0.0	0.0	0.0	0.0																																																																																																																																																																																																																																																																																																																																																																																																																																																																																																																																																																																																																																																																																																																																																																																																																																																																																							
Sor-CPnd_063-Ex1-7D-lcwgs-1-3.clmp.fp2_repr.R1										0.1326835118656424	0.007190510878660994	0.0	0.0	0.0	0.0	0.0																																																																																																																																																																																																																																																																																																																																																																																																																																																																																																																																																																																																																																																																																																																																																																																																																																																																																							
Sor-CPnd_063-Ex1-7D-lcwgs-1-3.clmp.fp2_repr.R2										0.18511967871363405	0.011021171589958226	0.0	0.0	0.0	0.0	0.0																																																																																																																																																																																																																																																																																																																																																																																																																																																																																																																																																																																																																																																																																																																																																																																																																																																																																							
Sor-CPnd_066-Ex1-8B-lcwgs-1-3.clmp.fp2_repr.R1										0.0	0.0	0.0	0.0	0.0	0.0	0.0																																																																																																																																																																																																																																																																																																																																																																																																																																																																																																																																																																																																																																																																																																																																																																																																																																																																																							
Sor-CPnd_066-Ex1-8B-lcwgs-1-3.clmp.fp2_repr.R2										0.0	0.0	0.0	0.0	0.0	0.0	0.0																																																																																																																																																																																																																																																																																																																																																																																																																																																																																																																																																																																																																																																																																																																																																																																																																																																																																							
Sor-CPnd_069-Ex1-6B-lcwgs-1-3.clmp.fp2_repr.R1										0.13289797029816186	0.005383918689569757	0.0	0.0	0.0	0.0	0.0																																																																																																																																																																																																																																																																																																																																																																																																																																																																																																																																																																																																																																																																																																																																																																																																																																																																																							
Sor-CPnd_069-Ex1-6B-lcwgs-1-3.clmp.fp2_repr.R2										0.18633687068011065	0.007045671316694608	0.0	0.0	0.0	0.0	0.0																																																																																																																																																																																																																																																																																																																																																																																																																																																																																																																																																																																																																																																																																																																																																																																																																																																																																							
Sor-CPnd_072-Ex1-8C-lcwgs-1-3.clmp.fp2_repr.R1										0.3169955465012124	0.026985163128429007	0.008337024505866495	0.0	0.0	0.0	0.0																																																																																																																																																																																																																																																																																																																																																																																																																																																																																																																																																																																																																																																																																																																																																																																																																																																																																							
Sor-CPnd_072-Ex1-8C-lcwgs-1-3.clmp.fp2_repr.R2										0.4483799148612878	0.0599924277818282	0.011359840738546494	0.0	0.0	0.0	0.0																																																																																																																																																																																																																																																																																																																																																																																																																																																																																																																																																																																																																																																																																																																																																																																																																																																																																							
