Sample	1	2	3	4	5	6	7	8	9	12	17	22	27	32	37	42	47	52	57	62	67	72	77	82	87	92	97	102	107	112	117	122	127	132	137	142	147	150
Sor-CPnd_001-Ex1-3E-lcwgs-1-3.clmp.fp2_repr.R1	0.0	0.024122972174751765	0.0	0.0030008512737452037	0.0	0.0	0.0	0.0	0.0	5.420892623539723e-05	0.005962981885893695	0.0036087656608135865	0.0039185309535872855	0.00015103459861858334	0.004772646411430827	3.928519024933721e-06	0.0	1.222189137109618e-05	0.00012964160327854415	0.005692146222439501	0.0017602666098020133	4.650140624902637e-06	0.0008507835108432358	4.0831536277875754e-05	0.0022582227131287746	5.679277028034331e-06	7.220118861206753e-05	0.0015535309360752707	4.770251403833878e-05	0.00015299115186601122	1.5617019459040502e-05	0.002037779936874106	2.7090181317292574e-05	0.0038418533256457266	0.0016477718638729189	1.1518075430954552e-05	1.2550103149297785e-05	0.0
Sor-CPnd_001-Ex1-3E-lcwgs-1-3.clmp.fp2_repr.R2	0.0	0.008363662904889858	0.0009099355475227391	0.02617516723937752	0.0002710446311769861	0.00011616198479013692	0.0	0.0	1.9360330798356153e-05	1.1616198479013693e-05	0.0021102760570208207	1.5488264638684923e-05	0.0004762641376395614	0.0	2.3339742945407097e-05	1.1786699401212098e-05	3.989766567934574e-06	4.074464920894264e-06	0.002789891941252823	0.0042915609752962654	4.468731303945407e-06	4.651576240102085e-06	0.0020330217200647768	0.0025125549870360846	0.002835412788486438	0.001915480584415968	0.0	0.0013953876294022	0.0003070829501336186	5.108015183648105e-05	4.694113933186329e-05	0.0013699928861228294	0.0021454774963852777	0.0017895117595858425	0.0030947385311586645	0.0	0.0	0.0
Sor-CPnd_002-Ex1-5E-lcwgs-1-3.clmp.fp2_repr.R1	0.0	0.019515288518451607	2.0118854142733612e-05	0.002233192809843431	0.0	0.0	0.0	0.0	0.0	6.438033325674756e-05	0.004989475827397936	0.002941376475667654	0.0033558248710079666	0.00010867868534855951	0.004289878810923592	4.1469063125120205e-06	0.0	4.445629945763315e-06	0.00014887937332577585	0.00571436035881682	0.0019008696478638979	1.0943339382993732e-05	0.0010111271638847692	2.474736038467297e-05	0.0021430000880278497	7.029923431479969e-06	8.251177855638892e-05	0.0021309941319952183	2.5708313305843148e-05	0.00022953588853296544	9.849242568623367e-06	0.0023260579175733887	0.0	0.004555625658851237	0.0019311788696228075	4.311313014689937e-05	1.559331876189673e-05	0.0
Sor-CPnd_002-Ex1-5E-lcwgs-1-3.clmp.fp2_repr.R2	0.0	0.007001361241671297	0.0006438033325674756	0.023740247888425662	0.00022130739557006974	0.0	0.0	0.0	0.0	3.62139374569205e-05	0.002052123122558829	2.0118854142733612e-05	0.00040640085368321896	8.050290810717818e-06	8.125130255994417e-06	0.0	8.552291962932314e-06	4.445867912552979e-06	0.0024705466407800524	0.004427747406257371	1.033143128239614e-05	1.6417442591486744e-05	0.0019704942034338216	0.0024323668935184043	0.002836825905841394	0.0018993522013105108	0.0	0.0015077517688815434	0.00027458256157042004	5.517645752980701e-05	3.9472337736373926e-05	0.001589451804430459	0.0026325125326400215	0.00201419541060663	0.004126715920989446	0.00010094303870848284	0.0	0.0
Sor-CPnd_003-Ex1-2B-lcwgs-1-3.clmp.fp2_repr.R1	0.0	0.02907296146519947	1.6205664138907174e-05	0.003468012125726135	0.0	0.0	0.0	0.0	0.0	5.185812524450296e-05	0.007292548862508229	0.004307465528121527	0.004796876585116523	0.00015884347427893005	0.00576654297377689	9.886420516985315e-06	0.0	1.3723201246835171e-05	0.00022916779267380182	0.008152272227713834	0.0026531755387602224	0.0	0.0013595606974448685	1.2757024272705036e-05	0.0027191190517101235	9.326334603144878e-06	7.33872563322928e-05	0.0026583286671181196	6.498761417308379e-05	0.0002457516820988245	0.0	0.003022602728628998	1.3601623544192729e-05	0.0056261800858423295	0.0026067383955471033	1.662483995474386e-05	2.6787498524455288e-05	0.0
Sor-CPnd_003-Ex1-2B-lcwgs-1-3.clmp.fp2_repr.R2	0.0	0.012040808455208031	0.001101985161445688	0.03237891694953653	0.000372730275194865	8.102832069453587e-05	0.0	0.0	0.0	2.2687929794470046e-05	0.002764686302097564	6.48226565556287e-06	0.0007098080892841343	6.483448097388393e-06	6.516388537972315e-06	0.0	2.347753233694686e-05	1.0294112045850798e-05	0.003610875802763103	0.005753575872863285	3.76423908127873e-06	1.9546394638189395e-05	0.0029320825829204154	0.003280393483836595	0.0037318638874345163	0.002720923467423522	4.897528760860087e-06	0.0022910035841592702	0.0004989624563834952	2.28996406645636e-05	0.00013323941166078625	0.0024328260773279226	0.003327950645946355	0.0030798768979014997	0.004766443492570326	2.503603937868562e-05	1.7951058950918574e-05	0.0
Sor-CPnd_004-Ex1-1G-lcwgs-1-3.clmp.fp2_repr.R1	0.0	0.02272601413456387	2.2107017640626332e-05	0.0026307350992345333	0.0	0.0	0.0	0.0	0.0	5.9688947629691095e-05	0.005526754410156583	0.003550387033084589	0.0036167080860064677	0.00012824106915375333	0.00460586846270368	4.486898682103632e-06	0.0	1.1653772932294376e-05	0.0001557547149827697	0.005563012793047853	0.0015990378214091729	1.878271731342315e-05	0.0008301778133938131	2.075123256392506e-05	0.001908180724830438	3.320162359923595e-06	8.113563359204312e-05	0.001868017532754015	4.8203865717045156e-05	0.00019804776567677228	9.248360323516892e-06	0.0020257154371511334	3.7595481109103215e-05	0.003957209835845523	0.0017419619186927913	6.900746902340976e-06	4.524677022898259e-05	0.0
Sor-CPnd_004-Ex1-1G-lcwgs-1-3.clmp.fp2_repr.R2	0.0	0.008035900912367671	0.000596889476296911	0.025456230813181224	0.00025423070286720285	4.4214035281252665e-05	0.0	0.0	0.0	2.4317719404688965e-05	0.002078059658218875	1.7685614112501063e-05	0.0005173042127906562	2.2110677783591167e-06	4.441951029266683e-06	2.2438180233067173e-06	1.8242438634602723e-05	6.99408691915507e-06	0.002420947088883035	0.004049326392697086	2.5718464597376152e-05	1.0738485658752402e-05	0.0019092608302327793	0.0025188318281013874	0.002634480259541468	0.0018781122438990354	3.5327883206583363e-06	0.0014834399345569555	0.0003662756854849454	3.452076866532568e-05	7.881136513662437e-05	0.00143760172092906	0.002392569197385181	0.0019715322410266993	0.0033404990312552807	3.4671308368974284e-05	1.5174222455770368e-05	0.0
Sor-CPnd_005-Ex1-3D-lcwgs-1-3.clmp.fp2_repr.R1	0.0	0.03632271803982937	0.0	0.003890727257518066	0.0	0.0	0.0	0.0	0.0	5.002363616808942e-05	0.009282163600078816	0.005630438159808287	0.0065753290652055315	0.00021678757391414022	0.00807890718795416	1.1199962905722856e-05	0.0	5.699375496629332e-06	0.00021353301863952803	0.009554272397050957	0.003046695346146029	6.086870723326587e-06	0.0013151542859849742	3.841865732939619e-05	0.0029286184862314037	0.0	4.934268494695662e-05	0.002428389748655078	6.089526699149217e-05	0.00028601251050500116	0.0	0.003174700359308051	2.7524541798952673e-05	0.004995644785258433	0.0020718962353337696	1.0947584607039187e-05	0.0	0.0
Sor-CPnd_005-Ex1-3D-lcwgs-1-3.clmp.fp2_repr.R2	0.0	0.013228472675561424	0.0015284999940249548	0.04163078165544331	0.000277909089822719	0.0001389545449113595	0.0	0.0	0.0	2.7790908982271902e-05	0.0036795163492527997	1.1116363592908761e-05	0.0009282163600078815	0.0	0.0	5.601211967840754e-06	1.693152080274372e-05	1.1402112663249036e-05	0.00451442769526343	0.006885281886663338	0.0	6.089745307364062e-06	0.0031371191105500195	0.003703759001399931	0.004007062464096522	0.0025563414241425793	0.0	0.0022998845882756134	0.0004193163648961147	2.387668551492221e-05	0.00010829755001784827	0.0018096886006753374	0.0032109143856140733	0.0027000876654362164	0.004498618193317874	4.3969742221890006e-05	0.0	0.0
Sor-CPnd_006-Ex1-2D-lcwgs-1-3.clmp.fp2_repr.R1	0.0	0.025750538008028873	1.0671586410289629e-05	0.0032441622687280473	0.0	0.0	0.0	0.0	0.0	6.829815302585363e-05	0.006469115681917574	0.0038716515496530777	0.004371081793654632	0.00020493230210829656	0.005401798058340106	2.1728834273898517e-06	0.0	1.1358234490569325e-05	0.00019673834063013978	0.0070292969165803585	0.0022729828172074777	7.886804791959498e-06	0.0012137608777126007	2.0226541307957387e-05	0.002342928237293231	3.1987665556161547e-06	7.75553919998511e-05	0.0021434939599580373	6.0285503857010025e-05	0.00022374940961121184	8.489212969310221e-06	0.0026837649300237663	3.855530942274412e-05	0.004942417741084206	0.0024222207229278123	3.5826869519198036e-05	4.51076006371513e-05	0.0
Sor-CPnd_006-Ex1-2D-lcwgs-1-3.clmp.fp2_repr.R2	0.0	0.011632029187215696	0.0007576826351305636	0.029261489937014162	0.00028813283307782	6.402951846173778e-05	0.0	0.0	1.0671586410289629e-05	2.561180738469511e-05	0.0024096442114433982	1.494022097440548e-05	0.0005677283970274083	1.0673621655463347e-05	1.7170429541260426e-05	1.3038974145670116e-05	1.107599651017502e-05	9.087983586374604e-06	0.0031576614012975134	0.005197065043002985	1.0081827641780363e-05	1.840768235682288e-05	0.002577112662444827	0.0030557393158907958	0.003344878943205567	0.002464994280092818	6.75034142383129e-06	0.002046134705389041	0.00036219563446356355	4.401907962987477e-05	7.6545355036493e-05	0.0019108319766954571	0.0033388579917015605	0.0025535967125388786	0.004161843552416477	4.195879478516917e-05	0.0	0.0
Sor-CPnd_007-Ex1-1C-lcwgs-1-3.clmp.fp2_repr.R1	0.0	0.03215327008746874	3.7000310802610744e-05	0.0036260304586558526	0.0	0.0	0.0	0.0	0.0	7.400062160522149e-05	0.008487871298118904	0.005091242766439238	0.005572246806873178	0.00020724353150379236	0.006794933376162005	7.5320953882637e-06	0.0	1.567241517795048e-05	0.0002089588032897188	0.009146277985379836	0.003030816163887468	0.0	0.0015733248501112512	1.8851282047415123e-05	0.0029729190544552715	1.015292848530998e-05	9.493658868786241e-05	0.0023822219060563653	5.72495113467959e-05	0.00016756980808588958	2.5090904346447177e-05	0.003163859861573222	1.389723688187696e-05	0.00611468772980606	0.0028878251632596832	3.33845507983498e-05	0.0	0.0
Sor-CPnd_007-Ex1-1C-lcwgs-1-3.clmp.fp2_repr.R2	0.0	0.011396095727204108	0.00099900839167049	0.03363328251957316	0.00025900217561827517	0.00014800124321044298	0.0	0.0	0.0	2.9600248642088592e-05	0.0027084227507511065	1.4800124321044296e-05	0.0006142051593233383	7.401641254735108e-06	7.4434347342522606e-06	0.0	7.667854315062012e-06	2.3517512825471597e-05	0.00410865635198272	0.007042872328017315	8.518089269916272e-06	8.795809676270225e-06	0.0030217406045028486	0.003924824144763365	0.004415673703057398	0.0028162879454132228	3.169824622056527e-05	0.0020458332645889358	0.0004934176366052545	5.9991133310496704e-05	8.805723720418272e-05	0.0020893393575069897	0.0027333023466097916	0.0025970760465183537	0.004563200563014271	0.00010066673254745053	3.5956219706884893e-05	0.0
Sor-CPnd_008-Ex1-1A-lcwgs-1-3.clmp.fp2_repr.R1	0.0	0.06052721330700242	2.5332260033622666e-05	0.007473016709918686	0.0	0.0	0.0	0.0	0.0	0.00010808430947679002	0.0176633405127773	0.011178281944169893	0.012083488036038011	0.00028204054000056006	0.017188187586650704	1.6917577461104038e-06	0.0	1.6975391606582128e-06	0.00031648287745959943	0.02412439452290939	0.00798103351799593	2.2335069684558375e-05	0.004211287327021373	5.378698735925984e-05	0.008131869324629231	1.0535317016468457e-05	9.901555727131442e-05	0.007258033093707731	6.657173776759163e-05	0.0007130931024541609	9.211504432115358e-06	0.00884171067197842	4.3695467818686913e-05	0.014249675056309636	0.006591309260848839	1.2193012213151004e-05	6.678111976703407e-05	0.0
Sor-CPnd_008-Ex1-1A-lcwgs-1-3.clmp.fp2_repr.R2	0.0	0.021236877994853666	0.00412071429880262	0.06602431373429854	0.0007093032809414346	0.0001182172134902391	8.444086677874221e-06	0.0	0.0	3.715398138264657e-05	0.00650194674196315	1.182172134902391e-05	0.001759747663668988	1.6888817100157002e-06	1.6901987117609657e-05	1.3538383203293495e-05	8.475092964565993e-06	2.038123438606372e-05	0.011019142098834997	0.01714012235271203	3.083451191117495e-05	2.2357852599802916e-05	0.008348119377450445	0.010327788077958677	0.010500955712813542	0.007750629835425069	3.1893267267493294e-05	0.006726817577622785	0.0013241765502584985	5.291298383176269e-05	0.0002717281550203579	0.006263689980099512	0.010030918235558812	0.0076070271974945656	0.011293101465544799	0.00010830869957545442	1.6827406965999593e-05	0.0
Sor-CPnd_009-Ex1-6A-lcwgs-1-3.clmp.fp2_repr.R1	0.0	0.0381176744769878	0.0	0.0050552240385328025	0.0	0.0	0.0	0.0	0.0	8.139767519671461e-05	0.010106163988897358	0.006061984758071115	0.006387575458857974	0.00022708279374391188	0.008480652249414565	6.495048575494038e-06	0.0	1.1101990209376874e-05	0.0002189765631416211	0.0103459984678266	0.003494465809806452	2.1572015573365357e-05	0.0016566883305868306	3.272559305760276e-05	0.003093361607226961	1.3274090183903226e-05	6.554821027166675e-05	0.0025368249279398127	9.022025529130883e-05	0.00026552329119016046	3.137638801296473e-06	0.002693282185188447	3.081922323709163e-05	0.0053072901203176336	0.0022672631616143094	1.6094119051980746e-05	4.700344090825689e-05	0.0
Sor-CPnd_009-Ex1-6A-lcwgs-1-3.clmp.fp2_repr.R2	0.0	0.014008968310171411	0.001178124246268238	0.041362871264435774	0.0004498292576660545	5.3551102103101726e-05	0.0	0.0	0.0	2.570452900948883e-05	0.0035964920172443116	2.142044084124069e-05	0.0009382153088463422	6.426908833162781e-06	6.44796488042851e-06	4.33046000094837e-06	1.0946469639846042e-05	6.6619051809703206e-06	0.004578728527727452	0.007732999197865168	1.6419803521569336e-05	1.6782082240689918e-05	0.0033266674773423867	0.0038857689692513033	0.0043979543126233984	0.0027307798522849987	5.466337786275868e-06	0.0023643887767565534	0.00045741569165986976	6.344470678998545e-05	8.798484599289674e-05	0.0021505300909152986	0.003070980129900744	0.002454282412871713	0.00424615585094997	2.82486924487371e-05	1.2870733432309274e-05	0.0
Sor-CPnd_010-Ex1-1H-lcwgs-1-3.clmp.fp2_repr.R1	0.0	0.030974282765171175	0.0	0.00463327221418073	0.0	0.0	0.0	0.0	0.0	1.716026745992863e-05	0.008202607845845885	0.005405484249877518	0.005783010133995948	0.0001544639038451901	0.007080588815563927	1.737169698896376e-05	0.0	0.0	0.00014572594014634893	0.007839197027882962	0.0029026827854678715	1.964408068845431e-05	0.0013581472924928306	4.193915760588641e-05	0.002757277312405816	0.0	0.0	0.0024304478732122842	0.00010141648403248166	0.0002651514147153732	0.0	0.0027211807934963196	0.0	0.0046160811827905945	0.002056065060868238	0.0	4.009463938680862e-05	0.0
Sor-CPnd_010-Ex1-1H-lcwgs-1-3.clmp.fp2_repr.R2	0.0	0.010467763150556465	0.0010296160475957179	0.035350150967452976	0.00042900668649821576	8.580133729964316e-05	0.0	0.0	0.0	1.716026745992863e-05	0.00300304680548751	0.0	0.000789372303156717	1.7162841555564444e-05	0.0	0.0	1.7590793119607542e-05	1.787587102416049e-05	0.004008832551428767	0.005998365538533072	1.910610556620084e-05	0.0	0.0031240231088452254	0.003442000507485197	0.003868484564637922	0.0024102877387986946	0.0	0.0023615033086608985	0.00033025048737350774	5.3146851660227925e-05	0.00011153805399557193	0.0017021031832557651	0.0027894850052783255	0.002234291778791971	0.004339017212601346	3.7531197808178044e-05	0.0	0.0
Sor-CPnd_012-Ex1-5B-lcwgs-1-3.clmp.fp2_repr.R1	0.0	0.030047630892743	0.0	0.0035310464447310267	0.0	0.0	0.0	0.0	0.0	4.498148337236976e-05	0.008078674413677609	0.00513238725278739	0.005424766894707794	0.00017547792312249194	0.006765792786531211	2.30584709789543e-05	0.0	1.4593491011139212e-05	0.00023626596026830965	0.009612431648038655	0.0032658008893558534	0.0	0.0016213695101696902	3.0373982084331906e-05	0.0033168129883358317	6.5946326153251215e-06	4.81269804252445e-05	0.002934752136503143	1.5000515642725218e-05	0.0003927229690547653	0.0	0.0038453114351507714	2.7359860968130503e-05	0.006149476745931721	0.0029038454249456828	4.340398344398456e-05	1.1548400269401081e-05	0.0
Sor-CPnd_012-Ex1-5B-lcwgs-1-3.clmp.fp2_repr.R2	0.0	0.01050317636744834	0.0011020463426230592	0.03297142731194704	0.0003598518669789581	2.249074168618488e-05	0.0	0.0	0.0	2.249074168618488e-05	0.00290130567751785	3.5985186697895806e-05	0.0008186629973771297	0.0	1.8140546788733197e-05	1.3837446898797526e-05	1.8899562574349108e-05	0.0	0.004213555036721786	0.00684565601739411	5.3998228642107624e-06	0.0	0.0033789412592362834	0.003787464513798074	0.004238471752803204	0.0030565407893387857	6.884259759642955e-06	0.0025656152507069637	0.0005034307679753713	3.148284763301326e-05	9.911584536111e-05	0.0023185572634146774	0.004345148997903442	0.0030902417216045657	0.004889611396599858	4.3593466080523454e-05	0.0	0.0
Sor-CPnd_013-Ex1-7F-lcwgs-1-3.clmp.fp2_repr.R1	0.0	0.023567807718544134	0.0	0.002762435751592818	0.0	0.0	0.0	0.0	0.0	2.4886808572908266e-05	0.006072381291789618	0.0036484061367883522	0.003932115754519507	0.00011951271082415667	0.004755608617546088	5.178165931945333e-06	0.0	2.2419845688686092e-05	0.00015278430294071588	0.006902257124512273	0.0023140354047416923	0.0	0.0013828470779644838	1.530903936773055e-05	0.00275949488781318	1.7103498571943386e-05	0.0001084694285694916	0.002266023294528242	4.051414475400065e-05	0.00021482189438968994	1.1407856065711076e-05	0.0026806952340635093	2.583288448696537e-05	0.005374785146409147	0.002300543267393766	3.1736364748578965e-05	5.1193918981527705e-05	0.0
Sor-CPnd_013-Ex1-7F-lcwgs-1-3.clmp.fp2_repr.R2	0.0	0.008785043426236618	0.001020359151489239	0.024861921764335364	0.000273754894301991	0.0	0.0	0.0	0.0	3.484153200207158e-05	0.002040718302978478	4.977361714581654e-06	0.0005076908948873287	9.959487295553513e-06	2.0174755751797647e-05	1.5538031533399128e-05	0.0	5.6065411291091665e-06	0.002668728602410344	0.005150949374320232	6.502999183223302e-06	6.859296284216314e-06	0.002434124160471664	0.0032402058840606844	0.003758130906552698	0.0022000877980562525	9.050127570598235e-06	0.002087340852228715	0.0003855282436976785	2.1523803497144545e-05	6.86005622502082e-05	0.0016782020764467256	0.003134720304580824	0.0024470392276978296	0.0038038329315133942	3.1864918238602916e-05	0.0	0.0
Sor-CPnd_014-Ex1-1F-lcwgs-1-3.clmp.fp2_repr.R1	0.0	0.02629032548322749	0.0	0.003380019906356145	0.0	0.0	0.0	0.0	0.0	6.460106305663622e-05	0.006743889546948131	0.003952200750572065	0.004302892235736662	0.00020075230426148453	0.005380759746598876	4.6755864231537095e-06	0.0	1.2120032144264451e-05	0.00023394742375105923	0.006903113758693842	0.00229832607644855	1.1070027471656925e-05	0.0010807737033540308	3.63310793128049e-05	0.002253507732582817	6.683121849283973e-06	9.503281764772094e-05	0.0019575847475397303	3.536451383224018e-05	0.00025838831621378765	4.429457914967342e-06	0.002537828743165316	5.036202236154372e-06	0.004713354691912703	0.0019769318145781735	1.8823789253875193e-05	1.3580929061850471e-05	0.0
Sor-CPnd_014-Ex1-1F-lcwgs-1-3.clmp.fp2_repr.R2	0.0	0.0092748669102742	0.0009805518499667997	0.028747473060203116	0.0002422539864623858	0.00011535904117256467	0.0	0.0	0.0	1.8457446587610347e-05	0.002487140927680494	1.8457446587610347e-05	0.0005329587702172487	4.6150239335141195e-06	1.6215836677984778e-05	9.353026379790018e-06	3.5611054355004034e-05	1.212362420809396e-05	0.0029727394563417234	0.004874704178910787	1.5969556064174086e-05	5.538886430700319e-06	0.002296384715355884	0.002936552020625081	0.003344284619176828	0.0020878963544158557	0.0	0.0017340227202373513	0.000350404750952973	3.3413860737711215e-05	0.00010213282195873434	0.0018969690361197568	0.0029051977878864067	0.0024141188060396272	0.0039470676111141734	2.521354295032491e-05	1.3659322162967325e-05	0.0
Sor-CPnd_015-Ex1-5F-lcwgs-1-3.clmp.fp2_repr.R1	0.0	0.02753789781217365	0.0	0.0031711949252207845	0.0	0.0	0.0	0.0	0.0	7.047099833823965e-05	0.006450806770961937	0.004027688597331697	0.004358360204918821	8.676852640903139e-05	0.005471563222323101	1.122103171439467e-05	0.0	1.8068678686313103e-05	0.0001633875826191306	0.008109905118710544	0.0024106134212210847	1.4457559941224237e-05	0.0012762164678870893	2.3978340844282174e-05	0.0027839643652561247	2.6537803809200973e-05	5.583782091042637e-05	0.0028114005721738937	5.1633492663964995e-05	0.0002397211650579379	1.1511200801271666e-05	0.003165867082288191	6.450095674269136e-05	0.006190388408525096	0.0025519857730438847	0.0	0.00010026749697066824	0.0
Sor-CPnd_015-Ex1-5F-lcwgs-1-3.clmp.fp2_repr.R2	0.0	0.009594897466052629	0.0007589184436425808	0.02718554282048245	0.0003252507615611061	8.131269039027652e-05	0.0	0.0	0.0	2.1683384104073738e-05	0.0021791801024594105	1.0841692052036869e-05	0.000661343215174249	2.1692331587245256e-05	2.1932674366132004e-05	5.611514198646032e-06	5.7951253955028205e-06	0.0	0.003595467649025534	0.005588056495645622	2.066991611527943e-05	2.892740090195636e-05	0.00293407981594046	0.0034635217569158054	0.004301853391657823	0.002736367223669417	9.318163859538744e-06	0.00214844583488458	0.0004965478031225202	5.4586308924009965e-05	9.229280121918791e-05	0.00242925615444112	0.003337829484522692	0.002981534272805165	0.004668922190289461	4.7052048034494794e-05	0.0	0.0
Sor-CPnd_016-Ex1-1B-lcwgs-1-3.clmp.fp2_repr.R1	0.0	0.053712955606736716	6.340056138661086e-06	0.006156194510639913	0.0	0.0	0.0	0.0	0.0	8.11527185748619e-05	0.014749506600981148	0.009195617423514038	0.010009680631718122	0.00024346888687635368	0.013562782141384672	0.0	0.0	5.1355728316796235e-06	0.0002518329272172233	0.018051579391648254	0.005795613277389839	3.962857667388532e-06	0.0030714967079370197	3.7740663280026214e-05	0.005764458291200014	1.1034354455713019e-05	6.426225347410473e-05	0.004913901238151501	4.750953573969612e-05	0.00042068402812549764	4.4866720043107944e-06	0.005660107905116832	2.0384211336980197e-05	0.009583526755903961	0.004114369010353004	8.638391805110141e-06	4.127472946254255e-05	0.0
Sor-CPnd_016-Ex1-1B-lcwgs-1-3.clmp.fp2_repr.R2	0.0	0.018956767854596646	0.002605763072989706	0.05766281058112257	0.0005896252208954809	0.0002282420209917991	0.0	0.0	0.0	3.170028069330543e-05	0.0052001140449298225	1.2680112277322172e-05	0.0013276077554356313	1.2680780696828682e-06	1.5236913627536213e-05	0.0	1.1502120000467753e-05	1.1559699373834204e-05	0.008054707407326772	0.01298882637056929	1.310578802056272e-05	1.7185620859769116e-05	0.005883014043102937	0.006889751773551104	0.007288012197129865	0.005120593428569925	1.3993852304768582e-05	0.00461828320539236	0.0008397588229974966	3.232863574744188e-05	0.00017397856845004548	0.004183892171632432	0.0062489178285874475	0.004997129119373758	0.0077878924377074304	5.903214267179929e-05	1.80639022826703e-06	0.0
Sor-CPnd_017-Ex1-3G-lcwgs-1-3.clmp.fp2_repr.R1	0.0	0.02109998552757403	0.0	0.0033814079371112227	0.0	0.0	0.0	0.0	0.0	0.0	0.0060324317598064205	0.00367897183557701	0.004192945842017916	2.705699447658515e-05	0.0044089958756837345	0.0	0.0	0.0	0.00014943617730303567	0.005987960785992764	0.0019417331197858398	0.0	0.0011419973819710018	0.0	0.0021517184659681815	0.0	4.476558278745435e-05	0.002236755315149306	0.00015217063806670248	0.00010827684440130214	0.0	0.0018023460330363814	0.0	0.005173116177412019	0.0022511525512932873	0.0	0.0	0.0
Sor-CPnd_017-Ex1-3G-lcwgs-1-3.clmp.fp2_repr.R2	0.0	0.0067628158742224454	0.0004057689524533467	0.023940368194747454	0.0	0.0	0.0	0.0	0.0	0.0	0.0019476909717760643	2.7051263496889783e-05	0.0003787176889564569	2.7057345880005e-05	0.0	0.0	0.0	0.0	0.0028097990246410405	0.0040959202462268664	0.0	0.0	0.002427875148662723	0.0027523966588166807	0.003309392734407676	0.001731339955779044	0.0	0.0015719031364707248	0.00025387631044604544	0.00016262463145192896	0.0	0.001618868535422089	0.0024759779945782772	0.0018010346583905521	0.0032704294774710233	0.0	0.0	0.0
Sor-CPnd_018-Ex1-1E-lcwgs-1-3.clmp.fp2_repr.R1	0.0	0.023336555243665687	0.0	0.003205134148108454	0.0	0.0	0.0	0.0	0.0	6.357290872281232e-05	0.00576394372420165	0.0037296106450716558	0.0036713354787424116	0.0001483726383050249	0.004476639730705842	5.421089937237331e-06	0.0	5.729475043724489e-06	0.0001842331597817348	0.006131941941461921	0.002030663274122469	1.356680355119223e-05	0.0009421103185489102	1.5061569058536712e-05	0.0017511523378361295	8.422391703203002e-06	8.923490616101885e-05	0.0017044520002170336	5.034987118488956e-05	0.00023617998202885048	0.0	0.0027130059541273658	7.904657186874791e-05	0.004068727758448564	0.002005066542954571	0.0	1.8079965517889765e-05	0.0
Sor-CPnd_018-Ex1-1E-lcwgs-1-3.clmp.fp2_repr.R2	0.0	0.00829096684593344	0.0009271049188743463	0.02442259243434707	0.0003708419675497385	7.94661359035154e-05	0.0	0.0	0.0	2.119096957427077e-05	0.0021137992150335096	1.0595484787135385e-05	0.0005774539208988785	1.0598150050516082e-05	5.336310567725279e-06	1.6266269726308627e-05	1.1109677345529242e-05	1.719269631337013e-05	0.002835699229926341	0.004215183052215905	1.2939133990231602e-05	1.3573904548574693e-05	0.002071217898979418	0.0024721960849458636	0.002732801852505027	0.0019645833679383874	0.0	0.001782984936812152	0.0004034985747421593	4.302857947491579e-05	9.195714107547326e-05	0.0018340745948910806	0.0023654467172555113	0.001991570818764637	0.0035339294099136862	5.0118748020309454e-05	1.818079344618758e-05	0.0
Sor-CPnd_019-Ex1-6G-lcwgs-1-3.clmp.fp2_repr.R1	0.0	0.026044472060805096	0.0	0.0031243368595015707	0.0	0.0	0.0	0.0	0.0	6.248673719003142e-05	0.006078709793846256	0.003896672931170359	0.004189110861219706	0.00015001897364969234	0.00517088617960923	5.1487490329040335e-06	0.0	1.6458513559771573e-05	0.0002055142088242435	0.007246536374618041	0.0022209117179482043	9.81882757569285e-06	0.0013078881176058503	1.0877068424120537e-05	0.0025040317778835886	4.0327833020187715e-06	8.941854949487036e-05	0.0021422826741988605	4.765862924536516e-05	0.0002831374746705721	5.371587920351598e-06	0.002862315102157226	3.043681764078991e-05	0.004926431095737064	0.0025610144289501522	3.000348865564344e-05	2.423121424633856e-05	0.0
Sor-CPnd_019-Ex1-6G-lcwgs-1-3.clmp.fp2_repr.R2	0.0	0.008623169732224337	0.0007623381937183833	0.027644132532869896	0.00024994694876012566	2.4994694876012563e-05	0.0	0.0	0.0	1.7496286413208796e-05	0.002356999726807985	2.7494164363613822e-05	0.000584875860098694	5.000671590194563e-06	7.571425229185149e-06	1.0298815762347825e-05	1.0596473366505947e-05	2.7434929559720957e-06	0.0031345121059111105	0.005325433771034122	1.2479142283592564e-05	9.821110116087159e-06	0.002561566422656807	0.0029018754748647165	0.003327782693801075	0.002377002241000585	4.261850116868453e-06	0.0018157707302444146	0.0005106265683871186	5.570311535877186e-05	0.00011839518979717612	0.0019582291401788023	0.003106272919823923	0.002568074338582351	0.004070967223406931	7.529271171068203e-05	8.117015545464662e-06	0.0
Sor-CPnd_020-Ex1-2E-lcwgs-1-3.clmp.fp2_repr.R1	0.0	0.03075470075960634	0.0	0.0034452850799559	0.0	0.0	0.0	0.0	0.0	7.375227999905597e-05	0.0079062444158988	0.0046506080559404715	0.005050977575935348	0.00019810124174705486	0.006392102972275019	2.130317803153224e-06	0.0	6.564757702233269e-06	0.00022970587099883317	0.007774200733510658	0.0025135845214073107	1.2032678154809981e-05	0.0012574458937930383	1.2871239696283022e-05	0.002539231731650997	2.780698592682881e-06	6.960555835186219e-05	0.002120423555666973	4.775098890706327e-05	0.00019775419609265862	7.0784703652051845e-06	0.0027806965097611817	2.3889332190839294e-05	0.005013172843884662	0.0023048720130029333	1.9619485955734318e-05	3.702861253788821e-05	0.0
Sor-CPnd_020-Ex1-2E-lcwgs-1-3.clmp.fp2_repr.R2	0.0	0.01295932919983412	0.0010009237999871882	0.035380022319547136	0.00031608119999595416	0.00011589643999851653	0.0	1.0536039999865139e-05	1.0536039999865139e-05	1.685766399978422e-05	0.0028679100879632907	2.7393703999649358e-05	0.0007143435119908564	4.214934604973484e-06	1.268765544624694e-05	8.522066933592006e-06	1.508514866036876e-05	0.0	0.0035952613563199295	0.005900780877602985	1.1692958713074836e-05	1.4442152715511039e-05	0.0027368772206054787	0.0032217200900052276	0.0036530749102857214	0.0024792775802517943	1.1610801970283429e-05	0.002013312948362592	0.0004334795508731123	3.3567052890296125e-05	9.217805069728973e-05	0.00205410628614354	0.0030211386316309303	0.002413380085655839	0.003803647159460017	2.461152431672748e-05	2.657129061328771e-05	0.0
Sor-CPnd_022-Ex1-7C-lcwgs-1-3.clmp.fp2_repr.R1	0.0	0.029691895148229872	2.7252772049775008e-05	0.003842640859018276	0.0	0.0	0.0	0.0	0.0	6.813193012443753e-05	0.007843347795925246	0.004799213157965379	0.005344268598960879	0.000174480717440719	0.006933706580896799	5.616390266784435e-06	0.0	1.4905738050315749e-05	0.0002007058918851088	0.01042407073252395	0.003346162061879783	1.3834971889758239e-05	0.001717399314494843	3.000957530524052e-05	0.003662204795807655	2.4429325858502493e-05	7.212955248322319e-05	0.0033442627911084545	6.46487393865241e-05	0.000405478908242247	5.0519433234603205e-06	0.003959008175298954	3.332634405839886e-05	0.00731332247861817	0.0035476626631047144	1.9596201968647512e-05	5.53677243955246e-05	0.0
Sor-CPnd_022-Ex1-7C-lcwgs-1-3.clmp.fp2_repr.R2	0.0	0.01124176847053219	0.001458023304662963	0.03390244842992011	0.0003134068785724126	4.087915807466252e-05	0.0	0.0	1.3626386024887504e-05	1.0901108819910004e-05	0.0029105960549159707	1.3626386024887504e-05	0.0007467259541638352	5.452564934255016e-06	1.1011388611256607e-05	1.4043555243975878e-05	1.1548431276974428e-05	5.963744903793612e-06	0.004768865240176764	0.007627537081090522	1.663712800047276e-05	1.7301740309390412e-05	0.0038115647413545298	0.004459860411624844	0.004796282028581616	0.003366898100828978	4.24851970952021e-06	0.0030259355014094743	0.0006198613952913478	6.287763460916567e-05	0.00014684088544446305	0.002844413651190191	0.0042953725466862705	0.003868722521445765	0.005992167513547308	3.2808231033988146e-05	2.088994653914515e-05	0.0
Sor-CPnd_024-Ex1-5G-lcwgs-1-3.clmp.fp2_repr.R1	0.0	0.021401512937839286	0.0	0.0028212917243855933	0.0	0.0	0.0	0.0	0.0	5.6425834487711865e-05	0.005344332609336138	0.0032323942327960654	0.00341779340325569	0.00012901565250150062	0.004450440561071191	8.30168178790332e-06	0.0	8.894311651877353e-06	0.00018608805686851017	0.005905618247343523	0.00210405652816027	0.0	0.001019218877601426	1.2314731029033703e-05	0.0021633479816028887	0.0	2.9778921288355255e-05	0.002081502418912372	0.0	0.0003089693436982249	1.947512208954038e-05	0.002673418161448558	4.48534581455562e-05	0.004100582958170194	0.002314440391717736	0.0	0.0	0.0
Sor-CPnd_024-Ex1-5G-lcwgs-1-3.clmp.fp2_repr.R2	0.0	0.0074965751533674335	0.0006448666798595642	0.02490797550957567	4.030416749122276e-05	0.0	0.0	0.0	0.0	1.6121666996489104e-05	0.0023295808809926754	8.060833498244552e-06	0.0004917108433929177	0.0	2.4410133199587504e-05	1.6605505821143093e-05	1.711637078167042e-05	8.895352845289799e-06	0.002726459949513034	0.004302633974732195	1.0315587874521602e-05	0.0	0.002305668631158134	0.0028956035127736778	0.003332746385085461	0.0022090477843600257	0.0	0.0018615775485473966	0.0005953038013889628	1.820799465704605e-05	0.00017563717263182545	0.0020726343182184553	0.002720975233503525	0.0030727957408631505	0.004097084728495068	0.0	0.0	0.0
Sor-CPnd_026-Ex1-3H-lcwgs-1-3.clmp.fp2_repr.R1	0.0	0.030685250259284966	4.321866233702107e-05	0.003932898272668918	0.0	0.0	0.0	0.0	0.0	6.914985973923371e-05	0.0079997743985826	0.004831846449278956	0.005315895467453592	0.00018154466238592997	0.006960083659858456	1.7503128793666424e-05	0.0	6.757837097471123e-06	0.00020226141129002972	0.008585340365454107	0.0028903794589721994	1.7439040960370976e-05	0.0014689746371478016	3.476560680237769e-05	0.0028007838857302425	1.1590554393602476e-05	9.379315052221304e-05	0.0025423420257368596	5.979345149427323e-05	0.00031796229079042145	3.6829870380217585e-06	0.0030144531945269044	2.4709274791021308e-05	0.005600291582394519	0.002463815791158963	9.986575545822527e-06	2.1406165671413753e-05	0.0
Sor-CPnd_026-Ex1-3H-lcwgs-1-3.clmp.fp2_repr.R2	0.0	0.010080752990110164	0.0011452945519310584	0.034207571239752176	0.00043218662337021074	8.643732467404214e-05	0.0	0.0	1.0804665584255268e-05	3.457492986961686e-05	0.0030447547616431346	1.5126531817957376e-05	0.0007476828584304646	0.0	1.084912334635221e-05	1.5318175910737225e-05	1.772888584434672e-05	1.3518974996723338e-05	0.0039750892262689986	0.006293416690743576	1.9340645950981375e-05	1.2462155238525526e-05	0.003001621184885321	0.0034041571985199306	0.003749722842033808	0.0025758739928854824	9.088011116939892e-06	0.0022828492736401648	0.0004891219120394431	3.5006589990565724e-05	9.965167679078491e-05	0.002140690884002395	0.00358064597661768	0.0026710070604497142	0.004179263867080336	4.512794222901348e-05	3.2287178524635224e-05	0.0
Sor-CPnd_027-Ex1-3C-lcwgs-1-3.clmp.fp2_repr.R1	0.0	0.03948988885387187	0.0	0.004505406600555832	0.0	0.0	0.0	0.0	0.0	5.406487920666998e-05	0.009722667443999486	0.006429215218993172	0.006884261285649311	0.00022979674342869176	0.008622892066505669	0.0	0.0	4.623247835302898e-06	0.0002200122382977831	0.011256136909960546	0.0032407458835041207	4.923274459996795e-06	0.001665358530056954	4.123010853413771e-05	0.0034435893775159425	1.631685327526564e-05	6.724955592876569e-05	0.0029687946693642384	4.7941201075704664e-05	0.00034851970611324723	1.2962996090619639e-05	0.0037154000829434305	5.6690768510687455e-05	0.006283876347608553	0.0029527634803469243	2.5026452960779545e-05	1.7723418085241665e-05	0.0
Sor-CPnd_027-Ex1-3C-lcwgs-1-3.clmp.fp2_repr.R2	0.0	0.014169503758748092	0.0017796356072195536	0.04176511918715256	0.00040548659405002487	4.5054066005558325e-05	0.0	0.0	2.2527033002779162e-05	3.1537846203890826e-05	0.003608830687045222	1.3516219801667495e-05	0.0008425110343039407	0.0	4.517488417385572e-06	4.541914329685208e-06	1.8310816217450466e-05	9.249453553845855e-06	0.004921606211844382	0.008096323057734148	0.0	9.851731441800897e-06	0.0036449839960533484	0.004332482997583094	0.0044315335218508755	0.0030601286419274327	1.6834584161641638e-05	0.002915338849602653	0.0005582718448921517	2.49432089899815e-05	0.00018189112724687512	0.0027952632500227287	0.004178774214859494	0.0031149520387024946	0.005060743904129015	5.025986444076896e-05	0.0	0.0
Sor-CPnd_028-Ex1-3A-lcwgs-1-3.clmp.fp2_repr.R1	0.0	0.03909572057671464	2.4830562449485327e-05	0.005264079239290889	0.0	0.0	0.0	0.0	0.0	6.95255748585589e-05	0.010215293391718262	0.006321861199638963	0.007176032547901259	0.00018872825465600054	0.009080421846330039	7.508512964286084e-06	0.0	5.109046726983731e-06	0.00022287268796797433	0.01220325162504043	0.003929381889965006	2.195500480938102e-05	0.001990044549171007	4.904443835780526e-05	0.004068155722359165	9.153687018170893e-06	6.917735826321816e-05	0.0036227689862148448	8.061346307980646e-05	0.0004284496861606049	1.0860646108525513e-05	0.004422476586888657	1.574311394228275e-05	0.0070510024848293214	0.0036362175580132543	1.3728080316957578e-05	5.3186438193200606e-05	0.0
Sor-CPnd_028-Ex1-3A-lcwgs-1-3.clmp.fp2_repr.R2	0.0	0.013582317659868474	0.0020361061208577966	0.04108216557267347	0.00044695012409073584	0.00012415281224742664	1.2415281224742663e-05	0.0	0.0	2.7313618694433854e-05	0.00375686409860713	2.4830562449485326e-06	0.0009733580480198248	2.483285686944739e-06	7.468339282570915e-06	7.510030208595846e-06	1.2626437674603117e-05	1.2776039100812148e-05	0.005679793660951056	0.008728027467637563	1.6122198092964303e-05	1.6475704555359317e-05	0.003966006988441846	0.0050643892044892665	0.005173021544076593	0.0038578478078123463	6.296953033514619e-06	0.0033096034548878947	0.0006864275704845027	4.188299086018903e-05	0.00017053284584160917	0.0032771755720920415	0.004946057187157936	0.0036715512907859525	0.005965782911025714	4.5947583915221194e-05	9.724788958708012e-06	0.0
Sor-CPnd_029-Ex1-8E-lcwgs-1-3.clmp.fp2_repr.R1	0.0	0.03063306112554777	0.0	0.0038556517767175456	0.0	0.0	0.0	0.0	0.0	5.349947441378412e-05	0.00829795296252417	0.004923796455530683	0.005501221817307043	0.00019005454879232603	0.006877301116932343	3.758572246195127e-06	0.0	5.879129794724304e-06	0.00020939627530335028	0.009195224722538812	0.0031022048599681222	2.2183824979026857e-06	0.0015377203728244478	4.785289903988182e-05	0.0030856524105626762	1.0354768610399113e-05	6.736626260921284e-05	0.0029652574598829588	7.326747408009242e-05	0.0002727112805366541	9.626703088121203e-06	0.0033391770052961295	2.8307060842488896e-05	0.006099111342690825	0.002542013884448259	1.2616183485062567e-05	8.955813092897216e-06	0.0
Sor-CPnd_029-Ex1-8E-lcwgs-1-3.clmp.fp2_repr.R2	0.0	0.010856703687073088	0.0011345578194647322	0.03506060383565404	0.0003043935613198062	0.0001291366623780996	9.2240473127214e-06	0.0	9.2240473127214e-06	2.582733247561992e-05	0.0031564689904132635	1.291366623780996e-05	0.0007434582134053448	7.380796356189408e-06	1.2991261057071073e-05	1.8796055504902273e-06	1.5318227072228216e-05	1.568151009805942e-05	0.004074352030500563	0.007021858730826425	1.2859912514872489e-05	4.4391033153354325e-06	0.0031766167101648923	0.003790844796108826	0.0043965976163366505	0.0030219475550072854	8.094579659001262e-06	0.002446608120927909	0.0005196362311518103	4.912443523402221e-05	9.005689826995875e-05	0.0025009103347368917	0.0038862119966619037	0.0030468997981709617	0.004723243676499969	3.3783910758786216e-05	1.3507325698092361e-05	0.0
Sor-CPnd_030-Ex1-2H-lcwgs-1-3.clmp.fp2_repr.R1	0.0	0.023135867991912876	0.0	0.003263740977156324	0.0	0.0	0.0	0.0	0.0	5.7936230363721726e-05	0.005766586128869102	0.0035688717904052577	0.00386627777293903	0.00016225467238405774	0.004825475714394779	1.18050170063075e-05	0.0	1.2350721969686551e-05	0.00020825716717040818	0.006221902773398831	0.0020785736717097983	1.927414160923856e-05	0.001079742972508071	5.353422801876568e-06	0.0022168779022461167	6.0165105081364285e-06	6.397372675810516e-05	0.001859899557248526	4.362967163800112e-05	0.00029549005197747775	8.32918748026503e-06	0.0020453548963161373	1.918336970660091e-05	0.004872376761900987	0.0019385715691099092	3.629357875857814e-05	6.560428831615179e-05	0.0
Sor-CPnd_030-Ex1-2H-lcwgs-1-3.clmp.fp2_repr.R2	0.0	0.009965031622560136	0.0008304193018800113	0.026496169353008733	0.00015449661430325793	9.656038393953621e-05	0.0	0.0	1.931207678790724e-05	3.476173821823303e-05	0.0020200432320150973	1.931207678790724e-05	0.0006334361186433575	0.0	7.7709183018492e-06	3.935296639709229e-06	2.006218233289717e-05	8.234861206149416e-06	0.002614138049187366	0.004586450962349868	9.198288658395105e-06	9.638982977411477e-06	0.002281962767901161	0.0026621114743378615	0.0030183335394726543	0.0018967919948392807	6.404036284757267e-06	0.0014734017223656855	0.00038595066749439735	3.8947164665885905e-05	0.00010850243437731038	0.001638391139294224	0.0027315369502409186	0.002278219948052443	0.0032652327300219477	4.858781932522209e-05	2.6377885097668732e-05	0.0
Sor-CPnd_031-Ex1-5D-lcwgs-1-3.clmp.fp2_repr.R1	0.0	0.03238439508380371	0.0	0.003998714595017456	0.0	0.0	0.0	0.0	0.0	6.231763005222009e-05	0.008699541155289925	0.0053302346237998925	0.005793462340521395	0.0002285345781127033	0.007102075588373466	6.325612550706901e-06	0.0	6.555323047958634e-06	0.00023501694248329646	0.009851924539546109	0.0032568325860619788	1.223324162724525e-05	0.0016441935305468735	2.6287960208860998e-05	0.0032029446338389875	2.8381302227804508e-06	5.906642095823101e-05	0.002883481763916577	7.067817572946142e-05	0.00033941130486978607	3.521548974445704e-06	0.00351525472696414	3.1111753223129025e-05	0.006534262464710676	0.002808799748206514	9.244350176724242e-06	4.9193836012347655e-05	0.0
Sor-CPnd_031-Ex1-5D-lcwgs-1-3.clmp.fp2_repr.R2	0.0	0.011372967484530167	0.0009347644507833016	0.035791092193325075	0.0003531332369625805	2.0772543350740032e-05	0.0	0.0	0.0	3.1158815026110046e-05	0.003180276386998299	2.492705202088804e-05	0.0007602750866370852	2.077599332309437e-06	1.4610397267972595e-05	0.0	1.0709335629871824e-05	1.5298701909514037e-05	0.004392326743977587	0.007103720972279321	2.606178310550122e-05	1.468514785998113e-05	0.0032874416282675572	0.003785123161305404	0.004287444019343505	0.002917458646373048	8.869864016114769e-06	0.0025205434303961333	0.0005308791999824199	5.049754218362683e-05	0.0001129196964873823	0.0025305916293512465	0.003872065248471753	0.003205140205546176	0.005114337461323912	4.1760449810157e-05	9.889936870554968e-06	0.0
Sor-CPnd_033-Ex1-2F-lcwgs-1-3.clmp.fp2_repr.R1	0.0	0.02655832049819213	0.0	0.003423317818893788	0.0	0.0	0.0	0.0	0.0	5.521480353054497e-05	0.00674172751107954	0.003958901413140074	0.004306754675382507	0.00018775380241485627	0.005258665965658971	0.0	0.0	0.0	0.00012902170931010097	0.006141429796967456	0.0021574935686291285	0.0	0.0010070879112214902	1.380535784557451e-05	0.0020995628580259725	0.0	5.572336691727587e-05	0.0021262301670208423	8.904979593348764e-05	0.00021786828763198672	2.0214279447859086e-05	0.002346057288556722	0.0	0.004024409920895349	0.0020539574625409508	1.471130822956467e-05	1.6011020705772196e-05	0.0
Sor-CPnd_033-Ex1-2F-lcwgs-1-3.clmp.fp2_repr.R2	0.0	0.010656457081395178	0.0010766886688456268	0.030616608557687185	0.00022085921412217987	0.00016564441059163489	0.0	0.0	0.0	5.521480353054496e-06	0.0021975491805156897	3.865036247138148e-05	0.0005576695156585042	0.0	1.1083073398318565e-05	1.1170344968178478e-05	1.695838959514615e-05	5.746085206514015e-06	0.0028446234973642953	0.005042460946921277	0.0	1.2775791816428225e-05	0.002187131211568625	0.0023340149393529003	0.002873038618764306	0.0016427770047557258	0.0	0.001615241553906121	0.00032990940865967617	3.7946552660043853e-05	9.11273455039641e-05	0.0015493891072961706	0.002361930062203697	0.00193048692646675	0.0033086123042681236	2.9533952748924334e-05	0.0	0.0
Sor-CPnd_034-Ex1-4G-lcwgs-1-3.clmp.fp2_repr.R1	0.0	0.02069495857238712	3.769573510453028e-05	0.0026010057222125888	0.0	0.0	0.0	0.0	0.0	3.0156588083624218e-05	0.0050738459450697755	0.003083511131550576	0.003460468482595879	0.00013575582053080527	0.004298089583008341	7.794465555321375e-06	0.0	8.393613467384936e-06	0.0001496781787088778	0.005789981772691997	0.0019233798101054964	1.0412555876377973e-05	0.0007974438380794717	2.3606764187783312e-05	0.0021260993285929287	1.34088807553598e-05	4.286772506127227e-05	0.00202655302529321	4.880768519303358e-05	0.00031315250979558446	1.8628717733198014e-05	0.0025547097071384577	2.1421826613449138e-05	0.00426122556532643	0.002036690735218034	2.6955885345837267e-05	0.0	0.0
Sor-CPnd_034-Ex1-4G-lcwgs-1-3.clmp.fp2_repr.R2	0.0	0.006596753643292797	0.000829306172299666	0.023333660029704238	0.00026387014573171194	0.00011308720531359082	0.0	0.0	0.0	3.0156588083624218e-05	0.00193002163735195	7.5391470209060545e-06	0.0005202011444425177	7.542070802245546e-06	7.62174499089392e-06	0.0	0.0	0.0	0.0025453755018969653	0.004232937040074217	0.0	0.0	0.002139263860462358	0.0024927762651784677	0.0030476823760840054	0.002107776945108924	1.4309435240933685e-05	0.0013430500972948225	0.00044010418407047796	1.7434350517268462e-05	3.735007911680509e-05	0.0020216626153348517	0.0027295808545909294	0.002866735853641113	0.004240223105574322	0.0	5.8774003670436524e-05	0.0
Sor-CPnd_036-Ex1-5C-lcwgs-1-3.clmp.fp2_repr.R1	0.0	0.025403873770179764	0.0	0.003384380369879141	0.0	0.0	0.0	0.0	0.0	6.72671874758587e-05	0.006831823728016899	0.0038762716782963576	0.0043891839827997796	0.00014086959896758984	0.005606666599412047	1.0725963913953143e-05	0.0	1.1299182999014237e-05	0.00017555762661537887	0.007713539257326614	0.0025953271667648803	2.1250910402283452e-05	0.0015041249791929378	3.2195885857506395e-05	0.0027556088108174792	1.2960116957279471e-05	7.84942884313582e-05	0.0024688596186266893	4.561938522784241e-05	0.00030576017571876373	4.263277508840759e-06	0.0035333815429539756	1.923959632056188e-05	0.006157626004648443	0.0026488342475003953	4.706562312767068e-05	4.4213752523499926e-05	0.0
Sor-CPnd_036-Ex1-5C-lcwgs-1-3.clmp.fp2_repr.R2	0.0	0.009280769772059879	0.001103602294525807	0.028651617665498567	0.00035735693346549937	6.306298825861753e-05	0.0	0.0	0.0	2.7327294912067597e-05	0.0024741712393464275	1.0510498043102921e-05	0.0005822815915879019	0.0	1.692078298554356e-05	1.0727517263954447e-05	4.388254310746769e-06	9.04123592429312e-06	0.003544732783456465	0.005502394685991726	1.7781051749210966e-05	1.3286945241469237e-05	0.002859355334093933	0.003318380412452719	0.0038301220394589466	0.0025232064453460023	1.3667404797641772e-05	0.002119138851167256	0.0005026510846353614	5.6434555103828296e-05	0.00014528297791134695	0.002259002943235883	0.003584502425473105	0.0030480793656129566	0.004730466169035544	5.317721762734954e-05	0.0	0.0
Sor-CPnd_037-Ex1-6C-lcwgs-1-3.clmp.fp2_repr.R1	0.0	0.03002326192570341	0.0	0.004108874599588136	0.0	0.0	0.0	0.0	0.0	5.2886504747174024e-05	0.00779872535387174	0.0048248765100114156	0.00539849167688461	0.0002075561339634032	0.007098837480069716	4.194233616631445e-06	0.0	0.0	0.0002027473089787429	0.009870525083268819	0.0031593132039949194	1.0309617398757753e-05	0.00171610800647509	3.3503441473508155e-05	0.003331810856644622	1.8160759405472427e-05	6.934851233571336e-05	0.0032855612724321695	2.7433493154006072e-05	0.00034401260748871015	0.0	0.0038039381133850208	8.252017948469118e-06	0.006763694571349337	0.003390887694990935	1.9465243056650474e-05	1.0323072955840578e-05	0.0
Sor-CPnd_037-Ex1-6C-lcwgs-1-3.clmp.fp2_repr.R2	0.0	0.010414573242520424	0.0009967072048505876	0.03405077267183436	0.0003864783039216564	4.0681926728595405e-05	0.0	0.0	0.0	4.0681926728595405e-05	0.0030674172753360936	4.068192672859541e-06	0.0008705932319919417	0.0	8.221905952906567e-06	4.194990191693433e-06	2.1556602248353616e-05	4.4512394097781175e-06	0.004438589214467883	0.007216153325767364	0.0	2.0627636050733876e-05	0.0034608804608669396	0.00412359175569965	0.004847330898417577	0.0030296405489030035	6.311584895140276e-06	0.0030269339212428644	0.0005152051818375473	5.026162612444233e-05	0.00012027044011163503	0.002789132154439132	0.004212176865417142	0.0031357893474274288	0.005767282162302174	8.79521657487881e-05	2.0758684239861616e-05	0.0
Sor-CPnd_038-Ex1-2A-lcwgs-1-3.clmp.fp2_repr.R1	0.0	0.04527565660272091	1.799151861820819e-05	0.0058832265881540785	0.0	0.0	0.0	0.0	0.0	8.815844122922013e-05	0.012484314769174663	0.007563634427094723	0.007990033418346257	0.0002608940775263125	0.010695819473889692	5.429158904929962e-06	0.0	7.3455387907711605e-06	0.00026161383115588056	0.0143530614300891	0.004820794803849319	1.7396259004086205e-05	0.00246243745394116	4.8102800494937726e-05	0.0044636378828681305	1.2526276213033628e-05	7.469998883768738e-05	0.004019458638590344	5.831724468962609e-05	0.00046139422260610223	0.0	0.0048092646145368265	2.2916320216464505e-05	0.008336808988699814	0.0038237162452475827	5.797497359529828e-06	3.6522879438248895e-05	0.0
Sor-CPnd_038-Ex1-2A-lcwgs-1-3.clmp.fp2_repr.R2	0.0	0.017667671283080444	0.0018171433804390273	0.04954864227454536	0.000476775243382517	8.096183378193686e-05	0.0	0.0	0.0	2.1589822341849827e-05	0.00430537040533722	1.0794911170924914e-05	0.0011586537990126075	5.397835111863026e-06	9.01316610857743e-06	0.0	1.0928269624890971e-05	5.5103988573636924e-06	0.006265486478649613	0.010210709646574041	1.7134896106936375e-05	1.5470156424552916e-05	0.004579219783992673	0.005740058272221201	0.006167663281109282	0.004473990380649024	1.709311313130342e-05	0.0035585574859793713	0.0007974788346870855	3.6977122115882695e-05	0.00018827445744782774	0.0034584776746890864	0.005162507541741823	0.004059012143162659	0.006516166492708294	8.14880414843978e-05	2.448067611710527e-05	0.0
Sor-CPnd_041-Ex1-7A-lcwgs-1-3.clmp.fp2_repr.R1	0.0	0.032058542421378185	1.4091666998407995e-05	0.0042275000995223985	0.0	0.0	0.0	0.0	0.0	5.636666799363198e-05	0.007736325182125988	0.004461421771695971	0.004667160109872728	0.00016206928712879826	0.00542485610565647	4.266144930414128e-06	0.0	8.72556645068563e-06	0.00011071286463558751	0.005316617559502925	0.0015398706300704102	1.5614584340311373e-06	0.0006553757362606911	1.639966508603961e-05	0.0013141438676184034	1.2129794554723819e-05	3.394128243884477e-05	0.0010237445916164557	6.721235933125315e-05	0.00012633694315413094	6.3155577259554455e-06	0.0008956025249324187	2.360439988846449e-06	0.001935483349998173	0.0007607990672603435	8.8578007639676e-06	3.2248347360880714e-05	0.0
Sor-CPnd_041-Ex1-7A-lcwgs-1-3.clmp.fp2_repr.R2	0.0	0.011858137779160326	0.0007961791854100516	0.035299625831012024	0.00039456667595542385	5.636666799363198e-05	0.0	0.0	7.045833499203998e-06	2.6774167296975188e-05	0.0027422383978901958	2.113750049761199e-05	0.0006707633491242205	7.046528282622381e-06	1.4132095380620785e-05	0.0	1.5797750874208037e-05	7.272691094394846e-06	0.002415566786464605	0.003914170043257659	7.64826381199197e-06	3.1242133816495017e-06	0.001556102243753901	0.001698388711553587	0.0019119002114875224	0.001207055342533604	3.576356535280149e-06	0.0007696263981854578	0.00014229271873544385	2.0083875889198543e-05	5.272060017806067e-05	0.000639053143236325	0.0010456162385431983	0.0008221676016230145	0.001253396944136507	1.4807961909420349e-05	6.4748500958892935e-06	0.0
Sor-CPnd_043-Ex1-1D-lcwgs-1-3.clmp.fp2_repr.R1	0.0	0.033306017427995	4.971047377312687e-05	0.0039519826649635865	0.0	0.0	0.0	0.0	0.0	7.953675803700298e-05	0.008893203758012396	0.00525439707781951	0.005659537439070494	0.00021129632407785004	0.007337105285689566	7.546655499628969e-06	0.0	5.1864819017065726e-06	0.0001800963404185264	0.009566346861466356	0.0031780505319512977	8.617792046415658e-06	0.001475051711395359	2.766250198478452e-05	0.0030536817488582	0.0	9.632653594811714e-05	0.002837261657034605	2.617027096100375e-05	0.00026198226731966723	0.0	0.003368808362561224	9.057152261054662e-06	0.006017573609168584	0.0027278922426892866	2.15800025453613e-05	2.2990520720925253e-05	0.0
Sor-CPnd_043-Ex1-1D-lcwgs-1-3.clmp.fp2_repr.R2	0.0	0.011246994691169953	0.0011930513705550449	0.03519501543137382	0.00036040093485516976	0.0001367038028760989	0.0	0.0	0.0	2.4855236886563433e-05	0.003009969186962832	2.236971319790709e-05	0.0007481426302855593	4.971715537428902e-06	9.980275731564816e-06	1.7613076833927657e-05	2.549297291300248e-05	1.0376823986236181e-05	0.00435327825433913	0.006992394820578977	1.9525624942033304e-05	1.4373159355246519e-05	0.003279427739859395	0.003907534683754757	0.004477602747020455	0.0031051115039907474	1.0338195811838357e-05	0.002609417225247659	0.0004533479313865024	1.5678983475056972e-05	0.00011506520354685202	0.0024904198683884317	0.004158496433123537	0.003104768617478686	0.004809153374475149	4.33708473091371e-05	2.313580637366016e-05	0.0
Sor-CPnd_044-Ex1-8G-lcwgs-1-3.clmp.fp2_repr.R1	0.0	0.02474780705364235	0.0	0.0033204013264674084	0.0	0.0	0.0	0.0	0.0	5.2674921892967385e-05	0.006283365682946823	0.003830219320502914	0.004172606312807202	0.00015619831223771623	0.005498685350594012	5.819725957252289e-06	0.0	1.6577719259349777e-05	0.00016837990340088117	0.007216823787445054	0.002447572512466023	1.2401647494381061e-05	0.001281178763786175	1.0996387933982416e-05	0.002509483805846048	2.1380951032643427e-05	7.731431710389845e-05	0.002414771490513961	5.754382870669561e-05	0.0002667041982974671	8.083904134435972e-06	0.002923949867269421	2.284174204098914e-05	0.005354118942215123	0.0021840852329097545	1.6837700284444885e-05	1.2074443046693503e-05	0.0
Sor-CPnd_044-Ex1-8G-lcwgs-1-3.clmp.fp2_repr.R2	0.0	0.008531456099450252	0.0007901238283945108	0.02625280482201285	0.0002163434292032589	8.465612447084044e-05	0.0	0.0	0.0	9.406236052315604e-06	0.002244327922082503	1.881247210463121e-05	0.0005700179047703256	7.527724137515712e-06	9.501470209992944e-06	5.8211165076095096e-06	9.994496230815614e-06	6.2188491368766e-06	0.003174547574601382	0.005293140721372502	9.454837385542693e-06	1.2409235439456072e-05	0.002801945244610603	0.003128638211376521	0.003600032397390664	0.0023120079853575274	3.2261164709989387e-06	0.0020679396885219504	0.00043241948322196187	3.0547638201715526e-05	9.319772497059612e-05	0.0021185774699620592	0.0034742288987918164	0.0025231774138458384	0.0041196229628935556	1.1277963569696517e-05	0.0	0.0
Sor-CPnd_045-Ex1-7B-lcwgs-1-3.clmp.fp2_repr.R1	0.0	0.0409594677226588	1.0411659309267616e-05	0.0049871848091391875	0.0	0.0	0.0	0.0	0.0	7.704627888858035e-05	0.011140475460916349	0.006919588776939258	0.007344384476757376	0.0001645373588529805	0.009912537871642433	1.0586724082847214e-05	0.0	1.0947959988884754e-05	0.00019433002178595901	0.013466037667682274	0.004556470396665465	1.4321363911322974e-05	0.002282358914075645	5.01822141286117e-05	0.00449477945267951	1.8488167599148213e-05	6.507496201791384e-05	0.00398783740246484	5.737875267083749e-05	0.00038167196998389614	6.113134184945906e-06	0.005061526652607433	2.6252060007352547e-05	0.00853066204864395	0.0036268118131702887	7.471759178626525e-06	4.3103857019333806e-05	0.0
Sor-CPnd_045-Ex1-7B-lcwgs-1-3.clmp.fp2_repr.R2	0.0	0.015211434250839985	0.0018845103349774384	0.044832604985706355	0.0003748197351336342	5.205829654633808e-05	0.0	0.0	1.0411659309267616e-05	2.70703142040958e-05	0.003966842196830962	1.0411659309267616e-05	0.0009807783069330095	0.0	1.256488348772015e-05	4.235590579089308e-06	1.5054418712762896e-05	1.0951230687258281e-05	0.0061268035163383324	0.009857232364333165	1.8663644338314665e-05	1.91059714137411e-05	0.004482140664506361	0.0057028656334795124	0.0062333960778719446	0.00452687218225674	1.0860275550169341e-05	0.0037903224861076867	0.0006984236950844251	4.1508828112387524e-05	0.00018383697361691248	0.003559345761794687	0.005688562276457279	0.0041198288699114205	0.007001409073783272	6.380247115227562e-05	1.1828414651384091e-05	0.0
Sor-CPnd_046-Ex1-5A-lcwgs-1-3.clmp.fp2_repr.R1	0.0	0.027975263911878538	0.0	0.003721764600249917	0.0	0.0	0.0	0.0	0.0	2.4811764001666107e-05	0.007096164504476508	0.0042862322312878206	0.0045095381073028155	0.00019853266985369507	0.00560875274877236	1.2642405637400383e-05	0.0	6.619908487709048e-06	0.00023204617773536033	0.007798625239992987	0.002312225688446906	7.606607555719352e-06	0.0013631096716038974	1.6541301520881698e-05	0.002280451477564115	0.0	0.0001414979939829393	0.0022323468039658727	4.147623028349625e-05	0.00022915084661962674	0.0	0.0026425011358492787	0.0	0.0049789953790246476	0.0021900151184533613	1.5808379674280983e-05	1.699999694000055e-05	0.0
Sor-CPnd_046-Ex1-5A-lcwgs-1-3.clmp.fp2_repr.R2	0.0	0.010203837945685187	0.0006823235100458181	0.02927788152196601	0.00018608823001249584	9.304411500624792e-05	0.0	0.0	0.0	6.202941000416527e-06	0.0024191469901624456	1.8608823001249584e-05	0.000669917628044985	1.2408348833429086e-05	1.2478803192926416e-05	1.896613691085252e-05	1.9351985852408208e-05	0.0	0.0032285860786098594	0.005527017338387507	7.318838081758886e-06	7.608940626979751e-06	0.002648036750310272	0.0031611334831644403	0.0035095062237116594	0.0025648030452520665	0.0	0.001997547170296434	0.000404923958395413	6.557795601380459e-05	6.921087376651804e-05	0.002209120739432988	0.003161112307324375	0.0021517330416539653	0.0037744840162397177	3.17287622340158e-05	0.0	0.0
Sor-CPnd_049-Ex1-3B-lcwgs-1-3.clmp.fp2_repr.R1	0.0	0.02383530967776078	0.0	0.003041918892441498	0.0	0.0	0.0	0.0	0.0	4.16701218142671e-05	0.006608881319742761	0.004075337913435322	0.004658719618835062	0.00014170893135544344	0.00590266950743816	2.5491064107477123e-05	0.0	8.902365883854927e-06	0.0001562059665717394	0.008055348432382538	0.002545324857236492	2.0679304823809738e-05	0.0015485295628912543	3.411833946041846e-05	0.0027531105061450027	0.0	7.987839313429236e-05	0.0027162011688953588	4.4700522146799196e-05	0.00018962102973068125	0.0	0.0030138261503810083	3.7953940994905634e-05	0.005120595073866102	0.002944541296758666	2.3277787101824724e-05	0.0	0.0
Sor-CPnd_049-Ex1-3B-lcwgs-1-3.clmp.fp2_repr.R2	0.0	0.007542292048382345	0.001208433532613746	0.026918898692016545	0.0002500207308856026	0.0001250103654428013	0.0	0.0	0.0	5.000414617712052e-05	0.0023668629190503714	0.0	0.000675055973391127	1.6671737653536283e-05	8.38518873802071e-06	0.0	0.0	8.904372999910867e-06	0.0036579601394473226	0.005885981677453347	0.0	1.0343901628668e-05	0.0029146321577108543	0.0034824473274151454	0.003533957498111429	0.0027276877353183153	0.0	0.0020857167579731457	0.0004029075600231538	1.5830374372523537e-05	0.0001008953452941402	0.0018054458682639442	0.0034823022927630526	0.0028828512779659416	0.004540730132024445	9.346381816988031e-05	2.5123709143824188e-05	0.0
Sor-CPnd_050-Ex1-3F-lcwgs-1-3.clmp.fp2_repr.R1	0.0	0.02781904730215233	1.2369518586995259e-05	0.003661377501750596	0.0	0.0	0.0	0.0	0.0	5.4425881782779133e-05	0.007273276929153211	0.004307066371991748	0.0046484650849928175	0.00020537591500228248	0.006171056664309473	1.0079163006145643e-05	0.0	5.261399064412757e-06	0.00025724851162103906	0.00820159956926497	0.002749017885812119	1.5081577762273916e-05	0.0013563209702421605	1.6460715678996292e-05	0.002704560316455635	1.0852651203206307e-05	0.0001253575872660699	0.0024603676116728306	7.153108027541822e-05	0.000266446356976658	9.389505612483084e-06	0.0029928604865655365	3.165918841459438e-05	0.005719414825845783	0.0025694418615264895	1.9290753581714215e-05	2.7600833434766398e-05	0.0
Sor-CPnd_050-Ex1-3F-lcwgs-1-3.clmp.fp2_repr.R2	0.0	0.010068788129814139	0.0010761481170685873	0.030057930166398475	0.00030923796467488145	9.895614869596207e-05	0.0	0.0	0.0	2.2265133456591462e-05	0.002612442325573398	2.2265133456591462e-05	0.0006877452334369363	9.897708665597352e-06	4.9772046515561055e-06	1.0081006685295191e-05	2.5680699028627562e-05	7.894141665371807e-06	0.0035078630171636355	0.005882272116314739	2.901127093678148e-06	6.036005314944121e-06	0.0028909110010059617	0.0034069645142240277	0.003836525079323005	0.0024882429614596882	1.1412282514705583e-05	0.002156414204040312	0.0004974475460533145	3.1150693258678476e-05	0.00014587725925052406	0.002233132225154759	0.003487608590186356	0.00256805876664585	0.004256610868390101	7.103044577997466e-05	1.3876724590659176e-05	0.0
Sor-CPnd_052-Ex1-6D-lcwgs-1-3.clmp.fp2_repr.R1	0.0	0.022158890174501695	3.470460481519451e-05	0.0027590160828079636	0.0	0.0	0.0	0.0	0.0	5.205690722279176e-05	0.005618675519579991	0.003154648577701181	0.0037480973200410073	0.00013539048647155693	0.004314486114761478	0.0	0.0	7.61893964778861e-06	0.000202508572962191	0.00615832172518776	0.0020334456426598043	0.0	0.0009706617015379309	2.5664708244109973e-05	0.0020036190028873287	1.7229637411469815e-05	6.080726262486467e-05	0.0019792043005595152	6.849613448914625e-05	0.00023341083545615625	0.0	0.002355396546406056	1.784765173091881e-05	0.004251233097509852	0.0019161469247602639	2.251118580822811e-05	2.445236184751776e-05	0.0
Sor-CPnd_052-Ex1-6D-lcwgs-1-3.clmp.fp2_repr.R2	0.0	0.008120877526755515	0.0006593874914886957	0.023772654298408236	0.0002602845361139588	1.7352302407597254e-05	0.0	0.0	0.0	1.3881841926077803e-05	0.002127392275171423	3.123414433367506e-05	0.0004962758488572815	3.4715816671882137e-06	1.400942638263582e-05	1.428700930105736e-05	1.1026586201991622e-05	7.6204788175455424e-06	0.0025854983804295168	0.004351571029359762	4.364367228507663e-06	9.19496643630364e-06	0.0021361704784444136	0.0024751040224086263	0.0030315461716705922	0.0017644250077991032	1.2172316670608469e-05	0.0015360095826345728	0.00027433152608296143	6.574182047574287e-05	0.00010136015978103711	0.001576211186946236	0.002468731193814004	0.0019533924412565335	0.003065239518855068	3.388482772953582e-05	2.4563029839905542e-05	0.0
Sor-CPnd_053-Ex1-2C-lcwgs-1-3.clmp.fp2_repr.R1	0.0	0.03490522927480385	0.0	0.00460645219054103	0.0	0.0	0.0	0.0	0.0	8.650614442330571e-05	0.009143699465543413	0.005298501345927475	0.0059559480435445985	0.00016871331053281091	0.007816340757698433	4.386489751931723e-06	0.0	1.3596942392111889e-05	0.00020840072588288388	0.010241448189158741	0.0031857467158921365	5.013946794403313e-06	0.0017430285581522945	4.276445929178955e-05	0.0037113476417676722	0.0	7.72378921731695e-05	0.003116576757027233	0.00010278037619416344	0.0003081389545917058	1.3996627932398527e-05	0.00401460878040361	4.611751264888078e-05	0.006978276213757133	0.0031233761750742804	4.5314724811379725e-05	1.9238081551574363e-05	0.0
Sor-CPnd_053-Ex1-2C-lcwgs-1-3.clmp.fp2_repr.R2	0.0	0.013667970818882302	0.0017517494245719407	0.03754366667971468	0.00030277150548157	6.487960831747928e-05	0.0	0.0	0.0	3.8927764990487564e-05	0.003334811867518435	1.2975921663495856e-05	0.0008910132875600488	0.0	1.7380860717603598e-05	8.774424378018347e-06	1.3351503245750439e-05	2.266538489382015e-05	0.004826638002057204	0.007534658360892011	4.872653683253537e-06	5.01595374247331e-06	0.003829317784785199	0.004273799150696084	0.004876837975610717	0.0035035544735631296	5.948484694905789e-06	0.002799498784659093	0.0006112381342592927	5.369353101680648e-05	0.00017535453706367146	0.003040781730630808	0.004324725356812969	0.003358931256226497	0.006022653401179995	2.7304084772994293e-05	9.674290814019016e-06	0.0
Sor-CPnd_054-Ex1-8F-lcwgs-1-3.clmp.fp2_repr.R1	0.0	0.017659840754305545	0.0	0.0020635140011824415	0.0	0.0	0.0	0.0	0.0	4.798869770191724e-05	0.004942835863297476	0.0030616789133823203	0.0029848969970592528	0.00019207426666765265	0.00418820566139968	2.0199326958425748e-05	0.0	1.1155115563092943e-05	0.00023644910196631076	0.006652215878211734	0.0018020930710322348	0.0	0.0010460569791784632	1.6176989203477407e-05	0.0023126682617174185	1.8403730362529563e-05	9.809180058486256e-05	0.0019454312801502627	0.00011165793724913252	0.00035813360818893987	0.0	0.0030101680741026755	5.8735650513481744e-05	0.004578743011890838	0.0021102834110621055	3.68896832467348e-05	3.9948737779681116e-05	0.0
Sor-CPnd_054-Ex1-8F-lcwgs-1-3.clmp.fp2_repr.R2	0.0	0.005614677631124317	0.0006238530701249242	0.02025123043020908	0.00019195479080766895	4.798869770191724e-05	0.0	0.0	0.0	1.9195479080766897e-05	0.0016508112009459533	1.9195479080766897e-05	0.0004990824560999394	0.0	0.0	0.0	2.115418502761785e-05	2.2317124554550196e-05	0.0026019097071101204	0.0040308205834041445	0.0	0.0	0.00201781748006457	0.0024287474318019863	0.0025571351240305565	0.0023403956153148853	0.0	0.0017184924880921046	0.0005818136249562241	0.00014358642514791795	0.00015366541967178602	0.0020583930427412966	0.0029167918824798034	0.0018064814653417022	0.003349850145479206	0.0	0.0	0.0
Sor-CPnd_055-Ex1-7G-lcwgs-1-3.clmp.fp2_repr.R1	0.0	0.02209481899510001	1.278635358512732e-05	0.0028257841423131383	0.0	0.0	0.0	0.0	0.0	5.114541434050928e-05	0.0057103855111178626	0.0032988792249628494	0.003493231799456784	0.00013559163157103268	0.0048639269856257505	5.299582623421119e-06	0.0	1.141409444341337e-05	0.00014631816903773766	0.006180607054084794	0.002114422239895552	0.0	0.0010153943346440995	3.505122502863101e-05	0.002310639293238158	8.745555071634842e-06	0.00010203778264291864	0.00200886589328284	6.807043614561105e-05	0.0001618042716216119	0.0	0.0025119879058275447	1.3613028430537618e-05	0.004213223270603282	0.00216927428893586	1.70335668578571e-05	1.8432755005645032e-05	0.0
Sor-CPnd_055-Ex1-7G-lcwgs-1-3.clmp.fp2_repr.R2	0.0	0.00836227524467327	0.0005753859113307295	0.02593072507063821	0.0002812997788728011	1.278635358512732e-05	1.278635358512732e-05	0.0	0.0	1.278635358512732e-05	0.002086732905092779	1.534362430215279e-05	0.0004347360218943289	7.675059472117084e-06	7.762372860094924e-06	7.95076462503399e-06	8.221638491979394e-06	2.854092973391491e-06	0.0027358705725340814	0.004862359030383537	1.3198505322066297e-05	6.962869696612797e-06	0.002307915624224368	0.0026461891894325	0.0030515961313689424	0.0020921622873654056	9.286545796391647e-06	0.0016615657747822042	0.0002517403254488438	3.353947252136171e-05	0.00010141855928612788	0.0019318616458071304	0.002914988955127329	0.0023519821091095494	0.0033455614656967905	2.5663616203699304e-05	9.269471126617083e-06	0.0
Sor-CPnd_058-Ex1-2G-lcwgs-1-3.clmp.fp2_repr.R1	0.0	0.02227959459119996	0.0	0.002934614672181238	2.3476917377449904e-05	0.0	0.0	0.0	0.0	5.164921823038979e-05	0.00491606649883801	0.0030566946425439772	0.0034933653057645456	0.00018315173994857382	0.004034394368042085	1.4310337606622749e-05	0.0	4.964733758456866e-06	0.00020443658045064976	0.005209041478724715	0.001656410039958003	5.758893113100976e-06	0.0008846015469863383	2.562633156821297e-05	0.001945672338301533	1.449889569160965e-05	6.200757748098712e-05	0.0017289781813759624	8.048828846215587e-05	0.00014472309214200887	1.0433668111486248e-05	0.0020448765674091866	0.0	0.003639245948239525	0.0017452258256772457	4.79206127960176e-05	3.5035939867115686e-05	0.0
Sor-CPnd_058-Ex1-2G-lcwgs-1-3.clmp.fp2_repr.R2	0.0	0.010306366728700509	0.0006338767691911474	0.023453440460072455	0.00018781533901959924	7.043075213234972e-05	2.3476917377449904e-05	0.0	0.0	1.8781533901959924e-05	0.0017889411041616828	1.8781533901959924e-05	0.00042727989626958825	9.39245161537253e-06	4.718859549799092e-06	4.770501887806859e-06	1.4555131855667237e-05	9.930174488557534e-06	0.0022847750817829365	0.003929559655025915	1.6510705624080182e-05	1.151950641218925e-05	0.0019090774876976621	0.002172701296448941	0.0024162822849345413	0.0017555197858323895	0.0	0.0011566253831841648	0.0001880357171158437	6.763511781506104e-05	8.361509879646517e-05	0.0013131805402492665	0.002125232716053553	0.0015640327019186269	0.002757724290896431	1.6034390560874965e-05	0.0	0.0
Sor-CPnd_063-Ex1-7D-lcwgs-1-3.clmp.fp2_repr.R1	0.0	0.02126462426204931	1.13714568246253e-05	0.002592692156014568	0.0	0.0	0.0	0.0	0.0	5.230870139327637e-05	0.005624322545459672	0.00341143704738759	0.0036684319716241216	0.00012740534465420823	0.004928072314785869	4.694779916463903e-06	0.0	2.51600139144941e-05	0.00016033738771388745	0.006320114110293927	0.0020562027992855306	9.15789800476571e-06	0.0010543690052915136	2.7292529863997912e-05	0.0022787407714610075	2.6762613439549814e-05	9.721065764184524e-05	0.0022248118230108077	5.01852062224181e-05	0.00019418378777032446	5.173098604329035e-06	0.002461851241479566	1.7704045020206217e-05	0.004667392030826543	0.0019927077777016815	4.414820345876157e-05	4.771608926885034e-05	0.0
Sor-CPnd_063-Ex1-7D-lcwgs-1-3.clmp.fp2_repr.R2	0.0	0.008267049111502592	0.0008414878050222721	0.02556303494175767	0.0002501720501417566	2.27429136492506e-05	0.0	0.0	0.0	3.866295320372602e-05	0.002133285300299706	1.364574818955036e-05	0.0005003441002835132	2.2751133495597453e-06	1.148849014126707e-05	9.391042762371473e-06	9.686440477464993e-06	1.0066274590304511e-05	0.0027054064037048448	0.004640916652692013	8.691244579270755e-06	3.0539322293958753e-06	0.0022550309692532817	0.0026115248263327458	0.0031696701670860727	0.0021124774860415752	0.0	0.0017376325401800643	0.0004158550828207386	3.4045960685086444e-05	9.331722677999111e-05	0.0017929873277300265	0.0028053087331036375	0.0021445146550928863	0.0035427020167803935	5.910692538851537e-05	7.9955768468883e-06	0.0
Sor-CPnd_066-Ex1-8B-lcwgs-1-3.clmp.fp2_repr.R1	0.0	0.029211413548415888	0.0	0.003245712616490654	0.0	0.0	0.0	0.0	0.0	0.00016228563082453272	0.0071405677562794406	0.006653710863805842	0.006004568340507711	0.0003246687364298614	0.007202216973333792	0.0	0.0	0.0	0.00027326187231747933	0.012652610309044727	0.0031383163913284396	0.0	0.0019140261966385447	0.0	0.003475061798182311	0.0	0.0	0.002245602911358127	0.0	0.00028977485942297134	0.0	0.004634468298638745	0.0	0.005843365920427522	0.003556121207583897	0.0	0.00021127266427506012	0.0
Sor-CPnd_066-Ex1-8B-lcwgs-1-3.clmp.fp2_repr.R2	0.0	0.0089257096953493	0.0012171422311839954	0.025965700931925233	0.00040571407706133176	0.0	0.0	0.0	0.0	0.0	0.0017851419390698601	0.0	0.0006491425232981309	0.0	0.0	0.0	0.0	0.0	0.004829205577459091	0.007368124736684004	0.0	0.0	0.003830443299331056	0.004107706279017614	0.005797336703518403	0.004601659746012601	0.0	0.0034394491589885374	0.00041551706944121267	0.0	0.0	0.0035241048773611504	0.004551477207213586	0.003376109229571874	0.006388599731678811	0.00019973794381771115	0.0	0.0
Sor-CPnd_069-Ex1-6B-lcwgs-1-3.clmp.fp2_repr.R1	0.0	0.03672421700408471	4.2902122668323263e-05	0.004569076064176427	0.0	0.0	0.0	0.0	0.0	9.86748821371435e-05	0.009785974180644535	0.00634522394264501	0.006516832433318303	0.00019310491853675906	0.008982641563408035	8.753714036733648e-06	0.0	4.560240503435959e-06	0.00022431956864842414	0.012615535118058345	0.004295352369625712	2.0263823841310752e-05	0.0021286887293079588	5.916712906674504e-05	0.004221425470539165	1.7160448073027546e-05	0.0001239353730144889	0.0039622329706427185	5.0451986736172685e-05	0.000411814608123102	0.0	0.004419501948958	6.624169917907398e-05	0.007968291123823629	0.0035400585037003284	1.701216386728675e-05	4.483797439249477e-05	0.0
Sor-CPnd_069-Ex1-6B-lcwgs-1-3.clmp.fp2_repr.R2	0.0	0.012892087861831138	0.0015873785387279606	0.04064976122823629	0.0002788637973441012	0.0	0.0	0.0	0.0	2.1451061334161632e-05	0.003620939153206483	2.5741273600993955e-05	0.000986748821371435	8.582539158800447e-06	2.5914928717965155e-05	8.755491006184528e-06	1.3381705522455908e-05	0.0	0.005530005186424982	0.008993222851150938	4.927560184111388e-06	2.0272488601033065e-05	0.0042805810189223605	0.005081036613282411	0.006018113522384634	0.004002398690786186	0.0	0.0034855650299303823	0.0007327872383839009	2.619763469415637e-05	0.00014284789175558155	0.0035318792088817066	0.005277985595897492	0.003696452563092426	0.006127234244974596	4.270445977192915e-05	2.7051497665591007e-05	0.0
Sor-CPnd_072-Ex1-8C-lcwgs-1-3.clmp.fp2_repr.R1	0.0	0.041595205901598514	8.882170809651615e-06	0.004805254408021524	0.0	0.0	0.0	0.0	0.0	8.52688397726555e-05	0.0113300970847916	0.006974280519738449	0.007523198675774919	0.00025942798616715765	0.01044532778610115	1.267998123869976e-05	0.0	5.628787540776344e-06	0.0002623019670407431	0.01542093561550144	0.0049160661179105366	2.04614092807919e-05	0.00262260170306849	4.298875908433083e-05	0.005148904284073513	1.3562589008728679e-05	7.65249669313588e-05	0.004666519782401135	3.6713965921656264e-05	0.0004837415351844997	1.0387067042051807e-05	0.0057537775546182765	3.60174197973793e-05	0.009832426015083905	0.004384495779110593	2.490819694824148e-05	5.1987613171347724e-05	0.0
Sor-CPnd_072-Ex1-8C-lcwgs-1-3.clmp.fp2_repr.R2	0.0	0.014362470199206662	0.002105074481887433	0.04550336105784523	0.00044410854048258075	9.770387890616777e-05	0.0	0.0	0.0	4.974015653404905e-05	0.004224360437070309	1.5987907457372908e-05	0.0010871777071013577	1.066153131503201e-05	1.2521833829719695e-05	5.435653494918642e-06	1.4735258879250575e-05	1.6892372538227626e-05	0.006669595389053187	0.010928895463530144	2.4004657863811894e-05	2.0475405332147725e-05	0.005102623365256481	0.0062137360832644085	0.006633347812244216	0.004977468072677281	1.3936140146284877e-05	0.004408112185882648	0.0008585049014497695	4.293612367624142e-05	0.00019529765941223528	0.004185741879197016	0.006717475919544879	0.005209606860821722	0.007865208234905956	5.631690095853243e-05	1.962712133198543e-05	0.0
