Sample	32	37	42	47	52	57	62	67	72	77	82	87	92	97	102	107	112	117	122	127	132	137	142	147	150
Sor-ACeb_001-Ex1-8E-lcwgs-1-2-L2-clmp.fp2_repr.R1	723.0	3530.0	7900.0	14145.0	21676.0	29660.0	38424.0	47323.0	54086.0	58316.0	59284.0	55248.0	49991.0	41385.0	34050.0	29196.0	24099.0	19863.0	16625.0	14304.0	12364.0	10552.0	8947.0	7936.0	45267.0
Sor-ACeb_001-Ex1-8E-lcwgs-1-2-L2-clmp.fp2_repr.R2	716.0	3545.0	7890.0	14160.0	21699.0	29723.0	38519.0	47407.0	54025.0	58348.0	59337.0	55163.0	50060.0	41505.0	34101.0	29056.0	24058.0	19846.0	16620.0	14323.0	12357.0	10512.0	8898.0	9403.0	43623.0
Sor-ACeb_001-Ex1-8E-lcwgs-1-2-L3-clmp.fp2_repr.R1	665.0	3412.0	7520.0	13819.0	20833.0	29147.0	37500.0	46012.0	52721.0	55976.0	56580.0	52043.0	45513.0	35145.0	27437.0	22725.0	18869.0	15601.0	13075.0	11465.0	9864.0	8280.0	6898.0	5865.0	34537.0
Sor-ACeb_001-Ex1-8E-lcwgs-1-2-L3-clmp.fp2_repr.R2	679.0	3400.0	7472.0	13833.0	20899.0	29165.0	37517.0	46003.0	52685.0	56106.0	56563.0	52147.0	45524.0	35082.0	27445.0	22647.0	18873.0	15641.0	13095.0	11447.0	9783.0	8281.0	6894.0	6953.0	33368.0
Sor-ACeb_002-Ex1-9E-lcwgs-1-2-L2-clmp.fp2_repr.R1	254.0	1276.0	2649.0	3931.0	5078.0	6012.0	6853.0	7665.0	8041.0	8144.0	7176.0	5596.0	4692.0	3356.0	2546.0	2262.0	2016.0	1669.0	1521.0	1383.0	1158.0	1070.0	894.0	938.0	8049.0
Sor-ACeb_002-Ex1-9E-lcwgs-1-2-L2-clmp.fp2_repr.R2	244.0	1275.0	2623.0	3937.0	5108.0	6002.0	6845.0	7645.0	8045.0	8145.0	7185.0	5586.0	4686.0	3358.0	2550.0	2274.0	2010.0	1675.0	1532.0	1372.0	1163.0	1069.0	895.0	1196.0	7809.0
Sor-ACeb_002-Ex1-9E-lcwgs-1-2-L3-clmp.fp2_repr.R1	232.0	1268.0	2688.0	4042.0	5430.0	6308.0	7124.0	7870.0	8263.0	8036.0	6953.0	5308.0	4568.0	3610.0	2903.0	2600.0	2313.0	2002.0	1758.0	1494.0	1302.0	1151.0	979.0	1005.0	9021.0
Sor-ACeb_002-Ex1-9E-lcwgs-1-2-L3-clmp.fp2_repr.R2	228.0	1267.0	2689.0	4029.0	5421.0	6305.0	7114.0	7863.0	8251.0	8047.0	6954.0	5337.0	4552.0	3598.0	2914.0	2603.0	2326.0	1992.0	1743.0	1505.0	1320.0	1155.0	994.0	1285.0	8736.0
Sor-ACeb_003-Ex1-10E-lcwgs-1-2-L2-clmp.fp2_repr.R1	1247.0	6522.0	12340.0	17576.0	21686.0	23332.0	24134.0	24037.0	23198.0	21177.0	19393.0	16755.0	14461.0	12481.0	10302.0	8464.0	6815.0	5265.0	4078.0	3047.0	2400.0	1790.0	1399.0	1161.0	4056.0
Sor-ACeb_003-Ex1-10E-lcwgs-1-2-L2-clmp.fp2_repr.R2	1250.0	6523.0	12357.0	17535.0	21679.0	23328.0	24139.0	24049.0	23204.0	21227.0	19373.0	16756.0	14453.0	12473.0	10343.0	8489.0	6789.0	5252.0	4048.0	3056.0	2390.0	1787.0	1399.0	1286.0	3931.0
Sor-ACeb_003-Ex1-10E-lcwgs-1-2-L3-clmp.fp2_repr.R1	1294.0	6455.0	12159.0	17445.0	20969.0	23190.0	23740.0	23490.0	22410.0	20982.0	18923.0	16275.0	14268.0	11982.0	9784.0	8121.0	6498.0	4937.0	3815.0	2961.0	2194.0	1769.0	1402.0	1069.0	3886.0
Sor-ACeb_003-Ex1-10E-lcwgs-1-2-L3-clmp.fp2_repr.R2	1275.0	6440.0	12145.0	17441.0	20974.0	23207.0	23768.0	23533.0	22386.0	20948.0	18930.0	16304.0	14226.0	12024.0	9798.0	8101.0	6521.0	4922.0	3795.0	2961.0	2198.0	1760.0	1392.0	1167.0	3802.0
Sor-ACeb_004-Ex1-11E-lcwgs-1-2-L2-clmp.fp2_repr.R1	1122.0	5758.0	10409.0	14272.0	17000.0	18962.0	20577.0	22608.0	24510.0	25116.0	21077.0	14238.0	8805.0	3510.0	1761.0	1326.0	1028.0	803.0	753.0	610.0	546.0	484.0	378.0	344.0	1645.0
Sor-ACeb_004-Ex1-11E-lcwgs-1-2-L2-clmp.fp2_repr.R2	1134.0	5732.0	10357.0	14260.0	17025.0	18925.0	20564.0	22583.0	24491.0	25120.0	21064.0	14273.0	8840.0	3509.0	1768.0	1339.0	1027.0	821.0	755.0	607.0	555.0	490.0	374.0	418.0	1611.0
Sor-ACeb_004-Ex1-11E-lcwgs-1-2-L3-clmp.fp2_repr.R1	1096.0	5574.0	9951.0	13489.0	15679.0	17391.0	18612.0	20322.0	21728.0	21909.0	17138.0	11674.0	7885.0	3444.0	1707.0	1167.0	848.0	777.0	584.0	540.0	534.0	375.0	347.0	286.0	1370.0
Sor-ACeb_004-Ex1-11E-lcwgs-1-2-L3-clmp.fp2_repr.R2	1080.0	5549.0	9925.0	13457.0	15641.0	17372.0	18614.0	20285.0	21778.0	21923.0	17178.0	11680.0	7851.0	3471.0	1721.0	1169.0	851.0	774.0	580.0	548.0	538.0	383.0	354.0	349.0	1356.0
Sor-ACeb_005-Ex1-12E-lcwgs-1-2-L2-clmp.fp2_repr.R1	64.0	400.0	678.0	1163.0	1560.0	1899.0	2207.0	2609.0	2897.0	2905.0	2682.0	2160.0	1783.0	1321.0	992.0	854.0	741.0	590.0	527.0	488.0	415.0	385.0	385.0	390.0	4142.0
Sor-ACeb_005-Ex1-12E-lcwgs-1-2-L2-clmp.fp2_repr.R2	62.0	401.0	674.0	1148.0	1552.0	1917.0	2231.0	2576.0	2886.0	2931.0	2672.0	2147.0	1781.0	1329.0	994.0	850.0	734.0	590.0	537.0	478.0	409.0	398.0	389.0	509.0	4042.0
Sor-ACeb_005-Ex1-12E-lcwgs-1-2-L3-clmp.fp2_repr.R1	64.0	343.0	762.0	1179.0	1560.0	1968.0	2275.0	2712.0	2931.0	3034.0	2742.0	2214.0	1932.0	1440.0	1180.0	995.0	816.0	755.0	687.0	512.0	469.0	448.0	405.0	446.0	4705.0
Sor-ACeb_005-Ex1-12E-lcwgs-1-2-L3-clmp.fp2_repr.R2	64.0	337.0	768.0	1180.0	1543.0	1968.0	2280.0	2714.0	2935.0	3030.0	2753.0	2217.0	1935.0	1433.0	1176.0	979.0	816.0	760.0	678.0	522.0	465.0	443.0	409.0	608.0	4561.0
Sor-ACeb_006-Ex1-1F-lcwgs-1-2-L2-clmp.fp2_repr.R1	112.0	503.0	926.0	1291.0	1653.0	1868.0	2101.0	2237.0	2339.0	2373.0	2171.0	1990.0	1782.0	1539.0	1372.0	1206.0	997.0	884.0	778.0	672.0	601.0	508.0	441.0	454.0	4255.0
Sor-ACeb_006-Ex1-1F-lcwgs-1-2-L2-clmp.fp2_repr.R2	112.0	497.0	927.0	1293.0	1650.0	1868.0	2101.0	2224.0	2334.0	2385.0	2176.0	1996.0	1790.0	1546.0	1363.0	1213.0	1005.0	879.0	759.0	676.0	610.0	493.0	441.0	661.0	4054.0
Sor-ACeb_006-Ex1-1F-lcwgs-1-2-L3-clmp.fp2_repr.R1	90.0	426.0	796.0	1179.0	1418.0	1618.0	1761.0	1900.0	2009.0	2030.0	1818.0	1623.0	1474.0	1314.0	1167.0	1001.0	825.0	652.0	645.0	490.0	467.0	429.0	350.0	341.0	3373.0
Sor-ACeb_006-Ex1-1F-lcwgs-1-2-L3-clmp.fp2_repr.R2	96.0	422.0	785.0	1176.0	1425.0	1631.0	1753.0	1906.0	2009.0	2038.0	1812.0	1617.0	1474.0	1325.0	1157.0	1005.0	821.0	656.0	636.0	504.0	465.0	427.0	357.0	497.0	3202.0
Sor-ACeb_007-Ex1-2F-lcwgs-1-2-L2-clmp.fp2_repr.R1	50.0	256.0	426.0	657.0	792.0	823.0	906.0	960.0	978.0	965.0	831.0	753.0	577.0	512.0	423.0	353.0	302.0	253.0	245.0	237.0	205.0	180.0	161.0	178.0	1613.0
Sor-ACeb_007-Ex1-2F-lcwgs-1-2-L2-clmp.fp2_repr.R2	54.0	248.0	414.0	658.0	787.0	819.0	900.0	965.0	992.0	955.0	838.0	764.0	581.0	500.0	417.0	356.0	305.0	256.0	244.0	234.0	199.0	174.0	159.0	266.0	1551.0
Sor-ACeb_007-Ex1-2F-lcwgs-1-2-L3-clmp.fp2_repr.R1	51.0	251.0	453.0	681.0	774.0	910.0	929.0	1049.0	989.0	1080.0	911.0	813.0	752.0	556.0	503.0	421.0	407.0	323.0	252.0	267.0	224.0	229.0	175.0	204.0	1692.0
Sor-ACeb_007-Ex1-2F-lcwgs-1-2-L3-clmp.fp2_repr.R2	51.0	248.0	450.0	676.0	784.0	912.0	935.0	1054.0	987.0	1080.0	910.0	809.0	749.0	546.0	503.0	429.0	403.0	323.0	250.0	270.0	221.0	227.0	169.0	270.0	1640.0
Sor-ACeb_008-Ex1-3F-lcwgs-1-2-L2-clmp.fp2_repr.R1	171.0	880.0	1632.0	2359.0	2819.0	2988.0	3124.0	3240.0	3205.0	3015.0	2664.0	2466.0	2136.0	1864.0	1590.0	1274.0	1039.0	922.0	704.0	583.0	460.0	435.0	387.0	371.0	2887.0
Sor-ACeb_008-Ex1-3F-lcwgs-1-2-L2-clmp.fp2_repr.R2	162.0	880.0	1635.0	2347.0	2817.0	2999.0	3131.0	3223.0	3204.0	3022.0	2656.0	2454.0	2142.0	1872.0	1582.0	1268.0	1053.0	912.0	703.0	587.0	467.0	428.0	376.0	500.0	2795.0
Sor-ACeb_008-Ex1-3F-lcwgs-1-2-L3-clmp.fp2_repr.R1	155.0	761.0	1437.0	2042.0	2434.0	2703.0	2854.0	2800.0	2759.0	2591.0	2309.0	1969.0	1841.0	1503.0	1243.0	1073.0	863.0	733.0	571.0	473.0	454.0	322.0	312.0	277.0	2273.0
Sor-ACeb_008-Ex1-3F-lcwgs-1-2-L3-clmp.fp2_repr.R2	149.0	758.0	1432.0	2043.0	2437.0	2706.0	2874.0	2792.0	2756.0	2596.0	2320.0	1969.0	1839.0	1509.0	1236.0	1074.0	855.0	726.0	565.0	469.0	452.0	318.0	319.0	383.0	2175.0
Sor-ACeb_009-Ex1-4F-lcwgs-1-2-L2-clmp.fp2_repr.R1	58.0	379.0	622.0	865.0	1021.0	1071.0	1120.0	1090.0	1032.0	1001.0	848.0	726.0	630.0	505.0	389.0	328.0	246.0	225.0	183.0	160.0	119.0	89.0	72.0	59.0	310.0
Sor-ACeb_009-Ex1-4F-lcwgs-1-2-L2-clmp.fp2_repr.R2	60.0	370.0	627.0	868.0	1020.0	1080.0	1115.0	1090.0	1031.0	991.0	856.0	730.0	631.0	511.0	385.0	328.0	244.0	225.0	182.0	158.0	111.0	93.0	72.0	67.0	303.0
Sor-ACeb_009-Ex1-4F-lcwgs-1-2-L3-clmp.fp2_repr.R1	64.0	268.0	529.0	772.0	862.0	901.0	932.0	887.0	856.0	826.0	704.0	607.0	525.0	382.0	342.0	265.0	195.0	148.0	128.0	103.0	94.0	89.0	70.0	42.0	229.0
Sor-ACeb_009-Ex1-4F-lcwgs-1-2-L3-clmp.fp2_repr.R2	64.0	267.0	536.0	770.0	863.0	901.0	926.0	880.0	861.0	823.0	707.0	604.0	533.0	380.0	344.0	264.0	194.0	147.0	131.0	104.0	94.0	88.0	68.0	52.0	219.0
Sor-ACeb_010-Ex1-5F-lcwgs-1-2-L2-clmp.fp2_repr.R1	203.0	970.0	1860.0	2712.0	3302.0	3793.0	4329.0	4904.0	4932.0	4891.0	4535.0	3727.0	3254.0	2557.0	1822.0	1534.0	1259.0	1047.0	891.0	702.0	565.0	480.0	395.0	349.0	2594.0
Sor-ACeb_010-Ex1-5F-lcwgs-1-2-L2-clmp.fp2_repr.R2	192.0	961.0	1877.0	2700.0	3288.0	3778.0	4334.0	4917.0	4938.0	4874.0	4541.0	3736.0	3258.0	2560.0	1834.0	1527.0	1255.0	1051.0	892.0	701.0	568.0	475.0	397.0	449.0	2504.0
Sor-ACeb_010-Ex1-5F-lcwgs-1-2-L3-clmp.fp2_repr.R1	174.0	914.0	1576.0	2320.0	2797.0	3304.0	3701.0	4027.0	4184.0	4087.0	3798.0	3514.0	2971.0	2457.0	1923.0	1626.0	1352.0	1129.0	936.0	792.0	585.0	584.0	420.0	340.0	2728.0
Sor-ACeb_010-Ex1-5F-lcwgs-1-2-L3-clmp.fp2_repr.R2	173.0	910.0	1568.0	2315.0	2802.0	3309.0	3687.0	4018.0	4195.0	4101.0	3785.0	3534.0	2967.0	2446.0	1928.0	1627.0	1346.0	1136.0	937.0	792.0	588.0	587.0	408.0	442.0	2638.0
Sor-ACeb_011-Ex1-6F-lcwgs-1-2-L2-clmp.fp2_repr.R1	58.0	238.0	352.0	512.0	614.0	717.0	840.0	941.0	974.0	965.0	952.0	921.0	821.0	764.0	671.0	658.0	559.0	481.0	436.0	398.0	387.0	326.0	322.0	368.0	5187.0
Sor-ACeb_011-Ex1-6F-lcwgs-1-2-L2-clmp.fp2_repr.R2	58.0	234.0	353.0	510.0	614.0	712.0	845.0	942.0	969.0	953.0	966.0	913.0	815.0	774.0	683.0	651.0	561.0	488.0	436.0	403.0	390.0	325.0	318.0	568.0	4981.0
Sor-ACeb_011-Ex1-6F-lcwgs-1-2-L3-clmp.fp2_repr.R1	39.0	177.0	317.0	508.0	604.0	689.0	736.0	805.0	848.0	826.0	815.0	764.0	688.0	584.0	589.0	588.0	487.0	408.0	355.0	323.0	256.0	299.0	245.0	278.0	3996.0
Sor-ACeb_011-Ex1-6F-lcwgs-1-2-L3-clmp.fp2_repr.R2	41.0	178.0	318.0	502.0	609.0	691.0	731.0	802.0	845.0	832.0	812.0	764.0	686.0	596.0	592.0	583.0	481.0	415.0	354.0	324.0	258.0	295.0	250.0	444.0	3821.0
Sor-ACeb_012-Ex1-7F-lcwgs-1-2-L2-clmp.fp2_repr.R1	271.0	1215.0	2133.0	3447.0	4519.0	5564.0	6622.0	7690.0	8493.0	8590.0	8291.0	7771.0	7124.0	6239.0	5262.0	4602.0	3721.0	3215.0	2695.0	2153.0	1776.0	1394.0	1273.0	1032.0	6061.0
Sor-ACeb_012-Ex1-7F-lcwgs-1-2-L2-clmp.fp2_repr.R2	264.0	1196.0	2139.0	3424.0	4517.0	5550.0	6611.0	7728.0	8499.0	8574.0	8282.0	7786.0	7135.0	6240.0	5266.0	4582.0	3737.0	3227.0	2679.0	2145.0	1782.0	1403.0	1257.0	1228.0	5902.0
Sor-ACeb_012-Ex1-7F-lcwgs-1-2-L3-clmp.fp2_repr.R1	221.0	982.0	1923.0	2968.0	3787.0	4896.0	5730.0	6630.0	7235.0	7346.0	6995.0	6306.0	5912.0	5196.0	4341.0	3668.0	3088.0	2579.0	2133.0	1746.0	1472.0	1185.0	1028.0	863.0	4754.0
Sor-ACeb_012-Ex1-7F-lcwgs-1-2-L3-clmp.fp2_repr.R2	221.0	970.0	1945.0	2970.0	3782.0	4910.0	5709.0	6637.0	7233.0	7346.0	6969.0	6299.0	5949.0	5187.0	4320.0	3679.0	3111.0	2578.0	2152.0	1743.0	1466.0	1164.0	1027.0	1009.0	4608.0
Sor-ACeb_013-Ex1-8F-lcwgs-1-2-L2-clmp.fp2_repr.R1	61.0	302.0	560.0	904.0	1227.0	1502.0	1742.0	1998.0	2308.0	2368.0	2271.0	2066.0	1771.0	1575.0	1347.0	1209.0	970.0	831.0	699.0	681.0	523.0	498.0	424.0	597.0	10587.0
Sor-ACeb_013-Ex1-8F-lcwgs-1-2-L2-clmp.fp2_repr.R2	66.0	297.0	566.0	915.0	1221.0	1503.0	1747.0	1997.0	2321.0	2365.0	2250.0	2058.0	1788.0	1579.0	1349.0	1201.0	964.0	836.0	703.0	676.0	534.0	497.0	409.0	1040.0	10139.0
Sor-ACeb_013-Ex1-8F-lcwgs-1-2-L3-clmp.fp2_repr.R1	47.0	301.0	504.0	821.0	1091.0	1292.0	1558.0	1785.0	1861.0	1918.0	1853.0	1657.0	1457.0	1294.0	1111.0	914.0	818.0	703.0	560.0	536.0	458.0	428.0	345.0	454.0	8087.0
Sor-ACeb_013-Ex1-8F-lcwgs-1-2-L3-clmp.fp2_repr.R2	46.0	290.0	513.0	827.0	1075.0	1307.0	1548.0	1781.0	1877.0	1915.0	1859.0	1657.0	1459.0	1286.0	1114.0	917.0	812.0	706.0	554.0	526.0	451.0	441.0	361.0	776.0	7755.0
Sor-ACeb_014-Ex1-9F-lcwgs-1-2-L2-clmp.fp2_repr.R1	82.0	438.0	778.0	1210.0	1577.0	1784.0	2043.0	2209.0	2411.0	2467.0	2201.0	1747.0	1411.0	1051.0	863.0	709.0	679.0	541.0	461.0	375.0	273.0	238.0	190.0	201.0	2399.0
Sor-ACeb_014-Ex1-9F-lcwgs-1-2-L2-clmp.fp2_repr.R2	77.0	440.0	780.0	1207.0	1576.0	1773.0	2054.0	2205.0	2409.0	2474.0	2206.0	1735.0	1414.0	1043.0	864.0	705.0	682.0	549.0	456.0	378.0	276.0	243.0	197.0	308.0	2287.0
Sor-ACeb_014-Ex1-9F-lcwgs-1-2-L3-clmp.fp2_repr.R1	74.0	415.0	826.0	1164.0	1531.0	1633.0	1867.0	2186.0	2164.0	2142.0	1931.0	1667.0	1438.0	1163.0	881.0	794.0	664.0	564.0	499.0	373.0	331.0	317.0	252.0	198.0	2569.0
Sor-ACeb_014-Ex1-9F-lcwgs-1-2-L3-clmp.fp2_repr.R2	73.0	406.0	831.0	1164.0	1539.0	1632.0	1867.0	2180.0	2166.0	2141.0	1925.0	1665.0	1441.0	1173.0	880.0	785.0	663.0	572.0	498.0	367.0	331.0	311.0	253.0	283.0	2497.0
Sor-ACeb_015-Ex1-10F-lcwgs-1-2-L2-clmp.fp2_repr.R1	137.0	596.0	1089.0	1613.0	2205.0	2494.0	2987.0	3252.0	3421.0	3472.0	3424.0	3128.0	2815.0	2518.0	2134.0	1881.0	1541.0	1323.0	1043.0	885.0	703.0	617.0	504.0	495.0	2869.0
Sor-ACeb_015-Ex1-10F-lcwgs-1-2-L2-clmp.fp2_repr.R2	131.0	597.0	1090.0	1595.0	2195.0	2511.0	2984.0	3243.0	3427.0	3456.0	3444.0	3132.0	2822.0	2524.0	2135.0	1876.0	1537.0	1317.0	1038.0	891.0	709.0	611.0	512.0	542.0	2827.0
Sor-ACeb_015-Ex1-10F-lcwgs-1-2-L3-clmp.fp2_repr.R1	102.0	511.0	912.0	1419.0	1859.0	2165.0	2432.0	2709.0	2875.0	2935.0	2699.0	2605.0	2288.0	2111.0	1675.0	1493.0	1279.0	1022.0	812.0	673.0	607.0	522.0	395.0	331.0	2226.0
Sor-ACeb_015-Ex1-10F-lcwgs-1-2-L3-clmp.fp2_repr.R2	98.0	508.0	904.0	1409.0	1864.0	2165.0	2423.0	2707.0	2888.0	2927.0	2698.0	2614.0	2283.0	2108.0	1670.0	1503.0	1284.0	1019.0	817.0	673.0	608.0	525.0	398.0	385.0	2179.0
Sor-ACeb_016-Ex1-11F-lcwgs-1-2-L2-clmp.fp2_repr.R1	1744.0	8301.0	14415.0	19416.0	22909.0	25480.0	27946.0	30941.0	33787.0	34485.0	29396.0	20964.0	13580.0	5423.0	2803.0	2066.0	1650.0	1304.0	1167.0	933.0	904.0	787.0	608.0	537.0	3414.0
Sor-ACeb_016-Ex1-11F-lcwgs-1-2-L2-clmp.fp2_repr.R2	1737.0	8267.0	14407.0	19385.0	22858.0	25460.0	27940.0	30916.0	33799.0	34524.0	29375.0	20968.0	13616.0	5398.0	2809.0	2081.0	1662.0	1300.0	1172.0	944.0	896.0	800.0	622.0	721.0	3303.0
Sor-ACeb_016-Ex1-11F-lcwgs-1-2-L3-clmp.fp2_repr.R1	1617.0	7605.0	13286.0	17387.0	19779.0	21158.0	22830.0	25693.0	27433.0	27715.0	23095.0	16752.0	12033.0	5098.0	2556.0	1836.0	1440.0	1159.0	955.0	843.0	791.0	639.0	533.0	441.0	2842.0
Sor-ACeb_016-Ex1-11F-lcwgs-1-2-L3-clmp.fp2_repr.R2	1594.0	7609.0	13258.0	17296.0	19766.0	21134.0	22813.0	25700.0	27411.0	27698.0	23139.0	16741.0	12069.0	5099.0	2577.0	1826.0	1452.0	1157.0	952.0	857.0	798.0	644.0	537.0	571.0	2818.0
Sor-ACeb_017-Ex1-12F-lcwgs-1-2-L2-clmp.fp2_repr.R1	1195.0	5477.0	9385.0	12639.0	14523.0	15914.0	16961.0	18015.0	18383.0	17779.0	15747.0	12805.0	10284.0	7929.0	5640.0	4477.0	3692.0	3108.0	2687.0	2172.0	1819.0	1458.0	1232.0	982.0	7320.0
Sor-ACeb_017-Ex1-12F-lcwgs-1-2-L2-clmp.fp2_repr.R2	1194.0	5409.0	9356.0	12670.0	14522.0	15917.0	16918.0	18018.0	18362.0	17784.0	15724.0	12818.0	10305.0	7943.0	5643.0	4469.0	3727.0	3117.0	2686.0	2174.0	1834.0	1452.0	1250.0	1142.0	7189.0
Sor-ACeb_017-Ex1-12F-lcwgs-1-2-L3-clmp.fp2_repr.R1	1032.0	5091.0	8714.0	11765.0	13579.0	14544.0	15697.0	16475.0	16747.0	16319.0	14248.0	12118.0	10451.0	8366.0	6447.0	5358.0	4468.0	3803.0	2975.0	2392.0	2014.0	1739.0	1413.0	1245.0	8311.0
Sor-ACeb_017-Ex1-12F-lcwgs-1-2-L3-clmp.fp2_repr.R2	1020.0	5057.0	8677.0	11738.0	13583.0	14538.0	15689.0	16483.0	16776.0	16311.0	14251.0	12136.0	10437.0	8385.0	6460.0	5392.0	4468.0	3800.0	2978.0	2403.0	2029.0	1745.0	1402.0	1465.0	8088.0
Sor-ACeb_018-Ex1-1G-lcwgs-1-2-L2-clmp.fp2_repr.R1	64.0	314.0	526.0	863.0	1117.0	1441.0	1725.0	2062.0	2467.0	2525.0	2630.0	2591.0	2438.0	2381.0	2029.0	1923.0	1547.0	1355.0	1309.0	1053.0	963.0	844.0	708.0	727.0	5653.0
Sor-ACeb_018-Ex1-1G-lcwgs-1-2-L2-clmp.fp2_repr.R2	67.0	317.0	513.0	866.0	1110.0	1443.0	1724.0	2065.0	2459.0	2548.0	2632.0	2579.0	2444.0	2387.0	2030.0	1919.0	1544.0	1340.0	1316.0	1078.0	956.0	841.0	718.0	995.0	5364.0
Sor-ACeb_018-Ex1-1G-lcwgs-1-2-L3-clmp.fp2_repr.R1	41.0	282.0	535.0	860.0	1106.0	1409.0	1783.0	2067.0	2254.0	2456.0	2486.0	2467.0	2345.0	2195.0	2011.0	1785.0	1557.0	1385.0	1167.0	1055.0	908.0	734.0	697.0	692.0	5255.0
Sor-ACeb_018-Ex1-1G-lcwgs-1-2-L3-clmp.fp2_repr.R2	49.0	277.0	535.0	872.0	1114.0	1398.0	1781.0	2065.0	2258.0	2453.0	2485.0	2465.0	2345.0	2195.0	2013.0	1799.0	1552.0	1388.0	1171.0	1042.0	906.0	748.0	694.0	918.0	5009.0
Sor-ACeb_019-Ex1-3G-lcwgs-1-2-L2-clmp.fp2_repr.R1	29.0	141.0	217.0	355.0	372.0	432.0	498.0	554.0	530.0	581.0	598.0	515.0	534.0	450.0	463.0	409.0	353.0	333.0	282.0	266.0	259.0	251.0	227.0	250.0	2150.0
Sor-ACeb_019-Ex1-3G-lcwgs-1-2-L2-clmp.fp2_repr.R2	27.0	145.0	213.0	352.0	376.0	425.0	497.0	558.0	536.0	572.0	601.0	517.0	532.0	456.0	461.0	402.0	357.0	335.0	289.0	263.0	254.0	250.0	218.0	317.0	2096.0
Sor-ACeb_019-Ex1-3G-lcwgs-1-2-L3-clmp.fp2_repr.R1	22.0	129.0	193.0	330.0	385.0	429.0	420.0	537.0	541.0	582.0	541.0	453.0	433.0	347.0	316.0	317.0	248.0	273.0	246.0	214.0	203.0	179.0	190.0	186.0	1651.0
Sor-ACeb_019-Ex1-3G-lcwgs-1-2-L3-clmp.fp2_repr.R2	18.0	132.0	192.0	332.0	387.0	418.0	435.0	523.0	545.0	584.0	545.0	463.0	432.0	349.0	319.0	314.0	250.0	271.0	245.0	208.0	199.0	181.0	195.0	275.0	1553.0
Sor-ACeb_020-Ex1-2G-lcwgs-1-2-L2-clmp.fp2_repr.R1	25.0	107.0	190.0	247.0	335.0	350.0	401.0	410.0	405.0	423.0	374.0	372.0	288.0	249.0	249.0	212.0	177.0	155.0	156.0	164.0	121.0	131.0	118.0	110.0	1061.0
Sor-ACeb_020-Ex1-2G-lcwgs-1-2-L2-clmp.fp2_repr.R2	22.0	103.0	189.0	248.0	338.0	347.0	394.0	412.0	409.0	414.0	382.0	370.0	290.0	250.0	253.0	212.0	185.0	154.0	154.0	159.0	126.0	134.0	114.0	161.0	1010.0
Sor-ACeb_020-Ex1-2G-lcwgs-1-2-L3-clmp.fp2_repr.R1	24.0	104.0	203.0	276.0	328.0	373.0	360.0	426.0	477.0	434.0	408.0	359.0	358.0	290.0	278.0	256.0	231.0	213.0	198.0	177.0	134.0	143.0	134.0	138.0	1142.0
Sor-ACeb_020-Ex1-2G-lcwgs-1-2-L3-clmp.fp2_repr.R2	26.0	107.0	200.0	281.0	322.0	372.0	366.0	435.0	462.0	435.0	403.0	360.0	356.0	290.0	276.0	255.0	230.0	214.0	196.0	172.0	139.0	138.0	139.0	181.0	1109.0
Sor-ACeb_021-Ex1-4G-lcwgs-1-2-L2-clmp.fp2_repr.R1	3.0	13.0	32.0	35.0	51.0	70.0	68.0	78.0	65.0	90.0	73.0	71.0	61.0	57.0	43.0	37.0	41.0	35.0	23.0	26.0	25.0	21.0	27.0	15.0	113.0
Sor-ACeb_021-Ex1-4G-lcwgs-1-2-L2-clmp.fp2_repr.R2	3.0	13.0	32.0	35.0	51.0	72.0	68.0	77.0	67.0	87.0	74.0	74.0	61.0	57.0	39.0	39.0	39.0	33.0	25.0	26.0	25.0	21.0	26.0	19.0	110.0
Sor-ACeb_021-Ex1-4G-lcwgs-1-2-L3-clmp.fp2_repr.R1	2.0	20.0	38.0	54.0	59.0	55.0	76.0	77.0	65.0	55.0	58.0	68.0	46.0	33.0	37.0	33.0	33.0	23.0	17.0	16.0	22.0	10.0	14.0	14.0	91.0
Sor-ACeb_021-Ex1-4G-lcwgs-1-2-L3-clmp.fp2_repr.R2	3.0	22.0	37.0	53.0	58.0	57.0	80.0	76.0	62.0	53.0	58.0	70.0	44.0	33.0	37.0	32.0	36.0	23.0	16.0	16.0	22.0	10.0	15.0	18.0	85.0
Sor-ACeb_022-Ex1-5G-lcwgs-1-2-L2-clmp.fp2_repr.R1	58.0	309.0	536.0	817.0	1140.0	1329.0	1463.0	1537.0	1645.0	1656.0	1439.0	1129.0	960.0	783.0	576.0	508.0	436.0	358.0	308.0	309.0	298.0	240.0	199.0	253.0	3296.0
Sor-ACeb_022-Ex1-5G-lcwgs-1-2-L2-clmp.fp2_repr.R2	61.0	304.0	533.0	825.0	1135.0	1324.0	1459.0	1544.0	1652.0	1643.0	1441.0	1133.0	965.0	792.0	569.0	503.0	436.0	359.0	316.0	305.0	291.0	245.0	209.0	380.0	3158.0
Sor-ACeb_022-Ex1-5G-lcwgs-1-2-L3-clmp.fp2_repr.R1	54.0	239.0	470.0	664.0	908.0	1001.0	1147.0	1249.0	1462.0	1273.0	1184.0	1008.0	904.0	764.0	694.0	518.0	475.0	419.0	356.0	302.0	265.0	237.0	228.0	266.0	3597.0
Sor-ACeb_022-Ex1-5G-lcwgs-1-2-L3-clmp.fp2_repr.R2	56.0	239.0	460.0	658.0	928.0	989.0	1148.0	1266.0	1463.0	1281.0	1183.0	999.0	909.0	761.0	690.0	524.0	473.0	419.0	350.0	297.0	267.0	232.0	229.0	408.0	3455.0
Sor-CPnd_001-Ex1-3E-lcwgs-1-2-L2-clmp.fp2_repr.R1	2669.0	11361.0	18177.0	25464.0	31265.0	37104.0	41904.0	46220.0	49426.0	53927.0	54520.0	52947.0	52011.0	48789.0	46364.0	45364.0	43947.0	42058.0	40107.0	38821.0	38075.0	37833.0	36702.0	39329.0	404484.0
Sor-CPnd_001-Ex1-3E-lcwgs-1-2-L2-clmp.fp2_repr.R2	2688.0	11311.0	18161.0	25371.0	31195.0	37050.0	41858.0	46073.0	49343.0	53927.0	54683.0	52921.0	51952.0	48800.0	46415.0	45379.0	43967.0	42073.0	40070.0	38865.0	38034.0	37937.0	36732.0	53226.0	390837.0
Sor-CPnd_001-Ex1-3E-lcwgs-1-2-L3-clmp.fp2_repr.R1	2401.0	10565.0	17293.0	24347.0	30867.0	36275.0	40139.0	44520.0	47808.0	50409.0	50518.0	46486.0	44113.0	40194.0	37029.0	35825.0	34386.0	32663.0	31804.0	30573.0	30071.0	29845.0	28593.0	30202.0	309897.0
Sor-CPnd_001-Ex1-3E-lcwgs-1-2-L3-clmp.fp2_repr.R2	2393.0	10495.0	17284.0	24242.0	30827.0	36204.0	40023.0	44459.0	47813.0	50240.0	50410.0	46465.0	44143.0	40214.0	37022.0	35801.0	34495.0	32732.0	31700.0	30670.0	30094.0	29868.0	28597.0	40629.0	300003.0
Sor-CPnd_002-Ex1-5E-lcwgs-1-2-L2-clmp.fp2_repr.R1	3587.0	15995.0	25439.0	32523.0	36569.0	38953.0	39854.0	40291.0	39711.0	38718.0	34781.0	29259.0	25530.0	21239.0	16830.0	15414.0	14563.0	13739.0	13064.0	12335.0	12394.0	12027.0	11427.0	12700.0	131849.0
Sor-CPnd_002-Ex1-5E-lcwgs-1-2-L2-clmp.fp2_repr.R2	3572.0	15900.0	25251.0	32371.0	36593.0	38794.0	39783.0	40214.0	39662.0	38719.0	34687.0	29242.0	25394.0	21156.0	16891.0	15415.0	14638.0	13741.0	13042.0	12350.0	12354.0	11947.0	11500.0	17317.0	128258.0
Sor-CPnd_002-Ex1-5E-lcwgs-1-2-L3-clmp.fp2_repr.R1	3126.0	13534.0	21543.0	27587.0	30748.0	33119.0	33567.0	33704.0	33029.0	31968.0	29051.0	25539.0	23136.0	21204.0	18309.0	17057.0	16119.0	15260.0	14480.0	13539.0	13310.0	12792.0	12567.0	13269.0	139362.0
Sor-CPnd_002-Ex1-5E-lcwgs-1-2-L3-clmp.fp2_repr.R2	3067.0	13412.0	21421.0	27488.0	30700.0	32968.0	33433.0	33640.0	32834.0	31809.0	29062.0	25563.0	23208.0	21236.0	18316.0	17117.0	16081.0	15302.0	14440.0	13622.0	13286.0	12805.0	12664.0	18070.0	135375.0
Sor-CPnd_003-Ex1-2B-lcwgs-1-2-L2-clmp.fp2_repr.R1	1213.0	5290.0	9001.0	12502.0	14907.0	16704.0	17884.0	18290.0	19054.0	19615.0	17927.0	15814.0	14902.0	13019.0	12179.0	11977.0	11512.0	11176.0	10762.0	10546.0	10697.0	10648.0	10542.0	12248.0	152525.0
Sor-CPnd_003-Ex1-2B-lcwgs-1-2-L2-clmp.fp2_repr.R2	1159.0	5172.0	8904.0	12421.0	14778.0	16574.0	17765.0	18221.0	18968.0	19497.0	17830.0	15722.0	14894.0	13027.0	12149.0	11955.0	11496.0	11125.0	10734.0	10554.0	10770.0	10715.0	10616.0	17573.0	148315.0
Sor-CPnd_003-Ex1-2B-lcwgs-1-2-L3-clmp.fp2_repr.R1	1228.0	5494.0	9335.0	12670.0	15488.0	17217.0	18177.0	19045.0	19926.0	20452.0	19424.0	18097.0	17658.0	16154.0	15347.0	14991.0	14704.0	14123.0	13758.0	13361.0	13312.0	13390.0	13250.0	14591.0	182520.0
Sor-CPnd_003-Ex1-2B-lcwgs-1-2-L3-clmp.fp2_repr.R2	1209.0	5424.0	9294.0	12594.0	15409.0	17098.0	18100.0	18979.0	19869.0	20433.0	19440.0	18126.0	17583.0	16170.0	15378.0	14919.0	14695.0	14121.0	13727.0	13411.0	13339.0	13415.0	13204.0	20885.0	176890.0
Sor-CPnd_004-Ex1-1G-lcwgs-1-2-L2-clmp.fp2_repr.R1	3008.0	13105.0	21888.0	32213.0	41282.0	49508.0	55946.0	61785.0	66524.0	70556.0	70667.0	68833.0	67850.0	65979.0	65326.0	64232.0	62456.0	60135.0	57233.0	54879.0	53352.0	52847.0	51280.0	53726.0	574325.0
Sor-CPnd_004-Ex1-1G-lcwgs-1-2-L2-clmp.fp2_repr.R2	3007.0	13096.0	21914.0	32251.0	41479.0	49554.0	55911.0	61821.0	66636.0	70456.0	70601.0	68783.0	68010.0	66140.0	65493.0	64332.0	62551.0	60203.0	57318.0	54944.0	53348.0	52766.0	51322.0	70753.0	556246.0
Sor-CPnd_004-Ex1-1G-lcwgs-1-2-L3-clmp.fp2_repr.R1	2630.0	11202.0	19041.0	28323.0	36599.0	43275.0	49123.0	53954.0	57840.0	61159.0	60510.0	58098.0	56615.0	55323.0	53752.0	53136.0	51351.0	48766.0	46990.0	44853.0	43710.0	42513.0	41121.0	42861.0	455255.0
Sor-CPnd_004-Ex1-1G-lcwgs-1-2-L3-clmp.fp2_repr.R2	2650.0	11199.0	19089.0	28341.0	36632.0	43224.0	49063.0	54066.0	57807.0	61181.0	60529.0	58220.0	56637.0	55465.0	53710.0	53204.0	51496.0	48762.0	46947.0	44895.0	43699.0	42448.0	41139.0	56475.0	441122.0
Sor-CPnd_005-Ex1-3D-lcwgs-1-2-L2-clmp.fp2_repr.R1	1478.0	5667.0	8557.0	11463.0	14501.0	17226.0	19817.0	22964.0	26050.0	29183.0	31406.0	31929.0	32640.0	32355.0	32559.0	33771.0	34311.0	34770.0	34941.0	35746.0	37154.0	39032.0	40568.0	48414.0	675779.0
Sor-CPnd_005-Ex1-3D-lcwgs-1-2-L2-clmp.fp2_repr.R2	1531.0	5717.0	8607.0	11474.0	14510.0	17148.0	19849.0	22912.0	26060.0	29255.0	31418.0	31922.0	32632.0	32461.0	32550.0	33835.0	34287.0	34618.0	34874.0	35719.0	37117.0	39184.0	40483.0	71539.0	652579.0
Sor-CPnd_005-Ex1-3D-lcwgs-1-2-L3-clmp.fp2_repr.R1	1297.0	5091.0	7646.0	11000.0	13775.0	16303.0	18860.0	21451.0	24274.0	26911.0	27916.0	26843.0	26994.0	26228.0	25786.0	26139.0	26688.0	26828.0	27581.0	27541.0	28786.0	30420.0	31323.0	36227.0	510118.0
Sor-CPnd_005-Ex1-3D-lcwgs-1-2-L3-clmp.fp2_repr.R2	1355.0	5114.0	7620.0	10963.0	13821.0	16236.0	18693.0	21402.0	24074.0	26861.0	27787.0	26825.0	27032.0	26212.0	25763.0	26077.0	26672.0	26872.0	27481.0	27577.0	28701.0	30540.0	31349.0	53375.0	493624.0
Sor-CPnd_006-Ex1-2D-lcwgs-1-2-L2-clmp.fp2_repr.R1	2460.0	11386.0	19720.0	27221.0	32305.0	35462.0	37616.0	39574.0	40527.0	41182.0	36860.0	32293.0	29995.0	26027.0	23816.0	23159.0	22165.0	21229.0	20131.0	19845.0	19600.0	19736.0	19425.0	21827.0	251016.0
Sor-CPnd_006-Ex1-2D-lcwgs-1-2-L2-clmp.fp2_repr.R2	2431.0	11143.0	19605.0	26985.0	32056.0	35269.0	37398.0	39289.0	40375.0	40968.0	36741.0	32174.0	29909.0	25987.0	23679.0	23167.0	22121.0	21241.0	20135.0	19868.0	19708.0	19847.0	19472.0	30195.0	244814.0
Sor-CPnd_006-Ex1-2D-lcwgs-1-2-L3-clmp.fp2_repr.R1	2564.0	11826.0	20295.0	28142.0	33705.0	37286.0	39837.0	41673.0	42243.0	42908.0	40032.0	36358.0	35539.0	32538.0	30643.0	30046.0	28565.0	26625.0	25970.0	25006.0	25307.0	24817.0	24038.0	26344.0	304774.0
Sor-CPnd_006-Ex1-2D-lcwgs-1-2-L3-clmp.fp2_repr.R2	2497.0	11629.0	20153.0	27961.0	33482.0	37155.0	39667.0	41519.0	42035.0	42923.0	39972.0	36290.0	35478.0	32491.0	30612.0	30015.0	28609.0	26692.0	26085.0	25185.0	25292.0	24935.0	24298.0	36342.0	295764.0
Sor-CPnd_007-Ex1-1C-lcwgs-1-2-L2-clmp.fp2_repr.R1	1417.0	5842.0	9219.0	12606.0	14762.0	16881.0	17967.0	19240.0	20007.0	21015.0	21361.0	20908.0	20841.0	20623.0	20465.0	20451.0	19733.0	19320.0	19017.0	18325.0	18285.0	18355.0	18339.0	21361.0	272832.0
Sor-CPnd_007-Ex1-1C-lcwgs-1-2-L2-clmp.fp2_repr.R2	1460.0	5899.0	9264.0	12625.0	14830.0	16894.0	17975.0	19310.0	20076.0	21010.0	21331.0	20994.0	20863.0	20717.0	20458.0	20477.0	19754.0	19386.0	18990.0	18321.0	18321.0	18323.0	18324.0	32614.0	260956.0
Sor-CPnd_007-Ex1-1C-lcwgs-1-2-L3-clmp.fp2_repr.R1	1133.0	4857.0	7892.0	10813.0	12944.0	14287.0	15231.0	16452.0	17029.0	17531.0	17535.0	17464.0	17309.0	17161.0	16849.0	16848.0	16320.0	15850.0	15659.0	15071.0	14784.0	14871.0	14753.0	16786.0	215909.0
Sor-CPnd_007-Ex1-1C-lcwgs-1-2-L3-clmp.fp2_repr.R2	1141.0	4912.0	7981.0	10850.0	12972.0	14309.0	15236.0	16459.0	17077.0	17549.0	17504.0	17445.0	17352.0	17274.0	16865.0	16884.0	16302.0	15842.0	15657.0	15084.0	14808.0	14914.0	14802.0	24980.0	207139.0
Sor-CPnd_008-Ex1-1A-lcwgs-1-2-L2-clmp.fp2_repr.R1	1609.0	5138.0	6759.0	9045.0	11448.0	13434.0	15605.0	17730.0	19637.0	21745.0	23236.0	24302.0	25808.0	26945.0	28362.0	29652.0	30519.0	31319.0	32222.0	33493.0	35357.0	39918.0	43828.0	70794.0	1658838.0
Sor-CPnd_008-Ex1-1A-lcwgs-1-2-L2-clmp.fp2_repr.R2	2018.0	6007.0	7287.0	9568.0	11842.0	13733.0	15845.0	17911.0	19858.0	21909.0	23453.0	24546.0	26055.0	27247.0	28690.0	30020.0	30772.0	31505.0	32514.0	33748.0	35510.0	40149.0	43871.0	153620.0	1569065.0
Sor-CPnd_008-Ex1-1A-lcwgs-1-2-L3-clmp.fp2_repr.R1	1556.0	4896.0	6557.0	8943.0	11167.0	13232.0	15237.0	17419.0	19376.0	21116.0	22409.0	23656.0	25138.0	26299.0	27019.0	28726.0	29527.0	30307.0	31186.0	32113.0	34204.0	38073.0	41949.0	64539.0	1564673.0
Sor-CPnd_008-Ex1-1A-lcwgs-1-2-L3-clmp.fp2_repr.R2	2002.0	5647.0	7139.0	9454.0	11557.0	13487.0	15381.0	17652.0	19613.0	21395.0	22693.0	24035.0	25463.0	26589.0	27318.0	29123.0	29833.0	30646.0	31422.0	32287.0	34611.0	38748.0	41973.0	141390.0	1479859.0
Sor-CPnd_009-Ex1-6A-lcwgs-1-2-L2-clmp.fp2_repr.R1	3214.0	14243.0	23273.0	32301.0	40109.0	45177.0	49613.0	53231.0	56839.0	59840.0	61912.0	63295.0	64293.0	65189.0	64863.0	64837.0	64718.0	63184.0	62071.0	60886.0	60844.0	61841.0	61458.0	72243.0	1004109.0
Sor-CPnd_009-Ex1-6A-lcwgs-1-2-L2-clmp.fp2_repr.R2	3283.0	14366.0	23239.0	32299.0	40267.0	45184.0	49586.0	53215.0	56863.0	60018.0	62056.0	63440.0	64432.0	65184.0	64930.0	64941.0	64641.0	63233.0	62078.0	61001.0	60953.0	61973.0	61492.0	102069.0	972840.0
Sor-CPnd_009-Ex1-6A-lcwgs-1-2-L3-clmp.fp2_repr.R1	3265.0	14368.0	23417.0	32658.0	39692.0	45420.0	50165.0	53525.0	56655.0	59633.0	62096.0	62571.0	63811.0	64035.0	64352.0	65785.0	65022.0	62696.0	62231.0	60992.0	60042.0	60346.0	61016.0	69982.0	970727.0
Sor-CPnd_009-Ex1-6A-lcwgs-1-2-L3-clmp.fp2_repr.R2	3358.0	14379.0	23564.0	32704.0	39825.0	45481.0	50151.0	53640.0	56651.0	59795.0	62175.0	62672.0	64021.0	64033.0	64525.0	65944.0	65105.0	62813.0	62152.0	61079.0	60222.0	60539.0	61067.0	99261.0	939346.0
Sor-CPnd_010-Ex1-1H-lcwgs-1-2-L2-clmp.fp2_repr.R1	782.0	3381.0	5341.0	7700.0	9646.0	11226.0	12463.0	13940.0	14625.0	15223.0	15585.0	15484.0	15740.0	15239.0	15261.0	14727.0	14551.0	13665.0	13434.0	12731.0	12271.0	12342.0	12194.0	13738.0	153953.0
Sor-CPnd_010-Ex1-1H-lcwgs-1-2-L2-clmp.fp2_repr.R2	808.0	3393.0	5337.0	7679.0	9650.0	11298.0	12455.0	13972.0	14601.0	15226.0	15623.0	15558.0	15719.0	15305.0	15283.0	14710.0	14545.0	13653.0	13456.0	12774.0	12315.0	12393.0	12274.0	19814.0	147401.0
Sor-CPnd_010-Ex1-1H-lcwgs-1-2-L3-clmp.fp2_repr.R1	641.0	2786.0	4495.0	6628.0	8054.0	9614.0	10682.0	11576.0	12490.0	12793.0	12987.0	12827.0	12798.0	12517.0	12307.0	12262.0	11717.0	11094.0	10818.0	10342.0	10008.0	9773.0	9762.0	10718.0	120037.0
Sor-CPnd_010-Ex1-1H-lcwgs-1-2-L3-clmp.fp2_repr.R2	669.0	2787.0	4534.0	6625.0	8073.0	9622.0	10670.0	11572.0	12509.0	12763.0	13012.0	12877.0	12800.0	12550.0	12312.0	12260.0	11750.0	11115.0	10821.0	10312.0	10040.0	9788.0	9756.0	15185.0	115324.0
Sor-CPnd_012-Ex1-5B-lcwgs-1-2-L2-clmp.fp2_repr.R1	1477.0	6481.0	10303.0	12941.0	14118.0	14873.0	15347.0	15558.0	15604.0	15613.0	14308.0	12348.0	11221.0	9478.0	7961.0	7636.0	7243.0	7092.0	6969.0	6944.0	6733.0	7038.0	7165.0	8257.0	113938.0
Sor-CPnd_012-Ex1-5B-lcwgs-1-2-L2-clmp.fp2_repr.R2	1448.0	6470.0	10270.0	12866.0	14083.0	14820.0	15335.0	15570.0	15546.0	15524.0	14284.0	12300.0	11245.0	9482.0	7912.0	7650.0	7285.0	7055.0	6904.0	6903.0	6752.0	7055.0	7181.0	12312.0	110394.0
Sor-CPnd_012-Ex1-5B-lcwgs-1-2-L3-clmp.fp2_repr.R1	1254.0	5364.0	8480.0	10518.0	11467.0	12323.0	12416.0	12494.0	12431.0	12340.0	11781.0	10688.0	10225.0	9594.0	8583.0	8192.0	7970.0	7539.0	7517.0	7264.0	7485.0	7508.0	7506.0	8519.0	118281.0
Sor-CPnd_012-Ex1-5B-lcwgs-1-2-L3-clmp.fp2_repr.R2	1228.0	5361.0	8457.0	10456.0	11437.0	12312.0	12398.0	12485.0	12404.0	12353.0	11799.0	10693.0	10231.0	9613.0	8577.0	8202.0	7950.0	7532.0	7537.0	7282.0	7429.0	7564.0	7558.0	12584.0	114297.0
Sor-CPnd_013-Ex1-7F-lcwgs-1-2-L2-clmp.fp2_repr.R1	1970.0	8165.0	12055.0	15625.0	18114.0	19395.0	20738.0	21192.0	22287.0	22735.0	23242.0	22957.0	22505.0	22222.0	21505.0	21426.0	20300.0	19255.0	18554.0	17714.0	17154.0	16855.0	16356.0	18655.0	214448.0
Sor-CPnd_013-Ex1-7F-lcwgs-1-2-L2-clmp.fp2_repr.R2	1968.0	8223.0	12033.0	15660.0	18176.0	19370.0	20823.0	21280.0	22265.0	22768.0	23274.0	22962.0	22566.0	22250.0	21579.0	21441.0	20303.0	19264.0	18605.0	17718.0	17092.0	16876.0	16502.0	26992.0	205434.0
Sor-CPnd_013-Ex1-7F-lcwgs-1-2-L3-clmp.fp2_repr.R1	1896.0	8115.0	11939.0	15568.0	17878.0	19461.0	20207.0	21595.0	21906.0	22324.0	22910.0	22635.0	22211.0	21408.0	21216.0	20758.0	19947.0	18842.0	17988.0	17125.0	16614.0	16195.0	15906.0	17480.0	202971.0
Sor-CPnd_013-Ex1-7F-lcwgs-1-2-L3-clmp.fp2_repr.R2	1879.0	8159.0	11970.0	15631.0	17991.0	19479.0	20279.0	21592.0	21910.0	22335.0	22958.0	22650.0	22275.0	21489.0	21226.0	20778.0	20034.0	18765.0	18017.0	17142.0	16673.0	16197.0	15926.0	25419.0	194321.0
Sor-CPnd_014-Ex1-1F-lcwgs-1-2-L2-clmp.fp2_repr.R1	4832.0	20688.0	35417.0	51903.0	67308.0	80147.0	89881.0	98600.0	105179.0	110110.0	113446.0	113026.0	114104.0	112457.0	111604.0	111374.0	109259.0	104575.0	101592.0	98451.0	96911.0	96397.0	95620.0	104893.0	1235207.0
Sor-CPnd_014-Ex1-1F-lcwgs-1-2-L2-clmp.fp2_repr.R2	4920.0	21004.0	35668.0	52091.0	67497.0	80160.0	89974.0	98880.0	105328.0	110137.0	113687.0	113310.0	114267.0	112501.0	111627.0	111590.0	109357.0	104423.0	101734.0	98498.0	97074.0	96402.0	95551.0	146459.0	1190842.0
Sor-CPnd_014-Ex1-1F-lcwgs-1-2-L3-clmp.fp2_repr.R1	4762.0	20352.0	34919.0	51807.0	67246.0	79431.0	89374.0	97807.0	103495.0	108600.0	111931.0	112603.0	111881.0	111445.0	109823.0	109323.0	106630.0	102328.0	98834.0	95419.0	94396.0	93451.0	93036.0	100352.0	1177962.0
Sor-CPnd_014-Ex1-1F-lcwgs-1-2-L3-clmp.fp2_repr.R2	4879.0	20560.0	35223.0	52024.0	67508.0	79612.0	89400.0	98005.0	103766.0	108751.0	112203.0	112820.0	112089.0	111594.0	109988.0	109462.0	106746.0	102509.0	98925.0	95542.0	94347.0	93564.0	92846.0	139713.0	1135131.0
Sor-CPnd_015-Ex1-5F-lcwgs-1-2-L2-clmp.fp2_repr.R1	2541.0	11239.0	17003.0	20566.0	21933.0	22597.0	22670.0	22385.0	22042.0	21216.0	19114.0	15895.0	14010.0	11581.0	9264.0	8585.0	8203.0	7707.0	7253.0	6977.0	7228.0	6998.0	6846.0	7804.0	89068.0
Sor-CPnd_015-Ex1-5F-lcwgs-1-2-L2-clmp.fp2_repr.R2	2508.0	11201.0	16952.0	20546.0	21862.0	22532.0	22669.0	22354.0	21947.0	21142.0	19052.0	15913.0	14005.0	11543.0	9194.0	8575.0	8171.0	7762.0	7271.0	6966.0	7227.0	7001.0	6916.0	11139.0	86277.0
Sor-CPnd_015-Ex1-5F-lcwgs-1-2-L3-clmp.fp2_repr.R1	2266.0	9522.0	14365.0	17393.0	18643.0	19127.0	19294.0	18766.0	18393.0	17384.0	16063.0	14152.0	13092.0	11946.0	10452.0	9567.0	9102.0	8627.0	8324.0	7891.0	7707.0	7523.0	7322.0	8216.0	94175.0
Sor-CPnd_015-Ex1-5F-lcwgs-1-2-L3-clmp.fp2_repr.R2	2267.0	9435.0	14265.0	17341.0	18621.0	19071.0	19309.0	18715.0	18305.0	17385.0	16066.0	14181.0	13077.0	11923.0	10433.0	9552.0	9140.0	8648.0	8337.0	7876.0	7724.0	7509.0	7378.0	11678.0	91076.0
Sor-CPnd_016-Ex1-1B-lcwgs-1-2-L2-clmp.fp2_repr.R1	1123.0	4247.0	6396.0	9009.0	11085.0	13042.0	14796.0	16252.0	17728.0	19096.0	19716.0	20255.0	20841.0	21152.0	21928.0	22510.0	23321.0	23433.0	23903.0	24754.0	26059.0	27928.0	30332.0	40387.0	815424.0
Sor-CPnd_016-Ex1-1B-lcwgs-1-2-L2-clmp.fp2_repr.R2	1253.0	4521.0	6598.0	9092.0	11192.0	13029.0	14888.0	16352.0	17744.0	19096.0	19810.0	20447.0	20959.0	21336.0	22082.0	22609.0	23285.0	23474.0	23903.0	24827.0	26018.0	28043.0	30512.0	71602.0	782045.0
Sor-CPnd_016-Ex1-1B-lcwgs-1-2-L3-clmp.fp2_repr.R1	822.0	3435.0	5327.0	7562.0	9509.0	11066.0	12588.0	13883.0	14953.0	16078.0	16325.0	16121.0	16734.0	17058.0	17678.0	18003.0	18800.0	18823.0	19381.0	19883.0	20532.0	22587.0	23835.0	30939.0	633459.0
Sor-CPnd_016-Ex1-1B-lcwgs-1-2-L3-clmp.fp2_repr.R2	958.0	3623.0	5490.0	7698.0	9601.0	11092.0	12597.0	13887.0	15065.0	16081.0	16292.0	16232.0	16819.0	17131.0	17670.0	18103.0	18858.0	18904.0	19430.0	19962.0	20631.0	22663.0	24012.0	54436.0	608146.0
Sor-CPnd_017-Ex1-3G-lcwgs-1-2-L2-clmp.fp2_repr.R1	1221.0	5231.0	8861.0	12499.0	15633.0	17650.0	19446.0	21238.0	22194.0	22974.0	23071.0	21763.0	20777.0	19925.0	19113.0	18663.0	17947.0	16940.0	16249.0	15524.0	15027.0	14658.0	14338.0	15433.0	160235.0
Sor-CPnd_017-Ex1-3G-lcwgs-1-2-L2-clmp.fp2_repr.R2	1193.0	5237.0	8844.0	12537.0	15642.0	17672.0	19414.0	21236.0	22225.0	22975.0	23085.0	21745.0	20832.0	19885.0	19150.0	18697.0	18027.0	16931.0	16232.0	15533.0	15064.0	14587.0	14339.0	20606.0	154922.0
Sor-CPnd_017-Ex1-3G-lcwgs-1-2-L3-clmp.fp2_repr.R1	1124.0	4782.0	7724.0	11329.0	14073.0	16144.0	17504.0	18590.0	19689.0	19895.0	19480.0	18013.0	17442.0	16438.0	15992.0	15614.0	14481.0	14127.0	13167.0	12671.0	12026.0	11951.0	11581.0	12412.0	125946.0
Sor-CPnd_017-Ex1-3G-lcwgs-1-2-L3-clmp.fp2_repr.R2	1120.0	4785.0	7759.0	11293.0	14068.0	16092.0	17497.0	18607.0	19677.0	19892.0	19464.0	18076.0	17548.0	16462.0	15969.0	15657.0	14460.0	14151.0	13212.0	12670.0	12090.0	11973.0	11508.0	16533.0	121632.0
Sor-CPnd_018-Ex1-1E-lcwgs-1-2-L2-clmp.fp2_repr.R1	3906.0	16918.0	27546.0	38131.0	45983.0	51628.0	54816.0	57997.0	59510.0	60857.0	62041.0	60988.0	60458.0	58613.0	57653.0	56629.0	55116.0	52404.0	50264.0	48023.0	46479.0	46052.0	44814.0	48715.0	527564.0
Sor-CPnd_018-Ex1-1E-lcwgs-1-2-L2-clmp.fp2_repr.R2	3976.0	17111.0	27567.0	38170.0	46125.0	51637.0	54886.0	58057.0	59607.0	60985.0	62117.0	61194.0	60526.0	58774.0	57832.0	56661.0	55012.0	52512.0	50307.0	48098.0	46441.0	45916.0	44910.0	68258.0	506426.0
Sor-CPnd_018-Ex1-1E-lcwgs-1-2-L3-clmp.fp2_repr.R1	3833.0	17227.0	27544.0	37941.0	45754.0	50554.0	54416.0	57221.0	59314.0	60577.0	61273.0	60175.0	58857.0	58185.0	56859.0	55984.0	53804.0	51064.0	48804.0	47025.0	45400.0	44859.0	43525.0	46138.0	501335.0
Sor-CPnd_018-Ex1-1E-lcwgs-1-2-L3-clmp.fp2_repr.R2	3867.0	17322.0	27592.0	38048.0	45739.0	50600.0	54437.0	57336.0	59397.0	60663.0	61422.0	60359.0	58951.0	58247.0	56939.0	56026.0	53891.0	51104.0	48789.0	47039.0	45350.0	44857.0	43516.0	64855.0	481322.0
Sor-CPnd_019-Ex1-6G-lcwgs-1-2-L2-clmp.fp2_repr.R1	3765.0	15748.0	24253.0	31190.0	34865.0	36612.0	37665.0	38393.0	38942.0	38988.0	38260.0	36224.0	35410.0	34616.0	34160.0	33453.0	32150.0	30975.0	30157.0	29476.0	28918.0	29323.0	29155.0	32876.0	410340.0
Sor-CPnd_019-Ex1-6G-lcwgs-1-2-L2-clmp.fp2_repr.R2	3833.0	15808.0	24269.0	31276.0	34863.0	36614.0	37686.0	38343.0	38976.0	39035.0	38308.0	36263.0	35514.0	34675.0	34284.0	33492.0	32258.0	30977.0	30264.0	29499.0	29025.0	29360.0	29088.0	44415.0	397789.0
Sor-CPnd_019-Ex1-6G-lcwgs-1-2-L3-clmp.fp2_repr.R1	3317.0	14312.0	22537.0	28738.0	32202.0	33316.0	33591.0	34451.0	34713.0	33908.0	32558.0	30385.0	29580.0	29147.0	27818.0	27606.0	27086.0	25900.0	25420.0	24254.0	24079.0	23985.0	23885.0	25731.0	324702.0
Sor-CPnd_019-Ex1-6G-lcwgs-1-2-L3-clmp.fp2_repr.R2	3322.0	14304.0	22472.0	28811.0	32237.0	33246.0	33610.0	34386.0	34792.0	33976.0	32474.0	30417.0	29636.0	29260.0	27895.0	27691.0	27098.0	25917.0	25506.0	24305.0	23994.0	24047.0	23897.0	34645.0	315283.0
Sor-CPnd_020-Ex1-2E-lcwgs-1-2-L2-clmp.fp2_repr.R1	2246.0	9463.0	15703.0	22316.0	26866.0	30704.0	33521.0	36515.0	38442.0	40256.0	37350.0	34129.0	32640.0	29365.0	28217.0	27720.0	27148.0	25996.0	25444.0	24789.0	25078.0	25458.0	24984.0	27689.0	316147.0
Sor-CPnd_020-Ex1-2E-lcwgs-1-2-L2-clmp.fp2_repr.R2	2175.0	9145.0	15410.0	21978.0	26592.0	30427.0	33207.0	36122.0	38074.0	39992.0	37074.0	33957.0	32504.0	29256.0	28174.0	27579.0	27168.0	25952.0	25420.0	24858.0	25085.0	25646.0	25281.0	38805.0	308305.0
Sor-CPnd_020-Ex1-2E-lcwgs-1-2-L3-clmp.fp2_repr.R1	2297.0	9888.0	16456.0	22972.0	28287.0	31947.0	35242.0	37885.0	40862.0	42308.0	40849.0	39188.0	38805.0	36758.0	35882.0	35400.0	34841.0	34224.0	32893.0	32229.0	32564.0	32375.0	31420.0	34312.0	385962.0
Sor-CPnd_020-Ex1-2E-lcwgs-1-2-L3-clmp.fp2_repr.R2	2248.0	9680.0	16283.0	22747.0	28025.0	31729.0	34959.0	37687.0	40699.0	42054.0	40721.0	39123.0	38719.0	36833.0	35729.0	35335.0	34747.0	34211.0	32944.0	32174.0	32722.0	32674.0	31757.0	47357.0	374689.0
Sor-CPnd_022-Ex1-7C-lcwgs-1-2-L2-clmp.fp2_repr.R1	4248.0	17213.0	25658.0	31776.0	35625.0	37658.0	38421.0	39284.0	39813.0	40022.0	39796.0	38539.0	37634.0	36200.0	36262.0	35918.0	34603.0	33240.0	32345.0	32050.0	31859.0	32996.0	32903.0	39654.0	577522.0
Sor-CPnd_022-Ex1-7C-lcwgs-1-2-L2-clmp.fp2_repr.R2	4292.0	17291.0	25691.0	31907.0	35667.0	37705.0	38563.0	39411.0	39780.0	40031.0	39954.0	38516.0	37689.0	36372.0	36324.0	35817.0	34667.0	33297.0	32418.0	31976.0	32037.0	32909.0	32906.0	60963.0	555056.0
Sor-CPnd_022-Ex1-7C-lcwgs-1-2-L3-clmp.fp2_repr.R1	3696.0	14619.0	21801.0	27515.0	30878.0	32192.0	32987.0	33369.0	33772.0	33545.0	33226.0	31994.0	31623.0	30575.0	30245.0	29499.0	28849.0	27669.0	27016.0	26264.0	26089.0	26557.0	26909.0	31091.0	457928.0
Sor-CPnd_022-Ex1-7C-lcwgs-1-2-L3-clmp.fp2_repr.R2	3735.0	14768.0	21765.0	27479.0	30894.0	32196.0	33038.0	33448.0	33908.0	33627.0	33267.0	32093.0	31769.0	30615.0	30307.0	29556.0	28898.0	27735.0	27071.0	26270.0	26127.0	26610.0	26841.0	46436.0	441455.0
Sor-CPnd_024-Ex1-5G-lcwgs-1-2-L2-clmp.fp2_repr.R1	1478.0	6414.0	10053.0	13228.0	15317.0	16357.0	16623.0	17406.0	16845.0	16855.0	15628.0	13542.0	12036.0	10219.0	8423.0	7793.0	7646.0	7043.0	6834.0	6512.0	6533.0	6362.0	6236.0	6949.0	78073.0
Sor-CPnd_024-Ex1-5G-lcwgs-1-2-L2-clmp.fp2_repr.R2	1452.0	6361.0	10001.0	13196.0	15259.0	16351.0	16634.0	17372.0	16760.0	16800.0	15580.0	13575.0	12055.0	10266.0	8470.0	7809.0	7619.0	7022.0	6886.0	6507.0	6530.0	6356.0	6283.0	9653.0	75608.0
Sor-CPnd_024-Ex1-5G-lcwgs-1-2-L3-clmp.fp2_repr.R1	1286.0	5363.0	8593.0	11315.0	12566.0	13766.0	14014.0	14273.0	14393.0	13955.0	13327.0	12000.0	11256.0	10495.0	9047.0	8521.0	8019.0	7663.0	7351.0	6952.0	6897.0	6866.0	6587.0	6975.0	79231.0
Sor-CPnd_024-Ex1-5G-lcwgs-1-2-L3-clmp.fp2_repr.R2	1287.0	5352.0	8550.0	11265.0	12537.0	13745.0	14006.0	14238.0	14361.0	13927.0	13248.0	11986.0	11255.0	10505.0	9134.0	8531.0	8023.0	7696.0	7354.0	6998.0	6876.0	6925.0	6691.0	9800.0	76421.0
Sor-CPnd_026-Ex1-3H-lcwgs-1-2-L2-clmp.fp2_repr.R1	957.0	3962.0	6109.0	8468.0	10614.0	12514.0	13944.0	15533.0	16661.0	17954.0	18643.0	18859.0	18726.0	18200.0	17725.0	17818.0	17408.0	16728.0	16652.0	16418.0	16503.0	16822.0	16855.0	19260.0	250184.0
Sor-CPnd_026-Ex1-3H-lcwgs-1-2-L2-clmp.fp2_repr.R2	971.0	3949.0	6181.0	8508.0	10622.0	12473.0	13952.0	15459.0	16766.0	17993.0	18606.0	18878.0	18727.0	18162.0	17718.0	17877.0	17451.0	16735.0	16706.0	16431.0	16424.0	16758.0	16831.0	28127.0	241212.0
Sor-CPnd_026-Ex1-3H-lcwgs-1-2-L3-clmp.fp2_repr.R1	774.0	3212.0	5388.0	7231.0	9125.0	10499.0	11736.0	13010.0	13838.0	14850.0	15362.0	15203.0	15040.0	14535.0	13948.0	13923.0	13734.0	13377.0	13191.0	12843.0	12954.0	13039.0	13083.0	14594.0	188017.0
Sor-CPnd_026-Ex1-3H-lcwgs-1-2-L3-clmp.fp2_repr.R2	778.0	3178.0	5340.0	7247.0	9107.0	10526.0	11728.0	12998.0	13845.0	14803.0	15369.0	15226.0	15038.0	14522.0	13950.0	13961.0	13726.0	13402.0	13204.0	12881.0	12935.0	13152.0	13058.0	21080.0	181452.0
Sor-CPnd_027-Ex1-3C-lcwgs-1-2-L2-clmp.fp2_repr.R1	1287.0	4827.0	7354.0	10193.0	12621.0	14628.0	16788.0	19073.0	20960.0	23244.0	25199.0	25653.0	26100.0	26106.0	26839.0	27628.0	28015.0	28556.0	29010.0	29416.0	30079.0	32135.0	32609.0	40290.0	580904.0
Sor-CPnd_027-Ex1-3C-lcwgs-1-2-L2-clmp.fp2_repr.R2	1293.0	4907.0	7369.0	10161.0	12626.0	14661.0	16864.0	18996.0	20907.0	23265.0	25193.0	25738.0	26104.0	26093.0	26839.0	27630.0	28157.0	28558.0	29033.0	29374.0	30133.0	32039.0	32598.0	61221.0	559755.0
Sor-CPnd_027-Ex1-3C-lcwgs-1-2-L3-clmp.fp2_repr.R1	1087.0	4116.0	6425.0	8986.0	11152.0	13174.0	14680.0	16877.0	18334.0	19928.0	20782.0	20833.0	21232.0	20947.0	20919.0	21542.0	22003.0	22348.0	22681.0	22936.0	23841.0	24693.0	25484.0	30009.0	439405.0
Sor-CPnd_027-Ex1-3C-lcwgs-1-2-L3-clmp.fp2_repr.R2	1049.0	4172.0	6489.0	9004.0	11160.0	13139.0	14628.0	16887.0	18358.0	19919.0	20765.0	20821.0	21240.0	20960.0	20904.0	21596.0	21970.0	22348.0	22621.0	22895.0	23760.0	24756.0	25782.0	45443.0	423748.0
Sor-CPnd_028-Ex1-3A-lcwgs-1-2-L2-clmp.fp2_repr.R1	1818.0	7487.0	12033.0	17079.0	21429.0	25166.0	28385.0	32012.0	34755.0	37620.0	39509.0	38626.0	38528.0	36728.0	35885.0	35985.0	35910.0	35613.0	35175.0	35430.0	35519.0	37149.0	37962.0	46002.0	687528.0
Sor-CPnd_028-Ex1-3A-lcwgs-1-2-L2-clmp.fp2_repr.R2	1897.0	7473.0	12057.0	17094.0	21382.0	25048.0	28358.0	31942.0	34602.0	37503.0	39375.0	38573.0	38545.0	36755.0	35868.0	35993.0	35855.0	35668.0	35206.0	35295.0	35434.0	36989.0	37843.0	72177.0	662401.0
Sor-CPnd_028-Ex1-3A-lcwgs-1-2-L3-clmp.fp2_repr.R1	1574.0	6923.0	11488.0	16415.0	21303.0	24588.0	27899.0	30497.0	33129.0	35632.0	36044.0	33814.0	32740.0	30450.0	28715.0	28549.0	28609.0	28007.0	27558.0	27676.0	28247.0	29066.0	29516.0	35275.0	528296.0
Sor-CPnd_028-Ex1-3A-lcwgs-1-2-L3-clmp.fp2_repr.R2	1599.0	6951.0	11440.0	16430.0	21194.0	24457.0	27774.0	30424.0	33075.0	35479.0	35990.0	33740.0	32751.0	30319.0	28640.0	28528.0	28504.0	27867.0	27602.0	27594.0	28216.0	29209.0	29712.0	55526.0	508989.0
Sor-CPnd_029-Ex1-8E-lcwgs-1-2-L2-clmp.fp2_repr.R1	5187.0	22666.0	36006.0	46940.0	54261.0	58791.0	62491.0	66013.0	68895.0	70589.0	71673.0	69922.0	67164.0	60336.0	55567.0	53161.0	51929.0	49417.0	48444.0	48376.0	49278.0	50628.0	49919.0	58478.0	771087.0
Sor-CPnd_029-Ex1-8E-lcwgs-1-2-L2-clmp.fp2_repr.R2	5254.0	22808.0	36027.0	47018.0	54233.0	58767.0	62316.0	66018.0	68870.0	70482.0	71773.0	69835.0	67244.0	60296.0	55561.0	53223.0	51855.0	49429.0	48436.0	48358.0	49405.0	50572.0	49840.0	87210.0	742388.0
Sor-CPnd_029-Ex1-8E-lcwgs-1-2-L3-clmp.fp2_repr.R1	4877.0	21788.0	34490.0	45762.0	53025.0	57324.0	61374.0	65399.0	67398.0	69119.0	69178.0	64920.0	60773.0	51733.0	45112.0	42309.0	40070.0	38609.0	37602.0	38331.0	38550.0	39362.0	39012.0	44119.0	583456.0
Sor-CPnd_029-Ex1-8E-lcwgs-1-2-L3-clmp.fp2_repr.R2	4944.0	21814.0	34512.0	45621.0	52915.0	57318.0	61243.0	65393.0	67348.0	69028.0	69018.0	64900.0	60809.0	51734.0	45031.0	42159.0	40011.0	38560.0	37558.0	38300.0	38531.0	39445.0	39139.0	65969.0	562392.0
Sor-CPnd_030-Ex1-2H-lcwgs-1-2-L2-clmp.fp2_repr.R1	1372.0	6000.0	10342.0	14182.0	17549.0	19308.0	21064.0	22393.0	23130.0	23671.0	21489.0	19046.0	17616.0	15267.0	14053.0	13496.0	12742.0	12086.0	11382.0	11196.0	11086.0	11073.0	10969.0	12104.0	135233.0
Sor-CPnd_030-Ex1-2H-lcwgs-1-2-L2-clmp.fp2_repr.R2	1318.0	5865.0	10214.0	14003.0	17413.0	19251.0	20965.0	22321.0	23020.0	23583.0	21457.0	18991.0	17577.0	15274.0	14078.0	13475.0	12704.0	12122.0	11378.0	11187.0	11149.0	11194.0	11020.0	16726.0	131564.0
Sor-CPnd_030-Ex1-2H-lcwgs-1-2-L3-clmp.fp2_repr.R1	1401.0	6009.0	10619.0	14587.0	17650.0	20014.0	21767.0	23443.0	23908.0	24254.0	22903.0	21201.0	20575.0	18802.0	17902.0	16989.0	16267.0	15514.0	14947.0	14196.0	14163.0	13722.0	13513.0	14908.0	162242.0
Sor-CPnd_030-Ex1-2H-lcwgs-1-2-L3-clmp.fp2_repr.R2	1376.0	5947.0	10601.0	14424.0	17578.0	19933.0	21669.0	23359.0	23842.0	24202.0	22943.0	21201.0	20519.0	18811.0	17963.0	16994.0	16214.0	15551.0	14963.0	14209.0	14163.0	13847.0	13573.0	20145.0	157469.0
Sor-CPnd_031-Ex1-5D-lcwgs-1-2-L2-clmp.fp2_repr.R1	2203.0	9732.0	16060.0	21277.0	25437.0	28085.0	30297.0	31999.0	32837.0	33599.0	31552.0	27686.0	25439.0	22000.0	18539.0	17661.0	17157.0	16649.0	16658.0	16384.0	16825.0	17461.0	17318.0	21023.0	296714.0
Sor-CPnd_031-Ex1-5D-lcwgs-1-2-L2-clmp.fp2_repr.R2	2213.0	9704.0	16011.0	21160.0	25244.0	28005.0	30111.0	31789.0	32702.0	33374.0	31357.0	27593.0	25311.0	21884.0	18473.0	17686.0	17024.0	16584.0	16664.0	16389.0	16900.0	17489.0	17454.0	31681.0	287790.0
Sor-CPnd_031-Ex1-5D-lcwgs-1-2-L3-clmp.fp2_repr.R1	1855.0	8213.0	12912.0	17572.0	20408.0	23228.0	24500.0	26076.0	26898.0	27031.0	25944.0	24066.0	23187.0	21701.0	19718.0	19125.0	18966.0	18674.0	18116.0	17898.0	18167.0	18754.0	18801.0	21971.0	313458.0
Sor-CPnd_031-Ex1-5D-lcwgs-1-2-L3-clmp.fp2_repr.R2	1841.0	8171.0	12824.0	17483.0	20317.0	22992.0	24477.0	25958.0	26779.0	26948.0	25854.0	24034.0	23125.0	21709.0	19680.0	19119.0	18908.0	18702.0	18171.0	17983.0	18170.0	18764.0	18855.0	32936.0	303439.0
Sor-CPnd_033-Ex1-2F-lcwgs-1-2-L2-clmp.fp2_repr.R1	1004.0	4212.0	7319.0	10223.0	12549.0	14215.0	15860.0	17195.0	18677.0	19399.0	18483.0	16975.0	16145.0	14434.0	13732.0	13684.0	13197.0	12434.0	12565.0	12162.0	12187.0	12033.0	11740.0	12957.0	136240.0
Sor-CPnd_033-Ex1-2F-lcwgs-1-2-L2-clmp.fp2_repr.R2	949.0	4131.0	7205.0	10049.0	12449.0	14045.0	15698.0	17053.0	18594.0	19262.0	18417.0	16897.0	16152.0	14404.0	13696.0	13662.0	13177.0	12401.0	12617.0	12146.0	12250.0	12075.0	11797.0	17588.0	132907.0
Sor-CPnd_033-Ex1-2F-lcwgs-1-2-L3-clmp.fp2_repr.R1	1031.0	4565.0	7466.0	10510.0	13030.0	15103.0	16716.0	18130.0	19219.0	20297.0	19895.0	18963.0	19020.0	18067.0	17551.0	17463.0	17018.0	16287.0	15909.0	15729.0	15486.0	15361.0	14871.0	15765.0	164728.0
Sor-CPnd_033-Ex1-2F-lcwgs-1-2-L3-clmp.fp2_repr.R2	1017.0	4465.0	7355.0	10416.0	12937.0	14997.0	16570.0	18054.0	19135.0	20190.0	19828.0	18905.0	18974.0	18065.0	17549.0	17424.0	17039.0	16340.0	15914.0	15741.0	15558.0	15480.0	14889.0	21463.0	159875.0
Sor-CPnd_034-Ex1-4G-lcwgs-1-2-L2-clmp.fp2_repr.R1	1580.0	6604.0	10360.0	13519.0	15490.0	16612.0	16889.0	17114.0	17036.0	16960.0	16221.0	14964.0	13667.0	12720.0	11665.0	11163.0	10646.0	9953.0	9399.0	8646.0	8517.0	8189.0	8046.0	8543.0	90847.0
Sor-CPnd_034-Ex1-4G-lcwgs-1-2-L2-clmp.fp2_repr.R2	1556.0	6544.0	10357.0	13562.0	15547.0	16557.0	16835.0	17077.0	17066.0	17019.0	16225.0	15017.0	13735.0	12720.0	11675.0	11200.0	10650.0	9967.0	9361.0	8681.0	8540.0	8244.0	7991.0	11058.0	88166.0
Sor-CPnd_034-Ex1-4G-lcwgs-1-2-L3-clmp.fp2_repr.R1	1387.0	5710.0	9076.0	11878.0	13642.0	14837.0	14579.0	14679.0	14363.0	13973.0	13441.0	12290.0	11278.0	10484.0	9119.0	8743.0	8338.0	7799.0	7569.0	6966.0	6728.0	6561.0	6245.0	6400.0	69407.0
Sor-CPnd_034-Ex1-4G-lcwgs-1-2-L3-clmp.fp2_repr.R2	1396.0	5721.0	9057.0	11863.0	13606.0	14797.0	14659.0	14688.0	14322.0	13989.0	13455.0	12303.0	11228.0	10535.0	9153.0	8755.0	8373.0	7785.0	7558.0	7002.0	6734.0	6607.0	6251.0	8356.0	67299.0
Sor-CPnd_036-Ex1-5C-lcwgs-1-2-L2-clmp.fp2_repr.R1	2508.0	11689.0	20170.0	27617.0	33089.0	36209.0	38437.0	38868.0	39467.0	39404.0	36787.0	31533.0	28633.0	23946.0	19716.0	18203.0	17592.0	16676.0	16363.0	16072.0	15864.0	16163.0	16001.0	18336.0	234401.0
Sor-CPnd_036-Ex1-5C-lcwgs-1-2-L2-clmp.fp2_repr.R2	2464.0	11631.0	20042.0	27534.0	33039.0	36112.0	38295.0	38793.0	39377.0	39238.0	36757.0	31438.0	28617.0	23905.0	19593.0	18151.0	17519.0	16674.0	16361.0	15973.0	15770.0	16196.0	16028.0	26957.0	227280.0
Sor-CPnd_036-Ex1-5C-lcwgs-1-2-L3-clmp.fp2_repr.R1	2145.0	9609.0	16497.0	22397.0	26598.0	29214.0	30453.0	31600.0	31357.0	31412.0	29370.0	27080.0	25721.0	23656.0	20980.0	19951.0	19096.0	18301.0	17747.0	17108.0	17109.0	17274.0	16981.0	18862.0	242646.0
Sor-CPnd_036-Ex1-5C-lcwgs-1-2-L3-clmp.fp2_repr.R2	2138.0	9563.0	16457.0	22365.0	26533.0	29046.0	30435.0	31624.0	31315.0	31299.0	29410.0	27103.0	25735.0	23730.0	21007.0	19968.0	19012.0	18302.0	17775.0	17134.0	17152.0	17342.0	16872.0	27283.0	234564.0
Sor-CPnd_037-Ex1-6C-lcwgs-1-2-L2-clmp.fp2_repr.R1	3863.0	15984.0	22949.0	28194.0	31317.0	32970.0	33281.0	34172.0	34668.0	35018.0	35234.0	34054.0	34008.0	33157.0	32248.0	31876.0	31367.0	30214.0	29814.0	29217.0	29255.0	30347.0	29975.0	34953.0	492479.0
Sor-CPnd_037-Ex1-6C-lcwgs-1-2-L2-clmp.fp2_repr.R2	3989.0	16000.0	22974.0	28321.0	31437.0	32967.0	33294.0	34220.0	34767.0	35057.0	35212.0	34113.0	34127.0	33275.0	32295.0	31908.0	31399.0	30316.0	29871.0	29197.0	29321.0	30321.0	29874.0	51341.0	475018.0
Sor-CPnd_037-Ex1-6C-lcwgs-1-2-L3-clmp.fp2_repr.R1	3392.0	13916.0	20420.0	25739.0	27925.0	28823.0	29153.0	29760.0	29692.0	29566.0	29061.0	28459.0	27793.0	27660.0	26797.0	26400.0	26032.0	25083.0	24398.0	23970.0	24050.0	24147.0	24675.0	27712.0	390949.0
Sor-CPnd_037-Ex1-6C-lcwgs-1-2-L3-clmp.fp2_repr.R2	3426.0	14001.0	20370.0	25748.0	27964.0	28935.0	29153.0	29750.0	29671.0	29623.0	29101.0	28547.0	27925.0	27738.0	26835.0	26442.0	26089.0	25104.0	24393.0	23954.0	24087.0	24215.0	24734.0	39878.0	377889.0
Sor-CPnd_038-Ex1-2A-lcwgs-1-2-L2-clmp.fp2_repr.R1	948.0	4184.0	7356.0	10357.0	12707.0	14577.0	16306.0	17646.0	18691.0	19091.0	18089.0	16473.0	16012.0	14364.0	13955.0	13958.0	13707.0	13469.0	13356.0	13324.0	14075.0	14635.0	14651.0	19098.0	293507.0
Sor-CPnd_038-Ex1-2A-lcwgs-1-2-L2-clmp.fp2_repr.R2	970.0	4080.0	7203.0	10184.0	12570.0	14326.0	16089.0	17439.0	18360.0	18873.0	17906.0	16310.0	15831.0	14163.0	13807.0	13782.0	13547.0	13298.0	13323.0	13273.0	14057.0	14737.0	14736.0	31028.0	284644.0
Sor-CPnd_038-Ex1-2A-lcwgs-1-2-L3-clmp.fp2_repr.R1	1053.0	4484.0	7478.0	10618.0	13242.0	15266.0	16805.0	18449.0	19087.0	20376.0	19753.0	19090.0	19042.0	17893.0	17572.0	17850.0	17739.0	17190.0	17387.0	17419.0	17587.0	18377.0	18629.0	22992.0	357570.0
Sor-CPnd_038-Ex1-2A-lcwgs-1-2-L3-clmp.fp2_repr.R2	1028.0	4373.0	7391.0	10499.0	13141.0	15104.0	16698.0	18300.0	18918.0	20157.0	19645.0	19026.0	18960.0	17863.0	17405.0	17803.0	17629.0	17158.0	17309.0	17352.0	17595.0	18590.0	18802.0	37240.0	344962.0
Sor-CPnd_041-Ex1-7A-lcwgs-1-2-L2-clmp.fp2_repr.R1	2105.0	9332.0	15717.0	22854.0	28676.0	33616.0	37301.0	40991.0	43789.0	46582.0	48624.0	49600.0	50339.0	50421.0	50866.0	50127.0	50062.0	48742.0	46979.0	46036.0	44696.0	44332.0	43052.0	46554.0	448354.0
Sor-CPnd_041-Ex1-7A-lcwgs-1-2-L2-clmp.fp2_repr.R2	2120.0	9260.0	15722.0	22936.0	28666.0	33568.0	37326.0	41034.0	43861.0	46580.0	48783.0	49619.0	50352.0	50482.0	50897.0	50161.0	50076.0	48702.0	46984.0	46050.0	44666.0	44276.0	42968.0	58942.0	435716.0
Sor-CPnd_041-Ex1-7A-lcwgs-1-2-L3-clmp.fp2_repr.R1	2039.0	9273.0	15959.0	23141.0	28924.0	33763.0	37998.0	41354.0	44091.0	45952.0	48365.0	48685.0	50259.0	49590.0	50011.0	49773.0	49408.0	48040.0	46591.0	45339.0	43904.0	43237.0	42369.0	44947.0	432626.0
Sor-CPnd_041-Ex1-7A-lcwgs-1-2-L3-clmp.fp2_repr.R2	2060.0	9364.0	15986.0	23137.0	28873.0	33763.0	37966.0	41322.0	44099.0	45971.0	48403.0	48706.0	50292.0	49625.0	50047.0	49894.0	49478.0	48021.0	46581.0	45407.0	43976.0	43142.0	42207.0	56723.0	420595.0
Sor-CPnd_043-Ex1-1D-lcwgs-1-2-L2-clmp.fp2_repr.R1	2540.0	11134.0	18369.0	26080.0	32819.0	38192.0	42365.0	46547.0	49050.0	51963.0	53563.0	53619.0	53475.0	53854.0	53983.0	54001.0	53531.0	52511.0	52137.0	51373.0	51767.0	53304.0	54058.0	63201.0	877359.0
Sor-CPnd_043-Ex1-1D-lcwgs-1-2-L2-clmp.fp2_repr.R2	2693.0	11434.0	18529.0	26214.0	32953.0	38242.0	42375.0	46572.0	49157.0	52049.0	53598.0	53769.0	53667.0	54027.0	54015.0	54085.0	53603.0	52483.0	52207.0	51483.0	51732.0	53212.0	53924.0	95220.0	843552.0
Sor-CPnd_043-Ex1-1D-lcwgs-1-2-L3-clmp.fp2_repr.R1	2213.0	9698.0	15911.0	22962.0	29206.0	33656.0	37722.0	41164.0	43262.0	45554.0	46610.0	45619.0	45582.0	45185.0	44795.0	45225.0	44962.0	43973.0	42959.0	42682.0	42345.0	44066.0	43890.0	50242.0	702063.0
Sor-CPnd_043-Ex1-1D-lcwgs-1-2-L3-clmp.fp2_repr.R2	2308.0	9852.0	16178.0	23056.0	29344.0	33710.0	37771.0	41218.0	43351.0	45664.0	46683.0	45690.0	45684.0	45211.0	44792.0	45330.0	44941.0	44074.0	42993.0	42781.0	42313.0	43950.0	44020.0	73012.0	677620.0
Sor-CPnd_044-Ex1-8G-lcwgs-1-2-L2-clmp.fp2_repr.R1	3932.0	16956.0	25939.0	33522.0	38326.0	41046.0	42063.0	43435.0	44144.0	43744.0	41497.0	38193.0	36268.0	34057.0	32284.0	31523.0	30642.0	29646.0	27779.0	27380.0	26936.0	27224.0	27196.0	30569.0	388914.0
Sor-CPnd_044-Ex1-8G-lcwgs-1-2-L2-clmp.fp2_repr.R2	3996.0	17009.0	26021.0	33592.0	38431.0	41060.0	42129.0	43346.0	44028.0	43753.0	41512.0	38270.0	36367.0	34052.0	32357.0	31648.0	30646.0	29549.0	27731.0	27375.0	26903.0	27235.0	27255.0	43312.0	375638.0
Sor-CPnd_044-Ex1-8G-lcwgs-1-2-L3-clmp.fp2_repr.R1	3465.0	15490.0	23744.0	31156.0	35581.0	37756.0	38519.0	38868.0	38927.0	38321.0	35296.0	31809.0	29982.0	27628.0	26147.0	25321.0	24449.0	23444.0	22502.0	21814.0	21441.0	21314.0	21578.0	23888.0	299195.0
Sor-CPnd_044-Ex1-8G-lcwgs-1-2-L3-clmp.fp2_repr.R2	3463.0	15536.0	23732.0	31114.0	35666.0	37754.0	38454.0	38898.0	38903.0	38276.0	35297.0	31901.0	30063.0	27663.0	26115.0	25361.0	24490.0	23462.0	22464.0	21788.0	21458.0	21405.0	21646.0	33614.0	289112.0
Sor-CPnd_045-Ex1-7B-lcwgs-1-2-L2-clmp.fp2_repr.R1	3692.0	14727.0	21626.0	27940.0	31711.0	34342.0	35839.0	37001.0	38089.0	38518.0	38691.0	37216.0	37157.0	36766.0	36826.0	36549.0	36762.0	36092.0	35765.0	35960.0	36032.0	38019.0	38903.0	48066.0	793865.0
Sor-CPnd_045-Ex1-7B-lcwgs-1-2-L2-clmp.fp2_repr.R2	3811.0	14890.0	21738.0	28011.0	31799.0	34414.0	35897.0	37146.0	38094.0	38613.0	38895.0	37393.0	37323.0	36911.0	36939.0	36550.0	36887.0	36131.0	35688.0	35855.0	35969.0	38099.0	38941.0	74336.0	765824.0
Sor-CPnd_045-Ex1-7B-lcwgs-1-2-L3-clmp.fp2_repr.R1	2967.0	12230.0	18322.0	23642.0	27288.0	29328.0	30326.0	31219.0	31701.0	32326.0	31451.0	30872.0	30566.0	29945.0	29824.0	30068.0	29766.0	29541.0	28860.0	28590.0	29235.0	30482.0	31166.0	36933.0	617607.0
Sor-CPnd_045-Ex1-7B-lcwgs-1-2-L3-clmp.fp2_repr.R2	3004.0	12408.0	18431.0	23750.0	27387.0	29273.0	30363.0	31249.0	31718.0	32390.0	31608.0	30854.0	30638.0	30007.0	30005.0	30109.0	29818.0	29517.0	28880.0	28596.0	29210.0	30484.0	31232.0	56781.0	596543.0
Sor-CPnd_046-Ex1-5A-lcwgs-1-2-L2-clmp.fp2_repr.R1	1203.0	5778.0	9984.0	13224.0	15551.0	17178.0	18225.0	18589.0	18563.0	18475.0	16831.0	14365.0	12782.0	10968.0	9096.0	8200.0	7745.0	7434.0	7356.0	6837.0	6693.0	6719.0	6598.0	7331.0	82673.0
Sor-CPnd_046-Ex1-5A-lcwgs-1-2-L2-clmp.fp2_repr.R2	1189.0	5712.0	9930.0	13197.0	15480.0	17077.0	18214.0	18586.0	18535.0	18429.0	16731.0	14409.0	12779.0	10985.0	9070.0	8213.0	7703.0	7415.0	7342.0	6809.0	6709.0	6746.0	6609.0	10275.0	80254.0
Sor-CPnd_046-Ex1-5A-lcwgs-1-2-L3-clmp.fp2_repr.R1	989.0	4951.0	8361.0	11199.0	13093.0	14754.0	14938.0	15431.0	15559.0	15357.0	14243.0	12843.0	12038.0	11030.0	9838.0	9216.0	8889.0	8322.0	8168.0	7593.0	7491.0	7265.0	7262.0	7773.0	89237.0
Sor-CPnd_046-Ex1-5A-lcwgs-1-2-L3-clmp.fp2_repr.R2	1015.0	4944.0	8322.0	11099.0	13065.0	14722.0	14904.0	15335.0	15532.0	15354.0	14249.0	12851.0	12082.0	10987.0	9835.0	9274.0	8861.0	8326.0	8110.0	7616.0	7488.0	7247.0	7309.0	10925.0	86388.0
Sor-CPnd_049-Ex1-3B-lcwgs-1-2-L2-clmp.fp2_repr.R1	913.0	4040.0	6653.0	8909.0	10907.0	12685.0	13491.0	14306.0	15208.0	15668.0	15628.0	15055.0	15085.0	14437.0	14116.0	14037.0	13592.0	13004.0	12765.0	12358.0	12236.0	12339.0	12304.0	13887.0	183750.0
Sor-CPnd_049-Ex1-3B-lcwgs-1-2-L2-clmp.fp2_repr.R2	887.0	3967.0	6614.0	8930.0	10965.0	12657.0	13506.0	14281.0	15216.0	15706.0	15679.0	15112.0	15115.0	14449.0	14145.0	14094.0	13591.0	12978.0	12761.0	12411.0	12213.0	12334.0	12223.0	20305.0	177234.0
Sor-CPnd_049-Ex1-3B-lcwgs-1-2-L3-clmp.fp2_repr.R1	760.0	3348.0	5618.0	7565.0	9561.0	10455.0	11508.0	12053.0	12507.0	12922.0	12644.0	12260.0	12226.0	11519.0	11253.0	11115.0	10815.0	10285.0	10147.0	9856.0	9591.0	9771.0	9627.0	10726.0	140858.0
Sor-CPnd_049-Ex1-3B-lcwgs-1-2-L3-clmp.fp2_repr.R2	772.0	3383.0	5610.0	7594.0	9549.0	10422.0	11451.0	12071.0	12501.0	12931.0	12692.0	12246.0	12284.0	11560.0	11277.0	11117.0	10783.0	10261.0	10177.0	9813.0	9655.0	9858.0	9654.0	15479.0	135850.0
Sor-CPnd_050-Ex1-3F-lcwgs-1-2-L2-clmp.fp2_repr.R1	4023.0	16747.0	26811.0	35368.0	42533.0	48043.0	51819.0	55787.0	58194.0	61585.0	61652.0	58708.0	56661.0	52919.0	49891.0	48850.0	47572.0	46202.0	44641.0	43873.0	43802.0	44163.0	44132.0	50220.0	638468.0
Sor-CPnd_050-Ex1-3F-lcwgs-1-2-L2-clmp.fp2_repr.R2	4055.0	16810.0	26769.0	35341.0	42518.0	47986.0	51773.0	55665.0	58033.0	61657.0	61578.0	58771.0	56720.0	52826.0	49893.0	48873.0	47556.0	46100.0	44747.0	43936.0	43760.0	44218.0	44142.0	72538.0	616399.0
Sor-CPnd_050-Ex1-3F-lcwgs-1-2-L3-clmp.fp2_repr.R1	3682.0	15705.0	25225.0	34507.0	41600.0	46404.0	49936.0	53803.0	56529.0	58308.0	57030.0	51431.0	48390.0	43526.0	40030.0	38845.0	37184.0	36372.0	35415.0	34468.0	34704.0	35035.0	34645.0	38189.0	490728.0
Sor-CPnd_050-Ex1-3F-lcwgs-1-2-L3-clmp.fp2_repr.R2	3735.0	15689.0	25095.0	34403.0	41590.0	46240.0	49819.0	53687.0	56541.0	58357.0	56855.0	51350.0	48522.0	43566.0	39977.0	38718.0	37223.0	36359.0	35310.0	34487.0	34718.0	35208.0	34492.0	55365.0	474385.0
Sor-CPnd_052-Ex1-6D-lcwgs-1-2-L2-clmp.fp2_repr.R1	2739.0	12090.0	19250.0	25344.0	29659.0	32394.0	33536.0	34780.0	35287.0	35492.0	34819.0	32983.0	32105.0	30624.0	29125.0	28214.0	26971.0	25566.0	24217.0	23015.0	22237.0	21524.0	21385.0	22529.0	227863.0
Sor-CPnd_052-Ex1-6D-lcwgs-1-2-L2-clmp.fp2_repr.R2	2725.0	12094.0	19253.0	25327.0	29673.0	32439.0	33498.0	34678.0	35393.0	35531.0	34881.0	33021.0	32100.0	30686.0	29178.0	28249.0	26937.0	25543.0	24213.0	23051.0	22250.0	21505.0	21286.0	29776.0	220461.0
Sor-CPnd_052-Ex1-6D-lcwgs-1-2-L3-clmp.fp2_repr.R1	2465.0	11058.0	18044.0	23791.0	27563.0	30099.0	30846.0	31635.0	32073.0	32022.0	30489.0	28612.0	27230.0	26343.0	25160.0	23836.0	22257.0	21326.0	20541.0	19273.0	18489.0	18299.0	17624.0	18047.0	182991.0
Sor-CPnd_052-Ex1-6D-lcwgs-1-2-L3-clmp.fp2_repr.R2	2443.0	11083.0	17995.0	23785.0	27499.0	30081.0	30897.0	31664.0	32063.0	32029.0	30600.0	28611.0	27216.0	26353.0	25191.0	23853.0	22217.0	21359.0	20485.0	19305.0	18570.0	18283.0	17636.0	23195.0	177700.0
Sor-CPnd_053-Ex1-2C-lcwgs-1-2-L2-clmp.fp2_repr.R1	1482.0	5979.0	10160.0	13870.0	16461.0	17610.0	19047.0	20294.0	20756.0	21623.0	19344.0	17111.0	16615.0	14952.0	13822.0	13580.0	13344.0	12819.0	12743.0	12640.0	13087.0	13642.0	13527.0	16721.0	238474.0
Sor-CPnd_053-Ex1-2C-lcwgs-1-2-L2-clmp.fp2_repr.R2	1449.0	5956.0	9983.0	13787.0	16353.0	17449.0	18892.0	20110.0	20575.0	21536.0	19237.0	16991.0	16541.0	14870.0	13783.0	13522.0	13283.0	12782.0	12618.0	12677.0	13104.0	13635.0	13532.0	26133.0	230905.0
Sor-CPnd_053-Ex1-2C-lcwgs-1-2-L3-clmp.fp2_repr.R1	1532.0	6398.0	10504.0	14224.0	16958.0	18273.0	19806.0	20672.0	21237.0	21841.0	20560.0	19543.0	19056.0	17870.0	17119.0	17122.0	16882.0	16376.0	16185.0	16298.0	16494.0	16558.0	16864.0	19668.0	282528.0
Sor-CPnd_053-Ex1-2C-lcwgs-1-2-L3-clmp.fp2_repr.R2	1491.0	6393.0	10477.0	14149.0	16811.0	18150.0	19703.0	20530.0	21141.0	21789.0	20462.0	19478.0	19021.0	17816.0	17197.0	17125.0	16840.0	16385.0	16168.0	16258.0	16510.0	16740.0	16981.0	30591.0	272362.0
Sor-CPnd_054-Ex1-8F-lcwgs-1-2-L2-clmp.fp2_repr.R1	2158.0	8848.0	13237.0	16066.0	17479.0	17804.0	18276.0	18490.0	18529.0	18363.0	18245.0	17002.0	15941.0	14098.0	12642.0	11925.0	11199.0	10515.0	9818.0	9559.0	9289.0	9184.0	9036.0	10174.0	114254.0
Sor-CPnd_054-Ex1-8F-lcwgs-1-2-L2-clmp.fp2_repr.R2	2166.0	8947.0	13213.0	16028.0	17431.0	17817.0	18278.0	18523.0	18490.0	18348.0	18267.0	17013.0	15933.0	14087.0	12681.0	11919.0	11176.0	10487.0	9795.0	9568.0	9253.0	9223.0	9057.0	15582.0	108849.0
Sor-CPnd_054-Ex1-8F-lcwgs-1-2-L3-clmp.fp2_repr.R1	2165.0	8818.0	12809.0	15910.0	17083.0	17399.0	17775.0	17952.0	18115.0	18042.0	17524.0	16043.0	14375.0	12037.0	10193.0	9253.0	8697.0	7999.0	7595.0	7463.0	7202.0	7334.0	6860.0	7476.0	85397.0
Sor-CPnd_054-Ex1-8F-lcwgs-1-2-L3-clmp.fp2_repr.R2	2168.0	8787.0	12836.0	15969.0	17052.0	17379.0	17751.0	17942.0	18111.0	18037.0	17525.0	15987.0	14421.0	12039.0	10198.0	9214.0	8626.0	8011.0	7650.0	7449.0	7214.0	7364.0	6946.0	11464.0	81376.0
Sor-CPnd_055-Ex1-7G-lcwgs-1-2-L2-clmp.fp2_repr.R1	4567.0	18709.0	29018.0	36758.0	42216.0	44958.0	46133.0	47005.0	47111.0	47000.0	45083.0	42310.0	41068.0	39280.0	37801.0	37213.0	35806.0	33857.0	32281.0	30862.0	30264.0	29980.0	29052.0	31189.0	335681.0
Sor-CPnd_055-Ex1-7G-lcwgs-1-2-L2-clmp.fp2_repr.R2	4540.0	18787.0	29067.0	36818.0	42234.0	44957.0	46120.0	47056.0	47101.0	47060.0	45210.0	42348.0	41057.0	39410.0	37886.0	37225.0	35809.0	33919.0	32299.0	30872.0	30275.0	29972.0	29047.0	40658.0	325475.0
Sor-CPnd_055-Ex1-7G-lcwgs-1-2-L3-clmp.fp2_repr.R1	3831.0	16083.0	24454.0	31901.0	37220.0	39323.0	40203.0	40591.0	40207.0	39897.0	38084.0	35686.0	33892.0	32116.0	31088.0	30223.0	28621.0	27420.0	26389.0	25041.0	24302.0	24190.0	23526.0	24536.0	264396.0
Sor-CPnd_055-Ex1-7G-lcwgs-1-2-L3-clmp.fp2_repr.R2	3872.0	16044.0	24446.0	32020.0	37209.0	39331.0	40187.0	40557.0	40236.0	39875.0	38084.0	35739.0	33862.0	32239.0	31190.0	30222.0	28698.0	27450.0	26353.0	25078.0	24305.0	24106.0	23574.0	31869.0	256674.0
Sor-CPnd_058-Ex1-2G-lcwgs-1-2-L2-clmp.fp2_repr.R1	1114.0	5007.0	8593.0	12200.0	15036.0	17004.0	18927.0	20110.0	21375.0	22024.0	20515.0	18506.0	17196.0	14980.0	13880.0	13197.0	12799.0	12064.0	11601.0	10920.0	10971.0	10839.0	10506.0	11284.0	112446.0
Sor-CPnd_058-Ex1-2G-lcwgs-1-2-L2-clmp.fp2_repr.R2	1095.0	4909.0	8500.0	12110.0	14938.0	16822.0	18822.0	19975.0	21296.0	21995.0	20479.0	18486.0	17171.0	14989.0	13853.0	13224.0	12866.0	12033.0	11640.0	10918.0	11017.0	10919.0	10695.0	14837.0	109505.0
Sor-CPnd_058-Ex1-2G-lcwgs-1-2-L3-clmp.fp2_repr.R1	1173.0	5220.0	9057.0	12604.0	15648.0	17895.0	19592.0	21164.0	22560.0	23486.0	22355.0	20547.0	20276.0	18737.0	17517.0	17076.0	16161.0	15431.0	14511.0	14251.0	13412.0	13556.0	12943.0	13487.0	133046.0
Sor-CPnd_058-Ex1-2G-lcwgs-1-2-L3-clmp.fp2_repr.R2	1116.0	5120.0	8953.0	12546.0	15588.0	17884.0	19574.0	21031.0	22486.0	23428.0	22321.0	20619.0	20266.0	18735.0	17552.0	17076.0	16159.0	15456.0	14529.0	14235.0	13475.0	13614.0	12918.0	17814.0	129210.0
Sor-CPnd_063-Ex1-7D-lcwgs-1-2-L2-clmp.fp2_repr.R1	3413.0	14675.0	22548.0	30295.0	35079.0	38213.0	39517.0	40987.0	41548.0	42008.0	41644.0	39900.0	38872.0	37409.0	36595.0	35839.0	34450.0	32802.0	31347.0	30314.0	29400.0	29423.0	28803.0	31317.0	354986.0
Sor-CPnd_063-Ex1-7D-lcwgs-1-2-L2-clmp.fp2_repr.R2	3409.0	14714.0	22484.0	30283.0	35115.0	38206.0	39548.0	41001.0	41653.0	41963.0	41602.0	40077.0	38997.0	37397.0	36580.0	35834.0	34460.0	32821.0	31395.0	30374.0	29429.0	29401.0	28792.0	43157.0	342692.0
Sor-CPnd_063-Ex1-7D-lcwgs-1-2-L3-clmp.fp2_repr.R1	2958.0	12602.0	19969.0	26200.0	31021.0	33826.0	35218.0	36385.0	36897.0	37024.0	36060.0	34091.0	32863.0	31211.0	30488.0	29555.0	28761.0	26955.0	25741.0	24919.0	24337.0	23673.0	23528.0	25171.0	285456.0
Sor-CPnd_063-Ex1-7D-lcwgs-1-2-L3-clmp.fp2_repr.R2	2995.0	12638.0	19992.0	26147.0	31081.0	33821.0	35174.0	36406.0	36943.0	36979.0	36030.0	34127.0	32945.0	31326.0	30437.0	29556.0	28802.0	27001.0	25746.0	24990.0	24350.0	23745.0	23387.0	33820.0	276471.0
Sor-CPnd_066-Ex1-8B-lcwgs-1-2-L2-clmp.fp2_repr.R1	2223.0	9348.0	13816.0	18230.0	20640.0	21808.0	22764.0	23266.0	23690.0	23697.0	23318.0	22162.0	21444.0	20194.0	19753.0	19311.0	18854.0	18241.0	18111.0	17938.0	17921.0	18737.0	19244.0	23040.0	369775.0
Sor-CPnd_066-Ex1-8B-lcwgs-1-2-L2-clmp.fp2_repr.R2	2276.0	9472.0	13859.0	18223.0	20655.0	21795.0	22767.0	23179.0	23603.0	23874.0	23343.0	22186.0	21492.0	20202.0	19820.0	19381.0	18913.0	18152.0	18154.0	18054.0	17899.0	18676.0	19235.0	36817.0	355498.0
Sor-CPnd_066-Ex1-8B-lcwgs-1-2-L3-clmp.fp2_repr.R1	1884.0	7828.0	11981.0	15788.0	17993.0	19062.0	19311.0	19476.0	19767.0	19926.0	19099.0	17847.0	17534.0	15861.0	15448.0	15025.0	14700.0	14360.0	14076.0	13836.0	13832.0	14407.0	14633.0	17062.0	277273.0
Sor-CPnd_066-Ex1-8B-lcwgs-1-2-L3-clmp.fp2_repr.R2	1945.0	7888.0	11981.0	15848.0	17979.0	19035.0	19305.0	19471.0	19863.0	19959.0	19072.0	17851.0	17591.0	15886.0	15384.0	14964.0	14692.0	14428.0	14102.0	13878.0	13876.0	14314.0	14684.0	27244.0	266769.0
Sor-CPnd_069-Ex1-6B-lcwgs-1-2-L2-clmp.fp2_repr.R1	2472.0	10233.0	15537.0	19326.0	21606.0	22723.0	23088.0	23638.0	24054.0	24568.0	24386.0	23856.0	23441.0	23214.0	22816.0	22690.0	22445.0	21989.0	21604.0	21652.0	21704.0	22793.0	22822.0	28159.0	455005.0
Sor-CPnd_069-Ex1-6B-lcwgs-1-2-L2-clmp.fp2_repr.R2	2547.0	10234.0	15558.0	19342.0	21670.0	22710.0	23001.0	23631.0	24123.0	24569.0	24421.0	23915.0	23605.0	23254.0	23021.0	22775.0	22452.0	21983.0	21612.0	21692.0	21699.0	22849.0	22874.0	42686.0	439598.0
Sor-CPnd_069-Ex1-6B-lcwgs-1-2-L3-clmp.fp2_repr.R1	2156.0	8868.0	13326.0	17315.0	19067.0	19851.0	19629.0	20090.0	20535.0	20282.0	19973.0	19176.0	19200.0	18770.0	18625.0	18459.0	18451.0	18020.0	17876.0	17386.0	17341.0	18106.0	18268.0	21917.0	354545.0
Sor-CPnd_069-Ex1-6B-lcwgs-1-2-L3-clmp.fp2_repr.R2	2173.0	8833.0	13383.0	17305.0	19064.0	19910.0	19676.0	20076.0	20534.0	20296.0	20042.0	19262.0	19251.0	18825.0	18655.0	18532.0	18430.0	18077.0	17905.0	17425.0	17436.0	18202.0	18287.0	33166.0	342487.0
Sor-CPnd_072-Ex1-8C-lcwgs-1-2-L2-clmp.fp2_repr.R1	6105.0	22138.0	30404.0	36916.0	40477.0	42139.0	43651.0	45220.0	46545.0	47291.0	48130.0	46950.0	46629.0	44003.0	43374.0	43045.0	42494.0	42251.0	42471.0	42817.0	44365.0	47930.0	49772.0	67304.0	1264177.0
Sor-CPnd_072-Ex1-8C-lcwgs-1-2-L2-clmp.fp2_repr.R2	6342.0	22456.0	30703.0	37101.0	40604.0	42264.0	43679.0	45149.0	46621.0	47433.0	48185.0	47096.0	46805.0	44021.0	43428.0	43089.0	42625.0	42176.0	42468.0	42742.0	44340.0	47957.0	49746.0	121196.0	1208372.0
Sor-CPnd_072-Ex1-8C-lcwgs-1-2-L3-clmp.fp2_repr.R1	5176.0	19086.0	26584.0	31854.0	35143.0	36728.0	37481.0	38560.0	39931.0	40489.0	39984.0	38398.0	37637.0	35101.0	34130.0	33242.0	32816.0	32228.0	32784.0	32885.0	33962.0	36438.0	37890.0	48798.0	932035.0
Sor-CPnd_072-Ex1-8C-lcwgs-1-2-L3-clmp.fp2_repr.R2	5292.0	19397.0	26737.0	31918.0	35246.0	36731.0	37414.0	38571.0	39907.0	40438.0	39991.0	38378.0	37779.0	35144.0	34137.0	33270.0	32821.0	32209.0	32825.0	32915.0	33909.0	36347.0	37899.0	86194.0	893891.0
Undetermined-L2-clmp.fp2_repr.R1	364562.0	1489004.0	2204570.0	2840473.0	3317689.0	3627549.0	3864059.0	4106112.0	4295324.0	4448561.0	4654598.0	4741436.0	4860047.0	4988880.0	5107480.0	5227333.0	5275043.0	5235951.0	5226741.0	5210046.0	5246799.0	5404784.0	5453636.0	6473998.0	80188030.0
Undetermined-L2-clmp.fp2_repr.R2	377147.0	1510528.0	2217533.0	2853351.0	3332667.0	3635434.0	3876629.0	4118398.0	4309018.0	4465345.0	4671024.0	4756101.0	4874885.0	5002441.0	5120028.0	5239651.0	5283715.0	5242479.0	5234527.0	5217741.0	5255239.0	5413682.0	5447026.0	9612228.0	76785888.0
Undetermined-L3-clmp.fp2_repr.R1	360038.0	1473151.0	2183050.0	2811019.0	3273287.0	3582563.0	3821283.0	4054811.0	4231975.0	4393518.0	4592919.0	4674158.0	4776326.0	4885232.0	5002565.0	5121891.0	5160755.0	5113895.0	5095228.0	5070646.0	5104182.0	5239026.0	5282121.0	6081909.0	76755643.0
Undetermined-L3-clmp.fp2_repr.R2	372226.0	1493892.0	2195355.0	2823284.0	3289157.0	3590484.0	3831713.0	4065742.0	4247163.0	4409472.0	4609477.0	4689596.0	4793388.0	4901376.0	5019641.0	5137809.0	5173765.0	5123512.0	5105315.0	5080632.0	5114229.0	5247804.0	5279316.0	8793100.0	73753743.0
