	23.0	24.0	25.0	26.0	27.0	28.0	29.0	30.0	31.0	32.0	33.0	34.0	35.0	36.0	37.0	38.0	39.0	40.0
Sor-ACeb_001-Ex1-8E-lcwgs-1-2-L2-clmp.fp2_repr.R1	2.0	5.0	21.0	84.0	166.0	267.0	362.0	545.0	690.0	1021.0	1415.0	2048.0	3023.0	4714.0	8119.0	20760.0	239539.0	422113.0
	23.0	24.0	25.0	26.0	27.0	28.0	29.0	30.0	31.0	32.0	33.0	34.0	35.0	36.0	37.0	38.0	39.0	40.0
Sor-ACeb_001-Ex1-8E-lcwgs-1-2-L2-clmp.fp2_repr.R2	3.0	14.0	40.0	84.0	133.0	206.0	302.0	405.0	576.0	868.0	1298.0	1816.0	2621.0	4078.0	6613.0	14503.0	129950.0	541384.0
	24.0	25.0	26.0	27.0	28.0	29.0	30.0	31.0	32.0	33.0	34.0	35.0	36.0	37.0	38.0	39.0	40.0
Sor-ACeb_001-Ex1-8E-lcwgs-1-2-L3-clmp.fp2_repr.R1	4.0	17.0	58.0	173.0	227.0	346.0	462.0	623.0	935.0	1299.0	1797.0	2595.0	4303.0	7624.0	20216.0	211121.0	379702.0
	23.0	24.0	25.0	26.0	27.0	28.0	29.0	30.0	31.0	32.0	33.0	34.0	35.0	36.0	37.0	38.0	39.0	40.0
Sor-ACeb_001-Ex1-8E-lcwgs-1-2-L3-clmp.fp2_repr.R2	1.0	9.0	26.0	69.0	112.0	170.0	239.0	343.0	486.0	759.0	1115.0	1609.0	2296.0	3678.0	5876.0	13124.0	115098.0	486492.0
	24.0	25.0	26.0	27.0	28.0	29.0	30.0	31.0	32.0	33.0	34.0	35.0	36.0	37.0	38.0	39.0	40.0
Sor-ACeb_002-Ex1-9E-lcwgs-1-2-L2-clmp.fp2_repr.R1	2.0	5.0	16.0	27.0	58.0	61.0	81.0	96.0	144.0	190.0	284.0	380.0	547.0	941.0	2412.0	29758.0	59227.0
	23.0	24.0	25.0	26.0	27.0	28.0	29.0	30.0	31.0	32.0	33.0	34.0	35.0	36.0	37.0	38.0	39.0	40.0
Sor-ACeb_002-Ex1-9E-lcwgs-1-2-L2-clmp.fp2_repr.R2	3.0	3.0	10.0	17.0	24.0	36.0	47.0	50.0	70.0	111.0	158.0	211.0	300.0	426.0	636.0	1424.0	14879.0	75824.0
	25.0	26.0	27.0	28.0	29.0	30.0	31.0	32.0	33.0	34.0	35.0	36.0	37.0	38.0	39.0	40.0
Sor-ACeb_002-Ex1-9E-lcwgs-1-2-L3-clmp.fp2_repr.R1	3.0	16.0	19.0	44.0	53.0	72.0	93.0	140.0	156.0	248.0	351.0	597.0	1032.0	2893.0	32303.0	60208.0
	25.0	26.0	27.0	28.0	29.0	30.0	31.0	32.0	33.0	34.0	35.0	36.0	37.0	38.0	39.0	40.0
Sor-ACeb_002-Ex1-9E-lcwgs-1-2-L3-clmp.fp2_repr.R2	2.0	10.0	17.0	34.0	31.0	56.0	62.0	85.0	129.0	199.0	276.0	443.0	673.0	1574.0	16937.0	77700.0
	24.0	25.0	26.0	27.0	28.0	29.0	30.0	31.0	32.0	33.0	34.0	35.0	36.0	37.0	38.0	39.0	40.0
Sor-ACeb_003-Ex1-10E-lcwgs-1-2-L2-clmp.fp2_repr.R1	1.0	8.0	24.0	63.0	107.0	150.0	194.0	264.0	348.0	431.0	673.0	880.0	1463.0	2764.0	8952.0	102359.0	168435.0
	24.0	25.0	26.0	27.0	28.0	29.0	30.0	31.0	32.0	33.0	34.0	35.0	36.0	37.0	38.0	39.0	40.0
Sor-ACeb_003-Ex1-10E-lcwgs-1-2-L2-clmp.fp2_repr.R2	2.0	14.0	20.0	39.0	56.0	102.0	122.0	174.0	243.0	334.0	432.0	577.0	990.0	1528.0	3806.0	39355.0	239322.0
	24.0	25.0	26.0	27.0	28.0	29.0	30.0	31.0	32.0	33.0	34.0	35.0	36.0	37.0	38.0	39.0	40.0
Sor-ACeb_003-Ex1-10E-lcwgs-1-2-L3-clmp.fp2_repr.R1	2.0	7.0	24.0	59.0	127.0	156.0	222.0	271.0	350.0	460.0	632.0	877.0	1504.0	2823.0	9550.0	97404.0	165550.0
	24.0	25.0	26.0	27.0	28.0	29.0	30.0	31.0	32.0	33.0	34.0	35.0	36.0	37.0	38.0	39.0	40.0
Sor-ACeb_003-Ex1-10E-lcwgs-1-2-L3-clmp.fp2_repr.R2	5.0	12.0	21.0	39.0	75.0	91.0	122.0	184.0	200.0	310.0	432.0	590.0	909.0	1491.0	3932.0	40079.0	231526.0
	23.0	24.0	25.0	26.0	27.0	28.0	29.0	30.0	31.0	32.0	33.0	34.0	35.0	36.0	37.0	38.0	39.0	40.0
Sor-ACeb_004-Ex1-11E-lcwgs-1-2-L2-clmp.fp2_repr.R1	1.0	4.0	12.0	27.0	69.0	111.0	142.0	206.0	231.0	292.0	379.0	487.0	734.0	1169.0	2053.0	5772.0	66212.0	139741.0
	23.0	24.0	25.0	26.0	27.0	28.0	29.0	30.0	31.0	32.0	33.0	34.0	35.0	36.0	37.0	38.0	39.0	40.0
Sor-ACeb_004-Ex1-11E-lcwgs-1-2-L2-clmp.fp2_repr.R2	1.0	5.0	16.0	27.0	50.0	77.0	78.0	120.0	146.0	190.0	248.0	364.0	527.0	778.0	1124.0	2638.0	26931.0	184322.0
	25.0	26.0	27.0	28.0	29.0	30.0	31.0	32.0	33.0	34.0	35.0	36.0	37.0	38.0	39.0	40.0
Sor-ACeb_004-Ex1-11E-lcwgs-1-2-L3-clmp.fp2_repr.R1	8.0	32.0	73.0	118.0	135.0	180.0	185.0	266.0	326.0	455.0	652.0	1073.0	1807.0	5446.0	57970.0	125701.0
	24.0	25.0	26.0	27.0	28.0	29.0	30.0	31.0	32.0	33.0	34.0	35.0	36.0	37.0	38.0	39.0	40.0
Sor-ACeb_004-Ex1-11E-lcwgs-1-2-L3-clmp.fp2_repr.R2	4.0	12.0	15.0	26.0	42.0	68.0	96.0	132.0	178.0	226.0	325.0	416.0	632.0	1010.0	2357.0	24123.0	164765.0
	25.0	26.0	27.0	28.0	29.0	30.0	31.0	32.0	33.0	34.0	35.0	36.0	37.0	38.0	39.0	40.0
Sor-ACeb_005-Ex1-12E-lcwgs-1-2-L2-clmp.fp2_repr.R1	3.0	9.0	16.0	23.0	26.0	34.0	33.0	60.0	89.0	131.0	155.0	292.0	460.0	1083.0	11358.0	20465.0
	25.0	26.0	27.0	28.0	29.0	30.0	31.0	32.0	33.0	34.0	35.0	36.0	37.0	38.0	39.0	40.0
Sor-ACeb_005-Ex1-12E-lcwgs-1-2-L2-clmp.fp2_repr.R2	7.0	1.0	8.0	8.0	18.0	29.0	31.0	46.0	58.0	91.0	147.0	241.0	344.0	683.0	6374.0	26151.0
	24.0	25.0	26.0	27.0	28.0	29.0	30.0	31.0	32.0	33.0	34.0	35.0	36.0	37.0	38.0	39.0	40.0
Sor-ACeb_005-Ex1-12E-lcwgs-1-2-L3-clmp.fp2_repr.R1	1.0	4.0	10.0	12.0	28.0	29.0	41.0	54.0	85.0	108.0	111.0	159.0	300.0	494.0	1298.0	12557.0	21283.0
	23.0	24.0	25.0	26.0	27.0	28.0	29.0	30.0	31.0	32.0	33.0	34.0	35.0	36.0	37.0	38.0	39.0	40.0
Sor-ACeb_005-Ex1-12E-lcwgs-1-2-L3-clmp.fp2_repr.R2	1.0	2.0	6.0	8.0	8.0	13.0	13.0	31.0	45.0	50.0	70.0	91.0	140.0	222.0	354.0	785.0	7496.0	27239.0
	25.0	26.0	27.0	28.0	29.0	30.0	31.0	32.0	33.0	34.0	35.0	36.0	37.0	38.0	39.0	40.0
Sor-ACeb_006-Ex1-1F-lcwgs-1-2-L2-clmp.fp2_repr.R1	2.0	3.0	12.0	22.0	30.0	34.0	40.0	58.0	90.0	121.0	153.0	273.0	489.0	1238.0	11434.0	21054.0
	24.0	25.0	26.0	27.0	28.0	29.0	30.0	31.0	32.0	33.0	34.0	35.0	36.0	37.0	38.0	39.0	40.0
Sor-ACeb_006-Ex1-1F-lcwgs-1-2-L2-clmp.fp2_repr.R2	1.0	3.0	8.0	13.0	15.0	23.0	35.0	39.0	59.0	69.0	87.0	163.0	233.0	330.0	883.0	7408.0	25684.0
	25.0	26.0	27.0	28.0	29.0	30.0	31.0	32.0	33.0	34.0	35.0	36.0	37.0	38.0	39.0	40.0
Sor-ACeb_006-Ex1-1F-lcwgs-1-2-L3-clmp.fp2_repr.R1	2.0	10.0	10.0	21.0	32.0	33.0	41.0	58.0	66.0	84.0	149.0	250.0	404.0	1075.0	9354.0	17607.0
	25.0	26.0	27.0	28.0	29.0	30.0	31.0	32.0	33.0	34.0	35.0	36.0	37.0	38.0	39.0	40.0
Sor-ACeb_006-Ex1-1F-lcwgs-1-2-L3-clmp.fp2_repr.R2	1.0	5.0	8.0	12.0	16.0	32.0	26.0	41.0	62.0	78.0	138.0	170.0	288.0	703.0	6350.0	21266.0
	26.0	27.0	28.0	29.0	30.0	31.0	32.0	33.0	34.0	35.0	36.0	37.0	38.0	39.0	40.0
Sor-ACeb_007-Ex1-2F-lcwgs-1-2-L2-clmp.fp2_repr.R1	9.0	9.0	16.0	15.0	27.0	36.0	47.0	45.0	63.0	99.0	150.0	258.0	587.0	4548.0	7727.0
	23.0	24.0	25.0	26.0	27.0	28.0	29.0	30.0	31.0	32.0	33.0	34.0	35.0	36.0	37.0	38.0	39.0	40.0
Sor-ACeb_007-Ex1-2F-lcwgs-1-2-L2-clmp.fp2_repr.R2	1.0	0.0	1.0	2.0	4.0	4.0	8.0	12.0	16.0	33.0	40.0	66.0	68.0	110.0	176.0	383.0	2588.0	10124.0
	25.0	26.0	27.0	28.0	29.0	30.0	31.0	32.0	33.0	34.0	35.0	36.0	37.0	38.0	39.0	40.0
Sor-ACeb_007-Ex1-2F-lcwgs-1-2-L3-clmp.fp2_repr.R1	1.0	2.0	7.0	11.0	24.0	34.0	22.0	42.0	59.0	71.0	83.0	158.0	275.0	727.0	5185.0	8195.0
	24.0	25.0	26.0	27.0	28.0	29.0	30.0	31.0	32.0	33.0	34.0	35.0	36.0	37.0	38.0	39.0	40.0
Sor-ACeb_007-Ex1-2F-lcwgs-1-2-L3-clmp.fp2_repr.R2	2.0	2.0	3.0	10.0	9.0	9.0	9.0	20.0	34.0	37.0	58.0	63.0	120.0	173.0	395.0	3097.0	10855.0
	24.0	25.0	26.0	27.0	28.0	29.0	30.0	31.0	32.0	33.0	34.0	35.0	36.0	37.0	38.0	39.0	40.0
Sor-ACeb_008-Ex1-3F-lcwgs-1-2-L2-clmp.fp2_repr.R1	1.0	1.0	8.0	18.0	22.0	27.0	42.0	46.0	56.0	94.0	125.0	168.0	308.0	510.0	1276.0	13346.0	27167.0
	23.0	24.0	25.0	26.0	27.0	28.0	29.0	30.0	31.0	32.0	33.0	34.0	35.0	36.0	37.0	38.0	39.0	40.0
Sor-ACeb_008-Ex1-3F-lcwgs-1-2-L2-clmp.fp2_repr.R2	1.0	1.0	1.0	6.0	4.0	12.0	23.0	21.0	32.0	57.0	65.0	116.0	142.0	216.0	374.0	809.0	7116.0	34219.0
	25.0	26.0	27.0	28.0	29.0	30.0	31.0	32.0	33.0	34.0	35.0	36.0	37.0	38.0	39.0	40.0
Sor-ACeb_008-Ex1-3F-lcwgs-1-2-L3-clmp.fp2_repr.R1	2.0	6.0	11.0	19.0	27.0	39.0	45.0	69.0	72.0	118.0	149.0	223.0	447.0	1273.0	11207.0	23045.0
	23.0	24.0	25.0	26.0	27.0	28.0	29.0	30.0	31.0	32.0	33.0	34.0	35.0	36.0	37.0	38.0	39.0	40.0
Sor-ACeb_008-Ex1-3F-lcwgs-1-2-L3-clmp.fp2_repr.R2	1.0	1.0	2.0	4.0	5.0	23.0	14.0	19.0	24.0	51.0	38.0	90.0	116.0	200.0	295.0	709.0	6322.0	28838.0
	26.0	27.0	28.0	29.0	30.0	31.0	32.0	33.0	34.0	35.0	36.0	37.0	38.0	39.0	40.0
Sor-ACeb_009-Ex1-4F-lcwgs-1-2-L2-clmp.fp2_repr.R1	2.0	2.0	9.0	10.0	9.0	9.0	17.0	19.0	30.0	44.0	69.0	110.0	364.0	3833.0	8621.0
	26.0	27.0	28.0	29.0	30.0	31.0	32.0	33.0	34.0	35.0	36.0	37.0	38.0	39.0	40.0
Sor-ACeb_009-Ex1-4F-lcwgs-1-2-L2-clmp.fp2_repr.R2	2.0	4.0	4.0	5.0	7.0	10.0	9.0	14.0	12.0	27.0	42.0	60.0	186.0	1798.0	10968.0
	26.0	27.0	28.0	29.0	30.0	31.0	32.0	33.0	34.0	35.0	36.0	37.0	38.0	39.0	40.0
Sor-ACeb_009-Ex1-4F-lcwgs-1-2-L3-clmp.fp2_repr.R1	1.0	3.0	4.0	5.0	3.0	8.0	17.0	13.0	26.0	45.0	61.0	95.0	310.0	3144.0	7085.0
	26.0	27.0	28.0	29.0	30.0	31.0	32.0	33.0	34.0	35.0	36.0	37.0	38.0	39.0	40.0
Sor-ACeb_009-Ex1-4F-lcwgs-1-2-L3-clmp.fp2_repr.R2	1.0	2.0	1.0	1.0	5.0	5.0	9.0	12.0	25.0	30.0	34.0	68.0	139.0	1458.0	9030.0
	25.0	26.0	27.0	28.0	29.0	30.0	31.0	32.0	33.0	34.0	35.0	36.0	37.0	38.0	39.0	40.0
Sor-ACeb_010-Ex1-5F-lcwgs-1-2-L2-clmp.fp2_repr.R1	1.0	7.0	13.0	26.0	46.0	52.0	59.0	95.0	106.0	159.0	188.0	331.0	560.0	1497.0	17109.0	37358.0
	24.0	25.0	26.0	27.0	28.0	29.0	30.0	31.0	32.0	33.0	34.0	35.0	36.0	37.0	38.0	39.0	40.0
Sor-ACeb_010-Ex1-5F-lcwgs-1-2-L2-clmp.fp2_repr.R2	1.0	3.0	8.0	9.0	16.0	26.0	33.0	52.0	63.0	75.0	95.0	177.0	231.0	369.0	832.0	8088.0	47529.0
	24.0	25.0	26.0	27.0	28.0	29.0	30.0	31.0	32.0	33.0	34.0	35.0	36.0	37.0	38.0	39.0	40.0
Sor-ACeb_010-Ex1-5F-lcwgs-1-2-L3-clmp.fp2_repr.R1	1.0	3.0	9.0	18.0	24.0	44.0	51.0	58.0	64.0	92.0	135.0	176.0	336.0	555.0	1557.0	16100.0	33016.0
	24.0	25.0	26.0	27.0	28.0	29.0	30.0	31.0	32.0	33.0	34.0	35.0	36.0	37.0	38.0	39.0	40.0
Sor-ACeb_010-Ex1-5F-lcwgs-1-2-L3-clmp.fp2_repr.R2	2.0	2.0	6.0	19.0	15.0	30.0	21.0	50.0	50.0	62.0	97.0	132.0	224.0	333.0	844.0	8310.0	42042.0
	25.0	26.0	27.0	28.0	29.0	30.0	31.0	32.0	33.0	34.0	35.0	36.0	37.0	38.0	39.0	40.0
Sor-ACeb_011-Ex1-6F-lcwgs-1-2-L2-clmp.fp2_repr.R1	1.0	1.0	5.0	11.0	17.0	25.0	33.0	39.0	63.0	82.0	131.0	198.0	345.0	775.0	6653.0	11083.0
	23.0	24.0	25.0	26.0	27.0	28.0	29.0	30.0	31.0	32.0	33.0	34.0	35.0	36.0	37.0	38.0	39.0	40.0
Sor-ACeb_011-Ex1-6F-lcwgs-1-2-L2-clmp.fp2_repr.R2	1.0	0.0	1.0	4.0	6.0	9.0	15.0	17.0	19.0	33.0	50.0	75.0	120.0	141.0	264.0	535.0	5150.0	13022.0
	25.0	26.0	27.0	28.0	29.0	30.0	31.0	32.0	33.0	34.0	35.0	36.0	37.0	38.0	39.0	40.0
Sor-ACeb_011-Ex1-6F-lcwgs-1-2-L3-clmp.fp2_repr.R1	1.0	2.0	8.0	11.0	16.0	13.0	18.0	31.0	38.0	56.0	82.0	177.0	270.0	661.0	5557.0	9283.0
	24.0	25.0	26.0	27.0	28.0	29.0	30.0	31.0	32.0	33.0	34.0	35.0	36.0	37.0	38.0	39.0	40.0
Sor-ACeb_011-Ex1-6F-lcwgs-1-2-L3-clmp.fp2_repr.R2	1.0	0.0	0.0	6.0	6.0	9.0	19.0	16.0	25.0	34.0	50.0	67.0	116.0	195.0	462.0	4258.0	10960.0
	25.0	26.0	27.0	28.0	29.0	30.0	31.0	32.0	33.0	34.0	35.0	36.0	37.0	38.0	39.0	40.0
Sor-ACeb_012-Ex1-7F-lcwgs-1-2-L2-clmp.fp2_repr.R1	6.0	21.0	34.0	51.0	80.0	102.0	112.0	152.0	205.0	298.0	399.0	648.0	1197.0	2971.0	35233.0	69644.0
	25.0	26.0	27.0	28.0	29.0	30.0	31.0	32.0	33.0	34.0	35.0	36.0	37.0	38.0	39.0	40.0
Sor-ACeb_012-Ex1-7F-lcwgs-1-2-L2-clmp.fp2_repr.R2	3.0	8.0	20.0	40.0	45.0	68.0	92.0	123.0	134.0	232.0	331.0	472.0	717.0	1765.0	18459.0	88644.0
	25.0	26.0	27.0	28.0	29.0	30.0	31.0	32.0	33.0	34.0	35.0	36.0	37.0	38.0	39.0	40.0
Sor-ACeb_012-Ex1-7F-lcwgs-1-2-L3-clmp.fp2_repr.R1	3.0	7.0	23.0	46.0	70.0	73.0	111.0	147.0	189.0	263.0	350.0	547.0	964.0	2731.0	28920.0	58540.0
	24.0	25.0	26.0	27.0	28.0	29.0	30.0	31.0	32.0	33.0	34.0	35.0	36.0	37.0	38.0	39.0	40.0
Sor-ACeb_012-Ex1-7F-lcwgs-1-2-L3-clmp.fp2_repr.R2	4.0	7.0	10.0	15.0	33.0	37.0	58.0	67.0	105.0	146.0	189.0	244.0	398.0	663.0	1575.0	15731.0	73702.0
	24.0	25.0	26.0	27.0	28.0	29.0	30.0	31.0	32.0	33.0	34.0	35.0	36.0	37.0	38.0	39.0	40.0
Sor-ACeb_013-Ex1-8F-lcwgs-1-2-L2-clmp.fp2_repr.R1	1.0	1.0	8.0	10.0	25.0	26.0	44.0	44.0	65.0	70.0	144.0	219.0	335.0	541.0	1241.0	13253.0	22994.0
	22.0	23.0	24.0	25.0	26.0	27.0	28.0	29.0	30.0	31.0	32.0	33.0	34.0	35.0	36.0	37.0	38.0	39.0	40.0
Sor-ACeb_013-Ex1-8F-lcwgs-1-2-L2-clmp.fp2_repr.R2	1.0	0.0	1.0	1.0	10.0	10.0	24.0	20.0	24.0	51.0	69.0	76.0	131.0	176.0	260.0	435.0	1033.0	10061.0	26638.0
	24.0	25.0	26.0	27.0	28.0	29.0	30.0	31.0	32.0	33.0	34.0	35.0	36.0	37.0	38.0	39.0	40.0
Sor-ACeb_013-Ex1-8F-lcwgs-1-2-L3-clmp.fp2_repr.R1	1.0	2.0	3.0	10.0	14.0	19.0	13.0	43.0	46.0	90.0	105.0	160.0	294.0	436.0	1101.0	10799.0	18717.0
	24.0	25.0	26.0	27.0	28.0	29.0	30.0	31.0	32.0	33.0	34.0	35.0	36.0	37.0	38.0	39.0	40.0
Sor-ACeb_013-Ex1-8F-lcwgs-1-2-L3-clmp.fp2_repr.R2	2.0	2.0	2.0	10.0	17.0	12.0	23.0	43.0	50.0	60.0	87.0	134.0	227.0	339.0	823.0	8386.0	21636.0
	24.0	25.0	26.0	27.0	28.0	29.0	30.0	31.0	32.0	33.0	34.0	35.0	36.0	37.0	38.0	39.0	40.0
Sor-ACeb_014-Ex1-9F-lcwgs-1-2-L2-clmp.fp2_repr.R1	2.0	0.0	8.0	8.0	12.0	10.0	17.0	24.0	44.0	68.0	81.0	97.0	166.0	275.0	726.0	8376.0	18424.0
	24.0	25.0	26.0	27.0	28.0	29.0	30.0	31.0	32.0	33.0	34.0	35.0	36.0	37.0	38.0	39.0	40.0
Sor-ACeb_014-Ex1-9F-lcwgs-1-2-L2-clmp.fp2_repr.R2	2.0	1.0	7.0	9.0	13.0	17.0	9.0	17.0	41.0	36.0	51.0	102.0	121.0	192.0	415.0	4427.0	22878.0
	25.0	26.0	27.0	28.0	29.0	30.0	31.0	32.0	33.0	34.0	35.0	36.0	37.0	38.0	39.0	40.0
Sor-ACeb_014-Ex1-9F-lcwgs-1-2-L3-clmp.fp2_repr.R1	1.0	4.0	9.0	3.0	12.0	23.0	42.0	46.0	36.0	64.0	104.0	152.0	291.0	789.0	8544.0	17523.0
	25.0	26.0	27.0	28.0	29.0	30.0	31.0	32.0	33.0	34.0	35.0	36.0	37.0	38.0	39.0	40.0
Sor-ACeb_014-Ex1-9F-lcwgs-1-2-L3-clmp.fp2_repr.R2	1.0	4.0	3.0	11.0	9.0	14.0	22.0	35.0	38.0	47.0	78.0	116.0	182.0	471.0	4777.0	21835.0
	25.0	26.0	27.0	28.0	29.0	30.0	31.0	32.0	33.0	34.0	35.0	36.0	37.0	38.0	39.0	40.0
Sor-ACeb_015-Ex1-10F-lcwgs-1-2-L2-clmp.fp2_repr.R1	1.0	4.0	9.0	20.0	27.0	34.0	45.0	74.0	78.0	131.0	155.0	233.0	393.0	1169.0	14620.0	30153.0
	24.0	25.0	26.0	27.0	28.0	29.0	30.0	31.0	32.0	33.0	34.0	35.0	36.0	37.0	38.0	39.0	40.0
Sor-ACeb_015-Ex1-10F-lcwgs-1-2-L2-clmp.fp2_repr.R2	3.0	3.0	4.0	8.0	13.0	11.0	25.0	49.0	50.0	56.0	79.0	118.0	191.0	267.0	709.0	7645.0	37915.0
	26.0	27.0	28.0	29.0	30.0	31.0	32.0	33.0	34.0	35.0	36.0	37.0	38.0	39.0	40.0
Sor-ACeb_015-Ex1-10F-lcwgs-1-2-L3-clmp.fp2_repr.R1	9.0	6.0	14.0	21.0	26.0	39.0	45.0	80.0	102.0	136.0	211.0	368.0	1035.0	11871.0	24694.0
	25.0	26.0	27.0	28.0	29.0	30.0	31.0	32.0	33.0	34.0	35.0	36.0	37.0	38.0	39.0	40.0
Sor-ACeb_015-Ex1-10F-lcwgs-1-2-L3-clmp.fp2_repr.R2	2.0	5.0	6.0	6.0	16.0	12.0	29.0	36.0	45.0	66.0	99.0	134.0	250.0	572.0	6419.0	30960.0
	24.0	25.0	26.0	27.0	28.0	29.0	30.0	31.0	32.0	33.0	34.0	35.0	36.0	37.0	38.0	39.0	40.0
Sor-ACeb_016-Ex1-11F-lcwgs-1-2-L2-clmp.fp2_repr.R1	2.0	11.0	40.0	71.0	168.0	197.0	235.0	280.0	461.0	514.0	741.0	971.0	1554.0	2662.0	7706.0	89865.0	199482.0
	24.0	25.0	26.0	27.0	28.0	29.0	30.0	31.0	32.0	33.0	34.0	35.0	36.0	37.0	38.0	39.0	40.0
Sor-ACeb_016-Ex1-11F-lcwgs-1-2-L2-clmp.fp2_repr.R2	4.0	12.0	39.0	48.0	101.0	121.0	154.0	206.0	264.0	318.0	456.0	671.0	1027.0	1503.0	3425.0	38723.0	257888.0
	24.0	25.0	26.0	27.0	28.0	29.0	30.0	31.0	32.0	33.0	34.0	35.0	36.0	37.0	38.0	39.0	40.0
Sor-ACeb_016-Ex1-11F-lcwgs-1-2-L3-clmp.fp2_repr.R1	3.0	12.0	45.0	74.0	116.0	178.0	215.0	264.0	365.0	451.0	615.0	893.0	1330.0	2500.0	7391.0	72975.0	168089.0
	23.0	24.0	25.0	26.0	27.0	28.0	29.0	30.0	31.0	32.0	33.0	34.0	35.0	36.0	37.0	38.0	39.0	40.0
Sor-ACeb_016-Ex1-11F-lcwgs-1-2-L3-clmp.fp2_repr.R2	2.0	6.0	18.0	36.0	36.0	79.0	89.0	145.0	155.0	215.0	302.0	379.0	545.0	824.0	1234.0	2967.0	32860.0	215624.0
	24.0	25.0	26.0	27.0	28.0	29.0	30.0	31.0	32.0	33.0	34.0	35.0	36.0	37.0	38.0	39.0	40.0
Sor-ACeb_017-Ex1-12F-lcwgs-1-2-L2-clmp.fp2_repr.R1	2.0	7.0	23.0	60.0	87.0	140.0	167.0	170.0	278.0	309.0	496.0	581.0	995.0	1700.0	4900.0	62534.0	139174.0
	24.0	25.0	26.0	27.0	28.0	29.0	30.0	31.0	32.0	33.0	34.0	35.0	36.0	37.0	38.0	39.0	40.0
Sor-ACeb_017-Ex1-12F-lcwgs-1-2-L2-clmp.fp2_repr.R2	7.0	6.0	23.0	41.0	50.0	71.0	138.0	145.0	168.0	226.0	323.0	429.0	660.0	1059.0	2396.0	26294.0	179587.0
	24.0	25.0	26.0	27.0	28.0	29.0	30.0	31.0	32.0	33.0	34.0	35.0	36.0	37.0	38.0	39.0	40.0
Sor-ACeb_017-Ex1-12F-lcwgs-1-2-L3-clmp.fp2_repr.R1	1.0	8.0	16.0	59.0	99.0	129.0	146.0	189.0	247.0	305.0	463.0	604.0	974.0	1781.0	5489.0	61683.0	133118.0
	24.0	25.0	26.0	27.0	28.0	29.0	30.0	31.0	32.0	33.0	34.0	35.0	36.0	37.0	38.0	39.0	40.0
Sor-ACeb_017-Ex1-12F-lcwgs-1-2-L3-clmp.fp2_repr.R2	3.0	14.0	19.0	32.0	54.0	75.0	106.0	113.0	175.0	200.0	331.0	451.0	634.0	1038.0	2494.0	28362.0	171210.0
	25.0	26.0	27.0	28.0	29.0	30.0	31.0	32.0	33.0	34.0	35.0	36.0	37.0	38.0	39.0	40.0
Sor-ACeb_018-Ex1-1G-lcwgs-1-2-L2-clmp.fp2_repr.R1	1.0	4.0	11.0	19.0	24.0	26.0	40.0	77.0	103.0	156.0	214.0	356.0	599.0	1483.0	15824.0	22318.0
	25.0	26.0	27.0	28.0	29.0	30.0	31.0	32.0	33.0	34.0	35.0	36.0	37.0	38.0	39.0	40.0
Sor-ACeb_018-Ex1-1G-lcwgs-1-2-L2-clmp.fp2_repr.R2	2.0	5.0	4.0	21.0	17.0	24.0	36.0	50.0	89.0	114.0	179.0	293.0	491.0	1082.0	9545.0	29303.0
	24.0	25.0	26.0	27.0	28.0	29.0	30.0	31.0	32.0	33.0	34.0	35.0	36.0	37.0	38.0	39.0	40.0
Sor-ACeb_018-Ex1-1G-lcwgs-1-2-L3-clmp.fp2_repr.R1	1.0	1.0	8.0	9.0	24.0	20.0	27.0	51.0	74.0	74.0	123.0	194.0	336.0	617.0	1540.0	14853.0	21580.0
	24.0	25.0	26.0	27.0	28.0	29.0	30.0	31.0	32.0	33.0	34.0	35.0	36.0	37.0	38.0	39.0	40.0
Sor-ACeb_018-Ex1-1G-lcwgs-1-2-L3-clmp.fp2_repr.R2	3.0	1.0	3.0	8.0	15.0	30.0	31.0	42.0	53.0	86.0	124.0	170.0	273.0	460.0	1081.0	9465.0	27687.0
	26.0	27.0	28.0	29.0	30.0	31.0	32.0	33.0	34.0	35.0	36.0	37.0	38.0	39.0	40.0
Sor-ACeb_019-Ex1-3G-lcwgs-1-2-L2-clmp.fp2_repr.R1	3.0	7.0	6.0	6.0	14.0	21.0	27.0	45.0	70.0	74.0	129.0	223.0	457.0	4028.0	5939.0
	24.0	25.0	26.0	27.0	28.0	29.0	30.0	31.0	32.0	33.0	34.0	35.0	36.0	37.0	38.0	39.0	40.0
Sor-ACeb_019-Ex1-3G-lcwgs-1-2-L2-clmp.fp2_repr.R2	1.0	1.0	0.0	3.0	7.0	6.0	12.0	18.0	20.0	41.0	47.0	51.0	108.0	163.0	366.0	2832.0	7373.0
	26.0	27.0	28.0	29.0	30.0	31.0	32.0	33.0	34.0	35.0	36.0	37.0	38.0	39.0	40.0
Sor-ACeb_019-Ex1-3G-lcwgs-1-2-L3-clmp.fp2_repr.R1	3.0	6.0	5.0	4.0	13.0	15.0	17.0	31.0	46.0	77.0	96.0	186.0	428.0	3276.0	5162.0
	24.0	25.0	26.0	27.0	28.0	29.0	30.0	31.0	32.0	33.0	34.0	35.0	36.0	37.0	38.0	39.0	40.0
Sor-ACeb_019-Ex1-3G-lcwgs-1-2-L3-clmp.fp2_repr.R2	2.0	3.0	4.0	0.0	5.0	10.0	14.0	14.0	20.0	29.0	37.0	59.0	88.0	119.0	328.0	2381.0	6252.0
	26.0	27.0	28.0	29.0	30.0	31.0	32.0	33.0	34.0	35.0	36.0	37.0	38.0	39.0	40.0
Sor-ACeb_020-Ex1-2G-lcwgs-1-2-L2-clmp.fp2_repr.R1	1.0	3.0	3.0	11.0	14.0	16.0	26.0	34.0	46.0	61.0	90.0	151.0	330.0	2385.0	3659.0
	24.0	25.0	26.0	27.0	28.0	29.0	30.0	31.0	32.0	33.0	34.0	35.0	36.0	37.0	38.0	39.0	40.0
Sor-ACeb_020-Ex1-2G-lcwgs-1-2-L2-clmp.fp2_repr.R2	1.0	2.0	1.0	2.0	1.0	6.0	5.0	11.0	22.0	11.0	33.0	50.0	69.0	129.0	209.0	1459.0	4819.0
	26.0	27.0	28.0	29.0	30.0	31.0	32.0	33.0	34.0	35.0	36.0	37.0	38.0	39.0	40.0
Sor-ACeb_020-Ex1-2G-lcwgs-1-2-L3-clmp.fp2_repr.R1	1.0	2.0	8.0	5.0	6.0	10.0	21.0	40.0	41.0	63.0	91.0	151.0	403.0	2708.0	3914.0
	25.0	26.0	27.0	28.0	29.0	30.0	31.0	32.0	33.0	34.0	35.0	36.0	37.0	38.0	39.0	40.0
Sor-ACeb_020-Ex1-2G-lcwgs-1-2-L3-clmp.fp2_repr.R2	1.0	0.0	7.0	3.0	6.0	8.0	13.0	16.0	24.0	21.0	56.0	66.0	111.0	263.0	1814.0	5055.0
	28.0	29.0	30.0	31.0	32.0	33.0	34.0	35.0	36.0	37.0	38.0	39.0	40.0
Sor-ACeb_021-Ex1-4G-lcwgs-1-2-L2-clmp.fp2_repr.R1	2.0	2.0	0.0	4.0	5.0	4.0	5.0	4.0	5.0	17.0	52.0	420.0	653.0
	24.0	25.0	26.0	27.0	28.0	29.0	30.0	31.0	32.0	33.0	34.0	35.0	36.0	37.0	38.0	39.0	40.0
Sor-ACeb_021-Ex1-4G-lcwgs-1-2-L2-clmp.fp2_repr.R2	1.0	0.0	0.0	0.0	0.0	1.0	0.0	4.0	3.0	1.0	3.0	7.0	9.0	17.0	31.0	258.0	838.0
	27.0	28.0	29.0	30.0	31.0	32.0	33.0	34.0	35.0	36.0	37.0	38.0	39.0	40.0
Sor-ACeb_021-Ex1-4G-lcwgs-1-2-L3-clmp.fp2_repr.R1	1.0	1.0	2.0	4.0	4.0	3.0	3.0	2.0	3.0	11.0	20.0	47.0	345.0	570.0
	29.0	30.0	31.0	32.0	33.0	34.0	35.0	36.0	37.0	38.0	39.0	40.0
Sor-ACeb_021-Ex1-4G-lcwgs-1-2-L3-clmp.fp2_repr.R2	2.0	2.0	2.0	1.0	1.0	2.0	3.0	7.0	10.0	30.0	213.0	743.0
	24.0	25.0	26.0	27.0	28.0	29.0	30.0	31.0	32.0	33.0	34.0	35.0	36.0	37.0	38.0	39.0	40.0
Sor-ACeb_022-Ex1-5G-lcwgs-1-2-L2-clmp.fp2_repr.R1	1.0	1.0	2.0	9.0	14.0	15.0	32.0	27.0	48.0	54.0	57.0	102.0	181.0	258.0	732.0	6999.0	13050.0
	24.0	25.0	26.0	27.0	28.0	29.0	30.0	31.0	32.0	33.0	34.0	35.0	36.0	37.0	38.0	39.0	40.0
Sor-ACeb_022-Ex1-5G-lcwgs-1-2-L2-clmp.fp2_repr.R2	1.0	3.0	3.0	3.0	10.0	10.0	19.0	26.0	29.0	46.0	58.0	90.0	135.0	212.0	460.0	4254.0	16223.0
	25.0	26.0	27.0	28.0	29.0	30.0	31.0	32.0	33.0	34.0	35.0	36.0	37.0	38.0	39.0	40.0
Sor-ACeb_022-Ex1-5G-lcwgs-1-2-L3-clmp.fp2_repr.R1	2.0	2.0	3.0	13.0	10.0	15.0	20.0	36.0	52.0	63.0	100.0	167.0	277.0	795.0	6629.0	11500.0
	25.0	26.0	27.0	28.0	29.0	30.0	31.0	32.0	33.0	34.0	35.0	36.0	37.0	38.0	39.0	40.0
Sor-ACeb_022-Ex1-5G-lcwgs-1-2-L3-clmp.fp2_repr.R2	1.0	6.0	3.0	8.0	8.0	15.0	20.0	30.0	36.0	65.0	89.0	130.0	219.0	460.0	4464.0	14130.0
	24.0	25.0	26.0	27.0	28.0	29.0	30.0	31.0	32.0	33.0	34.0	35.0	36.0	37.0	38.0	39.0	40.0
Sor-CPnd_001-Ex1-3E-lcwgs-1-2-L2-clmp.fp2_repr.R1	4.0	54.0	165.0	303.0	562.0	783.0	1045.0	1466.0	2389.0	3604.0	5569.0	8231.0	13223.0	21992.0	50657.0	483627.0	745194.0
	23.0	24.0	25.0	26.0	27.0	28.0	29.0	30.0	31.0	32.0	33.0	34.0	35.0	36.0	37.0	38.0	39.0	40.0
Sor-CPnd_001-Ex1-3E-lcwgs-1-2-L2-clmp.fp2_repr.R2	11.0	37.0	120.0	227.0	340.0	496.0	729.0	999.0	1473.0	2321.0	3406.0	5043.0	7564.0	11933.0	18592.0	39525.0	342748.0	903304.0
	24.0	25.0	26.0	27.0	28.0	29.0	30.0	31.0	32.0	33.0	34.0	35.0	36.0	37.0	38.0	39.0	40.0
Sor-CPnd_001-Ex1-3E-lcwgs-1-2-L3-clmp.fp2_repr.R1	2.0	45.0	122.0	263.0	468.0	627.0	880.0	1251.0	1858.0	2824.0	4361.0	6497.0	10737.0	18213.0	44271.0	397893.0	626511.0
	23.0	24.0	25.0	26.0	27.0	28.0	29.0	30.0	31.0	32.0	33.0	34.0	35.0	36.0	37.0	38.0	39.0	40.0
Sor-CPnd_001-Ex1-3E-lcwgs-1-2-L3-clmp.fp2_repr.R2	8.0	37.0	66.0	155.0	245.0	404.0	599.0	807.0	1173.0	1827.0	2633.0	3873.0	6081.0	9379.0	15356.0	33052.0	286071.0	755057.0
	24.0	25.0	26.0	27.0	28.0	29.0	30.0	31.0	32.0	33.0	34.0	35.0	36.0	37.0	38.0	39.0	40.0
Sor-CPnd_002-Ex1-5E-lcwgs-1-2-L2-clmp.fp2_repr.R1	6.0	27.0	94.0	187.0	337.0	421.0	607.0	861.0	1254.0	1788.0	2665.0	3965.0	6401.0	10609.0	25215.0	221197.0	413157.0
	22.0	23.0	24.0	25.0	26.0	27.0	28.0	29.0	30.0	31.0	32.0	33.0	34.0	35.0	36.0	37.0	38.0	39.0	40.0
Sor-CPnd_002-Ex1-5E-lcwgs-1-2-L2-clmp.fp2_repr.R2	1.0	3.0	15.0	54.0	104.0	162.0	245.0	375.0	528.0	663.0	1062.0	1491.0	2339.0	3378.0	5286.0	8183.0	16807.0	131934.0	516161.0
	23.0	24.0	25.0	26.0	27.0	28.0	29.0	30.0	31.0	32.0	33.0	34.0	35.0	36.0	37.0	38.0	39.0	40.0
Sor-CPnd_002-Ex1-5E-lcwgs-1-2-L3-clmp.fp2_repr.R1	1.0	9.0	23.0	85.0	160.0	308.0	426.0	610.0	784.0	1144.0	1614.0	2447.0	3746.0	5932.0	10288.0	25960.0	217665.0	375717.0
	23.0	24.0	25.0	26.0	27.0	28.0	29.0	30.0	31.0	32.0	33.0	34.0	35.0	36.0	37.0	38.0	39.0	40.0
Sor-CPnd_002-Ex1-5E-lcwgs-1-2-L3-clmp.fp2_repr.R2	2.0	17.0	43.0	105.0	160.0	213.0	308.0	490.0	666.0	941.0	1398.0	2113.0	3183.0	4903.0	7823.0	17276.0	143167.0	464111.0
	23.0	24.0	25.0	26.0	27.0	28.0	29.0	30.0	31.0	32.0	33.0	34.0	35.0	36.0	37.0	38.0	39.0	40.0
Sor-CPnd_003-Ex1-2B-lcwgs-1-2-L2-clmp.fp2_repr.R1	2.0	3.0	22.0	71.0	139.0	271.0	360.0	468.0	693.0	973.0	1434.0	2287.0	3370.0	5295.0	8506.0	18545.0	159886.0	258609.0
	22.0	23.0	24.0	25.0	26.0	27.0	28.0	29.0	30.0	31.0	32.0	33.0	34.0	35.0	36.0	37.0	38.0	39.0	40.0
Sor-CPnd_003-Ex1-2B-lcwgs-1-2-L2-clmp.fp2_repr.R2	1.0	4.0	16.0	49.0	76.0	99.0	205.0	284.0	340.0	537.0	834.0	1204.0	1857.0	2828.0	4296.0	6701.0	13652.0	106322.0	321629.0
	23.0	24.0	25.0	26.0	27.0	28.0	29.0	30.0	31.0	32.0	33.0	34.0	35.0	36.0	37.0	38.0	39.0	40.0
Sor-CPnd_003-Ex1-2B-lcwgs-1-2-L3-clmp.fp2_repr.R1	1.0	7.0	29.0	71.0	123.0	224.0	307.0	445.0	637.0	949.0	1400.0	2204.0	3185.0	5245.0	9089.0	22435.0	201081.0	286280.0
	23.0	24.0	25.0	26.0	27.0	28.0	29.0	30.0	31.0	32.0	33.0	34.0	35.0	36.0	37.0	38.0	39.0	40.0
Sor-CPnd_003-Ex1-2B-lcwgs-1-2-L3-clmp.fp2_repr.R2	2.0	18.0	44.0	73.0	139.0	191.0	240.0	367.0	545.0	886.0	1272.0	2047.0	2975.0	4585.0	7312.0	16118.0	141605.0	355293.0
	23.0	24.0	25.0	26.0	27.0	28.0	29.0	30.0	31.0	32.0	33.0	34.0	35.0	36.0	37.0	38.0	39.0	40.0
Sor-CPnd_004-Ex1-1G-lcwgs-1-2-L2-clmp.fp2_repr.R1	3.0	9.0	51.0	163.0	368.0	600.0	908.0	1306.0	1764.0	2810.0	4242.0	6650.0	10066.0	16115.0	26269.0	61516.0	631467.0	1074628.0
	22.0	23.0	24.0	25.0	26.0	27.0	28.0	29.0	30.0	31.0	32.0	33.0	34.0	35.0	36.0	37.0	38.0	39.0	40.0
Sor-CPnd_004-Ex1-1G-lcwgs-1-2-L2-clmp.fp2_repr.R2	2.0	9.0	41.0	117.0	271.0	418.0	628.0	921.0	1281.0	1820.0	2784.0	4262.0	6451.0	9842.0	15472.0	24266.0	52129.0	469358.0	1248863.0
	24.0	25.0	26.0	27.0	28.0	29.0	30.0	31.0	32.0	33.0	34.0	35.0	36.0	37.0	38.0	39.0	40.0
Sor-CPnd_004-Ex1-1G-lcwgs-1-2-L3-clmp.fp2_repr.R1	6.0	39.0	148.0	256.0	493.0	664.0	1004.0	1401.0	2097.0	3204.0	5109.0	7826.0	12858.0	21643.0	53742.0	514832.0	892678.0
	22.0	23.0	24.0	25.0	26.0	27.0	28.0	29.0	30.0	31.0	32.0	33.0	34.0	35.0	36.0	37.0	38.0	39.0	40.0
Sor-CPnd_004-Ex1-1G-lcwgs-1-2-L3-clmp.fp2_repr.R2	2.0	5.0	46.0	108.0	209.0	319.0	499.0	712.0	1014.0	1438.0	2308.0	3307.0	5140.0	7628.0	12215.0	19834.0	43865.0	397442.0	1021909.0
	22.0	23.0	24.0	25.0	26.0	27.0	28.0	29.0	30.0	31.0	32.0	33.0	34.0	35.0	36.0	37.0	38.0	39.0	40.0
Sor-CPnd_005-Ex1-3D-lcwgs-1-2-L2-clmp.fp2_repr.R1	1.0	0.0	6.0	35.0	146.0	309.0	535.0	693.0	1043.0	1485.0	2593.0	3996.0	6522.0	10010.0	15553.0	25084.0	54334.0	489524.0	720412.0
	22.0	23.0	24.0	25.0	26.0	27.0	28.0	29.0	30.0	31.0	32.0	33.0	34.0	35.0	36.0	37.0	38.0	39.0	40.0
Sor-CPnd_005-Ex1-3D-lcwgs-1-2-L2-clmp.fp2_repr.R2	1.0	3.0	51.0	119.0	279.0	387.0	597.0	869.0	1204.0	1633.0	2692.0	4043.0	6157.0	9222.0	14475.0	22948.0	47394.0	418477.0	801730.0
	24.0	25.0	26.0	27.0	28.0	29.0	30.0	31.0	32.0	33.0	34.0	35.0	36.0	37.0	38.0	39.0	40.0
Sor-CPnd_005-Ex1-3D-lcwgs-1-2-L3-clmp.fp2_repr.R1	7.0	33.0	110.0	197.0	366.0	562.0	845.0	1204.0	1971.0	2861.0	4842.0	7405.0	11861.0	19636.0	45058.0	389268.0	565800.0
	22.0	23.0	24.0	25.0	26.0	27.0	28.0	29.0	30.0	31.0	32.0	33.0	34.0	35.0	36.0	37.0	38.0	39.0	40.0
Sor-CPnd_005-Ex1-3D-lcwgs-1-2-L3-clmp.fp2_repr.R2	1.0	12.0	39.0	109.0	195.0	303.0	454.0	598.0	858.0	1253.0	2054.0	3049.0	4693.0	7081.0	11138.0	17504.0	37805.0	335036.0	629844.0
	24.0	25.0	26.0	27.0	28.0	29.0	30.0	31.0	32.0	33.0	34.0	35.0	36.0	37.0	38.0	39.0	40.0
Sor-CPnd_006-Ex1-2D-lcwgs-1-2-L2-clmp.fp2_repr.R1	12.0	53.0	165.0	307.0	538.0	705.0	891.0	1359.0	2017.0	2855.0	4450.0	6625.0	10183.0	16002.0	35424.0	303786.0	489205.0
	23.0	24.0	25.0	26.0	27.0	28.0	29.0	30.0	31.0	32.0	33.0	34.0	35.0	36.0	37.0	38.0	39.0	40.0
Sor-CPnd_006-Ex1-2D-lcwgs-1-2-L2-clmp.fp2_repr.R2	3.0	41.0	86.0	156.0	268.0	399.0	575.0	767.0	1078.0	1579.0	2370.0	3661.0	5219.0	8384.0	12768.0	25492.0	190914.0	620817.0
	24.0	25.0	26.0	27.0	28.0	29.0	30.0	31.0	32.0	33.0	34.0	35.0	36.0	37.0	38.0	39.0	40.0
Sor-CPnd_006-Ex1-2D-lcwgs-1-2-L3-clmp.fp2_repr.R1	12.0	52.0	136.0	255.0	442.0	645.0	897.0	1263.0	1859.0	2759.0	4264.0	6367.0	10338.0	17218.0	42520.0	383396.0	544658.0
	22.0	23.0	24.0	25.0	26.0	27.0	28.0	29.0	30.0	31.0	32.0	33.0	34.0	35.0	36.0	37.0	38.0	39.0	40.0
Sor-CPnd_006-Ex1-2D-lcwgs-1-2-L3-clmp.fp2_repr.R2	1.0	10.0	28.0	79.0	156.0	259.0	431.0	555.0	757.0	1061.0	1674.0	2472.0	3737.0	5427.0	8740.0	13730.0	29755.0	252908.0	695301.0
	24.0	25.0	26.0	27.0	28.0	29.0	30.0	31.0	32.0	33.0	34.0	35.0	36.0	37.0	38.0	39.0	40.0
Sor-CPnd_007-Ex1-1C-lcwgs-1-2-L2-clmp.fp2_repr.R1	2.0	31.0	87.0	166.0	283.0	382.0	538.0	816.0	1174.0	1879.0	3019.0	4650.0	7510.0	12195.0	28476.0	254377.0	373587.0
	23.0	24.0	25.0	26.0	27.0	28.0	29.0	30.0	31.0	32.0	33.0	34.0	35.0	36.0	37.0	38.0	39.0	40.0
Sor-CPnd_007-Ex1-1C-lcwgs-1-2-L2-clmp.fp2_repr.R2	5.0	19.0	68.0	123.0	194.0	290.0	433.0	577.0	806.0	1279.0	1880.0	2957.0	4427.0	7066.0	11243.0	24535.0	210798.0	422472.0
	24.0	25.0	26.0	27.0	28.0	29.0	30.0	31.0	32.0	33.0	34.0	35.0	36.0	37.0	38.0	39.0	40.0
Sor-CPnd_007-Ex1-1C-lcwgs-1-2-L3-clmp.fp2_repr.R1	3.0	20.0	60.0	118.0	215.0	299.0	454.0	601.0	969.0	1452.0	2226.0	3549.0	5698.0	9859.0	23817.0	204944.0	307054.0
	23.0	24.0	25.0	26.0	27.0	28.0	29.0	30.0	31.0	32.0	33.0	34.0	35.0	36.0	37.0	38.0	39.0	40.0
Sor-CPnd_007-Ex1-1C-lcwgs-1-2-L3-clmp.fp2_repr.R2	1.0	15.0	42.0	84.0	161.0	234.0	326.0	466.0	631.0	1023.0	1484.0	2432.0	3518.0	5413.0	8999.0	20059.0	175283.0	341167.0
	23.0	24.0	25.0	26.0	27.0	28.0	29.0	30.0	31.0	32.0	33.0	34.0	35.0	36.0	37.0	38.0	39.0	40.0
Sor-CPnd_008-Ex1-1A-lcwgs-1-2-L2-clmp.fp2_repr.R1	2.0	23.0	118.0	351.0	704.0	1189.0	1658.0	2396.0	3594.0	6120.0	10179.0	17000.0	26538.0	40048.0	58328.0	116949.0	891254.0	1080292.0
	21.0	22.0	23.0	24.0	25.0	26.0	27.0	28.0	29.0	30.0	31.0	32.0	33.0	34.0	35.0	36.0	37.0	38.0	39.0	40.0
Sor-CPnd_008-Ex1-1A-lcwgs-1-2-L2-clmp.fp2_repr.R2	1.0	2.0	36.0	150.0	453.0	833.0	1237.0	1871.0	2461.0	3340.0	4821.0	7801.0	11387.0	17796.0	25919.0	39393.0	59132.0	119168.0	934237.0	1026705.0
	23.0	24.0	25.0	26.0	27.0	28.0	29.0	30.0	31.0	32.0	33.0	34.0	35.0	36.0	37.0	38.0	39.0	40.0
Sor-CPnd_008-Ex1-1A-lcwgs-1-2-L3-clmp.fp2_repr.R1	3.0	29.0	117.0	319.0	649.0	1111.0	1437.0	2111.0	3324.0	5736.0	9576.0	15643.0	23457.0	34848.0	53211.0	113531.0	871218.0	1002997.0
	22.0	23.0	24.0	25.0	26.0	27.0	28.0	29.0	30.0	31.0	32.0	33.0	34.0	35.0	36.0	37.0	38.0	39.0	40.0
Sor-CPnd_008-Ex1-1A-lcwgs-1-2-L3-clmp.fp2_repr.R2	3.0	26.0	140.0	383.0	702.0	1221.0	1711.0	2225.0	3110.0	4576.0	7143.0	10783.0	16776.0	24177.0	37235.0	55497.0	115129.0	901689.0	956791.0
	24.0	25.0	26.0	27.0	28.0	29.0	30.0	31.0	32.0	33.0	34.0	35.0	36.0	37.0	38.0	39.0	40.0
Sor-CPnd_009-Ex1-6A-lcwgs-1-2-L2-clmp.fp2_repr.R1	8.0	69.0	215.0	489.0	761.0	1132.0	1581.0	2335.0	3827.0	6003.0	9760.0	14606.0	23543.0	36562.0	85793.0	899870.0	1187029.0
	22.0	23.0	24.0	25.0	26.0	27.0	28.0	29.0	30.0	31.0	32.0	33.0	34.0	35.0	36.0	37.0	38.0	39.0	40.0
Sor-CPnd_009-Ex1-6A-lcwgs-1-2-L2-clmp.fp2_repr.R2	3.0	23.0	67.0	197.0	367.0	569.0	859.0	1091.0	1640.0	2392.0	3826.0	5533.0	8566.0	12442.0	19704.0	31188.0	67078.0	675660.0	1442378.0
	23.0	24.0	25.0	26.0	27.0	28.0	29.0	30.0	31.0	32.0	33.0	34.0	35.0	36.0	37.0	38.0	39.0	40.0
Sor-CPnd_009-Ex1-6A-lcwgs-1-2-L3-clmp.fp2_repr.R1	3.0	19.0	73.0	209.0	412.0	749.0	1087.0	1588.0	2298.0	3687.0	5817.0	9425.0	14150.0	22068.0	35826.0	88150.0	888862.0	1160079.0
	21.0	22.0	23.0	24.0	25.0	26.0	27.0	28.0	29.0	30.0	31.0	32.0	33.0	34.0	35.0	36.0	37.0	38.0	39.0	40.0
Sor-CPnd_009-Ex1-6A-lcwgs-1-2-L3-clmp.fp2_repr.R2	1.0	2.0	24.0	63.0	205.0	319.0	545.0	839.0	1055.0	1559.0	2240.0	3606.0	5393.0	8403.0	12457.0	19451.0	30786.0	68862.0	672331.0	1406361.0
	24.0	25.0	26.0	27.0	28.0	29.0	30.0	31.0	32.0	33.0	34.0	35.0	36.0	37.0	38.0	39.0	40.0
Sor-CPnd_010-Ex1-1H-lcwgs-1-2-L2-clmp.fp2_repr.R1	1.0	24.0	47.0	109.0	183.0	277.0	381.0	494.0	801.0	1159.0	1848.0	2825.0	4628.0	7721.0	18045.0	162652.0	244047.0
	23.0	24.0	25.0	26.0	27.0	28.0	29.0	30.0	31.0	32.0	33.0	34.0	35.0	36.0	37.0	38.0	39.0	40.0
Sor-CPnd_010-Ex1-1H-lcwgs-1-2-L2-clmp.fp2_repr.R2	2.0	13.0	43.0	72.0	139.0	172.0	252.0	367.0	537.0	813.0	1173.0	1855.0	2698.0	4295.0	6738.0	15402.0	134057.0	276614.0
	24.0	25.0	26.0	27.0	28.0	29.0	30.0	31.0	32.0	33.0	34.0	35.0	36.0	37.0	38.0	39.0	40.0
Sor-CPnd_010-Ex1-1H-lcwgs-1-2-L3-clmp.fp2_repr.R1	3.0	15.0	42.0	82.0	135.0	204.0	289.0	402.0	607.0	997.0	1422.0	2289.0	3652.0	6222.0	15343.0	130044.0	197978.0
	23.0	24.0	25.0	26.0	27.0	28.0	29.0	30.0	31.0	32.0	33.0	34.0	35.0	36.0	37.0	38.0	39.0	40.0
Sor-CPnd_010-Ex1-1H-lcwgs-1-2-L3-clmp.fp2_repr.R2	2.0	15.0	23.0	54.0	93.0	145.0	221.0	304.0	443.0	678.0	918.0	1456.0	2107.0	3434.0	5548.0	12763.0	110814.0	220708.0
	24.0	25.0	26.0	27.0	28.0	29.0	30.0	31.0	32.0	33.0	34.0	35.0	36.0	37.0	38.0	39.0	40.0
Sor-CPnd_012-Ex1-5B-lcwgs-1-2-L2-clmp.fp2_repr.R1	2.0	12.0	29.0	92.0	125.0	227.0	295.0	415.0	684.0	950.0	1518.0	2283.0	3646.0	5884.0	13387.0	116016.0	211081.0
	23.0	24.0	25.0	26.0	27.0	28.0	29.0	30.0	31.0	32.0	33.0	34.0	35.0	36.0	37.0	38.0	39.0	40.0
Sor-CPnd_012-Ex1-5B-lcwgs-1-2-L2-clmp.fp2_repr.R2	2.0	16.0	28.0	59.0	89.0	153.0	189.0	247.0	377.0	584.0	859.0	1292.0	1839.0	3081.0	4830.0	9914.0	82109.0	250978.0
	24.0	25.0	26.0	27.0	28.0	29.0	30.0	31.0	32.0	33.0	34.0	35.0	36.0	37.0	38.0	39.0	40.0
Sor-CPnd_012-Ex1-5B-lcwgs-1-2-L3-clmp.fp2_repr.R1	2.0	11.0	38.0	72.0	153.0	177.0	263.0	344.0	637.0	846.0	1313.0	1989.0	3224.0	5508.0	13688.0	117419.0	192055.0
	23.0	24.0	25.0	26.0	27.0	28.0	29.0	30.0	31.0	32.0	33.0	34.0	35.0	36.0	37.0	38.0	39.0	40.0
Sor-CPnd_012-Ex1-5B-lcwgs-1-2-L3-clmp.fp2_repr.R2	6.0	9.0	27.0	69.0	79.0	136.0	178.0	248.0	312.0	506.0	861.0	1204.0	1786.0	2820.0	4650.0	10045.0	89108.0	225695.0
	24.0	25.0	26.0	27.0	28.0	29.0	30.0	31.0	32.0	33.0	34.0	35.0	36.0	37.0	38.0	39.0	40.0
Sor-CPnd_013-Ex1-7F-lcwgs-1-2-L2-clmp.fp2_repr.R1	7.0	38.0	87.0	207.0	307.0	466.0	667.0	863.0	1390.0	1937.0	3088.0	4667.0	7267.0	12035.0	29337.0	264218.0	328843.0
	23.0	24.0	25.0	26.0	27.0	28.0	29.0	30.0	31.0	32.0	33.0	34.0	35.0	36.0	37.0	38.0	39.0	40.0
Sor-CPnd_013-Ex1-7F-lcwgs-1-2-L2-clmp.fp2_repr.R2	6.0	25.0	70.0	126.0	210.0	349.0	416.0	601.0	849.0	1219.0	1795.0	2857.0	4170.0	6434.0	10144.0	22571.0	187450.0	416132.0
	24.0	25.0	26.0	27.0	28.0	29.0	30.0	31.0	32.0	33.0	34.0	35.0	36.0	37.0	38.0	39.0	40.0
Sor-CPnd_013-Ex1-7F-lcwgs-1-2-L3-clmp.fp2_repr.R1	3.0	24.0	69.0	174.0	332.0	438.0	583.0	810.0	1340.0	1893.0	2898.0	4344.0	6931.0	11972.0	30072.0	256289.0	316923.0
	22.0	23.0	24.0	25.0	26.0	27.0	28.0	29.0	30.0	31.0	32.0	33.0	34.0	35.0	36.0	37.0	38.0	39.0	40.0
Sor-CPnd_013-Ex1-7F-lcwgs-1-2-L3-clmp.fp2_repr.R2	1.0	3.0	23.0	48.0	112.0	178.0	296.0	396.0	570.0	784.0	1141.0	1809.0	2719.0	3996.0	6116.0	9965.0	22269.0	186783.0	397886.0
	23.0	24.0	25.0	26.0	27.0	28.0	29.0	30.0	31.0	32.0	33.0	34.0	35.0	36.0	37.0	38.0	39.0	40.0
Sor-CPnd_014-Ex1-1F-lcwgs-1-2-L2-clmp.fp2_repr.R1	2.0	12.0	95.0	317.0	635.0	1125.0	1592.0	2388.0	3395.0	5338.0	8232.0	13242.0	20544.0	32379.0	52737.0	128388.0	1353016.0	1759544.0
	22.0	23.0	24.0	25.0	26.0	27.0	28.0	29.0	30.0	31.0	32.0	33.0	34.0	35.0	36.0	37.0	38.0	39.0	40.0
Sor-CPnd_014-Ex1-1F-lcwgs-1-2-L2-clmp.fp2_repr.R2	2.0	25.0	101.0	270.0	558.0	860.0	1310.0	1751.0	2627.0	3436.0	5777.0	8543.0	13082.0	19172.0	30665.0	48348.0	104911.0	976324.0	2165219.0
	23.0	24.0	25.0	26.0	27.0	28.0	29.0	30.0	31.0	32.0	33.0	34.0	35.0	36.0	37.0	38.0	39.0	40.0
Sor-CPnd_014-Ex1-1F-lcwgs-1-2-L3-clmp.fp2_repr.R1	1.0	25.0	92.0	284.0	564.0	1029.0	1436.0	2281.0	3164.0	5108.0	7807.0	12738.0	18982.0	30838.0	51615.0	131174.0	1311372.0	1708697.0
	22.0	23.0	24.0	25.0	26.0	27.0	28.0	29.0	30.0	31.0	32.0	33.0	34.0	35.0	36.0	37.0	38.0	39.0	40.0
Sor-CPnd_014-Ex1-1F-lcwgs-1-2-L3-clmp.fp2_repr.R2	3.0	13.0	94.0	258.0	501.0	788.0	1197.0	1648.0	2448.0	3495.0	5335.0	8318.0	12589.0	18697.0	29621.0	47450.0	105750.0	970604.0	2078398.0
	24.0	25.0	26.0	27.0	28.0	29.0	30.0	31.0	32.0	33.0	34.0	35.0	36.0	37.0	38.0	39.0	40.0
Sor-CPnd_015-Ex1-5F-lcwgs-1-2-L2-clmp.fp2_repr.R1	2.0	15.0	66.0	105.0	185.0	295.0	404.0	523.0	770.0	1077.0	1665.0	2401.0	3807.0	6479.0	15461.0	133497.0	243973.0
	23.0	24.0	25.0	26.0	27.0	28.0	29.0	30.0	31.0	32.0	33.0	34.0	35.0	36.0	37.0	38.0	39.0	40.0
Sor-CPnd_015-Ex1-5F-lcwgs-1-2-L2-clmp.fp2_repr.R2	2.0	12.0	26.0	76.0	106.0	172.0	208.0	300.0	439.0	626.0	923.0	1399.0	2022.0	3167.0	4962.0	10340.0	82191.0	303754.0
	24.0	25.0	26.0	27.0	28.0	29.0	30.0	31.0	32.0	33.0	34.0	35.0	36.0	37.0	38.0	39.0	40.0
Sor-CPnd_015-Ex1-5F-lcwgs-1-2-L3-clmp.fp2_repr.R1	4.0	12.0	56.0	111.0	207.0	240.0	323.0	479.0	663.0	1053.0	1508.0	2202.0	3648.0	6312.0	15900.0	133167.0	223427.0
	23.0	24.0	25.0	26.0	27.0	28.0	29.0	30.0	31.0	32.0	33.0	34.0	35.0	36.0	37.0	38.0	39.0	40.0
Sor-CPnd_015-Ex1-5F-lcwgs-1-2-L3-clmp.fp2_repr.R2	3.0	6.0	25.0	61.0	86.0	149.0	193.0	277.0	421.0	645.0	906.0	1356.0	1895.0	3130.0	4823.0	10595.0	90497.0	274244.0
	23.0	24.0	25.0	26.0	27.0	28.0	29.0	30.0	31.0	32.0	33.0	34.0	35.0	36.0	37.0	38.0	39.0	40.0
Sor-CPnd_016-Ex1-1B-lcwgs-1-2-L2-clmp.fp2_repr.R1	2.0	8.0	53.0	117.0	284.0	495.0	648.0	978.0	1347.0	2271.0	3772.0	6332.0	9988.0	15787.0	24706.0	53176.0	468280.0	686473.0
	22.0	23.0	24.0	25.0	26.0	27.0	28.0	29.0	30.0	31.0	32.0	33.0	34.0	35.0	36.0	37.0	38.0	39.0	40.0
Sor-CPnd_016-Ex1-1B-lcwgs-1-2-L2-clmp.fp2_repr.R2	2.0	9.0	71.0	140.0	290.0	449.0	616.0	889.0	1231.0	1827.0	2895.0	4454.0	6777.0	10016.0	15786.0	24425.0	51363.0	457274.0	696203.0
	23.0	24.0	25.0	26.0	27.0	28.0	29.0	30.0	31.0	32.0	33.0	34.0	35.0	36.0	37.0	38.0	39.0	40.0
Sor-CPnd_016-Ex1-1B-lcwgs-1-2-L3-clmp.fp2_repr.R1	2.0	5.0	16.0	132.0	208.0	316.0	469.0	715.0	925.0	1712.0	2694.0	4557.0	7121.0	11532.0	18421.0	43182.0	374749.0	538625.0
	22.0	23.0	24.0	25.0	26.0	27.0	28.0	29.0	30.0	31.0	32.0	33.0	34.0	35.0	36.0	37.0	38.0	39.0	40.0
Sor-CPnd_016-Ex1-1B-lcwgs-1-2-L3-clmp.fp2_repr.R2	2.0	9.0	41.0	116.0	241.0	321.0	489.0	630.0	941.0	1329.0	2276.0	3340.0	5238.0	7654.0	12081.0	18901.0	40669.0	371289.0	539814.0
	23.0	24.0	25.0	26.0	27.0	28.0	29.0	30.0	31.0	32.0	33.0	34.0	35.0	36.0	37.0	38.0	39.0	40.0
Sor-CPnd_017-Ex1-3G-lcwgs-1-2-L2-clmp.fp2_repr.R1	1.0	4.0	19.0	53.0	130.0	197.0	286.0	443.0	669.0	887.0	1365.0	2192.0	3317.0	5146.0	8541.0	20324.0	192370.0	320666.0
	23.0	24.0	25.0	26.0	27.0	28.0	29.0	30.0	31.0	32.0	33.0	34.0	35.0	36.0	37.0	38.0	39.0	40.0
Sor-CPnd_017-Ex1-3G-lcwgs-1-2-L2-clmp.fp2_repr.R2	2.0	13.0	44.0	85.0	141.0	201.0	286.0	427.0	560.0	850.0	1351.0	1931.0	2943.0	4594.0	7287.0	15827.0	137597.0	382471.0
	24.0	25.0	26.0	27.0	28.0	29.0	30.0	31.0	32.0	33.0	34.0	35.0	36.0	37.0	38.0	39.0	40.0
Sor-CPnd_017-Ex1-3G-lcwgs-1-2-L3-clmp.fp2_repr.R1	4.0	14.0	51.0	106.0	191.0	276.0	381.0	464.0	783.0	1090.0	1697.0	2545.0	4191.0	7160.0	18084.0	158877.0	266281.0
	22.0	23.0	24.0	25.0	26.0	27.0	28.0	29.0	30.0	31.0	32.0	33.0	34.0	35.0	36.0	37.0	38.0	39.0	40.0
Sor-CPnd_017-Ex1-3G-lcwgs-1-2-L3-clmp.fp2_repr.R2	1.0	5.0	10.0	29.0	73.0	110.0	173.0	200.0	318.0	440.0	679.0	1043.0	1546.0	2324.0	3694.0	5987.0	13284.0	117343.0	314936.0
	23.0	24.0	25.0	26.0	27.0	28.0	29.0	30.0	31.0	32.0	33.0	34.0	35.0	36.0	37.0	38.0	39.0	40.0
Sor-CPnd_018-Ex1-1E-lcwgs-1-2-L2-clmp.fp2_repr.R1	1.0	6.0	62.0	172.0	349.0	647.0	890.0	1353.0	1802.0	2924.0	4416.0	6952.0	10141.0	16339.0	27170.0	66759.0	667727.0	885395.0
	22.0	23.0	24.0	25.0	26.0	27.0	28.0	29.0	30.0	31.0	32.0	33.0	34.0	35.0	36.0	37.0	38.0	39.0	40.0
Sor-CPnd_018-Ex1-1E-lcwgs-1-2-L2-clmp.fp2_repr.R2	1.0	9.0	57.0	139.0	288.0	456.0	687.0	885.0	1329.0	1911.0	2898.0	4302.0	6566.0	9543.0	15325.0	24055.0	53635.0	467468.0	1103551.0
	23.0	24.0	25.0	26.0	27.0	28.0	29.0	30.0	31.0	32.0	33.0	34.0	35.0	36.0	37.0	38.0	39.0	40.0
Sor-CPnd_018-Ex1-1E-lcwgs-1-2-L3-clmp.fp2_repr.R1	2.0	6.0	43.0	186.0	345.0	587.0	906.0	1238.0	1705.0	2872.0	4174.0	6468.0	9628.0	15662.0	26195.0	68605.0	649210.0	859836.0
	22.0	23.0	24.0	25.0	26.0	27.0	28.0	29.0	30.0	31.0	32.0	33.0	34.0	35.0	36.0	37.0	38.0	39.0	40.0
Sor-CPnd_018-Ex1-1E-lcwgs-1-2-L3-clmp.fp2_repr.R2	1.0	7.0	40.0	134.0	259.0	430.0	673.0	853.0	1232.0	1708.0	2776.0	4008.0	6242.0	9351.0	14853.0	23693.0	53767.0	467199.0	1060442.0
	24.0	25.0	26.0	27.0	28.0	29.0	30.0	31.0	32.0	33.0	34.0	35.0	36.0	37.0	38.0	39.0	40.0
Sor-CPnd_019-Ex1-6G-lcwgs-1-2-L2-clmp.fp2_repr.R1	8.0	36.0	128.0	233.0	420.0	644.0	885.0	1178.0	1932.0	3063.0	4767.0	6988.0	11269.0	17774.0	40908.0	400812.0	674869.0
	22.0	23.0	24.0	25.0	26.0	27.0	28.0	29.0	30.0	31.0	32.0	33.0	34.0	35.0	36.0	37.0	38.0	39.0	40.0
Sor-CPnd_019-Ex1-6G-lcwgs-1-2-L2-clmp.fp2_repr.R2	2.0	5.0	42.0	111.0	189.0	308.0	464.0	603.0	889.0	1269.0	1974.0	2917.0	4406.0	6238.0	9903.0	15346.0	31906.0	293752.0	795590.0
	24.0	25.0	26.0	27.0	28.0	29.0	30.0	31.0	32.0	33.0	34.0	35.0	36.0	37.0	38.0	39.0	40.0
Sor-CPnd_019-Ex1-6G-lcwgs-1-2-L3-clmp.fp2_repr.R1	7.0	24.0	97.0	175.0	345.0	512.0	716.0	999.0	1496.0	2205.0	3569.0	5404.0	8819.0	14530.0	35466.0	330891.0	567966.0
	22.0	23.0	24.0	25.0	26.0	27.0	28.0	29.0	30.0	31.0	32.0	33.0	34.0	35.0	36.0	37.0	38.0	39.0	40.0
Sor-CPnd_019-Ex1-6G-lcwgs-1-2-L3-clmp.fp2_repr.R2	1.0	5.0	38.0	70.0	152.0	260.0	389.0	443.0	627.0	933.0	1393.0	2286.0	3433.0	4902.0	7897.0	12388.0	26574.0	245887.0	665543.0
	23.0	24.0	25.0	26.0	27.0	28.0	29.0	30.0	31.0	32.0	33.0	34.0	35.0	36.0	37.0	38.0	39.0	40.0
Sor-CPnd_020-Ex1-2E-lcwgs-1-2-L2-clmp.fp2_repr.R1	1.0	12.0	74.0	164.0	367.0	511.0	781.0	1055.0	1516.0	2306.0	3413.0	5272.0	7745.0	12143.0	18872.0	40679.0	336320.0	536955.0
	22.0	23.0	24.0	25.0	26.0	27.0	28.0	29.0	30.0	31.0	32.0	33.0	34.0	35.0	36.0	37.0	38.0	39.0	40.0
Sor-CPnd_020-Ex1-2E-lcwgs-1-2-L2-clmp.fp2_repr.R2	1.0	9.0	41.0	106.0	195.0	321.0	469.0	627.0	897.0	1297.0	1923.0	2895.0	4396.0	6437.0	10314.0	15467.0	30895.0	229433.0	662463.0
	24.0	25.0	26.0	27.0	28.0	29.0	30.0	31.0	32.0	33.0	34.0	35.0	36.0	37.0	38.0	39.0	40.0
Sor-CPnd_020-Ex1-2E-lcwgs-1-2-L3-clmp.fp2_repr.R1	7.0	62.0	146.0	308.0	488.0	692.0	1037.0	1408.0	2240.0	3266.0	5120.0	7629.0	12302.0	20918.0	49106.0	436586.0	604531.0
	22.0	23.0	24.0	25.0	26.0	27.0	28.0	29.0	30.0	31.0	32.0	33.0	34.0	35.0	36.0	37.0	38.0	39.0	40.0
Sor-CPnd_020-Ex1-2E-lcwgs-1-2-L3-clmp.fp2_repr.R2	2.0	9.0	30.0	114.0	215.0	297.0	446.0	637.0	954.0	1312.0	2117.0	2979.0	4645.0	6912.0	10899.0	17284.0	36977.0	309758.0	750259.0
	24.0	25.0	26.0	27.0	28.0	29.0	30.0	31.0	32.0	33.0	34.0	35.0	36.0	37.0	38.0	39.0	40.0
Sor-CPnd_022-Ex1-7C-lcwgs-1-2-L2-clmp.fp2_repr.R1	18.0	52.0	165.0	308.0	524.0	818.0	1129.0	1571.0	2595.0	3940.0	6317.0	9496.0	15280.0	24479.0	55784.0	500521.0	758242.0
	22.0	23.0	24.0	25.0	26.0	27.0	28.0	29.0	30.0	31.0	32.0	33.0	34.0	35.0	36.0	37.0	38.0	39.0	40.0
Sor-CPnd_022-Ex1-7C-lcwgs-1-2-L2-clmp.fp2_repr.R2	1.0	11.0	51.0	150.0	229.0	407.0	633.0	830.0	1156.0	1667.0	2628.0	3895.0	5927.0	8874.0	13785.0	21693.0	45293.0	396720.0	877289.0
	23.0	24.0	25.0	26.0	27.0	28.0	29.0	30.0	31.0	32.0	33.0	34.0	35.0	36.0	37.0	38.0	39.0	40.0
Sor-CPnd_022-Ex1-7C-lcwgs-1-2-L3-clmp.fp2_repr.R1	1.0	11.0	50.0	139.0	252.0	446.0	622.0	931.0	1216.0	1977.0	3063.0	4712.0	7439.0	11836.0	19573.0	46959.0	406696.0	623985.0
	23.0	24.0	25.0	26.0	27.0	28.0	29.0	30.0	31.0	32.0	33.0	34.0	35.0	36.0	37.0	38.0	39.0	40.0
Sor-CPnd_022-Ex1-7C-lcwgs-1-2-L3-clmp.fp2_repr.R2	9.0	43.0	105.0	181.0	310.0	502.0	642.0	917.0	1291.0	2039.0	3107.0	4731.0	7025.0	10780.0	17058.0	37077.0	331728.0	712363.0
	23.0	24.0	25.0	26.0	27.0	28.0	29.0	30.0	31.0	32.0	33.0	34.0	35.0	36.0	37.0	38.0	39.0	40.0
Sor-CPnd_024-Ex1-5G-lcwgs-1-2-L2-clmp.fp2_repr.R1	1.0	5.0	12.0	50.0	93.0	152.0	226.0	326.0	434.0	618.0	871.0	1388.0	2019.0	3174.0	5286.0	12054.0	105086.0	198610.0
	23.0	24.0	25.0	26.0	27.0	28.0	29.0	30.0	31.0	32.0	33.0	34.0	35.0	36.0	37.0	38.0	39.0	40.0
Sor-CPnd_024-Ex1-5G-lcwgs-1-2-L2-clmp.fp2_repr.R2	1.0	11.0	26.0	52.0	92.0	143.0	177.0	243.0	363.0	530.0	769.0	1198.0	1707.0	2782.0	4253.0	8750.0	68234.0	241074.0
	24.0	25.0	26.0	27.0	28.0	29.0	30.0	31.0	32.0	33.0	34.0	35.0	36.0	37.0	38.0	39.0	40.0
Sor-CPnd_024-Ex1-5G-lcwgs-1-2-L3-clmp.fp2_repr.R1	2.0	5.0	43.0	86.0	139.0	180.0	259.0	371.0	544.0	764.0	1136.0	1737.0	2976.0	4933.0	12391.0	105220.0	179925.0
	23.0	24.0	25.0	26.0	27.0	28.0	29.0	30.0	31.0	32.0	33.0	34.0	35.0	36.0	37.0	38.0	39.0	40.0
Sor-CPnd_024-Ex1-5G-lcwgs-1-2-L3-clmp.fp2_repr.R2	1.0	10.0	20.0	44.0	74.0	106.0	163.0	242.0	303.0	448.0	705.0	1062.0	1583.0	2487.0	4061.0	8744.0	73220.0	217438.0
	23.0	24.0	25.0	26.0	27.0	28.0	29.0	30.0	31.0	32.0	33.0	34.0	35.0	36.0	37.0	38.0	39.0	40.0
Sor-CPnd_026-Ex1-3H-lcwgs-1-2-L2-clmp.fp2_repr.R1	1.0	6.0	31.0	57.0	126.0	252.0	334.0	469.0	669.0	1073.0	1640.0	2646.0	3947.0	6374.0	10262.0	23535.0	216719.0	335376.0
	23.0	24.0	25.0	26.0	27.0	28.0	29.0	30.0	31.0	32.0	33.0	34.0	35.0	36.0	37.0	38.0	39.0	40.0
Sor-CPnd_026-Ex1-3H-lcwgs-1-2-L2-clmp.fp2_repr.R2	2.0	14.0	46.0	111.0	171.0	266.0	350.0	505.0	710.0	1070.0	1617.0	2519.0	3613.0	5634.0	9142.0	19501.0	180215.0	378031.0
	24.0	25.0	26.0	27.0	28.0	29.0	30.0	31.0	32.0	33.0	34.0	35.0	36.0	37.0	38.0	39.0	40.0
Sor-CPnd_026-Ex1-3H-lcwgs-1-2-L3-clmp.fp2_repr.R1	3.0	16.0	43.0	88.0	168.0	255.0	355.0	482.0	795.0	1179.0	1862.0	2950.0	4777.0	8053.0	19180.0	169270.0	263030.0
	23.0	24.0	25.0	26.0	27.0	28.0	29.0	30.0	31.0	32.0	33.0	34.0	35.0	36.0	37.0	38.0	39.0	40.0
Sor-CPnd_026-Ex1-3H-lcwgs-1-2-L3-clmp.fp2_repr.R2	5.0	17.0	34.0	77.0	128.0	156.0	266.0	332.0	491.0	752.0	1253.0	1867.0	2847.0	4436.0	6982.0	15624.0	144042.0	293197.0
	23.0	24.0	25.0	26.0	27.0	28.0	29.0	30.0	31.0	32.0	33.0	34.0	35.0	36.0	37.0	38.0	39.0	40.0
Sor-CPnd_027-Ex1-3C-lcwgs-1-2-L2-clmp.fp2_repr.R1	2.0	12.0	42.0	143.0	258.0	433.0	586.0	895.0	1329.0	2091.0	3429.0	5519.0	8548.0	13440.0	21564.0	46619.0	407858.0	606746.0
	22.0	23.0	24.0	25.0	26.0	27.0	28.0	29.0	30.0	31.0	32.0	33.0	34.0	35.0	36.0	37.0	38.0	39.0	40.0
Sor-CPnd_027-Ex1-3C-lcwgs-1-2-L2-clmp.fp2_repr.R2	1.0	7.0	40.0	126.0	210.0	317.0	502.0	668.0	895.0	1464.0	2225.0	3474.0	5257.0	7807.0	12370.0	19164.0	40258.0	362997.0	661732.0
	23.0	24.0	25.0	26.0	27.0	28.0	29.0	30.0	31.0	32.0	33.0	34.0	35.0	36.0	37.0	38.0	39.0	40.0
Sor-CPnd_027-Ex1-3C-lcwgs-1-2-L3-clmp.fp2_repr.R1	1.0	5.0	34.0	101.0	194.0	333.0	448.0	656.0	1004.0	1550.0	2467.0	4091.0	6091.0	9884.0	16498.0	37720.0	320572.0	472765.0
	22.0	23.0	24.0	25.0	26.0	27.0	28.0	29.0	30.0	31.0	32.0	33.0	34.0	35.0	36.0	37.0	38.0	39.0	40.0
Sor-CPnd_027-Ex1-3C-lcwgs-1-2-L3-clmp.fp2_repr.R2	2.0	3.0	36.0	77.0	166.0	254.0	402.0	499.0	707.0	1094.0	1684.0	2582.0	4056.0	5908.0	9129.0	14636.0	31594.0	290362.0	511223.0
	23.0	24.0	25.0	26.0	27.0	28.0	29.0	30.0	31.0	32.0	33.0	34.0	35.0	36.0	37.0	38.0	39.0	40.0
Sor-CPnd_028-Ex1-3A-lcwgs-1-2-L2-clmp.fp2_repr.R1	2.0	15.0	58.0	160.0	370.0	569.0	795.0	1238.0	1765.0	2880.0	4570.0	7270.0	11016.0	17635.0	27244.0	59623.0	523489.0	770634.0
	23.0	24.0	25.0	26.0	27.0	28.0	29.0	30.0	31.0	32.0	33.0	34.0	35.0	36.0	37.0	38.0	39.0	40.0
Sor-CPnd_028-Ex1-3A-lcwgs-1-2-L2-clmp.fp2_repr.R2	16.0	53.0	190.0	302.0	485.0	661.0	907.0	1339.0	1869.0	2945.0	4362.0	6715.0	9920.0	15420.0	24144.0	49880.0	439742.0	870383.0
	23.0	24.0	25.0	26.0	27.0	28.0	29.0	30.0	31.0	32.0	33.0	34.0	35.0	36.0	37.0	38.0	39.0	40.0
Sor-CPnd_028-Ex1-3A-lcwgs-1-2-L3-clmp.fp2_repr.R1	1.0	9.0	41.0	135.0	233.0	452.0	659.0	957.0	1466.0	2237.0	3558.0	5744.0	8449.0	13270.0	21824.0	50181.0	426382.0	626412.0
	22.0	23.0	24.0	25.0	26.0	27.0	28.0	29.0	30.0	31.0	32.0	33.0	34.0	35.0	36.0	37.0	38.0	39.0	40.0
Sor-CPnd_028-Ex1-3A-lcwgs-1-2-L3-clmp.fp2_repr.R2	3.0	12.0	52.0	137.0	208.0	329.0	543.0	673.0	915.0	1430.0	2240.0	3522.0	5330.0	7922.0	12475.0	19406.0	41017.0	359776.0	706020.0
	23.0	24.0	25.0	26.0	27.0	28.0	29.0	30.0	31.0	32.0	33.0	34.0	35.0	36.0	37.0	38.0	39.0	40.0
Sor-CPnd_029-Ex1-8E-lcwgs-1-2-L2-clmp.fp2_repr.R1	2.0	11.0	80.0	239.0	456.0	770.0	1123.0	1672.0	2358.0	3740.0	5589.0	9074.0	13687.0	22053.0	35344.0	82070.0	745447.0	1123503.0
	22.0	23.0	24.0	25.0	26.0	27.0	28.0	29.0	30.0	31.0	32.0	33.0	34.0	35.0	36.0	37.0	38.0	39.0	40.0
Sor-CPnd_029-Ex1-8E-lcwgs-1-2-L2-clmp.fp2_repr.R2	2.0	19.0	88.0	186.0	465.0	610.0	946.0	1251.0	1766.0	2611.0	3923.0	5812.0	8707.0	13100.0	20054.0	31733.0	65926.0	574725.0	1315294.0
	23.0	24.0	25.0	26.0	27.0	28.0	29.0	30.0	31.0	32.0	33.0	34.0	35.0	36.0	37.0	38.0	39.0	40.0
Sor-CPnd_029-Ex1-8E-lcwgs-1-2-L3-clmp.fp2_repr.R1	1.0	9.0	60.0	170.0	366.0	656.0	957.0	1381.0	1962.0	3020.0	4600.0	7342.0	10963.0	17858.0	29167.0	72258.0	617126.0	945796.0
	22.0	23.0	24.0	25.0	26.0	27.0	28.0	29.0	30.0	31.0	32.0	33.0	34.0	35.0	36.0	37.0	38.0	39.0	40.0
Sor-CPnd_029-Ex1-8E-lcwgs-1-2-L3-clmp.fp2_repr.R2	1.0	8.0	60.0	142.0	307.0	489.0	782.0	972.0	1393.0	1965.0	3017.0	4633.0	7115.0	10434.0	16164.0	25601.0	55103.0	470471.0	1115035.0
	23.0	24.0	25.0	26.0	27.0	28.0	29.0	30.0	31.0	32.0	33.0	34.0	35.0	36.0	37.0	38.0	39.0	40.0
Sor-CPnd_030-Ex1-2H-lcwgs-1-2-L2-clmp.fp2_repr.R1	1.0	6.0	35.0	98.0	156.0	282.0	344.0	546.0	687.0	1082.0	1576.0	2416.0	3487.0	5798.0	9092.0	19694.0	167654.0	274895.0
	23.0	24.0	25.0	26.0	27.0	28.0	29.0	30.0	31.0	32.0	33.0	34.0	35.0	36.0	37.0	38.0	39.0	40.0
Sor-CPnd_030-Ex1-2H-lcwgs-1-2-L2-clmp.fp2_repr.R2	4.0	21.0	23.0	87.0	133.0	201.0	299.0	423.0	586.0	928.0	1259.0	1997.0	3048.0	4579.0	6890.0	14655.0	110177.0	342539.0
	24.0	25.0	26.0	27.0	28.0	29.0	30.0	31.0	32.0	33.0	34.0	35.0	36.0	37.0	38.0	39.0	40.0
Sor-CPnd_030-Ex1-2H-lcwgs-1-2-L3-clmp.fp2_repr.R1	3.0	28.0	68.0	169.0	257.0	356.0	485.0	696.0	969.0	1517.0	2222.0	3523.0	5676.0	9553.0	23398.0	209514.0	303062.0
	23.0	24.0	25.0	26.0	27.0	28.0	29.0	30.0	31.0	32.0	33.0	34.0	35.0	36.0	37.0	38.0	39.0	40.0
Sor-CPnd_030-Ex1-2H-lcwgs-1-2-L3-clmp.fp2_repr.R2	4.0	14.0	44.0	87.0	146.0	193.0	301.0	416.0	620.0	926.0	1304.0	2006.0	3101.0	4876.0	7568.0	16707.0	145283.0	377900.0
	23.0	24.0	25.0	26.0	27.0	28.0	29.0	30.0	31.0	32.0	33.0	34.0	35.0	36.0	37.0	38.0	39.0	40.0
Sor-CPnd_031-Ex1-5D-lcwgs-1-2-L2-clmp.fp2_repr.R1	1.0	13.0	32.0	123.0	185.0	347.0	518.0	650.0	982.0	1552.0	2454.0	3918.0	5797.0	9265.0	14726.0	31423.0	264469.0	474137.0
	22.0	23.0	24.0	25.0	26.0	27.0	28.0	29.0	30.0	31.0	32.0	33.0	34.0	35.0	36.0	37.0	38.0	39.0	40.0
Sor-CPnd_031-Ex1-5D-lcwgs-1-2-L2-clmp.fp2_repr.R2	2.0	1.0	34.0	77.0	145.0	225.0	336.0	484.0	736.0	938.0	1512.0	2267.0	3398.0	5045.0	7972.0	12231.0	24554.0	197707.0	552928.0
	24.0	25.0	26.0	27.0	28.0	29.0	30.0	31.0	32.0	33.0	34.0	35.0	36.0	37.0	38.0	39.0	40.0
Sor-CPnd_031-Ex1-5D-lcwgs-1-2-L3-clmp.fp2_repr.R1	12.0	29.0	79.0	186.0	320.0	436.0	623.0	876.0	1417.0	2097.0	3330.0	5100.0	8202.0	13763.0	32711.0	280331.0	437727.0
	23.0	24.0	25.0	26.0	27.0	28.0	29.0	30.0	31.0	32.0	33.0	34.0	35.0	36.0	37.0	38.0	39.0	40.0
Sor-CPnd_031-Ex1-5D-lcwgs-1-2-L3-clmp.fp2_repr.R2	1.0	24.0	54.0	145.0	180.0	329.0	430.0	597.0	932.0	1385.0	2077.0	3144.0	4752.0	7447.0	11729.0	25229.0	221268.0	507516.0
	24.0	25.0	26.0	27.0	28.0	29.0	30.0	31.0	32.0	33.0	34.0	35.0	36.0	37.0	38.0	39.0	40.0
Sor-CPnd_033-Ex1-2F-lcwgs-1-2-L2-clmp.fp2_repr.R1	2.0	28.0	81.0	152.0	278.0	363.0	517.0	758.0	1095.0	1586.0	2376.0	3489.0	5500.0	8549.0	19082.0	159498.0	246267.0
	23.0	24.0	25.0	26.0	27.0	28.0	29.0	30.0	31.0	32.0	33.0	34.0	35.0	36.0	37.0	38.0	39.0	40.0
Sor-CPnd_033-Ex1-2F-lcwgs-1-2-L2-clmp.fp2_repr.R2	3.0	20.0	55.0	104.0	145.0	237.0	290.0	395.0	621.0	900.0	1303.0	1969.0	2874.0	4528.0	7004.0	14227.0	105564.0	309382.0
	23.0	24.0	25.0	26.0	27.0	28.0	29.0	30.0	31.0	32.0	33.0	34.0	35.0	36.0	37.0	38.0	39.0	40.0
Sor-CPnd_033-Ex1-2F-lcwgs-1-2-L3-clmp.fp2_repr.R1	1.0	4.0	24.0	66.0	167.0	256.0	387.0	481.0	677.0	1060.0	1528.0	2321.0	3553.0	5692.0	9720.0	23317.0	204096.0	274830.0
	24.0	25.0	26.0	27.0	28.0	29.0	30.0	31.0	32.0	33.0	34.0	35.0	36.0	37.0	38.0	39.0	40.0
Sor-CPnd_033-Ex1-2F-lcwgs-1-2-L3-clmp.fp2_repr.R2	16.0	40.0	85.0	127.0	244.0	297.0	389.0	648.0	950.0	1456.0	2094.0	3139.0	4926.0	7877.0	16841.0	141531.0	347520.0
	23.0	24.0	25.0	26.0	27.0	28.0	29.0	30.0	31.0	32.0	33.0	34.0	35.0	36.0	37.0	38.0	39.0	40.0
Sor-CPnd_034-Ex1-4G-lcwgs-1-2-L2-clmp.fp2_repr.R1	1.0	1.0	13.0	31.0	84.0	121.0	205.0	253.0	326.0	494.0	776.0	1223.0	1789.0	2873.0	4802.0	11969.0	124208.0	226181.0
	22.0	23.0	24.0	25.0	26.0	27.0	28.0	29.0	30.0	31.0	32.0	33.0	34.0	35.0	36.0	37.0	38.0	39.0	40.0
Sor-CPnd_034-Ex1-4G-lcwgs-1-2-L2-clmp.fp2_repr.R2	1.0	0.0	9.0	27.0	52.0	76.0	128.0	162.0	224.0	345.0	499.0	754.0	1079.0	1631.0	2633.0	4095.0	8386.0	80185.0	275064.0
	24.0	25.0	26.0	27.0	28.0	29.0	30.0	31.0	32.0	33.0	34.0	35.0	36.0	37.0	38.0	39.0	40.0
Sor-CPnd_034-Ex1-4G-lcwgs-1-2-L3-clmp.fp2_repr.R1	5.0	9.0	28.0	52.0	115.0	158.0	195.0	301.0	455.0	618.0	887.0	1333.0	2387.0	3984.0	10213.0	98791.0	185961.0
	24.0	25.0	26.0	27.0	28.0	29.0	30.0	31.0	32.0	33.0	34.0	35.0	36.0	37.0	38.0	39.0	40.0
Sor-CPnd_034-Ex1-4G-lcwgs-1-2-L3-clmp.fp2_repr.R2	3.0	23.0	33.0	62.0	100.0	122.0	204.0	232.0	431.0	530.0	896.0	1304.0	2013.0	3075.0	7052.0	65896.0	223516.0
	23.0	24.0	25.0	26.0	27.0	28.0	29.0	30.0	31.0	32.0	33.0	34.0	35.0	36.0	37.0	38.0	39.0	40.0
Sor-CPnd_036-Ex1-5C-lcwgs-1-2-L2-clmp.fp2_repr.R1	1.0	9.0	34.0	107.0	188.0	366.0	525.0	737.0	1012.0	1583.0	2357.0	3534.0	5500.0	8614.0	13673.0	30863.0	260006.0	484635.0
	22.0	23.0	24.0	25.0	26.0	27.0	28.0	29.0	30.0	31.0	32.0	33.0	34.0	35.0	36.0	37.0	38.0	39.0	40.0
Sor-CPnd_036-Ex1-5C-lcwgs-1-2-L2-clmp.fp2_repr.R2	1.0	4.0	24.0	88.0	155.0	226.0	332.0	450.0	593.0	926.0	1307.0	1982.0	3118.0	4781.0	7204.0	11167.0	22659.0	182141.0	576586.0
	24.0	25.0	26.0	27.0	28.0	29.0	30.0	31.0	32.0	33.0	34.0	35.0	36.0	37.0	38.0	39.0	40.0
Sor-CPnd_036-Ex1-5C-lcwgs-1-2-L3-clmp.fp2_repr.R1	7.0	17.0	88.0	186.0	312.0	451.0	651.0	875.0	1401.0	1951.0	3190.0	4733.0	7607.0	12723.0	31013.0	261903.0	436056.0
	23.0	24.0	25.0	26.0	27.0	28.0	29.0	30.0	31.0	32.0	33.0	34.0	35.0	36.0	37.0	38.0	39.0	40.0
Sor-CPnd_036-Ex1-5C-lcwgs-1-2-L3-clmp.fp2_repr.R2	3.0	23.0	55.0	117.0	180.0	305.0	403.0	568.0	867.0	1219.0	1875.0	2853.0	4247.0	6739.0	10449.0	22543.0	197195.0	513523.0
	22.0	23.0	24.0	25.0	26.0	27.0	28.0	29.0	30.0	31.0	32.0	33.0	34.0	35.0	36.0	37.0	38.0	39.0	40.0
Sor-CPnd_037-Ex1-6C-lcwgs-1-2-L2-clmp.fp2_repr.R1	1.0	0.0	8.0	51.0	144.0	295.0	462.0	684.0	976.0	1348.0	2213.0	3329.0	5458.0	8255.0	13094.0	20728.0	46914.0	429493.0	677161.0
	23.0	24.0	25.0	26.0	27.0	28.0	29.0	30.0	31.0	32.0	33.0	34.0	35.0	36.0	37.0	38.0	39.0	40.0
Sor-CPnd_037-Ex1-6C-lcwgs-1-2-L2-clmp.fp2_repr.R2	8.0	44.0	130.0	226.0	317.0	537.0	709.0	1058.0	1383.0	2283.0	3327.0	4958.0	7554.0	11483.0	17948.0	37372.0	339790.0	781487.0
	23.0	24.0	25.0	26.0	27.0	28.0	29.0	30.0	31.0	32.0	33.0	34.0	35.0	36.0	37.0	38.0	39.0	40.0
Sor-CPnd_037-Ex1-6C-lcwgs-1-2-L3-clmp.fp2_repr.R1	3.0	6.0	44.0	96.0	243.0	383.0	538.0	762.0	1089.0	1714.0	2620.0	4059.0	6220.0	10066.0	16310.0	39073.0	350565.0	561781.0
	22.0	23.0	24.0	25.0	26.0	27.0	28.0	29.0	30.0	31.0	32.0	33.0	34.0	35.0	36.0	37.0	38.0	39.0	40.0
Sor-CPnd_037-Ex1-6C-lcwgs-1-2-L3-clmp.fp2_repr.R2	1.0	5.0	39.0	90.0	168.0	261.0	407.0	510.0	779.0	1103.0	1848.0	2670.0	3974.0	5905.0	9049.0	14296.0	30246.0	279844.0	644377.0
	24.0	25.0	26.0	27.0	28.0	29.0	30.0	31.0	32.0	33.0	34.0	35.0	36.0	37.0	38.0	39.0	40.0
Sor-CPnd_038-Ex1-2A-lcwgs-1-2-L2-clmp.fp2_repr.R1	11.0	41.0	118.0	222.0	367.0	494.0	731.0	1009.0	1663.0	2482.0	3869.0	5982.0	9136.0	14215.0	28671.0	216557.0	338968.0
	23.0	24.0	25.0	26.0	27.0	28.0	29.0	30.0	31.0	32.0	33.0	34.0	35.0	36.0	37.0	38.0	39.0	40.0
Sor-CPnd_038-Ex1-2A-lcwgs-1-2-L2-clmp.fp2_repr.R2	8.0	37.0	62.0	173.0	232.0	377.0	502.0	655.0	909.0	1436.0	2232.0	3190.0	4926.0	7685.0	11715.0	23045.0	174161.0	393191.0
	24.0	25.0	26.0	27.0	28.0	29.0	30.0	31.0	32.0	33.0	34.0	35.0	36.0	37.0	38.0	39.0	40.0
Sor-CPnd_038-Ex1-2A-lcwgs-1-2-L3-clmp.fp2_repr.R1	11.0	41.0	118.0	219.0	338.0	463.0	673.0	993.0	1550.0	2481.0	3834.0	5634.0	9199.0	15006.0	35030.0	287162.0	380196.0
	21.0	22.0	23.0	24.0	25.0	26.0	27.0	28.0	29.0	30.0	31.0	32.0	33.0	34.0	35.0	36.0	37.0	38.0	39.0	40.0
Sor-CPnd_038-Ex1-2A-lcwgs-1-2-L3-clmp.fp2_repr.R2	1.0	0.0	6.0	32.0	76.0	162.0	219.0	380.0	502.0	730.0	1017.0	1595.0	2332.0	3657.0	5398.0	8376.0	13251.0	27486.0	233824.0	443904.0
	24.0	25.0	26.0	27.0	28.0	29.0	30.0	31.0	32.0	33.0	34.0	35.0	36.0	37.0	38.0	39.0	40.0
Sor-CPnd_041-Ex1-7A-lcwgs-1-2-L2-clmp.fp2_repr.R1	16.0	42.0	146.0	287.0	467.0	699.0	1040.0	1356.0	2112.0	3055.0	4751.0	7431.0	11797.0	19395.0	49861.0	567305.0	729987.0
	23.0	24.0	25.0	26.0	27.0	28.0	29.0	30.0	31.0	32.0	33.0	34.0	35.0	36.0	37.0	38.0	39.0	40.0
Sor-CPnd_041-Ex1-7A-lcwgs-1-2-L2-clmp.fp2_repr.R2	7.0	38.0	119.0	184.0	312.0	483.0	626.0	894.0	1264.0	1897.0	2814.0	4152.0	6037.0	9860.0	15729.0	35321.0	378253.0	941757.0
	24.0	25.0	26.0	27.0	28.0	29.0	30.0	31.0	32.0	33.0	34.0	35.0	36.0	37.0	38.0	39.0	40.0
Sor-CPnd_041-Ex1-7A-lcwgs-1-2-L3-clmp.fp2_repr.R1	7.0	39.0	139.0	267.0	464.0	623.0	933.0	1335.0	1967.0	3039.0	4553.0	6822.0	11237.0	19126.0	52125.0	556464.0	716498.0
	22.0	23.0	24.0	25.0	26.0	27.0	28.0	29.0	30.0	31.0	32.0	33.0	34.0	35.0	36.0	37.0	38.0	39.0	40.0
Sor-CPnd_041-Ex1-7A-lcwgs-1-2-L3-clmp.fp2_repr.R2	1.0	2.0	38.0	109.0	187.0	259.0	404.0	595.0	883.0	1202.0	1827.0	2591.0	4084.0	5970.0	9627.0	15437.0	36340.0	381501.0	914581.0
	23.0	24.0	25.0	26.0	27.0	28.0	29.0	30.0	31.0	32.0	33.0	34.0	35.0	36.0	37.0	38.0	39.0	40.0
Sor-CPnd_043-Ex1-1D-lcwgs-1-2-L2-clmp.fp2_repr.R1	1.0	20.0	70.0	182.0	422.0	693.0	997.0	1422.0	2104.0	3396.0	5167.0	8612.0	13029.0	20821.0	33133.0	75362.0	716811.0	1068553.0
	22.0	23.0	24.0	25.0	26.0	27.0	28.0	29.0	30.0	31.0	32.0	33.0	34.0	35.0	36.0	37.0	38.0	39.0	40.0
Sor-CPnd_043-Ex1-1D-lcwgs-1-2-L2-clmp.fp2_repr.R2	2.0	17.0	73.0	176.0	420.0	583.0	905.0	1302.0	1763.0	2409.0	3775.0	5712.0	8713.0	12765.0	19899.0	31761.0	66490.0	594367.0	1199663.0
	23.0	24.0	25.0	26.0	27.0	28.0	29.0	30.0	31.0	32.0	33.0	34.0	35.0	36.0	37.0	38.0	39.0	40.0
Sor-CPnd_043-Ex1-1D-lcwgs-1-2-L3-clmp.fp2_repr.R1	1.0	8.0	51.0	171.0	315.0	604.0	838.0	1172.0	1646.0	2693.0	4126.0	6732.0	10046.0	16111.0	26787.0	64487.0	591003.0	884755.0
	22.0	23.0	24.0	25.0	26.0	27.0	28.0	29.0	30.0	31.0	32.0	33.0	34.0	35.0	36.0	37.0	38.0	39.0	40.0
Sor-CPnd_043-Ex1-1D-lcwgs-1-2-L3-clmp.fp2_repr.R2	1.0	9.0	58.0	142.0	323.0	482.0	758.0	944.0	1413.0	1883.0	2932.0	4528.0	6886.0	10096.0	15970.0	25384.0	55564.0	499492.0	984681.0
	24.0	25.0	26.0	27.0	28.0	29.0	30.0	31.0	32.0	33.0	34.0	35.0	36.0	37.0	38.0	39.0	40.0
Sor-CPnd_044-Ex1-8G-lcwgs-1-2-L2-clmp.fp2_repr.R1	11.0	36.0	137.0	242.0	449.0	603.0	950.0	1238.0	1945.0	2817.0	4446.0	6869.0	10993.0	17573.0	41616.0	398968.0	674322.0
	23.0	24.0	25.0	26.0	27.0	28.0	29.0	30.0	31.0	32.0	33.0	34.0	35.0	36.0	37.0	38.0	39.0	40.0
Sor-CPnd_044-Ex1-8G-lcwgs-1-2-L2-clmp.fp2_repr.R2	6.0	35.0	106.0	223.0	334.0	472.0	656.0	889.0	1221.0	1957.0	2944.0	4408.0	6457.0	10032.0	15655.0	33460.0	300491.0	783869.0
	23.0	24.0	25.0	26.0	27.0	28.0	29.0	30.0	31.0	32.0	33.0	34.0	35.0	36.0	37.0	38.0	39.0	40.0
Sor-CPnd_044-Ex1-8G-lcwgs-1-2-L3-clmp.fp2_repr.R1	2.0	4.0	41.0	90.0	197.0	365.0	470.0	705.0	879.0	1532.0	2295.0	3465.0	5346.0	8598.0	14526.0	35591.0	325708.0	557821.0
	23.0	24.0	25.0	26.0	27.0	28.0	29.0	30.0	31.0	32.0	33.0	34.0	35.0	36.0	37.0	38.0	39.0	40.0
Sor-CPnd_044-Ex1-8G-lcwgs-1-2-L3-clmp.fp2_repr.R2	6.0	23.0	63.0	144.0	225.0	371.0	453.0	697.0	950.0	1526.0	2362.0	3343.0	4980.0	7809.0	12501.0	27177.0	247884.0	647121.0
	23.0	24.0	25.0	26.0	27.0	28.0	29.0	30.0	31.0	32.0	33.0	34.0	35.0	36.0	37.0	38.0	39.0	40.0
Sor-CPnd_045-Ex1-7B-lcwgs-1-2-L2-clmp.fp2_repr.R1	2.0	13.0	55.0	190.0	309.0	595.0	828.0	1227.0	1768.0	2786.0	4284.0	7211.0	11090.0	17349.0	27612.0	62188.0	575836.0	892811.0
	22.0	23.0	24.0	25.0	26.0	27.0	28.0	29.0	30.0	31.0	32.0	33.0	34.0	35.0	36.0	37.0	38.0	39.0	40.0
Sor-CPnd_045-Ex1-7B-lcwgs-1-2-L2-clmp.fp2_repr.R2	3.0	12.0	78.0	177.0	300.0	446.0	723.0	969.0	1325.0	2002.0	3161.0	4601.0	6789.0	10539.0	16411.0	25530.0	52565.0	480257.0	1000266.0
	24.0	25.0	26.0	27.0	28.0	29.0	30.0	31.0	32.0	33.0	34.0	35.0	36.0	37.0	38.0	39.0	40.0
Sor-CPnd_045-Ex1-7B-lcwgs-1-2-L3-clmp.fp2_repr.R1	10.0	44.0	134.0	269.0	426.0	592.0	894.0	1371.0	2114.0	3169.0	5340.0	8066.0	12972.0	21273.0	51185.0	462502.0	713894.0
	23.0	24.0	25.0	26.0	27.0	28.0	29.0	30.0	31.0	32.0	33.0	34.0	35.0	36.0	37.0	38.0	39.0	40.0
Sor-CPnd_045-Ex1-7B-lcwgs-1-2-L3-clmp.fp2_repr.R2	5.0	46.0	120.0	229.0	343.0	519.0	720.0	1031.0	1464.0	2307.0	3425.0	5428.0	8072.0	12500.0	19716.0	42167.0	393425.0	792738.0
	24.0	25.0	26.0	27.0	28.0	29.0	30.0	31.0	32.0	33.0	34.0	35.0	36.0	37.0	38.0	39.0	40.0
Sor-CPnd_046-Ex1-5A-lcwgs-1-2-L2-clmp.fp2_repr.R1	5.0	17.0	44.0	85.0	166.0	226.0	302.0	403.0	630.0	894.0	1402.0	2092.0	3395.0	5353.0	12687.0	113159.0	207538.0
	23.0	24.0	25.0	26.0	27.0	28.0	29.0	30.0	31.0	32.0	33.0	34.0	35.0	36.0	37.0	38.0	39.0	40.0
Sor-CPnd_046-Ex1-5A-lcwgs-1-2-L2-clmp.fp2_repr.R2	1.0	12.0	32.0	58.0	115.0	134.0	173.0	241.0	347.0	547.0	804.0	1143.0	1714.0	2715.0	4220.0	8879.0	72777.0	254486.0
	24.0	25.0	26.0	27.0	28.0	29.0	30.0	31.0	32.0	33.0	34.0	35.0	36.0	37.0	38.0	39.0	40.0
Sor-CPnd_046-Ex1-5A-lcwgs-1-2-L3-clmp.fp2_repr.R1	1.0	9.0	48.0	85.0	140.0	197.0	286.0	412.0	563.0	869.0	1288.0	1865.0	3256.0	5521.0	13391.0	116118.0	191791.0
	22.0	23.0	24.0	25.0	26.0	27.0	28.0	29.0	30.0	31.0	32.0	33.0	34.0	35.0	36.0	37.0	38.0	39.0	40.0
Sor-CPnd_046-Ex1-5A-lcwgs-1-2-L3-clmp.fp2_repr.R2	1.0	2.0	11.0	17.0	45.0	87.0	137.0	174.0	241.0	330.0	502.0	714.0	1135.0	1703.0	2660.0	4218.0	9238.0	81356.0	233269.0
	24.0	25.0	26.0	27.0	28.0	29.0	30.0	31.0	32.0	33.0	34.0	35.0	36.0	37.0	38.0	39.0	40.0
Sor-CPnd_049-Ex1-3B-lcwgs-1-2-L2-clmp.fp2_repr.R1	4.0	19.0	45.0	73.0	184.0	246.0	327.0	490.0	741.0	1204.0	1869.0	2808.0	4681.0	7729.0	17813.0	166861.0	272279.0
	22.0	23.0	24.0	25.0	26.0	27.0	28.0	29.0	30.0	31.0	32.0	33.0	34.0	35.0	36.0	37.0	38.0	39.0	40.0
Sor-CPnd_049-Ex1-3B-lcwgs-1-2-L2-clmp.fp2_repr.R2	2.0	4.0	8.0	26.0	61.0	100.0	174.0	251.0	300.0	475.0	826.0	1159.0	1806.0	2602.0	4154.0	6733.0	14440.0	129999.0	314253.0
	23.0	24.0	25.0	26.0	27.0	28.0	29.0	30.0	31.0	32.0	33.0	34.0	35.0	36.0	37.0	38.0	39.0	40.0
Sor-CPnd_049-Ex1-3B-lcwgs-1-2-L3-clmp.fp2_repr.R1	1.0	2.0	17.0	37.0	57.0	135.0	194.0	271.0	361.0	573.0	903.0	1397.0	2104.0	3589.0	6005.0	14870.0	132970.0	215504.0
	23.0	24.0	25.0	26.0	27.0	28.0	29.0	30.0	31.0	32.0	33.0	34.0	35.0	36.0	37.0	38.0	39.0	40.0
Sor-CPnd_049-Ex1-3B-lcwgs-1-2-L3-clmp.fp2_repr.R2	4.0	8.0	21.0	65.0	90.0	110.0	162.0	249.0	360.0	593.0	846.0	1376.0	1991.0	3319.0	5202.0	11684.0	106278.0	246632.0
	22.0	23.0	24.0	25.0	26.0	27.0	28.0	29.0	30.0	31.0	32.0	33.0	34.0	35.0	36.0	37.0	38.0	39.0	40.0
Sor-CPnd_050-Ex1-3F-lcwgs-1-2-L2-clmp.fp2_repr.R1	1.0	3.0	11.0	66.0	183.0	344.0	625.0	918.0	1385.0	1848.0	3041.0	4566.0	7202.0	10991.0	17620.0	28168.0	65878.0	627899.0	961915.0
	22.0	23.0	24.0	25.0	26.0	27.0	28.0	29.0	30.0	31.0	32.0	33.0	34.0	35.0	36.0	37.0	38.0	39.0	40.0
Sor-CPnd_050-Ex1-3F-lcwgs-1-2-L2-clmp.fp2_repr.R2	1.0	10.0	50.0	151.0	302.0	463.0	731.0	929.0	1283.0	1918.0	2916.0	4434.0	6592.0	9839.0	15293.0	24137.0	51443.0	462765.0	1149407.0
	23.0	24.0	25.0	26.0	27.0	28.0	29.0	30.0	31.0	32.0	33.0	34.0	35.0	36.0	37.0	38.0	39.0	40.0
Sor-CPnd_050-Ex1-3F-lcwgs-1-2-L3-clmp.fp2_repr.R1	1.0	8.0	37.0	133.0	301.0	563.0	722.0	1092.0	1566.0	2302.0	3618.0	5792.0	8780.0	14021.0	23570.0	56814.0	517027.0	805344.0
	22.0	23.0	24.0	25.0	26.0	27.0	28.0	29.0	30.0	31.0	32.0	33.0	34.0	35.0	36.0	37.0	38.0	39.0	40.0
Sor-CPnd_050-Ex1-3F-lcwgs-1-2-L3-clmp.fp2_repr.R2	1.0	8.0	44.0	96.0	214.0	359.0	548.0	727.0	1008.0	1456.0	2338.0	3426.0	5271.0	7994.0	12635.0	19704.0	43003.0	385081.0	957778.0
	23.0	24.0	25.0	26.0	27.0	28.0	29.0	30.0	31.0	32.0	33.0	34.0	35.0	36.0	37.0	38.0	39.0	40.0
Sor-CPnd_052-Ex1-6D-lcwgs-1-2-L2-clmp.fp2_repr.R1	1.0	9.0	32.0	95.0	190.0	305.0	473.0	715.0	997.0	1510.0	2052.0	3313.0	4982.0	7935.0	13084.0	31790.0	309761.0	486504.0
	23.0	24.0	25.0	26.0	27.0	28.0	29.0	30.0	31.0	32.0	33.0	34.0	35.0	36.0	37.0	38.0	39.0	40.0
Sor-CPnd_052-Ex1-6D-lcwgs-1-2-L2-clmp.fp2_repr.R2	2.0	21.0	61.0	116.0	233.0	335.0	402.0	605.0	832.0	1308.0	1892.0	2881.0	4214.0	6695.0	10658.0	22641.0	207496.0	603356.0
	23.0	24.0	25.0	26.0	27.0	28.0	29.0	30.0	31.0	32.0	33.0	34.0	35.0	36.0	37.0	38.0	39.0	40.0
Sor-CPnd_052-Ex1-6D-lcwgs-1-2-L3-clmp.fp2_repr.R1	1.0	9.0	25.0	96.0	159.0	306.0	449.0	606.0	861.0	1217.0	1754.0	2692.0	4029.0	6617.0	11232.0	28128.0	260434.0	421498.0
	23.0	24.0	25.0	26.0	27.0	28.0	29.0	30.0	31.0	32.0	33.0	34.0	35.0	36.0	37.0	38.0	39.0	40.0
Sor-CPnd_052-Ex1-6D-lcwgs-1-2-L3-clmp.fp2_repr.R2	5.0	13.0	49.0	120.0	161.0	281.0	328.0	497.0	708.0	1063.0	1468.0	2393.0	3499.0	5415.0	8748.0	19597.0	177458.0	518310.0
	24.0	25.0	26.0	27.0	28.0	29.0	30.0	31.0	32.0	33.0	34.0	35.0	36.0	37.0	38.0	39.0	40.0
Sor-CPnd_053-Ex1-2C-lcwgs-1-2-L2-clmp.fp2_repr.R1	5.0	34.0	120.0	197.0	338.0	483.0	712.0	968.0	1557.0	2322.0	3499.0	5249.0	8368.0	12737.0	26704.0	203696.0	322714.0
	23.0	24.0	25.0	26.0	27.0	28.0	29.0	30.0	31.0	32.0	33.0	34.0	35.0	36.0	37.0	38.0	39.0	40.0
Sor-CPnd_053-Ex1-2C-lcwgs-1-2-L2-clmp.fp2_repr.R2	3.0	20.0	62.0	138.0	221.0	338.0	421.0	610.0	883.0	1344.0	1981.0	3043.0	4384.0	6878.0	10384.0	20608.0	154579.0	383806.0
	23.0	24.0	25.0	26.0	27.0	28.0	29.0	30.0	31.0	32.0	33.0	34.0	35.0	36.0	37.0	38.0	39.0	40.0
Sor-CPnd_053-Ex1-2C-lcwgs-1-2-L3-clmp.fp2_repr.R1	1.0	1.0	26.0	87.0	195.0	329.0	450.0	655.0	869.0	1372.0	2103.0	3402.0	5111.0	8279.0	13510.0	31321.0	259205.0	353652.0
	23.0	24.0	25.0	26.0	27.0	28.0	29.0	30.0	31.0	32.0	33.0	34.0	35.0	36.0	37.0	38.0	39.0	40.0
Sor-CPnd_053-Ex1-2C-lcwgs-1-2-L3-clmp.fp2_repr.R2	4.0	26.0	72.0	131.0	197.0	280.0	402.0	656.0	910.0	1407.0	2099.0	2965.0	4568.0	7113.0	11270.0	24261.0	202095.0	422112.0
	24.0	25.0	26.0	27.0	28.0	29.0	30.0	31.0	32.0	33.0	34.0	35.0	36.0	37.0	38.0	39.0	40.0
Sor-CPnd_054-Ex1-8F-lcwgs-1-2-L2-clmp.fp2_repr.R1	4.0	17.0	64.0	113.0	195.0	269.0	378.0	559.0	797.0	1179.0	1820.0	2794.0	4434.0	7381.0	18401.0	157724.0	236002.0
	22.0	23.0	24.0	25.0	26.0	27.0	28.0	29.0	30.0	31.0	32.0	33.0	34.0	35.0	36.0	37.0	38.0	39.0	40.0
Sor-CPnd_054-Ex1-8F-lcwgs-1-2-L2-clmp.fp2_repr.R2	1.0	0.0	19.0	43.0	74.0	119.0	221.0	298.0	379.0	504.0	820.0	1096.0	1647.0	2490.0	3911.0	6178.0	13578.0	109906.0	290847.0
	24.0	25.0	26.0	27.0	28.0	29.0	30.0	31.0	32.0	33.0	34.0	35.0	36.0	37.0	38.0	39.0	40.0
Sor-CPnd_054-Ex1-8F-lcwgs-1-2-L3-clmp.fp2_repr.R1	2.0	16.0	39.0	102.0	171.0	236.0	345.0	479.0	691.0	1007.0	1484.0	2309.0	3754.0	6331.0	16258.0	132133.0	206159.0
	22.0	23.0	24.0	25.0	26.0	27.0	28.0	29.0	30.0	31.0	32.0	33.0	34.0	35.0	36.0	37.0	38.0	39.0	40.0
Sor-CPnd_054-Ex1-8F-lcwgs-1-2-L3-clmp.fp2_repr.R2	1.0	3.0	9.0	30.0	82.0	112.0	175.0	206.0	289.0	428.0	626.0	925.0	1389.0	1959.0	3184.0	5159.0	11168.0	92217.0	253554.0
	24.0	25.0	26.0	27.0	28.0	29.0	30.0	31.0	32.0	33.0	34.0	35.0	36.0	37.0	38.0	39.0	40.0
Sor-CPnd_055-Ex1-7G-lcwgs-1-2-L2-clmp.fp2_repr.R1	7.0	44.0	129.0	271.0	501.0	638.0	1011.0	1350.0	1896.0	2890.0	4546.0	6620.0	10857.0	17632.0	42404.0	412288.0	692118.0
	22.0	23.0	24.0	25.0	26.0	27.0	28.0	29.0	30.0	31.0	32.0	33.0	34.0	35.0	36.0	37.0	38.0	39.0	40.0
Sor-CPnd_055-Ex1-7G-lcwgs-1-2-L2-clmp.fp2_repr.R2	1.0	4.0	28.0	93.0	207.0	278.0	489.0	623.0	873.0	1265.0	1782.0	2757.0	4133.0	6155.0	9695.0	15277.0	32046.0	281154.0	838342.0
	22.0	23.0	24.0	25.0	26.0	27.0	28.0	29.0	30.0	31.0	32.0	33.0	34.0	35.0	36.0	37.0	38.0	39.0	40.0
Sor-CPnd_055-Ex1-7G-lcwgs-1-2-L3-clmp.fp2_repr.R1	1.0	0.0	9.0	30.0	112.0	227.0	387.0	517.0	760.0	1063.0	1581.0	2299.0	3524.0	5144.0	8660.0	14625.0	36440.0	335370.0	572471.0
	23.0	24.0	25.0	26.0	27.0	28.0	29.0	30.0	31.0	32.0	33.0	34.0	35.0	36.0	37.0	38.0	39.0	40.0
Sor-CPnd_055-Ex1-7G-lcwgs-1-2-L3-clmp.fp2_repr.R2	7.0	31.0	80.0	131.0	237.0	350.0	467.0	695.0	909.0	1403.0	2159.0	3231.0	4917.0	7663.0	12106.0	26553.0	235599.0	686682.0
	23.0	24.0	25.0	26.0	27.0	28.0	29.0	30.0	31.0	32.0	33.0	34.0	35.0	36.0	37.0	38.0	39.0	40.0
Sor-CPnd_058-Ex1-2G-lcwgs-1-2-L2-clmp.fp2_repr.R1	1.0	2.0	32.0	92.0	148.0	252.0	381.0	483.0	687.0	1049.0	1373.0	2196.0	3210.0	5124.0	7970.0	17741.0	152803.0	249550.0
	22.0	23.0	24.0	25.0	26.0	27.0	28.0	29.0	30.0	31.0	32.0	33.0	34.0	35.0	36.0	37.0	38.0	39.0	40.0
Sor-CPnd_058-Ex1-2G-lcwgs-1-2-L2-clmp.fp2_repr.R2	2.0	2.0	16.0	32.0	75.0	139.0	201.0	265.0	401.0	505.0	774.0	1173.0	1801.0	2584.0	4084.0	6570.0	13083.0	94263.0	317124.0
	24.0	25.0	26.0	27.0	28.0	29.0	30.0	31.0	32.0	33.0	34.0	35.0	36.0	37.0	38.0	39.0	40.0
Sor-CPnd_058-Ex1-2G-lcwgs-1-2-L3-clmp.fp2_repr.R1	6.0	27.0	79.0	161.0	236.0	326.0	482.0	647.0	1003.0	1332.0	2135.0	3173.0	5215.0	8811.0	21185.0	189620.0	277267.0
	23.0	24.0	25.0	26.0	27.0	28.0	29.0	30.0	31.0	32.0	33.0	34.0	35.0	36.0	37.0	38.0	39.0	40.0
Sor-CPnd_058-Ex1-2G-lcwgs-1-2-L3-clmp.fp2_repr.R2	2.0	8.0	43.0	67.0	112.0	194.0	254.0	381.0	517.0	845.0	1230.0	1855.0	2895.0	4451.0	7093.0	15144.0	123191.0	353423.0
	24.0	25.0	26.0	27.0	28.0	29.0	30.0	31.0	32.0	33.0	34.0	35.0	36.0	37.0	38.0	39.0	40.0
Sor-CPnd_063-Ex1-7D-lcwgs-1-2-L2-clmp.fp2_repr.R1	7.0	43.0	105.0	270.0	482.0	657.0	942.0	1235.0	1934.0	2968.0	4378.0	6820.0	10859.0	17703.0	42992.0	417898.0	632091.0
	22.0	23.0	24.0	25.0	26.0	27.0	28.0	29.0	30.0	31.0	32.0	33.0	34.0	35.0	36.0	37.0	38.0	39.0	40.0
Sor-CPnd_063-Ex1-7D-lcwgs-1-2-L2-clmp.fp2_repr.R2	1.0	8.0	43.0	92.0	186.0	302.0	460.0	604.0	883.0	1215.0	1955.0	2652.0	4229.0	6018.0	9665.0	14853.0	32198.0	291199.0	774821.0
	24.0	25.0	26.0	27.0	28.0	29.0	30.0	31.0	32.0	33.0	34.0	35.0	36.0	37.0	38.0	39.0	40.0
Sor-CPnd_063-Ex1-7D-lcwgs-1-2-L3-clmp.fp2_repr.R1	5.0	34.0	106.0	204.0	396.0	526.0	752.0	1068.0	1568.0	2270.0	3707.0	5315.0	8794.0	15097.0	37299.0	345688.0	532080.0
	23.0	24.0	25.0	26.0	27.0	28.0	29.0	30.0	31.0	32.0	33.0	34.0	35.0	36.0	37.0	38.0	39.0	40.0
Sor-CPnd_063-Ex1-7D-lcwgs-1-2-L3-clmp.fp2_repr.R2	4.0	26.0	71.0	150.0	231.0	328.0	492.0	645.0	994.0	1488.0	2163.0	3268.0	4901.0	7780.0	12190.0	27597.0	246773.0	645808.0
	24.0	25.0	26.0	27.0	28.0	29.0	30.0	31.0	32.0	33.0	34.0	35.0	36.0	37.0	38.0	39.0	40.0
Sor-CPnd_066-Ex1-8B-lcwgs-1-2-L2-clmp.fp2_repr.R1	10.0	27.0	99.0	168.0	275.0	402.0	578.0	882.0	1377.0	2094.0	3470.0	5319.0	8715.0	13523.0	31144.0	290350.0	469092.0
	22.0	23.0	24.0	25.0	26.0	27.0	28.0	29.0	30.0	31.0	32.0	33.0	34.0	35.0	36.0	37.0	38.0	39.0	40.0
Sor-CPnd_066-Ex1-8B-lcwgs-1-2-L2-clmp.fp2_repr.R2	2.0	3.0	31.0	95.0	112.0	246.0	341.0	461.0	658.0	986.0	1502.0	2234.0	3368.0	5194.0	8092.0	12846.0	26693.0	244677.0	519984.0
	24.0	25.0	26.0	27.0	28.0	29.0	30.0	31.0	32.0	33.0	34.0	35.0	36.0	37.0	38.0	39.0	40.0
Sor-CPnd_066-Ex1-8B-lcwgs-1-2-L3-clmp.fp2_repr.R1	5.0	27.0	61.0	136.0	235.0	316.0	440.0	671.0	980.0	1599.0	2530.0	3897.0	6347.0	10388.0	25281.0	227193.0	367903.0
	23.0	24.0	25.0	26.0	27.0	28.0	29.0	30.0	31.0	32.0	33.0	34.0	35.0	36.0	37.0	38.0	39.0	40.0
Sor-CPnd_066-Ex1-8B-lcwgs-1-2-L3-clmp.fp2_repr.R2	7.0	30.0	66.0	110.0	183.0	227.0	337.0	491.0	694.0	1152.0	1610.0	2672.0	3910.0	6175.0	9419.0	21033.0	194267.0	405626.0
	24.0	25.0	26.0	27.0	28.0	29.0	30.0	31.0	32.0	33.0	34.0	35.0	36.0	37.0	38.0	39.0	40.0
Sor-CPnd_069-Ex1-6B-lcwgs-1-2-L2-clmp.fp2_repr.R1	10.0	30.0	101.0	193.0	397.0	503.0	743.0	1080.0	1609.0	2562.0	4396.0	6800.0	10775.0	16739.0	36981.0	338434.0	544468.0
	22.0	23.0	24.0	25.0	26.0	27.0	28.0	29.0	30.0	31.0	32.0	33.0	34.0	35.0	36.0	37.0	38.0	39.0	40.0
Sor-CPnd_069-Ex1-6B-lcwgs-1-2-L2-clmp.fp2_repr.R2	2.0	3.0	27.0	104.0	171.0	285.0	408.0	482.0	798.0	1109.0	1802.0	2698.0	4235.0	6195.0	9630.0	14940.0	30852.0	281294.0	610786.0
	24.0	25.0	26.0	27.0	28.0	29.0	30.0	31.0	32.0	33.0	34.0	35.0	36.0	37.0	38.0	39.0	40.0
Sor-CPnd_069-Ex1-6B-lcwgs-1-2-L3-clmp.fp2_repr.R1	7.0	28.0	60.0	168.0	251.0	378.0	573.0	813.0	1347.0	2005.0	3218.0	4885.0	8008.0	12889.0	30547.0	271791.0	440264.0
	22.0	23.0	24.0	25.0	26.0	27.0	28.0	29.0	30.0	31.0	32.0	33.0	34.0	35.0	36.0	37.0	38.0	39.0	40.0
Sor-CPnd_069-Ex1-6B-lcwgs-1-2-L3-clmp.fp2_repr.R2	1.0	6.0	28.0	68.0	143.0	181.0	322.0	394.0	610.0	871.0	1364.0	2088.0	3101.0	4767.0	7418.0	11534.0	24573.0	227360.0	492403.0
	23.0	24.0	25.0	26.0	27.0	28.0	29.0	30.0	31.0	32.0	33.0	34.0	35.0	36.0	37.0	38.0	39.0	40.0
Sor-CPnd_072-Ex1-8C-lcwgs-1-2-L2-clmp.fp2_repr.R1	2.0	15.0	92.0	257.0	565.0	955.0	1305.0	1900.0	2804.0	4711.0	7492.0	12112.0	18803.0	29910.0	45888.0	98654.0	816793.0	1234340.0
	22.0	23.0	24.0	25.0	26.0	27.0	28.0	29.0	30.0	31.0	32.0	33.0	34.0	35.0	36.0	37.0	38.0	39.0	40.0
Sor-CPnd_072-Ex1-8C-lcwgs-1-2-L2-clmp.fp2_repr.R2	4.0	24.0	98.0	295.0	553.0	892.0	1224.0	1667.0	2340.0	3428.0	5285.0	7991.0	12408.0	18103.0	28072.0	43229.0	88607.0	766054.0	1296324.0
	23.0	24.0	25.0	26.0	27.0	28.0	29.0	30.0	31.0	32.0	33.0	34.0	35.0	36.0	37.0	38.0	39.0	40.0
Sor-CPnd_072-Ex1-8C-lcwgs-1-2-L3-clmp.fp2_repr.R1	2.0	13.0	64.0	203.0	389.0	675.0	923.0	1347.0	1993.0	3231.0	5171.0	8653.0	13055.0	20979.0	33743.0	77139.0	633378.0	948402.0
	22.0	23.0	24.0	25.0	26.0	27.0	28.0	29.0	30.0	31.0	32.0	33.0	34.0	35.0	36.0	37.0	38.0	39.0	40.0
Sor-CPnd_072-Ex1-8C-lcwgs-1-2-L3-clmp.fp2_repr.R2	1.0	15.0	67.0	186.0	430.0	557.0	903.0	1217.0	1641.0	2458.0	3912.0	5881.0	8900.0	13028.0	20680.0	31990.0	67666.0	592625.0	997203.0
	22.0	23.0	24.0	25.0	26.0	27.0	28.0	29.0	30.0	31.0	32.0	33.0	34.0	35.0	36.0	37.0	38.0	39.0	40.0
Undetermined-L2-clmp.fp2_repr.R1	3.0	164.0	1852.0	9948.0	29876.0	59096.0	100577.0	137491.0	193183.0	266726.0	416004.0	627024.0	991486.0	1486259.0	2332089.0	3698219.0	8645360.0	76762880.0	88094468.0
	21.0	22.0	23.0	24.0	25.0	26.0	27.0	28.0	29.0	30.0	31.0	32.0	33.0	34.0	35.0	36.0	37.0	38.0	39.0	40.0
Undetermined-L2-clmp.fp2_repr.R2	5.0	217.0	1848.0	9255.0	25055.0	49259.0	73664.0	108964.0	138668.0	190726.0	266283.0	410302.0	601675.0	909950.0	1329945.0	2068943.0	3225740.0	6838675.0	58214290.0	109389241.0
	22.0	23.0	24.0	25.0	26.0	27.0	28.0	29.0	30.0	31.0	32.0	33.0	34.0	35.0	36.0	37.0	38.0	39.0	40.0
Undetermined-L3-clmp.fp2_repr.R1	7.0	136.0	1618.0	8412.0	26838.0	52874.0	90320.0	124395.0	175976.0	244448.0	386450.0	586953.0	928246.0	1377222.0	2146348.0	3431700.0	8235685.0	73215757.0	87107806.0
	21.0	22.0	23.0	24.0	25.0	26.0	27.0	28.0	29.0	30.0	31.0	32.0	33.0	34.0	35.0	36.0	37.0	38.0	39.0	40.0
Undetermined-L3-clmp.fp2_repr.R2	1.0	173.0	1673.0	8685.0	22532.0	44921.0	67297.0	100379.0	129022.0	179984.0	251392.0	390235.0	573766.0	873413.0	1279479.0	1988534.0	3091091.0	6699232.0	56377910.0	106061472.0

