Sample	FastQC_mqc-generalstats-fastqc-percent_duplicates	FastQC_mqc-generalstats-fastqc-percent_gc	FastQC_mqc-generalstats-fastqc-avg_sequence_length	FastQC_mqc-generalstats-fastqc-percent_fails	FastQC_mqc-generalstats-fastqc-total_sequences
Sor-ACeb_001-Ex1-8E-lcwgs-1-2-L2-clmp.fp2_repr.R1	1.090956206833198	32.0	90.7324278544008	9.090909090909092	704894.0
Sor-ACeb_001-Ex1-8E-lcwgs-1-2-L2-clmp.fp2_repr.R2	1.1191838413038937	32.0	90.69137629203824	9.090909090909092	704894.0
Sor-ACeb_001-Ex1-8E-lcwgs-1-2-L3-clmp.fp2_repr.R1	0.8422489921156995	32.0	88.38231707896412	9.090909090909092	631502.0
Sor-ACeb_001-Ex1-8E-lcwgs-1-2-L3-clmp.fp2_repr.R2	0.8840007502965932	32.0	88.35815721882116	9.090909090909092	631502.0
Sor-ACeb_002-Ex1-9E-lcwgs-1-2-L2-clmp.fp2_repr.R1	1.0898980144116877	37.0	84.80064523660444	9.090909090909092	94229.0
Sor-ACeb_002-Ex1-9E-lcwgs-1-2-L2-clmp.fp2_repr.R2	1.0824693035052917	37.0	84.82314361820671	9.090909090909092	94229.0
Sor-ACeb_002-Ex1-9E-lcwgs-1-2-L3-clmp.fp2_repr.R1	0.9722278779981224	37.0	85.77436168913141	9.090909090909092	98228.0
Sor-ACeb_002-Ex1-9E-lcwgs-1-2-L3-clmp.fp2_repr.R2	0.9101274585657961	37.0	85.79726758154497	9.090909090909092	98228.0
Sor-ACeb_003-Ex1-10E-lcwgs-1-2-L2-clmp.fp2_repr.R1	0.324714072702335	35.0	76.06610220259407	9.090909090909092	287116.0
Sor-ACeb_003-Ex1-10E-lcwgs-1-2-L2-clmp.fp2_repr.R2	0.3770395649010254	35.0	76.0607385168364	9.090909090909092	287116.0
Sor-ACeb_003-Ex1-10E-lcwgs-1-2-L3-clmp.fp2_repr.R1	0.3208440246776405	35.0	75.79978429958074	9.090909090909092	280018.0
Sor-ACeb_003-Ex1-10E-lcwgs-1-2-L3-clmp.fp2_repr.R2	0.37332491412975344	35.0	75.8005628209615	9.090909090909092	280018.0
Sor-ACeb_004-Ex1-11E-lcwgs-1-2-L2-clmp.fp2_repr.R1	0.46919912933618946	36.0	69.46158829637662	9.090909090909092	217642.0
Sor-ACeb_004-Ex1-11E-lcwgs-1-2-L2-clmp.fp2_repr.R2	0.4707862540606129	36.0	69.5011394859448	9.090909090909092	217642.0
Sor-ACeb_004-Ex1-11E-lcwgs-1-2-L3-clmp.fp2_repr.R1	0.852016004704069	36.0	68.87198794406126	9.090909090909092	194427.0
Sor-ACeb_004-Ex1-11E-lcwgs-1-2-L3-clmp.fp2_repr.R2	0.7843475849128083	36.0	68.92577676968733	9.090909090909092	194427.0
Sor-ACeb_005-Ex1-12E-lcwgs-1-2-L2-clmp.fp2_repr.R1	0.9697111312322875	39.0	88.93740689896894	18.181818181818183	34237.0
Sor-ACeb_005-Ex1-12E-lcwgs-1-2-L2-clmp.fp2_repr.R2	1.0748605310044752	39.0	88.99085784385314	18.181818181818183	34237.0
Sor-ACeb_005-Ex1-12E-lcwgs-1-2-L3-clmp.fp2_repr.R1	0.877672663640837	39.0	90.37124733417181	18.181818181818183	36574.0
Sor-ACeb_005-Ex1-12E-lcwgs-1-2-L3-clmp.fp2_repr.R2	0.8202548258325493	39.0	90.38718761962049	18.181818181818183	36574.0
Sor-ACeb_006-Ex1-1F-lcwgs-1-2-L2-clmp.fp2_repr.R1	0.5648589279091567	38.0	91.02561834935669	9.090909090909092	35053.0
Sor-ACeb_006-Ex1-1F-lcwgs-1-2-L2-clmp.fp2_repr.R2	0.5534476364362604	38.0	91.01255242062021	9.090909090909092	35053.0
Sor-ACeb_006-Ex1-1F-lcwgs-1-2-L3-clmp.fp2_repr.R1	0.47951774215646026	38.0	89.94968488834087	9.090909090909092	29196.0
Sor-ACeb_006-Ex1-1F-lcwgs-1-2-L3-clmp.fp2_repr.R2	0.5514454034799314	38.0	89.91430332922319	9.090909090909092	29196.0
Sor-ACeb_007-Ex1-2F-lcwgs-1-2-L2-clmp.fp2_repr.R1	0.5426811381636867	37.0	87.7516133763567	9.090909090909092	13636.0
Sor-ACeb_007-Ex1-2F-lcwgs-1-2-L2-clmp.fp2_repr.R2	0.5866823115283069	37.0	87.85824288647697	9.090909090909092	13636.0
Sor-ACeb_007-Ex1-2F-lcwgs-1-2-L3-clmp.fp2_repr.R1	0.42964554242749387	37.0	88.53571428571429	9.090909090909092	14896.0
Sor-ACeb_007-Ex1-2F-lcwgs-1-2-L3-clmp.fp2_repr.R2	0.4229323308270665	37.0	88.53396885069817	9.090909090909092	14896.0
Sor-ACeb_008-Ex1-3F-lcwgs-1-2-L2-clmp.fp2_repr.R1	0.4743723244243938	36.0	82.46837903505727	9.090909090909092	43215.0
Sor-ACeb_008-Ex1-3F-lcwgs-1-2-L2-clmp.fp2_repr.R2	0.5345366192294279	36.0	82.51648733078792	9.090909090909092	43215.0
Sor-ACeb_008-Ex1-3F-lcwgs-1-2-L3-clmp.fp2_repr.R1	0.3156290814105347	36.0	81.42014040052243	9.090909090909092	36752.0
Sor-ACeb_008-Ex1-3F-lcwgs-1-2-L3-clmp.fp2_repr.R2	0.3482803656943929	36.0	81.407515237266	9.090909090909092	36752.0
Sor-ACeb_009-Ex1-4F-lcwgs-1-2-L2-clmp.fp2_repr.R1	0.41831457255855753	36.0	75.66823851536356	9.090909090909092	13148.0
Sor-ACeb_009-Ex1-4F-lcwgs-1-2-L2-clmp.fp2_repr.R2	0.3954974140553702	36.0	75.64382415576513	9.090909090909092	13148.0
Sor-ACeb_009-Ex1-4F-lcwgs-1-2-L3-clmp.fp2_repr.R1	0.38817005545286065	36.0	74.96691312384473	0.0	10820.0
Sor-ACeb_009-Ex1-4F-lcwgs-1-2-L3-clmp.fp2_repr.R2	0.41589648798520784	36.0	74.96136783733826	0.0	10820.0
Sor-ACeb_010-Ex1-5F-lcwgs-1-2-L2-clmp.fp2_repr.R1	0.6266599545194111	37.0	80.82778134601698	9.090909090909092	57607.0
Sor-ACeb_010-Ex1-5F-lcwgs-1-2-L2-clmp.fp2_repr.R2	0.5936778516499714	37.0	80.85911434374295	9.090909090909092	57607.0
Sor-ACeb_010-Ex1-5F-lcwgs-1-2-L3-clmp.fp2_repr.R1	0.5647121882118711	37.0	83.02019563927334	9.090909090909092	52239.0
Sor-ACeb_010-Ex1-5F-lcwgs-1-2-L3-clmp.fp2_repr.R2	0.604912038898135	37.0	83.03771128850093	9.090909090909092	52239.0
Sor-ACeb_011-Ex1-6F-lcwgs-1-2-L2-clmp.fp2_repr.R1	1.4643921488028013	40.0	104.03786866714623	9.090909090909092	19462.0
Sor-ACeb_011-Ex1-6F-lcwgs-1-2-L2-clmp.fp2_repr.R2	1.59798581851814	40.0	104.0287226389888	9.090909090909092	19462.0
Sor-ACeb_011-Ex1-6F-lcwgs-1-2-L3-clmp.fp2_repr.R1	1.097140039447737	40.0	101.85841962524655	9.090909090909092	16224.0
Sor-ACeb_011-Ex1-6F-lcwgs-1-2-L3-clmp.fp2_repr.R2	1.1217948717948616	40.0	101.80941814595661	9.090909090909092	16224.0
Sor-ACeb_012-Ex1-7F-lcwgs-1-2-L2-clmp.fp2_repr.R1	1.1496609501131871	35.0	87.8420195586264	9.090909090909092	111153.0
Sor-ACeb_012-Ex1-7F-lcwgs-1-2-L2-clmp.fp2_repr.R2	1.0577782056799094	35.0	87.87164538968808	9.090909090909092	111153.0
Sor-ACeb_012-Ex1-7F-lcwgs-1-2-L3-clmp.fp2_repr.R1	0.8829476038888373	35.0	87.14655209498409	9.090909090909092	92984.0
Sor-ACeb_012-Ex1-7F-lcwgs-1-2-L3-clmp.fp2_repr.R2	0.8345521810203849	35.0	87.1369482921793	9.090909090909092	92984.0
Sor-ACeb_013-Ex1-8F-lcwgs-1-2-L2-clmp.fp2_repr.R1	1.5530099177366026	41.0	102.9771917685349	18.181818181818183	39021.0
Sor-ACeb_013-Ex1-8F-lcwgs-1-2-L2-clmp.fp2_repr.R2	1.6965223853822238	41.0	102.90520488967479	18.181818181818183	39021.0
Sor-ACeb_013-Ex1-8F-lcwgs-1-2-L3-clmp.fp2_repr.R1	1.2118167833485103	41.0	101.26383700122437	18.181818181818183	31853.0
Sor-ACeb_013-Ex1-8F-lcwgs-1-2-L3-clmp.fp2_repr.R2	1.2589081091262955	41.0	101.23696355131385	9.090909090909092	31853.0
Sor-ACeb_014-Ex1-9F-lcwgs-1-2-L2-clmp.fp2_repr.R1	0.84691933093373	37.0	84.2204107558755	9.090909090909092	28338.0
Sor-ACeb_014-Ex1-9F-lcwgs-1-2-L2-clmp.fp2_repr.R2	0.9139671112993142	37.0	84.240666243207	9.090909090909092	28338.0
Sor-ACeb_014-Ex1-9F-lcwgs-1-2-L3-clmp.fp2_repr.R1	0.9007705386535463	38.0	85.8097167456499	9.090909090909092	27643.0
Sor-ACeb_014-Ex1-9F-lcwgs-1-2-L3-clmp.fp2_repr.R2	0.799479072459576	38.0	85.8219802481641	9.090909090909092	27643.0
Sor-ACeb_015-Ex1-10F-lcwgs-1-2-L2-clmp.fp2_repr.R1	0.799643660119628	37.0	87.29550757222246	9.090909090909092	47146.0
Sor-ACeb_015-Ex1-10F-lcwgs-1-2-L2-clmp.fp2_repr.R2	0.8696389937640561	37.0	87.32518135154626	9.090909090909092	47146.0
Sor-ACeb_015-Ex1-10F-lcwgs-1-2-L3-clmp.fp2_repr.R1	0.6622345241482748	37.0	86.50391908321907	9.090909090909092	38657.0
Sor-ACeb_015-Ex1-10F-lcwgs-1-2-L3-clmp.fp2_repr.R2	0.644126548878603	37.0	86.55640634296505	9.090909090909092	38657.0
Sor-ACeb_016-Ex1-11F-lcwgs-1-2-L2-clmp.fp2_repr.R1	0.4845072488000426	39.0	70.29681597586568	9.090909090909092	304960.0
Sor-ACeb_016-Ex1-11F-lcwgs-1-2-L2-clmp.fp2_repr.R2	0.4320396957195385	39.0	70.33772953830011	9.090909090909092	304960.0
Sor-ACeb_016-Ex1-11F-lcwgs-1-2-L3-clmp.fp2_repr.R1	0.39969661794846445	39.0	69.96864384226429	9.090909090909092	255516.0
Sor-ACeb_016-Ex1-11F-lcwgs-1-2-L3-clmp.fp2_repr.R2	0.3861426966116568	39.0	70.03039340002192	9.090909090909092	255516.0
Sor-ACeb_017-Ex1-12F-lcwgs-1-2-L2-clmp.fp2_repr.R1	0.6880065994649414	38.0	76.81268576666997	9.090909090909092	211623.0
Sor-ACeb_017-Ex1-12F-lcwgs-1-2-L2-clmp.fp2_repr.R2	0.7128952784950258	38.0	76.85470388379335	9.090909090909092	211623.0
Sor-ACeb_017-Ex1-12F-lcwgs-1-2-L3-clmp.fp2_repr.R1	0.6690571885644232	38.0	78.8454344871926	9.090909090909092	205311.0
Sor-ACeb_017-Ex1-12F-lcwgs-1-2-L3-clmp.fp2_repr.R2	0.6392244915226115	38.0	78.87361612383165	9.090909090909092	205311.0
Sor-ACeb_018-Ex1-1G-lcwgs-1-2-L2-clmp.fp2_repr.R1	0.7950551448309255	37.0	98.55942310023028	9.090909090909092	41255.0
Sor-ACeb_018-Ex1-1G-lcwgs-1-2-L2-clmp.fp2_repr.R2	0.9186765240576875	37.0	98.532347594231	9.090909090909092	41255.0
Sor-ACeb_018-Ex1-1G-lcwgs-1-2-L3-clmp.fp2_repr.R1	0.7538196903774121	37.0	98.10530709298796	9.090909090909092	39532.0
Sor-ACeb_018-Ex1-1G-lcwgs-1-2-L3-clmp.fp2_repr.R2	0.7512900941009804	37.0	98.05084488515632	9.090909090909092	39532.0
Sor-ACeb_019-Ex1-3G-lcwgs-1-2-L2-clmp.fp2_repr.R1	0.615440311340393	36.0	100.56593356864875	9.090909090909092	11049.0
Sor-ACeb_019-Ex1-3G-lcwgs-1-2-L2-clmp.fp2_repr.R2	0.9141098741967539	36.0	100.58611639062359	9.090909090909092	11049.0
Sor-ACeb_019-Ex1-3G-lcwgs-1-2-L3-clmp.fp2_repr.R1	0.38441003737320045	36.0	97.48723972237053	9.090909090909092	9365.0
Sor-ACeb_019-Ex1-3G-lcwgs-1-2-L3-clmp.fp2_repr.R2	0.4378003203416938	36.0	97.39925253603845	9.090909090909092	9365.0
Sor-ACeb_020-Ex1-2G-lcwgs-1-2-L2-clmp.fp2_repr.R1	0.5710102489018993	36.0	93.90307467057102	9.090909090909092	6830.0
Sor-ACeb_020-Ex1-2G-lcwgs-1-2-L2-clmp.fp2_repr.R2	0.7467057101024892	36.0	93.97071742313324	9.090909090909092	6830.0
Sor-ACeb_020-Ex1-2G-lcwgs-1-2-L3-clmp.fp2_repr.R1	0.5225080385852152	36.0	95.10704715969989	9.090909090909092	7464.0
Sor-ACeb_020-Ex1-2G-lcwgs-1-2-L3-clmp.fp2_repr.R2	0.5894962486602395	36.0	95.14067524115755	9.090909090909092	7464.0
Sor-ACeb_021-Ex1-4G-lcwgs-1-2-L2-clmp.fp2_repr.R1	0.511508951406654	35.0	91.10826939471441	9.090909090909092	1173.0
Sor-ACeb_021-Ex1-4G-lcwgs-1-2-L2-clmp.fp2_repr.R2	0.4262574595055355	35.0	91.0153452685422	0.0	1173.0
Sor-ACeb_021-Ex1-4G-lcwgs-1-2-L3-clmp.fp2_repr.R1	0.7874015748031411	36.0	86.41732283464567	0.0	1016.0
Sor-ACeb_021-Ex1-4G-lcwgs-1-2-L3-clmp.fp2_repr.R2	0.8858267716535408	36.0	86.23720472440945	0.0	1016.0
Sor-ACeb_022-Ex1-5G-lcwgs-1-2-L2-clmp.fp2_repr.R1	0.9452321378926882	39.0	89.98572884811416	18.181818181818183	21582.0
Sor-ACeb_022-Ex1-5G-lcwgs-1-2-L2-clmp.fp2_repr.R2	1.0610694096932605	39.0	89.97048466314521	9.090909090909092	21582.0
Sor-ACeb_022-Ex1-5G-lcwgs-1-2-L3-clmp.fp2_repr.R1	0.8585653322495403	40.0	94.22038203617151	9.090909090909092	19684.0
Sor-ACeb_022-Ex1-5G-lcwgs-1-2-L3-clmp.fp2_repr.R2	0.8280837228205655	40.0	94.16190814875026	18.181818181818183	19684.0
Sor-CPnd_001-Ex1-3E-lcwgs-1-2-L2-clmp.fp2_repr.R1	1.463055791401203	37.0	111.53529922292563	9.090909090909092	1338868.0
Sor-CPnd_001-Ex1-3E-lcwgs-1-2-L2-clmp.fp2_repr.R2	1.6698242629721705	37.0	111.53219510810625	9.090909090909092	1338868.0
Sor-CPnd_001-Ex1-3E-lcwgs-1-2-L3-clmp.fp2_repr.R1	1.0834023281368133	37.0	108.37768563147428	9.090909090909092	1116823.0
Sor-CPnd_001-Ex1-3E-lcwgs-1-2-L3-clmp.fp2_repr.R2	1.250335748629766	37.0	108.40262512501981	9.090909090909092	1116823.0
Sor-CPnd_002-Ex1-5E-lcwgs-1-2-L2-clmp.fp2_repr.R1	0.9808543638320799	38.0	93.72710880368646	9.090909090909092	688791.0
Sor-CPnd_002-Ex1-5E-lcwgs-1-2-L2-clmp.fp2_repr.R2	1.1616639578109726	38.0	93.84143521039039	9.090909090909092	688791.0
Sor-CPnd_002-Ex1-5E-lcwgs-1-2-L3-clmp.fp2_repr.R1	0.8731020998563679	38.0	97.65572505986066	9.090909090909092	646919.0
Sor-CPnd_002-Ex1-5E-lcwgs-1-2-L3-clmp.fp2_repr.R2	0.968575963994823	38.0	97.7795334500919	9.090909090909092	646919.0
Sor-CPnd_003-Ex1-2B-lcwgs-1-2-L2-clmp.fp2_repr.R1	1.467865031693151	38.0	109.43780020566936	9.090909090909092	460934.0
Sor-CPnd_003-Ex1-2B-lcwgs-1-2-L2-clmp.fp2_repr.R2	1.748219232095451	38.0	109.64115903795337	9.090909090909092	460934.0
Sor-CPnd_003-Ex1-2B-lcwgs-1-2-L3-clmp.fp2_repr.R1	1.1059106548569702	38.0	111.72319340768054	9.090909090909092	533712.0
Sor-CPnd_003-Ex1-2B-lcwgs-1-2-L3-clmp.fp2_repr.R2	1.2967965472414136	38.0	111.8024496357586	9.090909090909092	533712.0
Sor-CPnd_004-Ex1-1G-lcwgs-1-2-L2-clmp.fp2_repr.R1	1.434379974128035	38.0	112.76576931756696	9.090909090909092	1838935.0
Sor-CPnd_004-Ex1-1G-lcwgs-1-2-L2-clmp.fp2_repr.R2	1.6350021152580325	38.0	112.70430602495466	9.090909090909092	1838935.0
Sor-CPnd_004-Ex1-1G-lcwgs-1-2-L3-clmp.fp2_repr.R1	1.1258827421190176	38.0	111.46323122529644	9.090909090909092	1518000.0
Sor-CPnd_004-Ex1-1G-lcwgs-1-2-L3-clmp.fp2_repr.R2	1.2352735629434903	38.0	111.41423978919632	9.090909090909092	1518000.0
Sor-CPnd_005-Ex1-3D-lcwgs-1-2-L2-clmp.fp2_repr.R1	2.2467173212935165	38.0	127.16497795885402	9.090909090909092	1332281.0
Sor-CPnd_005-Ex1-3D-lcwgs-1-2-L2-clmp.fp2_repr.R2	2.6639939417183314	38.0	127.10040449424709	9.090909090909092	1332281.0
Sor-CPnd_005-Ex1-3D-lcwgs-1-2-L3-clmp.fp2_repr.R1	1.6961774353571855	38.0	124.96629931199419	9.090909090909092	1052026.0
Sor-CPnd_005-Ex1-3D-lcwgs-1-2-L3-clmp.fp2_repr.R2	1.9521151277912168	38.0	124.96504268905902	9.090909090909092	1052026.0
Sor-CPnd_006-Ex1-2D-lcwgs-1-2-L2-clmp.fp2_repr.R1	1.4231819810040776	38.0	105.48844412784695	9.090909090909092	874577.0
Sor-CPnd_006-Ex1-2D-lcwgs-1-2-L2-clmp.fp2_repr.R2	1.7220297505216848	38.0	105.6953715910663	9.090909090909092	874577.0
Sor-CPnd_006-Ex1-2D-lcwgs-1-2-L3-clmp.fp2_repr.R1	1.1665928807545782	38.0	107.94922823255965	9.090909090909092	1017081.0
Sor-CPnd_006-Ex1-2D-lcwgs-1-2-L3-clmp.fp2_repr.R2	1.374849006582437	38.0	108.0610285709791	9.090909090909092	1017081.0
Sor-CPnd_007-Ex1-1C-lcwgs-1-2-L2-clmp.fp2_repr.R1	1.3709960976672164	39.0	117.40457389447046	9.090909090909092	689172.0
Sor-CPnd_007-Ex1-1C-lcwgs-1-2-L2-clmp.fp2_repr.R2	1.652701540766273	39.0	117.28246649602711	9.090909090909092	689172.0
Sor-CPnd_007-Ex1-1C-lcwgs-1-2-L3-clmp.fp2_repr.R1	1.092540035082024	39.0	116.41047461600675	9.090909090909092	561338.0
Sor-CPnd_007-Ex1-1C-lcwgs-1-2-L3-clmp.fp2_repr.R2	1.2438115228457178	39.0	116.29609611321521	9.090909090909092	561338.0
Sor-CPnd_008-Ex1-1A-lcwgs-1-2-L2-clmp.fp2_repr.R1	3.8641326259457713	38.0	138.91152647864644	9.090909090909092	2256743.0
Sor-CPnd_008-Ex1-1A-lcwgs-1-2-L2-clmp.fp2_repr.R2	5.026720013714041	38.0	138.57231018330398	9.090909090909092	2256743.0
Sor-CPnd_008-Ex1-1A-lcwgs-1-2-L3-clmp.fp2_repr.R1	3.429194939126276	38.0	138.64010008801876	9.090909090909092	2139317.0
Sor-CPnd_008-Ex1-1A-lcwgs-1-2-L3-clmp.fp2_repr.R2	4.315771170010862	38.0	138.27789009295958	9.090909090909092	2139317.0
Sor-CPnd_009-Ex1-6A-lcwgs-1-2-L2-clmp.fp2_repr.R1	2.275109117046199	38.0	121.3577700924048	9.090909090909092	2273583.0
Sor-CPnd_009-Ex1-6A-lcwgs-1-2-L2-clmp.fp2_repr.R2	2.8917633737669775	38.0	121.28087296571096	9.090909090909092	2273583.0
Sor-CPnd_009-Ex1-6A-lcwgs-1-2-L3-clmp.fp2_repr.R1	2.023339982533983	38.0	120.87924065406968	9.090909090909092	2234502.0
Sor-CPnd_009-Ex1-6A-lcwgs-1-2-L3-clmp.fp2_repr.R2	2.6346899818321106	38.0	120.78476188430352	9.090909090909092	2234502.0
Sor-CPnd_010-Ex1-1H-lcwgs-1-2-L2-clmp.fp2_repr.R1	1.0924641410843208	38.0	114.84167711042534	9.090909090909092	445242.0
Sor-CPnd_010-Ex1-1H-lcwgs-1-2-L2-clmp.fp2_repr.R2	1.266760858044023	38.0	114.75100507139938	9.090909090909092	445242.0
Sor-CPnd_010-Ex1-1H-lcwgs-1-2-L3-clmp.fp2_repr.R1	0.8911912432940312	38.0	113.76299739245982	9.090909090909092	359726.0
Sor-CPnd_010-Ex1-1H-lcwgs-1-2-L3-clmp.fp2_repr.R2	1.028316994288275	38.0	113.67914468234156	9.090909090909092	359726.0
Sor-CPnd_012-Ex1-5B-lcwgs-1-2-L2-clmp.fp2_repr.R1	1.3982442086184648	38.0	105.4428228551561	9.090909090909092	356646.0
Sor-CPnd_012-Ex1-5B-lcwgs-1-2-L2-clmp.fp2_repr.R2	1.6307436820162735	38.0	105.52617721774533	9.090909090909092	356646.0
Sor-CPnd_012-Ex1-5B-lcwgs-1-2-L3-clmp.fp2_repr.R1	1.1621935364228904	38.0	109.7011035148443	9.090909090909092	337739.0
Sor-CPnd_012-Ex1-5B-lcwgs-1-2-L3-clmp.fp2_repr.R2	1.344664313552002	38.0	109.71406618720373	9.090909090909092	337739.0
Sor-CPnd_013-Ex1-7F-lcwgs-1-2-L2-clmp.fp2_repr.R1	1.178006264018606	37.0	111.64458732057416	9.090909090909092	655424.0
Sor-CPnd_013-Ex1-7F-lcwgs-1-2-L2-clmp.fp2_repr.R2	1.3953553618717365	37.0	111.54426752758519	9.090909090909092	655424.0
Sor-CPnd_013-Ex1-7F-lcwgs-1-2-L3-clmp.fp2_repr.R1	1.0421430566991035	37.0	110.96840315228431	9.090909090909092	635095.0
Sor-CPnd_013-Ex1-7F-lcwgs-1-2-L3-clmp.fp2_repr.R2	1.2204457536051194	37.0	110.85292436564609	9.090909090909092	635095.0
Sor-CPnd_014-Ex1-1F-lcwgs-1-2-L2-clmp.fp2_repr.R1	1.879433085215382	38.0	116.652961692661	9.090909090909092	3382981.0
Sor-CPnd_014-Ex1-1F-lcwgs-1-2-L2-clmp.fp2_repr.R2	2.2411924558955008	38.0	116.55107522034561	9.090909090909092	3382981.0
Sor-CPnd_014-Ex1-1F-lcwgs-1-2-L3-clmp.fp2_repr.R1	1.680494994798508	38.0	116.12533984017435	9.090909090909092	3287207.0
Sor-CPnd_014-Ex1-1F-lcwgs-1-2-L3-clmp.fp2_repr.R2	1.9708025377936025	38.0	116.00827450172746	9.090909090909092	3287207.0
Sor-CPnd_015-Ex1-5F-lcwgs-1-2-L2-clmp.fp2_repr.R1	0.9637210310657167	38.0	94.81325461074928	9.090909090909092	410725.0
Sor-CPnd_015-Ex1-5F-lcwgs-1-2-L2-clmp.fp2_repr.R2	1.1400299982762192	38.0	94.91544464057459	9.090909090909092	410725.0
Sor-CPnd_015-Ex1-5F-lcwgs-1-2-L3-clmp.fp2_repr.R1	0.8099734616768757	38.0	98.86999116389939	9.090909090909092	389312.0
Sor-CPnd_015-Ex1-5F-lcwgs-1-2-L3-clmp.fp2_repr.R2	0.8807115189371899	38.0	98.95074387637679	9.090909090909092	389312.0
Sor-CPnd_016-Ex1-1B-lcwgs-1-2-L2-clmp.fp2_repr.R1	2.5197359834487116	38.0	133.51067021150578	9.090909090909092	1274717.0
Sor-CPnd_016-Ex1-1B-lcwgs-1-2-L2-clmp.fp2_repr.R2	3.0418820082450537	38.0	133.31625294084884	9.090909090909092	1274717.0
Sor-CPnd_016-Ex1-1B-lcwgs-1-2-L3-clmp.fp2_repr.R1	1.9484045952776512	38.0	132.7869076499357	9.090909090909092	1005381.0
Sor-CPnd_016-Ex1-1B-lcwgs-1-2-L3-clmp.fp2_repr.R2	2.3115033275633436	38.0	132.59730390767282	9.090909090909092	1005381.0
Sor-CPnd_017-Ex1-3G-lcwgs-1-2-L2-clmp.fp2_repr.R1	1.080157683030663	37.0	109.34086703436877	9.090909090909092	556610.0
Sor-CPnd_017-Ex1-3G-lcwgs-1-2-L2-clmp.fp2_repr.R2	1.2395392716513953	37.0	109.29818185084709	9.090909090909092	556610.0
Sor-CPnd_017-Ex1-3G-lcwgs-1-2-L3-clmp.fp2_repr.R1	0.8138829958949714	37.0	107.6247211674726	9.090909090909092	462195.0
Sor-CPnd_017-Ex1-3G-lcwgs-1-2-L3-clmp.fp2_repr.R2	0.878090784560257	37.0	107.58199677625245	9.090909090909092	462195.0
Sor-CPnd_018-Ex1-1E-lcwgs-1-2-L2-clmp.fp2_repr.R1	1.3629174521520753	38.0	111.33917683782164	9.090909090909092	1693105.0
Sor-CPnd_018-Ex1-1E-lcwgs-1-2-L2-clmp.fp2_repr.R2	1.6266472588479104	38.0	111.2333157128471	9.090909090909092	1693105.0
Sor-CPnd_018-Ex1-1E-lcwgs-1-2-L3-clmp.fp2_repr.R1	1.1347665285200605	38.0	110.72632714843039	9.090909090909092	1647668.0
Sor-CPnd_018-Ex1-1E-lcwgs-1-2-L3-clmp.fp2_repr.R2	1.4043955890465867	38.0	110.63304743431323	9.090909090909092	1647668.0
Sor-CPnd_019-Ex1-6G-lcwgs-1-2-L2-clmp.fp2_repr.R1	1.7318245621050181	38.0	112.16504647855673	9.090909090909092	1165914.0
Sor-CPnd_019-Ex1-6G-lcwgs-1-2-L2-clmp.fp2_repr.R2	2.158631218469125	38.0	112.08283372530049	9.090909090909092	1165914.0
Sor-CPnd_019-Ex1-6G-lcwgs-1-2-L3-clmp.fp2_repr.R1	1.3323867954809145	38.0	110.20100573251091	9.090909090909092	973221.0
Sor-CPnd_019-Ex1-6G-lcwgs-1-2-L3-clmp.fp2_repr.R2	1.5921517798771276	38.0	110.15156989008663	9.090909090909092	973221.0
Sor-CPnd_020-Ex1-2E-lcwgs-1-2-L2-clmp.fp2_repr.R1	1.684488939907439	37.0	111.10452743584393	9.090909090909092	968186.0
Sor-CPnd_020-Ex1-2E-lcwgs-1-2-L2-clmp.fp2_repr.R2	2.051446066783001	37.0	111.39836457044412	9.090909090909092	968186.0
Sor-CPnd_020-Ex1-2E-lcwgs-1-2-L3-clmp.fp2_repr.R1	1.4075188571344057	37.0	113.37785182301985	9.090909090909092	1145846.0
Sor-CPnd_020-Ex1-2E-lcwgs-1-2-L3-clmp.fp2_repr.R2	1.6219078702383598	37.0	113.5252677934033	9.090909090909092	1145846.0
Sor-CPnd_022-Ex1-7C-lcwgs-1-2-L2-clmp.fp2_repr.R1	1.9650285643158725	38.0	116.61536779659421	9.090909090909092	1381239.0
Sor-CPnd_022-Ex1-7C-lcwgs-1-2-L2-clmp.fp2_repr.R2	2.349562668304884	38.0	116.50562357419679	9.090909090909092	1381239.0
Sor-CPnd_022-Ex1-7C-lcwgs-1-2-L3-clmp.fp2_repr.R1	1.5328715162081181	38.0	115.48827426657746	9.090909090909092	1129908.0
Sor-CPnd_022-Ex1-7C-lcwgs-1-2-L3-clmp.fp2_repr.R2	1.789335220068196	38.0	115.38114696063751	9.090909090909092	1129908.0
Sor-CPnd_024-Ex1-5G-lcwgs-1-2-L2-clmp.fp2_repr.R1	1.0128548981821979	38.0	98.99718224603139	9.090909090909092	330405.0
Sor-CPnd_024-Ex1-5G-lcwgs-1-2-L2-clmp.fp2_repr.R2	1.2166421814457067	38.0	99.06794388704772	9.090909090909092	330405.0
Sor-CPnd_024-Ex1-5G-lcwgs-1-2-L3-clmp.fp2_repr.R1	0.8617699836266866	38.0	102.35266855695485	9.090909090909092	310711.0
Sor-CPnd_024-Ex1-5G-lcwgs-1-2-L3-clmp.fp2_repr.R2	0.9335373949668337	38.0	102.39437934286201	9.090909090909092	310711.0
Sor-CPnd_026-Ex1-3H-lcwgs-1-2-L2-clmp.fp2_repr.R1	1.7154148617418912	38.0	119.65723583594165	9.090909090909092	603517.0
Sor-CPnd_026-Ex1-3H-lcwgs-1-2-L2-clmp.fp2_repr.R2	1.962393729670282	38.0	119.58862799225209	9.090909090909092	603517.0
Sor-CPnd_026-Ex1-3H-lcwgs-1-2-L3-clmp.fp2_repr.R1	1.2678415646945496	38.0	118.21178567044652	9.090909090909092	472506.0
Sor-CPnd_026-Ex1-3H-lcwgs-1-2-L3-clmp.fp2_repr.R2	1.461232109841319	38.0	118.18162732325092	9.090909090909092	472506.0
Sor-CPnd_027-Ex1-3C-lcwgs-1-2-L2-clmp.fp2_repr.R1	2.3300844935505722	38.0	127.60560832647023	9.090909090909092	1119514.0
Sor-CPnd_027-Ex1-3C-lcwgs-1-2-L2-clmp.fp2_repr.R2	2.76325097606383	38.0	127.5328338904203	9.090909090909092	1119514.0
Sor-CPnd_027-Ex1-3C-lcwgs-1-2-L3-clmp.fp2_repr.R1	1.708271881520929	38.0	126.11394945643596	9.090909090909092	874414.0
Sor-CPnd_027-Ex1-3C-lcwgs-1-2-L3-clmp.fp2_repr.R2	1.9872354413276554	38.0	126.05605811434859	9.090909090909092	874414.0
Sor-CPnd_028-Ex1-3A-lcwgs-1-2-L2-clmp.fp2_repr.R1	2.3253045107252888	38.0	123.66153653487326	9.090909090909092	1429333.0
Sor-CPnd_028-Ex1-3A-lcwgs-1-2-L2-clmp.fp2_repr.R2	2.7992730057263486	38.0	123.64154049476224	9.090909090909092	1429333.0
Sor-CPnd_028-Ex1-3A-lcwgs-1-2-L3-clmp.fp2_repr.R1	1.8160074924908827	38.0	120.9183294463903	9.090909090909092	1162010.0
Sor-CPnd_028-Ex1-3A-lcwgs-1-2-L3-clmp.fp2_repr.R2	2.0965066573254205	38.0	120.93348766361736	9.090909090909092	1162010.0
Sor-CPnd_029-Ex1-8E-lcwgs-1-2-L2-clmp.fp2_repr.R1	1.9369374600669431	37.0	113.99727190753501	9.090909090909092	2047218.0
Sor-CPnd_029-Ex1-8E-lcwgs-1-2-L2-clmp.fp2_repr.R2	2.3492864702821663	37.0	113.95095685950398	9.090909090909092	2047218.0
Sor-CPnd_029-Ex1-8E-lcwgs-1-2-L3-clmp.fp2_repr.R1	1.4532566430791576	37.0	109.99165952808323	9.090909090909092	1713692.0
Sor-CPnd_029-Ex1-8E-lcwgs-1-2-L3-clmp.fp2_repr.R2	1.6662341354408028	37.0	109.98818632519729	9.090909090909092	1713692.0
Sor-CPnd_030-Ex1-2H-lcwgs-1-2-L2-clmp.fp2_repr.R1	1.3341896366298869	38.0	105.20930041877712	9.090909090909092	487849.0
Sor-CPnd_030-Ex1-2H-lcwgs-1-2-L2-clmp.fp2_repr.R2	1.5834106508441295	38.0	105.40001106899881	9.090909090909092	487849.0
Sor-CPnd_030-Ex1-2H-lcwgs-1-2-L3-clmp.fp2_repr.R1	1.0531356005174928	38.0	107.76406777608389	9.090909090909092	561496.0
Sor-CPnd_030-Ex1-2H-lcwgs-1-2-L3-clmp.fp2_repr.R2	1.16125984267822	38.0	107.84769437360195	9.090909090909092	561496.0
Sor-CPnd_031-Ex1-5D-lcwgs-1-2-L2-clmp.fp2_repr.R1	1.7952291525283925	38.0	110.91364829655363	9.090909090909092	810592.0
Sor-CPnd_031-Ex1-5D-lcwgs-1-2-L2-clmp.fp2_repr.R2	2.1366799159085303	38.0	111.05349423631124	9.090909090909092	810592.0
Sor-CPnd_031-Ex1-5D-lcwgs-1-2-L3-clmp.fp2_repr.R1	1.476579964577752	38.0	115.08005446884619	9.090909090909092	787239.0
Sor-CPnd_031-Ex1-5D-lcwgs-1-2-L3-clmp.fp2_repr.R2	1.669549966991525	38.0	115.15723306391071	9.090909090909092	787239.0
Sor-CPnd_033-Ex1-2F-lcwgs-1-2-L2-clmp.fp2_repr.R1	1.337356960990661	37.0	109.93823019832259	9.090909090909092	449621.0
Sor-CPnd_033-Ex1-2F-lcwgs-1-2-L2-clmp.fp2_repr.R2	1.528900776533078	37.0	110.18731998727817	9.090909090909092	449621.0
Sor-CPnd_033-Ex1-2F-lcwgs-1-2-L3-clmp.fp2_repr.R1	1.0507755736495596	37.0	112.13011473361354	9.090909090909092	528180.0
Sor-CPnd_033-Ex1-2F-lcwgs-1-2-L3-clmp.fp2_repr.R2	1.1966151381826222	37.0	112.27556893483282	9.090909090909092	528180.0
Sor-CPnd_034-Ex1-4G-lcwgs-1-2-L2-clmp.fp2_repr.R1	1.1078373101306767	38.0	101.83730118556015	9.090909090909092	375350.0
Sor-CPnd_034-Ex1-4G-lcwgs-1-2-L2-clmp.fp2_repr.R2	1.2508588546514545	38.0	101.80532303183695	9.090909090909092	375350.0
Sor-CPnd_034-Ex1-4G-lcwgs-1-2-L3-clmp.fp2_repr.R1	0.8422922298028368	38.0	99.90192869207705	9.090909090909092	305492.0
Sor-CPnd_034-Ex1-4G-lcwgs-1-2-L3-clmp.fp2_repr.R2	0.9476441681269137	38.0	99.87263496261768	9.090909090909092	305492.0
Sor-CPnd_036-Ex1-5C-lcwgs-1-2-L2-clmp.fp2_repr.R1	1.5026819435367003	38.0	103.68857527674551	9.090909090909092	813744.0
Sor-CPnd_036-Ex1-5C-lcwgs-1-2-L2-clmp.fp2_repr.R2	1.8086969528804389	38.0	103.79367221140801	9.090909090909092	813744.0
Sor-CPnd_036-Ex1-5C-lcwgs-1-2-L3-clmp.fp2_repr.R1	1.3006610226002095	38.0	108.00215418966303	9.090909090909092	763164.0
Sor-CPnd_036-Ex1-5C-lcwgs-1-2-L3-clmp.fp2_repr.R2	1.4361988162152102	38.0	108.01728724101241	9.090909090909092	763164.0
Sor-CPnd_037-Ex1-6C-lcwgs-1-2-L2-clmp.fp2_repr.R1	2.1483396983034027	38.0	116.16888620154731	9.090909090909092	1210614.0
Sor-CPnd_037-Ex1-6C-lcwgs-1-2-L2-clmp.fp2_repr.R2	2.5756806438015474	38.0	116.05855541072546	9.090909090909092	1210614.0
Sor-CPnd_037-Ex1-6C-lcwgs-1-2-L3-clmp.fp2_repr.R1	1.6777938793629517	38.0	114.74035127544768	9.090909090909092	995572.0
Sor-CPnd_037-Ex1-6C-lcwgs-1-2-L3-clmp.fp2_repr.R2	2.0016315261637487	38.0	114.65032262859944	9.090909090909092	995572.0
Sor-CPnd_038-Ex1-2A-lcwgs-1-2-L2-clmp.fp2_repr.R1	2.264032628786296	38.0	120.71481547901162	9.090909090909092	624536.0
Sor-CPnd_038-Ex1-2A-lcwgs-1-2-L2-clmp.fp2_repr.R2	2.787171729427783	38.0	121.02410269383991	9.090909090909092	624536.0
Sor-CPnd_038-Ex1-2A-lcwgs-1-2-L3-clmp.fp2_repr.R1	1.8454619565697925	38.0	122.61185978022688	9.090909090909092	742948.0
Sor-CPnd_038-Ex1-2A-lcwgs-1-2-L3-clmp.fp2_repr.R2	2.150580262887459	38.0	122.75014805881435	9.090909090909092	742948.0
Sor-CPnd_041-Ex1-7A-lcwgs-1-2-L2-clmp.fp2_repr.R1	1.2730212214105023	38.0	114.87804653269484	9.090909090909092	1399747.0
Sor-CPnd_041-Ex1-7A-lcwgs-1-2-L2-clmp.fp2_repr.R2	1.5209774190588377	38.0	114.83356778046318	9.090909090909092	1399747.0
Sor-CPnd_041-Ex1-7A-lcwgs-1-2-L3-clmp.fp2_repr.R1	1.1048434693481397	38.0	114.36838325198926	9.090909090909092	1375638.0
Sor-CPnd_041-Ex1-7A-lcwgs-1-2-L3-clmp.fp2_repr.R2	1.3502614443846994	38.0	114.32562272923545	9.090909090909092	1375638.0
Sor-CPnd_043-Ex1-1D-lcwgs-1-2-L2-clmp.fp2_repr.R1	2.0009767688269164	38.0	121.93380493593638	9.090909090909092	1950795.0
Sor-CPnd_043-Ex1-1D-lcwgs-1-2-L2-clmp.fp2_repr.R2	2.3495656625230623	38.0	121.80301671882489	9.090909090909092	1950795.0
Sor-CPnd_043-Ex1-1D-lcwgs-1-2-L3-clmp.fp2_repr.R1	1.5215747554888281	38.0	120.69478997186553	9.090909090909092	1611546.0
Sor-CPnd_043-Ex1-1D-lcwgs-1-2-L3-clmp.fp2_repr.R2	1.7950333073511615	38.0	120.56846779427953	9.090909090909092	1611546.0
Sor-CPnd_044-Ex1-8G-lcwgs-1-2-L2-clmp.fp2_repr.R1	1.4687058488974003	37.0	109.68884256134936	9.090909090909092	1163215.0
Sor-CPnd_044-Ex1-8G-lcwgs-1-2-L2-clmp.fp2_repr.R2	1.7718628187998746	37.0	109.61559900792201	9.090909090909092	1163215.0
Sor-CPnd_044-Ex1-8G-lcwgs-1-2-L3-clmp.fp2_repr.R1	1.0829569452121746	37.0	107.10959290335045	9.090909090909092	957635.0
Sor-CPnd_044-Ex1-8G-lcwgs-1-2-L3-clmp.fp2_repr.R2	1.315836488571449	37.0	107.06427396659478	9.090909090909092	957635.0
Sor-CPnd_045-Ex1-7B-lcwgs-1-2-L2-clmp.fp2_repr.R1	2.1107063479072963	38.0	122.57069870012465	9.090909090909092	1606154.0
Sor-CPnd_045-Ex1-7B-lcwgs-1-2-L2-clmp.fp2_repr.R2	2.5458183053036265	38.0	122.4337610216704	9.090909090909092	1606154.0
Sor-CPnd_045-Ex1-7B-lcwgs-1-2-L3-clmp.fp2_repr.R1	1.6494161701252779	38.0	121.45248101039124	9.090909090909092	1284255.0
Sor-CPnd_045-Ex1-7B-lcwgs-1-2-L3-clmp.fp2_repr.R2	1.9534142222709363	38.0	121.33358561967833	9.090909090909092	1284255.0
Sor-CPnd_046-Ex1-5A-lcwgs-1-2-L2-clmp.fp2_repr.R1	1.0153769552401712	38.0	99.3485611283647	9.090909090909092	348398.0
Sor-CPnd_046-Ex1-5A-lcwgs-1-2-L2-clmp.fp2_repr.R2	1.2045762584940292	38.0	99.4591329456541	9.090909090909092	348398.0
Sor-CPnd_046-Ex1-5A-lcwgs-1-2-L3-clmp.fp2_repr.R1	0.918685927046738	38.0	103.62894830871844	9.090909090909092	335840.0
Sor-CPnd_046-Ex1-5A-lcwgs-1-2-L3-clmp.fp2_repr.R2	1.0589229207815123	38.0	103.68906026679372	9.090909090909092	335840.0
Sor-CPnd_049-Ex1-3B-lcwgs-1-2-L2-clmp.fp2_repr.R1	1.4523609804528235	38.0	116.07675968268	9.090909090909092	477373.0
Sor-CPnd_049-Ex1-3B-lcwgs-1-2-L2-clmp.fp2_repr.R2	1.7350101243935399	38.0	116.02654109050994	9.090909090909092	477373.0
Sor-CPnd_049-Ex1-3B-lcwgs-1-2-L3-clmp.fp2_repr.R1	1.077836446175553	38.0	114.81410855167682	9.090909090909092	378990.0
Sor-CPnd_049-Ex1-3B-lcwgs-1-2-L3-clmp.fp2_repr.R2	1.2573132655502661	38.0	114.75164252354944	9.090909090909092	378990.0
Sor-CPnd_050-Ex1-3F-lcwgs-1-2-L2-clmp.fp2_repr.R1	1.7004427941453457	38.0	114.38889305716515	9.090909090909092	1732664.0
Sor-CPnd_050-Ex1-3F-lcwgs-1-2-L2-clmp.fp2_repr.R2	1.9529939807859336	38.0	114.36506731830292	9.090909090909092	1732664.0
Sor-CPnd_050-Ex1-3F-lcwgs-1-2-L3-clmp.fp2_repr.R1	1.2696955642056906	38.0	111.08821585207926	9.090909090909092	1441691.0
Sor-CPnd_050-Ex1-3F-lcwgs-1-2-L3-clmp.fp2_repr.R2	1.4868698275030994	38.0	111.09919323905054	9.090909090909092	1441691.0
Sor-CPnd_052-Ex1-6D-lcwgs-1-2-L2-clmp.fp2_repr.R1	1.2861368204231525	37.0	105.98720344359697	9.090909090909092	863748.0
Sor-CPnd_052-Ex1-6D-lcwgs-1-2-L2-clmp.fp2_repr.R2	1.586649446859596	37.0	105.94611391285422	9.090909090909092	863748.0
Sor-CPnd_052-Ex1-6D-lcwgs-1-2-L3-clmp.fp2_repr.R1	0.9337624265963598	37.0	104.01079159533747	9.090909090909092	740113.0
Sor-CPnd_052-Ex1-6D-lcwgs-1-2-L3-clmp.fp2_repr.R2	1.1388001761819595	37.0	103.98654124437755	9.090909090909092	740113.0
Sor-CPnd_053-Ex1-2C-lcwgs-1-2-L2-clmp.fp2_repr.R1	2.0558426862819346	38.0	114.84483375529716	9.090909090909092	589703.0
Sor-CPnd_053-Ex1-2C-lcwgs-1-2-L2-clmp.fp2_repr.R2	2.497760353706738	38.0	115.03922483012636	9.090909090909092	589703.0
Sor-CPnd_053-Ex1-2C-lcwgs-1-2-L3-clmp.fp2_repr.R1	1.5831491537764038	38.0	116.89568860128598	9.090909090909092	680568.0
Sor-CPnd_053-Ex1-2C-lcwgs-1-2-L3-clmp.fp2_repr.R2	1.823081025854961	38.0	116.97229666984049	9.090909090909092	680568.0
Sor-CPnd_054-Ex1-8F-lcwgs-1-2-L2-clmp.fp2_repr.R1	0.8821513348942034	38.0	102.80096544797757	9.090909090909092	432131.0
Sor-CPnd_054-Ex1-8F-lcwgs-1-2-L2-clmp.fp2_repr.R2	1.0320425514906333	38.0	102.76005192869755	9.090909090909092	432131.0
Sor-CPnd_054-Ex1-8F-lcwgs-1-2-L3-clmp.fp2_repr.R1	0.6612025529668131	38.0	98.33939318898783	9.090909090909092	371516.0
Sor-CPnd_054-Ex1-8F-lcwgs-1-2-L3-clmp.fp2_repr.R2	0.7257885175030623	38.0	98.31953401737745	9.090909090909092	371516.0
Sor-CPnd_055-Ex1-7G-lcwgs-1-2-L2-clmp.fp2_repr.R1	1.243126186529551	37.0	106.55987607115784	9.090909090909092	1195202.0
Sor-CPnd_055-Ex1-7G-lcwgs-1-2-L2-clmp.fp2_repr.R2	1.433198005656621	37.0	106.49403531787932	9.090909090909092	1195202.0
Sor-CPnd_055-Ex1-7G-lcwgs-1-2-L3-clmp.fp2_repr.R1	0.9905876316497171	37.0	105.17274160411708	9.090909090909092	983220.0
Sor-CPnd_055-Ex1-7G-lcwgs-1-2-L3-clmp.fp2_repr.R2	1.1104228784173102	37.0	105.12596570452187	9.090909090909092	983220.0
Sor-CPnd_058-Ex1-2G-lcwgs-1-2-L2-clmp.fp2_repr.R1	1.173247028930902	37.0	104.75190591612615	9.090909090909092	443094.0
Sor-CPnd_058-Ex1-2G-lcwgs-1-2-L2-clmp.fp2_repr.R2	1.4209490144755819	37.0	104.92363471407873	9.090909090909092	443094.0
Sor-CPnd_058-Ex1-2G-lcwgs-1-2-L3-clmp.fp2_repr.R1	0.9313022205052306	37.0	106.74251375304131	9.090909090909092	511705.0
Sor-CPnd_058-Ex1-2G-lcwgs-1-2-L3-clmp.fp2_repr.R2	1.0486407050008069	37.0	106.8323936643183	9.090909090909092	511705.0
Sor-CPnd_063-Ex1-7D-lcwgs-1-2-L2-clmp.fp2_repr.R1	1.3135070237451032	37.0	109.80508400328023	9.090909090909092	1141384.0
Sor-CPnd_063-Ex1-7D-lcwgs-1-2-L2-clmp.fp2_repr.R2	1.5484835533938366	37.0	109.75178730383465	9.090909090909092	1141384.0
Sor-CPnd_063-Ex1-7D-lcwgs-1-2-L3-clmp.fp2_repr.R1	1.014800287261835	38.0	108.43136466406746	9.090909090909092	954909.0
Sor-CPnd_063-Ex1-7D-lcwgs-1-2-L3-clmp.fp2_repr.R2	1.179290881485528	38.0	108.3805116508484	9.090909090909092	954909.0
Sor-CPnd_066-Ex1-8B-lcwgs-1-2-L2-clmp.fp2_repr.R1	1.88936425916593	38.0	118.15440016917918	9.090909090909092	827525.0
Sor-CPnd_066-Ex1-8B-lcwgs-1-2-L2-clmp.fp2_repr.R2	2.2164719509566453	38.0	118.05830518715446	9.090909090909092	827525.0
Sor-CPnd_066-Ex1-8B-lcwgs-1-2-L3-clmp.fp2_repr.R1	1.3481297237475331	38.0	116.21497849566904	9.090909090909092	648009.0
Sor-CPnd_066-Ex1-8B-lcwgs-1-2-L3-clmp.fp2_repr.R2	1.537080496736266	38.0	116.12739946513089	9.090909090909092	648009.0
Sor-CPnd_069-Ex1-6B-lcwgs-1-2-L2-clmp.fp2_repr.R1	2.2897720428842945	38.0	120.52453508465854	9.090909090909092	965821.0
Sor-CPnd_069-Ex1-6B-lcwgs-1-2-L2-clmp.fp2_repr.R2	2.7988778532572383	38.0	120.42904016375705	9.090909090909092	965821.0
Sor-CPnd_069-Ex1-6B-lcwgs-1-2-L3-clmp.fp2_repr.R1	1.8020395930067394	38.0	119.13533410873458	9.090909090909092	777232.0
Sor-CPnd_069-Ex1-6B-lcwgs-1-2-L3-clmp.fp2_repr.R2	2.1238438998100975	38.0	119.04205565391028	9.090909090909092	777232.0
Sor-CPnd_072-Ex1-8C-lcwgs-1-2-L2-clmp.fp2_repr.R1	2.9806372251609616	38.0	125.71993913725656	9.090909090909092	2276598.0
Sor-CPnd_072-Ex1-8C-lcwgs-1-2-L2-clmp.fp2_repr.R2	3.547964468493632	38.0	125.56935040793324	9.090909090909092	2276598.0
Sor-CPnd_072-Ex1-8C-lcwgs-1-2-L3-clmp.fp2_repr.R1	2.209758741933058	38.0	123.63798474870809	9.090909090909092	1749360.0
Sor-CPnd_072-Ex1-8C-lcwgs-1-2-L3-clmp.fp2_repr.R2	2.576839607360597	38.0	123.52678007957196	9.090909090909092	1749360.0
Undetermined-L2-clmp.fp2_repr.R1	5.5666921979348984	37.0	121.47889298120471	0.0	183852705.0
Undetermined-L2-clmp.fp2_repr.R2	6.871674070926304	37.0	121.32341185298307	9.090909090909092	183852705.0
Undetermined-L3-clmp.fp2_repr.R1	5.1970713271772695	37.0	121.03644979560062	9.090909090909092	178141191.0
Undetermined-L3-clmp.fp2_repr.R2	6.494090578135825	37.0	120.87916826041653	9.090909090909092	178141191.0
