Sample	1	2	3	4	5	6	7	8	9	12	17	22	27	32	37	42	47	52	57	62	67	72	77	82	87	92	97	102	107	112	117	122	127	132	137	142	147	150
Sor-ACeb_001-Ex1-8E-lcwgs-1-3-L2-clmp.fp2_repr.R1	39.532574604072856	39.33441690613283	39.39486597100551	39.50271799268781	39.459861504157146	39.546012818806055	39.540279328915425	39.520664577999476	39.53600981807706	39.57866939714456	39.630386041002545	39.65278089670001	39.65140818090329	39.642575557286484	39.64093501927081	39.63287490041565	39.62456272881694	39.624803443512995	39.61515837148066	39.59782504722678	39.59541436236933	39.59007964964991	39.58022749452103	39.572519415016565	39.5577631816807	39.54002543305327	39.53026332637043	39.511939133242585	39.480352476874245	39.44824616497765	39.408844227213585	39.38320274450683	39.34944615478564	39.343408040222876	39.339890373187984	39.33001201616618	39.31644857196365	39.41451268447313
Sor-ACeb_001-Ex1-8E-lcwgs-1-3-L2-clmp.fp2_repr.R2	39.60161277411616	39.48413915677375	39.55378817421693	39.62610103424555	39.584320698737514	39.571801965584505	39.62380661093558	39.6486835532227	39.661542169231694	39.6691154784108	39.68727395542739	39.684316717741844	39.68109656311655	39.67672540745697	39.66674120419845	39.66402432989513	39.65135861345583	39.64827613229691	39.63985351650627	39.6270873912203	39.623569866965546	39.609976627146125	39.591026397470415	39.58412966767142	39.566385652949535	39.55188875770873	39.527043993776374	39.4880047929323	39.42506244789683	39.35613474204774	39.24239962492349	39.09345903533874	38.88957419942859	38.631065924648524	38.297821141341075	37.98110060561558	37.67414980112019	38.103514276130156
Sor-ACeb_001-Ex1-8E-lcwgs-1-3-L3-clmp.fp2_repr.R1	39.45851572397177	39.348950528957424	39.574277330985865	39.63762248207099	39.628403456223296	39.53060758398369	39.772255321339024	39.68767145613538	39.641675508089165	39.65216416042049	39.70626616050305	39.7187737130168	39.707528281382935	39.68171930080703	39.675137119264605	39.66602454658621	39.66684125591477	39.656471748367395	39.6439965738389	39.6325895336573	39.61875980942401	39.60841361232417	39.59841195475749	39.5846409111448	39.57823312074332	39.56384124595591	39.55174220123824	39.54005006950769	39.52152932828663	39.5169034861385	39.4969563153454	39.49248503646912	39.47687037388775	39.47660993900314	39.454274026202995	39.453268649681675	39.440103236248056	39.59731165107863
Sor-ACeb_001-Ex1-8E-lcwgs-1-3-L3-clmp.fp2_repr.R2	38.02651515354589	38.940603868709836	39.136487259505714	39.74163460254879	39.573147737623394	39.74320541818812	39.68720074755813	39.7222395863769	39.72615483095504	39.80697999702992	39.80443463235677	39.7951374410073	39.771922286978906	39.763760741483814	39.75773163310849	39.74999414033839	39.74678141469019	39.735748339630035	39.72546501712448	39.7197410649912	39.70701895576322	39.69386225581826	39.68129821706256	39.67517214576178	39.66231199461707	39.648897464576066	39.63342204782407	39.62408166551984	39.608747726338024	39.598525282738514	39.58283416664705	39.56486401754144	39.543284811327894	39.52302197733145	39.5062336783357	39.484488482752226	39.462182299859286	39.606569810158085
Sor-ACeb_002-Ex1-9E-lcwgs-1-3-L2-clmp.fp2_repr.R1	39.51980100112437	39.32011298541869	39.39438073375996	39.49775368081781	39.458766613486304	39.53943858958579	39.537941581182864	39.51712832491535	39.53361767889493	39.5726995997761	39.62865880629711	39.65412833943375	39.652462917585495	39.64695194072	39.64602351165863	39.64217354356451	39.63734259718372	39.63924425333453	39.631833557586965	39.619859108162444	39.6214894274619	39.62022163762748	39.613569083296724	39.60773958820225	39.59987860955363	39.58770410805878	39.57663539993503	39.565924875305086	39.53945710883012	39.51231666129537	39.4727970659363	39.455870314491975	39.42979275518665	39.42298556874505	39.424964135047	39.41861550863735	39.40788274078543	39.474418707031276
Sor-ACeb_002-Ex1-9E-lcwgs-1-3-L2-clmp.fp2_repr.R2	39.56055060227165	39.46300146958476	39.52747220129601	39.61018804554906	39.551965388133304	39.55390085223011	39.60218679374031	39.62408118689537	39.64001400219067	39.6498839334541	39.67230679638589	39.67583992979546	39.67592949219475	39.674824647501495	39.66799011524383	39.670549094438265	39.66192103434542	39.662706598925965	39.657294518750106	39.650478411336536	39.6505539687418	39.643772113094634	39.63189507774899	39.628269152400335	39.611835041529275	39.6002168741372	39.57557521797465	39.53644419782971	39.463951486368956	39.38860290698429	39.25905589189897	39.09587162238747	38.88850423519419	38.61623429889835	38.285612431268405	37.96466332726652	37.654052797081555	38.09342207649943
Sor-ACeb_002-Ex1-9E-lcwgs-1-3-L3-clmp.fp2_repr.R1	39.45317319056004	39.304746862121014	39.55960618048033	39.63492561504973	39.62604920715966	39.49810876283822	39.768058610855284	39.68643399200559	39.63782569760247	39.64920636435504	39.70448313872201	39.71856871998715	39.70953937479421	39.688083270617014	39.67892348567605	39.676168147519725	39.67929886028758	39.67256394842116	39.66425799872433	39.655008470592655	39.64580390913017	39.63743350754645	39.63290900875968	39.624249603837136	39.62005048681086	39.612565430202274	39.605334399276785	39.600321113284146	39.588185547434726	39.58298678759613	39.57048413486896	39.569385986803795	39.56301600100004	39.5647695430021	39.55699613127963	39.55368130484571	39.54608201803096	39.671223200057184
Sor-ACeb_002-Ex1-9E-lcwgs-1-3-L3-clmp.fp2_repr.R2	37.873886770724475	38.838757318801505	39.02297598653706	39.711300022745746	39.554782253228545	39.72449016922516	39.66424018871016	39.703261867155305	39.708754646574064	39.788692580910435	39.78901619083521	39.78760547743001	39.76743381862892	39.76123932725319	39.75794613705976	39.755744224096105	39.754596048491	39.74833298581283	39.740741361256845	39.738719127101156	39.72748259289818	39.72169727778348	39.71592226300129	39.71259761162416	39.7017376357354	39.69444215330519	39.68503392921038	39.67618978900792	39.66988915412619	39.66092109055331	39.64665507163779	39.629020407284344	39.61201295258115	39.60257062514704	39.58671355236943	39.57168015243279	39.55832094029962	39.67668996974713
Sor-ACeb_003-Ex1-10E-lcwgs-1-3-L2-clmp.fp2_repr.R1	39.53272762677331	39.33215769901165	39.41255329220355	39.515574859219925	39.47825662263975	39.562830894517454	39.55852461533834	39.53166360330495	39.54590973927388	39.59295325484162	39.64617428074325	39.67081029479514	39.67169928711536	39.66654442198241	39.667248805836195	39.663643874271216	39.65759056501533	39.6589351270376	39.65272872617667	39.64075831585545	39.640685632996394	39.63940323135687	39.63331607639917	39.6302081934995	39.61898725725443	39.60822669648853	39.599985041725205	39.58694207597949	39.56205803917088	39.535999676063106	39.50418547908217	39.47940984407465	39.45190389188757	39.46013358729236	39.447666146854246	39.43545962139173	39.4225532918025	39.490709144412364
Sor-ACeb_003-Ex1-10E-lcwgs-1-3-L2-clmp.fp2_repr.R2	39.61947316510965	39.4689381454234	39.561042587851986	39.640479594211435	39.58709525234343	39.59249658439126	39.63198402935761	39.64931885716819	39.668578141053956	39.682168258506564	39.702394994767744	39.70341931326871	39.70314739440109	39.70093678638297	39.6944942714224	39.6956156264372	39.68577866997632	39.685175102363736	39.68018116438599	39.673327376809326	39.6716786666749	39.66506130884268	39.65205379576544	39.6482641978631	39.63494154299184	39.622931159851305	39.602089073613634	39.562610573963674	39.50311405729591	39.43227542083359	39.32283168246892	39.17123409008381	38.97439721516275	38.72174074075362	38.395900596521635	38.10096636686053	37.83556479099679	38.16463992978383
Sor-ACeb_003-Ex1-10E-lcwgs-1-3-L3-clmp.fp2_repr.R1	39.450607567347994	39.28753695985876	39.55871471480855	39.634515528023094	39.62984481741732	39.51032669195105	39.774507755223205	39.69150069720843	39.64719437077427	39.65558481530812	39.71127552036747	39.724843157397245	39.718442354338116	39.698716551997606	39.69338863708573	39.691517854800885	39.694233163707196	39.68701069035403	39.67818612239555	39.67104865488045	39.661574078752274	39.65328753518294	39.64824956358604	39.64170666532908	39.638461075662015	39.630177460880894	39.6262949997912	39.61764405532848	39.607203523053535	39.60124718372317	39.58950083153725	39.59028140951357	39.576629997105734	39.58377550604157	39.565785626030475	39.57328815386806	39.56184604763396	39.66780654616512
Sor-ACeb_003-Ex1-10E-lcwgs-1-3-L3-clmp.fp2_repr.R2	37.48432823869917	38.631297237336	38.990447072701066	39.72512059557614	39.55306342057878	39.74632705910843	39.67649997461146	39.72427554770898	39.72737998054847	39.81057327328618	39.8108619996016	39.81023212939564	39.790905785072326	39.783564587964435	39.780890627042105	39.77815824616618	39.7770492985696	39.770676017728796	39.76234793943289	39.76004160278272	39.749376372354334	39.744167943190256	39.7348520202226	39.73371822484736	39.72266317925373	39.71685655883151	39.70648329805809	39.699333492170325	39.69350478856859	39.686765567357995	39.673452893526836	39.65976251304645	39.64599599684576	39.63029505613157	39.621059379229976	39.603475696975465	39.57859440201261	39.68611051320685
Sor-ACeb_004-Ex1-11E-lcwgs-1-3-L2-clmp.fp2_repr.R1	39.53829353254828	39.34850194177305	39.41294178791586	39.51164779470595	39.47594876389131	39.55819886394079	39.55150694818809	39.52601431114125	39.54313681530462	39.585289738400675	39.639862605700486	39.66498160496425	39.664369684294634	39.66012400418843	39.660118052567576	39.65786306597157	39.653421521750985	39.655074928091715	39.650079303722165	39.639895698917286	39.64092843821245	39.64277119120415	39.63693613805263	39.63327763535303	39.62525965140452	39.61365896198991	39.603812485255474	39.59239535332341	39.56868154620612	39.541815844830865	39.507831655542475	39.48504510122607	39.456556132012054	39.4532845143474	39.4502399072043	39.438810955572556	39.433027923165724	39.495920945176486
Sor-ACeb_004-Ex1-11E-lcwgs-1-3-L2-clmp.fp2_repr.R2	39.59942772995391	39.485685516277755	39.54314220315986	39.62592639930333	39.5728861573128	39.566290624303754	39.60990541221034	39.63331115332928	39.64537595805295	39.65793690442374	39.680318693632685	39.68384390744823	39.68353779745077	39.68245578691372	39.6756248812156	39.677797244043255	39.66919657760128	39.66978154261784	39.665641646917	39.659184418627675	39.66072152344955	39.65375016666446	39.64153866610783	39.64017294896972	39.624762936047446	39.61298421945524	39.5906358747387	39.55199399793405	39.48628802930459	39.414907859033626	39.293752874098985	39.140726296958285	38.938520532835	38.67333423754651	38.341921210559335	38.01911623584281	37.720753680745304	38.12129824163753
Sor-ACeb_004-Ex1-11E-lcwgs-1-3-L3-clmp.fp2_repr.R1	39.45923374222217	39.31336795078837	39.56289137367007	39.63554724043398	39.63017388351411	39.515100410435856	39.77281054126266	39.690740235477	39.64905383727563	39.654796733594196	39.70978899030004	39.724226887669424	39.718080624755316	39.69981929395563	39.693627194930265	39.69185196502247	39.695254616966295	39.68939764390377	39.682223832637575	39.67661804590391	39.66899157687375	39.662413705895744	39.65818585504136	39.65083670080192	39.646987380171275	39.638150850010376	39.63215414494889	39.62607782742049	39.61296410745797	39.60845679619518	39.594784067595	39.593485902582835	39.58050533620499	39.5856358613455	39.571314297901786	39.57414586830366	39.57324225453172	39.675065776158675
Sor-ACeb_004-Ex1-11E-lcwgs-1-3-L3-clmp.fp2_repr.R2	37.97980344102017	38.879633072998686	39.05413906494594	39.72658127492409	39.573717990506616	39.73668625286882	39.676596208889876	39.710040876124395	39.71678071782795	39.79735535434408	39.79722377755293	39.79701624506871	39.77681808324433	39.770918546084864	39.766518734858735	39.76412918391934	39.762935614503164	39.75609004968631	39.74904462087284	39.74747240715988	39.73822108848369	39.732623734616595	39.72514668472815	39.723479128623445	39.713128716194156	39.70753093405914	39.699304103453684	39.690156739588325	39.67976772068741	39.67471086538178	39.66108602159238	39.646822075744964	39.630014402023484	39.61695553278956	39.59833145629276	39.58484111217543	39.562331761867064	39.67117822687373
Sor-ACeb_005-Ex1-12E-lcwgs-1-3-L2-clmp.fp2_repr.R1	39.551146792701566	39.34992351583934	39.45056164059699	39.53218440954802	39.514096205644535	39.57928414374534	39.574139011723396	39.55740461138688	39.56640761386642	39.600255834428886	39.64970849383874	39.66499692341093	39.65921554546436	39.651992983056545	39.64696538504997	39.642909395701096	39.63692333590838	39.636024611501526	39.631030852162695	39.6199481502303	39.61844806517196	39.619975285405765	39.61163653487107	39.607964203110996	39.59710842177746	39.585256478705006	39.577002521640026	39.56112982604796	39.532514488487436	39.50169976080007	39.467730142985324	39.44514727202926	39.42588412043506	39.42792092846689	39.43312050719338	39.43261347900931	39.4238090358553	39.498528257712636
Sor-ACeb_005-Ex1-12E-lcwgs-1-3-L2-clmp.fp2_repr.R2	39.46142207827114	39.36861607769601	39.444393588377956	39.56683609217346	39.517799855225476	39.52943922575379	39.57307016449705	39.593281449707554	39.60608569670521	39.62311408221878	39.63717965244721	39.6381947963632	39.6369192775052	39.63269292780338	39.62710359262754	39.62997372600935	39.621507231441555	39.62192962001016	39.616123422356836	39.60852815702149	39.60770541359334	39.59975700439364	39.586073561661934	39.58280777053388	39.565225708028855	39.54736332522816	39.516460791045816	39.469552507724465	39.38117615364074	39.286797283484646	39.13979325333343	38.94864381150869	38.720427061036176	38.41865677864102	38.050669348463	37.70613764630981	37.36800970532832	37.854545700799775
Sor-ACeb_005-Ex1-12E-lcwgs-1-3-L3-clmp.fp2_repr.R1	39.47443636543742	39.299198052179456	39.57299766730249	39.649288714503676	39.65216290950559	39.49122097567399	39.77351754113629	39.704262035257436	39.65518085955856	39.67219143099093	39.72276548477465	39.73194611722439	39.724367568377275	39.7055242625285	39.694629173335855	39.69101493387878	39.69340996719715	39.68639285564111	39.680361659739255	39.673838315875805	39.66390721178014	39.65664438572429	39.652628780181054	39.64265077603016	39.639185589193794	39.63095007802689	39.624046720890185	39.61446348142003	39.60248889467755	39.59739994341017	39.58289154881921	39.58242629538555	39.57600369732568	39.58294799849756	39.569300832359836	39.57427453369544	39.57363901513086	39.686218893856456
Sor-ACeb_005-Ex1-12E-lcwgs-1-3-L3-clmp.fp2_repr.R2	37.6877036278218	38.46516869474038	38.831440558494414	39.65469976334778	39.50089544900501	39.68235811436862	39.607840146799276	39.6594539482506	39.662299150637175	39.74971399992994	39.75335982130885	39.751453677652854	39.733744867401064	39.72492092458491	39.722008304308424	39.721902084364146	39.7192412904508	39.715421159267876	39.704306635833476	39.70230362195933	39.690625547368214	39.68144007501754	39.67344291139243	39.667891483078535	39.65107344441439	39.64368501461097	39.628613211530265	39.61351620960783	39.60195364952931	39.59164984167218	39.57250928319773	39.55504510844718	39.5371020449497	39.52415248032036	39.51433356927542	39.50162658133904	39.48760568076504	39.61544735399623
Sor-ACeb_006-Ex1-1F-lcwgs-1-3-L2-clmp.fp2_repr.R1	39.5478120069257	39.39617163869024	39.4051712315534	39.437376699489704	39.50287867059457	39.56775913266909	39.576691615599366	39.52463484458673	39.52383341864422	39.5693615952289	39.63197818961247	39.64917696164183	39.64348987418664	39.64184179740006	39.640779747748596	39.64206610542873	39.63727558663215	39.64168504590817	39.637339635102464	39.62915033313003	39.63027805767335	39.6349998002117	39.62976536742426	39.62769408020798	39.62068372938302	39.609716838902685	39.60435601888254	39.59202164434126	39.56972784103853	39.54165161381754	39.50697370774816	39.485314341355036	39.458819024534705	39.45231319206554	39.448416703563296	39.44138697860855	39.43140524262764	39.49344404289
Sor-ACeb_006-Ex1-1F-lcwgs-1-3-L2-clmp.fp2_repr.R2	39.56465810871459	39.418070111046255	39.454182895444674	39.572906401255885	39.534840323618795	39.53820569939013	39.582159396164386	39.60784673278771	39.62034455864975	39.63823787711864	39.66260915827208	39.66731210946423	39.66693427908213	39.66485949105165	39.65884134937897	39.66236590093305	39.65485305196361	39.65684461510051	39.654004167201144	39.649034639105835	39.65151642020349	39.64494081846574	39.634219923055035	39.63375994610518	39.61888269376588	39.606874567951685	39.580162145514336	39.54110572933729	39.46739600874975	39.383133009069645	39.251962614946514	39.08003892642598	38.86222027084432	38.57420015436587	38.22265382910362	37.88137038825448	37.55677999754728	37.982651564874836
Sor-ACeb_006-Ex1-1F-lcwgs-1-3-L3-clmp.fp2_repr.R1	39.55948704809014	39.4886669898847	39.5791352150333	39.58454098246473	39.64439203525928	39.43075678295131	39.77523456989383	39.69411337503578	39.63606329552882	39.64950413862784	39.706687418228505	39.71765910035396	39.70650757718092	39.691130817653594	39.68297183270464	39.6843479888219	39.686209210957045	39.68225481000232	39.674339551460676	39.66872651439019	39.65968726185703	39.65423040082082	39.65055364955082	39.64431294714527	39.64211649926523	39.634515938244824	39.63083329997381	39.625563511115985	39.612984419133134	39.608033974348885	39.59647712282359	39.59347817891522	39.58667958508198	39.59042055456304	39.57865187147936	39.57938007267685	39.577802230324195	39.68085656946689
Sor-ACeb_006-Ex1-1F-lcwgs-1-3-L3-clmp.fp2_repr.R2	37.76308581677866	38.702987538071284	39.00818146347831	39.69817150211355	39.5217487329316	39.70893576733633	39.62961383722466	39.683051026323554	39.68289646029558	39.772450160286795	39.777360769695534	39.77872335408964	39.75769936725315	39.751474174114655	39.74939900662278	39.74918391033965	39.749617632141906	39.744596801944034	39.73716687357765	39.73661060408384	39.72681826492843	39.72164001959834	39.7153410354356	39.71364402093293	39.702408830581554	39.696755074988786	39.68816487439393	39.678488411749484	39.66870024653675	39.66221114821505	39.644261098131054	39.62880056466771	39.609363799427314	39.596475734228605	39.57989145362806	39.5609261411614	39.540695399299786	39.64531319206471
Sor-ACeb_007-Ex1-2F-lcwgs-1-3-L2-clmp.fp2_repr.R1	39.532788636683755	39.38625616712292	39.42054867631432	39.45969631261384	39.52510877803532	39.58483536931832	39.59091218323577	39.5434359965467	39.54157519985359	39.58716682684339	39.64497666338648	39.661693554955306	39.65721786939737	39.65283804919157	39.64637069806426	39.64591456590567	39.63190631061825	39.626711650349456	39.611247954637065	39.5890173842066	39.571547477362934	39.56025205693626	39.5399720784537	39.51968143881202	39.50340543949852	39.48721072829119	39.46715193936774	39.45316135151183	39.4190886773856	39.37585845150291	39.33060611070432	39.306447957259266	39.27774820372516	39.25713669181117	39.25414754656433	39.253123355403105	39.25871741207595	39.38389876562379
Sor-ACeb_007-Ex1-2F-lcwgs-1-3-L2-clmp.fp2_repr.R2	39.586401044805726	39.46477086425479	39.56649281983521	39.6352119842206	39.567215291877744	39.58532500222778	39.62035339806197	39.64906447535977	39.65888108819237	39.67311876999613	39.69213741533231	39.69795264454471	39.69629076720973	39.696126318020205	39.68893264774235	39.691805498017374	39.683366404818784	39.6859536102566	39.679367322212144	39.675994706254514	39.67586362033616	39.67264057471924	39.6563462199069	39.65287736694029	39.633077657669006	39.62307697180036	39.60012262057427	39.558265798780994	39.495601114671814	39.413854946077734	39.29973568100741	39.12476862334605	38.919606608011264	38.66597246302398	38.32926838272438	38.01158548243046	37.716491838682714	38.0957688174183
Sor-ACeb_007-Ex1-2F-lcwgs-1-3-L3-clmp.fp2_repr.R1	39.54327188078853	39.41949819143576	39.564026013044376	39.582639202670386	39.66025842715236	39.43814331777503	39.780344017543904	39.713682634234736	39.6627885245475	39.66597580853113	39.719781600194935	39.7290186439435	39.71578265055795	39.69991740761036	39.68983284171262	39.687566265690904	39.679519236010506	39.66501340532449	39.64249349161696	39.61593771845238	39.58975254680354	39.566740468628666	39.55143660393212	39.529401823012996	39.51288567204996	39.501019557297255	39.48774186348392	39.480435329585795	39.458669309579975	39.45431672654108	39.439303324643355	39.435835405912556	39.44082170735026	39.432700067470805	39.42192450601202	39.42562361919145	39.42598491325042	39.59199202826343
Sor-ACeb_007-Ex1-2F-lcwgs-1-3-L3-clmp.fp2_repr.R2	37.457742996988486	38.56025274951445	38.92894081299043	39.701056986924876	39.525111719354356	39.734331493620935	39.659047197730835	39.71402684103324	39.70958763788972	39.80010432659666	39.80126256473099	39.80189633106307	39.78338936057968	39.77859327708963	39.772694723050236	39.77387188027557	39.77271003501441	39.769535261844496	39.760185509294494	39.76073320359061	39.7504615654694	39.74907133147325	39.74033864791489	39.74002588495729	39.72836902711026	39.723153031726405	39.71477565407709	39.70503018047193	39.69644708834375	39.68705573557573	39.67840099410727	39.65858393406441	39.64340195279097	39.62453152109994	39.61268529369588	39.59503231555651	39.56918590476752	39.65768390386016
Sor-ACeb_008-Ex1-3F-lcwgs-1-3-L2-clmp.fp2_repr.R1	39.54289479829317	39.395973204147985	39.414153299881015	39.443743013703454	39.512717319895536	39.58087297469842	39.58893438626375	39.53276572112798	39.532898550590254	39.57944606637022	39.63815415419314	39.653071397342764	39.64487170868451	39.642581783471456	39.639291581486496	39.637972778343126	39.63002324512538	39.63294996033138	39.62550483493419	39.61458252562242	39.613952570478794	39.614923032106525	39.60762376045743	39.60311953593966	39.5930697459528	39.580718717301515	39.57148897227104	39.55714317605733	39.53207586800231	39.50218966373082	39.46725209275526	39.44409118744095	39.414524346359755	39.40996143769021	39.41011813778416	39.40242847756954	39.38874983963503	39.4648097866708
Sor-ACeb_008-Ex1-3F-lcwgs-1-3-L2-clmp.fp2_repr.R2	39.61412168044183	39.476851008306205	39.58021821585692	39.641815425619136	39.576590789285184	39.59367131361152	39.627253483895025	39.655734469654995	39.66873100959818	39.67778425311747	39.69602416460777	39.69600838579672	39.694081663151586	39.690432033313165	39.68194481002992	39.68193784186353	39.67128649411145	39.66979588313167	39.664458238387894	39.6562551531019	39.65398830070616	39.64433249575834	39.62916004353451	39.62634631160056	39.60990365105563	39.596501827605024	39.57453096356615	39.539078845194936	39.4743260129885	39.405899874834844	39.297957947145456	39.149620116396285	38.95658220426709	38.70393940165885	38.391891349321625	38.09237466277621	37.80782195657586	38.18238953483522
Sor-ACeb_008-Ex1-3F-lcwgs-1-3-L3-clmp.fp2_repr.R1	39.55214806627488	39.463835788951975	39.58315581165897	39.586113065830084	39.6572896989332	39.455113389826515	39.77960591362531	39.70542397643102	39.64833099565541	39.658528607175136	39.71170123113947	39.720798175399395	39.70711537119291	39.6902558489571	39.68181670529308	39.681876102041414	39.68113246797626	39.675016490276256	39.66550288972017	39.65834175000661	39.64824450370255	39.63925897030307	39.63266428992417	39.62468002486415	39.62083125772719	39.6109950157228	39.60374944397735	39.5959555742606	39.58321546134059	39.57649603614502	39.56214445905643	39.55712354939168	39.54522490273515	39.544878908686144	39.52873602863068	39.534777555453054	39.5303726740103	39.65260910801284
Sor-ACeb_008-Ex1-3F-lcwgs-1-3-L3-clmp.fp2_repr.R2	37.69249309945845	38.77826873554686	39.04928306043515	39.71776007712036	39.54798373986947	39.74388580032332	39.677138167427714	39.724750330642635	39.72520537230985	39.80749007602408	39.805011592571624	39.8036005500706	39.78249836851029	39.77526259494131	39.77102391287653	39.76753754251494	39.76501876402214	39.757571660834635	39.748300810032205	39.745585362513886	39.73337974925987	39.72682013880416	39.71680293010551	39.71402459540828	39.70297950425298	39.69698796151358	39.685286411447386	39.67478315346765	39.66691197303135	39.66162912425234	39.648560988697355	39.63034207666844	39.61571226651732	39.59783789747915	39.58497182005734	39.567569163233784	39.54468526147353	39.67006559072137
Sor-ACeb_009-Ex1-4F-lcwgs-1-3-L2-clmp.fp2_repr.R1	39.53068485041854	39.37443270046354	39.40680588601695	39.436574422726984	39.51022074179623	39.58005589767576	39.5883412759501	39.53110456780883	39.535111968502264	39.58362806667274	39.64500644813351	39.66154072759325	39.65502139450526	39.653146948051884	39.64915971775635	39.649576271996054	39.64102877254216	39.64447335100417	39.6376401629606	39.62844755535224	39.62538030143068	39.626251503501926	39.621086591609625	39.61621942404421	39.60650737187852	39.59301479258596	39.58412749392609	39.57091196827723	39.55335076111755	39.51963237335483	39.48796243638604	39.461961226216054	39.43479536132245	39.41940270423332	39.41714341762635	39.39875401765968	39.40549272849103	39.44823390745599
Sor-ACeb_009-Ex1-4F-lcwgs-1-3-L2-clmp.fp2_repr.R2	39.61180989618805	39.47178681865761	39.57151841192607	39.6460517245121	39.584232755225344	39.6044618405785	39.636170127295806	39.65118529760918	39.66701681593799	39.68613949115846	39.70588227689065	39.708216902928925	39.70792637907637	39.70519884042892	39.69802138298545	39.6989543266136	39.69180474898335	39.69137841323989	39.68642165837731	39.67937752085575	39.67816963704709	39.67233548267115	39.66059506571112	39.65457309483889	39.63846187497419	39.62432820672957	39.601993434962274	39.5660198056931	39.49827985458997	39.42775693811942	39.313559819905	39.158583998412695	38.95677718262223	38.71953983067224	38.38818345631218	38.08170507671665	37.82846695846519	38.168215540804376
Sor-ACeb_009-Ex1-4F-lcwgs-1-3-L3-clmp.fp2_repr.R1	39.531377858332206	39.40224330279655	39.55904854825409	39.57019806888622	39.644427919417964	39.43137201163979	39.77605584565706	39.70048917326551	39.6467964388771	39.659201171287386	39.711623711748324	39.722602825657724	39.7097458272278	39.69486670586991	39.685585611233606	39.68726485716357	39.687464828560934	39.67931289968181	39.673618805150916	39.663986776979776	39.654025134641145	39.6452975696693	39.63951972557212	39.63180170358485	39.62713487673034	39.61770547946813	39.6118928782001	39.60539331080628	39.58854185018056	39.58778268247122	39.576755881842715	39.56711730336067	39.56393432346208	39.55752825449671	39.55696011114861	39.56180545897676	39.56334453027821	39.689566717970244
Sor-ACeb_009-Ex1-4F-lcwgs-1-3-L3-clmp.fp2_repr.R2	37.24804957995169	38.598901065437886	38.934003632257664	39.72797289083616	39.56283306353284	39.75771063013946	39.69017828757688	39.73467283492717	39.73639578209865	39.81992686762236	39.82108366007817	39.820291189643555	39.80268058666686	39.79563076290329	39.792245587117336	39.79054517899603	39.78960671176204	39.7816659680885	39.77303046035238	39.77131217846813	39.76113957432064	39.75393482146029	39.74756360560535	39.745216679632584	39.73145428651811	39.72656491639001	39.71731244444921	39.71123191427939	39.70064587360624	39.6890023632165	39.67880633169898	39.66482615581049	39.65477468833794	39.63709609569291	39.617034929815304	39.61014960493938	39.58046548867975	39.70706452675672
Sor-ACeb_010-Ex1-5F-lcwgs-1-3-L2-clmp.fp2_repr.R1	39.594415480165736	39.438748123392564	39.44705468687498	39.47286256306502	39.52487256909823	39.58253733446434	39.58801715128831	39.54884322372933	39.55605017679159	39.58527338094669	39.62959329432424	39.63757338363204	39.61924214282575	39.609920900159324	39.60444955228382	39.60348970206261	39.595605211183475	39.599419093167214	39.5934765241582	39.58516199028096	39.586256933562495	39.59002409539918	39.58508553055079	39.582662508254536	39.57470737769613	39.56464455084146	39.557093117695395	39.54388069002697	39.520559921523684	39.49257779675962	39.462234519942925	39.44203761190282	39.41951591567737	39.41716359821204	39.42230003700508	39.41910414356012	39.41329053246359	39.516571715140024
Sor-ACeb_010-Ex1-5F-lcwgs-1-3-L2-clmp.fp2_repr.R2	39.56423960475398	39.445579592360495	39.50236043462493	39.591125232261675	39.51251564865505	39.53630264965773	39.573556739400566	39.597742721290544	39.60524908133696	39.618119184282406	39.631929881388466	39.63159475649145	39.62635446757777	39.620505592102944	39.61330288575296	39.61530616042351	39.60636383481266	39.60692107713029	39.60220834015936	39.59476741670351	39.59449680219414	39.58706994379444	39.57419960662279	39.57151477078628	39.555558743908236	39.54226219857442	39.51491185783946	39.474242832250674	39.402306370609764	39.326235396874694	39.204782503606474	39.048810277455765	38.844085639992684	38.579401739432456	38.239802953799426	37.9145366407554	37.59634371193674	37.993419164315085
Sor-ACeb_010-Ex1-5F-lcwgs-1-3-L3-clmp.fp2_repr.R1	39.61367893686017	39.49546971990972	39.59736874730871	39.60721388375998	39.66747103727317	39.471215640930836	39.79214075226754	39.72323973614901	39.68421533397923	39.677452562917196	39.721590507262775	39.727509661319345	39.70920432110135	39.690867631001694	39.67999322104102	39.6798114457233	39.67901376822003	39.67626535261612	39.66827745884982	39.66318548445807	39.65576685232748	39.65015905880256	39.64688525047599	39.64063303750315	39.63826667040746	39.63041367389322	39.62637352612972	39.62027230911673	39.609294171189255	39.602771464444814	39.59139085388013	39.58649525337138	39.57633726990239	39.578925910680915	39.56655518208117	39.569040789901806	39.564569658843745	39.690667874869185
Sor-ACeb_010-Ex1-5F-lcwgs-1-3-L3-clmp.fp2_repr.R2	37.381602758305306	38.47009871282989	38.783218104778776	39.66209816828192	39.494789794126255	39.70838076950469	39.6306653721214	39.685130835948684	39.677999110477295	39.77408144427709	39.77325719526786	39.775438197376374	39.753532967895154	39.74493869146893	39.741006269155676	39.7401853809657	39.738469455190895	39.73233036800424	39.72400299685081	39.72179459486664	39.71105978263822	39.70418299653552	39.69624855406326	39.693773090050094	39.68116865228275	39.676147572105855	39.66569797320638	39.65596265909345	39.64613029889498	39.6394616083154	39.6244082408452	39.607267428627146	39.58826436939761	39.57578705787823	39.56121761481504	39.54307890958489	39.52300539614076	39.64906021821411
Sor-ACeb_011-Ex1-6F-lcwgs-1-3-L2-clmp.fp2_repr.R1	39.50338413135934	39.2596699572649	39.299655528251975	39.32525421111605	39.38096222940684	39.45850675449603	39.46649549448615	39.43053791720523	39.43338451327394	39.45248417687189	39.50191603131598	39.5038639988134	39.47429632233999	39.45407182129106	39.442382949746154	39.433150244680846	39.41808347977853	39.415767984472936	39.400198481347005	39.37879366347575	39.36951368345056	39.36771067012271	39.35155160142055	39.3418377348349	39.32749774484773	39.3132589678153	39.30337061193025	39.29004657243284	39.263359162406985	39.23128450016463	39.20093591954873	39.19185646588397	39.185279748334835	39.20763494792361	39.23758582635752	39.256809110493805	39.264880395601956	39.43411833465122
Sor-ACeb_011-Ex1-6F-lcwgs-1-3-L2-clmp.fp2_repr.R2	39.167011003073966	39.06264807914083	39.158331517864404	39.35652375489812	39.236469850379564	39.29661264583967	39.33458828019539	39.39069064752035	39.41193322001085	39.43501821961054	39.44314767165952	39.431427486406825	39.4192682643047	39.40189924355292	39.38637774191521	39.385125339372	39.3662017735692	39.36127500793761	39.345226763538356	39.329196061151876	39.317754790515764	39.29963274839808	39.27750821834893	39.26955408250193	39.24749892042396	39.226951140142376	39.19132976187409	39.13709232938804	39.04424275471867	38.93980107920154	38.786651537213366	38.59525813693197	38.354458131321664	38.04893702563413	37.67284618653894	37.31424961901755	36.945973215420224	37.51339005648814
Sor-ACeb_011-Ex1-6F-lcwgs-1-3-L3-clmp.fp2_repr.R1	39.58030166579574	39.419289019452336	39.51385143356933	39.51698182667209	39.57253374478937	39.309564390000915	39.73915669356587	39.662644758032805	39.604712308144	39.58972260346693	39.63722565308145	39.64015100447514	39.61362502019465	39.5863270172819	39.57192181915825	39.564912722585255	39.56502836902153	39.55540175800597	39.54274821495885	39.52905003371844	39.51287259814823	39.49873521346004	39.49048402952527	39.47714302792782	39.47272602506249	39.46104151797685	39.45439907008307	39.44929002727162	39.44104541373851	39.43601829249825	39.42805025384337	39.43174160793082	39.43058985035925	39.444839572539365	39.441906232729345	39.45354852878388	39.45823910571844	39.63178349606274
Sor-ACeb_011-Ex1-6F-lcwgs-1-3-L3-clmp.fp2_repr.R2	36.787036773951876	37.76021334330403	38.21038366463533	39.41798544393287	39.22779271872706	39.496557130360436	39.385035743664645	39.48814668676729	39.48498678237289	39.611752768948406	39.61642129057133	39.61245464354683	39.5846072946148	39.564972637456314	39.55516604200512	39.55277371383238	39.5422876338122	39.535223912936075	39.5144467987587	39.50738294089301	39.483892574043786	39.468097034196056	39.453225831947826	39.44616473814384	39.42340349792548	39.41879495415964	39.40543640861252	39.393416511283405	39.38555979324764	39.3820573982605	39.365958585819826	39.3533010645504	39.3370901119993	39.33579301137306	39.329593288462924	39.32106953463007	39.30846663851599	39.50337451452536
Sor-ACeb_012-Ex1-7F-lcwgs-1-3-L2-clmp.fp2_repr.R1	39.539415704474806	39.37881785277161	39.38785122005283	39.42194979452881	39.487477352917544	39.55836978151768	39.56464315180373	39.51154116447697	39.51264742263804	39.55790803537345	39.620112428200606	39.637291060779226	39.62915879639265	39.62595809503132	39.62233475166129	39.62182473751679	39.614462533196736	39.617139595312544	39.60935174561674	39.5977200220962	39.59648373439811	39.596405522648	39.588691571020455	39.58325527532952	39.57382938768241	39.56081281414502	39.552633512052864	39.540658996692585	39.51514321838651	39.48421548732923	39.4459337181718	39.420888143118326	39.38870037272373	39.38573154997799	39.38426114280944	39.37516870372278	39.36747930892678	39.45135326976403
Sor-ACeb_012-Ex1-7F-lcwgs-1-3-L2-clmp.fp2_repr.R2	39.56539710251374	39.46022790335007	39.53696094486816	39.62103075714254	39.53753417844998	39.557222739939725	39.603854556251214	39.63391276420745	39.650248565033245	39.66421517483927	39.68321313713638	39.6833864507022	39.68196082456027	39.678445654358725	39.67066103492532	39.672234174088615	39.66242712189069	39.662345047808245	39.65760982137413	39.651169833469844	39.65121465510697	39.64414162177842	39.63164205526774	39.6289801867115	39.613319023498164	39.60140565350507	39.57822939387599	39.543121170953974	39.47704657664165	39.40417359874864	39.28860924054366	39.13668336083543	38.935384570938275	38.6737180626041	38.348499902841155	38.02704908324222	37.72658004000213	38.120251255270794
Sor-ACeb_012-Ex1-7F-lcwgs-1-3-L3-clmp.fp2_repr.R1	39.55580645675987	39.47309689644913	39.57052111910664	39.572791018314206	39.638852173292776	39.43191141453855	39.76927312880764	39.691120486326525	39.63255050180345	39.6417135783049	39.69837784162102	39.70908149273035	39.69433981474616	39.6762809098078	39.66623294898632	39.66561530197725	39.66448808438281	39.658259264574355	39.64700661187295	39.637408007875905	39.62557142984006	39.61503171315749	39.6078370487812	39.59759583531809	39.59294253112332	39.58230015169838	39.57602518474651	39.569733266050626	39.55632779357554	39.5506606396677	39.53756146850537	39.534453097446494	39.524062442396726	39.52971166093753	39.513086740744924	39.5173899056973	39.51441963875145	39.64306580356185
Sor-ACeb_012-Ex1-7F-lcwgs-1-3-L3-clmp.fp2_repr.R2	37.38405976027188	38.7400622268191	39.048690580661635	39.68653240815913	39.49573157809278	39.70655529035897	39.63634639408254	39.69648727259758	39.69539016591003	39.78636284711631	39.788050723773935	39.7869845071176	39.76623201499451	39.7584691410472	39.75473826898565	39.752920931731566	39.75118985072525	39.745518942696876	39.73729021152824	39.736017840068506	39.72596998909155	39.72041840632449	39.7127605096221	39.711251231726635	39.699501245323425	39.69536072261167	39.6847545761657	39.675995713582004	39.666858642125774	39.66097733825207	39.64561567524952	39.628469012039204	39.611625759117715	39.59728784427287	39.58364213481633	39.565878010460935	39.544328745976685	39.65539052921828
Sor-ACeb_013-Ex1-8F-lcwgs-1-3-L2-clmp.fp2_repr.R1	39.43522226074275	39.164551565207546	39.15374158910374	39.179119795519206	39.24097476621457	39.32905803835331	39.33103049078378	39.291900841180706	39.30645197145245	39.3280051963304	39.3869302313167	39.39677204776918	39.36221022774205	39.34585553552576	39.33902150043533	39.33603123641036	39.325259222016555	39.32477655804343	39.30508004858478	39.27900609965893	39.268991027979645	39.264056016249796	39.245908410027084	39.23047421463984	39.207562156288034	39.18397944184238	39.16720796887594	39.1461467713048	39.11077814839004	39.072906518108475	39.03669425937384	39.02203802355888	39.018004383435894	39.0435261220869	39.083524202036564	39.1112253998279	39.12658545537425	39.342641763396784
Sor-ACeb_013-Ex1-8F-lcwgs-1-3-L2-clmp.fp2_repr.R2	39.19392493573173	38.99537035006235	39.045514953204254	39.252701824893954	39.13973858945934	39.16104334332248	39.22007264394349	39.276926707964996	39.28194047684279	39.30451133253102	39.323671168908916	39.319634600399205	39.30766089966581	39.29490821518714	39.28294529348052	39.287848068497716	39.27058384157458	39.26524015495073	39.245777858924285	39.221712017239	39.20779354338023	39.18255584006124	39.1506442542508	39.13454074485051	39.09860635640745	39.06865837386092	39.01808204571347	38.95080285725287	38.83454444958254	38.71821828940873	38.54071606522395	38.319376904448724	38.042671626065825	37.687089209786905	37.26264619432261	36.83952072007402	36.41861395660715	37.12531680192388
Sor-ACeb_013-Ex1-8F-lcwgs-1-3-L3-clmp.fp2_repr.R1	39.54078912874302	39.39793174441301	39.44539580950111	39.43656319230237	39.5014326950552	39.25760133438583	39.69953078956862	39.602864352338614	39.548775529529934	39.51410737140701	39.56958785404479	39.57685871118414	39.546537865560516	39.517523794948694	39.50675467325421	39.503332873395095	39.50512005242522	39.497061497820326	39.482638372027225	39.46427587115528	39.443693471941145	39.4228405623683	39.40752530982057	39.38397104960571	39.373288189474785	39.35132070512104	39.338146998031256	39.326125764939334	39.30937922728763	39.30116968529274	39.290993908305246	39.29338252102981	39.29225685203528	39.30910390496161	39.31060657678562	39.33121371176651	39.341195141207585	39.55933051040368
Sor-ACeb_013-Ex1-8F-lcwgs-1-3-L3-clmp.fp2_repr.R2	37.42490516279278	38.11397226452693	38.39157991281066	39.44324612813832	39.21369242386106	39.46219430790823	39.361252054365565	39.428953534121995	39.431666167370025	39.56781754116564	39.572356369731196	39.567076973066555	39.53063760580702	39.51154789945423	39.50428380947479	39.50557359508129	39.49845797006221	39.48728621305727	39.46501908382633	39.45276426211463	39.42388360278219	39.39903626333343	39.37471595549951	39.3595456280121	39.324273602423595	39.31070153920173	39.28498053869469	39.26239514522597	39.24286466457711	39.23126244120408	39.210061951635126	39.1890451214445	39.16591019960415	39.16578816854632	39.16065910755791	39.15202286060931	39.1409681237119	39.39665468937677
Sor-ACeb_014-Ex1-9F-lcwgs-1-3-L2-clmp.fp2_repr.R1	39.57598906409339	39.3869896672496	39.37704497498764	39.39978559970672	39.44744335912818	39.51186357969186	39.513547281954104	39.47930168922387	39.49026546498379	39.51181304752365	39.552444057006085	39.55833481923562	39.531239582623684	39.51718875918275	39.51188824396726	39.51038191958753	39.50191180040567	39.504250122817844	39.49262293313312	39.47635986340977	39.47120874234334	39.46781278369665	39.455391778630826	39.443318675133916	39.42553279571618	39.40493739893619	39.38681839411362	39.36500342995963	39.331940806119135	39.29563758301849	39.25952388014933	39.238683695060004	39.22310247029331	39.23169242908561	39.25213196038103	39.2675039576081	39.271217740415935	39.44617123263729
Sor-ACeb_014-Ex1-9F-lcwgs-1-3-L2-clmp.fp2_repr.R2	39.4788927605566	39.34910407873859	39.38574343133519	39.50651982588505	39.4071638018366	39.43173911111476	39.4748251382871	39.5085104857905	39.51530466825688	39.5271893002333	39.53753567183957	39.53154257089697	39.51979346992269	39.509442997906135	39.4978283375202	39.498682484155026	39.48485463483377	39.48026931491147	39.467851504506605	39.45095301107121	39.440735429458826	39.421524256496696	39.39622289243547	39.3823981254562	39.35326205743157	39.326835088037065	39.28416957194601	39.22758787196939	39.1355180849599	39.04218103973155	38.90077320854508	38.71846166146192	38.48375198180798	38.17960927205951	37.79602767666605	37.421887715044534	37.04390640136599	37.57549959652932
Sor-ACeb_014-Ex1-9F-lcwgs-1-3-L3-clmp.fp2_repr.R1	39.626586464533226	39.50980364459927	39.57175455310476	39.57253921778061	39.6297264621406	39.44434913679633	39.7728057355433	39.699192727930495	39.6635473774408	39.63741306970671	39.679593530174984	39.68475029652818	39.66112158691899	39.63953249954803	39.63079679476255	39.62994252469451	39.63083214351436	39.62710140352206	39.61755374480809	39.60792306775964	39.59608383911076	39.58361263163843	39.57390647625279	39.55886397441977	39.54982809575621	39.533634791883124	39.51979152703402	39.507227527586465	39.489919011676356	39.47938682134041	39.464270902900736	39.45776093590252	39.448655875402565	39.452094816884035	39.444011707336834	39.45103128608078	39.45359806238948	39.63429536288416
Sor-ACeb_014-Ex1-9F-lcwgs-1-3-L3-clmp.fp2_repr.R2	37.364012622026316	38.437715291575465	38.67073340897694	39.61599602416927	39.42579969331512	39.64653894549217	39.568617902757325	39.616919421612224	39.61762015932377	39.71874988856414	39.71587103971451	39.71299810882044	39.684294145332174	39.671231614364544	39.66386734817645	39.662279217807445	39.658411463155275	39.648202151368025	39.633062676674456	39.625738462486005	39.60645909821618	39.59181598288403	39.57421239926886	39.56381324842138	39.54006371830936	39.528006129532265	39.50760234813966	39.48898792251752	39.47166170831496	39.459384756506324	39.43855774817527	39.414272508846956	39.391412078760496	39.37859294424033	39.36281478651086	39.345654861456254	39.32573137933366	39.524057823302584
Sor-ACeb_015-Ex1-10F-lcwgs-1-3-L2-clmp.fp2_repr.R1	39.538956723385425	39.3818520905289	39.401592125761	39.43030968646507	39.50134816453762	39.57096484388923	39.57782078803589	39.52473793393598	39.527830225817986	39.57432616126837	39.63645583146631	39.65399646808053	39.64734030464725	39.646245527626434	39.643545279715504	39.6427951141591	39.63579170078013	39.638947419514274	39.63275772190857	39.623502533757005	39.62379966945267	39.62772569618922	39.62146925340941	39.61885744755692	39.61105524353744	39.5979670807742	39.59131906500985	39.578346672206365	39.55444504988578	39.52678815949658	39.49054439957898	39.46637175290531	39.4412146741823	39.43431596724794	39.43760879430368	39.4272223283486	39.41768350352692	39.486341437041574
Sor-ACeb_015-Ex1-10F-lcwgs-1-3-L2-clmp.fp2_repr.R2	39.58642916844258	39.44868935164901	39.52883199452826	39.61784007847284	39.55670754691357	39.56658770713697	39.605152421613404	39.62874699145626	39.646798082004295	39.66146919735989	39.683250291929454	39.68613553709461	39.68522836395617	39.68310547307203	39.67714138583591	39.67904712068507	39.669672343059574	39.670568785041	39.666584806673214	39.66089104510296	39.661548662158054	39.65457820269011	39.642815864445225	39.64151852057261	39.625346531662146	39.61220165268627	39.5888446734182	39.55054454383477	39.4810752478081	39.40640709122651	39.28135761574654	39.1176094635256	38.91185991307985	38.64327947235975	38.308983231332796	37.97606292988439	37.67524591999012	38.090266948666
Sor-ACeb_015-Ex1-10F-lcwgs-1-3-L3-clmp.fp2_repr.R1	39.54284219168935	39.44521764607685	39.563622835378006	39.572659414636476	39.64154943156848	39.43334275892848	39.77706405202929	39.69603273293428	39.642718523338566	39.653203582634646	39.709533419412864	39.720484098566736	39.707827082346775	39.692597885780735	39.68350330582857	39.68269929041717	39.68323051609071	39.679474818093915	39.67047662210281	39.66399553213098	39.65502274158516	39.649743129134194	39.644831666570056	39.636432831786735	39.6339062493268	39.624477800253885	39.62142955911042	39.61438548013913	39.603256424999856	39.5971840021868	39.58412159625708	39.5837731647164	39.574444736225026	39.580228423072846	39.564033282044946	39.56932549836765	39.56528040462263	39.676860122321465
Sor-ACeb_015-Ex1-10F-lcwgs-1-3-L3-clmp.fp2_repr.R2	37.53870138011154	38.6569309126588	38.990043300956984	39.70785256552208	39.53457446844754	39.73119052080388	39.657122513431474	39.70985170018431	39.710142235637605	39.7968978662951	39.7985652563478	39.798414128853565	39.777754905000215	39.771566615773644	39.7673201433906	39.76656208573079	39.76524849586827	39.759468858316914	39.7516935904617	39.750852074440694	39.74009384040303	39.73407584336361	39.72697339962991	39.725329891776084	39.71374435036826	39.70732834199051	39.69837221069096	39.69010669547381	39.67898584071545	39.67338614930041	39.659781176349895	39.644302151478755	39.62517209953451	39.61611323549116	39.59656761939451	39.580745777939526	39.55885880820796	39.66430854136954
Sor-ACeb_016-Ex1-11F-lcwgs-1-3-L2-clmp.fp2_repr.R1	39.526041695428326	39.37937576295647	39.4014581708546	39.433127816637686	39.50344027596048	39.57156182643477	39.581529467692455	39.52517438836076	39.52619119032491	39.573366935894214	39.63705127272618	39.65539785443663	39.6497186892603	39.65001407145147	39.64872282521096	39.64908727324229	39.64310765646329	39.647530200173975	39.643387723616605	39.63507705345673	39.636983519800786	39.642575310169086	39.63792261336474	39.63587172004888	39.62805054062528	39.61947781214089	39.613881551290234	39.60253877000672	39.58093086603952	39.55239818773232	39.51912479693438	39.500136078570904	39.4738993046963	39.4701013667936	39.467058023310656	39.45858581102026	39.44493665329237	39.497637319475494
Sor-ACeb_016-Ex1-11F-lcwgs-1-3-L2-clmp.fp2_repr.R2	39.56999240613259	39.453938374022506	39.5168735954777	39.60365897239969	39.5493288980814	39.54717459378805	39.59444330230519	39.61697040821495	39.629890948403514	39.642903694204286	39.668979122623526	39.673516525457764	39.6748371610075	39.673833395339265	39.66837127351924	39.67161714115891	39.66415171163152	39.66578610105809	39.662903226554626	39.658112999692	39.66023461776072	39.65426987196123	39.644172017063156	39.643243874558735	39.62908317461803	39.61745013284163	39.59350735084429	39.55376364744338	39.480440233637886	39.40045684835797	39.2716486998948	39.103705645212024	38.88692531935676	38.61069714824427	38.267008032465796	37.92840143188693	37.60811933804119	38.043220252875734
Sor-ACeb_016-Ex1-11F-lcwgs-1-3-L3-clmp.fp2_repr.R1	39.53389850984763	39.43731855388315	39.565556537091595	39.57575575247971	39.645765444766425	39.42831673244579	39.77691537787553	39.697720422299064	39.6420565271899	39.656054789229955	39.71163822007205	39.72372252790073	39.71381922620323	39.69969249128829	39.69179146687668	39.69329989149821	39.69505239462738	39.69141255418698	39.68454951288612	39.680010471309075	39.67216195830138	39.66692023553821	39.66348392815634	39.657933186530286	39.656046549021866	39.64941785913547	39.64710831841159	39.63944600728722	39.62924525399998	39.623540967007045	39.61280769674874	39.610482484447665	39.6015050532869	39.606788584804214	39.5928766957722	39.59772364904288	39.594352473332826	39.697052321864575
Sor-ACeb_016-Ex1-11F-lcwgs-1-3-L3-clmp.fp2_repr.R2	37.985905487839254	38.84316697576682	39.02052530507394	39.71219072494875	39.56047749080351	39.7267733099306	39.66617344559798	39.70317270074447	39.708454234242545	39.79161848870255	39.79268584360464	39.79351944279916	39.7741399291797	39.76785343519881	39.764751368587746	39.763363530786776	39.76287110537011	39.756554290576865	39.75031161941537	39.74962902846064	39.740644123325225	39.73615391515351	39.73083512928578	39.729288058129	39.71916061825017	39.71436842600154	39.70594165645035	39.69716879517755	39.68902165811487	39.68302789692024	39.66895577411969	39.65346670513647	39.63324559328045	39.6232730230749	39.60620313663877	39.592290555557895	39.5723924473457	39.670205555045506
Sor-ACeb_017-Ex1-12F-lcwgs-1-3-L2-clmp.fp2_repr.R1	39.529006495799415	39.36901585963227	39.4086149755729	39.44578241037947	39.5210087813265	39.58320490509865	39.59345975978182	39.54130664404412	39.54383451448948	39.59039982722366	39.647682432187494	39.66168312689873	39.653970700524795	39.65213032472367	39.647857678279145	39.64679145955882	39.63935862219916	39.64358780347027	39.63714738154797	39.62768794279222	39.62890978902145	39.63294121464319	39.62690960246419	39.62355279450803	39.614817577772186	39.6045737779551	39.596363001904955	39.58461587253904	39.56171907884279	39.53148748940252	39.50161653838397	39.481919650039735	39.45585633470443	39.454217150553674	39.45936267878382	39.44788847396107	39.43843906958872	39.50848330540625
Sor-ACeb_017-Ex1-12F-lcwgs-1-3-L2-clmp.fp2_repr.R2	39.59182741853782	39.46591858298855	39.549284794589305	39.62513356696243	39.578758810720345	39.58102141732217	39.624751399060585	39.64146043186028	39.65534765579072	39.66939988802528	39.6888175849789	39.6925075335507	39.69225372035898	39.689877446539434	39.683608578422735	39.686032053399295	39.678465443356636	39.67931128946096	39.67554465240138	39.669295192135465	39.66939755201183	39.66288986544027	39.650482174048946	39.64845420336202	39.632611516679766	39.62072629224271	39.59926932720125	39.56364569514342	39.497798520385565	39.42415226465913	39.30809144703494	39.15612481287397	38.9622222577733	38.70598336753708	38.38322995573413	38.06681565692055	37.76997599012949	38.15768297308487
Sor-ACeb_017-Ex1-12F-lcwgs-1-3-L3-clmp.fp2_repr.R1	39.54362289765182	39.36457822267446	39.55310448838246	39.57922966760604	39.66222223712467	39.43557764630889	39.786860421936	39.71529828444724	39.66572904974647	39.6778882195693	39.72798929610233	39.73751270417238	39.724904728436975	39.71062854101307	39.70176810351364	39.702425376168705	39.70229661559752	39.69840316264232	39.69045136383267	39.68520748672334	39.67745327160402	39.67135588735469	39.66853454818623	39.660938025734595	39.65859338183772	39.652331754859006	39.64672518817154	39.64066352955499	39.63065516237548	39.62509839209551	39.61391425144781	39.609100469143115	39.59883232109734	39.60510853935168	39.58774981993029	39.58808961762647	39.583327043151876	39.68653916544656
Sor-ACeb_017-Ex1-12F-lcwgs-1-3-L3-clmp.fp2_repr.R2	37.2985328125406	38.55717652964702	38.88906513697275	39.71690068369913	39.560677833684586	39.74608037287846	39.68148395990086	39.72269739083513	39.72435116362256	39.80834030787956	39.80954790929469	39.81128397554045	39.794707160668516	39.78796174368775	39.78584113663624	39.7848318688004	39.78380268907419	39.77967535055107	39.77302436476715	39.77196468814414	39.762156735479195	39.75639798823425	39.75056530494383	39.74887564654692	39.73832081400933	39.73430588014536	39.7246069404742	39.71543473029799	39.70808674718354	39.7012032741113	39.6872014212869	39.669812551520785	39.65191987892286	39.64006100040275	39.6234905309346	39.60563829164424	39.59261917048544	39.682496255443674
Sor-ACeb_018-Ex1-1G-lcwgs-1-3-L2-clmp.fp2_repr.R1	39.58377517949397	39.413604730193924	39.502247114702975	39.491182666719396	39.52600435339158	39.54197275935493	39.532010172242096	39.543462943546686	39.55439928036414	39.59147590994603	39.643361240929195	39.6612597599944	39.65525025419829	39.64717070169767	39.64786942809868	39.645223524364916	39.64237001818593	39.644136800995	39.64012482282958	39.63015880311019	39.63143635458167	39.63437021029655	39.62921724265992	39.625791932724816	39.61735712675487	39.60667557334168	39.59829659312985	39.58622613603037	39.562215654361424	39.53403553831801	39.500235324828125	39.47736403010021	39.45233828119932	39.44572351455167	39.444729970970386	39.434072165587764	39.424929116982675	39.507974136945776
Sor-ACeb_018-Ex1-1G-lcwgs-1-3-L2-clmp.fp2_repr.R2	39.56803116465019	39.430228748471855	39.45634670987868	39.58194798634234	39.530922348557546	39.54118484219203	39.58257802884473	39.60774553878128	39.617642453996034	39.63424863747557	39.65233626830899	39.65398789761568	39.64976197650105	39.64521713067638	39.63712684612345	39.63896174821859	39.629955480434354	39.63065897239474	39.626698916389856	39.61990778923346	39.62048449336752	39.61388636797443	39.601827393878054	39.598776179513294	39.58276802731751	39.56877813529815	39.54068454697839	39.49919853021781	39.42419361107231	39.34450521551539	39.21795875471216	39.05300925830913	38.84310610031202	38.567711899486845	38.21701878918139	37.87794063645474	37.55508689490045	37.97359466676127
Sor-ACeb_018-Ex1-1G-lcwgs-1-3-L3-clmp.fp2_repr.R1	39.58557304437135	39.49611819069428	39.64797567910476	39.6152577086781	39.646680084434514	39.450740487270245	39.75574114175994	39.68755926097079	39.64759442549141	39.65084034434552	39.70625479220463	39.71835722212602	39.70880232729339	39.688643744729866	39.682610728884626	39.68124973108251	39.684990201003885	39.68008508900543	39.673301896157085	39.666846533016674	39.659955824635134	39.65320538231462	39.64962058154437	39.642590268010466	39.63920316217504	39.630988930438335	39.625440479641995	39.618392034534125	39.605448939317725	39.59945547134398	39.58701043463803	39.58272695125944	39.57279425283442	39.574682364400594	39.561118217921845	39.56349523964725	39.55688998721356	39.680386934427034
Sor-ACeb_018-Ex1-1G-lcwgs-1-3-L3-clmp.fp2_repr.R2	37.859777811849916	38.69517720336734	38.9954869541035	39.683830079503565	39.505797605471926	39.696471339655	39.61584459423438	39.668834244482156	39.66687356254116	39.758934889408096	39.76247114306503	39.76174825847245	39.737540689278916	39.72983346775565	39.72546996499805	39.72468579223629	39.72356323438594	39.71725183825217	39.70854838700767	39.7071102263394	39.69575215998633	39.68958810448441	39.681857864131885	39.679621940909655	39.666914168852756	39.66121620263284	39.649950604180425	39.640152222286005	39.6302188948321	39.623211436566734	39.607682835470584	39.590023763036534	39.572259579689685	39.55985743093233	39.54522376975231	39.528849798690324	39.510725067555065	39.635112342978694
Sor-ACeb_019-Ex1-3G-lcwgs-1-3-L2-clmp.fp2_repr.R1	39.284420170647714	39.07946743874888	39.2522647013665	39.20091684762343	39.27242218858985	39.273760171963765	39.271522888289354	39.327674321686295	39.34140510188414	39.41013796582659	39.48296812967472	39.52266894781865	39.52512557302976	39.52181641824892	39.52551632246084	39.52923818471302	39.523652270664414	39.53043146940331	39.52715642308307	39.515274010058754	39.5201645088939	39.52957387277458	39.5316071393231	39.52432294995539	39.5307748631876	39.52461118149084	39.50990221309469	39.498913229084614	39.478631949716004	39.4804974969318	39.44341307549591	39.40401660656245	39.431305637049775	39.409222296502236	39.403620895504616	39.39148663017809	39.481720520646014	39.47923681257014
Sor-ACeb_019-Ex1-3G-lcwgs-1-3-L2-clmp.fp2_repr.R2	39.43111579039723	39.21561273058279	39.421004145555045	39.460726897852645	39.42705797196815	39.43958237371411	39.47678269833958	39.50716150117348	39.53650939878485	39.54923120791385	39.579939023052795	39.59017788598627	39.594612971858474	39.590151945723846	39.5767934050242	39.58641982167739	39.59327498362919	39.595526193078975	39.59808306621003	39.57475737441916	39.57132481054775	39.577356063038046	39.56538224139598	39.560200503142106	39.54666932528037	39.54543836654432	39.54682448132402	39.503023649132494	39.41788032817722	39.35007467665609	39.207213081155004	38.995890147611256	38.77070476925693	38.47067113512129	38.14033715713403	37.90362321424469	37.518543049243156	38.02964652223489
Sor-ACeb_019-Ex1-3G-lcwgs-1-3-L3-clmp.fp2_repr.R1	39.336222206436034	39.18590608794487	39.43460964694182	39.410954038502524	39.472756979470056	39.217162747744545	39.510407046956026	39.50529232080699	39.43695389642679	39.49087163458124	39.55044398664488	39.58992683100092	39.58458478368971	39.553300324224324	39.54280470174348	39.535745369156	39.554375334978786	39.52248857948939	39.53815871966969	39.53428067941411	39.49452173138577	39.53443796985657	39.50960549224652	39.54669327301325	39.49852373515226	39.52314543464355	39.52334685417072	39.530201536352	39.487480540609326	39.501578380346146	39.493726238275634	39.43996704656284	39.51074155111524	39.511243996665016	39.57415175698223	39.59098839958108	39.67880048830221	39.78231292517007
Sor-ACeb_019-Ex1-3G-lcwgs-1-3-L3-clmp.fp2_repr.R2	37.868864104567734	38.61859771258081	38.96014775875542	39.49058748312851	39.25964338992683	39.52802443702493	39.41542942388293	39.52191518079136	39.54592597854656	39.642963699651915	39.64371670100163	39.664445549477875	39.62996377068978	39.62770025477634	39.61890591029975	39.61247561077622	39.61256186939178	39.63433550840586	39.59480639120674	39.6318034458657	39.621623961169774	39.62088907459237	39.63131488356356	39.621584531908	39.62877426396093	39.64189295814591	39.64140460080997	39.603833240420656	39.57751152798349	39.60873822913177	39.60769961389599	39.542647078314715	39.48238111375092	39.56204222445112	39.50820628352419	39.48792336944827	39.50681285777121	39.728813559322035
Sor-ACeb_020-Ex1-2G-lcwgs-1-3-L2-clmp.fp2_repr.R1	39.53423791785964	39.356043703498	39.4856029339947	39.48926085166282	39.53080024130766	39.542142658789054	39.542271930748534	39.556022636956456	39.56412846760062	39.60300581245033	39.654156332889656	39.671169480326725	39.66912123794659	39.66061487370382	39.65913749739895	39.65053748377427	39.64244734357965	39.627263144413455	39.60831614860284	39.59424625530663	39.581846798452354	39.57290672316959	39.549021121736374	39.53611876632245	39.519194668700415	39.499001530717564	39.48786625444025	39.47414433508153	39.43399305561179	39.37830112250206	39.33200500823346	39.290258856293505	39.26655722262701	39.27049345222513	39.27718512170305	39.253209272012825	39.2682573143059	39.40395078672614
Sor-ACeb_020-Ex1-2G-lcwgs-1-3-L2-clmp.fp2_repr.R2	39.5693232852314	39.454730874931776	39.532662715094176	39.62107994752516	39.564980704963084	39.56600530493819	39.5998554069194	39.63705700414628	39.6439850236041	39.652132029761276	39.66833124263868	39.67082762781167	39.67153335695339	39.67288319285066	39.664635327547614	39.6606545765314	39.6537761433568	39.6573876940857	39.64961569239602	39.64432254705174	39.64794204915413	39.64061129598319	39.628089406035826	39.62284590339566	39.60834342053802	39.589054637889134	39.55194072803745	39.50667624058773	39.41814128798065	39.322783789519136	39.175029852929576	38.99462126456965	38.75695712367584	38.45770394845709	38.140828680934234	37.805712269247806	37.547652063601674	38.012417343899855
Sor-ACeb_020-Ex1-2G-lcwgs-1-3-L3-clmp.fp2_repr.R1	39.52565659369254	39.3780487804878	39.633568099550125	39.62363390347986	39.660230834171784	39.40482716349212	39.75507407278909	39.700632596653136	39.66071655737895	39.66503024205206	39.71852571441788	39.73194092680613	39.722796609189416	39.70188908109044	39.694308006608416	39.6885822001759	39.68446018758475	39.66992447673041	39.64974408329165	39.62532488283169	39.60773704363196	39.58586825344405	39.56541071492499	39.54752800146185	39.54333058981507	39.52681375143127	39.505095910950715	39.50870252440251	39.479247411678685	39.46932953181558	39.45640123656884	39.46132085559132	39.445247947199405	39.43665470149584	39.42454354646882	39.41946267142921	39.41396769099474	39.60941510567419
Sor-ACeb_020-Ex1-2G-lcwgs-1-3-L3-clmp.fp2_repr.R2	37.56897847783599	38.60906798968416	38.92056112595265	39.68551735303982	39.51605199551284	39.7168638471591	39.631706160589346	39.69201679214516	39.68425100324972	39.77745666076859	39.772488406249636	39.771816489146396	39.75180238004371	39.74513898323429	39.7401063512267	39.738375816979854	39.73164056400581	39.73340975452408	39.72364386201472	39.721559455844506	39.70974425374618	39.70179372405369	39.69018739159837	39.68400909587832	39.67386143424173	39.666304746945556	39.64723742047495	39.63515705116157	39.62749051168883	39.6078270753035	39.598169548947304	39.58200250369025	39.55969944276383	39.56716017433605	39.55052524940233	39.51802873815875	39.524683973981844	39.6172417594532
Sor-ACeb_021-Ex1-4G-lcwgs-1-3-L2-clmp.fp2_repr.R1	39.39529390387935	39.18170255292087	39.29072408467339	39.280730444262744	39.3003543199782	39.34269101480876	39.38402834559825	39.33496865630962	39.38284727900427	39.46148814390842	39.53344235486508	39.56467702371218	39.56055237576088	39.557441818763095	39.57219624588861	39.549165304773005	39.556213337562006	39.57083862373228	39.57905355499242	39.59601744594899	39.595314649688234	39.590936026020316	39.6139192528969	39.59611062001671	39.57301465126604	39.533361971586636	39.54665527949803	39.54006688825242	39.5496389263624	39.543555442727495	39.52983531344045	39.487000174684184	39.44989070566395	39.366264247732346	39.403130339119	39.46203957590955	39.19242669259957	39.09540636042403
Sor-ACeb_021-Ex1-4G-lcwgs-1-3-L2-clmp.fp2_repr.R2	39.46216044335423	39.28100299809212	39.45243935677296	39.518033978377396	39.43763059870991	39.47015535568275	39.52175888071228	39.57090942127737	39.57790496956482	39.60130825838103	39.63176160625056	39.623639502135006	39.62492959026075	39.64682955113792	39.6117570835231	39.6305987092018	39.61718368343054	39.60890758740348	39.636063504294626	39.6258536500119	39.628275669814364	39.63340013546755	39.61284213590144	39.601233147464676	39.62124525886899	39.62003897007079	39.56382606802788	39.520902014775956	39.48168920743077	39.33820418517011	39.24598953632311	38.98516463640256	38.83542969406182	38.5589546878043	38.20051897344321	37.71380157219728	37.26573257113211	38.124542124542124
Sor-ACeb_021-Ex1-4G-lcwgs-1-3-L3-clmp.fp2_repr.R1	39.493546404425324	39.27750460971112	39.53165334972342	39.49231714812539	39.51259987707437	39.28826060233559	39.60971112476951	39.59956976029502	39.54640442532268	39.57897971727105	39.61665642286417	39.64222495390288	39.63841425937308	39.62029985235317	39.64397604572146	39.608968328577134	39.62130912231461	39.57842864967457	39.62444663540664	39.62105920028432	39.567108389486734	39.55572832073243	39.578397216782975	39.5647539306883	39.55832307549661	39.553427907110134	39.44928054770043	39.49635535169792	39.46370124182518	39.38560912169437	39.45313545756096	39.55893602035823	39.333620232300134	39.32791989031377	39.221182264717456	39.39319056218011	39.161736928065565	39.47826086956522
Sor-ACeb_021-Ex1-4G-lcwgs-1-3-L3-clmp.fp2_repr.R2	37.71358328211432	38.59680393362016	38.827289489858636	39.58574062692071	39.53657037492317	39.610940381069454	39.54763368162262	39.77012907191149	39.63921327596804	39.72618315918869	39.745543945912715	39.76472034419176	39.762876459741854	39.72399786505548	39.694413804596266	39.72357152520489	39.71544151266873	39.71961434049393	39.72405466391993	39.68278264889477	39.67215495477741	39.69900103505154	39.71928076400379	39.639167808730164	39.6429470279823	39.669710393415606	39.57315372087306	39.696177840011494	39.65665100484332	39.6507123387839	39.6519326251219	39.63894516809099	39.65789742122115	39.73752941681101	39.6349222004024	39.580978084294756	39.64715745951156	39.83157894736842
Sor-ACeb_022-Ex1-5G-lcwgs-1-3-L2-clmp.fp2_repr.R1	39.57501764189121	39.39720403027204	39.517103183461266	39.510814434307356	39.550179704264295	39.56601352665006	39.559971853982745	39.5724062369486	39.582375705675645	39.61395833633365	39.656610218615434	39.66406189243487	39.65181198424471	39.63856566602122	39.63266161297055	39.62480239550338	39.61343804484953	39.61080650418576	39.602192769545184	39.587767085377735	39.5822512455394	39.57640708140919	39.56336385736636	39.55883943461377	39.54582378820309	39.53230434709589	39.52163450892994	39.50696331628552	39.484410989124605	39.45620220179545	39.422288231336836	39.40859979845821	39.391554521652345	39.39815893828059	39.4126581160027	39.413747802601094	39.408192517071754	39.50259232607694
Sor-ACeb_022-Ex1-5G-lcwgs-1-3-L2-clmp.fp2_repr.R2	39.52447542376543	39.43952611719976	39.51273253992828	39.608023955167994	39.548820108515635	39.55993314983366	39.604479600213146	39.62484743364489	39.63895982149286	39.64890534765327	39.654505883030666	39.644774444820484	39.63860054797874	39.62869827560538	39.618104264002355	39.61368211108938	39.598267503857414	39.59443397134423	39.58472272020573	39.570963355292164	39.56341688877686	39.54779121139505	39.53026493982687	39.526201715518155	39.50752059661134	39.49326018407697	39.46327087438577	39.42009586720324	39.34065715982066	39.25286172335372	39.11489729923856	38.93178823699287	38.70589890616402	38.40762300711414	38.04592771546227	37.710828867423416	37.36155044295736	37.84617421891165
Sor-ACeb_022-Ex1-5G-lcwgs-1-3-L3-clmp.fp2_repr.R1	39.58550492451851	39.44003938652599	39.65230512476543	39.63873794195245	39.676080035687356	39.46355156023939	39.76994885043785	39.71399892178851	39.67740254200254	39.68292168052385	39.72892170030264	39.73412058274739	39.72022902773067	39.69704261102914	39.68543344858077	39.6792693059745	39.67851435554028	39.66718089900915	39.65765936933716	39.64737944143987	39.63357006863074	39.62117206084842	39.612935601441585	39.600723429400155	39.596783727571705	39.58533715428941	39.57918913260451	39.57181803712877	39.563575692520274	39.557165265677774	39.550009412839806	39.54758211776144	39.54443507889705	39.55708474927097	39.5473781680938	39.55585972887205	39.55436382413252	39.67210376595245
Sor-ACeb_022-Ex1-5G-lcwgs-1-3-L3-clmp.fp2_repr.R2	37.49371261574269	38.501928298668325	38.83195456437075	39.6676304818996	39.51436889212833	39.70628519255323	39.63171326309724	39.68949085912394	39.6844173314613	39.77224992589635	39.768514834495605	39.761285578774256	39.73703490769852	39.72856335725662	39.718573669494376	39.71357559722734	39.70606518867236	39.69628530701047	39.68361825403251	39.673988212101435	39.656604047088855	39.642614473240975	39.6291747622837	39.623316972258756	39.606573830451644	39.596542817614136	39.58498528092033	39.56980167324456	39.56116891942687	39.556807773523715	39.54342030910006	39.53020013082768	39.512153793539404	39.504591321154386	39.49709651845767	39.48520826703303	39.47409805139057	39.61038494063751
