	23.0	24.0	25.0	26.0	27.0	28.0	29.0	30.0	31.0	32.0	33.0	34.0	35.0	36.0	37.0	38.0	39.0	40.0
Sor-ACeb_001-Ex1-8E-lcwgs-1-3-L2-clmp.fp2_repr.R1	5.0	18.0	84.0	266.0	657.0	1388.0	2377.0	3685.0	5369.0	7237.0	9798.0	13752.0	20566.0	31184.0	51695.0	102266.0	594950.0	1490802.0
	23.0	24.0	25.0	26.0	27.0	28.0	29.0	30.0	31.0	32.0	33.0	34.0	35.0	36.0	37.0	38.0	39.0	40.0
Sor-ACeb_001-Ex1-8E-lcwgs-1-3-L2-clmp.fp2_repr.R2	1.0	33.0	120.0	338.0	784.0	1411.0	2248.0	3388.0	4698.0	6538.0	8840.0	12702.0	18711.0	28481.0	47258.0	95582.0	635955.0	1469011.0
	23.0	24.0	25.0	26.0	27.0	28.0	29.0	30.0	31.0	32.0	33.0	34.0	35.0	36.0	37.0	38.0	39.0	40.0
Sor-ACeb_001-Ex1-8E-lcwgs-1-3-L3-clmp.fp2_repr.R1	3.0	8.0	81.0	212.0	542.0	1006.0	1757.0	2653.0	3718.0	5006.0	6469.0	8455.0	12165.0	19015.0	31385.0	66712.0	595093.0	1110993.0
	23.0	24.0	25.0	26.0	27.0	28.0	29.0	30.0	31.0	32.0	33.0	34.0	35.0	36.0	37.0	38.0	39.0	40.0
Sor-ACeb_001-Ex1-8E-lcwgs-1-3-L3-clmp.fp2_repr.R2	2.0	6.0	63.0	173.0	300.0	631.0	1006.0	1527.0	2175.0	3124.0	4221.0	5931.0	9090.0	15031.0	26801.0	59793.0	698608.0	1036791.0
	22.0	23.0	24.0	25.0	26.0	27.0	28.0	29.0	30.0	31.0	32.0	33.0	34.0	35.0	36.0	37.0	38.0	39.0	40.0
Sor-ACeb_002-Ex1-9E-lcwgs-1-3-L2-clmp.fp2_repr.R1	1.0	4.0	26.0	149.0	434.0	1013.0	2077.0	3379.0	5323.0	7613.0	9902.0	13102.0	17837.0	26068.0	38962.0	64189.0	124557.0	802718.0	1982161.0
	22.0	23.0	24.0	25.0	26.0	27.0	28.0	29.0	30.0	31.0	32.0	33.0	34.0	35.0	36.0	37.0	38.0	39.0	40.0
Sor-ACeb_002-Ex1-9E-lcwgs-1-3-L2-clmp.fp2_repr.R2	1.0	1.0	45.0	194.0	553.0	1238.0	2329.0	3587.0	5220.0	7128.0	9263.0	12241.0	16545.0	23988.0	36491.0	59086.0	119674.0	930751.0	1871180.0
	23.0	24.0	25.0	26.0	27.0	28.0	29.0	30.0	31.0	32.0	33.0	34.0	35.0	36.0	37.0	38.0	39.0	40.0
Sor-ACeb_002-Ex1-9E-lcwgs-1-3-L3-clmp.fp2_repr.R1	3.0	19.0	111.0	319.0	787.0	1453.0	2508.0	3841.0	5088.0	6746.0	8573.0	10941.0	15276.0	23330.0	39339.0	82049.0	824974.0	1489399.0
	22.0	23.0	24.0	25.0	26.0	27.0	28.0	29.0	30.0	31.0	32.0	33.0	34.0	35.0	36.0	37.0	38.0	39.0	40.0
Sor-ACeb_002-Ex1-9E-lcwgs-1-3-L3-clmp.fp2_repr.R2	3.0	2.0	22.0	104.0	254.0	572.0	981.0	1576.0	2425.0	3241.0	4343.0	5880.0	8005.0	11556.0	18902.0	32735.0	72457.0	992324.0	1359374.0
	22.0	23.0	24.0	25.0	26.0	27.0	28.0	29.0	30.0	31.0	32.0	33.0	34.0	35.0	36.0	37.0	38.0	39.0	40.0
Sor-ACeb_003-Ex1-10E-lcwgs-1-3-L2-clmp.fp2_repr.R1	3.0	8.0	59.0	249.0	736.0	1795.0	3421.0	5994.0	9048.0	12927.0	17223.0	23276.0	32509.0	48987.0	76754.0	125666.0	247108.0	1342773.0	4368054.0
	22.0	23.0	24.0	25.0	26.0	27.0	28.0	29.0	30.0	31.0	32.0	33.0	34.0	35.0	36.0	37.0	38.0	39.0	40.0
Sor-ACeb_003-Ex1-10E-lcwgs-1-3-L2-clmp.fp2_repr.R2	1.0	13.0	78.0	400.0	1018.0	2153.0	3963.0	6124.0	8763.0	11916.0	15181.0	20533.0	28351.0	41710.0	64571.0	106329.0	213732.0	1356579.0	4435175.0
	23.0	24.0	25.0	26.0	27.0	28.0	29.0	30.0	31.0	32.0	33.0	34.0	35.0	36.0	37.0	38.0	39.0	40.0
Sor-ACeb_003-Ex1-10E-lcwgs-1-3-L3-clmp.fp2_repr.R1	4.0	41.0	243.0	765.0	1557.0	2968.0	4669.0	6774.0	9308.0	12008.0	15576.0	20513.0	28771.0	45325.0	76549.0	164187.0	1413445.0	3317717.0
	22.0	23.0	24.0	25.0	26.0	27.0	28.0	29.0	30.0	31.0	32.0	33.0	34.0	35.0	36.0	37.0	38.0	39.0	40.0
Sor-ACeb_003-Ex1-10E-lcwgs-1-3-L3-clmp.fp2_repr.R2	1.0	5.0	42.0	168.0	460.0	973.0	1787.0	2745.0	4052.0	5508.0	7150.0	9756.0	13915.0	20879.0	34363.0	60881.0	144850.0	1939470.0	2873415.0
	23.0	24.0	25.0	26.0	27.0	28.0	29.0	30.0	31.0	32.0	33.0	34.0	35.0	36.0	37.0	38.0	39.0	40.0
Sor-ACeb_004-Ex1-11E-lcwgs-1-3-L2-clmp.fp2_repr.R1	17.0	90.0	476.0	1306.0	3172.0	6311.0	10636.0	16163.0	22634.0	29879.0	39622.0	54934.0	79841.0	121804.0	194770.0	376969.0	2241578.0	6822339.0
	22.0	23.0	24.0	25.0	26.0	27.0	28.0	29.0	30.0	31.0	32.0	33.0	34.0	35.0	36.0	37.0	38.0	39.0	40.0
Sor-ACeb_004-Ex1-11E-lcwgs-1-3-L2-clmp.fp2_repr.R2	3.0	22.0	141.0	687.0	1849.0	4207.0	7461.0	11659.0	16359.0	22557.0	28621.0	37250.0	50150.0	72044.0	108403.0	174843.0	348677.0	2529194.0	6608414.0
	23.0	24.0	25.0	26.0	27.0	28.0	29.0	30.0	31.0	32.0	33.0	34.0	35.0	36.0	37.0	38.0	39.0	40.0
Sor-ACeb_004-Ex1-11E-lcwgs-1-3-L3-clmp.fp2_repr.R1	10.0	79.0	434.0	1138.0	2620.0	4942.0	8119.0	11926.0	16242.0	20791.0	26390.0	34398.0	47662.0	73572.0	122894.0	257384.0	2407244.0	5324292.0
	22.0	23.0	24.0	25.0	26.0	27.0	28.0	29.0	30.0	31.0	32.0	33.0	34.0	35.0	36.0	37.0	38.0	39.0	40.0
Sor-ACeb_004-Ex1-11E-lcwgs-1-3-L3-clmp.fp2_repr.R2	4.0	16.0	68.0	351.0	942.0	1985.0	3519.0	5419.0	7801.0	10724.0	13763.0	17999.0	24903.0	36729.0	58346.0	101879.0	228904.0	3064479.0	4782306.0
	22.0	23.0	24.0	25.0	26.0	27.0	28.0	29.0	30.0	31.0	32.0	33.0	34.0	35.0	36.0	37.0	38.0	39.0	40.0
Sor-ACeb_005-Ex1-12E-lcwgs-1-3-L2-clmp.fp2_repr.R1	1.0	7.0	44.0	204.0	678.0	1618.0	3032.0	5207.0	7919.0	11131.0	14367.0	18737.0	24280.0	32979.0	46610.0	71728.0	133222.0	940763.0	2519639.0
	23.0	24.0	25.0	26.0	27.0	28.0	29.0	30.0	31.0	32.0	33.0	34.0	35.0	36.0	37.0	38.0	39.0	40.0
Sor-ACeb_005-Ex1-12E-lcwgs-1-3-L2-clmp.fp2_repr.R2	14.0	83.0	359.0	1023.0	2217.0	4140.0	6426.0	8913.0	11930.0	15058.0	19660.0	25385.0	34967.0	48420.0	76622.0	160229.0	1391898.0	2024822.0
	23.0	24.0	25.0	26.0	27.0	28.0	29.0	30.0	31.0	32.0	33.0	34.0	35.0	36.0	37.0	38.0	39.0	40.0
Sor-ACeb_005-Ex1-12E-lcwgs-1-3-L3-clmp.fp2_repr.R1	3.0	40.0	174.0	540.0	1188.0	2218.0	3836.0	5415.0	7360.0	9554.0	11650.0	14658.0	19557.0	28549.0	46921.0	95052.0	1038103.0	2026370.0
	23.0	24.0	25.0	26.0	27.0	28.0	29.0	30.0	31.0	32.0	33.0	34.0	35.0	36.0	37.0	38.0	39.0	40.0
Sor-ACeb_005-Ex1-12E-lcwgs-1-3-L3-clmp.fp2_repr.R2	2.0	32.0	183.0	466.0	1086.0	1945.0	3032.0	4419.0	5769.0	7476.0	9736.0	12629.0	18247.0	27159.0	45931.0	98510.0	1489939.0	1584627.0
	23.0	24.0	25.0	26.0	27.0	28.0	29.0	30.0	31.0	32.0	33.0	34.0	35.0	36.0	37.0	38.0	39.0	40.0
Sor-ACeb_006-Ex1-1F-lcwgs-1-3-L2-clmp.fp2_repr.R1	25.0	193.0	1022.0	3137.0	7669.0	14962.0	25486.0	38584.0	53294.0	69108.0	89630.0	120698.0	171457.0	252044.0	393600.0	742309.0	4556261.0	14008895.0
	22.0	23.0	24.0	25.0	26.0	27.0	28.0	29.0	30.0	31.0	32.0	33.0	34.0	35.0	36.0	37.0	38.0	39.0	40.0
Sor-ACeb_006-Ex1-1F-lcwgs-1-3-L2-clmp.fp2_repr.R2	2.0	44.0	336.0	1655.0	4400.0	9847.0	17777.0	27349.0	38094.0	50851.0	64348.0	83928.0	110263.0	155722.0	227810.0	360290.0	706856.0	5480463.0	13208339.0
	22.0	23.0	24.0	25.0	26.0	27.0	28.0	29.0	30.0	31.0	32.0	33.0	34.0	35.0	36.0	37.0	38.0	39.0	40.0
Sor-ACeb_006-Ex1-1F-lcwgs-1-3-L3-clmp.fp2_repr.R1	2.0	18.0	168.0	814.0	2598.0	5848.0	11269.0	18760.0	27047.0	37255.0	47006.0	58778.0	75066.0	103554.0	155929.0	255999.0	524156.0	5060131.0	11174441.0
	21.0	22.0	23.0	24.0	25.0	26.0	27.0	28.0	29.0	30.0	31.0	32.0	33.0	34.0	35.0	36.0	37.0	38.0	39.0	40.0
Sor-ACeb_006-Ex1-1F-lcwgs-1-3-L3-clmp.fp2_repr.R2	2.0	6.0	32.0	153.0	701.0	2053.0	4461.0	7942.0	12532.0	18266.0	24742.0	32258.0	42205.0	56954.0	83680.0	131179.0	222191.0	489107.0	6978461.0	9451914.0
	23.0	24.0	25.0	26.0	27.0	28.0	29.0	30.0	31.0	32.0	33.0	34.0	35.0	36.0	37.0	38.0	39.0	40.0
Sor-ACeb_007-Ex1-2F-lcwgs-1-3-L2-clmp.fp2_repr.R1	4.0	7.0	43.0	146.0	389.0	697.0	1152.0	1756.0	2343.0	3210.0	4236.0	5746.0	8270.0	12777.0	21094.0	42320.0	330138.0	609311.0
	24.0	25.0	26.0	27.0	28.0	29.0	30.0	31.0	32.0	33.0	34.0	35.0	36.0	37.0	38.0	39.0	40.0
Sor-ACeb_007-Ex1-2F-lcwgs-1-3-L2-clmp.fp2_repr.R2	10.0	66.0	194.0	420.0	745.0	1083.0	1571.0	2121.0	2712.0	3628.0	4719.0	7085.0	10490.0	17637.0	35220.0	245130.0	710808.0
	23.0	24.0	25.0	26.0	27.0	28.0	29.0	30.0	31.0	32.0	33.0	34.0	35.0	36.0	37.0	38.0	39.0	40.0
Sor-ACeb_007-Ex1-2F-lcwgs-1-3-L3-clmp.fp2_repr.R1	2.0	9.0	43.0	127.0	251.0	502.0	780.0	1227.0	1586.0	2088.0	2599.0	3440.0	4758.0	7359.0	12407.0	28559.0	334316.0	445369.0
	24.0	25.0	26.0	27.0	28.0	29.0	30.0	31.0	32.0	33.0	34.0	35.0	36.0	37.0	38.0	39.0	40.0
Sor-ACeb_007-Ex1-2F-lcwgs-1-3-L3-clmp.fp2_repr.R2	5.0	39.0	86.0	202.0	354.0	485.0	734.0	973.0	1309.0	1691.0	2446.0	3474.0	5614.0	10014.0	23068.0	332106.0	462822.0
	22.0	23.0	24.0	25.0	26.0	27.0	28.0	29.0	30.0	31.0	32.0	33.0	34.0	35.0	36.0	37.0	38.0	39.0	40.0
Sor-ACeb_008-Ex1-3F-lcwgs-1-3-L2-clmp.fp2_repr.R1	2.0	34.0	270.0	1214.0	3615.0	8469.0	16436.0	27896.0	42525.0	59341.0	79366.0	106216.0	146604.0	215900.0	328502.0	526116.0	1025219.0	5629905.0	17665182.0
	21.0	22.0	23.0	24.0	25.0	26.0	27.0	28.0	29.0	30.0	31.0	32.0	33.0	34.0	35.0	36.0	37.0	38.0	39.0	40.0
Sor-ACeb_008-Ex1-3F-lcwgs-1-3-L2-clmp.fp2_repr.R2	1.0	3.0	65.0	381.0	1629.0	4460.0	9346.0	17167.0	26188.0	37587.0	51332.0	66952.0	89578.0	123712.0	181392.0	276433.0	450993.0	897974.0	5761010.0	17886609.0
	22.0	23.0	24.0	25.0	26.0	27.0	28.0	29.0	30.0	31.0	32.0	33.0	34.0	35.0	36.0	37.0	38.0	39.0	40.0
Sor-ACeb_008-Ex1-3F-lcwgs-1-3-L3-clmp.fp2_repr.R1	3.0	35.0	205.0	1056.0	3048.0	6744.0	12596.0	20561.0	29922.0	40835.0	52680.0	67135.0	87983.0	124204.0	191414.0	319442.0	683220.0	5933927.0	13715348.0
	22.0	23.0	24.0	25.0	26.0	27.0	28.0	29.0	30.0	31.0	32.0	33.0	34.0	35.0	36.0	37.0	38.0	39.0	40.0
Sor-ACeb_008-Ex1-3F-lcwgs-1-3-L3-clmp.fp2_repr.R2	10.0	21.0	163.0	762.0	2026.0	4379.0	7817.0	11877.0	17592.0	24337.0	32194.0	43717.0	60651.0	91723.0	149578.0	262222.0	615216.0	7867695.0	12098378.0
	23.0	24.0	25.0	26.0	27.0	28.0	29.0	30.0	31.0	32.0	33.0	34.0	35.0	36.0	37.0	38.0	39.0	40.0
Sor-ACeb_009-Ex1-4F-lcwgs-1-3-L2-clmp.fp2_repr.R1	3.0	22.0	124.0	309.0	698.0	1310.0	2208.0	3297.0	4803.0	6100.0	8276.0	11612.0	17466.0	26823.0	43470.0	85002.0	450714.0	1503506.0
	23.0	24.0	25.0	26.0	27.0	28.0	29.0	30.0	31.0	32.0	33.0	34.0	35.0	36.0	37.0	38.0	39.0	40.0
Sor-ACeb_009-Ex1-4F-lcwgs-1-3-L2-clmp.fp2_repr.R2	9.0	41.0	136.0	371.0	766.0	1365.0	2027.0	2931.0	3959.0	5192.0	6902.0	9526.0	14054.0	21596.0	35370.0	71122.0	436013.0	1554363.0
	22.0	23.0	24.0	25.0	26.0	27.0	28.0	29.0	30.0	31.0	32.0	33.0	34.0	35.0	36.0	37.0	38.0	39.0	40.0
Sor-ACeb_009-Ex1-4F-lcwgs-1-3-L3-clmp.fp2_repr.R1	1.0	2.0	24.0	98.0	263.0	539.0	953.0	1540.0	2185.0	2949.0	3869.0	4943.0	6546.0	9199.0	14667.0	24415.0	52913.0	441391.0	1075457.0
	23.0	24.0	25.0	26.0	27.0	28.0	29.0	30.0	31.0	32.0	33.0	34.0	35.0	36.0	37.0	38.0	39.0	40.0
Sor-ACeb_009-Ex1-4F-lcwgs-1-3-L3-clmp.fp2_repr.R2	3.0	13.0	54.0	142.0	290.0	503.0	795.0	1137.0	1659.0	2113.0	2904.0	4161.0	6265.0	10307.0	18907.0	47251.0	619733.0	925717.0
	22.0	23.0	24.0	25.0	26.0	27.0	28.0	29.0	30.0	31.0	32.0	33.0	34.0	35.0	36.0	37.0	38.0	39.0	40.0
Sor-ACeb_010-Ex1-5F-lcwgs-1-3-L2-clmp.fp2_repr.R1	7.0	186.0	1380.0	6568.0	19805.0	47665.0	92362.0	155994.0	231037.0	315263.0	398484.0	498583.0	623708.0	815017.0	1077820.0	1493876.0	2545812.0	15295496.0	62477793.0
	21.0	22.0	23.0	24.0	25.0	26.0	27.0	28.0	29.0	30.0	31.0	32.0	33.0	34.0	35.0	36.0	37.0	38.0	39.0	40.0
Sor-ACeb_010-Ex1-5F-lcwgs-1-3-L2-clmp.fp2_repr.R2	2.0	20.0	304.0	2035.0	9170.0	26520.0	56315.0	100479.0	155830.0	218065.0	286605.0	359733.0	451500.0	574205.0	755274.0	1019178.0	1450403.0	2585638.0	23916307.0	54129273.0
	22.0	23.0	24.0	25.0	26.0	27.0	28.0	29.0	30.0	31.0	32.0	33.0	34.0	35.0	36.0	37.0	38.0	39.0	40.0
Sor-ACeb_010-Ex1-5F-lcwgs-1-3-L3-clmp.fp2_repr.R1	6.0	171.0	1075.0	5240.0	15749.0	35451.0	65822.0	105506.0	153217.0	203117.0	251192.0	306421.0	372998.0	482855.0	672681.0	1023727.0	2001857.0	18476714.0	53542036.0
	21.0	22.0	23.0	24.0	25.0	26.0	27.0	28.0	29.0	30.0	31.0	32.0	33.0	34.0	35.0	36.0	37.0	38.0	39.0	40.0
Sor-ACeb_010-Ex1-5F-lcwgs-1-3-L3-clmp.fp2_repr.R2	2.0	37.0	131.0	840.0	4001.0	11717.0	25312.0	45283.0	69975.0	99610.0	132770.0	172248.0	221709.0	290073.0	406127.0	601380.0	956256.0	1975795.0	33057962.0	39644607.0
	22.0	23.0	24.0	25.0	26.0	27.0	28.0	29.0	30.0	31.0	32.0	33.0	34.0	35.0	36.0	37.0	38.0	39.0	40.0
Sor-ACeb_011-Ex1-6F-lcwgs-1-3-L2-clmp.fp2_repr.R1	1.0	33.0	164.0	839.0	2698.0	6568.0	13329.0	22789.0	34693.0	48474.0	62105.0	78618.0	96866.0	121871.0	151825.0	201439.0	289562.0	1472048.0	5277421.0
	22.0	23.0	24.0	25.0	26.0	27.0	28.0	29.0	30.0	31.0	32.0	33.0	34.0	35.0	36.0	37.0	38.0	39.0	40.0
Sor-ACeb_011-Ex1-6F-lcwgs-1-3-L2-clmp.fp2_repr.R2	1.0	42.0	338.0	1641.0	4447.0	9732.0	17250.0	27112.0	38544.0	50630.0	65293.0	82495.0	103433.0	131099.0	163765.0	224721.0	413186.0	3727222.0	2820392.0
	22.0	23.0	24.0	25.0	26.0	27.0	28.0	29.0	30.0	31.0	32.0	33.0	34.0	35.0	36.0	37.0	38.0	39.0	40.0
Sor-ACeb_011-Ex1-6F-lcwgs-1-3-L3-clmp.fp2_repr.R1	1.0	20.0	146.0	696.0	2035.0	5058.0	9473.0	15825.0	23768.0	32315.0	39654.0	49293.0	58610.0	72982.0	95177.0	136908.0	223163.0	1705378.0	4814845.0
	22.0	23.0	24.0	25.0	26.0	27.0	28.0	29.0	30.0	31.0	32.0	33.0	34.0	35.0	36.0	37.0	38.0	39.0	40.0
Sor-ACeb_011-Ex1-6F-lcwgs-1-3-L3-clmp.fp2_repr.R2	1.0	36.0	190.0	818.0	2414.0	4917.0	8970.0	13875.0	19982.0	26915.0	34687.0	44164.0	56081.0	75244.0	102637.0	156375.0	285898.0	4092176.0	2359967.0
	22.0	23.0	24.0	25.0	26.0	27.0	28.0	29.0	30.0	31.0	32.0	33.0	34.0	35.0	36.0	37.0	38.0	39.0	40.0
Sor-ACeb_012-Ex1-7F-lcwgs-1-3-L2-clmp.fp2_repr.R1	3.0	48.0	324.0	1443.0	4696.0	11831.0	23475.0	39758.0	60931.0	85689.0	111725.0	145144.0	195164.0	278279.0	410489.0	643539.0	1227354.0	7862891.0	20233483.0
	22.0	23.0	24.0	25.0	26.0	27.0	28.0	29.0	30.0	31.0	32.0	33.0	34.0	35.0	36.0	37.0	38.0	39.0	40.0
Sor-ACeb_012-Ex1-7F-lcwgs-1-3-L2-clmp.fp2_repr.R2	12.0	64.0	462.0	2059.0	5903.0	12809.0	23000.0	36080.0	51763.0	70542.0	92550.0	121884.0	164873.0	235785.0	351943.0	562825.0	1113863.0	8263156.0	20226693.0
	23.0	24.0	25.0	26.0	27.0	28.0	29.0	30.0	31.0	32.0	33.0	34.0	35.0	36.0	37.0	38.0	39.0	40.0
Sor-ACeb_012-Ex1-7F-lcwgs-1-3-L3-clmp.fp2_repr.R1	30.0	267.0	1266.0	4044.0	9416.0	18056.0	29658.0	43976.0	59959.0	76262.0	96273.0	123663.0	169104.0	253271.0	415706.0	862593.0	8546265.0	15926616.0
	21.0	22.0	23.0	24.0	25.0	26.0	27.0	28.0	29.0	30.0	31.0	32.0	33.0	34.0	35.0	36.0	37.0	38.0	39.0	40.0
Sor-ACeb_012-Ex1-7F-lcwgs-1-3-L3-clmp.fp2_repr.R2	1.0	9.0	38.0	192.0	926.0	2819.0	5904.0	10696.0	17306.0	25345.0	35375.0	46788.0	63070.0	86864.0	127953.0	203815.0	351179.0	777485.0	10746485.0	14134175.0
	22.0	23.0	24.0	25.0	26.0	27.0	28.0	29.0	30.0	31.0	32.0	33.0	34.0	35.0	36.0	37.0	38.0	39.0	40.0
Sor-ACeb_013-Ex1-8F-lcwgs-1-3-L2-clmp.fp2_repr.R1	3.0	98.0	746.0	3830.0	11997.0	29371.0	58902.0	100454.0	150456.0	204906.0	257798.0	316843.0	382396.0	472257.0	567597.0	691131.0	905682.0	3901668.0	18844387.0
	21.0	22.0	23.0	24.0	25.0	26.0	27.0	28.0	29.0	30.0	31.0	32.0	33.0	34.0	35.0	36.0	37.0	38.0	39.0	40.0
Sor-ACeb_013-Ex1-8F-lcwgs-1-3-L2-clmp.fp2_repr.R2	3.0	10.0	196.0	1484.0	6393.0	18475.0	39867.0	71680.0	111980.0	155790.0	203696.0	255055.0	315895.0	387703.0	483575.0	596960.0	774921.0	1298741.0	10634939.0	11543159.0
	22.0	23.0	24.0	25.0	26.0	27.0	28.0	29.0	30.0	31.0	32.0	33.0	34.0	35.0	36.0	37.0	38.0	39.0	40.0
Sor-ACeb_013-Ex1-8F-lcwgs-1-3-L3-clmp.fp2_repr.R1	2.0	62.0	582.0	2985.0	9316.0	22051.0	42026.0	69688.0	101861.0	135085.0	165809.0	198403.0	232223.0	284317.0	362322.0	487934.0	748751.0	4913863.0	17661839.0
	21.0	22.0	23.0	24.0	25.0	26.0	27.0	28.0	29.0	30.0	31.0	32.0	33.0	34.0	35.0	36.0	37.0	38.0	39.0	40.0
Sor-ACeb_013-Ex1-8F-lcwgs-1-3-L3-clmp.fp2_repr.R2	2.0	31.0	107.0	652.0	3235.0	9503.0	20187.0	35769.0	55939.0	79541.0	105647.0	134109.0	168726.0	213727.0	283402.0	388740.0	562215.0	965856.0	12750743.0	9660988.0
	22.0	23.0	24.0	25.0	26.0	27.0	28.0	29.0	30.0	31.0	32.0	33.0	34.0	35.0	36.0	37.0	38.0	39.0	40.0
Sor-ACeb_014-Ex1-9F-lcwgs-1-3-L2-clmp.fp2_repr.R1	11.0	128.0	1028.0	4991.0	15287.0	37317.0	74314.0	125150.0	185976.0	251654.0	315288.0	388974.0	472270.0	589438.0	726543.0	912887.0	1318623.0	6496062.0	35950598.0
	22.0	23.0	24.0	25.0	26.0	27.0	28.0	29.0	30.0	31.0	32.0	33.0	34.0	35.0	36.0	37.0	38.0	39.0	40.0
Sor-ACeb_014-Ex1-9F-lcwgs-1-3-L2-clmp.fp2_repr.R2	16.0	273.0	1588.0	7194.0	20360.0	44417.0	79331.0	122919.0	173957.0	227786.0	286062.0	358103.0	449016.0	572178.0	736416.0	977878.0	1613916.0	15359666.0	26835463.0
	22.0	23.0	24.0	25.0	26.0	27.0	28.0	29.0	30.0	31.0	32.0	33.0	34.0	35.0	36.0	37.0	38.0	39.0	40.0
Sor-ACeb_014-Ex1-9F-lcwgs-1-3-L3-clmp.fp2_repr.R1	7.0	89.0	831.0	4055.0	12135.0	27778.0	52229.0	84589.0	121893.0	160943.0	197607.0	235864.0	280555.0	348264.0	457957.0	640600.0	1089211.0	8406894.0	32691272.0
	21.0	22.0	23.0	24.0	25.0	26.0	27.0	28.0	29.0	30.0	31.0	32.0	33.0	34.0	35.0	36.0	37.0	38.0	39.0	40.0
Sor-ACeb_014-Ex1-9F-lcwgs-1-3-L3-clmp.fp2_repr.R2	4.0	39.0	102.0	661.0	3342.0	9823.0	20747.0	37632.0	58205.0	83425.0	111596.0	144116.0	184170.0	237568.0	323892.0	459221.0	687562.0	1288165.0	20395098.0	20767405.0
	22.0	23.0	24.0	25.0	26.0	27.0	28.0	29.0	30.0	31.0	32.0	33.0	34.0	35.0	36.0	37.0	38.0	39.0	40.0
Sor-ACeb_015-Ex1-10F-lcwgs-1-3-L2-clmp.fp2_repr.R1	1.0	11.0	77.0	366.0	1251.0	3083.0	5870.0	10161.0	15356.0	21293.0	27615.0	36438.0	49544.0	71755.0	108528.0	173379.0	334211.0	1984038.0	5882590.0
	22.0	23.0	24.0	25.0	26.0	27.0	28.0	29.0	30.0	31.0	32.0	33.0	34.0	35.0	36.0	37.0	38.0	39.0	40.0
Sor-ACeb_015-Ex1-10F-lcwgs-1-3-L2-clmp.fp2_repr.R2	1.0	21.0	135.0	529.0	1642.0	3385.0	6362.0	9878.0	14255.0	18862.0	24398.0	31984.0	43650.0	62612.0	94092.0	152197.0	304259.0	2199703.0	5757602.0
	23.0	24.0	25.0	26.0	27.0	28.0	29.0	30.0	31.0	32.0	33.0	34.0	35.0	36.0	37.0	38.0	39.0	40.0
Sor-ACeb_015-Ex1-10F-lcwgs-1-3-L3-clmp.fp2_repr.R1	12.0	67.0	374.0	1086.0	2504.0	4820.0	7623.0	11283.0	15284.0	19270.0	24063.0	30967.0	43051.0	65735.0	108552.0	227793.0	2128161.0	4647530.0
	22.0	23.0	24.0	25.0	26.0	27.0	28.0	29.0	30.0	31.0	32.0	33.0	34.0	35.0	36.0	37.0	38.0	39.0	40.0
Sor-ACeb_015-Ex1-10F-lcwgs-1-3-L3-clmp.fp2_repr.R2	1.0	6.0	50.0	261.0	786.0	1650.0	2978.0	4571.0	6708.0	9129.0	12013.0	15872.0	21225.0	31868.0	51628.0	89806.0	203782.0	2906474.0	3979367.0
	22.0	23.0	24.0	25.0	26.0	27.0	28.0	29.0	30.0	31.0	32.0	33.0	34.0	35.0	36.0	37.0	38.0	39.0	40.0
Sor-ACeb_016-Ex1-11F-lcwgs-1-3-L2-clmp.fp2_repr.R1	1.0	18.0	120.0	615.0	1907.0	4268.0	8601.0	14634.0	21707.0	29906.0	39672.0	51919.0	70235.0	101865.0	154292.0	247294.0	477543.0	2906384.0	8545037.0
	21.0	22.0	23.0	24.0	25.0	26.0	27.0	28.0	29.0	30.0	31.0	32.0	33.0	34.0	35.0	36.0	37.0	38.0	39.0	40.0
Sor-ACeb_016-Ex1-11F-lcwgs-1-3-L2-clmp.fp2_repr.R2	1.0	0.0	35.0	231.0	1032.0	2723.0	5658.0	10274.0	15982.0	22384.0	29673.0	37445.0	48624.0	64916.0	92652.0	138250.0	223987.0	449712.0	3335472.0	8196967.0
	22.0	23.0	24.0	25.0	26.0	27.0	28.0	29.0	30.0	31.0	32.0	33.0	34.0	35.0	36.0	37.0	38.0	39.0	40.0
Sor-ACeb_016-Ex1-11F-lcwgs-1-3-L3-clmp.fp2_repr.R1	1.0	16.0	108.0	560.0	1590.0	3437.0	6388.0	10555.0	15293.0	20690.0	26000.0	33072.0	42355.0	59204.0	91222.0	151579.0	318226.0	3076618.0	6696839.0
	21.0	22.0	23.0	24.0	25.0	26.0	27.0	28.0	29.0	30.0	31.0	32.0	33.0	34.0	35.0	36.0	37.0	38.0	39.0	40.0
Sor-ACeb_016-Ex1-11F-lcwgs-1-3-L3-clmp.fp2_repr.R2	1.0	2.0	15.0	87.0	384.0	1227.0	2529.0	4543.0	7174.0	10193.0	13973.0	17595.0	23182.0	30983.0	45498.0	72493.0	126710.0	287304.0	3951011.0	5958849.0
	23.0	24.0	25.0	26.0	27.0	28.0	29.0	30.0	31.0	32.0	33.0	34.0	35.0	36.0	37.0	38.0	39.0	40.0
Sor-ACeb_017-Ex1-12F-lcwgs-1-3-L2-clmp.fp2_repr.R1	17.0	107.0	526.0	1599.0	3684.0	7089.0	12132.0	17994.0	25167.0	33006.0	43212.0	58213.0	83676.0	125918.0	201193.0	392425.0	2305219.0	7116177.0
	23.0	24.0	25.0	26.0	27.0	28.0	29.0	30.0	31.0	32.0	33.0	34.0	35.0	36.0	37.0	38.0	39.0	40.0
Sor-ACeb_017-Ex1-12F-lcwgs-1-3-L2-clmp.fp2_repr.R2	20.0	155.0	688.0	1887.0	4043.0	7399.0	11389.0	16502.0	21915.0	28513.0	37856.0	50843.0	72996.0	109816.0	178607.0	358248.0	2516866.0	7009611.0
	23.0	24.0	25.0	26.0	27.0	28.0	29.0	30.0	31.0	32.0	33.0	34.0	35.0	36.0	37.0	38.0	39.0	40.0
Sor-ACeb_017-Ex1-12F-lcwgs-1-3-L3-clmp.fp2_repr.R1	13.0	116.0	432.0	1256.0	2829.0	5136.0	8081.0	11838.0	15883.0	20432.0	25557.0	33251.0	45354.0	69592.0	116155.0	245748.0	2306453.0	5442477.0
	21.0	22.0	23.0	24.0	25.0	26.0	27.0	28.0	29.0	30.0	31.0	32.0	33.0	34.0	35.0	36.0	37.0	38.0	39.0	40.0
Sor-ACeb_017-Ex1-12F-lcwgs-1-3-L3-clmp.fp2_repr.R2	1.0	1.0	16.0	72.0	273.0	789.0	1618.0	3090.0	4652.0	6774.0	9490.0	12384.0	16331.0	22586.0	33375.0	54424.0	94871.0	223070.0	3335708.0	4531078.0
	22.0	23.0	24.0	25.0	26.0	27.0	28.0	29.0	30.0	31.0	32.0	33.0	34.0	35.0	36.0	37.0	38.0	39.0	40.0
Sor-ACeb_018-Ex1-1G-lcwgs-1-3-L2-clmp.fp2_repr.R1	1.0	36.0	362.0	1799.0	5984.0	14253.0	28208.0	48155.0	72549.0	100165.0	129641.0	166320.0	216805.0	296277.0	415273.0	610355.0	1083780.0	6896486.0	24250917.0
	22.0	23.0	24.0	25.0	26.0	27.0	28.0	29.0	30.0	31.0	32.0	33.0	34.0	35.0	36.0	37.0	38.0	39.0	40.0
Sor-ACeb_018-Ex1-1G-lcwgs-1-3-L2-clmp.fp2_repr.R2	5.0	103.0	662.0	3053.0	8717.0	19176.0	34214.0	53566.0	75654.0	100199.0	128173.0	163213.0	211881.0	286571.0	401348.0	597642.0	1132720.0	10527064.0	20593405.0
	22.0	23.0	24.0	25.0	26.0	27.0	28.0	29.0	30.0	31.0	32.0	33.0	34.0	35.0	36.0	37.0	38.0	39.0	40.0
Sor-ACeb_018-Ex1-1G-lcwgs-1-3-L3-clmp.fp2_repr.R1	1.0	41.0	314.0	1592.0	5113.0	11731.0	22412.0	37270.0	54740.0	74159.0	93580.0	115915.0	144824.0	194621.0	280535.0	438169.0	855355.0	8283308.0	20242421.0
	21.0	22.0	23.0	24.0	25.0	26.0	27.0	28.0	29.0	30.0	31.0	32.0	33.0	34.0	35.0	36.0	37.0	38.0	39.0	40.0
Sor-ACeb_018-Ex1-1G-lcwgs-1-3-L3-clmp.fp2_repr.R2	1.0	24.0	47.0	286.0	1327.0	4186.0	9389.0	17123.0	27056.0	38859.0	52449.0	68348.0	88521.0	119349.0	169231.0	256335.0	417335.0	862695.0	12858366.0	15865174.0
	25.0	26.0	27.0	28.0	29.0	30.0	31.0	32.0	33.0	34.0	35.0	36.0	37.0	38.0	39.0	40.0
Sor-ACeb_019-Ex1-3G-lcwgs-1-3-L2-clmp.fp2_repr.R1	1.0	13.0	26.0	33.0	82.0	98.0	139.0	167.0	268.0	347.0	556.0	783.0	1347.0	2512.0	11206.0	28013.0
	24.0	25.0	26.0	27.0	28.0	29.0	30.0	31.0	32.0	33.0	34.0	35.0	36.0	37.0	38.0	39.0	40.0
Sor-ACeb_019-Ex1-3G-lcwgs-1-3-L2-clmp.fp2_repr.R2	1.0	5.0	11.0	27.0	42.0	66.0	93.0	121.0	150.0	228.0	278.0	418.0	658.0	1041.0	2118.0	11631.0	28703.0
	26.0	27.0	28.0	29.0	30.0	31.0	32.0	33.0	34.0	35.0	36.0	37.0	38.0	39.0	40.0
Sor-ACeb_019-Ex1-3G-lcwgs-1-3-L3-clmp.fp2_repr.R1	4.0	5.0	14.0	18.0	27.0	42.0	42.0	75.0	98.0	139.0	195.0	307.0	682.0	4513.0	7916.0
	25.0	26.0	27.0	28.0	29.0	30.0	31.0	32.0	33.0	34.0	35.0	36.0	37.0	38.0	39.0	40.0
Sor-ACeb_019-Ex1-3G-lcwgs-1-3-L3-clmp.fp2_repr.R2	2.0	2.0	8.0	10.0	17.0	28.0	24.0	46.0	63.0	80.0	109.0	129.0	293.0	606.0	5199.0	7461.0
	23.0	24.0	25.0	26.0	27.0	28.0	29.0	30.0	31.0	32.0	33.0	34.0	35.0	36.0	37.0	38.0	39.0	40.0
Sor-ACeb_020-Ex1-2G-lcwgs-1-3-L2-clmp.fp2_repr.R1	1.0	2.0	5.0	29.0	71.0	159.0	245.0	360.0	502.0	679.0	925.0	1160.0	1713.0	2526.0	4145.0	8338.0	74661.0	113341.0
	23.0	24.0	25.0	26.0	27.0	28.0	29.0	30.0	31.0	32.0	33.0	34.0	35.0	36.0	37.0	38.0	39.0	40.0
Sor-ACeb_020-Ex1-2G-lcwgs-1-3-L2-clmp.fp2_repr.R2	1.0	3.0	20.0	47.0	98.0	179.0	276.0	392.0	536.0	660.0	860.0	1089.0	1600.0	2391.0	3745.0	7748.0	65895.0	123322.0
	23.0	24.0	25.0	26.0	27.0	28.0	29.0	30.0	31.0	32.0	33.0	34.0	35.0	36.0	37.0	38.0	39.0	40.0
Sor-ACeb_020-Ex1-2G-lcwgs-1-3-L3-clmp.fp2_repr.R1	1.0	0.0	8.0	27.0	55.0	104.0	175.0	248.0	351.0	437.0	539.0	730.0	1004.0	1496.0	2583.0	5823.0	74712.0	84645.0
	24.0	25.0	26.0	27.0	28.0	29.0	30.0	31.0	32.0	33.0	34.0	35.0	36.0	37.0	38.0	39.0	40.0
Sor-ACeb_020-Ex1-2G-lcwgs-1-3-L3-clmp.fp2_repr.R2	1.0	4.0	18.0	41.0	94.0	128.0	197.0	248.0	325.0	453.0	566.0	800.0	1318.0	2231.0	5143.0	75635.0	85736.0
	26.0	27.0	28.0	29.0	30.0	31.0	32.0	33.0	34.0	35.0	36.0	37.0	38.0	39.0	40.0
Sor-ACeb_021-Ex1-4G-lcwgs-1-3-L2-clmp.fp2_repr.R1	1.0	6.0	9.0	16.0	18.0	39.0	45.0	63.0	79.0	113.0	197.0	265.0	511.0	2663.0	6982.0
	24.0	25.0	26.0	27.0	28.0	29.0	30.0	31.0	32.0	33.0	34.0	35.0	36.0	37.0	38.0	39.0	40.0
Sor-ACeb_021-Ex1-4G-lcwgs-1-3-L2-clmp.fp2_repr.R2	1.0	1.0	2.0	2.0	8.0	9.0	20.0	34.0	40.0	49.0	69.0	97.0	148.0	225.0	438.0	2750.0	7114.0
	28.0	29.0	30.0	31.0	32.0	33.0	34.0	35.0	36.0	37.0	38.0	39.0	40.0
Sor-ACeb_021-Ex1-4G-lcwgs-1-3-L3-clmp.fp2_repr.R1	2.0	4.0	6.0	11.0	9.0	16.0	17.0	30.0	41.0	66.0	113.0	974.0	1965.0
	30.0	31.0	32.0	33.0	34.0	35.0	36.0	37.0	38.0	39.0	40.0
Sor-ACeb_021-Ex1-4G-lcwgs-1-3-L3-clmp.fp2_repr.R2	4.0	5.0	8.0	11.0	14.0	31.0	21.0	47.0	116.0	1222.0	1775.0
	23.0	24.0	25.0	26.0	27.0	28.0	29.0	30.0	31.0	32.0	33.0	34.0	35.0	36.0	37.0	38.0	39.0	40.0
Sor-ACeb_022-Ex1-5G-lcwgs-1-3-L2-clmp.fp2_repr.R1	5.0	52.0	222.0	728.0	1733.0	3425.0	5927.0	8810.0	12580.0	16723.0	21749.0	29247.0	40774.0	57952.0	89393.0	164700.0	996202.0	2993746.0
	21.0	22.0	23.0	24.0	25.0	26.0	27.0	28.0	29.0	30.0	31.0	32.0	33.0	34.0	35.0	36.0	37.0	38.0	39.0	40.0
Sor-ACeb_022-Ex1-5G-lcwgs-1-3-L2-clmp.fp2_repr.R2	1.0	0.0	10.0	90.0	350.0	1091.0	2416.0	4134.0	6658.0	9363.0	12801.0	16483.0	22475.0	29403.0	41033.0	58226.0	90349.0	179082.0	1420242.0	2549761.0
	23.0	24.0	25.0	26.0	27.0	28.0	29.0	30.0	31.0	32.0	33.0	34.0	35.0	36.0	37.0	38.0	39.0	40.0
Sor-ACeb_022-Ex1-5G-lcwgs-1-3-L3-clmp.fp2_repr.R1	7.0	48.0	180.0	585.0	1328.0	2482.0	4092.0	5964.0	8107.0	10784.0	13390.0	17467.0	23729.0	34825.0	56813.0	115984.0	1065858.0	2379738.0
	21.0	22.0	23.0	24.0	25.0	26.0	27.0	28.0	29.0	30.0	31.0	32.0	33.0	34.0	35.0	36.0	37.0	38.0	39.0	40.0
Sor-ACeb_022-Ex1-5G-lcwgs-1-3-L3-clmp.fp2_repr.R2	1.0	1.0	7.0	42.0	178.0	505.0	1149.0	1944.0	2998.0	4547.0	6218.0	8435.0	11250.0	14908.0	21495.0	32867.0	55409.0	119516.0	1662202.0	1797709.0

