Sample	1.0	2.0	3.0	4.0	5.0	6.0	7.0	8.0	9.0	>10	>50	>100	>500	>1k	>5k	>10k+	1.0	2.0	3.0	4.0	5.0	6.0	7.0	8.0	9.0	1.0	2.0	3.0	4.0	5.0	6.0	7.0	8.0	9.0	1.0	2.0	3.0	4.0	5.0	6.0	7.0	8.0	9.0	1.0	2.0	3.0	4.0	5.0	6.0	7.0	8.0	9.0	1.0	2.0	3.0	4.0	5.0	6.0	7.0	8.0	9.0	1.0	2.0	3.0	4.0	5.0	6.0	7.0	8.0	9.0	1.0	2.0	3.0	4.0	5.0	6.0	7.0	8.0	9.0	1.0	2.0	3.0	4.0	5.0	6.0	7.0	8.0	9.0	1.0	2.0	3.0	4.0	5.0	6.0	7.0	8.0	9.0	1.0	2.0	3.0	4.0	5.0	6.0	7.0	8.0	9.0	1.0	2.0	3.0	4.0	5.0	6.0	7.0	8.0	9.0	1.0	2.0	3.0	4.0	5.0	6.0	7.0	8.0	9.0	1.0	2.0	3.0	4.0	5.0	6.0	7.0	8.0	9.0	1.0	2.0	3.0	4.0	5.0	6.0	7.0	8.0	9.0	1.0	2.0	3.0	4.0	5.0	6.0	7.0	8.0	9.0	1.0	2.0	3.0	4.0	5.0	6.0	7.0	8.0	9.0	1.0	2.0	3.0	4.0	5.0	6.0	7.0	8.0	9.0	1.0	2.0	3.0	4.0	5.0	6.0	7.0	8.0	9.0	1.0	2.0	3.0	4.0	5.0	6.0	7.0	8.0	9.0	1.0	2.0	3.0	4.0	5.0	6.0	7.0	8.0	9.0	1.0	2.0	3.0	4.0	5.0	6.0	7.0	8.0	9.0	1.0	2.0	3.0	4.0	5.0	6.0	7.0	8.0	9.0	1.0	2.0	3.0	4.0	5.0	6.0	7.0	8.0	9.0	1.0	2.0	3.0	4.0	5.0	6.0	7.0	8.0	9.0	1.0	2.0	3.0	4.0	5.0	6.0	7.0	8.0	9.0	1.0	2.0	3.0	4.0	5.0	6.0	7.0	8.0	9.0	1.0	2.0	3.0	4.0	5.0	6.0	7.0	8.0	9.0	1.0	2.0	3.0	4.0	5.0	6.0	7.0	8.0	9.0	1.0	2.0	3.0	4.0	5.0	6.0	7.0	8.0	9.0	1.0	2.0	3.0	4.0	5.0	6.0	7.0	8.0	9.0	1.0	2.0	3.0	4.0	5.0	6.0	7.0	8.0	9.0	1.0	2.0	3.0	4.0	5.0	6.0	7.0	8.0	9.0	1.0	2.0	3.0	4.0	5.0	6.0	7.0	8.0	9.0	1.0	2.0	3.0	4.0	5.0	6.0	7.0	8.0	9.0	1.0	2.0	3.0	4.0	5.0	6.0	7.0	8.0	9.0	1.0	2.0	3.0	4.0	5.0	6.0	7.0	8.0	9.0	1.0	2.0	3.0	4.0	5.0	6.0	7.0	8.0	9.0	1.0	2.0	3.0	4.0	5.0	6.0	7.0	8.0	9.0	1.0	2.0	3.0	4.0	5.0	6.0	7.0	8.0	9.0	1.0	2.0	3.0	4.0	5.0	6.0	7.0	8.0	9.0	1.0	2.0	3.0	4.0	5.0	6.0	7.0	8.0	9.0	1.0	2.0	3.0	4.0	5.0	6.0	7.0	8.0	9.0	1.0	2.0	3.0	4.0	5.0	6.0	7.0	8.0	9.0	1.0	2.0	3.0	4.0	5.0	6.0	7.0	8.0	9.0	1.0	2.0	3.0	4.0	5.0	6.0	7.0	8.0	9.0	1.0	2.0	3.0	4.0	5.0	6.0	7.0	8.0	9.0	1.0	2.0	3.0	4.0	5.0	6.0	7.0	8.0	9.0	1.0	2.0	3.0	4.0	5.0	6.0	7.0	8.0	9.0	1.0	2.0	3.0	4.0	5.0	6.0	7.0	8.0	9.0	1.0	2.0	3.0	4.0	5.0	6.0	7.0	8.0	9.0	1.0	2.0	3.0	4.0	5.0	6.0	7.0	8.0	9.0	1.0	2.0	3.0	4.0	5.0	6.0	7.0	8.0	9.0	1.0	2.0	3.0	4.0	5.0	6.0	7.0	8.0	9.0	1.0	2.0	3.0	4.0	5.0	6.0	7.0	8.0	9.0	1.0	2.0	3.0	4.0	5.0	6.0	7.0	8.0	9.0	1.0	2.0	3.0	4.0	5.0	6.0	7.0	8.0	9.0	1.0	2.0	3.0	4.0	5.0	6.0	7.0	8.0	9.0	1.0	2.0	3.0	4.0	5.0	6.0	7.0	8.0	9.0	1.0	2.0	3.0	4.0	5.0	6.0	7.0	8.0	9.0	1.0	2.0	3.0	4.0	5.0	6.0	7.0	8.0	9.0	1.0	2.0	3.0	4.0	5.0	6.0	7.0	8.0	9.0	1.0	2.0	3.0	4.0	5.0	6.0	7.0	8.0	9.0	1.0	2.0	3.0	4.0	5.0	6.0	7.0	8.0	9.0	1.0	2.0	3.0	4.0	5.0	6.0	7.0	8.0	9.0	1.0	2.0	3.0	4.0	5.0	6.0	7.0	8.0	9.0	1.0	2.0	3.0	4.0	5.0	6.0	7.0	8.0	9.0	1.0	2.0	3.0	4.0	5.0	6.0	7.0	8.0	9.0	1.0	2.0	3.0	4.0	5.0	6.0	7.0	8.0	9.0	1.0	2.0	3.0	4.0	5.0	6.0	7.0	8.0	9.0	1.0	2.0	3.0	4.0	5.0	6.0	7.0	8.0	9.0	1.0	2.0	3.0	4.0	5.0	6.0	7.0	8.0	9.0	1.0	2.0	3.0	4.0	5.0	6.0	7.0	8.0	9.0	1.0	2.0	3.0	4.0	5.0	6.0	7.0	8.0	9.0	1.0	2.0	3.0	4.0	5.0	6.0	7.0	8.0	9.0	1.0	2.0	3.0	4.0	5.0	6.0	7.0	8.0	9.0	1.0	2.0	3.0	4.0	5.0	6.0	7.0	8.0	9.0	1.0	2.0	3.0	4.0	5.0	6.0	7.0	8.0	9.0	1.0	2.0	3.0	4.0	5.0	6.0	7.0	8.0	9.0	1.0	2.0	3.0	4.0	5.0	6.0	7.0	8.0	9.0	1.0	2.0	3.0	4.0	5.0	6.0	7.0	8.0	9.0	1.0	2.0	3.0	4.0	5.0	6.0	7.0	8.0	9.0	1.0	2.0	3.0	4.0	5.0	6.0	7.0	8.0	9.0	1.0	2.0	3.0	4.0	5.0	6.0	7.0	8.0	9.0	1.0	2.0	3.0	4.0	5.0	6.0	7.0	8.0	9.0	1.0	2.0	3.0	4.0	5.0	6.0	7.0	8.0	9.0	1.0	2.0	3.0	4.0	5.0	6.0	7.0	8.0	9.0	1.0	2.0	3.0	4.0	5.0	6.0	7.0	8.0	9.0
Sor-ACeb_001-Ex1-8E-lcwgs-1-3-L2-clmp.fp2_repr.R1										0.16719904002392116	0.0	0.0	0.0	0.0	0.0	0.0																																																																																																																																																																																																																																																																																																																																																																																																																																																																																																																																																																																																																																																																																																																																																																																																															
Sor-ACeb_001-Ex1-8E-lcwgs-1-3-L2-clmp.fp2_repr.R2										0.13123105394132006	0.0	0.0	0.0	0.0	0.0	0.0																																																																																																																																																																																																																																																																																																																																																																																																																																																																																																																																																																																																																																																																																																																																																																																																															
Sor-ACeb_001-Ex1-8E-lcwgs-1-3-L3-clmp.fp2_repr.R1										0.1337431185862426	0.0	0.0	0.0	0.0	0.0	0.0																																																																																																																																																																																																																																																																																																																																																																																																																																																																																																																																																																																																																																																																																																																																																																																																															
Sor-ACeb_001-Ex1-8E-lcwgs-1-3-L3-clmp.fp2_repr.R2										0.10462957121253583	0.0	0.0	0.0	0.0	0.0	0.0																																																																																																																																																																																																																																																																																																																																																																																																																																																																																																																																																																																																																																																																																																																																																																																																															
Sor-ACeb_002-Ex1-9E-lcwgs-1-3-L2-clmp.fp2_repr.R1										0.6286816616866077	0.08739807987344657	0.0	0.0	0.0	0.0	0.0																																																																																																																																																																																																																																																																																																																																																																																																																																																																																																																																																																																																																																																																																																																																																																																																															
Sor-ACeb_002-Ex1-9E-lcwgs-1-3-L2-clmp.fp2_repr.R2										0.604672321400401	0.04327376768208168	0.0	0.0	0.0	0.0	0.0																																																																																																																																																																																																																																																																																																																																																																																																																																																																																																																																																																																																																																																																																																																																																																																																															
Sor-ACeb_002-Ex1-9E-lcwgs-1-3-L3-clmp.fp2_repr.R1										0.7015294995068222	0.059704852680545255	0.0	0.0	0.0	0.0	0.0																																																																																																																																																																																																																																																																																																																																																																																																																																																																																																																																																																																																																																																																																																																																																																																																															
Sor-ACeb_002-Ex1-9E-lcwgs-1-3-L3-clmp.fp2_repr.R2										0.5830989808552128	0.019151541091166714	0.0	0.0	0.0	0.0	0.0																																																																																																																																																																																																																																																																																																																																																																																																																																																																																																																																																																																																																																																																																																																																																																																																															
Sor-ACeb_003-Ex1-10E-lcwgs-1-3-L2-clmp.fp2_repr.R1										0.03122235483799153	0.0	0.0	0.0	0.0	0.0	0.0																																																																																																																																																																																																																																																																																																																																																																																																																																																																																																																																																																																																																																																																																																																																																																																																															
Sor-ACeb_003-Ex1-10E-lcwgs-1-3-L2-clmp.fp2_repr.R2										0.027733374597802854	0.0	0.0	0.0	0.0	0.0	0.0																																																																																																																																																																																																																																																																																																																																																																																																																																																																																																																																																																																																																																																																																																																																																																																																															
Sor-ACeb_003-Ex1-10E-lcwgs-1-3-L3-clmp.fp2_repr.R1										0.028364143246491648	0.001678060507451316	0.0	0.0	0.0	0.0	0.0																																																																																																																																																																																																																																																																																																																																																																																																																																																																																																																																																																																																																																																																																																																																																																																																															
Sor-ACeb_003-Ex1-10E-lcwgs-1-3-L3-clmp.fp2_repr.R2										0.023026638559368495	0.0	0.0024777336843610663	0.0	0.0	0.0	0.0																																																																																																																																																																																																																																																																																																																																																																																																																																																																																																																																																																																																																																																																																																																																																																																																															
Sor-ACeb_004-Ex1-11E-lcwgs-1-3-L2-clmp.fp2_repr.R1										0.7186857334408358	0.18030701466586785	0.061925376456620836	0.0	0.0	0.0	0.0																																																																																																																																																																																																																																																																																																																																																																																																																																																																																																																																																																																																																																																																																																																																																																																																															
Sor-ACeb_004-Ex1-11E-lcwgs-1-3-L2-clmp.fp2_repr.R2										0.6400336690528218	0.13718292761241277	0.029893392787196434	0.0	0.0	0.0	0.0																																																																																																																																																																																																																																																																																																																																																																																																																																																																																																																																																																																																																																																																																																																																																																																																															
Sor-ACeb_004-Ex1-11E-lcwgs-1-3-L3-clmp.fp2_repr.R1										0.6558696953146806	0.16562418683004307	0.04745767654744571	0.0	0.0	0.0	0.0																																																																																																																																																																																																																																																																																																																																																																																																																																																																																																																																																																																																																																																																																																																																																																																																															
Sor-ACeb_004-Ex1-11E-lcwgs-1-3-L3-clmp.fp2_repr.R2										0.6274495563274486	0.10957670403209303	0.01522474596685369	0.0	0.0	0.0	0.0																																																																																																																																																																																																																																																																																																																																																																																																																																																																																																																																																																																																																																																																																																																																																																																																															
Sor-ACeb_005-Ex1-12E-lcwgs-1-3-L2-clmp.fp2_repr.R1										0.6184651706108604	0.13282067188841357	0.00349382904171568	0.0	0.0	0.0	0.0																																																																																																																																																																																																																																																																																																																																																																																																																																																																																																																																																																																																																																																																																																																																																																																																															
Sor-ACeb_005-Ex1-12E-lcwgs-1-3-L2-clmp.fp2_repr.R2										0.5057110043056607	0.039234386095776196	0.0	0.0	0.0	0.0	0.0																																																																																																																																																																																																																																																																																																																																																																																																																																																																																																																																																																																																																																																																																																																																																																																																															
Sor-ACeb_005-Ex1-12E-lcwgs-1-3-L3-clmp.fp2_repr.R1										0.7345256577963317	0.11896253220130318	0.0036315288496663396	0.0	0.0	0.0	0.0																																																																																																																																																																																																																																																																																																																																																																																																																																																																																																																																																																																																																																																																																																																																																																																																															
Sor-ACeb_005-Ex1-12E-lcwgs-1-3-L3-clmp.fp2_repr.R2										0.5565469703784803	0.034593330677526075	0.0	0.0	0.0	0.0	0.0																																																																																																																																																																																																																																																																																																																																																																																																																																																																																																																																																																																																																																																																																																																																																																																																															
Sor-ACeb_006-Ex1-1F-lcwgs-1-3-L2-clmp.fp2_repr.R1										0.5431127994044883	0.16105162441041151	0.15502278737932182	0.0	0.0	0.0	0.0																																																																																																																																																																																																																																																																																																																																																																																																																																																																																																																																																																																																																																																																																																																																																																																																															
Sor-ACeb_006-Ex1-1F-lcwgs-1-3-L2-clmp.fp2_repr.R2										0.547041966666343	0.14435050949410716	0.09873366581960527	0.0	0.0	0.0	0.0																																																																																																																																																																																																																																																																																																																																																																																																																																																																																																																																																																																																																																																																																																																																																																																																															
Sor-ACeb_006-Ex1-1F-lcwgs-1-3-L3-clmp.fp2_repr.R1										0.5686974961951944	0.2217770210043842	0.14584772561876846	0.0	0.0	0.0	0.0																																																																																																																																																																																																																																																																																																																																																																																																																																																																																																																																																																																																																																																																																																																																																																																																															
Sor-ACeb_006-Ex1-1F-lcwgs-1-3-L3-clmp.fp2_repr.R2										0.5423409292714961	0.15369453788306364	0.11338878895528567	0.0	0.0	0.0	0.0																																																																																																																																																																																																																																																																																																																																																																																																																																																																																																																																																																																																																																																																																																																																																																																																															
Sor-ACeb_007-Ex1-2F-lcwgs-1-3-L2-clmp.fp2_repr.R1										0.08336201955430357	0.0	0.0	0.0	0.0	0.0	0.0																																																																																																																																																																																																																																																																																																																																																																																																																																																																																																																																																																																																																																																																																																																																																																																																															
Sor-ACeb_007-Ex1-2F-lcwgs-1-3-L2-clmp.fp2_repr.R2										0.04122399182007363	0.0	0.0	0.0	0.0	0.0	0.0																																																																																																																																																																																																																																																																																																																																																																																																																																																																																																																																																																																																																																																																																																																																																																																																															
Sor-ACeb_007-Ex1-2F-lcwgs-1-3-L3-clmp.fp2_repr.R1										0.0728948916098593	0.0	0.0	0.0	0.0	0.0	0.0																																																																																																																																																																																																																																																																																																																																																																																																																																																																																																																																																																																																																																																																																																																																																																																																															
Sor-ACeb_007-Ex1-2F-lcwgs-1-3-L3-clmp.fp2_repr.R2										0.030945580502780623	0.0	0.0	0.0	0.0	0.0	0.0																																																																																																																																																																																																																																																																																																																																																																																																																																																																																																																																																																																																																																																																																																																																																																																																															
Sor-ACeb_008-Ex1-3F-lcwgs-1-3-L2-clmp.fp2_repr.R1										0.14525953991406912	0.01129117380416014	0.002484724019021457	0.0	0.0	0.0	0.0																																																																																																																																																																																																																																																																																																																																																																																																																																																																																																																																																																																																																																																																																																																																																																																																															
Sor-ACeb_008-Ex1-3F-lcwgs-1-3-L2-clmp.fp2_repr.R2										0.143315985894317	0.012476973901791909	0.003686745307171992	0.0	0.0	0.0	0.0																																																																																																																																																																																																																																																																																																																																																																																																																																																																																																																																																																																																																																																																																																																																																																																																															
Sor-ACeb_008-Ex1-3F-lcwgs-1-3-L3-clmp.fp2_repr.R1										0.15542816811781737	0.012910428888256366	0.0013461403444047855	0.0	0.0	0.0	0.0																																																																																																																																																																																																																																																																																																																																																																																																																																																																																																																																																																																																																																																																																																																																																																																																															
Sor-ACeb_008-Ex1-3F-lcwgs-1-3-L3-clmp.fp2_repr.R2										0.1575499122925575	0.006940276533843376	0.0	0.0	0.0	0.0	0.0																																																																																																																																																																																																																																																																																																																																																																																																																																																																																																																																																																																																																																																																																																																																																																																																															
Sor-ACeb_009-Ex1-4F-lcwgs-1-3-L2-clmp.fp2_repr.R1										0.003677340873133355	0.0	0.0	0.0	0.0	0.0	0.0																																																																																																																																																																																																																																																																																																																																																																																																																																																																																																																																																																																																																																																																																																																																																																																																															
Sor-ACeb_009-Ex1-4F-lcwgs-1-3-L2-clmp.fp2_repr.R2										0.0012257293145365757	0.0	0.0	0.0	0.0	0.0	0.0																																																																																																																																																																																																																																																																																																																																																																																																																																																																																																																																																																																																																																																																																																																																																																																																															
Sor-ACeb_009-Ex1-4F-lcwgs-1-3-L3-clmp.fp2_repr.R1										0.004066392415991584	0.0	0.0	0.0	0.0	0.0	0.0																																																																																																																																																																																																																																																																																																																																																																																																																																																																																																																																																																																																																																																																																																																																																																																																															
Sor-ACeb_009-Ex1-4F-lcwgs-1-3-L3-clmp.fp2_repr.R2										0.0	0.0	0.0	0.0	0.0	0.0	0.0																																																																																																																																																																																																																																																																																																																																																																																																																																																																																																																																																																																																																																																																																																																																																																																																															
Sor-ACeb_010-Ex1-5F-lcwgs-1-3-L2-clmp.fp2_repr.R1										0.6793074899660282	0.16368427258573784	0.2655930511556751	0.056357130299153235	0.007589845382694971	0.0	0.0																																																																																																																																																																																																																																																																																																																																																																																																																																																																																																																																																																																																																																																																																																																																																																																																															
Sor-ACeb_010-Ex1-5F-lcwgs-1-3-L2-clmp.fp2_repr.R2										0.6458418372055976	0.15965310477244085	0.252111845911907	0.034346433143031305	0.0018145504176493913	0.0	0.0																																																																																																																																																																																																																																																																																																																																																																																																																																																																																																																																																																																																																																																																																																																																																																																																															
Sor-ACeb_010-Ex1-5F-lcwgs-1-3-L3-clmp.fp2_repr.R1										0.6567900014896532	0.161304026775224	0.2564088037935135	0.056087200861469774	0.007626189247503274	0.0	0.0																																																																																																																																																																																																																																																																																																																																																																																																																																																																																																																																																																																																																																																																																																																																																																																																															
Sor-ACeb_010-Ex1-5F-lcwgs-1-3-L3-clmp.fp2_repr.R2										0.6315884857465783	0.15916947652040697	0.23991013149527485	0.02696392322668464	0.0	0.0	0.0																																																																																																																																																																																																																																																																																																																																																																																																																																																																																																																																																																																																																																																																																																																																																																																																															
Sor-ACeb_011-Ex1-6F-lcwgs-1-3-L2-clmp.fp2_repr.R1										0.04864672596484005	0.0	0.0	0.0	0.0	0.0	0.0																																																																																																																																																																																																																																																																																																																																																																																																																																																																																																																																																																																																																																																																																																																																																																																																															
Sor-ACeb_011-Ex1-6F-lcwgs-1-3-L2-clmp.fp2_repr.R2										0.08562974710022522	0.0	0.0	0.0	0.0	0.0	0.0																																																																																																																																																																																																																																																																																																																																																																																																																																																																																																																																																																																																																																																																																																																																																																																																															
Sor-ACeb_011-Ex1-6F-lcwgs-1-3-L3-clmp.fp2_repr.R1										0.027356962464478857	0.0	0.0	0.0	0.0	0.0	0.0																																																																																																																																																																																																																																																																																																																																																																																																																																																																																																																																																																																																																																																																																																																																																																																																															
Sor-ACeb_011-Ex1-6F-lcwgs-1-3-L3-clmp.fp2_repr.R2										0.03230636282135315	0.0	0.0	0.0	0.0	0.0	0.0																																																																																																																																																																																																																																																																																																																																																																																																																																																																																																																																																																																																																																																																																																																																																																																																															
Sor-ACeb_012-Ex1-7F-lcwgs-1-3-L2-clmp.fp2_repr.R1										1.089688553815762	0.2814175148944552	0.3840008055402499	0.013608058944095615	0.0	0.0	0.0																																																																																																																																																																																																																																																																																																																																																																																																																																																																																																																																																																																																																																																																																																																																																																																																															
Sor-ACeb_012-Ex1-7F-lcwgs-1-3-L2-clmp.fp2_repr.R2										1.098662286417164	0.2516887305444636	0.30951400396439155	0.006744442016293443	0.0	0.0	0.0																																																																																																																																																																																																																																																																																																																																																																																																																																																																																																																																																																																																																																																																																																																																																																																																															
Sor-ACeb_012-Ex1-7F-lcwgs-1-3-L3-clmp.fp2_repr.R1										1.120651685521351	0.27323537976238993	0.4107339795895445	0.009871954691659756	0.0	0.0	0.0																																																																																																																																																																																																																																																																																																																																																																																																																																																																																																																																																																																																																																																																																																																																																																																																															
Sor-ACeb_012-Ex1-7F-lcwgs-1-3-L3-clmp.fp2_repr.R2										1.0516267731731712	0.2385415459842864	0.30038649562210534	0.004800764342684132	0.0	0.0	0.0																																																																																																																																																																																																																																																																																																																																																																																																																																																																																																																																																																																																																																																																																																																																																																																																															
Sor-ACeb_013-Ex1-8F-lcwgs-1-3-L2-clmp.fp2_repr.R1										1.0188880053099159	0.21546583563400162	0.5263329655609114	0.03191691638583911	0.0	0.0	0.0																																																																																																																																																																																																																																																																																																																																																																																																																																																																																																																																																																																																																																																																																																																																																																																																															
Sor-ACeb_013-Ex1-8F-lcwgs-1-3-L2-clmp.fp2_repr.R2										1.0068552947957483	0.2277281697663393	0.41034507377661666	0.005632177541520058	0.0	0.0	0.0																																																																																																																																																																																																																																																																																																																																																																																																																																																																																																																																																																																																																																																																																																																																																																																																															
Sor-ACeb_013-Ex1-8F-lcwgs-1-3-L3-clmp.fp2_repr.R1										1.037284450971192	0.2416809538818421	0.5622541676931951	0.04084974227926138	0.0	0.0	0.0																																																																																																																																																																																																																																																																																																																																																																																																																																																																																																																																																																																																																																																																																																																																																																																																															
Sor-ACeb_013-Ex1-8F-lcwgs-1-3-L3-clmp.fp2_repr.R2										0.9968813998363107	0.2466750604288474	0.4542331825129412	0.006153343356284081	0.0	0.0	0.0																																																																																																																																																																																																																																																																																																																																																																																																																																																																																																																																																																																																																																																																																																																																																																																																															
Sor-ACeb_014-Ex1-9F-lcwgs-1-3-L2-clmp.fp2_repr.R1										0.8152412992639684	0.2094250708537597	0.31580873833284856	0.03231340416269654	0.0053716154765028135	0.0	0.0																																																																																																																																																																																																																																																																																																																																																																																																																																																																																																																																																																																																																																																																																																																																																																																																															
Sor-ACeb_014-Ex1-9F-lcwgs-1-3-L2-clmp.fp2_repr.R2										1.0226240878061978	0.24785844213958114	0.3470929554512383	0.025572910018634914	0.0	0.0	0.0																																																																																																																																																																																																																																																																																																																																																																																																																																																																																																																																																																																																																																																																																																																																																																																																															
Sor-ACeb_014-Ex1-9F-lcwgs-1-3-L3-clmp.fp2_repr.R1										1.0004723992877047	0.2272249027256151	0.395051370451869	0.05550269067067939	0.005791033919660562	0.0	0.0																																																																																																																																																																																																																																																																																																																																																																																																																																																																																																																																																																																																																																																																																																																																																																																																															
Sor-ACeb_014-Ex1-9F-lcwgs-1-3-L3-clmp.fp2_repr.R2										0.955822097519287	0.2557082957256385	0.36217413511229013	0.02140255637075838	0.0	0.0	0.0																																																																																																																																																																																																																																																																																																																																																																																																																																																																																																																																																																																																																																																																																																																																																																																																															
Sor-ACeb_015-Ex1-10F-lcwgs-1-3-L2-clmp.fp2_repr.R1										0.5922820868286133	0.15603290866795008	0.036644969311628556	0.0	0.0	0.0	0.0																																																																																																																																																																																																																																																																																																																																																																																																																																																																																																																																																																																																																																																																																																																																																																																																															
Sor-ACeb_015-Ex1-10F-lcwgs-1-3-L2-clmp.fp2_repr.R2										0.5690902350240459	0.10980557077797459	0.014576681335185332	0.0	0.0	0.0	0.0																																																																																																																																																																																																																																																																																																																																																																																																																																																																																																																																																																																																																																																																																																																																																																																																															
Sor-ACeb_015-Ex1-10F-lcwgs-1-3-L3-clmp.fp2_repr.R1										0.6975862729546896	0.14204746368867321	0.024741489246405318	0.0	0.0	0.0	0.0																																																																																																																																																																																																																																																																																																																																																																																																																																																																																																																																																																																																																																																																																																																																																																																																															
Sor-ACeb_015-Ex1-10F-lcwgs-1-3-L3-clmp.fp2_repr.R2										0.6081673167243528	0.09753260225781905	0.00997321465395356	0.0	0.0	0.0	0.0																																																																																																																																																																																																																																																																																																																																																																																																																																																																																																																																																																																																																																																																																																																																																																																																															
Sor-ACeb_016-Ex1-11F-lcwgs-1-3-L2-clmp.fp2_repr.R1										0.5352029982484093	0.14019737205605698	0.07069367314334736	0.0	0.0	0.0	0.0																																																																																																																																																																																																																																																																																																																																																																																																																																																																																																																																																																																																																																																																																																																																																																																																															
Sor-ACeb_016-Ex1-11F-lcwgs-1-3-L2-clmp.fp2_repr.R2										0.5086846738091761	0.11548908197407091	0.032370027182041225	0.0	0.0	0.0	0.0																																																																																																																																																																																																																																																																																																																																																																																																																																																																																																																																																																																																																																																																																																																																																																																																															
Sor-ACeb_016-Ex1-11F-lcwgs-1-3-L3-clmp.fp2_repr.R1										0.615345627326493	0.10714260676581229	0.06727784514393838	0.0	0.0	0.0	0.0																																																																																																																																																																																																																																																																																																																																																																																																																																																																																																																																																																																																																																																																																																																																																																																																															
Sor-ACeb_016-Ex1-11F-lcwgs-1-3-L3-clmp.fp2_repr.R2										0.5112240858437116	0.11536971844635172	0.01652003143516384	0.0	0.0	0.0	0.0																																																																																																																																																																																																																																																																																																																																																																																																																																																																																																																																																																																																																																																																																																																																																																																																															
Sor-ACeb_017-Ex1-12F-lcwgs-1-3-L2-clmp.fp2_repr.R1										0.5581429606634168	0.13572738346711732	0.05109282943655948	0.0	0.0	0.0	0.0																																																																																																																																																																																																																																																																																																																																																																																																																																																																																																																																																																																																																																																																																																																																																																																																															
Sor-ACeb_017-Ex1-12F-lcwgs-1-3-L2-clmp.fp2_repr.R2										0.5240352759494453	0.11677224944658747	0.016401837242573228	0.0	0.0	0.0	0.0																																																																																																																																																																																																																																																																																																																																																																																																																																																																																																																																																																																																																																																																																																																																																																																																															
Sor-ACeb_017-Ex1-12F-lcwgs-1-3-L3-clmp.fp2_repr.R1										0.49441524355535404	0.12194800084267027	0.02881469810954173	0.0	0.0	0.0	0.0																																																																																																																																																																																																																																																																																																																																																																																																																																																																																																																																																																																																																																																																																																																																																																																																															
Sor-ACeb_017-Ex1-12F-lcwgs-1-3-L3-clmp.fp2_repr.R2										0.4359253356789181	0.09747640388586051	0.008779763394082245	0.0	0.0	0.0	0.0																																																																																																																																																																																																																																																																																																																																																																																																																																																																																																																																																																																																																																																																																																																																																																																																															
Sor-ACeb_018-Ex1-1G-lcwgs-1-3-L2-clmp.fp2_repr.R1										0.8437520507364895	0.22474085946971714	0.2995573587575655	0.010406906576787084	0.0	0.0	0.0																																																																																																																																																																																																																																																																																																																																																																																																																																																																																																																																																																																																																																																																																																																																																																																																															
Sor-ACeb_018-Ex1-1G-lcwgs-1-3-L2-clmp.fp2_repr.R2										0.7927150548654661	0.18502222713778707	0.24741671558498904	0.004022057854761052	0.0	0.0	0.0																																																																																																																																																																																																																																																																																																																																																																																																																																																																																																																																																																																																																																																																																																																																																																																																															
Sor-ACeb_018-Ex1-1G-lcwgs-1-3-L3-clmp.fp2_repr.R1										0.8368104478409749	0.20169965513301696	0.34883782461613067	0.006581524590039438	0.0	0.0	0.0																																																																																																																																																																																																																																																																																																																																																																																																																																																																																																																																																																																																																																																																																																																																																																																																															
Sor-ACeb_018-Ex1-1G-lcwgs-1-3-L3-clmp.fp2_repr.R2										0.7902544844295448	0.17782848494176792	0.2748416211166714	0.002133655447550998	0.0	0.0	0.0																																																																																																																																																																																																																																																																																																																																																																																																																																																																																																																																																																																																																																																																																																																																																																																																															
Sor-ACeb_019-Ex1-3G-lcwgs-1-3-L2-clmp.fp2_repr.R1										0.0	0.0	0.0	0.0	0.0	0.0	0.0																																																																																																																																																																																																																																																																																																																																																																																																																																																																																																																																																																																																																																																																																																																																																																																																															
Sor-ACeb_019-Ex1-3G-lcwgs-1-3-L2-clmp.fp2_repr.R2										0.0	0.0	0.0	0.0	0.0	0.0	0.0																																																																																																																																																																																																																																																																																																																																																																																																																																																																																																																																																																																																																																																																																																																																																																																																															
Sor-ACeb_019-Ex1-3G-lcwgs-1-3-L3-clmp.fp2_repr.R1										0.0	0.0	0.0	0.0	0.0	0.0	0.0																																																																																																																																																																																																																																																																																																																																																																																																																																																																																																																																																																																																																																																																																																																																																																																																															
Sor-ACeb_019-Ex1-3G-lcwgs-1-3-L3-clmp.fp2_repr.R2										0.0	0.0	0.0	0.0	0.0	0.0	0.0																																																																																																																																																																																																																																																																																																																																																																																																																																																																																																																																																																																																																																																																																																																																																																																																															
Sor-ACeb_020-Ex1-2G-lcwgs-1-3-L2-clmp.fp2_repr.R1										0.0	0.0	0.0	0.0	0.0	0.0	0.0																																																																																																																																																																																																																																																																																																																																																																																																																																																																																																																																																																																																																																																																																																																																																																																																															
Sor-ACeb_020-Ex1-2G-lcwgs-1-3-L2-clmp.fp2_repr.R2										0.0	0.0	0.0	0.0	0.0	0.0	0.0																																																																																																																																																																																																																																																																																																																																																																																																																																																																																																																																																																																																																																																																																																																																																																																																															
Sor-ACeb_020-Ex1-2G-lcwgs-1-3-L3-clmp.fp2_repr.R1										0.0	0.0	0.0	0.0	0.0	0.0	0.0																																																																																																																																																																																																																																																																																																																																																																																																																																																																																																																																																																																																																																																																																																																																																																																																															
Sor-ACeb_020-Ex1-2G-lcwgs-1-3-L3-clmp.fp2_repr.R2										0.0	0.0	0.0	0.0	0.0	0.0	0.0																																																																																																																																																																																																																																																																																																																																																																																																																																																																																																																																																																																																																																																																																																																																																																																																															
Sor-ACeb_021-Ex1-4G-lcwgs-1-3-L2-clmp.fp2_repr.R1										0.0	0.0	0.0	0.0	0.0	0.0	0.0																																																																																																																																																																																																																																																																																																																																																																																																																																																																																																																																																																																																																																																																																																																																																																																																															
Sor-ACeb_021-Ex1-4G-lcwgs-1-3-L2-clmp.fp2_repr.R2										0.0	0.0	0.0	0.0	0.0	0.0	0.0																																																																																																																																																																																																																																																																																																																																																																																																																																																																																																																																																																																																																																																																																																																																																																																																															
Sor-ACeb_021-Ex1-4G-lcwgs-1-3-L3-clmp.fp2_repr.R1										0.0	0.0	0.0	0.0	0.0	0.0	0.0																																																																																																																																																																																																																																																																																																																																																																																																																																																																																																																																																																																																																																																																																																																																																																																																															
Sor-ACeb_021-Ex1-4G-lcwgs-1-3-L3-clmp.fp2_repr.R2										0.0	0.0	0.0	0.0	0.0	0.0	0.0																																																																																																																																																																																																																																																																																																																																																																																																																																																																																																																																																																																																																																																																																																																																																																																																															
Sor-ACeb_022-Ex1-5G-lcwgs-1-3-L2-clmp.fp2_repr.R1										0.015893804894719882	0.0	0.0	0.0	0.0	0.0	0.0																																																																																																																																																																																																																																																																																																																																																																																																																																																																																																																																																																																																																																																																																																																																																																																																															
Sor-ACeb_022-Ex1-5G-lcwgs-1-3-L2-clmp.fp2_repr.R2										0.009048917089234432	0.0	0.0	0.0	0.0	0.0	0.0																																																																																																																																																																																																																																																																																																																																																																																																																																																																																																																																																																																																																																																																																																																																																																																																															
Sor-ACeb_022-Ex1-5G-lcwgs-1-3-L3-clmp.fp2_repr.R1										0.006886698668847553	0.0	0.0	0.0	0.0	0.0	0.0																																																																																																																																																																																																																																																																																																																																																																																																																																																																																																																																																																																																																																																																																																																																																																																																															
Sor-ACeb_022-Ex1-5G-lcwgs-1-3-L3-clmp.fp2_repr.R2										0.001156942686468747	0.0	0.0	0.0	0.0	0.0	0.0																																																																																																																																																																																																																																																																																																																																																																																																																																																																																																																																																																																																																																																																																																																																																																																																															
