	16.0	17.0	18.0	19.0	20.0	21.0	22.0	23.0	24.0	25.0	26.0	27.0	28.0	29.0	30.0	31.0	32.0	33.0	34.0	35.0	36.0	37.0	38.0	39.0	40.0
Sor-CPnd_001-Ex1-3E-lcwgs-1-3.1	3.0	29.0	413.0	1672.0	3456.0	4924.0	6628.0	7758.0	9320.0	10619.0	12487.0	14152.0	17308.0	21144.0	29002.0	43231.0	120824.0	349652.0	448546.0	427524.0	345258.0	351240.0	481317.0	2437174.0	1158834.0
	14.0	15.0	16.0	17.0	18.0	19.0	20.0	21.0	22.0	23.0	24.0	25.0	26.0	27.0	28.0	29.0	30.0	31.0	32.0	33.0	34.0	35.0	36.0	37.0	38.0	39.0	40.0
Sor-CPnd_001-Ex1-3E-lcwgs-1-3.2	3.0	90.0	1373.0	5126.0	8544.0	8778.0	8936.0	8906.0	10061.0	11252.0	13248.0	15284.0	18611.0	22237.0	30095.0	40016.0	55285.0	72564.0	100619.0	131373.0	181008.0	249978.0	440595.0	728304.0	1188500.0	2534787.0	416942.0
	17.0	18.0	19.0	20.0	21.0	22.0	23.0	24.0	25.0	26.0	27.0	28.0	29.0	30.0	31.0	32.0	33.0	34.0	35.0	36.0	37.0	38.0	39.0	40.0
Sor-CPnd_002-Ex1-5E-lcwgs-1-3.1	24.0	317.0	1371.0	3098.0	4602.0	6351.0	7479.0	9089.0	10471.0	12496.0	14982.0	19199.0	24919.0	37615.0	70036.0	294962.0	726459.0	574749.0	404043.0	327220.0	335170.0	399571.0	1816440.0	1005081.0
	14.0	15.0	16.0	17.0	18.0	19.0	20.0	21.0	22.0	23.0	24.0	25.0	26.0	27.0	28.0	29.0	30.0	31.0	32.0	33.0	34.0	35.0	36.0	37.0	38.0	39.0	40.0
Sor-CPnd_002-Ex1-5E-lcwgs-1-3.2	3.0	66.0	1139.0	4371.0	7253.0	7448.0	7822.0	7836.0	9030.0	10289.0	12659.0	14949.0	18596.0	24142.0	35812.0	50218.0	71562.0	93772.0	127619.0	162787.0	221701.0	301975.0	537304.0	838973.0	1136669.0	2031137.0	370612.0
	16.0	17.0	18.0	19.0	20.0	21.0	22.0	23.0	24.0	25.0	26.0	27.0	28.0	29.0	30.0	31.0	32.0	33.0	34.0	35.0	36.0	37.0	38.0	39.0	40.0
Sor-CPnd_003-Ex1-2B-lcwgs-1-3.1	2.0	27.0	471.0	2029.0	4164.0	5778.0	7625.0	9043.0	10942.0	12475.0	14942.0	17000.0	21447.0	26497.0	36733.0	57343.0	175023.0	452300.0	515155.0	469266.0	372745.0	381478.0	536309.0	3022016.0	1438330.0
	14.0	15.0	16.0	17.0	18.0	19.0	20.0	21.0	22.0	23.0	24.0	25.0	26.0	27.0	28.0	29.0	30.0	31.0	32.0	33.0	34.0	35.0	36.0	37.0	38.0	39.0	40.0
Sor-CPnd_003-Ex1-2B-lcwgs-1-3.2	10.0	89.0	1108.0	4280.0	7502.0	8706.0	9315.0	9445.0	10519.0	11986.0	14312.0	16456.0	20442.0	25332.0	34953.0	47595.0	66790.0	88576.0	120577.0	158784.0	222113.0	312202.0	541605.0	848748.0	1234951.0	3184983.0	587761.0
	16.0	17.0	18.0	19.0	20.0	21.0	22.0	23.0	24.0	25.0	26.0	27.0	28.0	29.0	30.0	31.0	32.0	33.0	34.0	35.0	36.0	37.0	38.0	39.0	40.0
Sor-CPnd_004-Ex1-1G-lcwgs-1-3.1	1.0	30.0	521.0	2321.0	5634.0	8255.0	11432.0	14027.0	16909.0	19051.0	22415.0	25637.0	31749.0	38107.0	52304.0	75859.0	185175.0	569517.0	847119.0	838480.0	681244.0	649147.0	856223.0	4067114.0	2070681.0
	13.0	14.0	15.0	16.0	17.0	18.0	19.0	20.0	21.0	22.0	23.0	24.0	25.0	26.0	27.0	28.0	29.0	30.0	31.0	32.0	33.0	34.0	35.0	36.0	37.0	38.0	39.0	40.0
Sor-CPnd_004-Ex1-1G-lcwgs-1-3.2	1.0	1.0	79.0	1065.0	4128.0	8161.0	10674.0	12514.0	13601.0	16299.0	18689.0	22606.0	26666.0	32523.0	39492.0	53524.0	71057.0	98831.0	130322.0	180111.0	237500.0	336001.0	467555.0	805418.0	1328817.0	2045049.0	4421536.0	706732.0
	16.0	17.0	18.0	19.0	20.0	21.0	22.0	23.0	24.0	25.0	26.0	27.0	28.0	29.0	30.0	31.0	32.0	33.0	34.0	35.0	36.0	37.0	38.0	39.0	40.0
Sor-CPnd_005-Ex1-3D-lcwgs-1-3.1	2.0	36.0	499.0	2005.0	3216.0	3450.0	4467.0	5217.0	6234.0	6848.0	7981.0	9132.0	10838.0	12684.0	16606.0	22780.0	50104.0	128447.0	173797.0	183276.0	172274.0	197853.0	318168.0	2033981.0	1037935.0
	14.0	15.0	16.0	17.0	18.0	19.0	20.0	21.0	22.0	23.0	24.0	25.0	26.0	27.0	28.0	29.0	30.0	31.0	32.0	33.0	34.0	35.0	36.0	37.0	38.0	39.0	40.0
Sor-CPnd_005-Ex1-3D-lcwgs-1-3.2	2.0	133.0	1079.0	3489.0	5386.0	5630.0	5901.0	5890.0	6593.0	7267.0	8467.0	9492.0	11232.0	13265.0	16936.0	21373.0	28586.0	36546.0	48895.0	62971.0	86569.0	120855.0	206794.0	355468.0	691497.0	2242978.0	404536.0
	17.0	18.0	19.0	20.0	21.0	22.0	23.0	24.0	25.0	26.0	27.0	28.0	29.0	30.0	31.0	32.0	33.0	34.0	35.0	36.0	37.0	38.0	39.0	40.0
Sor-CPnd_006-Ex1-2D-lcwgs-1-3.1	33.0	638.0	3018.0	6374.0	9342.0	12329.0	14931.0	18062.0	20670.0	24265.0	28029.0	34608.0	42878.0	59439.0	91975.0	275650.0	751482.0	886643.0	800501.0	619499.0	614617.0	831421.0	4428592.0	2089230.0
	14.0	15.0	16.0	17.0	18.0	19.0	20.0	21.0	22.0	23.0	24.0	25.0	26.0	27.0	28.0	29.0	30.0	31.0	32.0	33.0	34.0	35.0	36.0	37.0	38.0	39.0	40.0
Sor-CPnd_006-Ex1-2D-lcwgs-1-3.2	10.0	124.0	1981.0	7821.0	13217.0	14795.0	15286.0	15755.0	18123.0	20019.0	24107.0	27950.0	34815.0	43542.0	61596.0	84367.0	118538.0	155083.0	206784.0	262489.0	356183.0	483723.0	836353.0	1347922.0	2048700.0	4610178.0	854765.0
	17.0	18.0	19.0	20.0	21.0	22.0	23.0	24.0	25.0	26.0	27.0	28.0	29.0	30.0	31.0	32.0	33.0	34.0	35.0	36.0	37.0	38.0	39.0	40.0
Sor-CPnd_007-Ex1-1C-lcwgs-1-3.1	12.0	166.0	568.0	1421.0	2198.0	2947.0	3702.0	4412.0	5023.0	6066.0	6836.0	8791.0	10795.0	14986.0	22966.0	61546.0	178502.0	222929.0	191552.0	153639.0	152386.0	228188.0	1396005.0	649131.0
	14.0	15.0	16.0	17.0	18.0	19.0	20.0	21.0	22.0	23.0	24.0	25.0	26.0	27.0	28.0	29.0	30.0	31.0	32.0	33.0	34.0	35.0	36.0	37.0	38.0	39.0	40.0
Sor-CPnd_007-Ex1-1C-lcwgs-1-3.2	1.0	26.0	397.0	1603.0	2853.0	3487.0	3976.0	4177.0	4608.0	5188.0	6278.0	7286.0	9373.0	12463.0	19747.0	31684.0	57831.0	104183.0	167293.0	184398.0	165557.0	142607.0	154720.0	181470.0	338768.0	1467528.0	247265.0
	16.0	17.0	18.0	19.0	20.0	21.0	22.0	23.0	24.0	25.0	26.0	27.0	28.0	29.0	30.0	31.0	32.0	33.0	34.0	35.0	36.0	37.0	38.0	39.0	40.0
Sor-CPnd_008-Ex1-1A-lcwgs-1-3.1	2.0	32.0	411.0	2038.0	5046.0	7991.0	11567.0	14001.0	17087.0	19121.0	22264.0	24603.0	29692.0	33332.0	40726.0	50061.0	81051.0	149106.0	184565.0	213323.0	276092.0	410345.0	981576.0	8994332.0	4126814.0
	13.0	14.0	15.0	16.0	17.0	18.0	19.0	20.0	21.0	22.0	23.0	24.0	25.0	26.0	27.0	28.0	29.0	30.0	31.0	32.0	33.0	34.0	35.0	36.0	37.0	38.0	39.0	40.0
Sor-CPnd_008-Ex1-1A-lcwgs-1-3.2	1.0	6.0	93.0	1470.0	6374.0	12453.0	16503.0	19489.0	19460.0	21389.0	22731.0	26523.0	28799.0	33183.0	36580.0	42837.0	48196.0	58632.0	69232.0	87745.0	110504.0	152417.0	215600.0	357167.0	636386.0	1726746.0	10174230.0	1770432.0
	17.0	18.0	19.0	20.0	21.0	22.0	23.0	24.0	25.0	26.0	27.0	28.0	29.0	30.0	31.0	32.0	33.0	34.0	35.0	36.0	37.0	38.0	39.0	40.0
Sor-CPnd_009-Ex1-6A-lcwgs-1-3.1	41.0	509.0	2264.0	5355.0	7854.0	10646.0	12618.0	15220.0	16833.0	20141.0	23022.0	28519.0	34811.0	48816.0	82868.0	325395.0	615406.0	485677.0	426824.0	403404.0	469356.0	718770.0	4951088.0	3207397.0
	14.0	15.0	16.0	17.0	18.0	19.0	20.0	21.0	22.0	23.0	24.0	25.0	26.0	27.0	28.0	29.0	30.0	31.0	32.0	33.0	34.0	35.0	36.0	37.0	38.0	39.0	40.0
Sor-CPnd_009-Ex1-6A-lcwgs-1-3.2	4.0	115.0	1902.0	7677.0	12598.0	13560.0	14192.0	13556.0	14955.0	16471.0	18986.0	21459.0	25483.0	30969.0	40790.0	53799.0	74582.0	96236.0	130605.0	168075.0	234679.0	324086.0	565187.0	938054.0	1696538.0	6031717.0	1366559.0
	17.0	18.0	19.0	20.0	21.0	22.0	23.0	24.0	25.0	26.0	27.0	28.0	29.0	30.0	31.0	32.0	33.0	34.0	35.0	36.0	37.0	38.0	39.0	40.0
Sor-CPnd_010-Ex1-1H-lcwgs-1-3.1	3.0	38.0	233.0	497.0	824.0	1083.0	1339.0	1736.0	1825.0	2198.0	2568.0	3237.0	3852.0	5207.0	7455.0	18303.0	52759.0	73193.0	72388.0	61923.0	62724.0	95243.0	601655.0	312584.0
	15.0	16.0	17.0	18.0	19.0	20.0	21.0	22.0	23.0	24.0	25.0	26.0	27.0	28.0	29.0	30.0	31.0	32.0	33.0	34.0	35.0	36.0	37.0	38.0	39.0	40.0
Sor-CPnd_010-Ex1-1H-lcwgs-1-3.2	17.0	223.0	906.0	1367.0	1510.0	1499.0	1636.0	1770.0	2005.0	2444.0	2699.0	3465.0	4154.0	5659.0	7448.0	9978.0	13171.0	17941.0	23306.0	32002.0	45318.0	79773.0	130614.0	225714.0	656753.0	111495.0
	16.0	17.0	18.0	19.0	20.0	21.0	22.0	23.0	24.0	25.0	26.0	27.0	28.0	29.0	30.0	31.0	32.0	33.0	34.0	35.0	36.0	37.0	38.0	39.0	40.0
Sor-CPnd_012-Ex1-5B-lcwgs-1-3.1	1.0	26.0	300.0	1297.0	2850.0	4085.0	5333.0	6475.0	7972.0	8742.0	10788.0	12755.0	16555.0	21280.0	31610.0	59540.0	237151.0	529219.0	378051.0	269998.0	231496.0	251470.0	344696.0	1982903.0	1152782.0
	14.0	15.0	16.0	17.0	18.0	19.0	20.0	21.0	22.0	23.0	24.0	25.0	26.0	27.0	28.0	29.0	30.0	31.0	32.0	33.0	34.0	35.0	36.0	37.0	38.0	39.0	40.0
Sor-CPnd_012-Ex1-5B-lcwgs-1-3.2	3.0	64.0	940.0	3715.0	6085.0	6639.0	6892.0	6931.0	7918.0	8498.0	10234.0	11894.0	14689.0	19080.0	27212.0	37316.0	51427.0	66701.0	90708.0	117460.0	163824.0	227691.0	392130.0	615428.0	871714.0	2351316.0	450866.0
	17.0	18.0	19.0	20.0	21.0	22.0	23.0	24.0	25.0	26.0	27.0	28.0	29.0	30.0	31.0	32.0	33.0	34.0	35.0	36.0	37.0	38.0	39.0	40.0
Sor-CPnd_013-Ex1-7F-lcwgs-1-3.1	10.0	223.0	1011.0	2207.0	3272.0	4611.0	5605.0	7164.0	8021.0	9842.0	11509.0	15087.0	19234.0	27543.0	42401.0	108719.0	337498.0	504948.0	457967.0	338196.0	268261.0	322143.0	1635668.0	794296.0
	14.0	15.0	16.0	17.0	18.0	19.0	20.0	21.0	22.0	23.0	24.0	25.0	26.0	27.0	28.0	29.0	30.0	31.0	32.0	33.0	34.0	35.0	36.0	37.0	38.0	39.0	40.0
Sor-CPnd_013-Ex1-7F-lcwgs-1-3.2	1.0	87.0	1468.0	5098.0	7666.0	7376.0	6957.0	6863.0	7794.0	8969.0	11113.0	13662.0	20178.0	32454.0	58877.0	100147.0	178578.0	300312.0	417658.0	385112.0	304587.0	241853.0	241964.0	258088.0	419066.0	1599232.0	290276.0
	17.0	18.0	19.0	20.0	21.0	22.0	23.0	24.0	25.0	26.0	27.0	28.0	29.0	30.0	31.0	32.0	33.0	34.0	35.0	36.0	37.0	38.0	39.0	40.0
Sor-CPnd_014-Ex1-1F-lcwgs-1-3.1	26.0	396.0	1970.0	4445.0	6813.0	9587.0	11520.0	14178.0	15873.0	19005.0	21489.0	27284.0	33085.0	45533.0	66693.0	166811.0	520070.0	770143.0	749223.0	604423.0	575601.0	783240.0	4074177.0	2093928.0
	14.0	15.0	16.0	17.0	18.0	19.0	20.0	21.0	22.0	23.0	24.0	25.0	26.0	27.0	28.0	29.0	30.0	31.0	32.0	33.0	34.0	35.0	36.0	37.0	38.0	39.0	40.0
Sor-CPnd_014-Ex1-1F-lcwgs-1-3.2	3.0	77.0	1185.0	4735.0	8666.0	10757.0	12210.0	12880.0	15181.0	17308.0	21018.0	25577.0	34117.0	48552.0	82720.0	141340.0	258594.0	449361.0	663865.0	689653.0	627345.0	554924.0	579244.0	624810.0	1039543.0	3975563.0	716285.0
	17.0	18.0	19.0	20.0	21.0	22.0	23.0	24.0	25.0	26.0	27.0	28.0	29.0	30.0	31.0	32.0	33.0	34.0	35.0	36.0	37.0	38.0	39.0	40.0
Sor-CPnd_015-Ex1-5F-lcwgs-1-3.1	11.0	225.0	971.0	2179.0	3144.0	4301.0	5274.0	6545.0	7226.0	8871.0	10550.0	13973.0	18827.0	28334.0	53873.0	224619.0	534560.0	383917.0	256228.0	208785.0	217218.0	274119.0	1420366.0	877622.0
	14.0	15.0	16.0	17.0	18.0	19.0	20.0	21.0	22.0	23.0	24.0	25.0	26.0	27.0	28.0	29.0	30.0	31.0	32.0	33.0	34.0	35.0	36.0	37.0	38.0	39.0	40.0
Sor-CPnd_015-Ex1-5F-lcwgs-1-3.2	1.0	53.0	873.0	3416.0	5570.0	5950.0	5881.0	5867.0	6708.0	7711.0	9589.0	11858.0	16912.0	27763.0	52177.0	90050.0	162948.0	276056.0	368267.0	325516.0	257498.0	213251.0	214460.0	228226.0	378833.0	1566227.0	320077.0
	16.0	17.0	18.0	19.0	20.0	21.0	22.0	23.0	24.0	25.0	26.0	27.0	28.0	29.0	30.0	31.0	32.0	33.0	34.0	35.0	36.0	37.0	38.0	39.0	40.0
Sor-CPnd_016-Ex1-1B-lcwgs-1-3.1	1.0	50.0	652.0	2890.0	6944.0	10442.0	14546.0	17655.0	21606.0	24238.0	28190.0	31828.0	38135.0	44463.0	56425.0	74584.0	148115.0	341073.0	435652.0	447214.0	474263.0	608059.0	1253498.0	10646775.0	5282515.0
	14.0	15.0	16.0	17.0	18.0	19.0	20.0	21.0	22.0	23.0	24.0	25.0	26.0	27.0	28.0	29.0	30.0	31.0	32.0	33.0	34.0	35.0	36.0	37.0	38.0	39.0	40.0
Sor-CPnd_016-Ex1-1B-lcwgs-1-3.2	4.0	136.0	1871.0	7687.0	14607.0	18742.0	21490.0	21760.0	24070.0	26357.0	30434.0	33683.0	39343.0	45350.0	55594.0	66562.0	85638.0	106019.0	140586.0	181820.0	259043.0	365827.0	614609.0	1055655.0	2338979.0	12198176.0	2255771.0
	17.0	18.0	19.0	20.0	21.0	22.0	23.0	24.0	25.0	26.0	27.0	28.0	29.0	30.0	31.0	32.0	33.0	34.0	35.0	36.0	37.0	38.0	39.0	40.0
Sor-CPnd_017-Ex1-3G-lcwgs-1-3.1	5.0	109.0	455.0	769.0	899.0	947.0	1110.0	1308.0	1560.0	1754.0	2058.0	2500.0	3217.0	4663.0	7191.0	21374.0	58800.0	70524.0	62216.0	48019.0	47312.0	63420.0	310122.0	158131.0
	15.0	16.0	17.0	18.0	19.0	20.0	21.0	22.0	23.0	24.0	25.0	26.0	27.0	28.0	29.0	30.0	31.0	32.0	33.0	34.0	35.0	36.0	37.0	38.0	39.0	40.0
Sor-CPnd_017-Ex1-3G-lcwgs-1-3.2	20.0	301.0	1027.0	1528.0	1441.0	1329.0	1242.0	1306.0	1502.0	1829.0	2050.0	2462.0	3026.0	4118.0	5614.0	7751.0	10242.0	14126.0	18634.0	26361.0	36312.0	63164.0	103331.0	156671.0	346569.0	56507.0
	16.0	17.0	18.0	19.0	20.0	21.0	22.0	23.0	24.0	25.0	26.0	27.0	28.0	29.0	30.0	31.0	32.0	33.0	34.0	35.0	36.0	37.0	38.0	39.0	40.0
Sor-CPnd_018-Ex1-1E-lcwgs-1-3.1	1.0	13.0	164.0	770.0	1889.0	2933.0	4113.0	4772.0	5872.0	6791.0	8229.0	9748.0	12482.0	15698.0	22051.0	34384.0	97339.0	307102.0	402431.0	352002.0	267235.0	245799.0	326778.0	1652488.0	764201.0
	14.0	15.0	16.0	17.0	18.0	19.0	20.0	21.0	22.0	23.0	24.0	25.0	26.0	27.0	28.0	29.0	30.0	31.0	32.0	33.0	34.0	35.0	36.0	37.0	38.0	39.0	40.0
Sor-CPnd_018-Ex1-1E-lcwgs-1-3.2	4.0	33.0	576.0	2286.0	3823.0	4545.0	5216.0	5395.0	6327.0	7135.0	8552.0	10247.0	12855.0	16586.0	24217.0	32937.0	46897.0	61192.0	83274.0	107460.0	147635.0	204011.0	364107.0	579438.0	845430.0	1687500.0	277607.0
	17.0	18.0	19.0	20.0	21.0	22.0	23.0	24.0	25.0	26.0	27.0	28.0	29.0	30.0	31.0	32.0	33.0	34.0	35.0	36.0	37.0	38.0	39.0	40.0
Sor-CPnd_019-Ex1-6G-lcwgs-1-3.1	54.0	625.0	2859.0	6233.0	8835.0	11651.0	13984.0	16933.0	19143.0	22889.0	26805.0	34148.0	43468.0	64468.0	118623.0	549378.0	1103396.0	777600.0	588285.0	484650.0	504652.0	635932.0	3079651.0	2014712.0
	14.0	15.0	16.0	17.0	18.0	19.0	20.0	21.0	22.0	23.0	24.0	25.0	26.0	27.0	28.0	29.0	30.0	31.0	32.0	33.0	34.0	35.0	36.0	37.0	38.0	39.0	40.0
Sor-CPnd_019-Ex1-6G-lcwgs-1-3.2	6.0	144.0	2121.0	8272.0	13343.0	13971.0	13929.0	13793.0	15943.0	17648.0	21126.0	24320.0	30457.0	38528.0	54125.0	74180.0	103528.0	137608.0	187854.0	245400.0	342166.0	468446.0	800719.0	1250580.0	1687921.0	3790210.0	772636.0
	16.0	17.0	18.0	19.0	20.0	21.0	22.0	23.0	24.0	25.0	26.0	27.0	28.0	29.0	30.0	31.0	32.0	33.0	34.0	35.0	36.0	37.0	38.0	39.0	40.0
Sor-CPnd_020-Ex1-2E-lcwgs-1-3.1	1.0	51.0	614.0	2636.0	6124.0	8920.0	12357.0	14803.0	17450.0	20079.0	23655.0	26315.0	32389.0	38895.0	51522.0	74602.0	198818.0	506693.0	630291.0	630661.0	538591.0	580963.0	862755.0	5163795.0	2449485.0
	14.0	15.0	16.0	17.0	18.0	19.0	20.0	21.0	22.0	23.0	24.0	25.0	26.0	27.0	28.0	29.0	30.0	31.0	32.0	33.0	34.0	35.0	36.0	37.0	38.0	39.0	40.0
Sor-CPnd_020-Ex1-2E-lcwgs-1-3.2	5.0	134.0	1783.0	6558.0	11437.0	13570.0	14644.0	15253.0	17666.0	19813.0	23533.0	26443.0	32322.0	38160.0	51285.0	66854.0	91180.0	119871.0	164570.0	213376.0	297304.0	411405.0	715377.0	1158824.0	1980118.0	5348622.0	1052358.0
	16.0	17.0	18.0	19.0	20.0	21.0	22.0	23.0	24.0	25.0	26.0	27.0	28.0	29.0	30.0	31.0	32.0	33.0	34.0	35.0	36.0	37.0	38.0	39.0	40.0
Sor-CPnd_022-Ex1-7C-lcwgs-1-3.1	1.0	24.0	386.0	1802.0	4212.0	6349.0	9025.0	11044.0	13417.0	15159.0	18046.0	21223.0	26834.0	33545.0	46620.0	69971.0	170294.0	516409.0	765100.0	697790.0	534447.0	453211.0	612830.0	3625187.0	1635078.0
	15.0	16.0	17.0	18.0	19.0	20.0	21.0	22.0	23.0	24.0	25.0	26.0	27.0	28.0	29.0	30.0	31.0	32.0	33.0	34.0	35.0	36.0	37.0	38.0	39.0	40.0
Sor-CPnd_022-Ex1-7C-lcwgs-1-3.2	112.0	1516.0	5758.0	10081.0	11120.0	11720.0	11717.0	13558.0	15356.0	18712.0	22003.0	29561.0	41585.0	68279.0	115774.0	215218.0	388813.0	606892.0	614520.0	505130.0	402146.0	421953.0	478372.0	860266.0	3745608.0	672234.0
	16.0	17.0	18.0	19.0	20.0	21.0	22.0	23.0	24.0	25.0	26.0	27.0	28.0	29.0	30.0	31.0	32.0	33.0	34.0	35.0	36.0	37.0	38.0	39.0	40.0
Sor-CPnd_024-Ex1-5G-lcwgs-1-3.1	1.0	14.0	177.0	876.0	1761.0	2474.0	3237.0	3945.0	4809.0	5340.0	6401.0	7723.0	9897.0	13243.0	19623.0	35634.0	144019.0	358688.0	280559.0	195548.0	158853.0	162615.0	193973.0	875996.0	530933.0
	15.0	16.0	17.0	18.0	19.0	20.0	21.0	22.0	23.0	24.0	25.0	26.0	27.0	28.0	29.0	30.0	31.0	32.0	33.0	34.0	35.0	36.0	37.0	38.0	39.0	40.0
Sor-CPnd_024-Ex1-5G-lcwgs-1-3.2	33.0	570.0	2307.0	3852.0	3996.0	4059.0	4119.0	4497.0	5101.0	6059.0	7077.0	8902.0	11450.0	16278.0	22628.0	32000.0	42358.0	58474.0	76562.0	107036.0	146953.0	253178.0	401268.0	540276.0	1065792.0	191514.0
	16.0	17.0	18.0	19.0	20.0	21.0	22.0	23.0	24.0	25.0	26.0	27.0	28.0	29.0	30.0	31.0	32.0	33.0	34.0	35.0	36.0	37.0	38.0	39.0	40.0
Sor-CPnd_026-Ex1-3H-lcwgs-1-3.1	2.0	37.0	762.0	3061.0	6253.0	8664.0	11487.0	13751.0	16291.0	18297.0	21230.0	24380.0	29629.0	35603.0	47942.0	69625.0	184112.0	518512.0	659369.0	636495.0	531760.0	563188.0	818898.0	4746638.0	2499543.0
	14.0	15.0	16.0	17.0	18.0	19.0	20.0	21.0	22.0	23.0	24.0	25.0	26.0	27.0	28.0	29.0	30.0	31.0	32.0	33.0	34.0	35.0	36.0	37.0	38.0	39.0	40.0
Sor-CPnd_026-Ex1-3H-lcwgs-1-3.2	5.0	152.0	1770.0	6811.0	12180.0	14178.0	15190.0	15298.0	17179.0	19260.0	22846.0	26098.0	32108.0	38466.0	51991.0	66732.0	91804.0	118696.0	161178.0	206594.0	285577.0	401653.0	704820.0	1164960.0	1959995.0	5152858.0	877130.0
	16.0	17.0	18.0	19.0	20.0	21.0	22.0	23.0	24.0	25.0	26.0	27.0	28.0	29.0	30.0	31.0	32.0	33.0	34.0	35.0	36.0	37.0	38.0	39.0	40.0
Sor-CPnd_027-Ex1-3C-lcwgs-1-3.1	1.0	27.0	334.0	1408.0	2759.0	3804.0	5136.0	6080.0	7356.0	8104.0	9615.0	10813.0	13204.0	15543.0	19925.0	27825.0	64224.0	164159.0	208481.0	211847.0	195923.0	229597.0	383607.0	2618112.0	1283150.0
	14.0	15.0	16.0	17.0	18.0	19.0	20.0	21.0	22.0	23.0	24.0	25.0	26.0	27.0	28.0	29.0	30.0	31.0	32.0	33.0	34.0	35.0	36.0	37.0	38.0	39.0	40.0
Sor-CPnd_027-Ex1-3C-lcwgs-1-3.2	2.0	68.0	785.0	3121.0	5355.0	6390.0	7163.0	7165.0	7818.0	8741.0	10378.0	11404.0	14184.0	16977.0	23291.0	33322.0	56188.0	97232.0	159930.0	193532.0	200100.0	192314.0	227566.0	288408.0	580790.0	2824631.0	514179.0
	16.0	17.0	18.0	19.0	20.0	21.0	22.0	23.0	24.0	25.0	26.0	27.0	28.0	29.0	30.0	31.0	32.0	33.0	34.0	35.0	36.0	37.0	38.0	39.0	40.0
Sor-CPnd_028-Ex1-3A-lcwgs-1-3.1	2.0	55.0	580.0	2386.0	5147.0	7153.0	9700.0	11108.0	13404.0	14908.0	17557.0	19814.0	23770.0	28415.0	37572.0	52907.0	130530.0	346157.0	430656.0	423705.0	376227.0	422718.0	690141.0	4711107.0	2341386.0
	14.0	15.0	16.0	17.0	18.0	19.0	20.0	21.0	22.0	23.0	24.0	25.0	26.0	27.0	28.0	29.0	30.0	31.0	32.0	33.0	34.0	35.0	36.0	37.0	38.0	39.0	40.0
Sor-CPnd_028-Ex1-3A-lcwgs-1-3.2	4.0	115.0	1488.0	5560.0	9883.0	12045.0	13394.0	13065.0	14376.0	16022.0	18517.0	20636.0	24660.0	28862.0	36920.0	46606.0	63156.0	80036.0	109759.0	141056.0	195658.0	271895.0	473322.0	804790.0	1535717.0	5242701.0	936862.0
	16.0	17.0	18.0	19.0	20.0	21.0	22.0	23.0	24.0	25.0	26.0	27.0	28.0	29.0	30.0	31.0	32.0	33.0	34.0	35.0	36.0	37.0	38.0	39.0	40.0
Sor-CPnd_029-Ex1-8E-lcwgs-1-3.1	1.0	43.0	668.0	2891.0	6524.0	9888.0	13516.0	16604.0	19887.0	22284.0	26496.0	30345.0	37227.0	45669.0	62893.0	91733.0	234752.0	697073.0	964895.0	862112.0	684122.0	645822.0	927795.0	5538017.0	2708193.0
	14.0	15.0	16.0	17.0	18.0	19.0	20.0	21.0	22.0	23.0	24.0	25.0	26.0	27.0	28.0	29.0	30.0	31.0	32.0	33.0	34.0	35.0	36.0	37.0	38.0	39.0	40.0
Sor-CPnd_029-Ex1-8E-lcwgs-1-3.2	2.0	143.0	2331.0	9870.0	16955.0	18276.0	19245.0	19039.0	21435.0	23927.0	28657.0	32839.0	40042.0	48779.0	66389.0	87827.0	119877.0	154825.0	207435.0	265409.0	362299.0	498793.0	879524.0	1419835.0	2240019.0	5954727.0	1110951.0
	16.0	17.0	18.0	19.0	20.0	21.0	22.0	23.0	24.0	25.0	26.0	27.0	28.0	29.0	30.0	31.0	32.0	33.0	34.0	35.0	36.0	37.0	38.0	39.0	40.0
Sor-CPnd_030-Ex1-2H-lcwgs-1-3.1	1.0	19.0	396.0	1666.0	3682.0	5287.0	7010.0	8362.0	10262.0	11509.0	13641.0	15568.0	19093.0	23875.0	33437.0	52152.0	155973.0	422961.0	506884.0	462867.0	357392.0	356282.0	467222.0	2306029.0	1102070.0
	14.0	15.0	16.0	17.0	18.0	19.0	20.0	21.0	22.0	23.0	24.0	25.0	26.0	27.0	28.0	29.0	30.0	31.0	32.0	33.0	34.0	35.0	36.0	37.0	38.0	39.0	40.0
Sor-CPnd_030-Ex1-2H-lcwgs-1-3.2	5.0	66.0	851.0	3387.0	6059.0	7337.0	8077.0	8555.0	9851.0	11200.0	13649.0	15804.0	19696.0	24708.0	35032.0	46785.0	65602.0	86620.0	118346.0	153597.0	211946.0	293628.0	516515.0	799075.0	1158825.0	2324532.0	403892.0
	17.0	18.0	19.0	20.0	21.0	22.0	23.0	24.0	25.0	26.0	27.0	28.0	29.0	30.0	31.0	32.0	33.0	34.0	35.0	36.0	37.0	38.0	39.0	40.0
Sor-CPnd_031-Ex1-5D-lcwgs-1-3.1	31.0	501.0	2435.0	5406.0	8065.0	11012.0	13155.0	15876.0	18182.0	21397.0	24809.0	31110.0	38410.0	53494.0	86453.0	284744.0	788859.0	757345.0	589228.0	515232.0	570899.0	790443.0	4636185.0	2732874.0
	14.0	15.0	16.0	17.0	18.0	19.0	20.0	21.0	22.0	23.0	24.0	25.0	26.0	27.0	28.0	29.0	30.0	31.0	32.0	33.0	34.0	35.0	36.0	37.0	38.0	39.0	40.0
Sor-CPnd_031-Ex1-5D-lcwgs-1-3.2	3.0	131.0	1703.0	6654.0	11152.0	12995.0	13939.0	14409.0	16448.0	18444.0	21600.0	24968.0	30479.0	38328.0	53985.0	72778.0	102124.0	131818.0	176438.0	220786.0	299227.0	410430.0	707515.0	1174725.0	1931993.0	5424752.0	1078321.0
	17.0	18.0	19.0	20.0	21.0	22.0	23.0	24.0	25.0	26.0	27.0	28.0	29.0	30.0	31.0	32.0	33.0	34.0	35.0	36.0	37.0	38.0	39.0	40.0
Sor-CPnd_033-Ex1-2F-lcwgs-1-3.1	17.0	249.0	1073.0	2338.0	3370.0	4500.0	5266.0	6393.0	7319.0	8563.0	9564.0	11868.0	14434.0	19469.0	28940.0	77932.0	200922.0	250934.0	253167.0	214537.0	229967.0	327616.0	1800348.0	903835.0
	15.0	16.0	17.0	18.0	19.0	20.0	21.0	22.0	23.0	24.0	25.0	26.0	27.0	28.0	29.0	30.0	31.0	32.0	33.0	34.0	35.0	36.0	37.0	38.0	39.0	40.0
Sor-CPnd_033-Ex1-2F-lcwgs-1-3.2	56.0	688.0	2498.0	4623.0	4971.0	5384.0	5619.0	6321.0	7259.0	8606.0	10189.0	13373.0	18234.0	29490.0	49118.0	88807.0	155182.0	230519.0	242589.0	231556.0	221974.0	241205.0	267714.0	447127.0	1736345.0	353174.0
	16.0	17.0	18.0	19.0	20.0	21.0	22.0	23.0	24.0	25.0	26.0	27.0	28.0	29.0	30.0	31.0	32.0	33.0	34.0	35.0	36.0	37.0	38.0	39.0	40.0
Sor-CPnd_034-Ex1-4G-lcwgs-1-3.1	2.0	11.0	167.0	753.0	1737.0	2513.0	3372.0	4030.0	4998.0	5522.0	6789.0	8022.0	10388.0	13549.0	19976.0	35337.0	156803.0	390832.0	324238.0	233303.0	168061.0	165447.0	209058.0	950200.0	533097.0
	14.0	15.0	16.0	17.0	18.0	19.0	20.0	21.0	22.0	23.0	24.0	25.0	26.0	27.0	28.0	29.0	30.0	31.0	32.0	33.0	34.0	35.0	36.0	37.0	38.0	39.0	40.0
Sor-CPnd_034-Ex1-4G-lcwgs-1-3.2	1.0	39.0	650.0	2568.0	4150.0	4444.0	4409.0	4443.0	5048.0	5724.0	6791.0	7928.0	10043.0	12708.0	18387.0	24849.0	34838.0	46039.0	64471.0	84785.0	119071.0	164374.0	281674.0	445078.0	581464.0	1130145.0	184084.0
	16.0	17.0	18.0	19.0	20.0	21.0	22.0	23.0	24.0	25.0	26.0	27.0	28.0	29.0	30.0	31.0	32.0	33.0	34.0	35.0	36.0	37.0	38.0	39.0	40.0
Sor-CPnd_036-Ex1-5C-lcwgs-1-3.1	2.0	59.0	645.0	2798.0	6172.0	9522.0	12922.0	15603.0	19002.0	21448.0	25471.0	29763.0	38006.0	48841.0	71521.0	132662.0	529140.0	1214176.0	952465.0	693910.0	588529.0	620488.0	794137.0	4083813.0	2261340.0
	14.0	15.0	16.0	17.0	18.0	19.0	20.0	21.0	22.0	23.0	24.0	25.0	26.0	27.0	28.0	29.0	30.0	31.0	32.0	33.0	34.0	35.0	36.0	37.0	38.0	39.0	40.0
Sor-CPnd_036-Ex1-5C-lcwgs-1-3.2	5.0	131.0	2209.0	8799.0	14505.0	15621.0	16206.0	16402.0	18921.0	21027.0	25214.0	29602.0	37995.0	52121.0	84597.0	142653.0	271817.0	504237.0	815120.0	866144.0	748290.0	614865.0	636144.0	691894.0	1155063.0	4521798.0	861055.0
	16.0	17.0	18.0	19.0	20.0	21.0	22.0	23.0	24.0	25.0	26.0	27.0	28.0	29.0	30.0	31.0	32.0	33.0	34.0	35.0	36.0	37.0	38.0	39.0	40.0
Sor-CPnd_037-Ex1-6C-lcwgs-1-3.1	4.0	58.0	495.0	1845.0	4012.0	6115.0	8555.0	10117.0	12519.0	13594.0	16699.0	19645.0	25756.0	33395.0	51516.0	111270.0	532343.0	794591.0	404206.0	299013.0	252813.0	274093.0	378618.0	2211409.0	1317002.0
	14.0	15.0	16.0	17.0	18.0	19.0	20.0	21.0	22.0	23.0	24.0	25.0	26.0	27.0	28.0	29.0	30.0	31.0	32.0	33.0	34.0	35.0	36.0	37.0	38.0	39.0	40.0
Sor-CPnd_037-Ex1-6C-lcwgs-1-3.2	2.0	151.0	1882.0	7272.0	11258.0	10997.0	10511.0	9647.0	10499.0	11636.0	13613.0	16060.0	20838.0	28921.0	47442.0	80508.0	152296.0	274994.0	418599.0	411843.0	344125.0	294334.0	316027.0	359786.0	634716.0	2731042.0	560684.0
	16.0	17.0	18.0	19.0	20.0	21.0	22.0	23.0	24.0	25.0	26.0	27.0	28.0	29.0	30.0	31.0	32.0	33.0	34.0	35.0	36.0	37.0	38.0	39.0	40.0
Sor-CPnd_038-Ex1-2A-lcwgs-1-3.1	1.0	45.0	653.0	2831.0	6452.0	9436.0	12645.0	14923.0	17946.0	20384.0	23623.0	26294.0	31795.0	37126.0	48372.0	66671.0	155955.0	361490.0	437558.0	457738.0	431219.0	514798.0	900338.0	6967598.0	3594839.0
	14.0	15.0	16.0	17.0	18.0	19.0	20.0	21.0	22.0	23.0	24.0	25.0	26.0	27.0	28.0	29.0	30.0	31.0	32.0	33.0	34.0	35.0	36.0	37.0	38.0	39.0	40.0
Sor-CPnd_038-Ex1-2A-lcwgs-1-3.2	6.0	149.0	1827.0	6838.0	12393.0	15017.0	16948.0	17313.0	18863.0	20388.0	23939.0	26407.0	31564.0	36079.0	46217.0	57333.0	76282.0	96816.0	130074.0	167011.0	232092.0	323819.0	557679.0	937251.0	1868897.0	7804223.0	1615305.0
	16.0	17.0	18.0	19.0	20.0	21.0	22.0	23.0	24.0	25.0	26.0	27.0	28.0	29.0	30.0	31.0	32.0	33.0	34.0	35.0	36.0	37.0	38.0	39.0	40.0
Sor-CPnd_041-Ex1-7A-lcwgs-1-3.1	2.0	57.0	652.0	3001.0	6784.0	10137.0	13702.0	16098.0	19320.0	21562.0	25567.0	29304.0	36532.0	43587.0	59128.0	83440.0	177254.0	503394.0	798521.0	848527.0	766293.0	746939.0	1135466.0	8077130.0	4220827.0
	14.0	15.0	16.0	17.0	18.0	19.0	20.0	21.0	22.0	23.0	24.0	25.0	26.0	27.0	28.0	29.0	30.0	31.0	32.0	33.0	34.0	35.0	36.0	37.0	38.0	39.0	40.0
Sor-CPnd_041-Ex1-7A-lcwgs-1-3.2	3.0	188.0	3506.0	15061.0	23257.0	22563.0	21853.0	19898.0	21147.0	22691.0	26142.0	29515.0	35571.0	42692.0	56280.0	72565.0	99881.0	130916.0	179938.0	237791.0	336681.0	476405.0	830272.0	1430866.0	2743233.0	9115053.0	1649256.0
	16.0	17.0	18.0	19.0	20.0	21.0	22.0	23.0	24.0	25.0	26.0	27.0	28.0	29.0	30.0	31.0	32.0	33.0	34.0	35.0	36.0	37.0	38.0	39.0	40.0
Sor-CPnd_043-Ex1-1D-lcwgs-1-3.1	1.0	28.0	412.0	1708.0	4093.0	6385.0	8627.0	10656.0	13187.0	14709.0	17451.0	19707.0	24664.0	29813.0	39972.0	57850.0	137437.0	410008.0	581572.0	558171.0	468083.0	468318.0	700221.0	4241157.0	2084808.0
	14.0	15.0	16.0	17.0	18.0	19.0	20.0	21.0	22.0	23.0	24.0	25.0	26.0	27.0	28.0	29.0	30.0	31.0	32.0	33.0	34.0	35.0	36.0	37.0	38.0	39.0	40.0
Sor-CPnd_043-Ex1-1D-lcwgs-1-3.2	6.0	70.0	1184.0	4758.0	8729.0	10284.0	11559.0	12148.0	13873.0	15727.0	18412.0	21367.0	26188.0	32137.0	43824.0	58122.0	81182.0	103838.0	138367.0	175998.0	239863.0	329833.0	567789.0	951922.0	1629059.0	4604945.0	797854.0
	17.0	18.0	19.0	20.0	21.0	22.0	23.0	24.0	25.0	26.0	27.0	28.0	29.0	30.0	31.0	32.0	33.0	34.0	35.0	36.0	37.0	38.0	39.0	40.0
Sor-CPnd_044-Ex1-8G-lcwgs-1-3.1	83.0	918.0	3963.0	8088.0	11249.0	14830.0	17539.0	21215.0	24674.0	28987.0	33503.0	42636.0	53519.0	76049.0	117398.0	328568.0	1011118.0	1325915.0	1065992.0	779784.0	681534.0	879874.0	4478301.0	2359174.0
	14.0	15.0	16.0	17.0	18.0	19.0	20.0	21.0	22.0	23.0	24.0	25.0	26.0	27.0	28.0	29.0	30.0	31.0	32.0	33.0	34.0	35.0	36.0	37.0	38.0	39.0	40.0
Sor-CPnd_044-Ex1-8G-lcwgs-1-3.2	3.0	227.0	3375.0	13584.0	21457.0	21700.0	20915.0	20125.0	22550.0	24809.0	29460.0	34161.0	42335.0	53620.0	74672.0	98656.0	136095.0	177542.0	243231.0	319722.0	444290.0	603644.0	1041508.0	1674963.0	2317679.0	5050850.0	873738.0
	16.0	17.0	18.0	19.0	20.0	21.0	22.0	23.0	24.0	25.0	26.0	27.0	28.0	29.0	30.0	31.0	32.0	33.0	34.0	35.0	36.0	37.0	38.0	39.0	40.0
Sor-CPnd_045-Ex1-7B-lcwgs-1-3.1	2.0	45.0	467.0	2227.0	5149.0	7755.0	10489.0	12758.0	15279.0	17474.0	20749.0	23514.0	29569.0	35363.0	47723.0	67153.0	149021.0	421584.0	626809.0	607955.0	515243.0	492768.0	784381.0	5540171.0	2674120.0
	14.0	15.0	16.0	17.0	18.0	19.0	20.0	21.0	22.0	23.0	24.0	25.0	26.0	27.0	28.0	29.0	30.0	31.0	32.0	33.0	34.0	35.0	36.0	37.0	38.0	39.0	40.0
Sor-CPnd_045-Ex1-7B-lcwgs-1-3.2	8.0	125.0	1782.0	7030.0	11978.0	13768.0	14520.0	14467.0	16352.0	17903.0	21114.0	24220.0	29402.0	36005.0	48964.0	62874.0	85224.0	109203.0	146569.0	190916.0	267138.0	374372.0	647338.0	1029577.0	1671456.0	6130269.0	1135194.0
	16.0	17.0	18.0	19.0	20.0	21.0	22.0	23.0	24.0	25.0	26.0	27.0	28.0	29.0	30.0	31.0	32.0	33.0	34.0	35.0	36.0	37.0	38.0	39.0	40.0
Sor-CPnd_046-Ex1-5A-lcwgs-1-3.1	3.0	23.0	219.0	971.0	2005.0	3072.0	3978.0	4886.0	5859.0	6581.0	8016.0	9568.0	12105.0	15759.0	24115.0	47595.0	193129.0	389293.0	277164.0	205120.0	176620.0	189532.0	252941.0	1427862.0	841247.0
	15.0	16.0	17.0	18.0	19.0	20.0	21.0	22.0	23.0	24.0	25.0	26.0	27.0	28.0	29.0	30.0	31.0	32.0	33.0	34.0	35.0	36.0	37.0	38.0	39.0	40.0
Sor-CPnd_046-Ex1-5A-lcwgs-1-3.2	53.0	749.0	3088.0	4925.0	5140.0	5019.0	4852.0	5454.0	5950.0	7189.0	8091.0	10167.0	12602.0	17955.0	24735.0	35234.0	46738.0	62609.0	82215.0	116198.0	161439.0	278939.0	445756.0	690772.0	1728009.0	333785.0
	17.0	18.0	19.0	20.0	21.0	22.0	23.0	24.0	25.0	26.0	27.0	28.0	29.0	30.0	31.0	32.0	33.0	34.0	35.0	36.0	37.0	38.0	39.0	40.0
Sor-CPnd_049-Ex1-3B-lcwgs-1-3.1	28.0	269.0	1082.0	1889.0	2238.0	2836.0	3513.0	4123.0	4584.0	5408.0	6348.0	7987.0	9947.0	14291.0	22264.0	67964.0	193563.0	224342.0	194745.0	150123.0	150474.0	206390.0	1081890.0	530724.0
	14.0	15.0	16.0	17.0	18.0	19.0	20.0	21.0	22.0	23.0	24.0	25.0	26.0	27.0	28.0	29.0	30.0	31.0	32.0	33.0	34.0	35.0	36.0	37.0	38.0	39.0	40.0
Sor-CPnd_049-Ex1-3B-lcwgs-1-3.2	1.0	45.0	509.0	1916.0	3223.0	3550.0	3725.0	3840.0	4089.0	4712.0	5657.0	6525.0	8047.0	10201.0	13951.0	18806.0	26328.0	34787.0	47669.0	61742.0	86263.0	122120.0	215551.0	346261.0	502200.0	1162577.0	192727.0
	17.0	18.0	19.0	20.0	21.0	22.0	23.0	24.0	25.0	26.0	27.0	28.0	29.0	30.0	31.0	32.0	33.0	34.0	35.0	36.0	37.0	38.0	39.0	40.0
Sor-CPnd_050-Ex1-3F-lcwgs-1-3.1	78.0	1068.0	4520.0	7330.0	8081.0	10051.0	11688.0	14001.0	15573.0	18675.0	21270.0	26909.0	33323.0	46333.0	71522.0	210610.0	613870.0	742267.0	650515.0	505606.0	504453.0	693860.0	3744247.0	1999576.0
	14.0	15.0	16.0	17.0	18.0	19.0	20.0	21.0	22.0	23.0	24.0	25.0	26.0	27.0	28.0	29.0	30.0	31.0	32.0	33.0	34.0	35.0	36.0	37.0	38.0	39.0	40.0
Sor-CPnd_050-Ex1-3F-lcwgs-1-3.2	5.0	232.0	2307.0	7835.0	12822.0	13384.0	13471.0	13322.0	15457.0	17572.0	21237.0	25157.0	34004.0	48874.0	84165.0	140458.0	251768.0	435269.0	635145.0	640339.0	563512.0	489205.0	507525.0	549938.0	928747.0	3796565.0	707111.0
	16.0	17.0	18.0	19.0	20.0	21.0	22.0	23.0	24.0	25.0	26.0	27.0	28.0	29.0	30.0	31.0	32.0	33.0	34.0	35.0	36.0	37.0	38.0	39.0	40.0
Sor-CPnd_052-Ex1-6D-lcwgs-1-3.1	1.0	26.0	368.0	1628.0	3720.0	5528.0	7583.0	9206.0	11533.0	12987.0	15686.0	18298.0	23660.0	30502.0	45457.0	82857.0	365694.0	823084.0	594733.0	446761.0	354936.0	364357.0	454060.0	2184534.0	1353247.0
	14.0	15.0	16.0	17.0	18.0	19.0	20.0	21.0	22.0	23.0	24.0	25.0	26.0	27.0	28.0	29.0	30.0	31.0	32.0	33.0	34.0	35.0	36.0	37.0	38.0	39.0	40.0
Sor-CPnd_052-Ex1-6D-lcwgs-1-3.2	4.0	178.0	2709.0	9863.0	14233.0	12648.0	11243.0	10380.0	11593.0	12507.0	15366.0	17736.0	22506.0	29244.0	42644.0	59065.0	83192.0	108061.0	143877.0	178350.0	239750.0	321381.0	556436.0	890651.0	1277171.0	2615200.0	524458.0
	16.0	17.0	18.0	19.0	20.0	21.0	22.0	23.0	24.0	25.0	26.0	27.0	28.0	29.0	30.0	31.0	32.0	33.0	34.0	35.0	36.0	37.0	38.0	39.0	40.0
Sor-CPnd_053-Ex1-2C-lcwgs-1-3.1	3.0	22.0	352.0	1501.0	3168.0	4355.0	6029.0	6995.0	8433.0	9602.0	11523.0	13059.0	15991.0	19275.0	26230.0	40046.0	115397.0	284543.0	316048.0	288092.0	238295.0	257008.0	394146.0	2529463.0	1197871.0
	14.0	15.0	16.0	17.0	18.0	19.0	20.0	21.0	22.0	23.0	24.0	25.0	26.0	27.0	28.0	29.0	30.0	31.0	32.0	33.0	34.0	35.0	36.0	37.0	38.0	39.0	40.0
Sor-CPnd_053-Ex1-2C-lcwgs-1-3.2	2.0	76.0	926.0	3525.0	6217.0	7185.0	7767.0	7632.0	8744.0	9728.0	11379.0	13112.0	16505.0	21381.0	31501.0	49788.0	90580.0	162727.0	262351.0	285954.0	263502.0	232399.0	256885.0	304412.0	571144.0	2646797.0	515228.0
	17.0	18.0	19.0	20.0	21.0	22.0	23.0	24.0	25.0	26.0	27.0	28.0	29.0	30.0	31.0	32.0	33.0	34.0	35.0	36.0	37.0	38.0	39.0	40.0
Sor-CPnd_054-Ex1-8F-lcwgs-1-3.1	14.0	171.0	663.0	1448.0	1968.0	2797.0	3345.0	4074.0	4637.0	5649.0	6789.0	8908.0	11789.0	17447.0	29110.0	90759.0	278146.0	328597.0	231762.0	154815.0	128005.0	155553.0	725282.0	375249.0
	15.0	16.0	17.0	18.0	19.0	20.0	21.0	22.0	23.0	24.0	25.0	26.0	27.0	28.0	29.0	30.0	31.0	32.0	33.0	34.0	35.0	36.0	37.0	38.0	39.0	40.0
Sor-CPnd_054-Ex1-8F-lcwgs-1-3.2	14.0	400.0	1686.0	3023.0	3338.0	3475.0	3672.0	4299.0	4876.0	6244.0	8162.0	11974.0	19435.0	36662.0	62996.0	113498.0	190405.0	255356.0	221199.0	167930.0	130621.0	127454.0	131321.0	204883.0	723299.0	130755.0
	16.0	17.0	18.0	19.0	20.0	21.0	22.0	23.0	24.0	25.0	26.0	27.0	28.0	29.0	30.0	31.0	32.0	33.0	34.0	35.0	36.0	37.0	38.0	39.0	40.0
Sor-CPnd_055-Ex1-7G-lcwgs-1-3.1	1.0	40.0	516.0	2353.0	5079.0	7660.0	10805.0	12854.0	15739.0	17932.0	21688.0	25206.0	32142.0	40675.0	56931.0	86154.0	213501.0	655819.0	989849.0	918425.0	684217.0	550761.0	659946.0	3194103.0	1554828.0
	14.0	15.0	16.0	17.0	18.0	19.0	20.0	21.0	22.0	23.0	24.0	25.0	26.0	27.0	28.0	29.0	30.0	31.0	32.0	33.0	34.0	35.0	36.0	37.0	38.0	39.0	40.0
Sor-CPnd_055-Ex1-7G-lcwgs-1-3.2	2.0	179.0	2566.0	9828.0	15396.0	15144.0	14039.0	14074.0	15655.0	17732.0	21309.0	24557.0	30889.0	39494.0	56672.0	76117.0	106508.0	140467.0	192732.0	254107.0	354375.0	486111.0	828634.0	1288637.0	1697147.0	3466325.0	588528.0
	17.0	18.0	19.0	20.0	21.0	22.0	23.0	24.0	25.0	26.0	27.0	28.0	29.0	30.0	31.0	32.0	33.0	34.0	35.0	36.0	37.0	38.0	39.0	40.0
Sor-CPnd_058-Ex1-2G-lcwgs-1-3.1	24.0	399.0	1871.0	3551.0	4688.0	6211.0	7392.0	8824.0	9836.0	11885.0	13132.0	16464.0	20053.0	27690.0	41334.0	118967.0	316927.0	394717.0	378901.0	304425.0	306940.0	401276.0	1873123.0	907437.0
	14.0	15.0	16.0	17.0	18.0	19.0	20.0	21.0	22.0	23.0	24.0	25.0	26.0	27.0	28.0	29.0	30.0	31.0	32.0	33.0	34.0	35.0	36.0	37.0	38.0	39.0	40.0
Sor-CPnd_058-Ex1-2G-lcwgs-1-3.2	4.0	82.0	885.0	3463.0	5841.0	6542.0	6874.0	7001.0	8051.0	9291.0	11161.0	12780.0	15598.0	18745.0	25616.0	33684.0	47364.0	63289.0	87680.0	116730.0	165405.0	230100.0	391817.0	632647.0	943861.0	1978451.0	353105.0
	16.0	17.0	18.0	19.0	20.0	21.0	22.0	23.0	24.0	25.0	26.0	27.0	28.0	29.0	30.0	31.0	32.0	33.0	34.0	35.0	36.0	37.0	38.0	39.0	40.0
Sor-CPnd_063-Ex1-7D-lcwgs-1-3.1	2.0	36.0	500.0	2157.0	4991.0	7736.0	10671.0	13102.0	16248.0	18083.0	22277.0	26101.0	32880.0	41847.0	58947.0	88864.0	214350.0	684049.0	1071503.0	1015708.0	765365.0	620869.0	751088.0	3755206.0	1717004.0
	14.0	15.0	16.0	17.0	18.0	19.0	20.0	21.0	22.0	23.0	24.0	25.0	26.0	27.0	28.0	29.0	30.0	31.0	32.0	33.0	34.0	35.0	36.0	37.0	38.0	39.0	40.0
Sor-CPnd_063-Ex1-7D-lcwgs-1-3.2	5.0	148.0	2490.0	9844.0	15462.0	15242.0	15032.0	14803.0	16548.0	18766.0	23004.0	26947.0	34608.0	45482.0	66076.0	89662.0	125328.0	161805.0	215561.0	272060.0	367269.0	497688.0	873754.0	1420741.0	2019820.0	3941082.0	650357.0
	17.0	18.0	19.0	20.0	21.0	22.0	23.0	24.0	25.0	26.0	27.0	28.0	29.0	30.0	31.0	32.0	33.0	34.0	35.0	36.0	37.0	38.0	39.0	40.0
Sor-CPnd_066-Ex1-8B-lcwgs-1-3.1	4.0	17.0	87.0	174.0	251.0	272.0	379.0	444.0	542.0	596.0	714.0	862.0	1188.0	1587.0	2684.0	7440.0	19822.0	23768.0	18675.0	14122.0	13697.0	20525.0	112377.0	49432.0
	14.0	15.0	16.0	17.0	18.0	19.0	20.0	21.0	22.0	23.0	24.0	25.0	26.0	27.0	28.0	29.0	30.0	31.0	32.0	33.0	34.0	35.0	36.0	37.0	38.0	39.0	40.0
Sor-CPnd_066-Ex1-8B-lcwgs-1-3.2	1.0	6.0	49.0	203.0	356.0	398.0	419.0	358.0	423.0	445.0	591.0	683.0	838.0	1071.0	1461.0	1935.0	2688.0	3346.0	4560.0	6031.0	8733.0	12251.0	21138.0	33250.0	48028.0	121059.0	19338.0
	16.0	17.0	18.0	19.0	20.0	21.0	22.0	23.0	24.0	25.0	26.0	27.0	28.0	29.0	30.0	31.0	32.0	33.0	34.0	35.0	36.0	37.0	38.0	39.0	40.0
Sor-CPnd_069-Ex1-6B-lcwgs-1-3.1	2.0	26.0	350.0	1408.0	3106.0	4438.0	6235.0	7512.0	8996.0	10191.0	12396.0	14293.0	17747.0	22286.0	32646.0	61231.0	266653.0	462472.0	293850.0	234861.0	210974.0	238846.0	359689.0	2341505.0	1453349.0
	15.0	16.0	17.0	18.0	19.0	20.0	21.0	22.0	23.0	24.0	25.0	26.0	27.0	28.0	29.0	30.0	31.0	32.0	33.0	34.0	35.0	36.0	37.0	38.0	39.0	40.0
Sor-CPnd_069-Ex1-6B-lcwgs-1-3.2	70.0	1119.0	4480.0	7379.0	7855.0	7995.0	7777.0	8683.0	9501.0	11294.0	12641.0	15512.0	19246.0	26281.0	34803.0	47781.0	61849.0	83529.0	108569.0	153659.0	212932.0	359393.0	557008.0	847729.0	2845066.0	612911.0
	16.0	17.0	18.0	19.0	20.0	21.0	22.0	23.0	24.0	25.0	26.0	27.0	28.0	29.0	30.0	31.0	32.0	33.0	34.0	35.0	36.0	37.0	38.0	39.0	40.0
Sor-CPnd_072-Ex1-8C-lcwgs-1-3.1	3.0	54.0	722.0	2964.0	6428.0	9831.0	13783.0	16487.0	19797.0	22769.0	26606.0	30680.0	37866.0	46139.0	62680.0	92283.0	240847.0	668779.0	821612.0	671334.0	549872.0	560995.0	932562.0	6619189.0	3155724.0
	14.0	15.0	16.0	17.0	18.0	19.0	20.0	21.0	22.0	23.0	24.0	25.0	26.0	27.0	28.0	29.0	30.0	31.0	32.0	33.0	34.0	35.0	36.0	37.0	38.0	39.0	40.0
Sor-CPnd_072-Ex1-8C-lcwgs-1-3.2	8.0	119.0	1803.0	7322.0	13534.0	17009.0	19191.0	19466.0	21779.0	23910.0	28550.0	32877.0	42068.0	54553.0	81733.0	127835.0	226209.0	392780.0	614987.0	642854.0	563366.0	490069.0	549271.0	683122.0	1395886.0	7225349.0	1334356.0

