Sample	0.0	1.0	2.0	3.0	4.0	5.0	6.0	7.0	8.0	9.0	10.0	11.0	12.0	13.0	14.0	15.0	16.0	17.0	18.0	19.0	20.0	21.0	22.0	23.0	24.0	25.0	26.0	27.0	28.0	29.0	30.0	31.0	32.0	33.0	34.0	35.0	36.0	37.0	38.0	39.0	40.0	41.0	42.0	43.0	44.0	45.0	46.0	47.0	48.0	49.0	50.0	51.0	52.0	53.0	54.0	55.0	56.0	57.0	58.0	59.0	60.0	61.0	62.0	63.0	64.0	65.0	66.0	67.0	68.0	69.0	70.0	71.0	72.0	73.0	74.0	75.0	76.0	77.0	78.0	79.0	80.0	81.0	82.0	83.0	84.0	85.0	86.0	87.0	88.0	89.0	90.0	91.0	92.0	93.0	94.0	95.0	96.0	97.0	98.0	99.0	100.0
Sor-ACeb_001-Ex1-8E-lcwgs-1-3-L2-clmp.r1	4.0	4.0	6.5	17.0	33.5	55.0	98.0	168.5	250.5	400.5	586.5	865.5	1388.0	2308.5	3859.5	6363.5	10330.5	15753.5	22911.0	32289.0	43490.0	55336.0	67778.5	81302.5	94122.5	105882.5	116862.5	126319.0	134258.5	139849.5	142831.0	144433.0	144995.5	143735.0	140173.5	134500.5	127177.0	118527.0	109138.5	99838.0	90521.0	81239.5	72299.0	63784.5	56523.0	49810.0	43425.0	37873.0	32915.5	28348.5	24538.0	21005.5	17426.0	14749.0	12429.0	10371.0	8964.5	7990.5	7187.0	6518.5	6015.0	5740.0	5585.5	5471.0	5410.0	5329.0	5204.5	4961.5	4657.5	4324.0	3951.0	3509.5	2957.0	2437.5	1998.0	1573.5	1200.5	894.0	642.5	433.0	288.0	187.0	110.0	65.5	36.0	20.5	11.5	6.5	2.5	1.5	2.0	1.5	0.5	0.0	0.0	0.0	0.5	0.5	0.0	0.0	0.0
Sor-ACeb_001-Ex1-8E-lcwgs-1-3-L2-clmp.r2	3.0	5.0	9.5	11.0	18.5	40.5	80.5	156.5	237.0	369.5	544.0	809.0	1322.5	2237.5	3730.5	6138.0	9997.0	15491.5	22778.0	31939.5	43111.5	55244.0	67687.0	81118.5	93950.0	105708.5	116605.0	126280.5	134646.5	140261.0	143367.5	144905.0	145125.0	143486.0	139832.0	134488.5	127164.5	118612.5	109335.0	99824.5	90465.5	81389.0	72383.5	63803.5	56559.5	49824.0	43534.0	37970.5	32964.5	28442.5	24624.0	21073.5	17518.0	14812.0	12490.5	10428.0	9023.0	7952.0	7138.5	6530.0	6034.5	5758.0	5679.0	5535.0	5353.0	5310.0	5160.0	4916.5	4653.0	4313.0	3918.5	3522.0	3057.5	2517.5	2036.0	1566.5	1161.0	891.0	643.0	420.0	271.5	184.5	120.5	70.0	39.5	24.0	14.0	7.5	5.0	5.0	4.0	2.0	0.5	2.0	2.5	1.5	1.5	0.5	0.0	0.0	0.0
Sor-ACeb_001-Ex1-8E-lcwgs-1-3-L3-clmp.r1	3.0	2.0	6.0	15.5	25.5	45.0	87.5	155.5	220.5	312.5	480.5	745.5	1215.0	2020.5	3328.0	5517.0	8849.0	13361.0	19297.5	26895.5	35869.5	45724.0	55982.0	66529.0	76729.5	86044.0	94576.5	101682.5	107408.5	111659.0	114324.5	115600.5	115580.0	114136.5	110799.5	106133.5	99844.5	92851.5	85584.5	77948.0	70529.0	62975.0	55618.0	49051.0	43284.0	37972.0	33187.0	28810.0	24879.5	21359.5	18528.0	15745.0	13097.0	11009.5	9154.0	7661.0	6514.5	5732.5	5102.5	4626.0	4251.5	4021.0	3901.5	3757.5	3670.0	3617.5	3500.5	3367.5	3202.0	2898.5	2563.5	2262.5	1957.5	1625.5	1334.0	1045.5	748.0	559.5	404.5	285.5	201.0	132.5	80.0	45.0	33.5	21.0	12.0	7.5	4.5	2.0	1.0	0.5	1.0	0.5	0.5	1.0	0.5	0.0	0.0	0.0	0.0
Sor-ACeb_001-Ex1-8E-lcwgs-1-3-L3-clmp.r2	1.0	2.0	7.0	12.0	20.0	39.5	82.0	154.0	229.0	324.0	470.5	718.0	1138.5	1934.5	3219.0	5250.5	8562.5	13087.5	19175.0	26665.5	35387.5	45343.0	55879.5	66406.5	76222.0	85602.0	94442.5	101739.0	107549.5	111861.5	114441.5	115622.5	115501.5	114325.0	111152.5	106050.5	100004.0	93238.0	85947.5	78104.5	70535.5	63197.5	55930.0	49373.0	43395.0	38015.0	33269.5	28959.5	25097.0	21520.5	18653.0	15918.5	13180.0	10997.0	9148.5	7672.0	6546.5	5805.5	5185.0	4666.5	4280.5	4034.5	3903.0	3785.0	3688.5	3620.0	3401.5	3253.0	3159.0	2925.0	2639.5	2262.0	1939.0	1636.5	1339.5	1060.0	798.5	590.0	409.0	287.0	208.5	128.0	71.5	41.5	32.0	24.5	15.5	8.0	4.0	2.5	1.0	0.5	1.0	1.0	3.0	3.0	1.0	0.5	0.0	0.0	0.0
Sor-ACeb_002-Ex1-9E-lcwgs-1-3-L2-clmp.r1	1.0	2.0	5.0	9.0	9.5	11.5	18.0	31.0	58.0	77.0	118.5	193.0	280.0	485.0	862.0	1473.5	2590.0	4421.0	7245.0	11117.0	16464.0	23359.5	31572.5	41964.0	53902.0	67071.5	80995.5	94884.0	109260.0	123029.5	137024.5	150549.0	162776.5	172922.0	179455.5	183732.0	184465.5	181292.0	176250.5	169703.5	161269.5	151759.5	141779.5	131526.0	121896.0	112871.5	103764.0	94877.5	86516.5	78426.0	70844.0	61675.0	52449.0	45116.5	38349.5	32943.0	28833.0	25623.0	22911.5	21056.0	20037.5	19283.5	18788.0	18716.0	18617.0	18400.5	18052.5	17459.5	16706.5	15679.5	14275.0	12596.5	10834.0	9065.0	7379.0	5812.0	4503.0	3328.5	2356.5	1684.5	1170.5	725.5	441.0	283.5	172.5	99.0	56.5	31.0	17.0	9.0	5.5	4.0	1.5	0.5	0.0	0.0	0.0	0.0	0.0	0.0	0.0
Sor-ACeb_002-Ex1-9E-lcwgs-1-3-L2-clmp.r2	0.0	0.0	1.0	5.0	8.5	11.5	18.0	30.0	40.5	76.0	118.5	167.0	269.0	464.0	825.0	1447.5	2543.5	4355.0	7220.5	11154.5	16503.0	23327.5	31778.0	42421.0	54011.0	67034.0	80976.0	94806.0	109271.5	122929.0	136861.5	150867.5	163215.5	172870.0	179343.0	183340.5	183777.5	180862.5	175968.0	169427.0	161220.5	151564.5	141598.0	131735.5	121991.0	112605.5	103465.0	94920.5	86776.0	78551.0	70686.0	61662.0	52445.0	45046.0	38596.0	33293.0	29008.5	25681.0	22999.5	21148.0	20037.5	19300.0	18883.0	18837.0	18713.5	18376.0	17946.5	17430.5	16841.0	15604.5	14131.5	12601.0	10863.5	9141.0	7460.0	5865.0	4429.0	3268.0	2331.5	1632.0	1160.0	772.5	475.0	290.0	182.5	108.0	61.0	36.0	19.5	10.5	9.0	6.0	3.0	1.5	1.5	1.5	0.5	1.5	2.0	1.0	0.0
Sor-ACeb_002-Ex1-9E-lcwgs-1-3-L3-clmp.r1	2.0	2.0	2.0	3.0	6.0	9.0	15.0	25.0	39.0	59.0	102.0	167.5	255.0	419.0	760.5	1267.0	2194.5	3703.0	5927.0	8972.5	13205.0	18856.0	25599.5	33691.5	43446.0	54276.5	65367.0	76464.0	87986.5	99263.0	110243.0	121466.5	131312.5	138878.5	144770.0	147713.0	147223.5	144892.5	140665.0	135098.5	128748.0	120956.5	112580.0	104861.5	97473.5	89985.0	82542.5	75788.5	69250.0	62383.5	56566.0	49547.5	41640.5	35794.0	30648.0	26312.5	23093.5	20429.5	18398.0	16948.0	15937.0	15362.5	15260.5	15405.0	15312.5	15221.5	15088.0	14584.5	14082.5	13156.5	11758.5	10485.0	9082.0	7570.0	6214.0	4928.5	3775.0	2782.5	1995.5	1419.0	964.5	615.5	381.5	234.5	136.0	76.0	39.5	22.0	15.5	8.0	4.5	4.0	2.5	1.0	0.0	0.0	0.0	0.0	0.0	0.0	0.0
Sor-ACeb_002-Ex1-9E-lcwgs-1-3-L3-clmp.r2	0.0	0.0	2.0	6.5	13.0	15.5	17.5	28.0	43.0	71.5	116.5	154.0	227.5	422.0	723.5	1209.5	2110.5	3540.5	5783.5	8977.5	13301.5	18713.0	25431.5	33738.0	43221.0	53997.0	65204.0	76162.0	87695.5	99028.5	110069.0	121102.5	131103.0	138866.5	144473.0	147516.5	147353.0	145139.5	140940.5	135020.0	128520.5	121273.0	113066.0	105119.0	97638.0	90125.0	82759.5	75929.5	69239.0	62526.5	56590.5	49604.5	41954.5	35891.0	30673.0	26420.0	23194.5	20535.5	18458.0	17013.5	16071.0	15475.5	15210.0	15300.0	15461.5	15169.5	14810.5	14528.5	14036.0	13203.5	11955.5	10553.5	9116.5	7661.5	6167.5	4866.5	3794.0	2804.5	2001.0	1432.5	993.0	629.0	383.0	242.5	142.5	81.0	47.5	29.5	16.0	8.0	7.0	5.5	4.5	3.0	1.0	1.0	1.0	0.5	0.0	0.0	0.0
Sor-ACeb_003-Ex1-10E-lcwgs-1-3-L2-clmp.r1	1.0	1.0	1.0	2.5	5.5	8.0	15.5	32.0	59.0	108.5	177.0	325.0	614.0	1234.0	2378.0	4387.0	8041.0	13614.5	21856.0	33534.0	48667.5	66914.0	88902.0	116087.0	146029.0	178484.5	212220.0	245358.0	279535.5	310821.5	338750.5	364980.0	387940.0	404757.0	416262.5	424105.5	424806.5	418673.5	407342.5	391478.5	371953.0	348636.5	323433.0	297951.5	272457.0	246492.5	220189.0	195943.0	173845.5	151939.5	132900.0	114580.0	96934.5	82873.5	69810.0	58625.0	49574.5	41969.0	35452.5	29755.0	24829.0	20543.5	16982.5	14070.5	11528.0	9406.0	7621.0	6323.5	5170.5	4112.0	3387.5	2787.0	2222.5	1757.5	1403.5	1119.0	881.0	692.5	518.5	369.5	268.0	183.5	118.5	77.5	53.0	35.5	19.5	14.5	12.5	6.0	2.5	1.5	1.0	1.0	1.0	0.5	0.0	0.0	0.0	0.0	0.0
Sor-ACeb_003-Ex1-10E-lcwgs-1-3-L2-clmp.r2	0.0	0.5	1.5	3.5	6.0	8.0	17.5	32.0	56.5	107.5	185.5	320.0	572.5	1185.5	2359.5	4340.0	7874.0	13507.0	21828.5	33419.5	48597.5	66946.5	88977.0	116354.0	146499.5	179281.0	212966.5	245830.5	279621.5	310707.5	338913.5	364668.5	387448.0	404677.0	416203.5	423550.5	423827.5	418019.5	406928.0	391001.0	371621.5	348116.5	322897.0	297897.0	272521.5	246493.5	220286.0	196171.5	174045.0	152004.5	132892.0	114718.0	97197.0	83010.0	69758.5	58657.5	49802.5	42190.0	35569.0	29734.5	24794.5	20556.0	17016.5	14135.5	11575.0	9387.0	7540.5	6299.0	5191.5	4119.5	3460.5	2834.5	2200.5	1768.5	1429.0	1109.5	872.5	688.0	515.0	372.0	263.5	188.5	129.0	87.0	59.5	39.5	23.5	15.0	12.5	7.5	3.0	4.0	4.5	3.0	2.0	1.5	1.0	0.5	1.0	1.5	1.0
Sor-ACeb_003-Ex1-10E-lcwgs-1-3-L3-clmp.r1	0.0	0.0	0.0	1.0	2.5	5.5	11.0	28.0	60.0	97.5	165.5	295.5	523.0	1026.5	2061.0	3815.0	6766.0	11297.0	18132.0	27551.0	39844.5	55522.0	73715.5	95020.5	119080.0	145015.0	171838.0	198350.0	225622.5	250756.5	273286.5	294557.0	313421.0	326761.0	335454.5	340898.5	340848.5	336193.5	326469.0	312658.0	296807.5	278512.5	258021.5	236866.5	216213.0	195569.5	174065.0	154268.0	137024.5	119610.5	104319.5	90087.5	76263.0	65059.0	54754.0	45927.0	38770.5	32972.5	27990.0	23297.5	19313.5	16165.5	13583.5	11329.5	9237.0	7504.5	6022.5	4928.0	4112.0	3373.5	2773.5	2265.5	1831.0	1464.0	1136.0	889.0	703.0	522.0	398.5	306.0	224.0	159.5	109.5	82.0	56.5	33.5	19.0	10.0	6.5	5.0	2.5	1.0	0.0	0.0	0.0	0.0	0.0	0.0	0.0	0.0	0.0
Sor-ACeb_003-Ex1-10E-lcwgs-1-3-L3-clmp.r2	0.0	0.0	0.5	1.5	3.0	6.0	8.5	21.5	52.5	82.5	150.5	291.5	518.5	1010.5	2001.0	3686.0	6620.5	11203.5	17965.5	27301.0	39656.0	55265.5	73465.0	94980.5	118825.0	144693.5	171684.0	198214.0	225568.0	250289.5	272522.5	294551.5	313212.5	326198.5	335608.5	341043.5	340603.0	335650.5	326076.5	312660.5	296788.0	278300.0	258099.5	237181.0	216520.5	195969.5	174747.0	155083.5	137464.5	119963.0	104747.0	90398.5	76574.5	65385.0	54912.0	46004.5	39017.5	33160.5	27965.5	23332.5	19376.5	16150.5	13560.0	11323.5	9204.5	7526.0	6079.0	4961.0	4133.5	3355.5	2801.5	2315.0	1832.0	1448.5	1129.5	864.5	664.0	511.0	409.5	324.0	242.5	173.5	116.5	78.5	59.0	39.5	24.5	14.5	10.0	8.5	5.0	3.5	3.0	1.0	1.0	1.0	0.0	0.0	0.0	0.0	0.0
Sor-ACeb_004-Ex1-11E-lcwgs-1-3-L2-clmp.r1	2.0	3.5	8.0	9.5	8.5	20.5	38.5	58.5	96.0	165.5	278.5	434.0	678.5	1269.0	2414.0	4342.5	7912.0	13763.5	22859.5	36274.0	54615.5	78341.0	107624.5	143966.0	185981.0	233771.5	285914.5	338491.5	393741.5	447382.5	498479.0	549397.0	595633.5	631574.0	658087.5	673211.5	674352.5	663600.5	643098.0	615951.5	582522.0	543362.0	500072.0	456539.5	415540.5	375858.0	336547.0	300568.0	268238.5	236672.5	208573.5	178339.0	147801.0	125014.0	104958.5	88324.5	75321.5	64597.5	56052.5	49154.5	43567.0	39376.5	36250.5	33381.5	30908.5	29047.5	26998.5	25084.5	23358.5	21383.5	19183.5	16728.5	14218.0	11934.5	9737.5	7729.5	6067.5	4485.5	3221.5	2341.5	1628.5	1036.0	668.0	429.5	260.0	163.5	93.5	57.0	37.5	17.5	11.5	7.5	3.0	1.5	1.0	0.5	0.0	0.0	0.0	0.0	0.0
Sor-ACeb_004-Ex1-11E-lcwgs-1-3-L2-clmp.r2	1.0	2.5	4.5	5.5	10.0	19.5	35.5	59.5	98.5	151.5	252.0	406.5	644.0	1253.0	2394.0	4281.5	7828.0	13663.0	22809.5	36208.5	54525.5	78490.0	108137.5	144573.0	186659.0	234653.0	286601.0	338948.5	394537.5	448564.5	499128.5	549658.0	595804.5	630883.5	656656.5	671678.0	672605.0	662006.5	641807.0	614716.0	581546.0	541969.0	499126.5	456433.0	415407.0	376274.5	337707.5	301331.5	268336.5	236547.0	208151.0	178279.5	148175.5	125220.5	105231.5	88578.0	75532.5	65025.5	56338.0	49368.5	43716.0	39455.0	36408.0	33553.5	31104.5	29174.5	26943.0	25059.0	23382.0	21187.5	18971.5	16725.5	14339.0	12040.5	9801.5	7742.0	6074.5	4547.0	3257.0	2276.0	1567.5	1065.0	685.5	437.5	271.0	168.5	109.0	71.5	43.5	23.0	23.5	16.5	6.0	6.0	8.0	6.5	3.0	2.0	2.0	1.5	3.5
Sor-ACeb_004-Ex1-11E-lcwgs-1-3-L3-clmp.r1	0.0	4.5	7.0	5.5	12.5	19.0	25.5	54.0	101.5	145.0	221.5	386.0	643.0	1164.5	2144.5	3813.0	6897.5	11766.5	19409.5	30598.0	45790.0	65475.0	90115.5	120851.5	156017.5	196205.5	238736.5	281479.0	327042.5	371952.0	414847.0	457382.5	496202.0	525421.5	546410.0	558678.0	558475.0	548172.0	530254.5	505919.0	477469.5	444752.5	409109.5	373317.5	338358.0	305307.5	273670.5	244566.5	218074.5	191617.0	168782.5	144430.5	119590.5	100922.0	84465.5	70993.0	60325.0	51949.5	45299.0	39907.0	35894.5	32461.0	29740.5	27744.0	25885.0	24383.0	22877.0	21516.0	20002.0	18240.0	16473.5	14524.0	12366.0	10239.5	8393.5	6654.0	5113.5	3829.5	2756.0	1966.5	1369.5	915.5	578.5	335.5	189.0	120.5	75.0	48.0	32.5	16.5	7.0	4.0	3.0	1.0	0.0	0.0	0.0	0.0	0.0	0.0	0.0
Sor-ACeb_004-Ex1-11E-lcwgs-1-3-L3-clmp.r2	0.0	2.5	6.5	8.0	9.5	15.0	30.0	63.5	93.0	130.0	215.5	358.5	612.0	1150.0	2121.0	3727.5	6703.0	11535.5	19231.5	30541.5	45695.5	65344.5	90144.0	120835.0	156013.5	195522.5	238011.5	281611.5	326999.5	371425.0	414139.0	456516.5	495075.5	524554.0	545760.5	557692.0	557281.5	547233.5	529689.5	505504.0	477077.5	444792.0	409523.0	373872.0	339017.0	306118.0	274203.0	244960.0	218986.5	192664.5	169489.0	145011.5	120302.5	101453.0	84852.5	71356.5	60723.0	52367.5	45462.5	39950.5	35980.5	32563.0	29927.5	27859.0	25863.5	24406.0	22873.0	21475.0	20178.5	18373.0	16400.0	14504.0	12469.5	10337.5	8398.0	6580.0	5029.0	3843.0	2819.0	1922.5	1331.0	929.0	617.0	375.5	210.0	141.5	88.0	51.5	38.5	25.5	20.0	14.0	9.0	8.5	8.5	6.0	2.0	1.0	0.5	0.0	0.0
Sor-ACeb_005-Ex1-12E-lcwgs-1-3-L2-clmp.r1	10.0	6.5	4.5	10.0	11.5	11.0	14.0	18.0	28.0	57.0	98.0	152.0	259.5	472.5	866.0	1575.5	2768.5	4641.5	7539.0	11748.5	17627.5	25232.0	34533.0	45674.5	58215.5	72407.5	87312.5	102085.5	117680.0	133163.5	148883.5	164986.5	179535.5	190331.0	197186.5	201314.5	201396.5	197175.5	189888.5	181288.0	172920.5	164059.0	154849.0	146650.0	139566.5	133222.5	127329.5	122559.5	118139.5	112574.0	106501.5	98533.0	89918.5	83603.0	78815.0	75919.0	75691.5	77753.0	82487.0	89521.0	98213.0	108006.5	117972.0	127917.0	136740.0	143225.0	146642.0	146923.5	143551.0	136032.5	125096.0	112084.0	97254.0	81305.5	66277.0	52494.5	40185.0	29688.5	21008.5	14374.5	9579.0	6190.5	3823.5	2329.0	1433.5	820.5	478.0	287.0	152.5	86.0	50.5	28.5	17.5	8.5	3.0	1.0	0.0	0.0	0.0	0.0	0.0
Sor-ACeb_005-Ex1-12E-lcwgs-1-3-L2-clmp.r2	9.0	6.0	4.0	9.0	14.0	13.5	11.5	15.5	27.5	50.5	82.0	144.0	246.5	459.5	843.5	1533.0	2702.0	4573.5	7521.0	11755.0	17676.5	25277.5	34497.0	45913.0	58679.5	72631.5	87387.0	102085.5	117816.5	133538.0	149397.0	165407.0	179231.0	189571.0	196518.0	200441.5	200455.5	196279.5	188799.0	180487.0	172586.5	163958.0	154781.0	146379.0	139325.5	133369.0	127909.5	122967.0	118469.5	112825.5	106537.0	98622.5	90021.5	83833.0	78907.0	76271.5	76341.5	78314.0	82719.0	89208.5	98035.5	108303.0	117975.5	127446.5	136479.0	143007.5	146400.5	147176.0	143671.5	136066.0	125341.0	111971.0	97378.5	81581.5	66475.5	52693.0	40110.5	29470.0	20940.5	14435.5	9556.5	6222.5	3880.0	2357.0	1457.0	858.5	520.0	317.0	171.0	99.5	62.0	43.5	36.0	24.0	16.0	14.5	16.5	12.5	6.5	6.0	5.0
Sor-ACeb_005-Ex1-12E-lcwgs-1-3-L3-clmp.r1	5.0	4.0	4.0	6.5	8.5	8.0	8.5	16.0	31.0	49.0	68.5	114.0	211.0	375.5	679.0	1251.5	2264.0	3924.0	6455.5	10032.5	14989.5	21327.5	29116.5	38623.0	49430.5	61407.0	74007.5	86833.0	99906.0	113057.5	126738.5	140203.5	152035.0	161130.5	167430.0	170429.0	169668.5	165853.0	159603.0	152543.5	145259.5	137418.5	129519.0	122978.0	117762.0	112483.5	107420.5	103531.5	100227.5	95745.5	90655.5	84126.5	76810.0	71527.5	67579.5	65227.0	65334.5	67527.5	71821.5	78276.5	85792.5	94497.5	103965.5	112699.5	120415.0	126228.5	129561.0	130118.0	126865.0	120073.0	110554.5	98990.5	85995.0	72061.0	58368.0	45930.0	35070.0	25760.0	18252.0	12587.0	8493.0	5492.0	3323.5	1982.5	1202.5	683.5	381.0	236.0	124.5	62.5	34.0	20.5	12.0	5.0	1.5	0.0	0.5	0.5	0.0	0.0	0.0
Sor-ACeb_005-Ex1-12E-lcwgs-1-3-L3-clmp.r2	7.0	5.0	3.5	6.0	9.0	9.5	7.5	15.0	31.0	48.5	77.0	119.5	198.5	366.5	670.0	1205.0	2197.0	3900.5	6361.5	9925.5	14957.5	21206.5	28889.0	38543.0	49428.5	61459.0	74060.5	86574.5	99796.5	112891.0	126421.5	140191.5	151968.5	160776.5	166499.5	169339.5	169057.0	165481.0	159429.5	152571.5	145155.5	137228.0	129799.0	123244.5	117741.0	112597.5	107606.0	103964.5	100671.0	95908.0	90761.5	84286.0	76992.5	71730.5	68049.0	65708.5	65665.5	67918.5	71814.5	77928.0	85785.5	94477.0	103852.5	112855.5	120430.0	126082.5	129480.5	129847.5	126772.5	120284.5	110434.5	99083.5	86371.5	72235.5	58702.5	46184.5	35042.0	25856.5	18342.0	12559.5	8476.5	5507.0	3402.5	2044.0	1201.5	698.5	405.0	263.5	160.0	81.5	50.0	36.0	23.0	14.0	9.0	7.5	6.5	2.5	1.5	1.0	0.0
Sor-ACeb_006-Ex1-1F-lcwgs-1-3-L2-clmp.r1	1.0	2.0	2.5	4.0	9.5	14.5	21.5	37.0	60.5	119.5	217.5	384.5	654.0	1189.0	2228.5	4069.0	7478.5	12842.5	21455.5	34614.0	53271.0	78228.5	111337.5	155533.0	210541.5	279377.0	355905.5	436753.5	531661.5	634503.0	743621.5	861774.5	980294.0	1085222.5	1177840.5	1253856.0	1304722.0	1332369.0	1339408.0	1330285.0	1301070.0	1252768.5	1191528.0	1122862.5	1049951.5	973829.5	896689.5	823800.0	753209.5	677828.5	610049.5	530785.5	444592.0	379223.5	322488.0	274446.5	236297.5	205308.5	179102.0	157900.0	141243.5	128153.0	118294.0	109644.5	101898.5	95821.5	89704.0	83811.5	78048.0	71177.0	63889.0	56437.0	48387.5	40371.0	32770.0	25985.0	19924.5	14702.5	10561.0	7425.0	5021.0	3249.0	2053.0	1262.0	740.0	420.0	239.0	138.5	63.5	23.5	11.0	9.5	8.0	4.0	1.5	0.5	0.0	0.0	0.0	0.0	0.0
Sor-ACeb_006-Ex1-1F-lcwgs-1-3-L2-clmp.r2	1.0	3.5	4.5	7.0	9.0	12.5	21.0	37.0	66.0	120.0	212.5	354.0	624.5	1162.5	2154.5	4008.0	7376.5	12701.5	21249.0	34525.0	53465.5	78752.0	111915.0	156545.5	212300.5	280147.0	356907.5	438684.5	533997.0	637345.5	745990.5	863356.0	981820.5	1086084.5	1177200.5	1251837.5	1301730.0	1329672.5	1336593.0	1326425.0	1296457.0	1249145.5	1188454.0	1120487.0	1049410.0	974248.0	897294.0	824209.0	754079.5	677888.5	608033.0	529043.5	444393.0	380006.0	323210.5	274960.0	236597.0	205655.0	179725.0	158350.0	141600.0	128329.5	118375.5	109823.0	102068.0	95950.5	89877.0	83949.5	78124.5	71387.5	64055.0	56288.0	48182.0	40345.0	32834.0	25814.5	19841.5	14819.0	10675.0	7472.0	5088.0	3322.0	2073.5	1279.0	768.5	462.5	269.5	174.0	104.0	63.5	47.5	41.0	34.5	23.5	16.0	13.0	11.5	10.0	7.0	5.0	4.5
Sor-ACeb_006-Ex1-1F-lcwgs-1-3-L3-clmp.r1	2.0	1.5	1.0	2.0	7.5	14.5	20.5	41.0	79.5	121.5	197.5	348.0	588.0	1067.0	1923.5	3559.0	6490.0	10944.5	18170.0	29201.5	44973.0	66400.0	94380.0	131545.5	178256.5	236601.0	301211.0	369827.0	450686.5	538166.5	630671.0	730936.0	832036.0	921779.5	999153.5	1062712.0	1105419.5	1128006.5	1133575.0	1124908.5	1099621.0	1057817.5	1004135.5	944915.0	884197.5	821030.5	754680.5	690964.5	630680.0	566719.5	509586.5	443455.5	371362.0	317152.0	269534.0	229110.0	197540.5	171637.0	150265.5	132539.5	118420.0	107874.5	99983.0	93585.0	87367.5	81918.5	77183.0	72657.5	67823.5	62033.0	55766.0	49215.0	42178.5	35228.5	28552.0	22485.0	17290.0	12885.0	9137.5	6358.5	4321.5	2756.0	1722.5	1050.0	606.0	348.5	194.0	115.0	63.5	27.5	16.0	9.5	6.0	4.5	2.0	0.5	0.0	0.0	0.0	0.5	1.0
Sor-ACeb_006-Ex1-1F-lcwgs-1-3-L3-clmp.r2	1.0	2.0	3.0	3.5	5.0	13.0	21.0	37.0	71.0	118.0	207.0	345.5	574.0	1005.0	1840.5	3468.0	6376.0	10801.0	17980.5	29100.5	44865.5	66209.5	94213.5	131566.5	178870.0	236248.5	300280.0	369590.5	450525.0	537987.5	630058.0	730319.5	831205.0	920029.5	996943.5	1059641.0	1101536.5	1125423.5	1131801.5	1123130.5	1098514.0	1056909.0	1003293.0	945030.0	884903.0	822014.0	756657.0	692926.5	632342.5	568262.0	510796.5	444491.5	372658.5	318471.0	270604.5	230321.0	198557.0	172603.0	150994.5	133302.0	119011.0	108017.0	100156.0	93695.0	87729.5	82503.5	77466.0	72723.5	67957.5	62294.0	55704.5	48969.5	42364.5	35398.5	28695.5	22590.5	17261.0	12894.5	9137.5	6390.0	4416.5	2829.5	1770.0	1115.0	674.5	393.5	237.0	156.5	89.0	53.5	44.5	37.5	35.5	27.0	17.0	12.5	9.0	3.0	0.5	0.5	1.0
Sor-ACeb_007-Ex1-2F-lcwgs-1-3-L2-clmp.r1	0.0	0.0	0.0	0.0	0.5	1.0	2.0	2.5	4.5	10.5	16.0	25.0	44.0	89.0	152.5	251.0	452.5	758.5	1273.5	2000.0	3001.5	4423.0	6244.0	8693.5	11667.5	15201.0	19238.0	23638.0	28624.5	33914.0	39697.0	45793.0	51930.0	57479.0	62361.5	66501.5	68997.5	70152.5	70321.0	69599.5	67640.0	64882.0	61797.0	58003.5	53756.0	49546.0	45233.5	40942.0	37147.5	33407.0	29804.0	25703.5	21585.5	18377.0	15464.0	13140.0	11233.0	9687.5	8463.0	7389.0	6555.5	5913.5	5407.0	4904.0	4460.5	4159.5	3879.5	3601.0	3255.0	2885.0	2586.5	2279.5	1928.5	1557.5	1243.5	994.5	764.5	541.5	384.5	266.0	171.0	128.5	87.0	50.5	27.0	19.5	11.5	4.0	2.5	1.0	0.0	0.0	0.0	0.0	0.0	0.0	0.0	0.0	0.0	0.0	0.0
Sor-ACeb_007-Ex1-2F-lcwgs-1-3-L2-clmp.r2	0.0	0.0	0.0	0.0	0.0	0.0	2.0	4.5	6.5	10.5	16.5	20.0	37.0	84.5	131.0	229.0	443.0	769.5	1261.5	1974.5	3009.5	4479.5	6279.5	8694.0	11709.0	15300.0	19322.0	23682.5	28739.5	34082.5	39833.5	45845.0	51896.0	57465.5	62356.0	66396.5	68915.5	70042.0	70066.0	69358.5	67427.5	64730.5	61766.5	57980.0	53664.0	49562.0	45298.0	41045.0	37313.5	33394.0	29704.5	25660.0	21567.5	18368.5	15501.0	13119.0	11233.5	9715.0	8458.0	7427.5	6610.5	5953.0	5410.0	4904.5	4458.0	4081.0	3790.0	3594.5	3329.5	2964.0	2621.0	2312.5	1956.0	1568.0	1261.0	1019.0	766.0	533.0	370.5	248.5	162.0	123.0	80.0	46.5	25.5	20.5	14.0	6.0	3.5	2.0	0.5	0.5	1.5	1.0	0.5	0.5	0.0	0.0	0.0	0.0	0.0
Sor-ACeb_007-Ex1-2F-lcwgs-1-3-L3-clmp.r1	0.0	0.0	0.0	0.0	0.5	1.5	2.5	2.5	3.0	5.0	7.5	21.5	39.0	64.0	119.5	203.5	355.5	624.0	1053.5	1637.0	2462.5	3621.5	5094.5	7147.5	9589.5	12395.0	15547.5	18982.0	23194.0	27600.0	32051.5	36986.5	41836.0	46189.5	50071.0	53201.5	55182.5	56396.5	56750.0	56102.5	54463.5	52213.5	49435.5	46251.5	43154.0	39746.5	36269.5	32868.5	29495.0	26304.0	23680.0	20560.5	17131.0	14610.5	12433.0	10363.5	8757.5	7666.5	6694.0	5855.0	5184.5	4644.5	4207.0	3853.0	3608.5	3348.5	3102.5	2921.5	2700.0	2405.5	2105.5	1828.0	1570.0	1305.5	1020.5	795.0	632.0	477.5	319.0	213.0	149.0	103.0	67.5	38.0	23.0	14.0	10.5	4.5	1.0	0.5	0.0	0.0	0.0	0.0	0.0	0.0	0.0	0.0	0.0	0.0	0.0
Sor-ACeb_007-Ex1-2F-lcwgs-1-3-L3-clmp.r2	0.0	0.0	0.0	0.0	1.5	2.0	3.0	3.0	1.5	5.5	11.5	21.0	38.0	71.5	116.5	191.5	343.0	606.0	1018.5	1611.5	2440.0	3547.5	5086.5	7141.0	9575.0	12347.0	15486.0	19084.5	23213.5	27507.0	32026.0	36836.5	41684.0	46109.0	49942.5	53082.0	55009.5	56227.5	56652.5	55883.5	54343.0	52305.0	49385.0	46286.5	43257.5	39780.5	36161.5	32765.5	29690.0	26593.5	23868.0	20655.0	17200.5	14653.5	12494.5	10503.0	8851.5	7630.0	6637.5	5842.0	5233.5	4669.5	4229.5	3924.5	3666.5	3356.5	3070.0	2912.5	2715.0	2435.0	2097.0	1822.5	1573.0	1305.0	1072.0	818.5	611.0	463.5	335.0	245.0	160.0	97.5	65.5	38.5	23.5	15.5	13.0	8.0	2.0	1.5	1.0	1.0	1.5	1.0	0.5	0.0	0.0	0.0	0.0	0.0	0.0
Sor-ACeb_008-Ex1-3F-lcwgs-1-3-L2-clmp.r1	2.0	9.0	18.0	31.0	69.0	131.5	229.5	419.5	701.0	1121.5	1886.5	3284.5	5611.0	10130.0	18096.0	31365.5	53175.5	84414.5	128366.0	187856.5	262120.5	350282.0	453763.5	574290.5	702845.5	837975.5	977518.0	1111885.0	1245137.5	1365235.5	1467884.5	1558711.0	1631861.0	1683546.5	1713353.0	1721790.5	1707182.5	1671001.0	1613046.5	1537490.5	1450720.5	1354896.0	1251093.5	1146157.5	1045061.5	944403.5	841782.5	746555.5	660490.5	575538.0	502296.0	433906.0	368538.0	314688.5	264815.0	222741.0	189010.5	160317.5	135802.5	114242.0	95738.5	80484.0	68248.0	57724.5	48005.5	40171.5	33541.5	28623.5	24564.0	20717.0	17567.0	14646.5	12067.5	9825.5	7829.0	6103.0	4659.0	3467.0	2575.5	1856.5	1266.0	868.0	619.0	400.0	246.5	176.5	116.0	61.5	36.0	21.5	11.0	4.0	3.0	3.5	2.0	1.0	1.0	0.5	0.0	0.0	0.0
Sor-ACeb_008-Ex1-3F-lcwgs-1-3-L2-clmp.r2	4.0	10.0	17.0	33.5	63.0	128.5	224.5	378.5	650.0	1079.5	1854.5	3160.5	5385.0	9858.0	17661.0	30624.0	52391.0	83565.5	127227.0	186991.0	261666.0	350408.5	454386.0	574763.5	703848.0	839391.0	979123.0	1114061.5	1246431.0	1366277.5	1469646.0	1560028.0	1632200.0	1682674.0	1711666.0	1720149.5	1705836.0	1669619.5	1611452.0	1535541.5	1448391.0	1352760.5	1249657.0	1144504.0	1043815.0	943589.5	841728.0	747606.5	661417.5	576217.5	502318.5	433944.5	368962.5	315445.0	265624.5	223454.0	189625.0	160553.5	136114.5	114643.5	95875.0	80535.0	68366.5	57774.5	48100.5	40349.0	33633.5	28616.0	24662.5	20783.5	17463.0	14663.5	12187.0	9852.0	7809.0	6119.5	4640.5	3439.0	2588.0	1895.0	1320.0	904.0	614.5	413.5	278.5	196.5	124.5	67.5	43.0	35.0	24.5	13.0	13.5	12.5	8.0	6.5	5.5	3.0	1.0	1.0	1.0
Sor-ACeb_008-Ex1-3F-lcwgs-1-3-L3-clmp.r1	3.0	6.0	18.0	35.5	65.0	124.0	208.5	373.0	617.0	985.5	1678.0	2887.0	4926.5	8973.0	15977.5	27439.0	46148.5	72303.0	109486.0	159683.5	221172.5	295120.0	381341.0	480633.0	586790.5	697177.5	811269.5	920649.5	1027515.5	1124307.0	1206767.0	1279743.5	1338714.5	1378147.5	1398945.5	1403059.5	1388694.0	1355477.5	1304677.0	1241817.0	1169911.0	1090797.0	1005413.0	918632.5	835135.0	752455.5	669550.5	593553.5	525094.0	456377.0	397399.0	342890.5	290506.5	248146.0	208522.0	174762.0	147886.5	125289.0	106353.0	89908.0	75417.0	63029.0	53382.5	45439.0	37920.0	31706.5	26613.0	22900.0	19670.0	16575.0	13968.0	11708.5	9700.5	7832.0	6220.0	4858.5	3741.0	2809.0	2077.5	1531.5	1059.5	697.0	481.5	334.0	222.0	135.0	75.5	40.5	26.5	17.0	9.5	4.0	1.5	0.5	0.0	0.0	0.0	0.5	1.0	0.5	0.0
Sor-ACeb_008-Ex1-3F-lcwgs-1-3-L3-clmp.r2	5.0	7.5	11.5	31.0	60.0	112.5	193.5	339.0	564.5	927.5	1598.0	2735.0	4666.5	8515.0	15285.0	26531.0	44930.0	70914.5	107908.5	158032.5	219634.5	293589.5	379562.0	478830.0	585804.5	696319.0	810311.5	919582.0	1026040.0	1123058.0	1206145.0	1279517.0	1337803.5	1376607.5	1397520.0	1402007.5	1388050.5	1355072.5	1304938.5	1242693.0	1170708.5	1091465.5	1006894.0	920423.0	836527.0	754401.5	671516.0	595372.5	526699.5	457782.5	399011.5	344336.0	292042.0	249438.0	209547.5	175698.5	148689.0	126127.5	107022.0	90553.0	75989.0	63438.5	53637.5	45523.0	38072.0	31842.0	26671.0	23012.5	19808.5	16612.0	13954.5	11767.0	9787.0	7867.5	6219.5	4925.5	3790.5	2809.0	2106.5	1545.0	1065.5	711.0	496.5	363.5	242.5	151.0	94.5	57.5	38.5	26.5	21.0	16.5	10.0	9.5	9.0	5.0	2.5	1.0	0.5	1.0	1.0
Sor-ACeb_009-Ex1-4F-lcwgs-1-3-L2-clmp.r1	0.0	0.0	0.0	0.5	1.5	3.0	4.0	7.0	17.5	40.0	65.0	102.0	181.0	342.0	671.5	1245.5	2254.5	3704.5	6038.0	9329.5	13652.0	19086.5	25521.5	33467.0	42684.0	52767.0	63528.5	74475.0	85948.5	97004.0	107441.0	117642.5	127182.0	135208.5	141599.0	146954.5	150517.5	151713.5	150435.0	147561.5	143723.5	138397.0	131176.0	123626.0	116158.5	107513.0	97963.5	89274.5	81452.5	73028.5	65033.5	57033.5	49413.5	43101.5	36973.5	31649.0	27295.5	23490.0	20048.5	16958.0	14275.0	11922.0	10034.0	8465.5	6919.0	5603.0	4502.5	3684.5	3031.5	2465.5	2026.0	1611.5	1296.5	1065.0	822.5	627.5	497.5	376.0	284.5	224.0	176.5	125.5	83.0	60.0	37.0	21.0	19.0	13.0	7.5	5.0	2.5	1.0	0.0	0.0	0.0	0.0	0.0	0.0	0.0	0.0	0.0
Sor-ACeb_009-Ex1-4F-lcwgs-1-3-L2-clmp.r2	0.0	0.0	0.0	0.0	1.5	3.5	3.5	7.0	20.5	38.5	56.5	98.0	185.5	336.5	652.5	1219.0	2226.5	3684.0	6010.5	9300.0	13544.5	18998.5	25572.0	33680.0	42948.5	52854.5	63628.0	74854.0	86274.5	97024.0	107517.0	117907.0	127316.5	135177.0	141330.5	146454.5	150124.5	151448.5	150161.5	147531.5	143755.0	138205.5	131002.0	123536.0	116022.0	107348.0	97978.5	89329.0	81455.5	73033.0	65003.0	57055.5	49473.0	43173.0	37089.0	31768.5	27331.5	23406.5	19993.5	16947.0	14295.5	11972.5	10048.0	8442.5	6933.5	5624.0	4499.5	3680.5	3045.5	2500.0	2036.0	1608.0	1294.5	1058.0	827.0	636.0	487.0	361.0	290.5	237.5	181.0	124.0	85.0	64.0	38.0	23.5	19.5	13.5	8.0	4.5	2.5	2.0	1.0	0.0	0.0	0.0	0.5	0.5	0.0	0.0	0.0
Sor-ACeb_009-Ex1-4F-lcwgs-1-3-L3-clmp.r1	0.0	0.5	1.0	0.5	2.0	4.5	7.0	11.0	17.5	32.5	58.0	95.0	178.5	302.0	552.0	1048.0	1803.0	3012.0	4817.0	7369.5	10728.0	14832.5	19853.5	26153.5	33108.5	40571.5	48838.5	57265.0	66109.5	74523.0	82294.5	89843.0	96675.5	102108.0	106525.0	110474.5	113200.0	113835.5	112741.5	110510.0	106727.5	102243.0	97351.5	91808.0	85889.0	79428.0	72657.5	66096.0	59948.5	53762.5	47901.5	42017.0	36339.0	31617.0	27102.0	23178.5	19969.5	17069.5	14666.0	12546.0	10452.0	8733.0	7385.5	6177.0	4973.0	4009.5	3216.0	2614.0	2152.0	1721.0	1397.0	1117.0	888.5	711.0	562.0	449.5	354.5	269.0	203.0	156.5	129.5	100.5	72.5	59.5	47.5	32.0	16.0	12.5	12.0	5.5	1.5	0.0	0.0	0.0	0.0	0.0	0.0	0.0	0.0	0.0	0.0
Sor-ACeb_009-Ex1-4F-lcwgs-1-3-L3-clmp.r2	0.0	0.5	0.5	0.5	1.5	4.5	7.5	11.0	17.5	27.0	55.5	94.0	166.0	287.0	541.0	1006.0	1762.0	2988.5	4793.5	7314.0	10619.5	14782.0	19900.0	26174.5	32999.0	40362.0	48857.5	57313.5	65961.0	74520.0	82242.0	89722.0	96648.0	102004.0	106210.5	110052.5	112849.0	113597.0	112609.5	110400.0	106687.5	102327.5	97467.0	91840.0	85780.5	79430.0	72960.0	66432.5	60062.0	53843.5	48070.5	42167.5	36477.0	31736.0	27225.0	23273.5	20037.0	17163.5	14740.5	12615.0	10515.5	8743.5	7368.5	6184.5	5025.0	4029.0	3216.0	2633.5	2156.5	1734.5	1415.0	1130.5	905.5	719.0	567.5	460.0	350.0	258.0	203.0	160.0	126.0	96.0	72.5	60.0	49.5	32.5	17.5	14.0	12.5	7.0	4.0	1.5	1.0	0.5	0.0	0.0	0.5	1.0	0.5	0.0	0.0
Sor-ACeb_010-Ex1-5F-lcwgs-1-3-L2-clmp.r1	16.0	18.5	33.0	52.5	94.5	190.0	308.0	481.0	764.5	1258.0	2088.5	3530.5	5974.0	10712.5	19274.0	33668.0	58303.5	95670.5	152599.0	235988.0	349206.0	494930.5	681303.0	919331.0	1200969.0	1531659.0	1892110.0	2269483.5	2694948.5	3132531.5	3575361.5	4032278.5	4471816.0	4850288.5	5166959.5	5413807.5	5556824.5	5609775.0	5581652.5	5479738.5	5308457.0	5071274.5	4782795.5	4471687.5	4153210.0	3828810.5	3501525.0	3190488.5	2893999.0	2588414.0	2313873.5	2007966.5	1686884.0	1437586.0	1218403.5	1033106.5	882827.5	760842.0	659967.5	576393.0	509468.0	455675.5	415059.0	382348.0	351183.5	324923.5	300658.5	278966.5	257552.0	233033.0	207469.0	181309.5	154419.5	127464.5	102820.5	80989.5	62254.5	46160.0	33251.5	23274.5	15858.5	10598.0	6823.5	4253.5	2554.0	1543.0	918.5	550.5	335.5	166.0	86.0	48.5	27.5	21.5	12.5	7.5	4.0	1.0	0.0	0.5	0.5
Sor-ACeb_010-Ex1-5F-lcwgs-1-3-L2-clmp.r2	19.0	19.0	28.0	55.5	100.0	165.5	252.0	424.0	730.5	1174.5	1963.0	3392.0	5711.5	10278.0	18528.5	32568.5	56819.5	94220.5	151129.5	234590.0	348198.5	495337.5	684017.0	923788.0	1206936.0	1536834.5	1898983.0	2279559.0	2705788.0	3144609.0	3586405.0	4041763.0	4479239.0	4851900.0	5162227.5	5404617.0	5541027.0	5589592.5	5561041.5	5457912.5	5286991.0	5052747.0	4767441.0	4459463.5	4145765.0	3826499.0	3502949.5	3194551.5	2900294.0	2591603.0	2308792.5	2004421.5	1690538.0	1442550.5	1222482.5	1036694.5	886679.0	764466.0	663750.0	579655.5	511689.0	457220.0	416465.5	383353.0	351686.0	325291.0	300870.5	279584.0	258250.0	233208.5	207825.5	181530.5	154360.5	127708.0	103008.5	81255.0	62464.0	46378.5	33469.0	23498.5	16101.5	10763.5	6991.5	4474.0	2750.0	1703.5	1086.0	710.0	495.0	313.0	227.5	197.0	152.0	118.0	90.0	73.5	51.5	36.5	31.5	23.5	16.5
Sor-ACeb_010-Ex1-5F-lcwgs-1-3-L3-clmp.r1	18.0	21.5	29.5	46.5	90.5	167.0	274.5	437.5	689.5	1112.5	1873.5	3257.0	5537.5	9795.0	17579.5	30501.0	52605.0	86211.5	136519.0	210427.5	311598.0	442116.0	608636.5	820774.0	1072408.5	1367766.5	1692420.5	2032597.5	2412975.5	2805434.0	3202965.0	3613269.0	4006615.5	4344889.5	4626340.0	4839857.0	4956900.5	4991748.0	4955222.0	4855573.5	4694706.5	4474033.5	4207671.0	3925760.5	3641080.5	3351289.5	3060394.5	2783452.5	2518839.5	2246308.5	2003131.5	1734409.5	1452071.0	1235679.5	1047974.0	888041.5	758410.5	654307.0	568801.0	498022.5	441402.5	396652.5	362632.0	334785.0	308482.0	286711.0	266444.0	247755.5	229322.5	208047.5	184956.5	161685.5	137887.0	113664.0	91549.5	71884.5	55079.0	40677.0	29117.5	20352.0	13942.0	9306.5	5931.5	3713.0	2253.0	1341.0	796.5	464.5	266.0	129.0	70.0	45.0	28.0	16.0	10.5	5.0	4.0	3.5	2.0	1.5	1.0
Sor-ACeb_010-Ex1-5F-lcwgs-1-3-L3-clmp.r2	19.0	23.5	29.5	45.0	74.0	141.5	257.5	413.5	662.0	1057.5	1767.0	3023.0	5094.5	9182.5	16704.5	29154.5	50836.0	83935.0	133768.0	207535.5	308573.0	439828.5	607336.5	820070.5	1071932.0	1364750.0	1688887.5	2030732.5	2410921.5	2803762.5	3200156.5	3608966.0	4001003.5	4334534.5	4612487.0	4826103.5	4943127.0	4979107.5	4944840.5	4846380.5	4687297.0	4470174.5	4208480.5	3928224.0	3644097.0	3357005.5	3068087.0	2793064.0	2529985.0	2256249.0	2011895.5	1743881.5	1461600.0	1244160.5	1054485.0	893453.5	763598.5	658813.5	572668.0	501238.0	443942.5	398577.0	364205.0	335861.5	309101.5	287266.0	267163.0	248857.0	230219.5	208107.0	185123.0	162233.0	138360.0	114052.5	91814.5	72187.5	55461.5	41165.0	29589.0	20781.0	14265.0	9565.5	6067.5	3856.0	2470.5	1508.0	942.0	611.0	417.0	274.5	198.0	166.0	126.5	97.0	81.0	53.5	30.5	10.5	3.5	1.5	1.0
Sor-ACeb_011-Ex1-6F-lcwgs-1-3-L2-clmp.r1	9.0	17.5	42.5	90.5	182.5	304.0	454.0	652.5	948.5	1389.0	2094.0	3294.5	5094.5	8013.0	12255.0	17843.0	25160.5	33360.0	42438.0	52905.0	63866.0	75570.5	88757.0	104184.5	120422.0	136378.0	152660.5	168372.5	183599.5	197819.0	210545.5	222505.0	232651.5	240225.5	246144.5	249770.0	250515.5	250454.5	249565.0	247344.0	244704.5	242648.5	241172.5	240695.0	241613.0	242718.5	244169.5	244860.5	244076.5	241430.5	236599.0	225951.5	212375.0	201668.0	193233.5	188198.0	188185.0	193425.5	204391.5	221269.0	242188.0	266334.5	292154.0	317332.0	340269.0	357571.5	367239.0	370109.0	364412.5	348148.0	322859.5	291937.0	256692.5	218640.5	180595.5	145051.0	113473.0	85688.0	62528.5	44271.0	30519.0	20394.0	12850.5	7923.5	4857.5	2819.0	1598.0	921.5	501.0	237.0	122.5	73.0	39.5	19.0	10.0	5.0	2.0	1.0	0.5	0.0	0.0
Sor-ACeb_011-Ex1-6F-lcwgs-1-3-L2-clmp.r2	8.0	11.5	26.5	74.0	144.5	226.0	357.0	561.0	846.5	1277.5	1990.5	3119.0	4774.0	7452.0	11413.0	16872.0	24119.0	32288.0	41507.0	52147.5	63387.5	75437.5	88927.0	104486.5	121026.5	137452.0	153556.5	169167.5	184667.0	198971.5	211696.5	223384.5	233477.5	240690.0	245884.0	249085.5	249987.5	249902.5	248594.0	246486.5	244191.0	241891.0	240263.5	239928.0	241039.0	242721.5	244071.0	244608.5	244271.5	241258.0	235587.5	225639.0	212828.0	202069.5	193666.0	188915.0	189084.5	194459.0	205671.0	222031.5	242818.0	267035.0	292847.5	318609.5	340761.5	357586.5	367701.5	370283.5	363466.5	346962.5	322031.5	290689.5	255867.0	217945.5	179877.0	144731.5	113147.0	85417.0	62531.5	44533.0	30718.5	20512.5	13139.5	8180.0	4971.0	2920.5	1661.5	945.0	545.0	286.0	186.5	133.0	91.5	76.0	73.0	69.5	65.0	61.0	52.5	27.5	9.5
Sor-ACeb_011-Ex1-6F-lcwgs-1-3-L3-clmp.r1	15.0	26.0	58.5	110.5	180.5	297.0	444.5	614.0	864.0	1295.0	1967.0	3108.5	4856.5	7677.5	11653.0	16654.5	23141.0	30396.0	38604.0	47830.0	57469.5	68134.0	79858.0	93713.5	108358.5	122612.5	137070.5	151020.5	165007.0	177865.5	188899.0	199154.0	208332.0	214971.5	219524.5	222498.0	223198.5	223178.5	222483.5	221079.5	219364.0	217694.5	216783.5	216930.0	218118.0	219859.5	222153.0	223190.0	222457.5	219829.0	215331.0	205886.0	193791.0	184052.0	176622.0	172733.5	173186.5	178281.5	189201.5	206005.0	226176.5	248497.0	272248.0	296120.5	317753.0	333447.0	341607.0	343167.0	336495.0	320863.5	296529.0	266136.0	233359.5	198134.0	162385.0	129585.0	100766.5	75653.5	54932.0	38791.0	26644.5	17747.0	11184.0	6871.0	4210.0	2453.0	1362.0	763.0	425.0	203.5	103.5	55.5	27.5	12.5	7.5	5.0	2.0	0.5	0.0	0.0	0.0
Sor-ACeb_011-Ex1-6F-lcwgs-1-3-L3-clmp.r2	11.0	16.0	35.5	67.0	131.5	243.0	375.5	541.5	795.0	1176.5	1803.0	2845.5	4420.5	6968.0	10721.5	15738.5	22124.5	29355.0	37516.0	46814.5	56894.0	67934.5	79985.5	93567.5	108064.0	122817.5	137399.5	151174.0	164991.0	177886.5	189120.0	199660.5	208797.5	215052.0	219199.0	222067.5	223203.5	223111.0	222155.0	220902.5	219343.0	217501.5	216388.5	216371.5	217575.5	219616.5	221419.0	222354.0	222556.5	220205.0	215876.5	206426.0	194000.5	184765.5	177510.0	173290.0	173553.5	178782.0	189923.0	206147.5	225985.5	248539.5	272704.5	296914.5	317757.0	333316.5	342016.5	343977.5	337101.0	320844.0	296813.0	266598.0	233486.0	197879.5	162807.0	130412.5	101228.0	76043.0	55269.5	39187.0	27062.0	18085.5	11450.0	7138.5	4375.0	2526.0	1443.5	834.5	468.5	242.0	133.5	79.0	49.0	29.5	22.0	15.0	8.5	3.5	1.5	1.0	0.0
Sor-ACeb_012-Ex1-7F-lcwgs-1-3-L2-clmp.r1	10.0	10.0	18.0	35.0	59.0	112.0	188.0	290.0	450.5	694.0	1081.5	1803.5	3054.0	5595.5	10093.5	18023.0	32323.5	55086.0	90967.5	144443.0	216568.0	307115.5	416770.5	547178.5	693359.5	854097.5	1020285.0	1181485.0	1342649.5	1490099.5	1624882.0	1755792.5	1867321.0	1948169.5	1998424.0	2012839.0	1988101.0	1933950.5	1856198.0	1762390.5	1656669.0	1535804.5	1407620.5	1282582.0	1163545.0	1052819.0	947610.5	850279.5	762750.5	676397.0	600744.5	517211.0	430032.0	364584.0	308270.0	261186.0	222804.0	191935.5	167514.0	147810.0	131875.5	119115.5	109692.0	101550.0	93569.0	87054.5	81068.0	75460.5	69549.5	62988.0	56071.5	48971.5	41636.5	34593.5	28260.5	22398.0	17349.0	12981.0	9533.0	6895.5	4823.0	3244.0	2082.0	1330.0	835.0	489.0	285.5	161.5	91.5	43.5	19.0	8.5	4.0	2.0	3.0	3.5	3.0	1.0	0.0	0.5	1.0
Sor-ACeb_012-Ex1-7F-lcwgs-1-3-L2-clmp.r2	10.0	13.5	24.0	38.5	58.0	102.0	170.0	255.5	402.0	657.0	1063.0	1755.5	2974.0	5438.5	9838.5	17753.0	31919.0	54550.0	90432.0	144153.5	216333.5	307259.5	417649.5	549428.0	696794.5	856023.0	1021803.5	1184901.0	1346151.0	1493235.0	1628221.5	1758737.0	1869066.5	1947955.5	1996220.5	2008131.0	1983447.5	1930314.5	1851880.0	1757347.5	1651149.0	1531690.5	1405257.5	1280520.5	1162335.0	1052550.0	947735.5	851190.5	764486.0	677300.5	599199.0	515978.0	430621.0	365700.0	308727.5	261139.0	223118.5	192451.0	168286.0	148515.5	132228.0	119295.0	109665.0	101656.0	94228.0	87453.5	81177.0	75657.0	69591.5	62689.0	55751.0	48798.0	41688.5	34896.0	28475.5	22541.0	17408.0	13019.0	9522.5	6890.0	4888.5	3314.0	2135.0	1363.0	851.0	518.5	308.0	184.5	106.0	52.0	31.0	18.0	10.0	9.5	9.0	9.0	9.0	4.0	1.0	2.0	3.5
Sor-ACeb_012-Ex1-7F-lcwgs-1-3-L3-clmp.r1	6.0	12.0	21.5	30.5	56.0	110.0	175.5	260.0	394.5	625.0	989.5	1678.5	2766.0	4893.0	8829.5	15741.5	28244.5	47896.0	78594.5	124008.5	185552.5	263362.5	357473.5	468713.0	593485.0	729910.0	869400.5	1005636.5	1141601.0	1266640.5	1381734.5	1490762.5	1583474.5	1649765.0	1689112.5	1698231.5	1673498.5	1624280.5	1557554.0	1476520.5	1383693.0	1280241.5	1171128.0	1065817.5	966938.0	873088.0	784458.0	704105.5	630316.0	556710.0	492970.5	423918.0	352504.5	299118.5	252573.0	213885.0	183238.5	158592.5	138406.0	122307.5	109652.0	99363.5	91693.5	85538.5	79673.5	74373.0	69274.0	64613.0	59654.0	54000.0	48322.0	42311.5	36047.0	30041.0	24560.0	19472.0	15048.5	11321.0	8234.0	5913.0	4162.0	2805.0	1784.5	1135.5	742.5	442.5	245.0	132.0	68.5	38.5	19.5	9.5	7.0	4.0	2.0	2.0	1.5	0.5	0.0	0.0	0.0
Sor-ACeb_012-Ex1-7F-lcwgs-1-3-L3-clmp.r2	5.0	10.0	19.5	31.5	57.5	101.0	166.0	251.0	370.5	602.0	982.0	1632.0	2676.0	4734.5	8394.0	14918.5	27341.5	47060.0	77576.5	123084.5	184542.5	261896.0	355966.0	467653.0	592558.0	727687.5	867780.5	1005034.5	1140545.0	1265958.5	1380484.0	1488658.0	1581099.5	1646961.0	1685100.0	1694696.0	1672379.0	1624351.5	1556726.5	1475040.5	1383496.5	1281102.5	1172484.5	1067570.5	969335.5	876031.5	786606.5	705896.5	632957.5	559727.5	495130.0	425891.5	354795.0	300971.5	253978.5	214935.0	184143.5	159406.5	139239.5	123026.0	110261.5	99771.0	92074.5	85758.0	79784.0	74711.0	69500.0	65004.0	60093.5	54027.5	48239.0	42288.0	36043.5	30112.0	24599.5	19506.0	15104.0	11451.0	8413.0	5953.5	4148.5	2805.0	1816.0	1170.5	756.0	467.0	283.5	158.5	83.0	48.0	33.5	23.0	12.5	13.0	12.5	7.0	5.0	3.0	1.0	0.5	0.0
Sor-ACeb_013-Ex1-8F-lcwgs-1-3-L2-clmp.r1	40.0	47.5	69.5	86.0	114.0	175.0	241.5	353.0	559.5	878.0	1358.0	2291.0	3990.0	7228.5	13192.5	23297.0	40382.5	65031.5	100186.0	147991.5	208149.5	281755.0	367257.5	466482.0	573448.0	692164.0	810200.0	918986.0	1034356.5	1141479.0	1238652.0	1334786.0	1419741.0	1484063.5	1526305.5	1540826.0	1527970.0	1494582.0	1443638.0	1382356.5	1314392.0	1238942.5	1162260.5	1089812.0	1021527.5	958982.5	901271.5	848649.0	798575.5	743878.5	692039.5	621031.0	539520.0	478000.5	425437.5	384141.5	356271.5	342462.5	342612.0	353986.5	375265.0	405177.0	439914.0	475515.0	507817.0	533028.5	547462.5	550947.0	541067.5	515313.5	476379.0	427919.5	373725.0	316440.5	259822.5	206581.0	158558.0	117897.0	85479.0	59997.0	40897.5	27250.5	17280.0	10626.5	6275.5	3539.5	2014.5	1128.5	622.0	328.0	175.5	89.0	55.0	38.5	21.0	10.0	3.5	1.0	0.0	0.0	0.0
Sor-ACeb_013-Ex1-8F-lcwgs-1-3-L2-clmp.r2	46.0	48.0	62.5	86.0	120.5	171.5	236.0	342.5	499.0	788.0	1315.5	2241.5	3777.0	6828.5	12518.0	22034.0	38722.5	63433.0	98492.0	147001.0	208648.0	282817.0	369486.0	470310.0	577809.0	694413.0	813029.5	923410.5	1037355.0	1144018.0	1240697.5	1334945.0	1417783.0	1480091.0	1518926.5	1530903.0	1517761.5	1484240.5	1433688.0	1373208.5	1304455.5	1230719.5	1156516.0	1086066.5	1020416.5	959098.0	902749.5	851963.0	802600.5	746699.0	693812.0	624005.0	543599.0	481595.0	429113.5	388656.0	361014.0	346623.0	345723.5	357114.0	378608.5	407798.0	442199.5	477042.5	508544.0	534401.5	548725.5	550518.5	540359.5	514082.5	475112.0	427539.0	372681.0	315008.0	258549.5	205230.5	157512.0	117437.5	85069.5	59761.0	40742.0	26893.5	17125.5	10719.0	6452.0	3740.0	2229.5	1318.5	819.5	534.5	370.0	291.5	255.5	231.5	226.0	215.0	222.5	217.0	147.0	91.0	49.5
Sor-ACeb_013-Ex1-8F-lcwgs-1-3-L3-clmp.r1	21.0	36.5	61.0	76.0	122.0	179.5	226.0	312.0	480.0	793.5	1284.0	2134.5	3634.5	6613.0	12068.5	21356.5	37050.0	59384.5	91714.5	136406.0	192610.0	260979.0	341326.5	434782.0	534919.0	645853.0	756778.5	859247.0	967040.5	1066870.0	1157933.0	1247392.5	1325420.5	1381965.0	1416166.0	1425124.0	1407045.5	1370554.0	1319159.5	1258450.5	1192637.0	1121072.5	1049439.0	982354.5	920115.0	864324.0	813173.5	766241.5	721726.5	672594.5	624803.5	560761.5	488205.0	433169.0	386649.0	350930.0	327170.0	316102.5	317920.0	330818.5	352938.0	381913.0	415801.0	449832.0	479576.0	502546.5	515650.5	517124.0	505623.5	480565.5	442692.0	395796.5	343974.0	289798.5	236407.0	186552.5	142958.0	105987.0	76044.5	53282.0	36168.0	23725.5	14986.5	9135.5	5381.5	3046.0	1710.0	968.0	524.0	262.5	130.0	63.5	38.5	22.5	10.5	4.0	1.0	0.5	0.0	0.0	0.0
Sor-ACeb_013-Ex1-8F-lcwgs-1-3-L3-clmp.r2	21.0	32.5	57.0	78.5	118.0	170.0	213.5	285.0	425.5	698.0	1208.0	2023.0	3370.0	6166.5	11216.0	19898.0	35038.0	57412.0	89498.0	133687.0	189944.0	258331.0	338458.5	432161.0	532367.5	641022.0	751796.5	855111.0	962166.0	1062282.0	1153269.5	1241891.0	1319301.0	1376468.0	1410203.0	1417671.0	1401594.5	1368329.5	1318672.5	1258459.5	1192654.0	1122523.5	1051631.0	985424.5	923746.5	867229.5	816972.0	771539.5	726844.5	676304.5	628875.0	565988.0	493253.5	437182.0	390606.0	355465.0	330947.5	319092.0	320189.0	332397.0	354059.5	382802.5	416255.0	449959.0	479465.5	503530.5	516908.5	517618.0	506891.0	480721.5	442646.0	397533.5	345571.5	290561.0	237287.5	187975.5	144021.5	106758.5	77003.0	54002.0	36705.5	24128.5	15379.0	9520.0	5719.5	3374.0	1949.0	1159.5	737.5	452.0	289.5	222.0	192.5	143.0	104.0	78.5	49.0	25.0	8.0	4.0	1.5
Sor-ACeb_014-Ex1-9F-lcwgs-1-3-L2-clmp.r1	54.0	60.5	73.5	122.0	190.0	299.5	428.0	604.5	951.5	1472.0	2376.0	3961.0	6667.0	11867.0	21349.0	37276.0	63543.0	102745.5	159864.5	240176.5	343267.5	469340.5	618480.0	794225.5	990662.0	1209660.0	1433390.5	1651597.0	1884091.0	2104650.5	2312123.0	2519743.5	2708177.5	2855771.0	2964914.0	3036116.0	3054544.0	3025320.0	2960364.5	2866322.5	2744671.0	2596803.0	2431709.5	2264650.5	2100649.5	1935722.5	1771798.5	1621119.0	1479825.5	1332137.5	1200318.0	1048856.0	885798.5	760090.0	649604.0	557053.0	484659.0	428617.0	384755.5	352446.0	330163.5	314421.5	305632.0	300681.0	295833.0	291867.5	284497.0	275474.5	263796.5	245860.5	224286.0	199271.0	171672.5	143756.0	117105.0	92676.0	70796.5	52382.0	37884.5	26562.5	18066.0	11861.5	7533.0	4651.0	2753.0	1579.5	901.5	515.0	282.0	141.5	88.0	48.5	24.5	14.5	6.0	6.0	5.0	4.0	2.0	0.5	0.0
Sor-ACeb_014-Ex1-9F-lcwgs-1-3-L2-clmp.r2	40.0	40.5	71.5	121.0	188.5	273.5	367.5	566.0	878.5	1391.5	2249.5	3715.5	6288.0	11280.5	20203.5	35316.5	61185.5	100588.5	157854.5	238191.5	342331.5	470019.0	620606.0	797946.0	995252.5	1212441.5	1437277.5	1658676.5	1890987.0	2111866.0	2318229.5	2522551.0	2708153.0	2853264.5	2959200.0	3026319.0	3042355.5	3012837.0	2947409.5	2851584.5	2728971.0	2584307.5	2423133.5	2258154.0	2096243.5	1934333.5	1773613.5	1624909.0	1484137.5	1335303.0	1199586.0	1048915.0	890180.0	765042.0	653839.5	560276.5	488273.0	432429.0	387797.0	354732.5	332342.0	316672.0	307189.0	301685.5	296653.5	292646.5	285465.5	275739.0	263702.5	245938.5	224245.0	199504.0	171438.5	143350.5	117057.5	92504.5	70645.0	52521.5	38081.5	26628.0	18085.5	11823.5	7620.0	4789.5	2846.0	1704.5	1025.5	653.0	433.0	288.0	226.5	180.0	155.0	134.5	109.0	97.5	101.5	89.5	56.5	31.5	19.5
Sor-ACeb_014-Ex1-9F-lcwgs-1-3-L3-clmp.r1	56.0	60.5	78.0	119.0	185.5	274.5	382.0	532.5	857.5	1383.5	2298.5	3805.5	6344.5	11400.5	20203.5	34704.5	58907.5	94928.5	147323.5	221319.5	317006.0	433591.0	572101.5	735991.0	918080.5	1121233.0	1329457.0	1532677.5	1748727.5	1953032.5	2144717.5	2333701.5	2504418.0	2639919.0	2737283.5	2795467.5	2802852.5	2766656.0	2697991.0	2605350.5	2488867.5	2347493.0	2192025.0	2035542.5	1882571.0	1730639.5	1582480.5	1446658.0	1318602.0	1184387.0	1065048.0	929296.0	783634.5	672553.0	574590.0	492636.0	430019.5	381780.0	344314.5	317136.5	298659.0	286388.0	280046.5	276733.0	273170.5	270383.0	264438.0	256058.0	245199.0	228293.5	207536.5	184275.0	158396.0	131510.0	106529.0	84286.5	64322.0	47457.0	33931.5	23580.5	16014.5	10501.0	6655.0	4100.5	2415.0	1398.0	808.5	455.5	256.0	131.5	79.0	46.5	24.5	12.5	6.0	5.5	4.0	2.5	1.0	0.0	0.0
Sor-ACeb_014-Ex1-9F-lcwgs-1-3-L3-clmp.r2	41.0	42.5	62.0	102.0	166.0	244.0	366.0	569.5	861.5	1341.5	2104.0	3460.5	5873.0	10517.0	18795.5	32819.5	56270.0	91739.5	143932.0	217724.5	313270.5	429585.5	568259.0	732426.0	914746.0	1115378.0	1323835.0	1530045.5	1745614.5	1949748.0	2141002.5	2328807.0	2497793.5	2632482.0	2729321.0	2786921.0	2796604.5	2762474.5	2694610.5	2602108.0	2486613.0	2348180.0	2193982.5	2039307.0	1887101.0	1735575.0	1588518.5	1453464.0	1326513.0	1192679.5	1072493.0	935832.5	790390.5	678762.0	580127.5	497415.0	433820.0	385223.0	346891.0	318794.0	300457.0	288096.0	281432.0	277857.5	274022.0	270995.5	265429.0	256722.0	245206.5	228788.5	208470.5	185176.5	158714.5	131893.0	107328.0	84665.5	64533.0	47874.0	34497.5	24044.0	16339.5	10634.5	6811.0	4293.0	2594.5	1571.0	956.0	612.5	389.5	255.0	194.0	148.0	114.5	93.5	78.0	52.5	26.5	14.5	7.0	3.0	0.0
Sor-ACeb_015-Ex1-10F-lcwgs-1-3-L2-clmp.r1	0.0	2.0	3.5	3.5	6.5	13.0	24.5	39.5	73.0	132.0	210.0	341.5	578.5	1051.0	1872.0	3344.0	5958.5	10080.5	16580.5	26202.5	39344.5	56300.5	78019.0	105743.0	138069.5	175404.5	215639.5	256983.0	302624.0	348139.0	392344.5	436675.5	478474.5	513330.0	539957.0	559440.5	567480.5	563712.0	551774.0	533982.0	510465.0	481369.5	448275.5	413807.0	380082.5	346779.0	314219.5	284390.0	256201.0	227665.5	202934.0	175196.5	146468.5	124717.5	105520.0	89395.5	76183.5	65513.5	56710.5	49955.0	44826.0	40628.0	37759.5	35676.5	33825.0	32232.5	30237.0	28531.5	27204.5	25180.5	22694.5	20043.5	17218.0	14396.0	11690.0	9188.0	7046.0	5154.0	3722.5	2670.5	1822.5	1171.5	713.0	425.5	261.0	166.5	87.5	43.5	30.0	20.0	8.5	5.5	3.0	1.0	1.0	0.5	0.0	0.0	0.5	0.5	0.0
Sor-ACeb_015-Ex1-10F-lcwgs-1-3-L2-clmp.r2	1.0	1.5	2.0	4.0	9.0	10.5	17.0	39.0	70.0	111.5	207.0	356.5	583.0	997.5	1800.0	3301.5	5920.5	10118.0	16608.0	26168.5	39354.5	56388.5	78238.5	106248.0	138816.5	176089.0	216361.0	257700.5	303143.0	349108.5	393655.0	437573.0	478933.5	513532.0	540476.5	559027.0	565860.0	562720.5	550718.0	531960.0	508699.0	480332.5	447835.5	413518.0	379554.0	346197.5	313644.5	284394.0	256555.5	227710.0	202583.0	175018.0	146469.5	124536.5	105288.0	89334.5	76367.5	65718.5	56866.5	49937.5	44694.5	40736.0	37929.5	35673.5	33731.5	32203.5	30472.0	28639.0	26973.0	24986.0	22613.0	20010.0	17310.5	14502.5	11652.5	9147.0	7078.5	5268.5	3813.0	2697.0	1828.0	1167.0	725.5	452.5	293.5	186.5	106.0	59.5	41.5	28.5	18.0	12.5	9.0	6.5	4.5	2.5	2.0	2.0	1.5	1.5	1.5
Sor-ACeb_015-Ex1-10F-lcwgs-1-3-L3-clmp.r1	5.0	4.5	4.0	6.5	10.5	15.5	27.5	40.5	66.0	108.0	191.0	309.0	509.0	948.5	1642.0	2892.5	5189.5	8714.5	14063.5	22210.5	33486.5	47927.0	66035.5	88690.5	115525.0	146913.5	180968.5	215512.5	252780.0	290300.0	328022.0	365932.5	400792.0	430023.5	452798.5	467794.0	472479.5	468835.5	459199.5	444406.0	424084.5	398936.5	370612.5	341527.5	313116.5	285841.0	259463.5	234660.5	211529.0	187447.5	166297.0	143788.5	120223.0	102009.0	86051.0	72863.0	62053.0	53639.5	47189.0	41620.0	37309.5	34026.5	31604.0	30059.0	28731.5	27553.5	26202.5	24951.5	23484.0	21536.5	19468.5	17149.5	14745.0	12375.5	10056.5	7933.5	6202.0	4689.0	3296.5	2269.0	1540.5	999.0	643.0	370.5	216.0	138.5	87.5	44.5	26.0	16.5	8.5	3.0	1.0	1.0	1.0	0.5	0.0	0.5	0.5	0.0	0.0
Sor-ACeb_015-Ex1-10F-lcwgs-1-3-L3-clmp.r2	3.0	2.5	2.5	4.5	10.5	15.0	21.0	35.0	65.5	99.0	175.0	301.5	492.0	898.0	1605.5	2819.5	5044.5	8493.5	13819.5	21915.5	33208.5	47758.0	65878.0	88656.5	115572.5	146989.5	181075.5	215415.0	252640.0	290528.0	327939.5	365543.0	400671.0	429014.0	451371.0	466701.0	471615.5	468574.0	459112.5	444263.0	423905.0	398713.5	370954.5	342139.5	313431.5	285840.5	259319.0	235155.0	212186.0	188087.0	167044.5	144217.0	120566.5	102529.5	86253.0	72848.5	62458.0	53954.5	47291.0	41854.0	37440.5	34132.0	31865.0	30180.5	28643.5	27469.5	26224.0	24978.0	23585.5	21784.5	19541.0	17105.0	14828.0	12426.5	10019.0	7996.5	6146.5	4485.5	3264.0	2300.5	1557.5	1036.5	672.5	413.5	250.5	149.0	89.0	57.0	38.0	29.0	19.0	9.5	10.5	8.5	5.5	6.0	4.0	2.0	0.5	0.0	0.0
Sor-ACeb_016-Ex1-11F-lcwgs-1-3-L2-clmp.r1	0.0	1.0	2.5	3.5	8.0	12.0	18.0	32.5	58.0	88.0	133.0	223.0	367.0	651.5	1173.0	2140.0	3885.0	6649.5	11198.0	18220.5	28660.5	43160.0	62374.5	87991.0	120825.0	162277.5	208469.0	258485.5	317932.5	381227.0	447423.0	518744.5	590806.0	655974.0	714915.5	764391.0	797784.0	816609.0	823678.0	821248.5	806338.5	779280.5	743511.5	702452.5	659790.5	615896.0	570157.0	525881.0	481803.0	434965.0	391822.0	341874.0	289148.0	249009.0	212987.0	181944.5	157649.0	137380.5	119856.5	105269.0	93114.0	83435.0	75969.5	69690.5	64342.0	59469.0	54860.0	50914.5	47081.5	42715.5	37881.0	33082.0	28230.5	23587.5	19274.0	15185.0	11656.0	8703.5	6302.5	4468.5	3098.0	2047.0	1267.5	774.5	487.5	304.5	189.5	107.5	63.5	37.0	21.5	13.5	8.0	5.5	3.0	2.5	2.0	0.5	0.0	0.0	0.0
Sor-ACeb_016-Ex1-11F-lcwgs-1-3-L2-clmp.r2	0.0	0.5	1.5	3.5	8.5	13.5	18.0	30.5	54.5	80.5	127.5	216.5	358.5	633.0	1130.0	2119.0	3807.5	6585.0	11171.5	18271.5	28795.5	43416.0	62725.5	88686.5	121643.5	162411.0	209023.5	260246.0	319600.0	382840.0	449152.5	520129.0	592028.0	656616.0	714331.5	763214.5	796490.5	815299.5	822169.5	818972.0	803967.5	777668.5	741800.0	701337.5	659632.0	615721.0	570198.5	525910.0	482153.0	434867.5	390342.0	340727.0	289353.0	249339.0	213024.5	182067.5	157793.5	137473.5	119993.0	105295.0	93317.0	83616.0	76115.0	69807.0	64298.5	59628.5	54904.5	50824.0	46916.5	42601.0	37933.5	32933.0	28150.0	23621.5	19223.5	15211.0	11734.5	8777.5	6336.5	4440.5	3109.0	2089.0	1313.5	853.0	557.0	345.5	215.5	130.0	85.5	62.0	45.5	34.0	21.0	17.5	18.5	12.0	9.0	7.0	6.0	5.5	3.0
Sor-ACeb_016-Ex1-11F-lcwgs-1-3-L3-clmp.r1	2.0	2.5	2.0	3.5	8.0	13.5	19.0	27.0	37.5	59.0	101.0	188.5	318.0	558.0	995.5	1791.0	3159.0	5405.5	9151.0	14853.0	23424.5	35170.0	50871.5	72483.5	99593.0	133053.5	171487.0	213162.5	261642.0	314072.0	369074.5	428443.5	488871.5	542429.5	591174.5	632087.5	658818.5	674184.0	678905.5	675316.0	662375.5	639872.0	610349.5	576290.0	540669.0	503952.0	465628.5	429345.0	393904.5	354927.5	319418.5	278763.5	235055.5	201778.0	173088.5	148371.5	127961.0	111696.0	97968.0	85934.5	76067.0	68548.5	62641.0	57775.0	53527.5	49848.0	46292.0	42959.5	39738.5	36091.5	32388.0	28280.5	23924.5	20085.5	16442.5	12930.5	9935.0	7387.0	5328.5	3782.0	2592.0	1708.0	1127.5	722.0	439.0	251.0	142.5	90.5	51.5	27.5	14.0	5.0	1.5	0.5	1.0	1.0	0.5	0.0	0.0	0.0	0.0
Sor-ACeb_016-Ex1-11F-lcwgs-1-3-L3-clmp.r2	2.0	2.0	1.0	0.5	2.5	12.0	19.5	25.0	37.5	63.0	104.5	182.0	298.5	534.0	955.5	1715.0	3074.5	5306.5	9084.5	14847.0	23370.5	35159.0	50955.5	72662.5	99861.5	132999.5	171276.0	212927.5	261332.5	314074.5	369248.0	428451.5	488276.5	541664.5	590065.5	630018.5	657050.0	673223.5	678479.5	674577.0	660916.0	639191.5	610082.5	576214.0	540904.5	504243.5	466685.5	430556.0	394733.5	355667.0	319821.0	279299.5	236055.0	202638.0	173937.0	148751.5	128251.0	112069.5	98055.5	86213.0	76518.5	68698.5	62650.0	57777.5	53278.5	49683.5	46294.0	43069.5	39848.5	36185.0	32400.5	28383.0	24215.0	20254.0	16445.0	12999.0	10000.5	7302.0	5326.0	3835.5	2635.0	1764.5	1149.0	743.0	463.5	276.5	168.0	114.0	75.5	48.0	32.5	25.5	21.0	15.5	10.5	9.5	7.5	3.5	1.0	0.0	0.0
Sor-ACeb_017-Ex1-12F-lcwgs-1-3-L2-clmp.r1	2.0	3.0	3.5	4.5	7.0	10.0	20.0	35.0	49.5	78.5	136.0	227.0	393.5	717.5	1344.0	2489.5	4645.5	8175.5	13811.0	22435.5	34708.0	51572.0	73437.5	101572.5	135670.0	177228.5	222719.5	269980.5	323197.5	377775.5	433561.0	490907.5	545932.5	593083.0	632260.0	663659.5	682954.0	689287.0	684859.0	672499.0	652229.5	623463.0	587497.0	550224.5	512700.0	473150.5	433569.0	396988.0	362829.0	326271.5	292475.5	255532.5	217074.5	186997.0	160057.0	136969.0	117977.0	102442.0	89809.0	79339.5	70381.5	63173.5	57855.0	53370.0	49124.0	45385.0	41917.0	38870.5	35592.0	31818.5	28038.5	24502.0	20747.5	17036.5	13848.0	10957.5	8422.5	6202.0	4373.0	3061.0	2115.0	1414.0	910.5	551.0	335.0	209.5	131.5	79.0	47.5	28.5	16.5	7.0	3.5	2.0	0.5	1.0	0.5	0.0	0.0	0.0	0.0
Sor-ACeb_017-Ex1-12F-lcwgs-1-3-L2-clmp.r2	2.0	3.5	4.0	4.0	5.5	7.5	13.0	26.0	44.5	72.0	121.5	215.0	393.0	717.5	1299.0	2419.5	4574.5	8173.5	13813.5	22368.5	34809.0	51601.5	73581.5	102082.0	136421.5	177913.0	223955.5	271821.5	324040.5	378521.5	435040.5	492264.5	546270.5	592600.5	631669.0	663117.0	681652.0	687370.5	683370.0	671483.0	650999.0	621617.0	586168.5	549450.5	512213.5	473026.0	433370.5	397032.5	363059.0	326141.5	291833.0	255046.0	216970.5	186994.5	160001.5	136671.5	117909.0	102640.5	89919.0	79336.0	70607.5	63361.0	57803.0	53489.5	49127.5	45169.5	41738.5	38857.0	35721.5	31858.0	28058.5	24529.0	20894.5	17237.5	13939.5	10927.0	8337.0	6183.5	4389.5	3073.5	2101.5	1384.0	917.5	583.0	368.5	224.0	143.0	94.0	64.0	48.0	33.5	20.0	16.5	12.0	8.0	10.0	7.5	3.0	3.0	3.5	2.0
Sor-ACeb_017-Ex1-12F-lcwgs-1-3-L3-clmp.r1	2.0	3.0	3.5	6.0	11.0	14.5	15.5	23.0	34.5	55.5	105.0	190.0	327.5	605.5	1131.0	2044.0	3723.5	6511.5	11071.0	18119.5	28090.0	41183.5	58444.5	81292.5	108621.0	141584.5	177891.0	215914.5	258585.0	301975.0	345940.5	391172.0	435034.0	473379.5	505224.0	528848.5	542187.0	546969.5	544377.5	533815.5	516138.0	492941.5	464093.0	433963.5	404079.0	372891.0	340705.0	311208.5	283567.0	254228.5	227745.5	199138.0	169014.0	144957.0	124096.0	106638.5	91948.5	79567.5	69564.0	61235.0	54395.5	48922.0	44910.5	41382.5	37657.5	34674.0	32216.0	29952.0	27493.5	24690.0	21890.0	18994.0	16111.5	13332.5	10722.0	8383.5	6454.0	4819.0	3400.5	2367.5	1625.5	1093.0	695.0	403.5	241.5	150.0	97.5	61.5	40.5	29.0	14.5	4.0	2.0	1.0	1.0	2.0	1.0	0.0	0.0	0.0	0.0
Sor-ACeb_017-Ex1-12F-lcwgs-1-3-L3-clmp.r2	2.0	3.0	3.5	4.0	7.0	12.5	17.0	22.5	39.0	62.0	109.0	188.0	315.0	581.5	1070.0	1971.5	3667.0	6444.0	10920.0	17877.5	27849.5	41157.0	58647.0	81299.0	108873.5	141381.0	177551.0	215972.5	258420.0	302211.0	346036.0	390790.5	434820.0	472593.0	503682.5	527731.0	541248.0	546238.0	543543.5	533249.5	515898.0	492582.0	463884.0	433854.0	404258.5	373549.0	341320.5	311549.5	284083.5	254724.5	228009.5	199371.0	169539.0	145685.0	124880.5	106880.0	91976.5	79959.5	70025.0	61531.5	54478.0	49047.5	44995.5	41465.0	37866.5	34807.0	32194.5	29849.0	27522.0	24825.5	21874.5	18988.5	16149.5	13342.5	10788.5	8387.5	6425.0	4836.5	3450.5	2400.0	1654.5	1092.5	682.5	423.0	258.0	162.5	110.5	74.0	57.0	44.0	27.5	16.0	17.0	12.0	8.0	9.0	5.0	2.0	0.5	0.5	0.0
Sor-ACeb_018-Ex1-1G-lcwgs-1-3-L2-clmp.r1	11.0	20.5	31.0	52.0	95.5	163.0	260.0	432.0	667.0	993.0	1503.5	2228.0	3389.0	5604.5	9416.0	15581.0	25706.0	40909.0	63532.0	95621.0	138704.5	193984.5	262682.0	349050.0	452560.0	573917.0	704611.5	841562.0	994808.5	1154885.5	1321969.5	1498979.5	1672866.0	1825678.0	1954178.0	2050811.5	2106431.5	2127601.0	2119336.0	2088153.0	2028261.0	1937994.5	1832261.0	1720374.0	1606586.0	1492689.5	1376737.0	1265912.5	1157494.0	1042469.0	939067.0	817646.5	686486.0	587181.0	501595.5	427767.0	367286.0	318752.5	278460.5	244923.0	217811.0	195522.0	178056.5	162886.0	148810.5	136952.0	125501.0	115012.5	105159.0	94410.0	83071.0	71938.5	60973.0	50356.0	40486.5	31368.5	23726.5	17562.0	12348.0	8336.5	5585.5	3633.5	2272.5	1394.5	807.5	467.0	286.5	177.0	108.0	59.5	28.0	11.5	10.0	7.5	3.0	1.5	0.5	0.0	0.0	0.5	1.0
Sor-ACeb_018-Ex1-1G-lcwgs-1-3-L2-clmp.r2	10.0	16.5	33.0	49.5	75.5	137.0	239.0	385.0	599.5	902.0	1363.0	2095.0	3244.5	5336.0	9000.0	15107.0	25054.0	39977.5	62761.0	95205.0	138243.0	193315.0	263277.0	350725.5	454209.0	575014.5	706021.5	844159.0	998086.0	1158691.0	1326792.5	1503314.0	1674450.0	1824703.0	1950787.0	2045867.0	2100159.5	2121662.5	2113967.5	2081037.5	2021650.5	1933387.5	1828458.0	1717686.0	1605381.5	1493163.5	1378712.5	1268544.5	1159739.5	1042707.0	936716.5	817108.0	688878.5	588574.5	502108.5	429000.5	368893.5	319981.5	279645.0	246260.0	218922.5	196375.5	178471.0	162885.5	148922.0	137416.0	125846.5	115394.5	105528.5	94582.0	83201.5	71947.0	60957.0	50380.5	40511.0	31421.5	23789.5	17538.0	12482.5	8546.0	5699.5	3771.0	2455.5	1555.0	915.5	542.0	358.5	250.5	172.5	130.5	99.5	70.5	59.5	45.0	38.0	27.0	20.0	20.0	13.0	9.5	10.0
Sor-ACeb_018-Ex1-1G-lcwgs-1-3-L3-clmp.r1	8.0	14.0	28.5	41.0	78.5	150.0	242.5	396.5	605.5	901.5	1356.5	2036.0	3148.5	5189.5	8715.0	14430.5	23664.0	37579.0	57610.5	86272.5	125125.0	174088.0	235255.0	312861.5	405280.0	512975.5	629023.0	751510.0	888682.0	1031923.0	1181421.0	1340964.5	1496921.5	1631527.5	1745013.5	1829427.0	1875795.0	1889348.5	1877996.5	1848199.5	1793066.0	1711516.0	1614804.5	1512974.5	1410487.0	1308027.0	1205502.5	1107435.5	1010724.5	908582.5	817341.5	710698.5	595520.0	508962.5	434722.5	371127.5	318644.0	276470.0	242241.5	213978.0	190987.0	171793.0	156506.5	143762.0	132011.0	122095.5	112389.5	103266.0	94589.0	85171.0	75091.0	64848.5	54911.5	45294.5	36296.5	28145.0	21173.5	15373.5	10721.5	7295.0	4939.5	3189.5	1912.5	1135.0	673.5	403.0	254.0	150.5	76.5	42.0	23.5	6.5	3.0	2.5	1.0	0.0	0.5	1.0	1.0	0.5	0.0
Sor-ACeb_018-Ex1-1G-lcwgs-1-3-L3-clmp.r2	11.0	14.5	27.5	43.5	75.5	134.5	223.0	360.0	551.0	826.0	1279.0	1939.5	2956.5	4826.0	8087.0	13621.0	22735.5	36402.0	56542.5	85050.5	123590.0	172828.0	234566.0	312844.0	405229.5	511225.5	627271.5	751296.0	888721.0	1031407.5	1181172.5	1340444.0	1494522.0	1627619.0	1739480.0	1823850.0	1870575.0	1885897.5	1876562.0	1846252.0	1790379.5	1710335.5	1616281.0	1515165.0	1413176.5	1311189.5	1208232.0	1110318.5	1014030.0	911593.5	819566.0	713353.0	599104.5	512143.5	437077.5	372953.0	320318.5	277636.5	243369.0	215422.5	191759.0	172188.5	157063.5	143963.5	132140.5	122405.5	112525.5	103567.0	95140.5	85350.5	75139.0	65106.0	55093.0	45587.5	36582.5	28246.5	21278.0	15521.0	10983.5	7540.0	5074.5	3297.0	2061.0	1301.0	807.0	477.5	325.0	248.0	172.0	118.0	94.5	66.5	55.5	51.5	39.0	24.0	13.0	4.5	3.0	1.0	0.0
Sor-ACeb_019-Ex1-3G-lcwgs-1-3-L2-clmp.r1	0.0	0.0	0.0	0.0	0.0	0.5	1.5	1.5	0.5	0.5	1.5	3.5	4.0	9.5	23.0	37.5	68.5	124.0	187.5	290.0	397.0	537.0	686.5	836.0	1037.0	1269.5	1507.5	1694.0	1951.5	2215.0	2412.0	2622.5	2765.0	2847.0	2945.5	3003.5	3049.0	3076.5	3029.5	2904.5	2728.5	2590.0	2397.5	2171.0	1993.5	1774.0	1579.0	1480.5	1342.0	1176.5	1043.0	907.5	768.0	655.0	603.5	535.0	437.5	379.0	325.0	278.0	249.5	221.0	204.0	185.5	157.5	140.0	134.0	124.5	104.5	78.5	62.5	54.0	45.0	40.5	38.5	27.0	20.5	15.0	9.5	6.5	4.0	3.0	1.5	1.5	0.5	0.0	0.0	0.0	0.0	0.0	0.0	0.0	0.0	0.0	0.0	0.0	0.0	0.0	0.0	0.0	0.0
Sor-ACeb_019-Ex1-3G-lcwgs-1-3-L2-clmp.r2	0.0	0.0	0.0	0.0	0.0	0.5	1.5	1.0	0.0	0.0	1.5	5.0	5.0	9.0	20.5	38.0	70.0	119.0	191.5	290.5	384.0	522.5	690.0	837.0	1033.5	1294.5	1545.5	1732.0	1943.0	2173.0	2368.5	2638.0	2808.5	2868.5	2949.0	2985.0	3048.0	3055.5	3021.0	2918.0	2728.0	2571.0	2361.5	2170.0	2017.5	1778.0	1580.0	1472.0	1331.5	1173.0	1032.0	892.0	762.0	664.5	610.0	540.5	447.5	376.0	322.5	280.5	245.0	218.0	203.0	193.0	168.0	137.5	122.5	116.5	104.5	85.5	65.0	51.5	50.5	48.5	37.5	29.0	20.0	8.0	5.5	4.5	2.5	3.5	3.0	1.5	1.5	1.5	1.0	0.0	0.0	0.0	0.0	0.0	0.0	0.0	0.0	0.0	0.0	0.0	0.0	0.0	0.0
Sor-ACeb_019-Ex1-3G-lcwgs-1-3-L3-clmp.r1	0.0	0.0	0.0	0.0	0.0	0.0	0.5	1.0	1.0	0.5	1.0	2.0	3.0	6.5	8.5	16.0	23.5	33.5	57.0	83.0	115.5	150.0	193.5	250.5	316.0	389.0	455.0	511.0	579.0	650.5	723.0	762.5	818.0	864.0	882.5	916.5	936.5	917.5	868.5	854.5	824.0	778.0	737.0	690.5	621.0	564.0	517.0	462.5	416.5	379.0	339.5	286.0	245.5	218.5	189.0	166.0	142.0	105.0	82.0	78.5	82.5	75.5	60.5	54.0	53.5	44.0	35.0	31.5	28.5	30.0	27.0	19.5	19.0	17.0	11.0	10.0	10.0	8.0	6.0	6.0	4.5	1.0	0.0	0.0	0.0	0.0	0.0	0.0	0.0	0.0	0.0	0.0	0.0	0.0	0.0	0.0	0.0	0.0	0.0	0.0	0.0
Sor-ACeb_019-Ex1-3G-lcwgs-1-3-L3-clmp.r2	0.0	0.0	0.0	0.0	0.0	0.0	0.0	1.0	2.0	1.5	1.0	1.0	2.5	6.5	10.0	17.0	26.0	35.5	56.5	82.5	112.0	152.5	195.0	241.5	326.5	392.5	429.0	495.5	575.0	644.0	722.5	777.0	821.5	860.5	879.0	916.0	941.0	925.5	876.5	852.5	830.5	778.0	725.5	698.0	642.0	566.0	502.5	448.5	412.5	374.0	328.5	288.5	253.0	222.0	189.0	163.0	141.5	108.5	91.0	85.0	81.0	73.5	61.5	51.0	50.5	46.5	37.0	28.5	26.5	28.0	27.0	24.0	19.5	18.0	14.0	12.0	9.5	5.5	5.0	4.5	3.5	1.5	0.0	0.0	0.0	0.0	0.0	0.0	0.0	0.0	0.0	0.0	0.0	0.0	0.0	0.0	0.0	0.0	0.0	0.0	0.0
Sor-ACeb_020-Ex1-2G-lcwgs-1-3-L2-clmp.r1	0.0	0.0	0.0	0.0	0.0	0.0	0.0	0.0	0.0	1.0	2.5	5.0	12.5	25.5	42.0	82.5	172.0	297.5	479.0	776.5	1147.5	1572.0	2068.5	2720.0	3449.5	4147.5	4856.5	5610.5	6439.0	7252.0	8188.5	9424.0	10742.5	11954.5	12328.5	11855.0	11225.0	10591.0	9988.0	9468.0	9208.5	8992.5	8844.5	8846.5	8918.0	9084.0	9390.0	9677.5	9873.5	9914.0	9929.0	8809.5	6949.0	5844.0	5181.0	4771.0	4525.0	4534.5	4722.0	4998.0	5264.5	5736.0	6366.5	6807.0	7086.5	7312.5	7314.5	7141.5	6911.0	6449.0	5822.5	5104.5	4325.5	3512.5	2764.5	2130.5	1612.0	1210.0	860.5	597.5	402.0	256.0	159.0	96.5	56.0	29.0	16.5	8.0	1.5	1.0	0.5	0.5	1.5	1.0	0.0	0.0	0.0	0.0	0.0	0.0	0.0
Sor-ACeb_020-Ex1-2G-lcwgs-1-3-L2-clmp.r2	0.0	0.0	0.0	0.0	0.0	0.0	0.0	0.0	0.0	1.0	2.5	4.5	12.0	28.0	45.5	89.5	180.0	291.0	458.0	754.0	1140.5	1579.0	2093.5	2747.5	3454.0	4149.5	4864.5	5598.5	6427.5	7287.5	8233.5	9470.5	10926.5	12161.5	12374.0	11794.5	11019.0	10363.0	9969.0	9500.0	9198.5	9049.5	8901.0	8924.0	9052.5	9206.0	9545.0	9878.0	10093.0	9860.5	9442.0	8555.5	7048.0	5909.0	5144.5	4652.0	4373.0	4447.0	4673.0	4920.5	5304.5	5747.5	6288.0	6734.0	7030.5	7294.5	7353.0	7138.5	6882.5	6398.5	5693.5	5064.5	4325.0	3515.0	2806.0	2190.0	1669.5	1231.0	866.5	595.0	389.0	262.5	174.0	94.5	54.5	28.0	12.5	5.5	1.5	1.0	0.5	0.5	1.5	1.0	0.0	0.0	0.0	0.0	0.0	0.0	0.0
Sor-ACeb_020-Ex1-2G-lcwgs-1-3-L3-clmp.r1	0.0	0.0	0.0	0.0	0.0	0.0	0.0	0.0	0.0	1.0	2.5	4.5	8.5	19.0	36.5	67.0	129.0	234.5	385.5	590.5	864.0	1219.0	1688.5	2230.5	2734.0	3271.0	3913.5	4590.5	5240.5	5919.5	6760.0	7762.0	8747.0	9600.0	9872.5	9487.0	8995.5	8608.0	8125.5	7667.5	7342.0	7142.0	7120.0	7154.0	7185.5	7287.0	7718.0	8123.5	8236.0	8078.0	8042.0	7055.0	5431.5	4656.5	4227.0	3961.5	3794.0	3838.5	4084.0	4299.5	4626.0	4974.5	5294.5	5625.5	5881.5	6138.5	6176.0	5960.0	5796.5	5515.0	4933.5	4256.5	3666.0	3038.0	2384.0	1866.5	1362.5	1012.5	745.0	486.5	306.0	193.5	128.5	86.0	49.0	21.5	17.0	11.5	6.0	4.0	3.0	1.0	0.0	0.0	0.0	0.0	0.0	0.0	0.0	0.0	0.0
Sor-ACeb_020-Ex1-2G-lcwgs-1-3-L3-clmp.r2	0.0	0.0	0.0	0.0	0.0	0.0	0.0	0.0	0.0	1.0	2.0	4.0	8.5	17.0	36.5	76.0	131.5	223.0	376.0	588.0	868.0	1216.0	1664.5	2199.0	2721.5	3277.5	3900.5	4582.5	5252.5	5873.0	6651.5	7712.0	8787.0	9626.5	9932.5	9508.5	8936.0	8575.0	8134.5	7680.5	7310.0	7100.0	7094.5	7112.0	7166.0	7363.5	7763.0	8090.5	8198.0	8123.0	8717.5	7636.5	5317.0	4516.5	4085.5	3826.0	3685.0	3724.0	3963.5	4285.5	4547.5	4860.0	5317.0	5606.5	5879.0	6131.5	6179.0	6015.5	5769.5	5431.5	4861.0	4276.0	3733.0	3047.5	2381.5	1880.5	1415.0	1024.5	710.0	479.5	321.0	204.0	129.0	90.5	56.0	23.5	13.5	11.0	6.5	5.0	3.5	1.0	0.0	0.0	0.0	0.0	0.0	0.0	0.0	0.0	0.0
Sor-ACeb_021-Ex1-4G-lcwgs-1-3-L2-clmp.r1	0.0	0.0	0.0	0.0	0.0	0.0	0.0	0.0	0.0	0.0	0.0	1.5	3.0	3.5	4.5	7.5	12.0	23.0	28.5	42.0	61.5	79.0	103.0	135.5	174.0	213.0	262.0	305.0	363.0	418.0	473.0	557.5	616.5	659.5	706.5	709.0	718.0	739.0	714.5	718.5	706.5	663.5	643.0	598.5	549.5	518.0	495.5	474.5	435.5	381.0	330.0	280.5	246.0	225.0	195.5	174.0	149.5	115.5	104.0	100.5	86.5	77.0	69.5	62.0	59.5	50.5	46.0	43.0	40.0	32.5	24.5	25.0	22.0	17.5	12.5	8.0	5.0	4.0	2.5	3.0	4.0	2.5	0.5	0.0	0.0	0.0	0.0	0.0	0.0	0.0	0.0	0.0	0.0	0.0	0.0	0.0	0.0	0.0	0.0	0.0	0.0
Sor-ACeb_021-Ex1-4G-lcwgs-1-3-L2-clmp.r2	0.0	0.0	0.0	0.0	0.0	0.0	0.0	0.0	0.0	0.0	0.5	1.5	1.5	2.0	4.5	7.0	9.5	22.5	32.5	43.5	55.5	69.5	100.0	143.0	185.0	221.0	264.0	313.5	367.5	409.0	469.5	562.5	622.0	666.0	708.5	710.5	715.0	725.5	699.5	705.5	701.0	648.0	630.0	608.5	574.0	533.5	492.0	471.0	437.0	378.5	331.0	286.0	249.0	228.0	195.0	164.0	140.0	116.0	105.5	100.5	88.5	79.5	70.5	59.0	54.5	51.0	43.0	42.0	43.5	36.0	28.5	27.0	19.5	13.0	11.0	7.0	7.5	6.5	2.0	2.5	3.5	3.5	2.0	0.0	0.0	0.0	0.0	0.0	0.0	0.0	0.0	0.0	0.0	0.0	0.0	0.0	0.0	0.0	0.0	0.0	0.0
Sor-ACeb_021-Ex1-4G-lcwgs-1-3-L3-clmp.r1	0.0	0.0	0.0	0.0	0.0	0.0	0.0	0.0	0.5	0.5	0.0	0.0	0.5	1.0	1.0	1.5	3.5	6.5	12.5	15.5	20.0	28.0	36.0	41.0	45.5	59.5	83.0	102.0	109.5	118.5	140.0	164.5	182.5	195.5	197.0	203.0	217.0	221.5	208.5	208.0	211.0	196.5	194.5	190.0	160.5	145.5	135.0	124.5	117.5	104.0	98.0	86.5	68.5	59.0	54.0	45.0	41.0	34.0	27.0	27.5	25.0	21.0	23.0	23.5	19.0	15.5	15.0	14.5	12.5	11.0	8.0	6.5	8.5	6.0	3.5	2.5	3.5	5.0	2.5	0.0	0.0	0.0	0.0	0.0	0.0	0.0	0.0	0.0	0.0	0.0	0.0	0.0	0.0	0.0	0.0	0.0	0.0	0.0	0.0	0.0	0.0
Sor-ACeb_021-Ex1-4G-lcwgs-1-3-L3-clmp.r2	0.0	0.0	0.0	0.0	0.0	0.0	0.0	0.0	0.5	0.5	0.5	1.0	0.5	0.5	1.0	1.5	3.5	5.0	10.0	15.0	20.5	29.0	33.0	40.0	55.0	74.0	86.5	94.5	106.5	115.5	141.0	171.0	180.5	195.0	200.5	200.0	214.0	218.5	205.5	203.5	209.0	200.0	193.5	185.5	166.0	148.0	135.5	129.5	122.5	108.0	95.5	83.0	63.5	58.0	56.0	47.5	40.0	32.0	27.5	27.0	27.0	22.5	21.0	22.5	20.5	14.0	13.5	15.5	14.0	14.0	10.0	6.5	7.5	5.5	3.5	2.5	2.5	3.0	2.0	1.0	0.5	0.0	0.0	0.5	0.5	0.0	0.0	0.0	0.0	0.0	0.0	0.0	0.0	0.0	0.0	0.0	0.0	0.0	0.0	0.0	0.0
Sor-ACeb_022-Ex1-5G-lcwgs-1-3-L2-clmp.r1	5.0	10.0	31.0	86.0	176.5	295.5	472.5	737.5	1105.5	1653.5	2430.5	3694.5	5765.5	9335.0	14745.0	22057.5	31509.5	42465.5	54684.5	68001.5	81452.5	94770.5	108385.5	122360.0	135443.0	147913.5	159090.0	168201.5	176216.5	182468.5	187643.0	191737.5	194411.5	195995.0	195016.5	191671.0	187690.5	182825.5	176551.5	170061.0	164443.0	158247.5	151964.0	146833.5	142110.5	137554.0	133269.5	129309.0	125205.5	120298.5	115131.0	107318.0	98379.5	92091.5	86968.5	83427.5	81515.5	81540.5	83828.5	87926.5	93596.0	99945.0	106642.5	112681.0	117645.0	121056.0	121790.5	120009.5	115703.5	108234.5	98904.5	88463.0	76435.5	63778.5	51876.5	41065.5	31684.0	23788.0	17009.5	11814.5	8057.0	5330.5	3345.5	2095.0	1310.0	745.0	397.5	229.0	123.0	62.5	34.5	14.0	9.5	7.5	4.0	2.0	1.0	1.0	0.5	0.0	0.0
Sor-ACeb_022-Ex1-5G-lcwgs-1-3-L2-clmp.r2	4.0	8.5	26.0	75.5	156.0	260.5	430.0	675.0	1004.5	1475.0	2243.0	3452.0	5417.0	8792.5	13982.0	21203.0	30643.0	41640.5	53936.0	67154.5	80844.5	94736.5	108486.0	122461.0	135986.5	148450.0	159664.5	169033.5	176971.0	183138.5	188188.0	192271.0	195045.0	196370.5	194972.0	191941.5	187928.5	182862.0	176633.5	170034.0	164158.0	157978.5	151706.5	146600.5	142201.5	137748.5	133547.5	129579.0	125250.0	120095.0	114698.5	107503.5	98916.0	92042.0	86971.0	83584.0	81667.0	81687.5	83923.0	87992.5	93598.5	100092.5	106826.5	112539.0	117298.5	121016.0	122009.0	120138.0	115623.0	108038.5	98764.0	88410.0	76450.0	63957.0	51887.5	40828.0	31609.5	23710.0	16913.0	11771.0	8052.0	5410.5	3420.0	2106.5	1323.0	781.5	421.0	237.0	135.5	76.5	45.0	21.0	11.0	11.0	13.5	13.0	8.5	8.0	7.0	4.0	2.0
Sor-ACeb_022-Ex1-5G-lcwgs-1-3-L3-clmp.r1	2.0	7.5	29.5	73.5	161.5	273.0	403.5	638.0	1002.5	1455.0	2194.5	3395.0	5337.0	8610.5	13332.0	19835.5	28206.0	37370.0	47458.0	58679.5	69788.0	80640.0	91998.5	103582.5	114685.5	124558.0	133027.5	140259.0	146359.0	150768.5	153963.0	156526.0	158082.0	158733.5	157096.5	153803.5	150424.0	146531.5	141519.5	136117.5	131750.5	126779.0	121541.5	117951.0	114842.0	111995.5	109455.5	106884.0	103664.5	99511.0	95446.0	89349.5	82475.0	77380.0	73457.5	70755.0	69515.0	70265.5	72484.5	76314.0	81597.0	87567.0	93684.5	98976.5	103412.5	106799.0	107965.0	106292.5	101821.0	95356.0	87549.0	77996.5	66991.5	55976.0	45521.0	35986.0	27657.0	20537.5	14761.0	10287.5	6871.5	4540.0	2935.5	1768.5	1042.5	611.5	344.5	179.5	90.0	45.5	23.5	12.0	6.5	2.0	2.0	1.0	0.0	0.0	0.0	0.0	0.0
Sor-ACeb_022-Ex1-5G-lcwgs-1-3-L3-clmp.r2	2.0	6.5	26.0	72.0	137.0	229.5	371.5	594.0	919.0	1330.0	1969.5	3076.5	4862.5	7861.5	12553.5	18952.5	27186.0	36485.0	46759.5	57908.0	69184.0	80482.5	91844.0	103844.0	115211.5	124623.0	133230.5	140841.5	147119.5	151436.5	154261.0	157074.5	158649.5	158700.0	157045.5	154098.0	150743.5	146502.0	141468.0	136372.0	131921.0	127007.5	121682.0	117897.5	115127.5	112436.0	109490.5	106593.5	103566.0	99411.0	95695.5	90198.5	83167.0	77806.5	73526.0	70701.0	69353.0	70155.5	72714.5	76445.5	81751.5	88023.0	94130.5	99006.0	103076.0	106489.0	107720.0	106004.0	102025.5	95611.5	87371.0	77980.0	67277.5	56168.0	45478.5	35892.5	27621.0	20549.5	14808.0	10300.0	6856.5	4570.5	2935.5	1791.5	1107.5	635.5	336.5	183.5	97.5	50.0	27.5	16.0	11.0	7.5	6.5	5.0	1.5	0.0	0.0	0.5	0.5
