Sample	1	2	3	4	5	6	7	8	9	10	11	12	13	14	15	16	17	18	19	20	21	22	23	24	25	26	27	28	29	30	31	32	33	34	35	36	37	38	39	40	41	42	43	44	45	46	47	48	49	50	51	52	53	54	55	56	57	58	59	60	61	62	63	64	65	66	67	68	69	70	71	72	73	74	75	76	77	78	79	80	81	82	83	84	85	86	87	88	89	90	91	92	93	94	95	96	97	98	99	100	101	102	103	104	105	106	107	108	109	110	111	112	113	114	115	116	117	118	119	120	121	122	123	124	125	126	127	128	129	130	131	132	133	134	135	136	137	138	139	140	141	142	143	144	145	146	147	148	149	150
Sor-CPnd_001-Ex1-3E-lcwgs-1-3	0.0028084	0.0755254	0.0	0.009313740000000001	0.0	0.0	0.0	0.0	0.0	0.0	0.0	0.000571201	0.0	0.000666401	0.00131693	0.0003332	0.07628700000000001	0.040222	0.0	0.0	0.00020626700000000002	0.000238	0.0821259	0.0	0.000269734	0.0856959	7.93334e-05	0.0	0.0	0.00112653	0.00298294	0.0001904	0.0	0.000491867	0.0407615	0.0012376	0.0800791	0.000111067	0.0	0.0	6.34667e-05	0.0	0.000126933	0.00046013399999999996	0.0	0.0	0.0	1.5866700000000002e-05	0.0	3.1733400000000004e-05	0.000698134	0.000269734	0.0003808	0.000317334	1.5866700000000002e-05	0.000491867	0.00272907	0.0029512	4.76e-05	0.000174533	0.126378	0.000111067	0.0860291	0.000269734	0.000349067	0.000126933	0.000539467	0.000222134	0.0762711	0.0001428	7.93334e-05	0.000698134	0.0	0.0	0.0	0.000571201	0.0	0.0	0.0420784	0.0006822670000000001	0.000222134	0.0	0.00020626700000000002	0.00020626700000000002	0.000317334	0.0007298669999999999	0.0	0.000174533	0.085331	9.52001e-05	0.0	0.0	0.0	1.5866700000000002e-05	0.0021896	0.0	0.00130107	0.0	0.0	0.00217374	0.000349067	9.52001e-05	0.0835539	1.5866700000000002e-05	0.000476	0.000840934	0.000253867	0.00139627	0.0	0.0	0.0106783	0.0002856	4.76e-05	0.000238	0.000364934	0.0	0.0008092010000000001	0.0	0.0	9.52001e-05	0.12894899999999998	0.0	9.52001e-05	0.000967868	6.34667e-05	0.0002856	0.0006822670000000001	0.000111067	0.00182467	0.000126933	0.0	0.000238	0.0031891999999999997	0.165823	0.000571201	0.0036969399999999997	0.0448868	0.0429035	0.0008885340000000001	0.00111067	0.00020626700000000002	0.000539467	0.000238	0.0	1.5866700000000002e-05	0.0014756	0.000618801	0.0	3.1733400000000004e-05	0.000761601
Sor-CPnd_002-Ex1-5E-lcwgs-1-3	0.00299718	0.07517510000000001	0.0	0.00943374	0.0	0.0	0.0	0.0	0.0	0.0	0.0	0.000573231	0.0	0.000966303	0.00113008	0.00014740199999999998	0.0772224	0.0393891	0.0	0.0	0.00027842599999999997	0.000311182	0.0820539	0.0	0.000409451	0.0842813	1.6378e-05	0.0	0.0	0.000999059	0.00299718	0.000212914	0.0	0.000671499	0.0444172	0.00140851	0.08136600000000001	0.00016378	0.0	0.0	9.826810000000001e-05	0.0	0.000212914	0.000540475	0.0	0.0	0.0	1.6378e-05	0.0	9.826810000000001e-05	0.000835279	0.00032756	0.000376694	0.00042582899999999996	0.0	0.000409451	0.00248946	0.00296442	9.826810000000001e-05	8.18901e-05	0.12878	4.91341e-05	0.0865087	0.00024567	0.000491341	0.00018015799999999998	0.000311182	0.000262048	0.07730429999999999	6.55121e-05	9.826810000000001e-05	0.0007697670000000001	0.0	0.0	0.0	0.000491341	0.0	0.0	0.0421734	0.000966303	0.000262048	0.0	0.000212914	0.000343938	0.000442207	0.000999059	6.55121e-05	0.000262048	0.0856734	0.000131024	0.0	0.0	0.0	1.6378e-05	0.00237481	0.0	0.00131024	0.0	0.0	0.00255497	0.000311182	9.826810000000001e-05	0.0867052	1.6378e-05	0.00036031599999999996	0.000737011	0.000311182	0.0016378000000000002	0.0	0.0	0.0115629	0.000131024	4.91341e-05	0.000393072	0.000393072	0.0	0.0006878769999999999	0.0	0.0	0.000131024	0.133383	0.0	8.18901e-05	0.00111371	4.91341e-05	0.00029480399999999996	0.000704255	0.00014740199999999998	0.0019489800000000001	9.826810000000001e-05	0.0	0.00018015799999999998	0.0036359200000000004	0.171429	0.000376694	0.0039471	0.0446301	0.0412726	0.0008844129999999999	0.00137575	0.000196536	0.00047496299999999996	0.00029480399999999996	0.0	1.6378e-05	0.00217828	0.000442207	0.0	8.18901e-05	0.0006878769999999999
Sor-CPnd_003-Ex1-2B-lcwgs-1-3	0.0027012299999999998	0.0768071	0.0	0.00967172	0.0	0.0	0.0	0.0	0.0	0.0	0.0	0.000434832	0.0	0.000816957	0.00112002	0.000263534	0.07999590000000001	0.039609200000000004	0.0	0.0	0.000276711	0.000487539	0.08176159999999999	0.0	0.000500715	0.0852798	3.95302e-05	0.0	0.0	0.0009619009999999999	0.00333371	0.000118591	0.0	0.0008433100000000001	0.0414276	0.00166027	0.0815376	0.000105414	0.0	0.0	7.90603e-05	0.0	0.000158121	0.000513892	0.0	0.0	0.0	0.0	0.0	6.58836e-05	0.000711543	0.000263534	0.000355772	0.00044800899999999997	0.0	0.000395302	0.00299112	0.0030833500000000003	3.95302e-05	0.00014494400000000001	0.13092399999999998	0.000105414	0.08947	0.00018447399999999998	0.0006983660000000001	0.000118591	0.00046118499999999997	0.000197651	0.07994319999999999	6.58836e-05	3.95302e-05	0.000658836	0.0	0.0	0.0	0.000553422	0.0	0.0	0.0420865	0.000816957	0.000382125	0.0	0.00014494400000000001	0.000316241	0.000540246	0.0009487240000000001	1.3176699999999999e-05	0.000263534	0.0877306	7.90603e-05	0.0	0.0	0.0	2.6353399999999997e-05	0.0018579199999999999	0.0	0.00119908	0.0	0.0	0.0028198200000000002	0.000276711	3.95302e-05	0.08608350000000001	1.3176699999999999e-05	0.000513892	0.000751073	0.000316241	0.00172615	0.0	0.0	0.0113979	0.000224004	1.3176699999999999e-05	0.000487539	0.000382125	0.0	0.000711543	0.0	0.0	0.000118591	0.129066	1.3176699999999999e-05	3.95302e-05	0.00126497	3.95302e-05	0.000224004	0.0006324830000000001	0.000131767	0.00198969	7.90603e-05	0.0	0.00014494400000000001	0.0034391199999999995	0.167173	0.000342595	0.003953020000000001	0.0442474	0.0414935	0.0007906030000000001	0.00129132	0.00023718100000000002	0.00042165500000000005	0.00014494400000000001	1.3176699999999999e-05	2.6353399999999997e-05	0.00196333	0.000487539	0.0	7.90603e-05	0.000553422
Sor-CPnd_004-Ex1-1G-lcwgs-1-3	0.00252504	0.0748403	0.0	0.00930656	9.017980000000001e-06	0.0	0.0	0.0	0.0	0.0	0.0	0.000577151	0.0	0.0008567090000000001	0.0010010000000000002	0.00018036	0.076716	0.039093	0.0	0.0	0.00018036	0.00027054	0.0832089	0.0	0.00045089899999999994	0.0859053	0.000108216	0.0	0.0	0.0007935829999999999	0.00290379	0.000162324	9.017980000000001e-06	0.000667331	0.042790299999999996	0.00146993	0.0828663	9.017980000000001e-05	0.0	0.0	4.5089900000000003e-05	0.0	0.000117234	0.000495989	0.0	0.0	0.0	9.017980000000001e-06	0.0	2.7054e-05	0.000802601	0.000288576	0.000351701	0.000342683	0.0	0.000414827	0.0026062	0.0029759300000000003	1.8036e-05	0.000207414	0.128389	0.00012625199999999998	0.0874745	0.00025250399999999997	0.000505007	0.000117234	0.000586169	0.00019839600000000002	0.0766348	0.000108216	9.017980000000001e-05	0.000757511	0.0	9.017980000000001e-06	0.0	0.000550097	0.0	0.0	0.0427002	0.0008927799999999999	0.00025250399999999997	0.0	0.00018036	0.000234468	0.00040580900000000003	0.0007665290000000001	3.6071899999999996e-05	0.00026152200000000003	0.0853552	7.21439e-05	0.0	0.0	0.0	9.017980000000001e-06	0.00211923	9.017980000000001e-06	0.00127154	0.0	0.0	0.00256111	0.00027054	4.5089900000000003e-05	0.0854274	2.7054e-05	0.000468935	0.000685367	0.00022545000000000003	0.00161422	0.0	0.0	0.0114799	0.000297593	4.5089900000000003e-05	0.000351701	0.000360719	0.0	0.000667331	0.0	0.0	0.000153306	0.130039	0.0	3.6071899999999996e-05	0.00111823	3.6071899999999996e-05	0.000234468	0.000631259	0.000117234	0.00216432	9.017980000000001e-05	0.0	0.00018036	0.00343585	0.165624	0.00040580900000000003	0.00422943	0.044873500000000004	0.042645999999999996	0.000802601	0.0011543	0.000144288	0.000468935	0.00022545000000000003	9.017980000000001e-06	5.4107900000000004e-05	0.00203806	0.000523043	0.0	5.4107900000000004e-05	0.000658313
Sor-CPnd_005-Ex1-3D-lcwgs-1-3	0.00208719	0.0772489	0.0	0.009142820000000001	0.0	0.0	0.0	0.0	0.0	0.0	0.0	0.00043105100000000006	0.0	0.000748668	0.00115703	0.000158808	0.0778841	0.0363898	0.0	0.0	0.000249556	0.000226869	0.0811737	0.0	0.000317617	0.0884109	0.000136121	0.0	0.0	0.000975537	0.00297198	9.074759999999999e-05	0.0	0.000499112	0.0428329	0.00127047	0.0811284	0.000113435	0.0	0.0	0.000113435	0.0	0.000136121	0.000453738	0.0	0.0	0.0	2.2686899999999998e-05	0.0	2.2686899999999998e-05	0.000499112	0.000272243	0.000249556	0.000408364	0.0	0.000249556	0.0024275	0.0029493	4.5373799999999996e-05	0.000181495	0.1275	0.000113435	0.0871858	0.000249556	0.000340304	9.074759999999999e-05	0.000499112	0.000181495	0.0778614	0.000113435	4.5373799999999996e-05	0.00065792	0.0	0.0	0.0	0.00036299	0.0	0.0	0.0416758	0.000725981	0.000226869	0.0	0.000113435	0.00029493	0.000408364	0.0006125459999999999	4.5373799999999996e-05	0.000226869	0.0875261	9.074759999999999e-05	0.0	0.0	0.0	4.5373799999999996e-05	0.0017242	0.0	0.00108897	0.0	0.0	0.00238212	0.000226869	2.2686899999999998e-05	0.0853254	4.5373799999999996e-05	0.000499112	0.000635233	0.000181495	0.00131584	0.0	0.0	0.0106855	0.00038567699999999996	2.2686899999999998e-05	0.000158808	0.00029493	0.0	0.000567173	0.0	0.0	0.000158808	0.134034	0.0	6.80607e-05	0.000816728	2.2686899999999998e-05	0.000181495	0.000521799	9.074759999999999e-05	0.00170152	6.80607e-05	0.0	0.000158808	0.00324423	0.164752	0.000340304	0.0036072200000000004	0.0467123	0.0412221	0.000748668	0.000907476	0.000113435	0.00038567699999999996	0.000181495	2.2686899999999998e-05	2.2686899999999998e-05	0.0017242	0.000408364	0.0	2.2686899999999998e-05	0.000476425
Sor-CPnd_006-Ex1-2D-lcwgs-1-3	0.00294062	0.0750328	0.0	0.00979062	0.0	0.0	0.0	0.0	0.0	0.0	0.0	0.000642992	0.0	0.0008487490000000001	0.00116596	0.00023147699999999998	0.07769050000000001	0.0390767	0.0	0.0	0.000222904	0.000360075	0.0820457	0.0	0.000368649	0.0860066	7.7159e-05	0.0	0.0	0.00101164	0.00318924	0.000111452	0.0	0.0008830420000000001	0.042146	0.00180895	0.0815742	0.00010287899999999999	0.0	0.0	6.85858e-05	0.0	0.000214331	0.00050582	0.0	0.0	0.0	2.5719700000000004e-05	0.0	3.42929e-05	0.000711577	0.00023147699999999998	0.00046295399999999996	0.000360075	0.0	0.000514393	0.00303492	0.00315495	3.42929e-05	0.000145745	0.12793	7.7159e-05	0.0887328	0.00033435599999999995	0.000660138	0.000205757	0.000582979	0.00019718400000000001	0.0776477	0.000128598	5.14393e-05	0.000720151	0.0	0.0	0.0	0.000677285	0.0	0.0	0.0420602	0.0009173349999999999	0.000257197	0.0	0.000171464	0.00026577	0.00037722200000000003	0.0008916149999999999	0.0	0.00019718400000000001	0.0860494	0.000137172	0.0	0.0	0.0	1.71464e-05	0.00220332	0.0	0.00139744	0.0	0.0	0.00216903	0.000214331	8.57322e-06	0.0853893	2.5719700000000004e-05	0.000565833	0.000865895	0.00029149	0.00180895	0.0	0.0	0.0109823	0.00024005	9.43054e-05	0.000437234	0.00039436800000000003	0.0	0.000831603	0.0	0.0	0.00018861100000000001	0.130459	8.57322e-06	9.43054e-05	0.00132885	1.71464e-05	0.000360075	0.000703004	0.000128598	0.00186039	8.57322e-05	0.0	0.000257197	0.00403799	0.16638899999999998	0.0005486859999999999	0.0037036300000000003	0.0447436	0.0425918	0.0008916149999999999	0.00126884	0.000214331	0.000600126	0.00010287899999999999	0.0	5.14393e-05	0.0018003799999999999	0.000565833	8.57322e-06	5.14393e-05	0.000720151
Sor-CPnd_007-Ex1-1C-lcwgs-1-3	0.0025866500000000002	0.0763061	0.0	0.00941419	0.0	0.0	0.0	0.0	0.0	0.0	0.0	0.000631623	0.0	0.00078201	0.000902319	0.000300773	0.0753436	0.0390403	0.0	0.0	0.00024061799999999998	0.00024061799999999998	0.0833743	0.0	0.000391005	0.0882167	3.0077299999999997e-05	0.0	0.0	0.0008421640000000001	0.00285734	0.00012030899999999999	0.0	0.00042108200000000003	0.0424391	0.00138356	0.0820809	3.0077299999999997e-05	0.0	0.0	3.0077299999999997e-05	0.0	0.00012030899999999999	0.00042108200000000003	0.0	0.0	0.0	0.0	0.0	3.0077299999999997e-05	0.000812087	0.000180464	0.00042108200000000003	0.00024061799999999998	0.0	0.000451159	0.00240618	0.00303781	3.0077299999999997e-05	0.00015038600000000002	0.129002	0.00012030899999999999	0.0871339	0.00027069599999999996	0.000360928	0.00012030899999999999	0.000601546	0.00015038600000000002	0.07540379999999999	9.02319e-05	0.00012030899999999999	0.000691778	0.0	0.0	0.0	0.000571469	0.0	0.0	0.0441535	0.000691778	0.00027069599999999996	0.0	3.0077299999999997e-05	0.000360928	0.000300773	0.0009323959999999999	6.0154599999999995e-05	0.00024061799999999998	0.0833141	9.02319e-05	0.0	0.0	0.0	3.0077299999999997e-05	0.0025866500000000002	0.0	0.00138356	0.0	0.0	0.00249642	0.000300773	0.0	0.0815997	0.0	0.000391005	0.000661701	9.02319e-05	0.00102263	0.0	0.0	0.0102263	0.00012030899999999999	6.0154599999999995e-05	0.00033085	0.00027069599999999996	0.0	0.000691778	0.0	0.0	9.02319e-05	0.130445	0.0	3.0077299999999997e-05	0.00078201	0.0	0.00027069599999999996	0.000751932	9.02319e-05	0.00189487	3.0077299999999997e-05	0.0	0.00024061799999999998	0.00372958	0.168734	0.000360928	0.0034588899999999996	0.045537	0.0436722	0.0009925510000000002	0.0011429399999999998	6.0154599999999995e-05	0.000451159	0.00024061799999999998	0.0	3.0077299999999997e-05	0.00204526	0.000571469	0.0	9.02319e-05	0.000451159
Sor-CPnd_008-Ex1-1A-lcwgs-1-3	0.00185407	0.07353849999999999	0.0	0.00937231	0.0	0.0	0.0	0.0	0.0	0.0	6.37138e-06	0.000433254	0.0	0.000535196	0.0007390799999999999	0.00017839899999999998	0.07423300000000001	0.0383876	0.0	0.0	7.64566e-05	0.00017839899999999998	0.07981429999999999	0.0	0.000267598	0.0811396	5.73425e-05	0.0	0.0	0.00059891	0.00263138	0.00012742800000000001	0.0	0.000528825	0.0410381	0.0010130500000000001	0.0854403	8.2828e-05	0.0	0.0	1.27428e-05	0.0	9.55708e-05	0.000293084	0.0	0.0	0.0	1.27428e-05	0.0	4.45997e-05	0.000535196	0.000165656	0.00020388400000000002	0.00022299800000000002	0.0	0.000286712	0.0019496399999999999	0.00249758	3.82283e-05	0.00010831400000000001	0.12540800000000002	7.00852e-05	0.0858225	0.00021025600000000003	0.00038228299999999997	7.00852e-05	0.000331312	0.00015291300000000002	0.0742011	7.64566e-05	5.09711e-05	0.0005160820000000001	0.0	6.37138e-06	0.0	0.000344055	0.0	0.0	0.042873	0.000688109	0.000133799	0.0	0.00015291300000000002	0.000286712	0.000375912	0.000528825	1.27428e-05	0.00017839899999999998	0.08517899999999999	6.371379999999999e-05	0.0	0.0	0.0	0.0	0.0014781599999999998	0.0	0.000962079	0.0	0.0	0.00226821	0.000267598	3.82283e-05	0.0840959	1.27428e-05	0.000356797	0.000452368	0.000165656	0.00129976	0.0	0.0	0.0111881	0.00021025600000000003	2.5485500000000002e-05	0.000273969	0.000261227	0.0	0.0005160820000000001	0.0	0.0	0.00012742800000000001	0.12875899999999998	6.37138e-06	7.00852e-05	0.00087288	2.5485500000000002e-05	0.000133799	0.000541568	7.64566e-05	0.00169479	5.73425e-05	0.0	0.00014017	0.00306464	0.169842	0.000267598	0.00372726	0.0425672	0.041375800000000004	0.000662624	0.000796423	0.000133799	0.000363169	0.00012742800000000001	1.91142e-05	2.5485500000000002e-05	0.00136985	0.00031219799999999997	6.37138e-06	4.45997e-05	0.000452368
Sor-CPnd_009-Ex1-6A-lcwgs-1-3	0.0030051599999999998	0.0754732	0.0	0.009779369999999999	0.0	0.0	0.0	0.0	0.0	0.0	0.0	0.00047847600000000003	0.0	0.0010744700000000001	0.00105768	5.876020000000001e-05	0.07901559999999999	0.0393441	0.0	0.0	0.00025182899999999996	0.00026022400000000003	0.0829358	0.0	0.000394532	0.0848497	1.67886e-05	0.0	0.0	0.000864614	0.00292961	0.000184675	0.0	0.000856219	0.0435916	0.00170404	0.08406899999999999	0.000159492	0.0	0.0	9.233740000000001e-05	0.0	0.00017628	0.000696728	0.0	0.0	0.0	0.0	0.0	7.55488e-05	0.000629573	0.000360955	0.000344167	0.000562419	0.0	0.000411321	0.00252669	0.00292961	7.55488e-05	0.000167886	0.126309	0.000142703	0.0888705	0.000193069	0.000537236	0.000167886	0.000570813	0.000226646	0.0789653	8.39431e-05	1.67886e-05	0.000948557	0.0	8.394310000000001e-06	0.0	0.0005036579999999999	0.0	0.0	0.042911700000000004	0.000822642	0.000226646	8.394310000000001e-06	0.000226646	0.000344167	0.000394532	0.00111644	3.35772e-05	0.000243435	0.0855632	0.000109126	0.0	0.0	0.0	8.394310000000001e-06	0.0022832499999999997	0.0	0.00141024	0.0	0.0	0.00256866	0.000285406	5.0365800000000005e-05	0.0849168	2.5182900000000002e-05	0.000579207	0.000721911	0.000335772	0.0018215599999999998	0.0	0.0	0.0110973	0.00011752	4.19715e-05	0.00036935	0.000570813	0.0	0.000755488	0.0	0.0	0.000109126	0.127954	2.5182900000000002e-05	0.000100732	0.00124236	5.0365800000000005e-05	0.000243435	0.000705122	0.00017628	0.0018131700000000002	5.0365800000000005e-05	0.0	0.000209858	0.00375226	0.17119399999999999	0.000520447	0.0038781700000000002	0.0443807	0.0410146	0.00091498	0.00140185	0.000277012	0.0005120529999999999	0.000218252	0.0	6.71545e-05	0.00233362	0.0005120529999999999	8.394310000000001e-06	0.000100732	0.000805854
Sor-CPnd_010-Ex1-1H-lcwgs-1-3	0.0023863499999999998	0.0781709	0.0	0.010557799999999999	0.0	0.0	0.0	0.0	0.0	0.0	0.0	0.000578508	0.0	0.0008677619999999999	0.00122933	0.000289254	0.0796172	0.0360845	0.0	0.0	0.000361568	7.23135e-05	0.0827267	0.0	0.00043388099999999995	0.0850407	0.000144627	0.0	0.0	0.000795449	0.0026755999999999998	0.000144627	0.0	0.000723135	0.0442559	0.00144627	0.07968950000000001	7.23135e-05	0.0	0.0	7.23135e-05	0.0	0.0	0.000650822	0.0	0.0	0.0	0.0	0.0	0.0	0.000650822	0.000216941	0.000216941	0.000361568	0.0	0.000289254	0.00224172	0.0023863499999999998	0.0	7.23135e-05	0.127344	0.000144627	0.0861977	0.000216941	0.000361568	0.0	0.000289254	0.000361568	0.0796172	0.0	7.23135e-05	0.000795449	0.0	0.0	0.0	0.000289254	0.0	0.0	0.042448	0.00122933	0.000144627	0.0	0.000289254	7.23135e-05	0.000144627	0.0010847	0.0	0.0	0.08742710000000001	0.0	0.0	0.0	0.0	0.0	0.00180784	0.0	0.0010847	0.0	0.0	0.0023863499999999998	0.000216941	0.0	0.08518529999999999	0.000144627	0.000289254	0.000578508	0.000216941	0.00209709	0.0	0.0	0.0096177	0.000289254	7.23135e-05	7.23135e-05	0.000361568	0.0	0.000361568	0.0	0.0	0.000289254	0.12814	0.0	0.0	0.00115702	0.0	7.23135e-05	0.000578508	0.0	0.00224172	7.23135e-05	0.0	0.0	0.00368799	0.16711700000000002	0.000144627	0.0035433599999999997	0.0441113	0.0423034	0.00101239	0.0008677619999999999	0.000144627	0.000506195	0.000289254	0.0	0.0	0.00180784	0.000506195	0.0	7.23135e-05	0.000289254
Sor-CPnd_012-Ex1-5B-lcwgs-1-3	0.00274815	0.0750623	0.0	0.009627519999999999	0.0	0.0	0.0	0.0	0.0	0.0	0.0	0.000628663	0.0	0.000880128	0.00114955	0.000179618	0.0787624	0.0398931	0.0	0.0	0.000233503	0.000323312	0.0844743	0.0	0.000341274	0.0860908	0.0	0.0	0.0	0.0009699359999999999	0.0031433100000000003	0.00019758000000000002	0.0	0.000592739	0.0419767	0.00141898	0.0825524	0.000107771	0.0	0.0	8.98089e-05	0.0	0.000143694	0.00048496799999999996	1.7961799999999998e-05	0.0	0.0	1.7961799999999998e-05	0.0	1.7961799999999998e-05	0.000772357	0.000179618	0.00039515899999999996	0.00030535	0.0	0.000449045	0.00264038	0.0029816599999999997	1.7961799999999998e-05	0.000125733	0.127475	8.98089e-05	0.0870967	0.00019758000000000002	0.0005388540000000001	8.98089e-05	0.00048496799999999996	0.000179618	0.0787804	0.000107771	0.000107771	0.00070051	0.0	0.0	0.0	0.000556815	0.0	0.0	0.043072400000000004	0.000736433	0.000287389	0.0	7.18471e-05	0.00026942700000000003	0.0005029300000000001	0.000898089	1.7961799999999998e-05	0.000287389	0.08738409999999999	8.98089e-05	0.0	0.0	0.0	0.0	0.00206561	0.0	0.00116752	0.0	0.0	0.00262242	0.000377198	3.5923599999999996e-05	0.0839714	1.7961799999999998e-05	0.0005029300000000001	0.000790319	0.00026942700000000003	0.00152675	0.0	0.0	0.0115315	0.000143694	1.7961799999999998e-05	0.000413121	0.000359236	0.0	0.000646624	0.0	0.0	3.5923599999999996e-05	0.126649	0.0	0.000107771	0.00123936	0.0	0.000323312	0.000664586	0.00019758000000000002	0.00177822	5.3885400000000004e-05	0.0	0.000233503	0.0037360500000000003	0.167458	0.000556815	0.0037540100000000003	0.044635	0.0419228	0.000790319	0.00113159	0.000143694	0.000556815	0.000233503	3.5923599999999996e-05	8.98089e-05	0.0018680300000000001	0.000628663	0.0	1.7961799999999998e-05	0.000754395
Sor-CPnd_013-Ex1-7F-lcwgs-1-3	0.00267997	0.0745112	0.0	0.00940018	0.0	0.0	0.0	0.0	0.0	0.0	0.0	0.00044666100000000005	0.0	0.0008933220000000001	0.0010963499999999998	4.0605499999999996e-05	0.0760542	0.0409101	0.0	0.0	0.00018272499999999998	0.000284239	0.0852107	0.0	0.00032484399999999997	0.0872207	2.03028e-05	0.0	0.0	0.000933927	0.00245664	0.00018272499999999998	0.0	0.0006902939999999999	0.0435088	0.00127907	0.0791199	0.000101514	0.0	0.0	4.0605499999999996e-05	0.0	0.00022333	0.000568478	0.0	0.0	0.0	0.0	0.0	8.12111e-05	0.000751203	0.000243633	0.00042635799999999995	0.000385753	2.03028e-05	0.00042635799999999995	0.002213	0.00300481	6.09083e-05	0.000121817	0.12356299999999999	2.03028e-05	0.08801250000000001	0.00022333	0.0005075689999999999	0.00016242199999999998	0.00046696400000000005	0.00022333	0.0760542	4.0605499999999996e-05	6.09083e-05	0.000832414	0.0	2.03028e-05	0.0	0.000568478	0.0	0.0	0.0427982	0.000832414	0.000263936	0.0	0.00018272499999999998	0.000243633	0.000284239	0.0007308999999999999	0.0	0.00016242199999999998	0.0881343	0.00014211899999999999	0.0	0.0	0.0	0.0	0.00198967	0.0	0.00107605	0.0	0.0	0.00227391	0.000304542	6.09083e-05	0.0851092	2.03028e-05	0.00044666100000000005	0.000710597	0.000203028	0.00154301	0.0	0.0	0.0111259	8.12111e-05	8.12111e-05	0.000263936	0.00044666100000000005	0.0	0.0005075689999999999	0.0	0.0	0.000121817	0.128638	0.0	0.00016242199999999998	0.00101514	4.0605499999999996e-05	0.000304542	0.00040605499999999995	0.000121817	0.0016242199999999998	8.12111e-05	0.0	0.000263936	0.0041011599999999995	0.1663	0.00046696400000000005	0.00399965	0.0454173	0.043590000000000004	0.000568478	0.00117756	0.00018272499999999998	0.00036544999999999997	0.00014211899999999999	2.03028e-05	2.03028e-05	0.00200997	0.0005481749999999999	2.03028e-05	0.0	0.0005481749999999999
Sor-CPnd_014-Ex1-1F-lcwgs-1-3	0.0023362	0.07697230000000001	0.0	0.0096651	2.8260499999999998e-05	0.0	0.0	0.0	0.0	0.0	0.0	0.0006028909999999999	0.0	0.000772454	0.00113984	0.00023550400000000001	0.0795816	0.0390278	0.0	0.0	0.00018840399999999998	0.000263765	0.0826055	0.0	0.00043332799999999997	0.0859308	7.53614e-05	0.0	0.0	0.000951438	0.003363	0.00013188200000000002	0.0	0.0006311520000000001	0.0436437	0.00129998	0.08221930000000001	8.47816e-05	0.0	0.0	6.59412e-05	0.0	0.000141303	0.00044274799999999997	0.0	0.0	0.0	0.0	0.0	2.8260499999999998e-05	0.000828975	0.000292025	0.000423908	0.000405068	0.0	0.000508689	0.00272243	0.00290141	3.76807e-05	0.000150723	0.126918	7.53614e-05	0.0870236	0.000263765	0.000499269	0.00011304199999999999	0.00043332799999999997	0.00016014300000000001	0.0795063	5.6521099999999997e-05	2.8260499999999998e-05	0.000668832	0.0	0.0	0.0	0.0006311520000000001	0.0	0.0	0.0429277	0.00104564	0.00016014300000000001	9.42018e-06	0.000178983	0.000282605	0.00051811	0.000847816	4.71009e-05	0.00031086600000000003	0.0845178	5.6521099999999997e-05	0.0	0.0	0.0	9.42018e-06	0.00186519	9.42018e-06	0.00105506	0.0	0.0	0.00245867	0.000292025	9.42018e-05	0.0852714	9.42018e-06	0.000480429	0.000819555	0.000207244	0.00139419	0.0	0.0	0.0113042	0.00023550400000000001	5.6521099999999997e-05	0.000301446	0.00032028600000000003	0.0	0.000593471	0.0	0.0	0.000141303	0.127766	9.42018e-06	5.6521099999999997e-05	0.000970278	1.88404e-05	0.000254345	0.00055579	0.00011304199999999999	0.00186519	6.59412e-05	0.0	0.000178983	0.0033347399999999997	0.170458	0.000357967	0.00385285	0.045000200000000004	0.0440393	0.000659412	0.00110216	0.000122462	0.000414488	0.00016014300000000001	0.0	2.8260499999999998e-05	0.00184635	0.000508689	9.42018e-06	6.59412e-05	0.00054637
Sor-CPnd_015-Ex1-5F-lcwgs-1-3	0.00337591	0.07641819999999999	0.0	0.00876859	0.0	0.0	0.0	0.0	0.0	0.0	0.0	0.000657644	0.0	0.00074533	0.0014029700000000001	0.00013152900000000002	0.0777116	0.0411904	0.0	0.0	0.00019729300000000002	0.000328822	0.08270970000000001	0.0	0.000504194	0.0882997	2.19215e-05	0.0	0.0	0.0012276000000000001	0.00284979	0.000175372	0.0	0.000723408	0.0426592	0.0011618400000000001	0.0793338	4.38429e-05	0.0	0.0	6.57644e-05	0.0	0.00015345000000000002	0.000504194	0.0	0.0	0.0	0.0	0.0	2.19215e-05	0.000789173	0.00021921499999999998	0.000482272	0.000328822	0.0	0.000526115	0.0023236800000000003	0.00337591	4.38429e-05	4.38429e-05	0.128679	8.76859e-05	0.0879489	0.000284979	0.000569958	0.00013152900000000002	0.00026305800000000004	0.00021921499999999998	0.07775549999999999	6.57644e-05	6.57644e-05	0.0006795659999999999	0.0	0.0	0.0	0.00074533	0.0	0.0	0.0417604	0.000942623	0.00019729300000000002	0.0	4.38429e-05	0.000350744	0.00039458600000000005	0.000767251	4.38429e-05	0.000175372	0.08658980000000001	6.57644e-05	0.0	0.0	0.0	4.38429e-05	0.0023456	0.0	0.00131529	0.0	0.0	0.00249905	0.000372665	2.19215e-05	0.0836304	2.19215e-05	0.00039458600000000005	0.0009645449999999999	0.00019729300000000002	0.00164411	0.0	0.0	0.0110265	0.00021921499999999998	4.38429e-05	0.000526115	0.000284979	0.0	0.000701487	0.0	0.0	0.00013152900000000002	0.126575	0.0	4.38429e-05	0.00127145	2.19215e-05	0.000306901	0.00059188	0.00015345000000000002	0.00221407	0.00015345000000000002	0.0	0.00026305800000000004	0.00337591	0.167655	0.000504194	0.0038800999999999996	0.0440622	0.0453336	0.0009864659999999999	0.0014029700000000001	0.000109607	0.00039458600000000005	0.000175372	4.38429e-05	6.57644e-05	0.0019948500000000003	0.000569958	0.0	4.38429e-05	0.0006795659999999999
Sor-CPnd_016-Ex1-1B-lcwgs-1-3	0.00186908	0.0745584	0.0	0.00949034	4.99755e-06	0.0	0.0	0.0	0.0	0.0	4.99755e-06	0.00039980399999999997	0.0	0.000579716	0.000679667	0.000164919	0.0756729	0.0389209	0.0	0.0	0.00013993099999999999	0.000289858	0.0805905	0.0	0.000299853	0.0838888	5.99706e-05	0.0	0.0	0.0005447329999999999	0.00276864	0.000144929	4.99755e-06	0.000634689	0.040705	0.00117442	0.0859178	8.49583e-05	0.0	0.0	4.9975499999999996e-05	0.0	8.49583e-05	0.000379814	0.0	0.0	0.0	4.99755e-06	0.0	3.49828e-05	0.00056972	0.000174914	0.00022988700000000002	0.00026487	9.9951e-06	0.000249877	0.00227888	0.0023888299999999998	2.99853e-05	8.49583e-05	0.12806199999999998	7.99608e-05	0.0860978	0.000169917	0.000439784	8.49583e-05	0.000394806	0.000194904	0.07565290000000001	8.49583e-05	5.99706e-05	0.0004997550000000001	0.0	4.99755e-06	0.0	0.000339833	0.0	0.0	0.0432538	0.000729642	0.000234885	0.0	0.00013993099999999999	0.000299853	0.00033483600000000003	0.0006296909999999999	3.49828e-05	0.000179912	0.0863826	4.9975499999999996e-05	0.0	0.0	0.0	4.99755e-06	0.00172415	4.99755e-06	0.0009745219999999999	0.0	0.0	0.00252876	0.000254875	3.99804e-05	0.083604	1.49926e-05	0.000394806	0.00040979899999999997	0.00022489000000000002	0.00134434	0.0	0.0	0.0108097	0.000124939	2.99853e-05	0.00024488	0.000299853	0.0	0.000554728	0.0	0.0	7.99608e-05	0.12670800000000002	4.99755e-06	2.4987699999999998e-05	0.000929544	2.99853e-05	0.000134934	0.000534738	8.99559e-05	0.0018890699999999999	2.99853e-05	0.0	0.000104949	0.0033033800000000003	0.167908	0.000219892	0.00388309	0.0436986	0.039070799999999996	0.0006696709999999999	0.0008695729999999999	0.000169917	0.000369819	0.00022988700000000002	0.0	4.99755e-06	0.00147927	0.000299853	4.99755e-06	5.99706e-05	0.00048476199999999996
Sor-CPnd_017-Ex1-3G-lcwgs-1-3	0.00172719	0.0771478	0.0	0.00886624	0.0	0.0	0.0	0.0	0.0	0.0	0.0	0.000345438	0.0	0.00046058400000000005	0.000690876	0.0	0.08152329999999999	0.0371921	0.0	0.0	0.00011514600000000001	0.00057573	0.08912300000000001	0.0	0.00046058400000000005	0.0898138	0.0	0.0	0.0	0.00057573	0.00287865	0.0	0.0	0.0010363100000000001	0.0436403	0.00115146	0.078875	0.00023029200000000002	0.0	0.0	0.0	0.0	0.00011514600000000001	0.00046058400000000005	0.0	0.0	0.0	0.0	0.0	0.0	0.00057573	0.000345438	0.00023029200000000002	0.000345438	0.0	0.00011514600000000001	0.00207263	0.00207263	0.0	0.0	0.132303	0.0	0.0841717	0.0	0.0008060219999999999	0.00011514600000000001	0.00011514600000000001	0.00046058400000000005	0.08152329999999999	0.0	0.00023029200000000002	0.00057573	0.0	0.0	0.0	0.00023029200000000002	0.0	0.0	0.041337399999999996	0.000690876	0.00046058400000000005	0.0	0.00023029200000000002	0.00057573	0.00023029200000000002	0.00057573	0.0	0.00023029200000000002	0.0886624	0.00011514600000000001	0.0	0.0	0.0	0.0	0.00184234	0.0	0.0010363100000000001	0.0	0.0	0.0032240899999999998	0.00011514600000000001	0.0	0.089929	0.0	0.00011514600000000001	0.000345438	0.00023029200000000002	0.00138175	0.0	0.0	0.010593400000000001	0.0	0.00011514600000000001	0.00023029200000000002	0.00023029200000000002	0.0	0.0010363100000000001	0.0	0.0	0.00011514600000000001	0.143702	0.0	0.0	0.0010363100000000001	0.0	0.00011514600000000001	0.00057573	0.0	0.00184234	0.0	0.0	0.0	0.00299379	0.16834300000000002	0.00023029200000000002	0.00368467	0.043294900000000004	0.0480159	0.0010363100000000001	0.0008060219999999999	0.00011514600000000001	0.00046058400000000005	0.00023029200000000002	0.0	0.0	0.0010363100000000001	0.00011514600000000001	0.0	0.0	0.000345438
Sor-CPnd_018-Ex1-1E-lcwgs-1-3	0.00356413	0.0772009	0.0	0.010010400000000001	0.0	0.0	0.0	0.0	0.0	0.0	0.0	0.0005720209999999999	0.0	0.000880033	0.00103404	0.000242009	0.080281	0.0379514	0.0	0.0	0.000176007	0.00022000800000000003	0.0877173	0.0	0.000330012	0.0874533	8.80033e-05	0.0	0.0	0.0007700290000000001	0.00360813	0.000176007	0.0	0.000418016	0.0442216	0.00110004	0.0819531	0.000198007	0.0	0.0	2.2000799999999998e-05	0.0	0.000176007	0.00052802	0.0	0.0	0.0	4.4001599999999996e-05	0.0	0.000132005	0.000858032	0.00030801099999999996	0.000462017	0.000396015	0.0	0.000506019	0.00226608	0.0029041099999999997	0.00011000400000000001	0.00011000400000000001	0.126307	2.2000799999999998e-05	0.0893233	0.000176007	0.000352013	0.00015400600000000002	0.000462017	0.000242009	0.08025900000000001	6.60025e-05	4.4001599999999996e-05	0.0008140300000000001	0.0	0.0	0.0	0.0005720209999999999	0.0	0.0	0.0418016	0.000726027	0.000176007	0.0	0.000176007	0.000374014	0.00026401	0.000726027	2.2000799999999998e-05	0.000176007	0.0857372	0.000132005	0.0	0.0	0.0	0.0	0.00211208	0.0	0.00127605	0.0	0.0	0.0026841	0.000330012	6.60025e-05	0.0835371	2.2000799999999998e-05	0.000484018	0.000638024	0.000330012	0.00140805	0.0	0.0	0.0114844	0.00030801099999999996	4.4001599999999996e-05	0.000198007	0.000418016	0.0	0.0007700290000000001	0.0	0.0	0.00015400600000000002	0.130289	4.4001599999999996e-05	0.00011000400000000001	0.00103404	4.4001599999999996e-05	0.000418016	0.000704026	0.00011000400000000001	0.00182607	6.60025e-05	0.0	0.000242009	0.00404815	0.166788	0.000396015	0.0036301399999999996	0.0440456	0.0433636	0.000946035	0.000990037	0.00022000800000000003	0.0005720209999999999	0.00015400600000000002	0.0	0.0	0.00204608	0.0007700290000000001	0.0	6.60025e-05	0.000660025
Sor-CPnd_019-Ex1-6G-lcwgs-1-3	0.0033567099999999997	0.0780434	0.0	0.0100504	9.87267e-06	0.0	0.0	0.0	0.0	0.0	0.0	0.000720705	0.0	0.000839177	0.0012735700000000001	0.00014809	0.0794849	0.0398066	0.0	0.0	0.000227071	0.000286307	0.0841546	0.0	0.00044427	0.0875311	9.87267e-06	0.0	0.0	0.0010465000000000001	0.0028137099999999996	0.000157963	0.0	0.000671341	0.041850200000000004	0.00149077	0.0822788	0.000157963	0.0	0.0	4.9363299999999995e-05	0.0	0.00013821700000000002	0.000562742	0.0	0.0	0.0	9.87267e-06	0.0	3.94907e-05	0.000691087	0.000256689	0.00044427	0.000424525	0.0	0.000493633	0.00271498	0.00354429	2.9618e-05	0.000187581	0.129342	0.000128345	0.0887553	0.000286307	0.000503506	0.000118472	0.000542997	0.000157963	0.0794454	0.000128345	1.97453e-05	0.000750323	0.0	9.87267e-06	0.0	0.000681214	0.0	0.0	0.0421464	0.000868795	0.000197453	0.0	0.000187581	0.00021719899999999998	0.000513379	0.0009773940000000001	2.9618e-05	0.000315925	0.0865537	0.000108599	0.0	0.0	0.0	0.0	0.00232008	9.87267e-06	0.00138217	0.0	0.0	0.0022410999999999998	0.00026656200000000003	4.9363299999999995e-05	0.0867116	4.9363299999999995e-05	0.000473888	0.0008095590000000001	0.000335671	0.00176721	0.0	0.0	0.011166	0.00013821700000000002	2.9618e-05	0.000335671	0.00040477899999999997	0.0	0.000730577	0.0	0.0	0.000157963	0.130615	9.87267e-06	8.8854e-05	0.00128345	1.97453e-05	0.000246817	0.000760195	7.89813e-05	0.0018955499999999998	8.8854e-05	0.0	0.000236944	0.00360352	0.166424	0.000513379	0.0037713599999999996	0.0448811	0.0435582	0.0009773940000000001	0.0014512799999999999	0.000236944	0.0006121049999999999	0.00013821700000000002	2.9618e-05	2.9618e-05	0.0021522399999999997	0.0006121049999999999	9.87267e-06	9.87267e-06	0.000770068
Sor-CPnd_020-Ex1-2E-lcwgs-1-3	0.00307758	0.07566139999999999	0.0	0.009384090000000001	0.0	0.0	0.0	0.0	0.0	0.0	0.0	0.0006306510000000001	0.0	0.000748373	0.0011519899999999999	0.000252261	0.0780999	0.038923799999999995	0.0	0.0	0.00021862599999999998	0.000428843	0.0822201	0.0	0.000294304	0.0858359	0.00010090400000000001	0.0	0.0	0.00095859	0.00321212	0.000159765	0.0	0.000857686	0.0429263	0.0015724200000000002	0.0831283	0.00010931299999999999	0.0	0.0	0.00010090400000000001	0.0	0.000159765	0.00044565999999999996	0.0	0.0	0.0	1.68174e-05	0.0	7.56782e-05	0.0007904160000000001	0.000260669	0.000412026	0.000420434	2.52261e-05	0.00047088599999999995	0.0030019	0.0031616699999999997	3.36347e-05	0.000168174	0.12703	0.000142948	0.0875596	0.000277487	0.0006306510000000001	0.000134539	0.000496112	0.00024385200000000002	0.0780662	0.00010931299999999999	5.88608e-05	0.000748373	0.0	8.40869e-06	0.0	0.0006138340000000001	0.0	0.0	0.0419509	0.0008660950000000001	0.000344756	8.40869e-06	0.000184991	0.000353165	0.00047088599999999995	0.0007231469999999999	8.40869e-06	0.000269078	0.0847848	0.00010090400000000001	0.0	0.0	0.0	1.68174e-05	0.0024132900000000002	0.0	0.00132857	0.0	0.0	0.00220308	0.000285895	5.0452100000000004e-05	0.0839271	3.36347e-05	0.000479295	0.0007231469999999999	0.00024385200000000002	0.0017321900000000002	0.0	0.0	0.0109902	0.000277487	1.68174e-05	0.000336347	0.000344756	0.0	0.000798825	0.0	0.0	0.000168174	0.128535	8.40869e-06	2.52261e-05	0.0012108499999999999	8.40869e-06	0.000252261	0.000739964	8.408689999999999e-05	0.0019340000000000002	5.0452100000000004e-05	0.0	0.000142948	0.0031953	0.16997299999999999	0.000454069	0.0035400600000000003	0.0444147	0.0428927	0.000983816	0.0011688100000000002	0.000184991	0.000563382	0.000184991	8.40869e-06	5.0452100000000004e-05	0.0017321900000000002	0.000529747	8.40869e-06	6.72695e-05	0.00076519
Sor-CPnd_022-Ex1-7C-lcwgs-1-3	0.00243325	0.07520450000000001	0.0	0.00984065	1.0766600000000001e-05	0.0	0.0	0.0	0.0	0.0	0.0	0.000506029	0.0	0.0006567610000000001	0.00117356	5.38329e-05	0.0779931	0.0383182	0.0	0.0	0.000226098	0.000226098	0.081869	0.0	0.000398363	0.0874784	1.0766600000000001e-05	0.0	0.0	0.000990525	0.00263781	0.000215332	0.0	0.00075366	0.0413437	0.00144272	0.0816322	6.45995e-05	0.0	0.0	6.45995e-05	0.0	0.00015073200000000002	0.000333764	0.0	0.0	0.0	0.0	0.0	3.22997e-05	0.000764427	0.000161499	0.00041989599999999995	0.000204565	1.0766600000000001e-05	0.00044143000000000003	0.00225021	0.00287468	3.22997e-05	0.000172265	0.127853	0.00015073200000000002	0.089298	0.00029069800000000004	0.000430663	0.000129199	0.000473729	0.000161499	0.0779392	0.000107666	6.45995e-05	0.000506029	0.0	1.0766600000000001e-05	0.0	0.000624461	0.0	0.0	0.042829400000000004	0.000872093	0.000183032	0.0	7.536600000000001e-05	0.000333764	0.00030146400000000004	0.0007321270000000001	2.1533200000000002e-05	0.000118432	0.0864125	9.68992e-05	0.0	0.0	0.0	1.0766600000000001e-05	0.0019595199999999998	1.0766600000000001e-05	0.00120586	0.0	0.0	0.00246555	0.00029069800000000004	3.22997e-05	0.0834302	2.1533200000000002e-05	0.000462963	0.00081826	0.000161499	0.00157192	0.0	0.0	0.0112511	8.61326e-05	2.1533200000000002e-05	0.00034453	0.000269164	0.0	0.000549095	0.0	0.0	0.000129199	0.12870399999999999	0.0	6.45995e-05	0.0010551199999999999	1.0766600000000001e-05	0.000312231	0.000570629	0.000107666	0.00183032	3.22997e-05	0.0	0.000204565	0.0033699399999999997	0.16703300000000001	0.00038759700000000005	0.0036714	0.0438415	0.0418174	0.000796727	0.00110896	0.000129199	0.00037683	0.000204565	0.0	4.30663e-05	0.00165805	0.0006136949999999999	1.0766600000000001e-05	5.38329e-05	0.000516796
Sor-CPnd_024-Ex1-5G-lcwgs-1-3	0.00268537	0.0763177	0.0	0.00971376	0.0	0.0	0.0	0.0	0.0	0.0	0.0	0.0007956669999999999	0.0	0.0008288190000000001	0.0015581800000000002	0.000132611	0.0779753	0.0378605	0.0	0.0	0.00023206899999999998	0.000265222	0.0841417	0.0	0.000563597	0.0849374	0.0	0.0	0.0	0.0013261100000000001	0.0022543899999999998	0.000165764	0.0	0.0008288190000000001	0.0430655	0.00145872	0.0832466	9.945829999999999e-05	0.0	0.0	9.945829999999999e-05	0.0	0.000397833	0.000563597	0.0	0.0	0.0	0.0	0.0	6.63055e-05	0.00116035	0.00029837500000000003	0.000696208	0.00043098599999999996	3.31528e-05	0.000762514	0.0022543899999999998	0.00367996	3.31528e-05	0.00023206899999999998	0.127837	0.000132611	0.0855342	0.000464139	0.000563597	0.00036468	0.000530444	0.00029837500000000003	0.07800850000000001	9.945829999999999e-05	0.000132611	0.000729361	0.0	0.0	0.0	0.0008619719999999999	0.0	0.0	0.0419051	0.00109404	0.000397833	0.0	0.00029837500000000003	0.00023206899999999998	0.00043098599999999996	0.000928278	9.945829999999999e-05	0.000198917	0.0848711	0.00023206899999999998	0.0	0.0	0.0	3.31528e-05	0.00198917	0.0	0.00109404	0.0	0.0	0.0022543899999999998	0.00036468	9.945829999999999e-05	0.08851790000000001	3.31528e-05	0.000397833	0.0009614300000000001	0.000331528	0.00159133	0.0	0.0	0.0104431	0.000198917	0.000165764	0.00029837500000000003	0.000563597	0.0	0.000530444	0.0	0.0	0.00023206899999999998	0.132843	0.0	0.000132611	0.0010277399999999999	0.0	0.000397833	0.000397833	6.63055e-05	0.00222124	3.31528e-05	0.0	0.000132611	0.0032489700000000003	0.163907	0.00043098599999999996	0.00407779	0.043629	0.0418056	0.000629903	0.0011935000000000001	0.00023206899999999998	0.000198917	0.000265222	3.31528e-05	9.945829999999999e-05	0.00188971	0.000563597	0.0	3.31528e-05	0.000464139
Sor-CPnd_026-Ex1-3H-lcwgs-1-3	0.0027473700000000003	0.0746673	0.0	0.00942826	0.0	0.0	0.0	0.0	0.0	0.0	0.0	0.000523308	0.0	0.0008634580000000001	0.000880901	0.000226767	0.078627	0.0385242	8.7218e-06	0.0	0.000139549	0.00025293200000000004	0.0806417	0.0	0.000322706	0.0872092	0.00012210499999999998	0.0	0.0	0.0007762400000000001	0.00287819	0.000183158	0.0	0.0008198490000000001	0.042667	0.00143037	0.083895	9.59398e-05	0.0	0.0	6.10526e-05	0.0	0.000183158	0.000566917	0.0	0.0	0.0	0.0	0.0	3.48872e-05	0.0006803	0.000226767	0.000331428	0.00034015	0.0	0.00039248099999999997	0.00263398	0.0027473700000000003	2.6165400000000002e-05	0.00017443599999999998	0.127391	0.000156992	0.08677309999999999	0.00019188	0.000558195	0.000156992	0.0005058640000000001	0.00017443599999999998	0.07857470000000001	0.00012210499999999998	5.2330800000000004e-05	0.000758796	0.0	0.0	0.0	0.00053203	0.0	0.0	0.043975299999999995	0.0007675179999999999	0.00019188	0.0	0.00017443599999999998	0.000313985	0.00040120300000000004	0.0007326310000000001	1.74436e-05	0.000218045	0.0854649	0.000104662	0.0	0.0	0.0	0.0	0.00218917	0.0	0.00131699	0.0	0.0	0.00238105	0.000305263	6.10526e-05	0.086808	4.3608999999999995e-05	0.00039248099999999997	0.000636691	0.000226767	0.0017356399999999999	0.0	0.0	0.0108935	0.000235488	2.6165400000000002e-05	0.00040120300000000004	0.00035759400000000003	0.0	0.0007326310000000001	0.0	0.0	0.00019188	0.12944899999999998	8.7218e-06	4.3608999999999995e-05	0.00123849	8.7218e-06	0.00020060099999999999	0.0006977439999999999	0.000139549	0.0018054100000000001	6.97744e-05	0.0	0.000183158	0.0033491700000000003	0.168488	0.00040120300000000004	0.0037939799999999997	0.0445858	0.0425885	0.000933232	0.0010030100000000001	0.00017443599999999998	0.000566917	0.00019188	8.7218e-06	4.3608999999999995e-05	0.0017966899999999999	0.00042736799999999996	8.7218e-06	5.2330800000000004e-05	0.0006803
Sor-CPnd_027-Ex1-3C-lcwgs-1-3	0.00216717	0.0767615	0.0	0.00936071	0.0	0.0	0.0	0.0	0.0	0.0	0.0	0.000564557	0.0	0.0004917109999999999	0.0010744799999999998	0.00010926900000000001	0.0742119	0.0368055	0.0	0.0	0.00016390399999999998	0.000291384	0.0820428	0.0	0.000382442	0.0859765	7.2846e-05	0.0	0.0	0.0009469979999999999	0.00280457	0.000145692	0.0	0.00072846	0.0416315	0.00136586	0.0814965	5.463450000000001e-05	0.0	0.0	0.00010926900000000001	0.0	0.00012748099999999998	0.000291384	0.0	0.0	0.0	0.0	0.0	3.6423e-05	0.000619191	0.00012748099999999998	0.00036423	0.000273173	0.0	0.000346019	0.00247676	0.00309596	1.82115e-05	0.00012748099999999998	0.127007	9.10575e-05	0.0870692	0.00016390399999999998	0.000528134	0.00016390399999999998	0.00043707600000000006	0.000145692	0.07417549999999999	7.2846e-05	7.2846e-05	0.000346019	0.0	0.0	0.0	0.0005463450000000001	0.0	0.0	0.0430884	0.000783095	0.000291384	0.0	3.6423e-05	0.000309596	0.00045528800000000004	0.000564557	3.6423e-05	0.000291384	0.0872877	5.463450000000001e-05	0.0	0.0	0.0	1.82115e-05	0.0018211500000000001	1.82115e-05	0.00114732	0.0	0.0	0.00258603	0.00023675	1.82115e-05	0.08690529999999999	0.0	0.000400653	0.000655614	0.00012748099999999998	0.00143871	0.0	0.0	0.011673600000000001	0.000145692	1.82115e-05	0.00041886500000000004	0.000145692	0.0	0.0005463450000000001	0.0	0.0	0.00016390399999999998	0.131578	0.0	5.463450000000001e-05	0.00114732	1.82115e-05	0.000309596	0.0005463450000000001	9.10575e-05	0.0020032699999999997	1.82115e-05	0.0	0.00010926900000000001	0.0030049	0.166071	0.000327807	0.00387905	0.0423053	0.043416199999999995	0.000710249	0.0009469979999999999	9.10575e-05	0.000382442	0.000182115	1.82115e-05	3.6423e-05	0.00123838	0.00043707600000000006	0.0	1.82115e-05	0.000509922
Sor-CPnd_028-Ex1-3A-lcwgs-1-3	0.00244141	0.0744185	0.0	0.0100523	0.0	0.0	0.0	0.0	0.0	0.0	0.0	0.000553518	0.0	0.0009390039999999999	0.000820393	0.000168032	0.0750709	0.0391416	0.0	0.0	0.000227338	0.000177917	0.0809125	0.0	0.00034594899999999996	0.0867145	7.907400000000001e-05	0.0	0.0	0.000612824	0.00298504	0.000177917	9.884250000000001e-06	0.000513981	0.042344099999999996	0.00123553	0.08285970000000001	0.00013837999999999999	0.0	0.0	5.93055e-05	0.0	0.000128495	0.0006325920000000001	0.0	0.0	0.0	9.884250000000001e-06	0.0	5.93055e-05	0.0006523610000000001	0.000355833	0.000296528	0.000454676	0.0	0.000365717	0.00247106	0.0023821000000000003	6.91898e-05	8.895829999999999e-05	0.126548	4.94213e-05	0.0868134	0.000207569	0.000365717	0.000118611	0.000405254	0.000197685	0.0751005	0.00010872699999999999	3.9537000000000004e-05	0.000899467	0.0	9.884250000000001e-06	0.0	0.000405254	0.0	0.0	0.0414842	0.000731435	0.000187801	0.0	0.000187801	0.00034594899999999996	0.00034594899999999996	0.000948888	2.9652800000000002e-05	0.00015814800000000002	0.08554819999999999	9.88425e-05	0.0	0.0	0.0	9.884250000000001e-06	0.00208558	0.0	0.00117623	0.0	0.0	0.00254025	0.000256991	3.9537000000000004e-05	0.0854493	9.884250000000001e-06	0.000484328	0.000523865	0.000385486	0.0015122900000000001	0.0	0.0	0.0110308	0.000237222	4.94213e-05	0.000237222	0.000494213	0.0	0.000770972	0.0	0.0	0.000168032	0.129276	0.0	3.9537000000000004e-05	0.00101808	3.9537000000000004e-05	0.00015814800000000002	0.000731435	0.000118611	0.00186812	5.93055e-05	0.0	0.000207569	0.00384497	0.167479	0.000434907	0.00385486	0.0432831	0.0432634	0.000948888	0.00119599	0.000276759	0.000553518	0.000187801	0.0	1.9768500000000002e-05	0.00202627	0.000454676	9.884250000000001e-06	6.91898e-05	0.000662245
Sor-CPnd_029-Ex1-8E-lcwgs-1-3	0.00295983	0.07483089999999999	0.0	0.00942163	0.0	0.0	0.0	0.0	0.0	0.0	0.0	0.0006227359999999999	0.0	0.00081322	0.00101836	0.000249094	0.0777834	0.038939299999999996	0.0	0.0	0.00014652599999999999	0.00027839900000000003	0.080897	0.0	0.000373641	0.08541	0.00011722100000000001	0.0	0.0	0.0008498510000000001	0.0028059699999999996	0.000131873	0.0	0.000805893	0.0420823	0.00155318	0.08267730000000001	0.00010256800000000001	0.0	0.0	5.86104e-05	0.0	0.000124547	0.000490862	1.46526e-05	0.0	0.0	2.93052e-05	0.0	5.86104e-05	0.000783914	0.000241768	0.000315031	0.000351663	7.3263e-06	0.000388294	0.00276202	0.00287924	4.39578e-05	0.00019781	0.126496	0.000109895	0.0863405	0.000285726	0.0005861039999999999	9.52419e-05	0.000527494	0.00027839900000000003	0.0776881	9.52419e-05	8.05893e-05	0.000703325	0.0	7.3263e-06	0.0	0.000490862	0.0	0.0	0.0428662	0.000842525	0.000307705	0.0	0.00016117899999999998	0.000219789	0.000468883	0.000717978	2.93052e-05	0.000241768	0.0842525	5.128409999999999e-05	0.0	0.0	0.0	1.46526e-05	0.0021026499999999997	7.3263e-06	0.00131141	0.0	0.0	0.00235907	0.00029305199999999997	4.39578e-05	0.0854393	1.46526e-05	0.000505515	0.000695999	0.00022711499999999998	0.00178029	0.0	0.0	0.0108209	0.00027107300000000004	3.6631499999999996e-05	0.00045423100000000004	0.000351663	0.0	0.0008351979999999999	0.0	0.0	0.00014652599999999999	0.128782	7.3263e-06	6.593670000000001e-05	0.0012527999999999999	6.593670000000001e-05	0.00022711499999999998	0.000739957	7.326299999999999e-05	0.0020074100000000003	6.593670000000001e-05	0.0	0.000183158	0.00327486	0.168651	0.000498189	0.00390492	0.0422508	0.041034600000000004	0.0009231139999999999	0.00122349	0.000168505	0.000505515	0.00022711499999999998	7.3263e-06	8.79156e-05	0.0017583100000000001	0.000512841	7.3263e-06	2.93052e-05	0.0007472830000000001
Sor-CPnd_030-Ex1-2H-lcwgs-1-3	0.00307394	0.0765018	0.0	0.0100416	0.0	0.0	0.0	0.0	0.0	0.0	0.0	0.000488678	0.0	0.000803955	0.001135	0.000252221	0.0777945	0.0398509	0.0	0.0	0.00012611099999999999	0.00023645699999999998	0.084368	0.0	0.000394096	0.0842419	0.00012611099999999999	0.0	0.0	0.000961593	0.00316853	0.00012611099999999999	1.57638e-05	0.0007409	0.0418845	0.0012926300000000001	0.0825078	7.88191e-05	0.0	0.0	4.72915e-05	0.0	0.00015763799999999998	0.000441387	1.57638e-05	0.0	0.0	1.57638e-05	0.0	3.15276e-05	0.000835482	0.00023645699999999998	0.000441387	0.000283749	0.0	0.000488678	0.0029320699999999997	0.00334193	4.72915e-05	0.000141874	0.12734	9.458289999999999e-05	0.0855503	0.000220693	0.00042562300000000003	0.000141874	0.000472915	0.000252221	0.0777945	7.88191e-05	9.458289999999999e-05	0.0006778439999999999	0.0	0.0	0.0	0.000646317	0.0	0.0	0.043523900000000004	0.0008197189999999999	0.000394096	0.0	0.00012611099999999999	0.000252221	0.000504442	0.000630553	3.15276e-05	0.000378332	0.0862912	0.00011034699999999999	0.0	0.0	0.0	1.57638e-05	0.00238034	0.0	0.00154485	0.0	0.0	0.00252221	0.000299513	6.30553e-05	0.0829492	0.0	0.000599025	0.0007724269999999999	0.000173402	0.00174978	0.0	0.0	0.011759799999999999	0.000283749	4.72915e-05	0.000394096	0.000283749	0.0	0.000898538	0.0	0.0	0.00015763799999999998	0.127072	1.57638e-05	4.72915e-05	0.00115076	3.15276e-05	0.000189166	0.000835482	9.458289999999999e-05	0.0020020100000000002	6.30553e-05	0.0	0.000220693	0.0037202600000000004	0.169477	0.00066208	0.004051300000000001	0.0441702	0.044249	0.0010404099999999999	0.00115076	9.458289999999999e-05	0.000599025	0.000252221	0.0	4.72915e-05	0.0018286	0.000457151	0.0	6.30553e-05	0.000898538
Sor-CPnd_031-Ex1-5D-lcwgs-1-3	0.00292594	0.075741	0.0	0.00983649	8.33601e-06	0.0	0.0	0.0	0.0	0.0	0.0	0.000425137	0.0	0.0009002890000000001	0.0010836799999999998	0.000116704	0.08030910000000001	0.039137599999999995	0.0	0.0	0.000241744	0.00034177599999999996	0.08291	0.0	0.00040012900000000004	0.08506899999999999	8.33601e-06	0.0	0.0	0.000916961	0.00307599	0.000233408	0.0	0.000858609	0.0414216	0.00165887	0.08315170000000001	0.000108368	0.0	0.0	6.66881e-05	0.0	0.00016672	0.00048348900000000003	0.0	0.0	0.0	1.6672e-05	0.0	5.00161e-05	0.000750241	0.00030009599999999997	0.000375121	0.000383457	8.33601e-06	0.000391793	0.00272588	0.00286759	5.835209999999999e-05	0.00015004799999999998	0.127366	0.00010003200000000001	0.087028	0.000241744	0.000625201	0.000141712	0.00041680099999999996	0.000258416	0.0803508	0.00010003200000000001	5.835209999999999e-05	0.000725233	0.0	1.6672e-05	0.0	0.000525169	0.0	0.0	0.041663399999999996	0.000866945	0.00029175999999999996	0.0	0.00017505599999999999	0.00020006400000000001	0.000450145	0.000941969	3.3344e-05	0.0002084	0.08496899999999999	0.00012503999999999998	0.0	0.0	0.0	1.6672e-05	0.00200898	1.6672e-05	0.0011337	0.0	0.0	0.0025007999999999996	0.000366784	4.16801e-05	0.0848773	8.33601e-06	0.000500161	0.000733569	0.00033344	0.0018839400000000002	0.0	0.0	0.0114537	9.169609999999999e-05	5.835209999999999e-05	0.000450145	0.000391793	0.0	0.000758577	0.0	0.0	0.00015004799999999998	0.130234	0.0	9.169609999999999e-05	0.0013504300000000001	2.5008000000000002e-05	0.000283424	0.0006835529999999999	0.000108368	0.00190895	3.3344e-05	0.0	0.000225072	0.0034261000000000005	0.16757899999999998	0.00045848100000000006	0.004001289999999999	0.044756	0.0430972	0.0008752809999999999	0.00127541	0.000241744	0.000533505	0.000233408	0.0	5.835209999999999e-05	0.00206733	0.000658545	0.0	3.3344e-05	0.000750241
Sor-CPnd_033-Ex1-2F-lcwgs-1-3	0.00308035	0.0781268	0.0	0.009355130000000001	0.0	0.0	0.0	0.0	0.0	0.0	2.28174e-05	0.0005476179999999999	0.0	0.0008898780000000001	0.00102678	0.000250991	0.0793817	0.0399533	0.0	0.0	0.000228174	0.000501983	0.0836486	0.0	0.00029662600000000003	0.0877785	0.000114087	0.0	0.0	0.0008214259999999999	0.00355951	0.000250991	0.0	0.000935513	0.0436497	0.0015744	0.0826218	0.000228174	0.0	0.0	9.12696e-05	0.0	9.12696e-05	0.00047916500000000004	0.0	0.0	0.0	0.0	0.0	9.12696e-05	0.000844244	0.000365078	0.00027380899999999997	0.00043353099999999997	2.28174e-05	0.000342261	0.00292063	0.00269245	0.000114087	0.000205357	0.125998	0.000159722	0.08955830000000001	0.000228174	0.000684522	0.000114087	0.00038789600000000004	0.00038789600000000004	0.07940449999999999	9.12696e-05	0.000136904	0.000684522	0.0	0.0	0.0	0.0005932520000000001	0.0	0.0	0.0420981	0.000775791	0.000365078	0.0	0.000250991	0.00038789600000000004	0.000456348	0.000912696	0.0	0.000228174	0.0871168	6.84522e-05	0.0	0.0	0.0	0.0	0.00237301	0.0	0.0013005900000000001	0.0	0.0	0.00253273	0.00038789600000000004	4.56348e-05	0.0871625	0.0	0.00047916500000000004	0.000684522	0.000319444	0.0020992000000000003	0.0	0.0	0.010998	0.00029662600000000003	0.0	0.00038789600000000004	0.00038789600000000004	0.0	0.000707339	0.0	0.0	0.000205357	0.131634	0.0	0.0	0.00139186	6.84522e-05	0.000159722	0.000752974	0.000114087	0.00216765	6.84522e-05	0.0	0.000182539	0.0037648699999999996	0.167685	0.00041071299999999994	0.00362797	0.044904599999999996	0.042965199999999995	0.00102678	0.00139186	0.000228174	0.0005932520000000001	0.000365078	2.28174e-05	2.28174e-05	0.00212202	0.000456348	0.0	4.56348e-05	0.0006617039999999999
Sor-CPnd_034-Ex1-4G-lcwgs-1-3	0.00307862	0.0731481	0.0	0.0100055	0.0	0.0	0.0	0.0	0.0	0.0	0.0	0.000369435	0.0	0.00104673	0.00123145	0.000153931	0.0832768	0.040607000000000004	0.0	0.0	0.00024629000000000003	0.000153931	0.08583199999999999	0.0	0.000615725	0.0863862	3.07862e-05	0.0	0.0	0.0012006599999999999	0.00289391	0.00012314500000000001	0.0	0.0007696560000000001	0.0410996	0.0013853799999999999	0.0823532	0.000153931	0.0	0.0	6.157250000000001e-05	0.0	0.000153931	0.00073887	0.0	0.0	0.0	0.0	0.0	3.07862e-05	0.000646511	0.000277076	0.00040022100000000003	0.00040022100000000003	0.0	0.00040022100000000003	0.0024936800000000003	0.00375592	3.07862e-05	9.23587e-05	0.127332	6.157250000000001e-05	0.088572	0.00012314500000000001	0.00040022100000000003	0.000153931	0.000554152	0.000215504	0.08330749999999999	0.000153931	0.0	0.000862015	0.0	0.0	0.0	0.000677297	0.0	0.0	0.0416538	0.00116988	6.157250000000001e-05	0.0	0.000215504	0.00040022100000000003	0.000369435	0.000923587	0.0	0.00024629000000000003	0.0863862	0.000153931	0.0	0.0	0.0	0.0	0.00237054	0.0	0.00144695	0.0	0.0	0.00258604	0.000338649	3.07862e-05	0.08583199999999999	3.07862e-05	0.000584938	0.000985159	0.000277076	0.00166246	0.0	0.0	0.0119143	6.157250000000001e-05	0.000153931	0.00046179399999999996	0.000431007	0.0	0.0008004420000000001	0.0	0.0	9.23587e-05	0.127424	3.07862e-05	3.07862e-05	0.00104673	3.07862e-05	0.000215504	0.000831228	9.23587e-05	0.00172403	3.07862e-05	0.0	9.23587e-05	0.0035096299999999997	0.166584	0.000431007	0.00421771	0.042915999999999996	0.041192	0.0011083	0.00123145	0.00018471700000000001	0.000584938	0.000153931	0.0	9.23587e-05	0.00221661	0.00046179399999999996	3.07862e-05	0.0	0.000708083
Sor-CPnd_036-Ex1-5C-lcwgs-1-3	0.00300679	0.0740772	0.0	0.009628310000000001	8.21528e-06	0.0	0.0	0.0	0.0	0.0	8.21528e-06	0.000525778	0.0	0.0008543890000000001	0.00116657	0.000147875	0.0783492	0.038924	0.0	0.0	0.00022181299999999999	0.00029575	0.08121629999999999	0.0	0.000353257	0.0865398	8.21528e-06	0.0	0.0	0.00101048	0.0028671300000000003	0.000180736	0.0	0.000788667	0.0424319	0.0016102	0.0833769	0.00011501400000000001	0.0	0.0	4.92917e-05	0.0	0.000172521	0.000583285	0.0	0.0	0.0	1.6430599999999998e-05	0.0	5.7507000000000004e-05	0.000772237	0.000320396	0.00046005600000000003	0.000402549	8.21528e-06	0.000542209	0.00255495	0.00298215	4.10764e-05	9.03681e-05	0.12693400000000002	4.10764e-05	0.0874846	0.000213597	0.000607931	0.00015609	0.000484702	0.000246458	0.0783738	7.39375e-05	9.85834e-05	0.000788667	0.0	8.21528e-06	0.0	0.000673653	0.0	0.0	0.043549199999999996	0.000722945	0.000312181	0.0	0.000164306	0.000262889	0.000443625	0.0008872509999999999	8.21528e-06	0.000238243	0.0856443	0.000131445	0.0	0.0	0.0	0.0	0.0020784700000000002	8.21528e-06	0.00124872	0.0	0.0	0.0024235100000000002	0.000271104	5.7507000000000004e-05	0.0847571	5.7507000000000004e-05	0.000501132	0.000780452	0.000287535	0.00162663	0.0	0.0	0.0111481	0.00011501400000000001	6.57223e-05	0.000345042	0.000402549	0.0	0.0007475909999999999	0.0	0.0	0.000164306	0.131124	1.6430599999999998e-05	6.57223e-05	0.00121586	3.28611e-05	0.000303965	0.000706514	0.00010679899999999999	0.00199631	5.7507000000000004e-05	0.0	0.00023002800000000001	0.00345042	0.170212	0.000443625	0.0037954599999999996	0.044305000000000004	0.043154899999999996	0.000903681	0.00115014	0.000213597	0.000525778	0.000164306	8.21528e-06	4.92917e-05	0.0018566499999999998	0.000558639	8.21528e-06	4.10764e-05	0.000640792
Sor-CPnd_037-Ex1-6C-lcwgs-1-3	0.00334824	0.07609500000000001	0.0	0.01003	0.0	0.0	0.0	0.0	0.0	0.0	0.0	0.000648998	0.0	0.0009292470000000001	0.0010325	0.000118	0.0753723	0.0401346	0.0	0.0	0.00013275	0.000368749	0.0809182	0.0	0.000457249	0.0862577	1.475e-05	0.0	0.0	0.0008997469999999999	0.00284674	0.000176999	0.0	0.0008997469999999999	0.0440729	0.001416	0.0826735	0.00013275	0.0	0.0	1.475e-05	0.0	0.000176999	0.000604748	0.0	0.0	0.0	0.0	0.0	4.4249900000000005e-05	0.0007817470000000001	0.000324499	0.000398249	0.00041299900000000005	0.0	0.000457249	0.0025517400000000003	0.00300899	2.9499900000000002e-05	0.000118	0.127941	5.8999800000000004e-05	0.08749670000000001	0.000294999	0.000663748	0.000191749	0.00033924899999999996	0.00022124900000000002	0.0754165	5.8999800000000004e-05	7.37498e-05	0.0007964970000000001	0.0	0.0	0.0	0.000545748	0.0	0.0	0.0428191	0.000840747	0.000294999	0.0	0.000206499	0.000280249	0.000398249	0.0008112470000000001	2.9499900000000002e-05	0.000162249	0.0855645	0.00013275	0.0	0.0	0.0	0.0	0.00205024	0.0	0.00122425	0.0	0.0	0.0023747399999999998	0.000324499	4.4249900000000005e-05	0.083647	1.475e-05	0.000471998	0.000752248	0.000280249	0.0019469900000000002	0.0	0.0	0.011667199999999999	0.00013275	0.00010325	0.000471998	0.00041299900000000005	0.0	0.000840747	0.0	0.0	0.000118	0.130124	0.0	0.000118	0.0013865	1.475e-05	0.000324499	0.000766998	5.8999800000000004e-05	0.00216824	7.37498e-05	0.0	0.00022124900000000002	0.00321549	0.16925600000000002	0.000545748	0.00426274	0.0443679	0.0431584	0.000958747	0.0012095	0.00022124900000000002	0.000619498	0.00013275	1.475e-05	5.8999800000000004e-05	0.0019469900000000002	0.000663748	0.0	1.475e-05	0.000737498
Sor-CPnd_038-Ex1-2A-lcwgs-1-3	0.0025104800000000003	0.0766509	0.0	0.00992169	0.0	0.0	0.0	0.0	0.0	0.0	0.0	0.000452593	0.0	0.000671818	0.000926402	0.000148507	0.0786239	0.0385836	0.0	0.0	0.000148507	0.00025458400000000003	0.08102129999999999	0.0	0.000396019	0.0851583	7.07177e-05	0.0	0.0	0.000792038	0.0029842899999999997	0.000148507	1.41435e-05	0.000657675	0.0415396	0.00124463	0.0825771	8.48612e-05	0.0	0.0	4.95024e-05	0.0	0.000134364	0.000452593	0.0	0.0	0.0	7.071769999999999e-06	0.0	2.12153e-05	0.0007001049999999999	0.000219225	0.000304086	0.000304086	0.0	0.00036066	0.0024609799999999998	0.0027792100000000003	2.12153e-05	0.000190938	0.128395	9.90048e-05	0.08698990000000001	0.000183866	0.00045966500000000005	0.000141435	0.0004950239999999999	0.000169722	0.0785886	9.1933e-05	4.95024e-05	0.0006223159999999999	0.0	2.12153e-05	0.0	0.00043845	0.0	0.0	0.0428761	0.000784967	0.000183866	0.0	0.000141435	0.000261656	0.0004950239999999999	0.000636459	4.24306e-05	0.00027579899999999997	0.0860634	0.000141435	0.0	0.0	0.0	0.0	0.00196595	7.071769999999999e-06	0.00109612	0.0	0.0	0.00253169	0.00031823	7.778949999999999e-05	0.0850168	7.071769999999999e-06	0.0004950239999999999	0.000586957	0.00022629700000000003	0.0015628600000000001	0.0	0.0	0.011081500000000001	0.00024043999999999997	7.071769999999999e-06	0.00031823	0.00031115799999999996	0.0	0.000664746	0.0	0.0	9.1933e-05	0.127546	7.071769999999999e-06	7.778949999999999e-05	0.00109612	7.071769999999999e-06	0.00024043999999999997	0.0006223159999999999	0.000113148	0.0019871700000000003	5.6574200000000005e-05	0.0	0.00024043999999999997	0.0034227399999999996	0.169744	0.00043845	0.00408041	0.044241	0.042932700000000004	0.0008061819999999999	0.000933474	0.000169722	0.00047380899999999995	0.000212153	7.071769999999999e-06	2.8287100000000002e-05	0.00161236	0.000544526	7.071769999999999e-06	2.12153e-05	0.0005940289999999999
Sor-CPnd_041-Ex1-7A-lcwgs-1-3	0.00255055	0.0740851	0.0	0.0100038	0.0	0.0	0.0	0.0	0.0	0.0	0.0	0.00048177100000000003	0.0	0.000736827	0.0009182	0.00010769000000000001	0.0779789	0.038343300000000004	0.0	0.0	0.000141697	0.000294731	0.0820315	0.0	0.000374081	0.0852565	1.70037e-05	0.0	0.0	0.00075383	0.00266958	0.000187041	0.0	0.0007651660000000001	0.0424186	0.00136596	0.0842193	0.000141697	0.0	0.0	7.36827e-05	0.0	9.635430000000001e-05	0.000447764	0.0	0.0	0.0	1.13358e-05	0.0	5.6679e-05	0.000697151	0.00024372	0.00028339500000000003	0.00035140999999999997	5.6679e-06	0.000334406	0.0023521799999999997	0.00280561	3.40074e-05	0.000147365	0.128032	0.000119026	0.0897568	0.000226716	0.00053845	7.36827e-05	0.000425092	0.000221048	0.0779109	6.23469e-05	5.6679e-05	0.000668812	0.0	1.13358e-05	0.0	0.000470436	0.0	0.0	0.042979699999999996	0.0007878379999999999	0.000226716	5.6679e-06	0.000192709	0.000238052	0.000385417	0.000708487	2.26716e-05	0.00021538000000000001	0.0862314	6.23469e-05	0.0	0.0	0.0	1.13358e-05	0.00188174	0.0	0.00116192	0.0	0.0	0.00253922	0.000311734	8.50185e-05	0.08568160000000001	2.83395e-05	0.000476103	0.000640473	0.00024372	0.00175138	0.0	0.0	0.011398100000000001	9.635430000000001e-05	2.83395e-05	0.000385417	0.000357078	0.0	0.000663144	0.0	0.0	9.635430000000001e-05	0.129942	5.6679e-06	6.80148e-05	0.00130928	1.70037e-05	0.000198376	0.00067448	0.000102022	0.00198943	8.50185e-05	0.0	0.000187041	0.00329872	0.16803099999999999	0.00040808900000000004	0.003916520000000001	0.0440282	0.041738399999999995	0.000827513	0.00102589	0.000158701	0.000476103	0.000187041	1.13358e-05	2.26716e-05	0.0018364	0.000521447	1.13358e-05	5.10111e-05	0.000617801
Sor-CPnd_043-Ex1-1D-lcwgs-1-3	0.00239417	0.07578510000000001	0.0	0.0096373	0.0	0.0	0.0	0.0	0.0	0.0	0.0	0.000626323	0.0	0.000686935	0.000929383	0.000181836	0.0790582	0.039125	0.0	0.0	9.091789999999999e-05	0.000242448	0.08368489999999999	0.0	0.000292958	0.08442229999999999	9.091789999999999e-05	0.0	0.0	0.000767751	0.00301039	0.00015152999999999998	2.0204000000000002e-05	0.000676833	0.0418829	0.00114153	0.0831697	9.091789999999999e-05	0.0	0.0	3.0306e-05	0.0	0.00015152999999999998	0.000424284	0.0	0.0	0.0	0.0	0.0	2.0204000000000002e-05	0.000636425	0.000191938	0.000373774	0.00030305999999999996	0.0	0.000424284	0.00239417	0.00267703	3.0306e-05	0.000111122	0.12653799999999998	4.0408000000000003e-05	0.0862609	0.000292958	0.000484896	0.00015152999999999998	0.00040408	0.000141428	0.0790582	5.051e-05	7.07139e-05	0.000616221	0.0	0.0	0.0	0.0004949980000000001	0.0	0.0	0.041852600000000004	0.000666731	0.000272754	0.0	0.000121224	0.000282856	0.00034346800000000004	0.000515202	1.0102000000000001e-05	0.000212142	0.08295759999999999	0.00010102	0.0	0.0	0.0	0.0	0.0020304999999999998	0.0	0.0012122399999999998	0.0	0.0	0.00226285	0.000282856	3.0306e-05	0.0845234	0.0	0.000434386	0.000626323	0.000141428	0.00157591	0.0	0.0	0.010788899999999999	0.000222244	4.0408000000000003e-05	0.000383876	0.000272754	0.0	0.000666731	0.0	0.0	0.000121224	0.13314399999999998	1.0102000000000001e-05	5.051e-05	0.00108091	2.0204000000000002e-05	0.000242448	0.000626323	0.00010102	0.00184866	3.0306e-05	0.0	0.000141428	0.0033538599999999997	0.167047	0.000393978	0.0034346800000000003	0.0439841	0.041761599999999996	0.000777853	0.000899077	0.00010102	0.00040408	0.00025255	1.0102000000000001e-05	2.0204000000000002e-05	0.00161632	0.00040408	0.0	6.0612e-05	0.000697037
Sor-CPnd_044-Ex1-8G-lcwgs-1-3	0.00284327	0.0756608	0.0	0.00985416	0.0	0.0	0.0	0.0	0.0	0.0	0.0	0.000404043	0.0	0.0008829089999999999	0.0009427670000000001	0.00019453900000000003	0.0783469	0.039252	0.0	0.0	0.000187057	0.000299291	0.0832778	0.0	0.000359149	0.0858068	0.00011223400000000001	0.0	0.0	0.0007856389999999999	0.00302284	0.000179575	0.0	0.0007108170000000001	0.0436367	0.00135429	0.0848341	0.00011223400000000001	0.0	0.0	6.73405e-05	0.0	0.000179575	0.000568653	0.0	0.0	0.0	0.0	0.0	3.74114e-05	0.0007332630000000001	0.000299291	0.000381596	0.000448937	0.0	0.000366632	0.00273851	0.00278341	3.74114e-05	0.00012719899999999999	0.125957	7.48228e-05	0.0871686	0.000202022	0.0005911	0.000172092	0.00048634800000000005	0.00016461	0.0783469	0.00011223400000000001	4.48937e-05	0.0007332630000000001	0.0	7.48228e-06	0.0	0.00049383	0.0	0.0	0.041781	0.0006958520000000001	0.000187057	0.0	0.00016461	0.000276844	0.00042648999999999996	0.000875427	2.99291e-05	0.000187057	0.0859265	0.00011971599999999999	0.0	0.0	0.0	7.48228e-06	0.00208756	7.48228e-06	0.00128695	0.0	0.0	0.00238685	0.000359149	3.74114e-05	0.0835322	7.48228e-06	0.000508795	0.000658441	0.00032922	0.00167603	0.0	0.0	0.0112982	0.000366632	3.74114e-05	0.000299291	0.000448937	0.0	0.0007706750000000001	0.0	0.0	0.00011971599999999999	0.129241	7.48228e-06	7.48228e-05	0.00118968	1.4964599999999999e-05	0.000291809	0.000748228	7.48228e-05	0.0018406400000000002	6.73405e-05	0.0	0.000239433	0.0035914899999999997	0.169294	0.00043397199999999997	0.00389827	0.044108	0.040756	0.0009502499999999999	0.00116724	0.00026188	0.000576136	0.00016461	0.0	5.2376e-05	0.00187057	0.000583618	1.4964599999999999e-05	5.2376e-05	0.0006210289999999999
Sor-CPnd_045-Ex1-7B-lcwgs-1-3	0.0019822	0.0741507	0.0	0.00958063	0.0	0.0	0.0	0.0	0.0	0.0	0.0	0.00043773600000000004	0.0	0.0008176570000000001	0.000891989	8.25916e-05	0.0777848	0.0384629	0.0	0.0	0.000107369	0.000272552	0.0819474	0.0	0.00040469899999999996	0.0849207	8.25916e-06	0.0	0.0	0.00078462	0.00257686	6.607330000000001e-05	0.0	0.0006607329999999999	0.0420061	0.00115628	0.0824595	9.910990000000001e-05	0.0	0.0	2.4777499999999998e-05	0.0	0.000173442	0.000561623	0.0	0.0	0.0	8.25916e-06	0.0	3.30366e-05	0.0006607329999999999	0.000289071	0.00037992099999999997	0.000388181	0.0	0.00037992099999999997	0.00189961	0.00261815	2.4777499999999998e-05	0.000123887	0.125234	7.43324e-05	0.0869607	0.000189961	0.00047903100000000004	0.000107369	0.000330366	0.000148665	0.07776000000000001	6.607330000000001e-05	3.30366e-05	0.000652474	0.0	0.0	0.0	0.000528586	0.0	0.0	0.0423695	0.000768102	0.000173442	0.0	0.000156924	0.000355144	0.000313848	0.000668992	8.25916e-06	0.000173442	0.0855649	6.607330000000001e-05	0.0	0.0	0.0	0.0	0.00166835	0.0	0.000974581	0.0	0.0	0.00248601	0.00020647899999999997	2.4777499999999998e-05	0.0855979	0.0	0.00033862599999999997	0.0006607329999999999	0.00020647899999999997	0.00136276	0.0	0.0	0.0108773	0.000140406	4.12958e-05	0.000280811	0.000371662	0.0	0.000528586	0.0	0.0	9.910990000000001e-05	0.131246	0.0	3.30366e-05	0.000891989	0.0	0.000247775	0.000528586	4.12958e-05	0.00173442	5.78141e-05	0.0	9.910990000000001e-05	0.00327889	0.16819800000000001	0.000363403	0.00379095	0.0430633	0.0412875	0.000652474	0.000677251	0.000156924	0.000388181	0.00022299699999999998	0.0	2.4777499999999998e-05	0.0015362	0.00040469899999999996	0.0	3.30366e-05	0.00047077200000000005
Sor-CPnd_046-Ex1-5A-lcwgs-1-3	0.00246482	0.0741398	0.0	0.00951762	0.0	0.0	0.0	0.0	0.0	0.0	0.0	0.00039046599999999996	0.0	0.000756529	0.00107378	4.88083e-05	0.0776052	0.037314	0.0	0.0	0.000146425	0.00043927500000000004	0.084536	0.0	0.00039046599999999996	0.08614669999999999	0.0	0.0	0.0	0.0009761660000000001	0.0025136299999999998	0.00019523299999999998	0.0	0.000951762	0.0423168	0.00168389	0.0818271	4.88083e-05	0.0	0.0	2.44042e-05	0.0	0.000122021	0.0005124870000000001	0.0	0.0	0.0	2.44042e-05	0.0	0.0	0.000561296	0.000170829	0.000366062	0.000268446	0.0	0.00043927500000000004	0.00268446	0.00309933	0.0	0.000122021	0.126536	7.32125e-05	0.0861711	0.000122021	0.000829741	7.32125e-05	0.00048808300000000005	0.000170829	0.0775564	2.44042e-05	2.44042e-05	0.000732125	0.0	0.0	0.0	0.0005857	0.0	0.0	0.0425364	0.000756529	0.00029285	0.0	7.32125e-05	0.00029285	0.00046367900000000004	0.00070772	0.0	0.00029285	0.083633	7.32125e-05	0.0	0.0	0.0	0.0	0.00195233	0.0	0.00134223	0.0	0.0	0.00219637	0.000366062	2.44042e-05	0.0810706	4.88083e-05	0.00043927500000000004	0.000854145	0.00021963699999999998	0.00170829	0.0	0.0	0.0107378	0.000122021	2.44042e-05	0.00048808300000000005	0.000414871	0.0	0.00070772	0.0	0.0	0.00029285	0.127731	0.0	2.44042e-05	0.00122021	0.0	0.00029285	0.000610104	4.88083e-05	0.0021475699999999997	0.0	0.0	0.000146425	0.0034409899999999997	0.166314	0.00043927500000000004	0.00383145	0.0446108	0.0453185	0.000780933	0.00107378	0.000146425	0.00048808300000000005	0.000244042	2.44042e-05	7.32125e-05	0.0017815	0.0005857	0.0	4.88083e-05	0.000634508
Sor-CPnd_049-Ex1-3B-lcwgs-1-3	0.00322131	0.0744712	0.0	0.0102181	0.0	0.0	0.0	0.0	0.0	0.0	0.0	0.000554204	0.0	0.000692755	0.000762031	0.000173189	0.0755103	0.0375127	0.0	0.0	0.000173189	6.92755e-05	0.083477	0.0	0.000173189	0.0886034	3.46378e-05	0.0	0.0	0.000762031	0.00325595	0.00010391299999999999	0.0	0.000277102	0.041530700000000004	0.000727393	0.08683690000000001	0.00010391299999999999	0.0	0.0	3.46378e-05	0.0	0.000242464	0.00048492899999999994	0.0	0.0	0.0	0.0	0.0	0.0	0.000727393	0.000207827	0.000346378	0.00031174	0.0	0.000450291	0.00197435	0.0028403	0.0	3.46378e-05	0.13037700000000002	0.0	0.0860402	0.00031174	0.000173189	0.000242464	0.000242464	0.000242464	0.0756142	6.92755e-05	6.92755e-05	0.000727393	0.0	0.0	0.0	0.00041565300000000004	0.0	0.0	0.041911699999999996	0.00062348	0.000173189	0.0	0.000173189	0.000346378	0.000450291	0.000727393	0.0	0.000277102	0.08427369999999999	0.000173189	0.0	0.0	0.0	0.0	0.00173189	0.0	0.000900582	0.0	0.0	0.0028403	0.00048492899999999994	6.92755e-05	0.0865944	0.0	0.000242464	0.000588842	0.000207827	0.00121232	0.0	0.0	0.0114305	0.00010391299999999999	0.0	0.000277102	0.000381015	0.0	0.00048492899999999994	0.0	0.0	0.000173189	0.130065	3.46378e-05	0.000138551	0.0008313060000000001	0.0	0.00031174	0.000588842	0.00010391299999999999	0.00249392	3.46378e-05	0.0	0.000207827	0.00325595	0.168409	0.000450291	0.004364359999999999	0.0436436	0.0440939	0.0008313060000000001	0.00110841	0.000207827	0.000588842	0.00041565300000000004	0.0	0.0	0.0018011599999999998	0.000519567	3.46378e-05	6.92755e-05	0.000658118
Sor-CPnd_050-Ex1-3F-lcwgs-1-3	0.00300339	0.07582799999999999	0.0	0.00995437	0.0	0.0	0.0	0.0	0.0	0.0	0.0	0.0005625070000000001	0.0	0.000783492	0.0011049299999999998	0.000190851	0.0791629	0.0395965	0.0	0.0	0.00017076100000000001	0.000301343	0.0832209	0.0	0.000401791	0.0860938	0.000140627	0.0	0.0	0.000944209	0.0031640999999999996	0.000140627	0.0	0.0008236709999999999	0.0420675	0.00152681	0.0814732	0.000130582	0.0	0.0	6.02686e-05	0.0	0.00017076100000000001	0.000512283	1.00448e-05	0.0	0.0	2.00895e-05	0.0	4.0179099999999996e-05	0.000713179	0.000220985	0.00038170099999999997	0.00036161200000000003	0.0	0.000401791	0.00288285	0.00318419	3.01343e-05	0.00017076100000000001	0.12783	9.040300000000001e-05	0.09025230000000001	0.00021094	0.000632821	0.000150672	0.00042188	0.000200895	0.0791428	7.03134e-05	4.0179099999999996e-05	0.000683045	0.0	0.0	0.0	0.0006127309999999999	0.0	0.0	0.0420273	0.0008738950000000001	0.000220985	0.0	0.000140627	0.00024107500000000002	0.000522328	0.000783492	4.0179099999999996e-05	0.000301343	0.0856518	0.00012053699999999999	0.0	0.0	0.0	0.0	0.0021395399999999997	1.00448e-05	0.00124555	0.0	0.0	0.00245092	0.000301343	6.02686e-05	0.086144	2.00895e-05	0.0004921939999999999	0.0008538059999999999	0.000190851	0.0018582800000000001	0.0	0.0	0.0112301	0.000371657	4.0179099999999996e-05	0.000391746	0.000331478	0.0	0.000803582	0.0	0.0	0.000150672	0.128905	0.0	0.000100448	0.00132591	1.00448e-05	0.000281254	0.0007232240000000001	0.000150672	0.0018482400000000001	5.022389999999999e-05	0.0	0.00024107500000000002	0.0038973700000000003	0.167286	0.000512283	0.00381701	0.0442171	0.0434035	0.00088394	0.0012556	0.00017076100000000001	0.000582597	0.00012053699999999999	0.0	6.02686e-05	0.00208931	0.000632821	2.00895e-05	4.0179099999999996e-05	0.000703134
Sor-CPnd_052-Ex1-6D-lcwgs-1-3	0.0032869	0.07638919999999999	0.0	0.00908404	0.0	0.0	0.0	0.0	0.0	0.0	0.0	0.000665701	0.0	0.0007627819999999999	0.0011511100000000001	8.32126e-05	0.078206	0.038985099999999995	0.0	0.0	0.000263507	0.00033285	0.0830046	0.0	0.000374457	0.0853623	0.0	0.0	0.0	0.00102629	0.00305113	0.000124819	2.7737499999999997e-05	0.000735045	0.0432428	0.0014978300000000001	0.08497389999999999	0.000124819	0.0	0.0	0.00011094999999999999	0.0	0.00011094999999999999	0.000527013	0.0	0.0	0.0	0.0	0.0	6.93438e-05	0.000721176	0.000318982	0.000402194	0.000443801	0.0	0.000499276	0.00263507	0.00320369	5.54751e-05	0.000152556	0.126982	6.93438e-05	0.0899944	0.000346719	0.000568619	8.32126e-05	0.000402194	0.000235769	0.0781366	6.93438e-05	6.93438e-05	0.000707307	0.0	0.0	0.0	0.000610226	0.0	0.0	0.0426049	0.000873732	0.000305113	1.38688e-05	0.000208032	0.000305113	0.000443801	0.000984683	0.0	0.000235769	0.0844469	5.54751e-05	0.0	0.0	0.0	2.7737499999999997e-05	0.00235769	0.0	0.00135914	0.0	0.0	0.0022744799999999997	0.000360588	4.16063e-05	0.0855426	0.0	0.0005547509999999999	0.000859864	0.000305113	0.00192776	0.0	0.0	0.0104571	0.000124819	6.93438e-05	0.000471538	0.000360588	0.0	0.00067957	0.0	0.0	0.000166425	0.128772	0.0	4.16063e-05	0.00135914	4.16063e-05	0.000263507	0.000721176	0.00011094999999999999	0.0021080499999999998	5.54751e-05	0.0	0.000152556	0.0033562400000000004	0.168492	0.000457669	0.00346719	0.0449071	0.0408158	0.000845995	0.0013175300000000001	0.000235769	0.000513144	0.000249638	1.38688e-05	4.16063e-05	0.00180294	0.0005547509999999999	1.38688e-05	0.00011094999999999999	0.000707307
Sor-CPnd_053-Ex1-2C-lcwgs-1-3	0.00293739	0.0744542	0.0	0.00958972	0.0	0.0	0.0	0.0	0.0	0.0	0.0	0.000535642	0.0	0.000881218	0.00100217	0.000190067	0.0765795	0.0398103	0.0	0.0	0.000224624	0.000293739	0.0804673	0.0	0.000224624	0.0875688	3.45576e-05	0.0	0.0	0.000863939	0.00298923	0.000172788	0.0	0.000656593	0.0414345	0.00141686	0.081815	0.000103673	0.0	0.0	1.72788e-05	0.0	0.000172788	0.0005529210000000001	0.0	0.0	0.0	0.0	0.0	1.72788e-05	0.0007429870000000001	0.00031101800000000004	0.000345576	0.000414691	0.0	0.00039741200000000004	0.00255726	0.0028855599999999997	1.72788e-05	0.00015550900000000002	0.12788	6.91151e-05	0.0856682	0.000328297	0.000483806	0.00015550900000000002	0.000483806	0.00027646	0.0765623	3.45576e-05	6.91151e-05	0.000691151	0.0	0.0	0.0	0.000501085	0.0	0.0	0.042056500000000004	0.0007948240000000001	0.00027646	0.0	0.00013823	0.00031101800000000004	0.0005702	0.000863939	1.72788e-05	0.000259182	0.0879835	0.00013823	0.0	0.0	0.0	1.72788e-05	0.0022808	0.0	0.00124407	0.0	0.0	0.00259182	0.000241903	5.1836300000000004e-05	0.0839921	0.0	0.000483806	0.0006738720000000001	0.000293739	0.0017797099999999999	0.0	0.0	0.0113349	0.000224624	1.72788e-05	0.000259182	0.000380133	0.0	0.0007429870000000001	0.0	0.0	0.000224624	0.12909	0.0	0.00012095100000000001	0.0011576800000000001	0.0	0.00031101800000000004	0.0006738720000000001	0.00013823	0.00209073	5.1836300000000004e-05	0.0	0.000190067	0.0032311299999999996	0.165375	0.000501085	0.00407779	0.0450803	0.0450285	0.00101945	0.00112312	0.000172788	0.000535642	0.000207345	0.0	5.1836300000000004e-05	0.00190067	0.00046652699999999995	0.0	6.91151e-05	0.000656593
Sor-CPnd_054-Ex1-8F-lcwgs-1-3	0.0037008500000000003	0.0760428	0.0	0.00860935	0.0	0.0	0.0	0.0	0.0	0.0	0.0	0.00035060699999999996	0.0	0.000857039	0.000857039	0.000194782	0.0780685	0.0418781	0.0	0.0	0.000194782	0.000272694	0.0869505	0.0	0.000311651	0.0873401	7.79127e-05	0.0	0.0	0.000584345	0.0033112899999999997	0.00011686900000000001	0.0	0.00105182	0.041917	0.0015193	0.0827822	0.000155825	0.0	0.0	3.89563e-05	0.0	0.000155825	0.000506432	0.0	0.0	0.0	0.0	0.0	0.0	0.000545389	0.000194782	0.000194782	0.000272694	0.0	0.000272694	0.0034671100000000002	0.0033892	3.89563e-05	7.79127e-05	0.126803	3.89563e-05	0.088314	0.000194782	0.00074017	0.00011686900000000001	0.00046747600000000004	7.79127e-05	0.0780685	0.0	3.89563e-05	0.0007791270000000001	0.0	0.0	0.0	0.000311651	0.0	0.0	0.042813	0.0008959959999999999	7.79127e-05	0.0	7.79127e-05	0.00035060699999999996	0.000662258	0.00105182	3.89563e-05	0.00042852	0.084769	0.00011686900000000001	0.0	0.0	0.0	0.0	0.00229842	0.0	0.00159721	0.0	0.0	0.00241529	0.000272694	0.0	0.0844963	3.89563e-05	0.000584345	0.000506432	0.000194782	0.00233738	0.0	0.0	0.0120375	0.000311651	3.89563e-05	0.00042852	0.000272694	0.0	0.000857039	0.0	0.0	0.000155825	0.134088	0.0	7.79127e-05	0.00155825	3.89563e-05	0.00023373800000000002	0.0007791270000000001	0.00011686900000000001	0.00229842	0.00011686900000000001	0.0	0.000155825	0.00397355	0.168954	0.000623301	0.0041683300000000005	0.0448777	0.045461999999999995	0.00120765	0.00171408	7.79127e-05	0.000545389	0.000155825	0.0	3.89563e-05	0.00241529	0.0007012139999999999	0.0	0.00011686900000000001	0.000973908
Sor-CPnd_055-Ex1-7G-lcwgs-1-3	0.00271594	0.075708	0.0	0.00972613	0.0	0.0	0.0	0.0	0.0	0.0	0.0	0.00052269	0.0	0.0008813979999999999	0.00106588	8.19905e-05	0.07977680000000001	0.0401446	0.0	0.0	0.000153732	0.000204976	0.0827284	0.0	0.000358709	0.08593630000000001	4.0995300000000004e-05	0.0	0.0	0.000901896	0.00252121	0.000133235	0.0	0.0008199050000000001	0.0440187	0.00145533	0.0823902	0.000153732	0.0	0.0	4.0995300000000004e-05	0.0	0.000112737	0.000594431	0.0	0.0	0.0	2.04976e-05	0.0	5.1244100000000006e-05	0.000676422	0.00025622	0.00034846	0.000450948	0.0	0.00034846	0.00237773	0.00277743	6.14929e-05	0.000102488	0.12704400000000002	5.1244100000000006e-05	0.08600809999999999	0.000204976	0.0005329379999999999	8.19905e-05	0.000512441	0.000184479	0.0797358	9.22394e-05	6.14929e-05	0.0007686609999999999	0.0	0.0	0.0	0.00052269	0.0	0.0	0.0416819	0.000707168	0.000235723	0.0	0.000194728	0.000245972	0.000379206	0.0008301539999999999	2.04976e-05	0.000194728	0.0849012	9.22394e-05	0.0	0.0	0.0	1.02488e-05	0.00207026	0.0	0.00119911	0.0	0.0	0.00239822	0.000225474	3.07465e-05	0.0861721	1.02488e-05	0.000563685	0.000737915	0.00027671799999999996	0.00189603	0.0	0.0	0.010679300000000001	9.22394e-05	6.14929e-05	0.0005021919999999999	0.00043045000000000003	0.0	0.000737915	0.0	0.0	0.000112737	0.130652	3.07465e-05	7.174170000000001e-05	0.00142459	6.14929e-05	0.000235723	0.000635427	0.000204976	0.00188578	3.07465e-05	0.0	0.000204976	0.0034846	0.165857	0.00046119699999999994	0.0038228100000000003	0.0449001	0.0443056	0.0009223939999999999	0.00116837	0.000225474	0.000471446	0.000184479	0.0	6.14929e-05	0.00184479	0.0005021919999999999	4.0995300000000004e-05	2.04976e-05	0.000727666
Sor-CPnd_058-Ex1-2G-lcwgs-1-3	0.00299455	0.07639	0.0	0.009814400000000001	1.93197e-05	0.0	0.0	0.0	0.0	0.0	0.0	0.000521632	0.0	0.0010046200000000001	0.00123646	0.00028979499999999997	0.0804472	0.0402429	0.0	0.0	0.00028979499999999997	0.000251156	0.08448499999999999	0.0	0.000579591	0.08709320000000001	9.659839999999999e-05	0.0	0.0	0.000985304	0.0032843499999999997	0.000135238	0.0	0.00059891	0.0443966	0.0014683	0.0804279	7.72788e-05	0.0	0.0	1.93197e-05	0.0	9.659839999999999e-05	0.000579591	0.0	0.0	0.0	0.0	0.0	1.93197e-05	0.000521632	0.000173877	0.000386394	0.000328435	0.0	0.000425033	0.00278204	0.00336163	1.93197e-05	0.000231836	0.128824	0.000154558	0.0904934	0.000193197	0.00044435300000000003	9.659839999999999e-05	0.000560271	0.000115918	0.0803699	9.659839999999999e-05	1.93197e-05	0.0007534680000000001	0.0	0.0	0.0	0.000676189	0.0	0.0	0.0412669	0.0010819	0.000154558	0.0	0.000135238	0.000212517	0.000347754	0.0008693860000000001	0.0	0.000251156	0.08471680000000001	7.72788e-05	0.0	0.0	0.0	1.93197e-05	0.0021444899999999998	0.0	0.00142966	0.0	0.0	0.00247292	0.00046367300000000006	7.72788e-05	0.08519979999999999	1.93197e-05	0.000502312	0.000830747	0.000212517	0.0016614899999999998	0.0	0.0	0.0114759	0.00028979499999999997	7.72788e-05	0.000367074	0.000367074	0.0	0.000734148	0.0	0.0	0.000154558	0.13433	0.0	1.93197e-05	0.00121714	0.0	0.000231836	0.000676189	7.72788e-05	0.0020672100000000003	3.86394e-05	0.0	0.000212517	0.004134410000000001	0.168757	0.000521632	0.0039412200000000005	0.0443773	0.041962400000000004	0.000830747	0.00121714	0.000154558	0.00044435300000000003	0.000135238	0.0	7.72788e-05	0.00200925	0.000386394	0.0	3.86394e-05	0.0007534680000000001
Sor-CPnd_063-Ex1-7D-lcwgs-1-3	0.00272405	0.0740796	0.0	0.00977185	0.0	0.0	0.0	0.0	0.0	0.0	0.0	0.00043877399999999996	0.0	0.0008409830000000001	0.00109693	9.14112e-05	0.0789152	0.0396359	0.0	0.0	0.00016454	0.000310798	0.0826905	0.0	0.00038392700000000005	0.0858716	0.0	0.0	0.0	0.0009872400000000001	0.0029343	0.000201105	0.0	0.000749571	0.0435757	0.00140773	0.08334870000000001	0.00016454	0.0	0.0	7.31289e-05	0.0	0.00010969300000000001	0.000539326	0.0	0.0	0.0	9.14112e-06	0.0	0.00010055200000000001	0.0008226999999999999	0.000310798	0.00045705599999999996	0.000447915	9.14112e-06	0.00045705599999999996	0.00236755	0.00267835	6.39878e-05	0.000146258	0.126742	9.14112e-05	0.0869869	0.00019196300000000002	0.000603314	0.00010055200000000001	0.00042963200000000005	0.000292516	0.0788513	9.14112e-05	9.14112e-05	0.00074043	0.0	1.82822e-05	0.0	0.000621596	0.0	0.0	0.0420308	0.0008866880000000001	0.000310798	0.0	0.000201105	0.000338221	0.00028337500000000004	0.0008501240000000001	1.82822e-05	0.000146258	0.08388799999999999	7.31289e-05	0.0	0.0	0.0	3.65645e-05	0.00212988	9.14112e-06	0.0012157700000000001	0.0	0.0	0.00264178	0.000310798	3.65645e-05	0.0856431	9.14112e-06	0.00032908	0.000795277	0.00032908	0.0015905499999999998	0.0	0.0	0.0109876	0.000118835	6.39878e-05	0.000374786	0.000484479	0.0	0.0005941729999999999	0.0	0.0	0.00019196300000000002	0.134329	9.14112e-06	6.39878e-05	0.00109693	4.57056e-05	0.00032908	0.000557608	4.57056e-05	0.00206589	2.7423300000000002e-05	0.0	0.00017368100000000002	0.0035741799999999997	0.168352	0.00041134999999999994	0.00370215	0.0451023	0.0418023	0.0007678540000000001	0.0012157700000000001	0.00021938699999999998	0.000374786	0.00022852799999999998	0.0	3.65645e-05	0.0018739299999999998	0.000603314	9.14112e-06	7.31289e-05	0.000548467
Sor-CPnd_066-Ex1-8B-lcwgs-1-3	0.00241663	0.0676658	0.0	0.00586897	0.0	0.0	0.0	0.0	0.0	0.0	0.0	0.0010356999999999999	0.0	0.00138093	0.00138093	0.0	0.0638682	0.037630500000000004	0.0	0.0	0.0	0.000690467	0.0966654	0.0	0.000690467	0.107368	0.0	0.0	0.0	0.0010356999999999999	0.0020713999999999997	0.0	0.0	0.0010356999999999999	0.0452256	0.0010356999999999999	0.07111809999999999	0.0	0.0	0.0	0.0	0.0	0.0	0.0010356999999999999	0.0	0.0	0.0	0.0	0.0	0.0	0.000690467	0.000690467	0.000345234	0.000690467	0.0	0.0	0.00241663	0.0034523400000000004	0.0	0.0	0.126701	0.0	0.0869989	0.000345234	0.000345234	0.0	0.0	0.000690467	0.0638682	0.0	0.000345234	0.00138093	0.0	0.0	0.0	0.000690467	0.0	0.0	0.045570799999999995	0.00138093	0.000345234	0.0	0.000690467	0.000345234	0.000345234	0.0020713999999999997	0.0	0.000345234	0.0807846	0.0	0.0	0.0	0.0	0.0	0.0017261700000000002	0.0	0.000690467	0.0	0.0	0.0020713999999999997	0.0	0.0	0.0838917	0.0	0.0	0.0010356999999999999	0.000690467	0.0020713999999999997	0.0	0.0	0.00863084	0.000345234	0.0	0.0	0.0010356999999999999	0.0	0.000345234	0.0	0.0	0.0	0.157426	0.0	0.0	0.000690467	0.0	0.000345234	0.000690467	0.0	0.00138093	0.0	0.0	0.0	0.0034523400000000004	0.169855	0.000345234	0.0031071000000000002	0.0466065	0.052820700000000005	0.000690467	0.0017261700000000002	0.000690467	0.000690467	0.000345234	0.0	0.0	0.00276187	0.0017261700000000002	0.0	0.0	0.00138093
Sor-CPnd_069-Ex1-6B-lcwgs-1-3	0.00290187	0.07609160000000001	0.0	0.009661900000000001	0.0	0.0	0.0	0.0	0.0	0.0	0.0	0.000412197	0.0	0.0008408819999999999	0.00118713	6.59515e-05	0.0773611	0.0389773	0.0	0.0	0.000247318	0.000296782	0.0827527	0.0	0.000329758	0.0843355	0.0	0.0	0.0	0.0010882	0.00265455	0.000164879	0.0	0.000676003	0.043231200000000004	0.00148391	0.0856051	0.000115415	0.0	0.0	6.59515e-05	0.0	0.00019785499999999998	0.000494636	0.0	0.0	0.0	1.6487900000000002e-05	0.0	8.24394e-05	0.0008573700000000001	0.000247318	0.00042868500000000005	0.000412197	0.0	0.000461661	0.0023742499999999996	0.00318216	3.2975800000000004e-05	0.000148391	0.129496	8.24394e-05	0.0886883	0.000263806	0.000494636	0.000164879	0.0005441	0.00023083	0.0774106	8.24394e-05	6.59515e-05	0.0007749300000000001	0.0	0.0	0.0	0.0006265390000000001	0.0	0.0	0.0432147	0.0007254669999999999	0.00023083	0.0	0.00019785499999999998	0.000296782	0.000511124	0.000906833	1.6487900000000002e-05	0.00031327	0.0866768	8.24394e-05	0.0	0.0	0.0	3.2975800000000004e-05	0.0020939599999999997	0.0	0.00133552	0.0	0.0	0.00244021	0.000346245	1.6487900000000002e-05	0.085638	0.0	0.000478148	0.0008573700000000001	0.000329758	0.0015004	0.0	0.0	0.0107006	4.9463600000000005e-05	4.9463600000000005e-05	0.00031327	0.00042868500000000005	0.0	0.0007749300000000001	0.0	0.0	0.000115415	0.12717099999999998	0.0	9.89273e-05	0.00107171	1.6487900000000002e-05	0.00031327	0.000593564	0.000148391	0.0020445000000000003	1.6487900000000002e-05	0.0	0.00019785499999999998	0.00338001	0.168556	0.000461661	0.004088990000000001	0.0424893	0.042143	0.0008408819999999999	0.00138498	0.00023083	0.000494636	0.000214342	0.0	6.59515e-05	0.00199503	0.000676003	0.0	6.59515e-05	0.0006265390000000001
Sor-CPnd_072-Ex1-8C-lcwgs-1-3	0.00253936	0.07491439999999999	0.0	0.00931553	0.0	0.0	0.0	0.0	0.0	0.0	0.0	0.00041067699999999997	0.0	0.000752909	0.0008555780000000001	0.00018480500000000002	0.0754346	0.0378645	0.0	0.0	0.000164271	0.000212183	0.0794729	0.0	0.000328542	0.083477	0.000102669	0.0	0.0	0.00072553	0.00281314	9.58247e-05	6.84462e-06	0.0006160159999999999	0.040794	0.0012115	0.08421630000000001	0.00013004799999999999	0.0	0.0	6.84462e-05	0.0	0.000164271	0.00045858999999999993	0.0	0.0	0.0	0.0	0.0	6.16016e-05	0.000629705	0.000212183	0.00030800799999999997	0.000301163	0.0	0.000314853	0.00235455	0.0027310100000000003	6.16016e-05	0.000150582	0.127543	0.000109514	0.0878097	0.000205339	0.00042436700000000004	0.000102669	0.00041067699999999997	0.000212183	0.07540720000000001	0.000109514	4.10677e-05	0.0006639290000000001	0.0	0.0	0.0	0.00045858999999999993	0.0	0.0	0.042464	0.00063655	0.000205339	6.84462e-06	0.000143737	0.000314853	0.00036961000000000003	0.000704996	0.0	0.000205339	0.0857221	8.89801e-05	0.0	0.0	0.0	1.3689200000000001e-05	0.0019712500000000003	0.0	0.0012115	0.0	0.0	0.00243669	0.000219028	4.79124e-05	0.08436	1.3689200000000001e-05	0.000417522	0.0005407249999999999	0.000225873	0.00136208	0.0	0.0	0.0109514	0.000225873	4.10677e-05	0.000314853	0.000335387	0.0	0.0007118410000000001	0.0	0.0	0.000143737	0.12744	6.84462e-06	8.89801e-05	0.00104038	4.10677e-05	0.000232717	0.000684462	6.84462e-05	0.0017796	6.16016e-05	0.0	0.00017796	0.0029568800000000003	0.168905	0.000431211	0.0036139600000000003	0.0437782	0.0413689	0.000848733	0.0009650920000000001	0.00018480500000000002	0.00054757	0.000123203	1.3689200000000001e-05	4.79124e-05	0.00158111	0.000417522	0.0	4.79124e-05	0.0006228609999999999
