Sample	1	2	3	4	5	6	7	8	9	10	11	12	13	14	15	16	17	18	19	20	21	22	23	24	25	26	27	28	29	30	31	32	33	34	35	36	37	38	39	40	41	42	43	44	45	46	47	48	49	50	51	52	53	54	55	56	57	58	59	60	61	62	63	64	65	66	67	68	69	70	71	72	73	74	75	76	77	78	79	80	81	82	83	84	85	86	87	88	89	90	91	92	93	94	95	96	97	98	99	100	101	102	103	104	105	106	107	108	109	110	111	112	113	114	115	116	117	118	119	120	121	122	123	124	125	126	127	128	129	130	131	132	133	134	135	136	137	138	139	140	141	142	143	144	145	146	147	148	149	150
Sor-CPnd_001-Ex1-3E-lcwgs-1-3	56.418400000000005	39.4365	38.4725	37.6759	38.4709	37.5166	36.267700000000005	37.6415	38.5031	36.9527	41.5764	40.944599999999994	40.5879	39.9729	39.7876	39.343	39.8438	39.4735	39.7987	39.7607	39.9713	39.6342	39.807199999999995	39.2616	39.5082	39.229	39.2077	39.058	39.4703	39.083800000000004	39.5591	39.4321	39.4767	39.278800000000004	39.4718	39.1815	39.4196	39.1065	39.2582	39.0667	39.5344	39.1556	39.469100000000005	39.356	39.4009	39.2684	39.5069	39.3031	39.5377	39.4895	39.6464	39.6657	39.9769	39.8092	40.0103	40.0609	40.176	40.0454	40.315	40.1131	40.6079	40.4901	40.534	40.625499999999995	40.8732	40.7127	41.0213	40.992	41.148	41.029199999999996	41.3808	41.321999999999996	41.5614	41.5454	41.6156	41.7182	41.8382	41.8144	42.013600000000004	42.0357	42.290299999999995	42.2025	42.3696	42.3802	42.5426	42.6143	42.7585	42.6726	43.0975	42.9448	43.2263	43.2677	43.4292	43.520399999999995	43.7523	43.7579	43.978	44.0302	44.158500000000004	44.099199999999996	44.4013	44.3362	44.5568	44.6334	44.6752	44.757999999999996	44.920100000000005	44.8493	45.069700000000005	45.0343	45.2334	45.1936	45.4198	45.4507	45.616800000000005	45.7755	45.8496	45.9195	46.084599999999995	46.1835	46.4043	46.4758	46.8019	47.0061	47.235	47.4189	47.7721	47.767199999999995	48.2234	48.3598	48.7365	48.8985	49.2871	49.605199999999996	49.8687	50.1816	50.497	50.659699999999994	51.0063	51.237500000000004	51.744	52.101299999999995	52.4937	52.725699999999996	53.2311	53.634499999999996	53.9323	54.2697	54.6976	54.944700000000005
Sor-CPnd_002-Ex1-5E-lcwgs-1-3	56.1135	41.3867	39.2812	38.568000000000005	39.3959	38.5923	37.5713	39.284400000000005	39.9291	38.082899999999995	42.573499999999996	41.9478	41.510999999999996	40.9071	40.7051	40.2967	40.7967	40.3563	40.8023	40.745	40.9195	40.5218	40.767900000000004	40.2113	40.4724	40.3184	40.2778	40.0488	40.4313	40.079	40.5205	40.3586	40.442699999999995	40.2024	40.4305	40.0581	40.317	40.0366	40.224900000000005	39.9838	40.5432	40.0932	40.503499999999995	40.4386	40.502	40.388000000000005	40.699999999999996	40.4803	40.8734	40.8399	41.1436	41.086099999999995	41.49	41.31	41.6222	41.7142	41.924499999999995	41.7388	42.1348	41.950900000000004	42.4594	42.3686	42.525800000000004	42.5151	42.8352	42.6761	42.950300000000006	42.9736	43.1243	43.0833	43.4499	43.3282	43.6242	43.635200000000005	43.6494	43.7491	43.8729	43.7607	44.0078	43.967600000000004	44.2517	44.1808	44.3975	44.2607	44.4764	44.5687	44.7015	44.6592	45.04	44.8991	45.1675	45.2636	45.4885	45.582699999999996	45.8177	45.8579	46.050200000000004	46.1293	46.251999999999995	46.2095	46.4546	46.3535	46.5722	46.5759	46.5718	46.586	46.7034	46.6281	46.7368	46.7175	46.8719	46.789500000000004	46.9822	47.0408	47.138200000000005	47.3929	47.5007	47.6436	47.9254	48.0349	48.321999999999996	48.588300000000004	48.9414	49.235800000000005	49.621300000000005	49.8981	50.4178	50.5797	51.1267	51.4026	51.8455	52.19970000000001	52.7431	53.19160000000001	53.5814	54.073800000000006	54.482200000000006	54.806900000000006	55.264599999999994	55.60850000000001	56.293400000000005	56.747800000000005	57.267900000000004	57.5681	58.2079	58.717600000000004	59.1297	59.531800000000004	60.043400000000005	60.3395
Sor-CPnd_003-Ex1-2B-lcwgs-1-3	57.3052	40.2868	39.9308	38.2413	39.1649	38.3866	37.345	38.9482	39.8041	37.7276	42.6058	42.113299999999995	41.5739	40.9499	40.731	40.2623	40.823	40.4188	40.746300000000005	40.7272	40.913	40.5364	40.7178	40.1624	40.3247	40.1942	40.1469	39.967000000000006	40.403	40.016200000000005	40.4891	40.2774	40.4396	40.1584	40.3837	40.0372	40.312	39.9745	40.1866	39.922000000000004	40.4567	40.0233	40.404	40.2637	40.3277	40.1618	40.4326	40.191300000000005	40.516400000000004	40.433099999999996	40.665099999999995	40.6239	40.9302	40.7641	40.9926	41.0485	41.1929	40.9881	41.3468	41.100300000000004	41.5419	41.4546	41.504799999999996	41.544799999999995	41.8098	41.6124	41.8462	41.794599999999996	41.9987	41.8507	42.2101	42.0689	42.2925	42.266	42.3325	42.315599999999996	42.531600000000005	42.3507	42.599	42.5578	42.8411	42.7121	42.8989	42.849599999999995	42.9599	43.0251	43.1223	43.074	43.4408	43.2513	43.5445	43.5507	43.7264	43.7934	43.9975	43.9697	44.1836	44.1772	44.2951	44.256499999999996	44.502	44.3981	44.67	44.6502	44.6838	44.6856	44.7949	44.656800000000004	44.880700000000004	44.8088	45.048700000000004	44.9378	45.1615	45.219	45.339200000000005	45.445600000000006	45.522600000000004	45.571400000000004	45.7495	45.791900000000005	46.0736	46.1958	46.510600000000004	46.6964	46.9901	47.1503	47.5065	47.583999999999996	47.9967	48.1043	48.5237	48.6754	49.1006	49.4103	49.6787	50.010299999999994	50.2863	50.513600000000004	50.7727	51.0262	51.560399999999994	51.8566	52.2624	52.436899999999994	52.9555	53.3261	53.6014	53.888400000000004	54.378400000000006	54.4525
Sor-CPnd_004-Ex1-1G-lcwgs-1-3	55.5489	40.724	38.549	37.5225	39.0257	37.8044	36.905100000000004	38.1822	38.8484	37.1125	41.6129	40.9276	40.5682	40.0668	39.8794	39.499	39.9834	39.5775	39.9315	39.9439	40.075300000000006	39.6618	39.941900000000004	39.415099999999995	39.590599999999995	39.4491	39.405	39.1672	39.5736	39.1565	39.651399999999995	39.4499	39.618199999999995	39.386900000000004	39.6251	39.2239	39.4949	39.2288	39.3745	39.1357	39.6533	39.2022	39.6036	39.4238	39.5124	39.3552	39.6569	39.3943	39.671800000000005	39.624900000000004	39.8076	39.8057	40.1073	39.8894	40.1821	40.1825	40.38	40.1594	40.550599999999996	40.2641	40.7733	40.7172	40.7229	40.8362	41.097899999999996	40.9111	41.1776	41.1804	41.3384	41.260400000000004	41.6258	41.560399999999994	41.8441	41.8214	41.9037	41.9642	42.1762	42.0287	42.2616	42.3075	42.5359	42.5563	42.6568	42.6757	42.8411	42.9231	43.1174	42.9879	43.385400000000004	43.236000000000004	43.5388	43.5751	43.717600000000004	43.844	44.0424	44.0649	44.2816	44.3292	44.467099999999995	44.4549	44.6676	44.6182	44.8769	44.9996	44.9403	45.0371	45.187	45.142500000000005	45.3227	45.3287	45.5314	45.534200000000006	45.665	45.7626	45.894400000000005	46.029599999999995	46.071	46.1865	46.3386	46.3718	46.659	46.8434	47.006	47.263	47.56	47.686099999999996	48.0896	48.1368	48.599399999999996	48.7547	49.1126	49.2504	49.695499999999996	50.023399999999995	50.3204	50.6385	50.977399999999996	51.2181	51.5135	51.780899999999995	52.3392	52.7176	53.1255	53.3484	53.857200000000006	54.3435	54.6751	54.982600000000005	55.5157	55.709399999999995
Sor-CPnd_005-Ex1-3D-lcwgs-1-3	56.6736	39.7577	39.400400000000005	37.923	38.986	38.0027	36.961	37.9905	38.7477	37.0944	41.6612	41.0727	40.7102	40.164699999999996	40.0214	39.6368	40.192699999999995	39.8412	40.150999999999996	40.1631	40.307900000000004	39.9401	40.0642	39.5214	39.698699999999995	39.5183	39.4541	39.3552	39.623799999999996	39.3585	39.7411	39.6131	39.6537	39.4894	39.7279	39.4432	39.617599999999996	39.3144	39.5664	39.2922	39.7522	39.3367	39.7067	39.5643	39.5783	39.4024	39.5796	39.3538	39.6287	39.5273	39.6733	39.637699999999995	39.888400000000004	39.6957	39.841300000000004	39.8692	40.0314	39.765	39.9784	39.7404	40.1656	40.0437	40.0694	40.125	40.2561	40.045199999999994	40.2837	40.2685	40.362700000000004	40.2403	40.5085	40.4213	40.6481	40.6023	40.5973	40.6179	40.7853	40.6562	40.902699999999996	40.801500000000004	41.058	40.943400000000004	41.1132	41.0389	41.2112	41.24	41.348600000000005	41.221799999999995	41.6269	41.3992	41.6609	41.712900000000005	41.8157	41.822700000000005	42.018499999999996	41.9554	42.187999999999995	42.1171	42.2589	42.187599999999996	42.460300000000004	42.2583	42.6163	42.6047	42.6367	42.6778	42.7869	42.6763	42.9028	42.9471	43.0909	43.041000000000004	43.2886	43.2503	43.4379	43.5726	43.595600000000005	43.595	43.7942	43.7585	43.9819	44.1051	44.2528	44.382	44.6324	44.6092	44.9834	44.8942	45.196999999999996	45.2537	45.494099999999996	45.524300000000004	45.7975	46.0327	46.1839	46.3979	46.5839	46.6195	46.8575	46.9893	47.3489	47.477799999999995	47.7999	47.8727	48.2038	48.5155	48.6786	48.8352	49.1584	49.1934
Sor-CPnd_006-Ex1-2D-lcwgs-1-3	56.1763	40.4371	38.9378	37.7404	39.0045	38.0026	37.033500000000004	38.573800000000006	39.2734	37.3268	42.0077	41.4414	40.944	40.4185	40.1978	39.7658	40.2618	39.798899999999996	40.1827	40.1902	40.2565	39.9026	40.1605	39.6633	39.778999999999996	39.6485	39.616	39.4286	39.7849	39.4394	39.8695	39.6922	39.818799999999996	39.570100000000004	39.801199999999994	39.495599999999996	39.703	39.4184	39.5529	39.351	39.8452	39.4512	39.8069	39.6974	39.7291	39.6052	39.894200000000005	39.6569	39.9411	39.9022	40.1074	40.0631	40.423500000000004	40.2434	40.464299999999994	40.5458	40.6875	40.531099999999995	40.8922	40.6259	41.1328	41.021800000000006	41.1025	41.1648	41.4134	41.2444	41.4934	41.4986	41.6823	41.5721	41.9244	41.8237	42.0867	42.0464	42.1207	42.1902	42.3346	42.2455	42.4686	42.444900000000004	42.7065	42.6444	42.8207	42.788	42.9554	43.0499	43.15	43.07	43.4242	43.2699	43.5641	43.5935	43.7652	43.877	44.0313	44.0665	44.270399999999995	44.2619	44.399300000000004	44.3693	44.6535	44.521	44.819199999999995	44.857200000000006	44.817800000000005	44.876	44.995200000000004	44.902	45.1006	45.090599999999995	45.2108	45.2002	45.3758	45.4346	45.5569	45.6619	45.7401	45.8318	46.0186	46.0652	46.3664	46.5265	46.785700000000006	47.0279	47.3211	47.469699999999996	47.8659	47.9572	48.3961	48.5903	49.0078	49.1708	49.6041	49.9697	50.275499999999994	50.623200000000004	50.9814	51.212199999999996	51.541599999999995	51.8004	52.310900000000004	52.6751	53.120599999999996	53.3782	53.878800000000005	54.3085	54.6485	54.9323	55.4303	55.6545
Sor-CPnd_007-Ex1-1C-lcwgs-1-3	58.6222	42.1461	41.4842	39.7353	41.028999999999996	40.1092	39.0271	40.7331	41.5635	39.2731	44.2586	43.815599999999996	43.4197	42.7878	42.4886	42.054	42.6237	42.1237	42.5575	42.58	42.6378	42.2054	42.539100000000005	41.9471	42.2049	41.9335	41.9572	41.6729	42.1591	41.7314	42.2873	42.0675	42.1989	41.88	42.207499999999996	41.7688	42.097899999999996	41.789500000000004	41.9643	41.679	42.235299999999995	41.7525	42.179	41.991299999999995	42.0839	41.915200000000006	42.226200000000006	41.9707	42.302499999999995	42.2013	42.363800000000005	42.3516	42.6988	42.3568	42.6837	42.5573	42.8774	42.6095	43.075	42.6132	43.175799999999995	42.993900000000004	43.071	43.0142	43.3386	43.085	43.3155	43.3313	43.4346	43.2473	43.573699999999995	43.4458	43.6913	43.5982	43.680099999999996	43.6673	43.8728	43.6045	43.9028	43.858200000000004	44.0715	44.0421	44.1538	44.1182	44.2673	44.421699999999994	44.498	44.384	44.8004	44.5662	44.8768	44.8813	44.983000000000004	45.0324	45.3026	45.2288	45.5325	45.4288	45.6476	45.4503	45.805099999999996	45.6222	45.9258	45.9617	45.8734	45.9187	46.1679	45.9325	46.2555	46.209	46.4767	46.2789	46.5051	46.5806	46.733000000000004	46.8842	47.0209	47.097699999999996	47.3729	47.3299	47.647	47.6644	48.0001	48.2561	48.5285	48.5412	49.1205	49.0201	49.57	49.5801	49.9493	50.1628	50.6124	50.887499999999996	51.2016	51.4832	51.72	51.82679999999999	52.139599999999994	52.2486	52.8762	53.05069999999999	53.4243	53.63440000000001	54.0069	54.4539	54.5997	54.79619999999999	55.27720000000001	55.3515
Sor-CPnd_008-Ex1-1A-lcwgs-1-3	58.5358	38.9795	41.1441	38.427099999999996	38.8799	38.2658	36.8584	38.6709	39.7415	37.0225	42.6595	42.422900000000006	41.826299999999996	41.0766	40.8906	40.3652	40.845	40.4806	40.7723	40.7026	40.8846	40.4732	40.618900000000004	40.1217	40.3179	40.0065	40.0547	39.901599999999995	40.2953	39.942899999999995	40.401199999999996	40.2495	40.4557	40.1657	40.3596	40.097699999999996	40.2706	39.9431	40.18	39.9416	40.395399999999995	39.9911	40.416000000000004	40.1414	40.2428	40.039	40.2603	39.969300000000004	40.1941	40.1044	40.246500000000005	40.124500000000005	40.396300000000004	40.1081	40.2978	40.2194	40.3306	40.044999999999995	40.3159	40.0042	40.4613	40.175	40.2814	40.1847	40.431	40.0795	40.3122	40.2026	40.3667	40.11	40.4548	40.1918	40.5021	40.3163	40.388400000000004	40.2634	40.434799999999996	40.1974	40.3973	40.2502	40.5684	40.3182	40.5283	40.328	40.506	40.3864	40.4861	40.2277	40.6677	40.300599999999996	40.5823	40.5473	40.6212	40.5288	40.6826	40.4936	40.7087	40.455999999999996	40.6438	40.4503	40.7478	40.4854	40.8297	40.7142	40.760600000000004	40.7028	40.801500000000004	40.6161	40.8262	40.6582	40.908699999999996	40.724199999999996	41.016999999999996	40.8587	41.009299999999996	40.9804	41.036699999999996	40.8977	41.0814	40.8786	41.178	41.0409	41.2034	41.192499999999995	41.3987	41.220800000000004	41.4604	41.245599999999996	41.5344	41.3215	41.598	41.4152	41.6883	41.7119	41.7632	41.827799999999996	41.9748	41.824099999999994	41.9815	41.8451	42.111	42.039	42.263	42.131	42.3868	42.4097	42.4964	42.43	42.6635	42.4324
Sor-CPnd_009-Ex1-6A-lcwgs-1-3	56.466300000000004	40.4239	39.4509	38.3845	39.3762	38.5453	37.290600000000005	39.210699999999996	40.109899999999996	37.7804	42.8442	42.4842	41.9159	41.287800000000004	41.0412	40.605599999999995	41.063	40.625	41.0221	40.969899999999996	41.1609	40.822399999999995	40.9829	40.4574	40.6604	40.4561	40.435500000000005	40.235	40.6588	40.2689	40.739999999999995	40.5982	40.7546	40.4644	40.6779	40.3775	40.583000000000006	40.2973	40.4514	40.23	40.7117	40.3305	40.697100000000006	40.5391	40.5664	40.408300000000004	40.6388	40.4029	40.6565	40.596	40.766999999999996	40.7091	41.0074	40.8048	40.9523	40.996500000000005	41.074	40.8671	41.2042	40.9025	41.3786	41.2229	41.3052	41.2568	41.5143	41.2569	41.4868	41.411500000000004	41.5482	41.3549	41.7064	41.5492	41.834199999999996	41.6945	41.7709	41.7182	41.9039	41.6768	41.9422	41.8377	42.094	41.9809	42.148	42.078700000000005	42.2049	42.2292	42.2844	42.1708	42.532599999999995	42.342999999999996	42.6028	42.5814	42.7521	42.7324	42.9172	42.850100000000005	43.02	42.973299999999995	43.1162	43.0237	43.3078	43.1091	43.3776	43.4093	43.4444	43.4293	43.5542	43.4362	43.6646	43.5103	43.7337	43.635600000000004	43.873400000000004	43.8487	44.0212	44.078	44.1689	44.1335	44.417899999999996	44.3775	44.6671	44.710899999999995	44.9469	45.0803	45.3306	45.3553	45.7071	45.6853	46.059	46.1061	46.4382	46.461999999999996	46.8787	47.083000000000006	47.285199999999996	47.5354	47.7703	47.802499999999995	48.0974	48.186299999999996	48.5888	48.7464	49.0615	49.1557	49.551899999999996	49.7638	49.985	50.1292	50.465199999999996	50.53530000000001
Sor-CPnd_010-Ex1-1H-lcwgs-1-3	56.89490000000001	39.9814	38.9685	37.715900000000005	39.1373	37.8137	36.7826	38.338	39.0871	37.074200000000005	41.9791	41.3429	40.8151	40.3395	40.1049	39.6866	40.1144	39.7037	40.0251	40.1436	40.1843	39.7887	39.975300000000004	39.495599999999996	39.6403	39.4859	39.3846	39.2665	39.629	39.2828	39.7971	39.563500000000005	39.6893	39.4361	39.7378	39.3339	39.5726	39.2838	39.4179	39.171499999999995	39.752700000000004	39.2968	39.6647	39.494	39.6337	39.548899999999996	39.6594	39.4736	39.6214	39.557700000000004	39.8254	39.750099999999996	40.0725	39.772999999999996	40.057500000000005	40.0415	40.220099999999995	40.045500000000004	40.2026	40.028000000000006	40.4607	40.3168	40.4529	40.3638	40.6895	40.4379	40.6287	40.6862	40.8117	40.6929	41.0222	40.856500000000004	41.105399999999996	41.0505	41.1172	41.0831	41.3378	41.1968	41.4787	41.281800000000004	41.5302	41.4044	41.6345	41.5246	41.7117	41.7669	41.8225	41.814	42.0743	41.9525	42.2323	42.2027	42.3329	42.324	42.6362	42.4468	42.6844	42.6852	42.7911	42.6566	43.020599999999995	42.7743	42.992599999999996	43.1278	43.0299	43.1065	43.3361	43.1389	43.3468	43.3525	43.4921	43.410399999999996	43.5709	43.6507	43.819	43.9232	44.028600000000004	44.0455	44.2746	44.277300000000004	44.4778	44.5592	44.8856	44.9683	45.3558	45.2742	45.7457	45.7245	46.1767	46.104099999999995	46.550200000000004	46.6036	46.9957	47.225899999999996	47.5339	47.739599999999996	47.9512	47.9852	48.3292	48.451499999999996	48.9397	49.1396	49.4429	49.609500000000004	50.043099999999995	50.243700000000004	50.5975	50.6648	51.29050000000001	51.2384
Sor-CPnd_012-Ex1-5B-lcwgs-1-3	57.0933	41.389399999999995	40.3177	38.9234	40.184999999999995	39.2429	38.3146	40.0732	40.775099999999995	38.6062	43.5082	42.958	42.4119	41.850500000000004	41.6298	41.1917	41.687999999999995	41.2154	41.5987	41.5961	41.7452	41.3615	41.5972	41.0474	41.226800000000004	41.018100000000004	41.045	40.8318	41.249900000000004	40.821400000000004	41.300599999999996	41.0942	41.2638	40.9883	41.2044	40.8624	41.0936	40.7795	40.9752	40.7636	41.2852	40.885	41.2736	41.1273	41.2204	41.108	41.3386	41.2243	41.4613	41.4574	41.708099999999995	41.6772	42.0399	41.806	42.0898	42.1207	42.283100000000005	42.106300000000005	42.431799999999996	42.1969	42.6547	42.5276	42.631099999999996	42.6578	42.8798	42.6661	42.8964	42.7875	42.9963	42.829499999999996	43.1983	43.0302	43.215399999999995	43.1541	43.228699999999996	43.2732	43.4165	43.210300000000004	43.3611	43.4019	43.6678	43.5353	43.668	43.5914	43.7559	43.8101	43.916	43.8343	44.209700000000005	44.0344	44.3679	44.3472	44.5312	44.6622	44.8253	44.8058	45.016	45.0231	45.0897	45.0409	45.265	45.1224	45.3632	45.3899	45.3397	45.3208	45.449400000000004	45.2031	45.4446	45.3219	45.5654	45.4712	45.712599999999995	45.7523	45.878	46.0655	46.1537	46.244600000000005	46.459	46.5497	46.8709	47.0519	47.3856	47.6535	47.9614	48.183	48.655	48.719699999999996	49.1996	49.412299999999995	49.838300000000004	50.0328	50.4943	50.795199999999994	51.133799999999994	51.4906	51.8333	52.0578	52.3525	52.619899999999994	53.1365	53.4036	53.8738	54.0291	54.516600000000004	54.8948	55.171800000000005	55.418	55.903800000000004	55.9828
Sor-CPnd_013-Ex1-7F-lcwgs-1-3	57.389500000000005	41.6113	40.3531	39.050200000000004	40.3497	39.354099999999995	38.5388	40.0993	40.6963	38.778400000000005	43.4469	42.7523	42.2765	41.7625	41.5564	41.1213	41.6566	41.2275	41.5881	41.5137	41.6612	41.3111	41.5409	41.0085	41.1963	41.0341	40.9775	40.788799999999995	41.1108	40.801	41.2443	41.046899999999994	41.1221	40.8364	41.1318	40.7763	41.032000000000004	40.691100000000006	40.909099999999995	40.6883	41.3078	40.887499999999996	41.2327	41.204	41.3338	41.2481	41.5765	41.429100000000005	41.7646	41.7634	42.0105	42.0678	42.4014	42.3279	42.6104	42.6513	42.8676	42.728699999999996	43.1311	42.8537	43.3617	43.2705	43.3113	43.3823	43.6497	43.503	43.7466	43.7905	43.966499999999996	43.8699	44.219500000000004	44.1357	44.3899	44.348	44.472699999999996	44.4929	44.6276	44.539699999999996	44.7083	44.6951	44.9855	44.864399999999996	45.0367	45.0649	45.1648	45.332899999999995	45.4439	45.3966	45.8023	45.6173	45.9173	45.9688	46.220299999999995	46.3893	46.5678	46.6052	46.8437	46.828599999999994	46.9717	46.9047	47.1353	46.9966	47.2804	47.2228	47.2378	47.301700000000004	47.528999999999996	47.3639	47.524300000000004	47.5138	47.7295	47.6283	47.8183	47.9866	48.1771	48.5145	48.6366	48.8886	49.1567	49.3347	49.6449	49.887100000000004	50.3717	50.7388	51.2814	51.515699999999995	52.188900000000004	52.3425	52.9999	53.228500000000004	53.666000000000004	53.974	54.5457	54.8994	55.395399999999995	55.8302	56.1727	56.4653	56.9141	57.2218	57.9773	58.432700000000004	58.7948	59.16780000000001	59.6707	60.227799999999995	60.563900000000004	60.7904	61.3476	61.5648
Sor-CPnd_014-Ex1-1F-lcwgs-1-3	56.2101	41.5391	39.106	38.5338	39.4024	38.4353	37.2087	38.7206	39.3654	37.791599999999995	41.9642	41.3051	40.9992	40.449200000000005	40.2773	39.8518	40.360800000000005	39.9372	40.2864	40.246300000000005	40.4148	40.0947	40.3563	39.8244	40.0253	39.922000000000004	39.8546	39.6392	40.0646	39.68	40.1004	39.9154	40.0306	39.8093	40.0428	39.7012	39.9203	39.6763	39.7996	39.5777	40.1086	39.5948	40.0186	39.8639	39.9364	39.7845	40.042699999999996	39.7767	40.041	39.9698	40.1447	40.1511	40.4454	40.253299999999996	40.501599999999996	40.5364	40.6704	40.4925	40.8703	40.6059	41.1004	41.0123	41.0605	41.0883	41.4101	41.1825	41.4891	41.5197	41.6956	41.584199999999996	41.9615	41.8217	42.1678	42.0974	42.214400000000005	42.3129	42.5135	42.3736	42.6265	42.632	42.905300000000004	42.831	43.085499999999996	42.9809	43.1911	43.2976	43.4253	43.3422	43.719	43.544	43.8234	43.8714	44.0507	44.1922	44.3477	44.378099999999996	44.5979	44.5681	44.770900000000005	44.716699999999996	45.0475	44.8982	45.1863	45.2616	45.3271	45.4339	45.7075	45.579	45.8852	45.838699999999996	46.1115	45.9931	46.1628	46.2426	46.4294	46.605000000000004	46.672599999999996	46.7966	46.9441	46.9855	47.166799999999995	47.2824	47.557500000000005	47.7736	48.1367	48.2388	48.729499999999994	48.7037	49.1578	49.2578	49.622899999999994	49.7218	50.1667	50.4934	50.786	51.0941	51.4	51.5319	51.876400000000004	52.0946	52.7677	53.1428	53.4726	53.7536	54.2258	54.7366	55.0029	55.2392	55.706500000000005	55.8941
Sor-CPnd_015-Ex1-5F-lcwgs-1-3	56.9542	41.9077	40.5586	39.3488	40.3591	39.4495	38.647	40.4016	40.9731	38.846599999999995	43.5858	42.903200000000005	42.322500000000005	41.8951	41.6351	41.2576	41.7324	41.328900000000004	41.647099999999995	41.652899999999995	41.7857	41.3578	41.6547	41.1203	41.3003	41.1297	41.116200000000006	40.8863	41.3054	40.9333	41.3055	41.1505	41.3049	41.0319	41.2991	40.9186	41.188599999999994	40.8802	41.0681	40.8364	41.4049	41.0244	41.3624	41.312	41.394999999999996	41.282799999999995	41.6468	41.4446	41.7578	41.7776	42.0018	42.0317	42.3718	42.2109	42.539500000000004	42.6134	42.7505	42.6699	42.9949	42.7703	43.225	43.1162	43.208400000000005	43.270599999999995	43.5253	43.388	43.5736	43.6302	43.7633	43.6899	44.0772	44.0059	44.2593	44.2163	44.2946	44.338300000000004	44.4785	44.391000000000005	44.6207	44.5417	44.9063	44.7477	44.9777	44.9247	45.0758	45.1498	45.3393	45.2958	45.6735	45.435700000000004	45.7624	45.7661	46.0062	46.2219	46.3806	46.4054	46.664	46.657700000000006	46.7538	46.6981	46.9398	46.8156	47.0899	47.0488	47.0934	47.11	47.3739	47.2233	47.3666	47.4419	47.6134	47.5261	47.6548	47.7842	47.958600000000004	48.2432	48.370400000000004	48.6383	48.8646	49.0411	49.262699999999995	49.4813	49.8877	50.256299999999996	50.71170000000001	50.917500000000004	51.5821	51.7037	52.2562	52.4852	52.918299999999995	53.199200000000005	53.629000000000005	54.0745	54.46490000000001	54.852500000000006	55.206599999999995	55.433600000000006	55.8867	56.187799999999996	56.8587	57.347899999999996	57.633599999999994	58.00769999999999	58.4392	58.9805	59.269099999999995	59.4854	60.0051	60.181799999999996
Sor-CPnd_016-Ex1-1B-lcwgs-1-3	58.1012	38.7616	42.1757	38.9217	38.0044	37.945499999999996	36.487199999999994	38.284	39.501799999999996	37.3031	42.2686	42.031400000000005	41.5018	40.762	40.596700000000006	40.1279	40.6416	40.342299999999994	40.6989	40.624	40.885	40.4326	40.6122	40.0008	40.1837	39.9498	40.0439	39.871	40.2838	40.0101	40.431200000000004	40.2404	40.4131	40.0804	40.273199999999996	39.9873	40.2163	39.9508	40.165	39.9449	40.421099999999996	39.975100000000005	40.3556	40.0943	40.1835	39.956	40.173500000000004	39.952	40.2459	40.0893	40.287	40.167199999999994	40.470800000000004	40.1505	40.3336	40.259	40.3955	40.1411	40.470299999999995	40.1163	40.583999999999996	40.3648	40.4529	40.353699999999996	40.5678	40.2315	40.503699999999995	40.361599999999996	40.5644	40.3435	40.6858	40.4709	40.7195	40.569100000000006	40.6097	40.4972	40.7022	40.4653	40.7232	40.5655	40.8909	40.7101	40.8918	40.6817	40.8589	40.7504	40.8515	40.6481	41.0611	40.739399999999996	41.0855	40.9876	41.1129	41.0426	41.1887	40.993	41.205999999999996	41.0061	41.202600000000004	41.0956	41.3874	41.118300000000005	41.4793	41.3722	41.3994	41.3588	41.4654	41.233399999999996	41.5355	41.3657	41.6308	41.479	41.7587	41.667500000000004	41.8007	41.8079	41.8179	41.7046	41.9228	41.7466	42.0526	42.0049	42.2127	42.2451	42.4845	42.3506	42.5887	42.4165	42.7783	42.5827	42.9341	42.8382	43.1824	43.1828	43.308400000000006	43.4341	43.5475	43.4651	43.675599999999996	43.6073	43.9567	43.9334	44.228899999999996	44.1733	44.488299999999995	44.580999999999996	44.6532	44.6537	44.933299999999996	44.793699999999994
Sor-CPnd_017-Ex1-3G-lcwgs-1-3	57.323299999999996	39.6529	39.2341	37.8616	38.6256	37.5375	36.511900000000004	37.8676	38.6685	37.168099999999995	41.671200000000006	40.9844	40.7317	40.1251	39.8246	39.4214	39.9051	39.4522	39.8187	39.8231	39.974399999999996	39.7902	40.0192	39.375	39.5308	39.3628	39.2303	39.2704	39.475100000000005	39.2048	39.598299999999995	39.4323	39.4931	39.396	39.5135	39.2864	39.4926	39.165499999999994	39.339200000000005	39.1615	39.4991	39.259	39.5511	39.4792	39.5348	39.4426	39.6149	39.369	39.6804	39.6865	39.7767	39.7558	40.230199999999996	40.049	40.4568	40.3466	40.455400000000004	40.3816	40.6623	40.5081	40.9589	40.7546	40.950199999999995	40.8509	41.2305	41.0735	41.413	41.2558	41.554	41.3988	41.8422	41.672399999999996	42.0252	41.890699999999995	42.098200000000006	42.0969	42.370799999999996	42.1331	42.4008	42.3199	42.790299999999995	42.4876	42.7424	42.7133	42.9671	42.9508	43.1695	43.037	43.4861	43.1501	43.573299999999996	43.6701	43.79	43.8622	44.0984	44.0653	44.359700000000004	44.249100000000006	44.4896	44.4385	44.6256	44.5509	44.9211	44.8143	44.9515	44.9452	45.0316	44.9387	45.1226	45.2282	45.4366	45.3451	45.4495	45.6107	45.7365	45.9135	45.9953	46.1434	46.3225	46.3456	46.5997	46.880300000000005	47.111599999999996	47.2395	47.6698	47.8115	48.262	48.4336	48.8641	49.1017	49.378	49.6501	50.092499999999994	50.452200000000005	50.7369	51.1263	51.451800000000006	51.635	52.09740000000001	52.2965	52.8802	53.2984	53.687	53.822	54.457	54.9045	55.183800000000005	55.569	56.1073	56.4186
Sor-CPnd_018-Ex1-1E-lcwgs-1-3	56.155	40.9048	38.7979	38.7538	39.4972	38.3656	37.0195	38.669399999999996	39.383	37.6639	42.1046	41.5229	41.1473	40.5872	40.335	39.8943	40.4142	40.0141	40.3754	40.283	40.5677	40.1638	40.442499999999995	39.8982	40.1025	39.9621	39.9018	39.7519	40.1179	39.730199999999996	40.2023	40.0074	40.1224	39.856700000000004	40.0718	39.7225	40.007799999999996	39.6575	39.902	39.6321	40.191300000000005	39.698	40.1402	40.037800000000004	40.0927	40.031800000000004	40.2746	40.0163	40.368700000000004	40.323100000000004	40.572900000000004	40.609	40.896300000000004	40.7599	41.042	41.0536	41.2643	41.0576	41.5236	41.2021	41.751	41.6888	41.7109	41.8047	42.0568	41.8924	42.1737	42.192299999999996	42.335499999999996	42.2169	42.571999999999996	42.4589	42.8058	42.7269	42.7953	42.8987	43.0274	42.9037	43.1672	43.1243	43.4126	43.332100000000004	43.4983	43.4614	43.6656	43.703900000000004	43.8351	43.758399999999995	44.1753	43.9828	44.3006	44.3602	44.5174	44.6881	44.8594	44.8991	45.1274	45.136199999999995	45.271499999999996	45.2523	45.504099999999994	45.393	45.643	45.7466	45.6757	45.705200000000005	45.867200000000004	45.7276	45.8811	45.862199999999994	45.9944	45.9018	46.1568	46.1794	46.2623	46.460499999999996	46.5514	46.664899999999996	46.894999999999996	46.9962	47.3059	47.4966	47.7906	48.0357	48.4439	48.6533	49.1298	49.2451	49.7698	49.9754	50.4147	50.6908	51.1988	51.552	51.8873	52.2582	52.702000000000005	52.9252	53.345699999999994	53.616200000000006	54.211200000000005	54.599399999999996	55.0822	55.345299999999995	55.89809999999999	56.3762	56.6999	57.0461	57.5825	57.787200000000006
Sor-CPnd_019-Ex1-6G-lcwgs-1-3	56.505	41.613099999999996	39.6537	38.827099999999994	40.0674	38.96	38.1502	39.791199999999996	40.3919	38.327099999999994	42.9749	42.3118	41.820299999999996	41.2727	41.080299999999994	40.6412	41.172399999999996	40.658100000000005	41.0715	41.0637	41.1757	40.8082	41.066	40.544000000000004	40.7281	40.5795	40.5526	40.2785	40.7415	40.3157	40.7731	40.5862	40.6938	40.3958	40.678	40.32	40.596	40.287099999999995	40.4603	40.2283	40.7775	40.357	40.773399999999995	40.719699999999996	40.7545	40.6349	40.9686	40.7313	41.114	41.0948	41.307700000000004	41.277	41.6797	41.492000000000004	41.7458	41.8682	42.012	41.855399999999996	42.233599999999996	41.9966	42.4769	42.3904	42.445100000000004	42.4938	42.748799999999996	42.579899999999995	42.856	42.828	42.985	42.8722	43.1984	43.0789	43.3522	43.3044	43.3778	43.3867	43.5679	43.4509	43.6716	43.6274	43.8272	43.8007	43.9092	43.8809	44.0357	44.160199999999996	44.2499	44.197900000000004	44.5995	44.4326	44.7131	44.772	44.9898	45.052	45.2894	45.3075	45.5347	45.513	45.648300000000006	45.612700000000004	45.8159	45.6753	45.9444	45.9298	45.8673	45.8671	45.988099999999996	45.8542	45.9999	45.9767	46.151599999999995	46.1209	46.3142	46.407399999999996	46.5408	46.7784	46.8446	46.9808	47.2478	47.3603	47.6623	47.9367	48.3429	48.564800000000005	48.9713	49.2227	49.7183	49.8618	50.369299999999996	50.668800000000005	51.0696	51.3512	51.863899999999994	52.2721	52.6421	53.0703	53.493199999999995	53.744899999999994	54.1102	54.4565	55.0428	55.488800000000005	55.90110000000001	56.212399999999995	56.7252	57.2052	57.5272	57.8923	58.408899999999996	58.60419999999999
Sor-CPnd_020-Ex1-2E-lcwgs-1-3	56.6183	38.7334	38.2012	37.3901	38.4977	37.2132	35.994	37.3986	38.249100000000006	36.5478	41.4126	40.7988	40.373999999999995	39.759299999999996	39.5124	39.0524	39.5594	39.1554	39.4926	39.451	39.7283	39.3753	39.517	38.988499999999995	39.1755	38.9722	38.9433	38.7733	39.1699	38.7654	39.249	39.091	39.2521	38.982299999999995	39.2177	38.8856	39.097	38.7998	38.987500000000004	38.7478	39.2307	38.8204	39.2006	39.0187	39.11	38.955600000000004	39.1609	38.9386	39.1492	39.1293	39.282000000000004	39.268	39.5758	39.341	39.556200000000004	39.575900000000004	39.7012	39.4891	39.8047	39.5477	40.0353	39.8706	39.9454	39.984700000000004	40.2357	40.0257	40.2829	40.2598	40.3677	40.2492	40.6053	40.4731	40.7773	40.7121	40.7952	40.7887	41.0091	40.8225	41.0777	41.0089	41.3535	41.2332	41.3854	41.3744	41.5188	41.5473	41.7057	41.5715	41.993	41.8018	42.0893	42.121399999999994	42.269400000000005	42.3113	42.5398	42.4934	42.7193	42.6988	42.8398	42.7821	43.082100000000004	42.9196	43.2703	43.2691	43.3106	43.3862	43.5589	43.4715	43.682500000000005	43.5853	43.841	43.786	44.0514	44.0429	44.1879	44.3302	44.4225	44.4505	44.6714	44.6927	44.9311	45.0195	45.2421	45.4248	45.7063	45.7616	46.1559	46.1374	46.5017	46.5664	46.937400000000004	47.009699999999995	47.416199999999996	47.662	47.8521	48.187200000000004	48.424800000000005	48.5477	48.8189	48.971900000000005	49.4382	49.681799999999996	50.02609999999999	50.147	50.5822	50.985800000000005	51.2244	51.393100000000004	51.8489	51.9671
Sor-CPnd_022-Ex1-7C-lcwgs-1-3	57.18220000000001	41.5781	39.982299999999995	38.6625	40.0875	39.014900000000004	38.3255	39.995999999999995	40.6822	38.413000000000004	43.3704	42.7248	42.1386	41.5671	41.3749	40.9452	41.4544	40.9844	41.3352	41.3319	41.4705	41.0709	41.309200000000004	40.773700000000005	40.9317	40.803200000000004	40.7018	40.519	40.9179	40.523399999999995	40.936699999999995	40.7908	40.9464	40.6693	40.907	40.553200000000004	40.8014	40.4675	40.6898	40.5072	41.0263	40.645900000000005	41.0337	40.9298	41.0546	40.9103	41.1993	41.025600000000004	41.3464	41.342600000000004	41.5774	41.5642	41.937000000000005	41.7615	42.0144	42.0825	42.2181	42.0454	42.3735	42.1629	42.6199	42.5116	42.5789	42.5597	42.8596	42.633900000000004	42.8536	42.7983	42.9624	42.8202	43.1539	43.0509	43.248799999999996	43.2407	43.2792	43.3138	43.4913	43.3658	43.5772	43.5666	43.8793	43.8067	44.0042	43.9548	44.141799999999996	44.22	44.3366	44.2595	44.6935	44.514399999999995	44.8104	44.874199999999995	45.0705	45.1738	45.4038	45.4123	45.635	45.6577	45.8001	45.6787	45.975300000000004	45.8127	46.152300000000004	46.0905	46.0526	46.0901	46.2136	46.1004	46.2712	46.344	46.5878	46.4583	46.692099999999996	46.7788	46.955799999999996	47.1491	47.3041	47.468199999999996	47.7045	47.8395	48.2041	48.3637	48.7328	49.077	49.4369	49.5294	50.0726	50.1263	50.6816	50.8588	51.25189999999999	51.525200000000005	52.113299999999995	52.429199999999994	52.77420000000001	53.15	53.419399999999996	53.6279	53.901900000000005	54.1351	54.71040000000001	55.0875	55.4065	55.608999999999995	56.110400000000006	56.5564	56.7855	57.0292	57.462599999999995	57.5866
Sor-CPnd_024-Ex1-5G-lcwgs-1-3	56.766000000000005	40.882400000000004	39.1776	38.2078	39.826499999999996	38.5984	37.757400000000004	39.186	39.839200000000005	38.0588	42.6492	42.0466	41.674299999999995	41.127399999999994	40.9594	40.5207	40.9606	40.5051	40.827200000000005	40.860600000000005	41.031800000000004	40.6599	40.8893	40.4067	40.5706	40.4231	40.3869	40.1936	40.538000000000004	40.138600000000004	40.599000000000004	40.4215	40.5752	40.261	40.5156	40.1575	40.4517	40.152300000000004	40.381099999999996	40.0945	40.678799999999995	40.2109	40.6182	40.5718	40.6403	40.5516	40.8183	40.6383	40.972500000000004	40.9612	41.1584	41.1943	41.5882	41.4482	41.7762	41.8177	42.0215	41.843799999999995	42.2356	42.069	42.4833	42.419000000000004	42.519800000000004	42.611	42.8887	42.7213	43.0286	43.004799999999996	43.1329	43.1144	43.4141	43.3491	43.5732	43.5788	43.6456	43.7415	43.8566	43.8331	43.8793	43.9569	44.2307	44.1658	44.317499999999995	44.3032	44.3973	44.5162	44.6759	44.5894	44.9372	44.9033	45.1291	45.1956	45.342	45.4884	45.745599999999996	45.759100000000004	46.0125	46.0293	46.1047	46.1577	46.2876	46.2513	46.508300000000006	46.4861	46.467999999999996	46.517199999999995	46.5967	46.5327	46.611200000000004	46.5965	46.7821	46.7333	46.8788	46.963	47.1503	47.3175	47.389900000000004	47.5687	47.842800000000004	47.9013	48.1997	48.4494	48.8468	49.1104	49.585	49.7826	50.3135	50.4788	51.0322	51.3099	51.86619999999999	52.0513	52.586200000000005	53.0961	53.515299999999996	53.919200000000004	54.3516	54.7044	55.0937	55.4566	56.172999999999995	56.6203	57.0891	57.4219	57.972100000000005	58.5098	58.9004	59.3366	59.8284	60.0633
Sor-CPnd_026-Ex1-3H-lcwgs-1-3	57.213899999999995	39.0269	38.5741	37.2587	38.6079	37.369	36.342999999999996	37.7156	38.5319	36.8345	41.6946	41.0854	40.6397	40.0599	39.8549	39.4195	39.9335	39.5184	39.834199999999996	39.8581	40.0197	39.6646	39.8096	39.2919	39.482	39.2759	39.244099999999996	39.119	39.4173	39.123400000000004	39.5353	39.4294	39.5283	39.2636	39.4978	39.2009	39.385	39.116099999999996	39.2774	39.0789	39.5422	39.1654	39.4975	39.387899999999995	39.4301	39.2845	39.5204	39.2625	39.5283	39.474900000000005	39.6287	39.6515	39.913399999999996	39.709	39.918	39.949	40.0994	39.858	40.1881	39.9499	40.382	40.252500000000005	40.3498	40.3722	40.5903	40.4305	40.657399999999996	40.6441	40.793400000000005	40.645399999999995	41.0092	40.8868	41.1722	41.118700000000004	41.1842	41.2289	41.4067	41.2574	41.4395	41.4418	41.7017	41.5968	41.7903	41.7527	41.8972	41.9343	42.0568	41.94	42.2731	42.1483	42.4184	42.4516	42.566700000000004	42.6237	42.8013	42.7858	42.9764	42.958	43.0923	43.0325	43.2827	43.169000000000004	43.4373	43.4585	43.460100000000004	43.552	43.6691	43.5589	43.7875	43.729600000000005	43.885200000000005	43.8659	44.0662	44.067299999999996	44.2126	44.352799999999995	44.4334	44.4944	44.6875	44.6959	44.9442	45.0439	45.2701	45.4376	45.697900000000004	45.756	46.1206	46.137699999999995	46.5143	46.5674	46.9048	47.0187	47.3677	47.608	47.8562	48.1151	48.3675	48.4791	48.7709	48.9337	49.4	49.6252	49.9614	50.1489	50.5711	50.9118	51.153000000000006	51.37819999999999	51.802499999999995	51.8983
Sor-CPnd_027-Ex1-3C-lcwgs-1-3	57.0835	39.7135	39.4262	37.61	39.0458	37.8985	37.1193	38.5309	39.2408	37.2005	42.1848	41.5627	41.041	40.4683	40.318799999999996	39.8846	40.381499999999996	39.939400000000006	40.2708	40.3123	40.3868	40.028200000000005	40.1876	39.698499999999996	39.820699999999995	39.6306	39.5931	39.4465	39.7627	39.4474	39.859899999999996	39.781499999999994	39.853	39.654	39.8705	39.556400000000004	39.7839	39.4504	39.6618	39.4349	39.8883	39.5131	39.8415	39.6819	39.732099999999996	39.6137	39.7766	39.538000000000004	39.7893	39.759100000000004	39.8576	39.8313	40.0538	39.8029	40.0494	40.0775	40.163900000000005	39.9094	40.2348	39.9287	40.3654	40.1509	40.2648	40.2269	40.4932	40.218399999999995	40.4097	40.3729	40.4658	40.3563	40.6854	40.5389	40.8102	40.695	40.7402	40.7426	40.919200000000004	40.7517	40.9128	40.8779	41.1952	41.0207	41.2037	41.1832	41.2789	41.3371	41.384100000000004	41.320800000000006	41.6522	41.4575	41.7248	41.789500000000004	41.9295	41.8996	42.116	41.9884	42.226200000000006	42.1992	42.3461	42.2245	42.546499999999995	42.379400000000004	42.6898	42.6674	42.6996	42.7453	42.8853	42.8279	43.051	43.0453	43.270399999999995	43.1528	43.4611	43.467800000000004	43.592	43.805699999999995	43.8004	43.869	44.0238	44.000299999999996	44.2403	44.269999999999996	44.5448	44.6948	44.909	44.8774	45.2742	45.15	45.5523	45.517	45.7898	45.901399999999995	46.2694	46.4256	46.6309	46.8452	46.984700000000004	47.0737	47.2686	47.2823	47.7114	47.8743	48.1506	48.2751	48.6036	48.9551	49.1028	49.169000000000004	49.5683	49.5295
Sor-CPnd_028-Ex1-3A-lcwgs-1-3	57.200799999999994	39.6449	39.538000000000004	37.5816	39.0714	37.927	36.7579	38.2772	39.2644	37.0069	42.1744	41.923700000000004	41.3829	40.699000000000005	40.4938	40.0134	40.4901	40.0792	40.3915	40.4455	40.5616	40.211200000000005	40.3741	39.8249	39.9796	39.795199999999994	39.7538	39.569500000000005	39.926	39.6053	40.035900000000005	39.9179	40.0395	39.7926	40.0002	39.67	39.907199999999996	39.6014	39.7751	39.5279	39.9936	39.6361	39.9944	39.8477	39.893	39.690999999999995	39.9039	39.6476	39.9058	39.7949	39.9799	39.918	40.2581	40.0075	40.2075	40.171600000000005	40.328199999999995	40.036699999999996	40.3582	40.093	40.5026	40.3957	40.4634	40.4399	40.6766	40.434799999999996	40.6956	40.5905	40.7596	40.5734	40.927400000000006	40.7762	41.0285	40.941	40.974	41.0098	41.1637	40.971000000000004	41.204800000000006	41.087	41.4007	41.2399	41.440599999999996	41.3456	41.4724	41.492000000000004	41.5781	41.442800000000005	41.8678	41.5798	41.9043	41.8589	42.007600000000004	42.0058	42.2071	42.125800000000005	42.3226	42.240100000000005	42.3599	42.3114	42.5885	42.4195	42.6531	42.6906	42.7345	42.7841	42.8791	42.7639	43.0032	42.9106	43.1202	42.962	43.2188	43.1929	43.2885	43.4298	43.4544	43.472699999999996	43.706	43.5976	43.8674	43.8607	44.088899999999995	44.2011	44.4604	44.4346	44.7554	44.6824	45.061499999999995	45.0259	45.3561	45.388099999999994	45.7245	45.9214	46.084399999999995	46.3073	46.487899999999996	46.5424	46.8082	46.8629	47.260999999999996	47.4183	47.7447	47.8144	48.1618	48.4129	48.619800000000005	48.7447	49.141	49.133300000000006
Sor-CPnd_029-Ex1-8E-lcwgs-1-3	55.6547	40.7151	38.5621	37.7471	38.9037	37.8141	36.7796	38.5538	39.2121	37.1615	41.9064	41.259499999999996	40.705999999999996	40.178399999999996	39.913900000000005	39.5043	39.989200000000004	39.523599999999995	39.885	39.8851	40.0279	39.6731	39.8844	39.386700000000005	39.535599999999995	39.408100000000005	39.3598	39.1687	39.5603	39.1388	39.6062	39.4238	39.5529	39.2713	39.528400000000005	39.171499999999995	39.3999	39.136900000000004	39.3057	39.083600000000004	39.5807	39.2076	39.5734	39.4387	39.5309	39.37	39.6391	39.402100000000004	39.6935	39.638600000000004	39.8494	39.8302	40.1613	39.9792	40.2061	40.2879	40.4043	40.2076	40.5389	40.2964	40.751	40.6761	40.7317	40.7873	41.0408	40.854	41.0783	41.0807	41.2195	41.1268	41.442800000000005	41.3653	41.566399999999994	41.557500000000005	41.6234	41.6493	41.8328	41.661300000000004	41.8925	41.871399999999994	42.1195	42.022999999999996	42.187599999999996	42.1393	42.2873	42.3755	42.4916	42.395500000000006	42.737199999999994	42.5979	42.8594	42.9197	43.064400000000006	43.1423	43.316900000000004	43.2736	43.497	43.4903	43.6384	43.5813	43.8269	43.6983	43.9195	43.9388	43.9633	43.9625	44.0711	43.9881	44.1724	44.0982	44.270199999999996	44.1851	44.4079	44.4087	44.6013	44.7184	44.8127	44.8598	45.124900000000004	45.1127	45.4317	45.5869	45.820499999999996	46.045199999999994	46.376	46.491	46.949999999999996	46.9748	47.393800000000006	47.5649	47.9211	48.0674	48.518	48.852000000000004	49.107800000000005	49.4528	49.7319	49.916	50.247699999999995	50.476600000000005	50.9606	51.2826	51.6231	51.83950000000001	52.303599999999996	52.708999999999996	53.0045	53.23329999999999	53.697300000000006	53.83559999999999
Sor-CPnd_030-Ex1-2H-lcwgs-1-3	56.5607	39.6686	38.7322	37.5768	38.952999999999996	37.7543	36.8865	38.3776	39.0824	37.134699999999995	42.1092	41.4385	40.938900000000004	40.3433	40.1752	39.7197	40.2495	39.8252	40.1524	40.1781	40.354099999999995	39.9466	40.119	39.6515	39.8202	39.6685	39.626099999999994	39.4305	39.8157	39.4601	39.928000000000004	39.7554	39.8835	39.589200000000005	39.825500000000005	39.5028	39.745200000000004	39.4585	39.6529	39.4319	39.925	39.5461	39.8834	39.7568	39.860600000000005	39.7006	39.9675	39.7633	40.0729	40.0207	40.2146	40.173199999999994	40.554899999999996	40.3497	40.5762	40.7048	40.829100000000004	40.6507	40.9939	40.802699999999994	41.2752	41.1885	41.3138	41.310900000000004	41.625499999999995	41.4621	41.7441	41.7693	41.9204	41.868300000000005	42.180800000000005	42.126400000000004	42.4251	42.3706	42.4572	42.506	42.6999	42.626599999999996	42.821999999999996	42.7883	43.0515	42.9841	43.1469	43.1497	43.2458	43.3762	43.472	43.3831	43.779	43.640699999999995	43.932900000000004	43.967600000000004	44.0568	44.1994	44.3907	44.4243	44.6053	44.6067	44.7535	44.729	44.955	44.8784	45.1179	45.1536	45.136900000000004	45.184999999999995	45.351	45.2873	45.4416	45.39	45.604499999999994	45.5519	45.6614	45.8011	45.8763	46.0871	46.1416	46.1893	46.4189	46.5289	46.704499999999996	46.884	47.1674	47.3896	47.6386	47.807	48.216300000000004	48.289500000000004	48.7087	48.8881	49.252	49.4722	49.8769	50.258	50.5186	50.9429	51.2278	51.4492	51.8112	52.0992	52.6874	53.06570000000001	53.4853	53.792399999999994	54.3224	54.757	55.1015	55.435100000000006	55.965900000000005	56.17959999999999
Sor-CPnd_031-Ex1-5D-lcwgs-1-3	56.4261	40.1826	38.9367	37.5503	39.089800000000004	37.9086	36.978699999999996	38.508900000000004	39.239000000000004	37.2077	42.002	41.4884	40.9624	40.4601	40.2843	39.8457	40.3639	39.8744	40.2748	40.214800000000004	40.3405	39.9951	40.224399999999996	39.7315	39.8967	39.713	39.6687	39.5047	39.8774	39.500299999999996	39.961600000000004	39.7985	39.8914	39.6481	39.8766	39.5544	39.7716	39.4929	39.6575	39.4712	39.9248	39.5535	39.900200000000005	39.7567	39.840399999999995	39.6812	39.955600000000004	39.7214	39.9961	39.9298	40.166000000000004	40.0994	40.3781	40.2147	40.403	40.4882	40.598800000000004	40.4051	40.7179	40.492	40.9579	40.8317	40.875499999999995	40.9205	41.1778	40.9616	41.198499999999996	41.2107	41.3281	41.2005	41.5568	41.4282	41.660399999999996	41.627700000000004	41.6913	41.6914	41.909600000000005	41.7431	41.9484	41.9247	42.1793	42.0886	42.2511	42.1718	42.3487	42.3796	42.505900000000004	42.403800000000004	42.742799999999995	42.580600000000004	42.8705	42.877500000000005	43.017300000000006	43.067699999999995	43.249700000000004	43.2506	43.4035	43.446	43.5294	43.4691	43.7353	43.607099999999996	43.873	43.9146	43.8973	43.9163	44.0488	43.9348	44.1248	44.102000000000004	44.2396	44.2224	44.3911	44.4432	44.5208	44.7098	44.7211	44.7668	44.9785	44.9936	45.2537	45.4162	45.6311	45.819900000000004	46.0888	46.1941	46.604600000000005	46.5801	47.0229	47.1145	47.487	47.6076	48.043200000000006	48.3029	48.5575	48.8529	49.134100000000004	49.2562	49.5832	49.7434	50.2139	50.483599999999996	50.886399999999995	51.0696	51.4983	51.86150000000001	52.113200000000006	52.3463	52.81249999999999	52.89469999999999
Sor-CPnd_033-Ex1-2F-lcwgs-1-3	56.1527	39.0244	38.2626	37.148399999999995	38.5034	37.3303	36.253099999999996	37.529	38.3378	36.5706	41.4419	40.8836	40.3571	39.8331	39.5455	39.1672	39.6556	39.3194	39.5835	39.635999999999996	39.7907	39.427800000000005	39.5717	39.0862	39.2233	39.056200000000004	39.0108	38.8909	39.1725	38.8681	39.2712	39.1789	39.2389	39.0385	39.2895	38.9508	39.1028	38.8701	38.995200000000004	38.8429	39.3071	38.8955	39.2237	39.1658	39.197199999999995	39.018	39.2106	39.0281	39.2524	39.1845	39.3784	39.318999999999996	39.6553	39.4071	39.649	39.7375	39.778400000000005	39.5984	39.8887	39.664	40.1217	39.9987	40.0493	40.129799999999996	40.4368	40.1513	40.4032	40.433400000000006	40.5947	40.4663	40.831	40.7184	41.010400000000004	41.009	41.0888	41.0846	41.3591	41.200199999999995	41.4468	41.4026	41.7537	41.658699999999996	41.8643	41.8626	41.9942	42.1343	42.2477	42.1715	42.5622	42.4077	42.649300000000004	42.736000000000004	42.9266	43.0688	43.2299	43.2447	43.4633	43.4879	43.660900000000005	43.621500000000005	43.9219	43.8292	44.1124	44.1616	44.266	44.399699999999996	44.616	44.5878	44.7723	44.865300000000005	45.062200000000004	45.0386	45.1868	45.3141	45.494099999999996	45.744299999999996	45.8021	45.909	46.1308	46.109899999999996	46.3445	46.4402	46.773399999999995	46.9231	47.280100000000004	47.3446	47.7865	47.8373	48.2515	48.236200000000004	48.6022	48.6847	49.1205	49.3473	49.622699999999995	49.9573	50.128099999999996	50.2919	50.576100000000004	50.695100000000004	51.269	51.632400000000004	51.9238	52.1605	52.5626	53.0639	53.259	53.3953	53.8756	54.0102
Sor-CPnd_034-Ex1-4G-lcwgs-1-3	56.493300000000005	41.902899999999995	39.9765	39.0347	40.279399999999995	39.264700000000005	38.515	40.17	40.7411	38.6286	43.3077	42.6569	42.0794	41.5433	41.3699	40.9445	41.519	41.0149	41.42	41.4422	41.498000000000005	41.1337	41.3902	40.8802	41.0599	40.9058	40.8887	40.695100000000004	41.074	40.6907	41.0881	40.9343	41.0173	40.7967	40.9531	40.6655	40.8991	40.6154	40.795500000000004	40.58	41.13	40.712399999999995	41.141299999999994	41.0893	41.1427	40.9953	41.4088	41.2483	41.536	41.516799999999996	41.7748	41.8067	42.1913	42.0074	42.2587	42.416599999999995	42.565999999999995	42.479	42.8375	42.6514	43.0956	43.045	43.0794	43.166399999999996	43.4703	43.3543	43.5638	43.6245	43.6653	43.668099999999995	43.9816	43.9259	44.177699999999994	44.1965	44.203199999999995	44.2081	44.4208	44.290600000000005	44.4594	44.507600000000004	44.7645	44.7062	44.7867	44.8148	44.9086	45.0883	45.1383	45.108	45.4731	45.306400000000004	45.6953	45.7018	45.900400000000005	46.0543	46.2187	46.2207	46.4641	46.5383	46.598	46.5391	46.8217	46.6481	46.9615	46.9094	46.799600000000005	46.866600000000005	46.8604	46.8554	46.936499999999995	46.8937	47.1018	47.081	47.2315	47.3449	47.4598	47.6705	47.779500000000006	47.9993	48.2052	48.3718	48.7109	48.988	49.2912	49.6389	50.0729	50.3494	50.88890000000001	51.10980000000001	51.638600000000004	51.928399999999996	52.4617	52.823100000000004	53.283899999999996	53.79730000000001	54.1889	54.64639999999999	55.1833	55.4364	55.8523	56.2963	56.9522	57.403099999999995	57.909200000000006	58.235899999999994	58.8367	59.3737	59.7406	60.1684	60.702	61.0052
Sor-CPnd_036-Ex1-5C-lcwgs-1-3	56.18450000000001	41.9977	39.6402	38.735	40.1673	39.1597	38.1214	39.797700000000006	40.5541	38.5155	43.1529	42.729099999999995	42.2136	41.6342	41.4265	40.976600000000005	41.430499999999995	41.0187	41.381499999999996	41.3995	41.497499999999995	41.151700000000005	41.3744	40.8793	40.9839	40.8665	40.8055	40.6051	40.9476	40.6502	41.0415	40.8903	41.0248	40.747	40.980199999999996	40.631499999999996	40.8249	40.5721	40.6993	40.472	40.963699999999996	40.568799999999996	40.899	40.8294	40.8612	40.7103	40.9559	40.7724	41.0008	41.0332	41.1895	41.209	41.5359	41.3624	41.6207	41.701	41.834700000000005	41.660599999999995	41.9981	41.8522	42.289300000000004	42.2022	42.2795	42.34	42.6264	42.4683	42.6819	42.6863	42.8472	42.759	43.0845	43.0209	43.203599999999994	43.2204	43.2699	43.3418	43.5115	43.3882	43.6073	43.6446	43.883	43.878499999999995	44.0282	44.0338	44.1565	44.3495	44.4297	44.3511	44.751200000000004	44.5995	44.914300000000004	44.961800000000004	45.1737	45.2772	45.5357	45.5448	45.7815	45.8654	46.019	45.987899999999996	46.2774	46.2121	46.490500000000004	46.5738	46.5454	46.616800000000005	46.8415	46.7581	46.9947	47.0536	47.3192	47.1907	47.3574	47.4299	47.551700000000004	47.7705	47.8733	48.0312	48.1867	48.336800000000004	48.510999999999996	48.6712	49.0017	49.2734	49.619600000000005	49.7052	50.278800000000004	50.2847	50.86039999999999	50.9784	51.3146	51.6914	52.23609999999999	52.57469999999999	52.955799999999996	53.3436	53.613	53.8949	54.1793	54.3834	55.06490000000001	55.4681	55.8447	56.1176	56.563300000000005	57.147099999999995	57.3994	57.6481	58.17	58.3283
Sor-CPnd_037-Ex1-6C-lcwgs-1-3	60.34310000000001	44.9654	44.060700000000004	42.7779	44.0233	42.9967	42.4263	44.0184	44.7624	42.3615	47.314299999999996	46.5781	46.0461	45.401799999999994	45.2656	44.8307	45.374199999999995	44.8601	45.297	45.2207	45.3977	44.9717	45.245000000000005	44.666	44.905499999999996	44.6368	44.6322	44.4403	44.8417	44.399899999999995	44.933800000000005	44.675399999999996	44.8657	44.5681	44.888	44.454100000000004	44.7419	44.3861	44.624900000000004	44.4048	44.9637	44.5355	44.9642	44.778400000000005	44.9981	44.752900000000004	45.081199999999995	44.8241	45.2361	45.1472	45.4696	45.3647	45.7416	45.482299999999995	45.757999999999996	45.806799999999996	45.9779	45.7545	46.1143	45.806599999999996	46.3262	46.151599999999995	46.2358	46.248	46.506	46.292	46.5145	46.464	46.635	46.4028	46.781299999999995	46.657199999999996	46.944	46.8194	46.9342	46.8771	47.062599999999996	46.922799999999995	47.1356	47.0762	47.4143	47.284	47.4881	47.4665	47.6089	47.7526	47.834500000000006	47.7298	48.1911	47.9612	48.2742	48.2907	48.4981	48.5524	48.8036	48.7387	49.0114	49.0034	49.1518	49.0085	49.3498	49.0645	49.445699999999995	49.3665	49.3385	49.3482	49.5515	49.392	49.5987	49.6174	49.8893	49.754	50.0302	50.0447	50.287099999999995	50.4688	50.600199999999994	50.7297	50.956900000000005	51.0945	51.391200000000005	51.515699999999995	51.897099999999995	52.1726	52.5754	52.583	53.1447	53.1084	53.730999999999995	53.7849	54.1709	54.4574	54.960699999999996	55.2773	55.5796	55.9215	56.1582	56.3712	56.6073	56.8298	57.35980000000001	57.6516	57.9925	58.2472	58.603899999999996	59.077400000000004	59.276399999999995	59.453599999999994	59.8755	59.9778
Sor-CPnd_038-Ex1-2A-lcwgs-1-3	57.254099999999994	38.519	38.8755	36.873400000000004	38.4571	37.2456	36.1072	37.7267	38.723800000000004	36.3601	41.910399999999996	41.632400000000004	40.9677	40.3112	40.078	39.5348	40.0422	39.6449	39.9255	39.9957	40.1123	39.7387	39.880500000000005	39.3622	39.5362	39.2894	39.2834	39.1222	39.4594	39.118399999999994	39.592	39.4504	39.6145	39.3373	39.5698	39.2421	39.433	39.1142	39.3184	39.089400000000005	39.5424	39.195600000000006	39.5673	39.3703	39.4404	39.2414	39.4048	39.1633	39.413399999999996	39.306200000000004	39.502900000000004	39.4159	39.7327	39.4584	39.6244	39.617999999999995	39.762	39.4767	39.7744	39.4978	39.908	39.7477	39.8109	39.8138	39.9935	39.7867	39.9801	39.8802	40.037099999999995	39.873799999999996	40.192299999999996	40.0216	40.2752	40.1397	40.2491	40.1865	40.3555	40.1674	40.3604	40.2723	40.5674	40.394400000000005	40.5601	40.468199999999996	40.609	40.6085	40.686499999999995	40.497499999999995	40.9199	40.6258	40.9085	40.8744	41.049400000000006	40.9936	41.1924	41.047	41.292899999999996	41.1318	41.295700000000004	41.1794	41.4529	41.2735	41.5423	41.5607	41.5745	41.5953	41.7185	41.5704	41.8292	41.679	41.8986	41.8132	42.0274	41.9664	42.1336	42.2055	42.274	42.1913	42.4212	42.287200000000006	42.5681	42.586600000000004	42.7431	42.851800000000004	43.0974	43.0736	43.3341	43.253	43.5906	43.5224	43.8353	43.7648	44.1289	44.2785	44.3745	44.5806	44.7644	44.7487	44.9634	45.0295	45.3718	45.4499	45.7241	45.731100000000005	46.0929	46.3023	46.4619	46.4943	46.854800000000004	46.8012
Sor-CPnd_041-Ex1-7A-lcwgs-1-3	55.9138	41.071999999999996	39.93	39.023	39.795700000000004	39.0125	37.7339	39.8036	40.6395	38.3142	43.0847	42.8309	42.2298	41.619299999999996	41.3689	40.9322	41.3636	41.0049	41.3251	41.3432	41.4965	41.1794	41.359	40.874	40.9978	40.8838	40.848	40.6984	41.064099999999996	40.734300000000005	41.1368	40.9889	41.098	40.872	41.0649	40.7673	40.970099999999995	40.7573	40.8712	40.6741	41.132200000000005	40.7309	41.1034	40.962900000000005	41.006	40.8531	41.0493	40.8376	41.0833	40.9806	41.1701	41.1171	41.4117	41.1831	41.3692	41.4169	41.496300000000005	41.2819	41.5814	41.3569	41.7248	41.6032	41.695	41.649	41.9045	41.6778	41.8689	41.88	41.9629	41.8314	42.1422	41.9854	42.2224	42.135600000000004	42.2016	42.186	42.3479	42.1572	42.3786	42.3421	42.572900000000004	42.473	42.6257	42.5685	42.6948	42.7261	42.827	42.7064	43.069	42.8902	43.126799999999996	43.1483	43.275999999999996	43.2699	43.4662	43.4103	43.59	43.565799999999996	43.669999999999995	43.6132	43.8985	43.7295	44.0163	44.0604	44.0569	44.0901	44.2365	44.144800000000004	44.3508	44.2442	44.4911	44.385200000000005	44.6708	44.617000000000004	44.772	44.9242	45.0162	45.0144	45.2646	45.2484	45.535199999999996	45.655699999999996	45.8625	45.9897	46.2943	46.3394	46.6942	46.7065	47.0787	47.1544	47.504400000000004	47.6053	47.9493	48.226	48.3847	48.653200000000005	48.9182	48.9722	49.254599999999996	49.3695	49.776399999999995	49.9962	50.3156	50.3939	50.7618	51.0655	51.2706	51.456500000000005	51.794399999999996	51.895100000000006
Sor-CPnd_043-Ex1-1D-lcwgs-1-3	55.80929999999999	41.1504	38.8448	37.8835	39.516600000000004	38.2301	37.0111	38.6397	39.406400000000005	37.2647	41.97	41.5822	41.1364	40.576	40.3893	39.942899999999995	40.435300000000005	39.9652	40.328900000000004	40.288000000000004	40.4597	40.0916	40.3415	39.8568	40.0211	39.834399999999995	39.7708	39.5974	39.948499999999996	39.5972	40.0542	39.8842	39.998	39.7615	40.0049	39.673199999999994	39.893299999999996	39.618700000000004	39.7418	39.5076	40.0211	39.5734	39.9567	39.840199999999996	39.8556	39.7159	39.9679	39.6872	39.9876	39.8967	40.0736	40.0346	40.349000000000004	40.1182	40.3795	40.3702	40.5513	40.2756	40.6488	40.381099999999996	40.8099	40.75	40.7685	40.7669	41.0733	40.8478	41.0693	41.0596	41.1776	41.051700000000004	41.3997	41.275800000000004	41.5428	41.4912	41.5463	41.5443	41.7975	41.5555	41.8283	41.7669	42.0241	41.9269	42.1147	42.0606	42.1875	42.2813	42.336800000000004	42.221199999999996	42.605	42.4098	42.667699999999996	42.6934	42.8155	42.9313	43.0911	43.0496	43.2787	43.2121	43.3431	43.310500000000005	43.5726	43.405100000000004	43.6841	43.7345	43.733	43.784	43.905100000000004	43.7606	43.9977	43.93	44.0982	44.0777	44.2637	44.2857	44.380199999999995	44.5239	44.5719	44.6319	44.8102	44.774	45.001799999999996	45.1565	45.3916	45.5445	45.8092	45.9067	46.2423	46.222	46.6884	46.7121	47.0603	47.1482	47.56	47.7694	48.0243	48.2792	48.5696	48.7185	49.0089	49.1523	49.6072	49.871900000000004	50.2549	50.401399999999995	50.79939999999999	51.1413	51.39660000000001	51.5986	52.0281	52.14
Sor-CPnd_044-Ex1-8G-lcwgs-1-3	56.48459999999999	41.4176	39.3859	38.2164	39.7719	38.5907	37.8842	39.534200000000006	40.1059	37.9114	42.8388	42.140100000000004	41.607699999999994	41.0473	40.8184	40.383599999999994	40.8722	40.3851	40.7837	40.8322	40.884	40.549	40.7667	40.2511	40.3986	40.2599	40.1751	40.0246	40.3955	39.9869	40.4289	40.2464	40.3874	40.103100000000005	40.344	39.9706	40.208	39.9769	40.1059	39.9166	40.4467	40.076699999999995	40.4593	40.3821	40.4501	40.3264	40.658899999999996	40.4796	40.806	40.822199999999995	41.0397	41.0936	41.4322	41.2821	41.5657	41.6674	41.805	41.683	42.0244	41.8423	42.2823	42.2363	42.2863	42.3303	42.6036	42.4535	42.678700000000006	42.6815	42.8471	42.760799999999996	43.0568	42.9944	43.2469	43.2105	43.2674	43.3199	43.4917	43.3614	43.5311	43.553999999999995	43.779	43.764900000000004	43.847	43.8594	43.9632	44.1107	44.1985	44.149899999999995	44.5169	44.3799	44.7029	44.733200000000004	44.9197	45.0707	45.26	45.298	45.5263	45.5582	45.6346	45.6082	45.7904	45.7096	45.948899999999995	45.9472	45.8779	45.9022	45.954699999999995	45.8436	45.9846	45.937400000000004	46.1224	46.0781	46.251799999999996	46.3455	46.489200000000004	46.7147	46.808	46.9769	47.2561	47.370000000000005	47.696600000000004	47.9742	48.3591	48.6355	49.058600000000006	49.3384	49.8676	50.0268	50.5702	50.8425	51.3556	51.587700000000005	52.1077	52.5221	52.919799999999995	53.3424	53.7616	54.03869999999999	54.4405	54.7655	55.4069	55.81159999999999	56.2562	56.544000000000004	57.1021	57.5628	57.924200000000006	58.248	58.798399999999994	59.013000000000005
Sor-CPnd_045-Ex1-7B-lcwgs-1-3	56.9577	40.5552	39.5117	37.9925	39.2284	38.2854	37.372	39.183099999999996	39.9548	37.6747	42.7438	42.1783	41.5308	40.9537	40.7074	40.2864	40.7454	40.329	40.7022	40.6695	40.815	40.4191	40.632400000000004	40.0965	40.2546	40.057700000000004	40.062	39.93	40.2493	39.9208	40.346900000000005	40.1888	40.2862	40.0332	40.2413	39.9308	40.137299999999996	39.8837	40.0565	39.8284	40.3082	39.955400000000004	40.2795	40.169	40.2594	40.0739	40.3021	40.1272	40.4056	40.3287	40.5415	40.4915	40.8118	40.5855	40.793	40.814299999999996	40.929	40.7282	41.024699999999996	40.7577	41.1833	41.0726	41.1007	41.102	41.3252	41.0872	41.257	41.239799999999995	41.3534	41.2164	41.5379	41.3238	41.6089	41.483	41.5271	41.5088	41.68	41.489	41.6815	41.6189	41.8638	41.7589	41.882000000000005	41.8258	41.9456	41.9972	42.0586	41.9333	42.3241	42.1006	42.370999999999995	42.369299999999996	42.55	42.5355	42.6963	42.681200000000004	42.84	42.7796	42.8997	42.7907	43.038900000000005	42.8877	43.1236	43.0963	43.0688	43.0856	43.1529	42.9836	43.173	43.0854	43.2902	43.1912	43.4521	43.433	43.6098	43.7193	43.784099999999995	43.7958	44.0363	44.0106	44.325399999999995	44.4247	44.728699999999996	44.899699999999996	45.1688	45.2189	45.6148	45.5866	46.0273	46.085300000000004	46.4108	46.524	46.9045	47.118500000000004	47.3316	47.5882	47.7863	47.9065	48.1807	48.2989	48.702400000000004	48.8747	49.2081	49.304500000000004	49.680400000000006	49.9472	50.147600000000004	50.305200000000006	50.691900000000004	50.6825
Sor-CPnd_046-Ex1-5A-lcwgs-1-3	57.312	42.9742	41.181	40.307700000000004	41.408	40.4401	39.3667	41.058	41.9473	39.8087	44.4867	44.1275	43.6063	43.0525	42.768699999999995	42.316500000000005	42.842200000000005	42.3883	42.7705	42.788	42.898399999999995	42.5464	42.7598	42.298	42.4425	42.234	42.2386	42.0149	42.430800000000005	42.0956	42.5135	42.3328	42.4898	42.159600000000005	42.4748	42.0402	42.3344	41.9914	42.1856	41.936800000000005	42.4287	42.0169	42.399300000000004	42.2876	42.3123	42.1992	42.4496	42.208	42.4512	42.4696	42.5988	42.6177	42.9242	42.6997	42.95	43.047999999999995	43.196400000000004	42.9415	43.2734	43.046	43.4776	43.4381	43.4675	43.565799999999996	43.747	43.5836	43.8097	43.8204	43.8426	43.7761	44.093199999999996	43.990899999999996	44.2398	44.209900000000005	44.226	44.251000000000005	44.3722	44.240899999999996	44.433299999999996	44.4241	44.6762	44.5727	44.675599999999996	44.6826	44.7389	44.8253	44.9426	44.888600000000004	45.258199999999995	45.0991	45.341	45.388	45.5535	45.5514	45.8067	45.7522	46.0174	45.9574	46.0879	46.0668	46.2848	46.1747	46.4136	46.4949	46.4968	46.496700000000004	46.611399999999996	46.4407	46.739799999999995	46.6207	46.768100000000004	46.7161	46.886100000000006	46.8945	47.0291	47.1637	47.248200000000004	47.3541	47.5756	47.6409	47.8797	48.0709	48.333999999999996	48.5365	48.8164	48.9494	49.4277	49.5162	49.9578	50.0966	50.4949	50.6975	51.1475	51.4808	51.7691	52.1087	52.4406	52.6	53.0314	53.171	53.721	54.020999999999994	54.3888	54.6296	55.0843	55.489900000000006	55.7612	56.035599999999995	56.4457	56.590399999999995
Sor-CPnd_049-Ex1-3B-lcwgs-1-3	56.89619999999999	39.8705	39.1811	37.7937	39.1156	37.9113	37.0504	38.5598	39.3986	37.270199999999996	42.335499999999996	41.727	41.2408	40.6057	40.4036	39.9127	40.4131	40.0229	40.3657	40.399499999999996	40.5503	40.1489	40.3287	39.7928	39.990700000000004	39.7855	39.7541	39.590599999999995	39.9517	39.5997	40.0288	39.9443	40.0746	39.750600000000006	40.0413	39.681	39.901199999999996	39.6217	39.7909	39.6225	40.0663	39.6873	40.021	39.9534	40.0444	39.8939	40.1372	39.8962	40.2448	40.1404	40.373999999999995	40.4529	40.728500000000004	40.5302	40.814	40.8624	41.059200000000004	40.8438	41.1777	40.9654	41.421	41.2897	41.4463	41.499399999999994	41.7042	41.594300000000004	41.808	41.780499999999996	41.956700000000005	41.856100000000005	42.1385	42.0152	42.3675	42.2567	42.3673	42.3577	42.5869	42.4683	42.643100000000004	42.6461	42.815599999999996	42.8066	42.9251	42.9408	43.0854	43.128699999999995	43.2794	43.1571	43.49	43.439699999999995	43.6637	43.7006	43.9499	43.9405	44.1494	44.207	44.401	44.3889	44.5443	44.517	44.7476	44.68	44.887	44.9677	44.8754	44.9919	45.0625	44.9407	45.109	45.1347	45.306000000000004	45.2155	45.4996	45.4836	45.6419	45.7491	45.802	45.8767	46.0949	46.1684	46.4315	46.5477	46.8766	47.043099999999995	47.420899999999996	47.571999999999996	47.9947	48.0995	48.5061	48.6563	49.1134	49.2363	49.729600000000005	50.016400000000004	50.3103	50.7316	51.065099999999994	51.314400000000006	51.566900000000004	51.869299999999996	52.414300000000004	52.741499999999995	53.2327	53.3704	53.94520000000001	54.37220000000001	54.656499999999994	55.014700000000005	55.4674	55.6756
Sor-CPnd_050-Ex1-3F-lcwgs-1-3	57.4153	39.5591	38.6106	37.5087	38.9747	37.7221	36.7314	38.1297	38.9572	37.215399999999995	42.032799999999995	41.347	40.918	40.3097	40.1153	39.691700000000004	40.1667	39.7522	40.1044	40.0595	40.2241	39.9353	40.0881	39.566	39.7627	39.581300000000006	39.5267	39.411699999999996	39.7206	39.383	39.8013	39.7161	39.7665	39.5506	39.7528	39.4242	39.655	39.3623	39.5689	39.338	39.7981	39.4128	39.8013	39.6922	39.7366	39.624900000000004	39.8566	39.6133	39.9341	39.8879	40.066	40.0831	40.4176	40.2359	40.47	40.5581	40.6634	40.4777	40.814299999999996	40.636	41.0651	41.0004	41.0548	41.0976	41.4028	41.222500000000004	41.4742	41.4589	41.6434	41.5214	41.9045	41.8136	42.1226	42.0614	42.1595	42.2233	42.3858	42.2716	42.526399999999995	42.5065	42.775999999999996	42.705	42.8508	42.8658	43.038199999999996	43.1036	43.2427	43.2002	43.5377	43.3749	43.6647	43.670700000000004	43.8363	44.0049	44.1745	44.216	44.4294	44.3958	44.5539	44.4889	44.7739	44.679	44.9703	45.0004	45.0312	45.0934	45.339800000000004	45.244299999999996	45.4519	45.4925	45.6451	45.585	45.7252	45.8494	46.0072	46.2084	46.294200000000004	46.451100000000004	46.604600000000005	46.632200000000005	46.87	47.025800000000004	47.2864	47.563	47.949799999999996	48.0624	48.577799999999996	48.6104	49.053000000000004	49.1841	49.5648	49.7027	50.112500000000004	50.447399999999995	50.784600000000005	51.1265	51.3686	51.59439999999999	51.912000000000006	52.1686	52.780499999999996	53.1571	53.45720000000001	53.7281	54.1899	54.6985	54.9864	55.150299999999994	55.6413	55.793800000000005
Sor-CPnd_052-Ex1-6D-lcwgs-1-3	55.1608	41.2902	38.681	37.812	39.1885	38.2162	37.332100000000004	38.976699999999994	39.6427	37.664500000000004	42.2209	41.5751	41.0603	40.549400000000006	40.3031	39.9241	40.4153	39.9502	40.3071	40.3617	40.4851	40.1054	40.3778	39.8013	39.9762	39.7749	39.724599999999995	39.5817	39.9565	39.5871	39.9997	39.856	39.9248	39.6973	39.881699999999995	39.5321	39.7962	39.4983	39.6964	39.5067	39.9926	39.6415	39.967200000000005	39.9393	40.0068	39.8782	40.1544	39.928599999999996	40.2761	40.3019	40.572599999999994	40.5377	40.873599999999996	40.7138	41.0403	41.1096	41.288399999999996	41.1408	41.5282	41.2933	41.802299999999995	41.7338	41.8054	41.8677	42.133199999999995	41.9464	42.258	42.2316	42.4011	42.3194	42.6075	42.5906	42.8457	42.8512	42.9315	42.96	43.148399999999995	42.9945	43.215900000000005	43.2325	43.477700000000006	43.458400000000005	43.6029	43.608999999999995	43.707	43.8369	43.9225	43.8821	44.2207	44.117200000000004	44.421	44.4567	44.6435	44.7635	44.9708	45.0216	45.2102	45.2831	45.382600000000004	45.3782	45.5868	45.4799	45.7439	45.7267	45.702	45.736	45.819500000000005	45.7079	45.8671	45.8818	46.0142	45.9815	46.1584	46.251	46.3928	46.6087	46.658	46.8536	47.0646	47.2126	47.5155	47.8125	48.1656	48.478300000000004	48.817899999999995	49.1015	49.586999999999996	49.7671	50.3008	50.6013	51.0514	51.3353	51.833600000000004	52.243700000000004	52.6539	53.0876	53.5096	53.818200000000004	54.2037	54.577600000000004	55.153600000000004	55.5844	56.104200000000006	56.3689	56.946	57.469800000000006	57.818000000000005	58.1948	58.765	59.0067
Sor-CPnd_053-Ex1-2C-lcwgs-1-3	57.94780000000001	39.527699999999996	39.4567	37.721700000000006	39.2723	38.028800000000004	37.1272	38.7613	39.5383	37.2697	42.6035	42.138	41.4684	40.877599999999994	40.634100000000004	40.1516	40.6757	40.211200000000005	40.5477	40.5898	40.6757	40.291199999999996	40.509299999999996	39.9466	40.1224	39.913399999999996	39.8996	39.6794	40.126400000000004	39.7237	40.173700000000004	40.0111	40.1469	39.9322	40.1364	39.8566	40.0161	39.7194	39.9315	39.6552	40.150999999999996	39.786500000000004	40.131	39.9903	40.0734	39.9189	40.1648	39.902	40.2013	40.0881	40.3148	40.2158	40.5933	40.355000000000004	40.5804	40.6208	40.7273	40.521499999999996	40.8572	40.5879	41.0667	40.9109	40.9921	40.9634	41.2392	40.9866	41.249900000000004	41.159400000000005	41.396	41.1972	41.5323	41.402499999999996	41.6539	41.626200000000004	41.6677	41.6366	41.8605	41.7249	41.9109	41.909600000000005	42.166199999999996	42.0649	42.2048	42.1806	42.322900000000004	42.395300000000006	42.5192	42.370999999999995	42.7911	42.612100000000005	42.850100000000005	42.911899999999996	43.0798	43.118	43.3018	43.275400000000005	43.4878	43.4848	43.629200000000004	43.5277	43.8812	43.682900000000004	44.023	43.972	44.0169	44.0614	44.2653	44.1268	44.3374	44.3994	44.6522	44.4906	44.7716	44.7455	44.9369	45.1102	45.2197	45.2465	45.4327	45.497	45.7041	45.7753	46.0865	46.2899	46.593	46.5513	47.046	46.927099999999996	47.408699999999996	47.4201	47.708	47.9583	48.4014	48.6404	48.9004	49.167899999999996	49.3641	49.498599999999996	49.7421	49.8702	50.348099999999995	50.6378	50.94070000000001	51.0695	51.4966	51.8643	52.089600000000004	52.247600000000006	52.644400000000005	52.7428
Sor-CPnd_054-Ex1-8F-lcwgs-1-3	58.0785	42.9268	41.1592	40.0816	41.6885	40.4986	39.9167	41.3785	41.937999999999995	39.9613	44.7329	44.0631	43.565599999999996	43.0145	42.777100000000004	42.3488	42.9049	42.4945	42.8311	42.9257	42.9552	42.5837	42.8099	42.341899999999995	42.4848	42.3718	42.3131	42.045300000000005	42.4608	42.058299999999996	42.540299999999995	42.2989	42.4134	42.1088	42.3971	41.9879	42.2562	42.0215	42.2329	42.016	42.5689	42.2147	42.682199999999995	42.5141	42.7323	42.6306	42.9678	42.9365	43.242599999999996	43.320100000000004	43.6115	43.5984	44.072	43.8934	44.2699	44.3515	44.5396	44.393100000000004	44.723800000000004	44.5646	45.081199999999995	44.9868	45.0565	45.116	45.4227	45.251200000000004	45.5888	45.589	45.6742	45.668	46.0208	45.921	46.218599999999995	46.197500000000005	46.2291	46.353899999999996	46.4639	46.323	46.5516	46.5823	46.8432	46.7845	46.949200000000005	46.9265	47.066900000000004	47.2061	47.4628	47.3524	47.7547	47.6381	47.986000000000004	47.9545	48.2145	48.483399999999996	48.6148	48.739	48.9938	48.9204	49.1236	48.9609	49.2303	49.1007	49.3474	49.2124	49.2215	49.3263	49.513600000000004	49.2449	49.5235	49.5771	49.722699999999996	49.6029	49.7786	49.9802	50.159699999999994	50.5976	50.722699999999996	51.0625	51.3381	51.6438	51.9176	52.2416	52.7875	53.264	53.8152	54.1655	54.89659999999999	55.0943	55.752	56.117	56.655199999999994	56.98140000000001	57.5503	58.068	58.533100000000005	59.0465	59.4294	59.798899999999996	60.2622	60.6124	61.4132	61.9518	62.3286	62.665499999999994	63.290400000000005	63.87389999999999	64.20670000000001	64.5292	65.0524	65.3054
Sor-CPnd_055-Ex1-7G-lcwgs-1-3	55.6442	41.6069	39.2149	38.2459	39.619	38.5731	37.8388	39.4313	40.0742	38.0227	42.6396	41.9064	41.4703	40.9344	40.6958	40.3121	40.8167	40.3484	40.7202	40.7404	40.869499999999995	40.4775	40.7364	40.2098	40.3663	40.2146	40.1544	39.956199999999995	40.3375	39.9786	40.4088	40.2051	40.305	40.0287	40.318799999999996	39.9167	40.216499999999996	39.9037	40.1109	39.8869	40.4248	40.050000000000004	40.435300000000005	40.4003	40.4964	40.3654	40.6954	40.5567	40.893	40.8828	41.199999999999996	41.206900000000005	41.5877	41.4512	41.717	41.8685	41.9944	41.8512	42.249900000000004	42.046099999999996	42.5155	42.4369	42.5414	42.5659	42.8686	42.6733	42.941	42.906499999999994	43.0758	42.9836	43.3264	43.2475	43.479800000000004	43.4967	43.5589	43.581399999999995	43.7725	43.650299999999994	43.8434	43.8239	44.0479	44.076100000000004	44.1302	44.1855	44.276700000000005	44.4465	44.5293	44.536500000000004	44.8994	44.8106	45.103100000000005	45.1675	45.366800000000005	45.4779	45.7546	45.7669	46.0084	46.016400000000004	46.1239	46.0955	46.2937	46.224399999999996	46.3916	46.3713	46.3293	46.3591	46.4512	46.2795	46.422799999999995	46.4025	46.5929	46.5625	46.7358	46.8742	47.064099999999996	47.268100000000004	47.4117	47.638799999999996	47.8876	48.039100000000005	48.407	48.755500000000005	49.1469	49.4587	49.9228	50.195	50.7803	50.9773	51.5676	51.898500000000006	52.3742	52.6994	53.2144	53.681599999999996	54.0866	54.546099999999996	54.9968	55.338	55.7033	56.1075	56.7308	57.21190000000001	57.709500000000006	57.9939	58.550599999999996	59.097100000000005	59.4489	59.8286	60.3884	60.62070000000001
Sor-CPnd_058-Ex1-2G-lcwgs-1-3	55.372600000000006	39.0596	37.637	36.799	38.2064	36.8915	35.929100000000005	37.3087	38.1241	36.1705	41.128	40.480199999999996	39.9855	39.4373	39.195	38.7645	39.2729	38.8488	39.1604	39.2091	39.354	39.0134	39.257799999999996	38.6653	38.8056	38.6918	38.6056	38.439	38.8013	38.4113	38.903999999999996	38.713300000000004	38.8525	38.5951	38.8677	38.5517	38.771699999999996	38.4625	38.6334	38.3962	38.8786	38.5315	38.8554	38.7608	38.818200000000004	38.6639	38.8891	38.7113	38.9735	38.8829	39.1525	39.1	39.459300000000006	39.278800000000004	39.4876	39.6081	39.7198	39.5047	39.8486	39.6646	40.1725	40.062	40.171	40.2576	40.5054	40.365	40.5924	40.6233	40.8046	40.7515	41.1181	41.0083	41.3192	41.2524	41.428799999999995	41.4748	41.6833	41.5694	41.8271	41.7908	42.132	42.100100000000005	42.2405	42.2765	42.4557	42.5796	42.721900000000005	42.6636	43.0555	42.9019	43.222100000000005	43.262	43.4765	43.579	43.783899999999996	43.8053	44.0616	44.109300000000005	44.2804	44.2558	44.4476	44.426100000000005	44.748599999999996	44.828	44.8289	44.903	45.059900000000006	44.988299999999995	45.222699999999996	45.1945	45.4445	45.4394	45.595	45.6541	45.8792	46.0167	46.0802	46.171099999999996	46.3846	46.3832	46.651399999999995	46.8474	47.097699999999996	47.2678	47.6583	47.7229	48.2031	48.201699999999995	48.6946	48.8507	49.2085	49.376799999999996	49.810300000000005	50.104499999999994	50.4514	50.775000000000006	51.1003	51.336099999999995	51.5888	51.9188	52.477399999999996	52.8907	53.2656	53.5197	54.0697	54.5382	54.8404	55.1944	55.7091	55.944799999999994
Sor-CPnd_063-Ex1-7D-lcwgs-1-3	55.9676	41.526999999999994	39.4324	38.4181	39.7906	38.7161	37.9332	39.505	40.0749	38.1253	42.6783	42.0327	41.590199999999996	41.064499999999995	40.8425	40.4948	40.9403	40.4727	40.8418	40.8518	40.9234	40.6198	40.846700000000006	40.3225	40.5001	40.3416	40.3074	40.1138	40.4921	40.1059	40.5216	40.3714	40.437400000000004	40.1984	40.4092	40.0843	40.3294	40.0708	40.1902	40.0293	40.4937	40.1602	40.507799999999996	40.4527	40.5444	40.44	40.7361	40.5735	40.8778	40.8977	41.1346	41.1548	41.5234	41.367399999999996	41.655300000000004	41.775	41.950199999999995	41.7738	42.1698	42.009600000000006	42.443799999999996	42.4014	42.479099999999995	42.501400000000004	42.7525	42.5931	42.893100000000004	42.88	42.986799999999995	42.9431	43.2282	43.1764	43.4009	43.4193	43.4841	43.5334	43.6899	43.580799999999996	43.7735	43.7758	44.0058	43.966100000000004	44.088100000000004	44.0885	44.2072	44.343500000000006	44.417699999999996	44.3988	44.7556	44.6039	44.937	45.0197	45.1926	45.2876	45.5398	45.556200000000004	45.765299999999996	45.7844	45.8911	45.8754	46.069500000000005	45.9934	46.1789	46.183800000000005	46.1344	46.1807	46.2434	46.099000000000004	46.281499999999994	46.2188	46.3518	46.3671	46.5154	46.6152	46.7349	46.9327	47.0304	47.2136	47.4616	47.5795	47.948800000000006	48.2365	48.605900000000005	48.9085	49.2999	49.6075	50.130300000000005	50.3274	50.8886	51.190400000000004	51.658	51.9788	52.4983	52.9217	53.343399999999995	53.798500000000004	54.2298	54.572900000000004	54.972699999999996	55.3284	55.9408	56.3831	56.867900000000006	57.2192	57.7606	58.257000000000005	58.652300000000004	58.9951	59.5351	59.7851
Sor-CPnd_066-Ex1-8B-lcwgs-1-3	57.7434	42.418800000000005	41.1415	39.5344	40.360600000000005	39.5434	38.6896	40.3861	41.153600000000004	39.0832	43.650299999999994	43.2778	42.722300000000004	42.0753	41.9583	41.364200000000004	41.8447	41.414899999999996	41.754599999999996	41.9735	42.008	41.6614	41.7349	41.2851	41.6006	41.2495	41.2609	41.0383	41.5202	41.105599999999995	41.4808	41.5002	41.4877	41.133900000000004	41.4719	40.9654	41.5212	41.3041	41.1284	41.0338	41.4339	41.1498	41.455	41.4125	41.552299999999995	41.2433	41.5672	41.2616	41.6742	41.8288	41.903800000000004	41.8471	42.3104	42.106100000000005	42.4075	42.4537	42.5828	42.2265	42.7292	42.4423	42.994	42.7775	42.8041	42.6439	42.992999999999995	42.7817	43.087199999999996	43.1784	43.2888	43.0296	43.641000000000005	43.1963	43.3803	43.371300000000005	43.585	43.6272	43.7601	43.412099999999995	43.5388	43.6613	43.8968	43.7556	43.9448	43.7746	43.8978	43.9075	44.162600000000005	44.013799999999996	44.5034	44.3556	44.7219	44.5772	45.0457	44.9656	44.992900000000006	45.1862	45.179	45.3388	45.2929	45.0488	45.5529	45.4555	45.7079	45.5719	45.7065	45.602199999999996	45.4911	45.2877	45.6678	45.5674	45.769999999999996	45.7497	45.9188	45.8674	46.118700000000004	46.3269	46.379	46.3977	46.930699999999995	46.681400000000004	47.1168	47.4026	47.7762	47.8311	48.2875	48.463499999999996	48.998000000000005	49.217499999999994	49.4122	49.6556	50.2008	50.2463	50.834900000000005	51.14880000000001	51.3031	51.7029	52.1006	52.3723	52.5456	52.9426	53.4435	53.7753	54.105000000000004	54.405	54.8728	55.2322	55.518699999999995	55.837	56.2413	56.280300000000004
Sor-CPnd_069-Ex1-6B-lcwgs-1-3	57.6786	42.0989	40.7365	39.473200000000006	40.9388	39.8206	39.0347	40.7937	41.5053	39.1016	44.1194	43.650299999999994	43.012699999999995	42.3416	42.186299999999996	41.7164	42.230000000000004	41.7496	42.1453	42.1171	42.2545	41.9073	42.0704	41.5709	41.7164	41.546499999999995	41.5128	41.3757	41.6802	41.365	41.844300000000004	41.597	41.7417	41.4988	41.7437	41.3895	41.6423	41.3259	41.4924	41.2622	41.7522	41.3589	41.7673	41.615	41.680299999999995	41.5422	41.8079	41.6265	41.870400000000004	41.8329	42.033300000000004	41.9808	42.3045	42.1263	42.3493	42.366	42.4417	42.2649	42.5749	42.278999999999996	42.779	42.628899999999994	42.7097	42.681200000000004	42.902499999999996	42.6702	42.9279	42.8296	42.9753	42.7654	43.1223	42.9651	43.1819	43.1043	43.1598	43.1703	43.329499999999996	43.09	43.3463	43.2656	43.5155	43.3562	43.5484	43.452400000000004	43.6067	43.6877	43.7579	43.5646	44.015100000000004	43.7738	44.0431	44.067	44.176300000000005	44.206	44.4084	44.3746	44.6127	44.5246	44.624900000000004	44.5256	44.7631	44.6219	44.8785	44.8664	44.7621	44.82	44.905499999999996	44.7153	44.914100000000005	44.8108	45.010099999999994	44.9644	45.1889	45.22	45.3501	45.4772	45.5719	45.5996	45.8388	45.8328	46.1194	46.2966	46.577	46.7671	47.0989	47.1687	47.5534	47.6261	48.0714	48.082300000000004	48.5094	48.5398	48.996	49.263400000000004	49.5219	49.788199999999996	50.0323	50.1585	50.5101	50.613600000000005	51.0528	51.2431	51.5832	51.688500000000005	52.110800000000005	52.4505	52.6519	52.8267	53.2161	53.2431
Sor-CPnd_072-Ex1-8C-lcwgs-1-3	56.423199999999994	43.283500000000004	39.9404	38.561800000000005	40.0436	39.0573	38.3704	39.6566	40.3306	38.8081	42.6321	42.0169	41.7227	41.292899999999996	41.1629	40.778999999999996	41.2468	40.7647	41.1024	41.1011	41.2178	40.838	41.143800000000006	40.618900000000004	40.7554	40.6372	40.563900000000004	40.381	40.7906	40.3476	40.8159	40.6285	40.7611	40.4692	40.7344	40.394000000000005	40.659	40.386300000000006	40.531099999999995	40.3568	40.868500000000004	40.418	40.8063	40.742	40.8	40.645900000000005	40.9264	40.669	40.9857	40.8783	41.132999999999996	41.009	41.376000000000005	41.1212	41.3573	41.3529	41.4835	41.221000000000004	41.5879	41.2611	41.726600000000005	41.5889	41.597899999999996	41.5686	41.838300000000004	41.579899999999995	41.8056	41.7213	41.8658	41.6807	42.0712	41.856500000000004	42.1128	42.030699999999996	42.0679	42.0549	42.2705	42.0299	42.295100000000005	42.205799999999996	42.5214	42.4058	42.577	42.5248	42.6591	42.7209	42.8469	42.6549	43.0805	42.866	43.1523	43.156	43.3056	43.3247	43.553	43.4043	43.656299999999995	43.6017	43.71	43.5815	43.9054	43.6773	43.947399999999995	43.9351	43.8776	43.9092	44.093700000000005	43.891000000000005	44.1193	44.1195	44.3639	44.201800000000006	44.4992	44.4907	44.690400000000004	44.823	44.9298	45.0047	45.2207	45.245200000000004	45.5323	45.609	45.9169	46.0826	46.3848	46.3671	46.8111	46.7209	47.220800000000004	47.2032	47.545300000000005	47.6429	48.066199999999995	48.2781	48.5104	48.74	48.9391	48.9891	49.2669	49.338100000000004	49.7806	49.9509	50.270199999999996	50.359500000000004	50.7061	51.0239	51.1613	51.2602	51.6837	51.6494
