Sample	1	2	3	4	5	6	7	8	9	10	11	12	13	14	15	16	17	18	19	20	21	22	23	24	25	26	27	28	29	30	31	32	33	34	35	36	37	38	39	40	41	42	43	44	45	46	47	48	49	50	51	52	53	54	55	56	57	58	59	60	61	62	63	64	65	66	67	68	69	70	71	72	73	74	75	76	77	78	79	80	81	82	83	84	85	86	87	88	89	90	91	92	93	94	95	96	97	98	99	100	101	102	103	104	105	106	107	108	109	110	111	112	113	114	115	116	117	118	119	120	121	122	123	124	125	126	127	128	129	130	131	132	133	134	135	136	137	138	139	140	141	142	143	144	145	146	147	148	149	150
Sor-CPnd_001-Ex1-3E-lcwgs-1-3	0.00227807	0.0756448	0.0	0.00914459	0.0	0.0	0.0	0.0	0.0	0.0	0.0	0.000484696	0.0	0.00040391300000000005	0.0009209219999999999	0.000306974	0.07600029999999999	0.0403751	0.0	0.0	4.84696e-05	1.61565e-05	0.0822529	0.0	0.000258504	0.0856942	6.462610000000001e-05	0.0	0.0	0.000727043	0.00239117	0.00019387799999999998	0.0	0.000161676	0.0408897	0.000356354	0.0800837	1.6241000000000003e-05	0.0	0.0	0.0	0.0	0.0	0.000197403	0.0	0.0	0.0	0.0	0.0	0.0	0.00023620200000000003	8.473939999999999e-05	5.1084e-05	8.55604e-05	0.0	6.91716e-05	0.0017215400000000001	0.0021160899999999997	0.0	0.0	0.125556	0.0	0.0854959	0.000163516	1.8297500000000002e-05	0.0	0.000148543	1.871e-05	0.0755384	0.0	0.0	0.000270533	0.0	0.0	0.0	0.000100076	0.0	0.0	0.0422292	0.000581806	0.0	0.0	2.1402799999999998e-05	6.486779999999999e-05	0.00037137	0.00011036600000000001	0.0	0.00020287799999999998	0.0839401	0.0	0.0	0.0	0.0	0.0	0.00131514	0.0	0.000648021	0.0	0.0	0.00090376	0.000261336	5.29072e-05	0.08283159999999999	2.7111100000000002e-05	8.23472e-05	0.00038911900000000005	0.0	0.000883663	0.0	0.0	0.00731719	0.000270119	3.04067e-05	3.08098e-05	0.0	0.0	6.41564e-05	0.0	0.0	0.00010025399999999999	0.126802	0.0	0.0	0.00045938	0.0	0.0	0.0	0.000112308	0.000531847	0.000115658	0.0	0.0	0.0029025699999999997	0.1632	0.0	0.00105469	0.0436994	0.041652600000000005	0.000176957	0.00044976	0.0	0.0	0.0	0.0	0.0	0.00049741	5.054879999999999e-05	0.0	0.0	0.0
Sor-CPnd_002-Ex1-5E-lcwgs-1-3	0.00264292	0.0755406	0.0	0.00914984	0.0	0.0	0.0	0.0	0.0	0.0	0.0	0.000535274	0.0	0.000702547	0.000719275	0.000150546	0.0772802	0.039627	0.0	0.0	0.000133819	0.000100364	0.0823653	0.0	0.000384728	0.08425550000000001	1.6727299999999998e-05	0.0	0.0	0.000618911	0.0025091000000000002	0.00021745499999999997	0.0	0.000351807	0.0440732	0.000672864	0.0813645	1.69183e-05	0.0	0.0	0.0	0.0	0.0	0.000260669	0.0	0.0	0.0	0.0	0.0	0.0	0.000200738	9.19938e-05	1.85553e-05	0.000112308	0.0	3.8120499999999995e-05	0.00173153	0.00237011	0.0	1.98158e-05	0.129265	0.0	0.08594460000000001	0.000165257	6.26467e-05	0.0	0.000170788	0.0	0.0767255	0.0	0.0	0.00036169	0.0	0.0	0.0	7.111260000000001e-05	0.0	0.0	0.042137	0.000871126	2.5200999999999998e-05	0.0	5.16682e-05	0.00018309699999999999	0.000317811	0.00029498	0.0	0.000247469	0.08500959999999999	0.0	0.0	0.0	0.0	0.0	0.00165173	0.0	0.000677862	0.0	0.0	0.00131277	0.000194589	0.00013141099999999998	0.0883859	0.0	3.41531e-05	0.000346023	0.0	0.00106554	0.0	0.0	0.00857053	0.000149743	3.79384e-05	3.84505e-05	7.79337e-05	0.0	0.0	0.0	0.0	0.000166735	0.129549	0.0	0.0	0.00039625099999999997	0.0	0.0	0.0	0.0	0.000330366	0.00014360000000000002	0.0	0.0	0.0034475499999999997	0.169135	0.0	0.00156511	0.0459025	0.0386455	0.000382022	0.000665234	0.0	0.0	0.0	0.0	0.0	0.00109758	0.0	0.0	0.0	0.0
Sor-CPnd_003-Ex1-2B-lcwgs-1-3	0.0021860200000000003	0.077141	0.0	0.00942805	0.0	0.0	0.0	0.0	0.0	0.0	0.0	0.00041574600000000004	0.0	0.000482802	0.0008046700000000001	0.000254812	0.0800647	0.0396568	0.0	0.0	0.000160934	8.0467e-05	0.0818484	0.0	0.000496213	0.0852682	4.02335e-05	0.0	0.0	0.000643736	0.00265541	0.000120701	0.0	0.00029527000000000004	0.0414449	0.0006321790000000001	0.0815722	1.3491799999999998e-05	0.0	0.0	1.3577200000000001e-05	0.0	2.7301700000000003e-05	0.000191697	0.0	0.0	0.0	0.0	0.0	0.0	0.000211228	4.24482e-05	2.84403e-05	0.00010005599999999999	0.0	4.33484e-05	0.0018454800000000003	0.0022948499999999998	0.0	0.0	0.131099	0.0	0.0880745	0.00015178999999999998	6.11317e-05	0.0	0.00010849	3.1222e-05	0.0794955	0.0	0.0	0.00032178700000000003	0.0	0.0	0.0	9.96725e-05	0.0	0.0	0.0425211	0.000721712	3.46656e-05	0.0	0.0	0.000142371	0.000520727	0.000235521	1.82804e-05	0.00025824999999999996	0.08673020000000001	0.0	0.0	0.0	0.0	0.0	0.00104292	0.0	0.000521374	0.0	0.0	0.0014654800000000001	0.00029175800000000003	2.10454e-05	0.0853964	0.0	0.000108414	0.000284711	0.0	0.0010282000000000002	0.0	0.0	0.00838954	0.000139746	2.3535700000000002e-05	2.37852e-05	0.0	0.0	4.91314e-05	0.0	0.0	0.000101539	0.128257	0.0	0.0	0.0006372309999999999	0.0	0.0	5.4966700000000003e-05	0.00011122299999999999	0.000365782	5.69456e-05	0.0	0.0	0.0025091799999999997	0.169735	0.0	0.00165431	0.0441183	0.040983900000000004	0.000159219	0.000645614	0.0	0.0	0.0	0.0	0.0	0.0008069	0.0	0.0	0.0	0.0
Sor-CPnd_004-Ex1-1G-lcwgs-1-3	0.00207603	0.0749017	0.0	0.00913636	0.0	0.0	0.0	0.0	0.0	0.0	0.0	0.000539585	0.0	0.000539585	0.000667622	0.00018291	0.0767216	0.0391336	0.0	0.0	7.316399999999999e-05	5.4873e-05	0.083343	0.0	0.00044813	0.0859952	0.000109746	0.0	0.0	0.00045727500000000004	0.0023138100000000003	0.000155474	0.0	0.000302009	0.0428119	0.000614339	0.08282930000000001	0.0	0.0	0.0	0.0	0.0	0.0	0.00019569799999999998	0.0	0.0	0.0	0.0	0.0	0.0	0.000306468	7.69909e-05	1.93465e-05	7.78014e-05	0.0	5.9020799999999996e-05	0.0017516600000000002	0.00221077	0.0	2.01807e-05	0.128011	1.02326e-05	0.0871101	0.00017654499999999998	9.419e-05	0.0	0.00026589399999999997	5.36255e-05	0.0758608	0.0	3.30374e-05	0.000377878	0.0	0.0	0.0	6.932100000000001e-05	0.0	0.0	0.0432495	0.000879016	4.86861e-05	0.0	0.0	5.03168e-05	0.00038163899999999997	0.000205869	1.3015299999999999e-05	0.000250169	0.0854286	0.0	0.0	0.0	0.0	0.0	0.0015321599999999999	0.0	0.000689907	0.0	0.0	0.00125048	0.000262605	3.12984e-05	0.0856646	4.81929e-05	3.25564e-05	0.000313448	0.0	0.00086427	0.0	0.0	0.00852668	0.00026849299999999997	0.0	1.84039e-05	0.0	0.0	3.83971e-05	0.0	0.0	0.00020046799999999998	0.126414	0.0	0.0	0.000425242	0.0	0.0	0.0	2.25778e-05	0.000664881	0.00011641599999999999	0.0	0.0	0.00275645	0.162374	0.0	0.00197015	0.0440543	0.0420383	0.000134447	0.00038302500000000005	0.0	0.0	2.8890299999999997e-05	0.0	0.0	0.00115513	3.09125e-05	0.0	3.20775e-05	0.0
Sor-CPnd_005-Ex1-3D-lcwgs-1-3	0.0015902299999999998	0.0776449	0.0	0.00882696	0.0	0.0	0.0	0.0	0.0	0.0	0.0	0.000391797	0.0	0.00036875	0.0008527350000000001	0.000161328	0.0783824	0.036368000000000004	0.0	0.0	0.000115234	4.60938e-05	0.0813324	0.0	0.000299609	0.0881774	0.000138281	0.0	0.0	0.00066836	0.00216641	9.21875e-05	0.0	0.00020749400000000002	0.042923800000000005	0.000530768	0.08107249999999999	0.0	0.0	0.0	2.31681e-05	0.0	0.0	0.000139499	0.0	0.0	0.0	0.0	0.0	0.0	4.70433e-05	4.71419e-05	0.0	7.10208e-05	0.0	0.0	0.00171706	0.00217587	0.0	2.40444e-05	0.127498	0.0	0.0871564	0.000219094	2.4424999999999997e-05	0.0	0.0002214	0.0	0.0784025	0.0	0.0	0.000250932	0.0	0.0	0.0	0.0	0.0	0.0	0.04195	0.0007296889999999999	0.0	0.0	0.0	0.00013317399999999998	0.000375019	8.08201e-05	0.0	0.00021810399999999997	0.0878517	0.0	0.0	0.0	0.0	0.0	0.0011115300000000001	0.0	0.00046221500000000003	0.0	0.0	0.000973554	0.000208009	0.0	0.0852181	3.0382100000000002e-05	0.000122447	0.000308484	0.0	0.000939959	0.0	0.0	0.00744772	0.00038845800000000005	0.0	0.0	0.0	0.0	0.0	0.0	0.0	0.000173521	0.13117199999999998	0.0	0.0	0.000504408	0.0	0.0	0.0	7.49267e-05	0.000454106	7.64617e-05	0.0	0.0	0.0025247	0.1611	0.0	0.0015482900000000001	0.0446226	0.040099	0.000210901	0.00038429400000000003	0.0	0.0	0.0	4.49662e-05	0.0	0.000553069	0.0	0.0	0.0	0.0
Sor-CPnd_006-Ex1-2D-lcwgs-1-3	0.00243323	0.0752906	0.0	0.00949745	0.0	0.0	0.0	0.0	0.0	0.0	0.0	0.000584324	0.0	0.000575603	0.0007849129999999999	0.000235474	0.07781980000000001	0.039245699999999994	0.0	0.0	6.10488e-05	4.3606299999999996e-05	0.0820932	0.0	0.000340129	0.0858259	7.84913e-05	0.0	0.0	0.0006366519999999999	0.0025727700000000003	0.00011337600000000001	0.0	0.00035785799999999996	0.0422443	0.000743609	0.0817291	8.77743e-06	0.0	0.0	0.0	0.0	8.89032e-06	0.000231934	0.0	0.0	0.0	0.0	0.0	0.0	0.00019330200000000001	4.62752e-05	4.6537e-05	7.48974e-05	0.0	4.73937e-05	0.00204159	0.00240089	0.0	2.9211e-05	0.127685	0.0	0.0877662	0.000270748	0.00013138	0.0	0.00021564600000000003	1.0353799999999999e-05	0.0766893	0.0	0.0	0.000342941	0.0	0.0	0.0	8.893670000000001e-05	0.0	0.0	0.042210700000000004	0.000843223	0.0	0.0	0.0	0.00013218100000000001	0.00035200199999999997	0.000257477	0.0	0.000187675	0.0853501	0.0	0.0	0.0	0.0	0.0	0.00149244	0.0	0.000672883	0.0	0.0	0.000949972	0.000214978	1.4488299999999998e-05	0.0845276	0.0	0.000104802	0.000348187	0.0	0.00103706	0.0	0.0	0.00798941	0.000161941	3.2762600000000004e-05	4.97108e-05	1.67634e-05	0.0	5.14888e-05	0.0	0.0	0.000124514	0.129058	0.0	0.0	0.00067236	0.0	0.0	1.93861e-05	3.92597e-05	0.0006759769999999999	6.04084e-05	0.0	0.0	0.0034547	0.161288	0.0	0.00172101	0.0440978	0.0401658	0.00015896	0.000529933	0.0	0.0	2.4131900000000002e-05	0.0	0.0	0.0008059	0.0	0.0	0.0	0.0
Sor-CPnd_007-Ex1-1C-lcwgs-1-3	0.00198324	0.0763856	0.0	0.00923444	0.0	0.0	0.0	0.0	0.0	0.0	0.0	0.0006197609999999999	0.0	0.00040284500000000004	0.000464821	0.000309881	0.07502210000000001	0.0393238	0.0	0.0	9.29642e-05	3.09881e-05	0.08314089999999999	0.0	0.000340869	0.0884089	3.09881e-05	0.0	0.0	0.000433833	0.00226213	0.000123952	0.0	0.000124064	0.042818100000000005	0.000559669	0.0822773	0.0	0.0	0.0	0.0	0.0	0.0	9.50421e-05	0.0	0.0	0.0	0.0	0.0	0.0	0.00019537	9.81262e-05	0.0	3.30195e-05	0.0	0.0	0.0017095699999999999	0.00219021	3.38772e-05	3.40602e-05	0.128673	3.44421e-05	0.0859681	0.000243871	0.0	0.0	0.000354678	0.0	0.0752271	0.0	0.0	0.000292778	0.0	0.0	0.0	7.51721e-05	0.0	0.0	0.0440052	0.000540888	0.0	0.0	0.0	7.95008e-05	0.000320293	0.000282284	4.06192e-05	0.00024549699999999996	0.0817347	0.0	0.0	0.0	0.0	0.0	0.00163696	0.0	0.000743342	0.0	0.0	0.0013424399999999999	0.000360802	0.0	0.0809271	0.0	4.6566099999999994e-05	0.000140836	0.0	0.000477344	0.0	0.0	0.00734326	0.000148159	4.9823099999999994e-05	0.0	5.0723600000000003e-05	0.0	5.16537e-05	0.0	0.0	0.000106262	0.130294	0.0	0.0	0.00027632300000000003	0.0	0.0	5.69749e-05	5.7580399999999995e-05	0.0005237110000000001	0.0	0.0	0.0	0.00267458	0.167395	0.0	0.00125792	0.0420628	0.042636099999999996	0.000456446	0.000396326	0.0	0.0	0.0	0.0	0.0	0.000786248	0.0	0.0	7.44339e-05	0.0
Sor-CPnd_008-Ex1-1A-lcwgs-1-3	0.00129239	0.0738612	0.0	0.00871554	0.0	0.0	0.0	0.0	0.0	0.0	6.4944399999999994e-06	0.000376677	0.0	0.000279261	0.00044162199999999997	0.00017535	0.0743938	0.038518500000000004	0.0	0.0	1.94833e-05	6.4944399999999994e-06	0.079953	0.0	0.00024678899999999997	0.0812065	5.8449900000000004e-05	0.0	0.0	0.000305239	0.00153918	0.000129889	0.0	0.000123406	0.040975199999999996	0.000246868	0.08541370000000001	0.0	0.0	0.0	0.0	0.0	0.0	4.55344e-05	0.0	0.0	0.0	0.0	0.0	0.0	3.25845e-05	2.60759e-05	6.52112e-06	1.30468e-05	0.0	3.2641399999999995e-05	0.0011951400000000001	0.00167256	0.0	0.0	0.125531	0.0	0.0854511	0.000157229	1.96637e-05	0.0	7.21784e-05	0.0	0.0742798	0.0	0.0	0.000190881	0.0	0.0	0.0	4.62114e-05	0.0	0.0	0.0429726	0.0005961779999999999	0.0	0.0	0.0	1.3297600000000001e-05	0.000359381	0.00010658799999999999	0.0	0.000160203	0.0849948	0.0	0.0	0.0	0.0	0.0	0.000961933	0.0	0.000465301	0.0	0.0	0.00068384	0.000277993	2.7161e-05	0.083829	6.81106e-06	8.18643e-05	0.00017083700000000002	0.0	0.000747468	0.0	0.0	0.007517080000000001	0.00017967000000000002	6.92475e-06	2.0819e-05	1.39103e-05	0.0	4.19231e-05	0.0	0.0	0.0001267	0.12872899999999998	0.0	0.0	0.000434052	0.0	0.0	4.30775e-05	5.7614899999999996e-05	0.00033957400000000004	5.0742800000000005e-05	0.0	0.0	0.00271047	0.168412	0.0	0.0016002400000000002	0.0422305	0.041352099999999996	0.00015010500000000001	0.000505359	0.0	0.0	7.67534e-06	1.54165e-05	0.0	0.000786159	3.91037e-05	0.0	2.37452e-05	0.0
Sor-CPnd_009-Ex1-6A-lcwgs-1-3	0.00235982	0.0754023	0.0	0.00957708	0.0	0.0	0.0	0.0	0.0	0.0	0.0	0.000456461	0.0	0.000542586	0.000680386	6.02874e-05	0.0790626	0.0393332	0.0	0.0	0.000111962	3.4449900000000004e-05	0.08297260000000001	0.0	0.000370337	0.0848501	1.7225e-05	0.0	0.0	0.000473686	0.00208422	0.000180862	0.0	0.000379127	0.0435996	0.000698863	0.0839977	8.644269999999999e-06	0.0	0.0	8.67845e-06	0.0	0.0	0.000174486	0.0	0.0	0.0	0.0	0.0	0.0	0.000133143	2.6705899999999998e-05	8.92864e-06	8.06059e-05	0.0	5.40866e-05	0.0014743	0.00217824	0.0	9.13978e-06	0.125102	0.0	0.08809020000000001	0.00014843	4.65628e-05	0.0	0.000168968	9.42571e-06	0.0789422	0.0	0.0	0.000316442	0.0	0.0	0.0	0.000126979	0.0	0.0	0.0430313	0.0008166890000000001	0.0	0.0	0.0	0.000101625	0.00035751	0.000308004	1.03195e-05	0.000228208	0.0841157	0.0	0.0	0.0	0.0	0.0	0.00148592	0.0	0.000653339	0.0	0.0	0.00111904	0.000278643	3.36392e-05	0.0842359	3.40595e-05	0.000148527	0.000229979	0.0	0.00114186	0.0	0.0	0.00773093	7.18673e-05	1.20638e-05	4.86089e-05	0.0	0.0	1.24305e-05	0.0	0.0	0.00010182700000000001	0.126753	0.0	0.0	0.000579002	0.0	0.0	2.70137e-05	0.00010902299999999999	0.000495097	2.77597e-05	0.0	0.0	0.00274196	0.169665	0.0	0.00178009	0.043205099999999996	0.0383724	0.000182169	0.000767514	0.0	0.0	4.77505e-05	0.0	0.0	0.000921615	3.32866e-05	0.0	6.82491e-05	0.0
Sor-CPnd_010-Ex1-1H-lcwgs-1-3	0.00205927	0.0779581	0.0	0.0102228	0.0	0.0	0.0	0.0	0.0	0.0	0.0	0.000514818	0.0	0.000441272	0.00095609	0.00029418099999999997	0.0796496	0.0362579	0.0	0.0	0.000147091	0.0	0.0830327	0.0	0.000441272	0.08479779999999999	0.000147091	0.0	0.0	0.000514818	0.00183863	0.000147091	0.0	0.00044154000000000003	0.0441857	0.000810815	0.0799889	0.0	0.0	0.0	0.0	0.0	0.0	0.000373269	0.0	0.0	0.0	0.0	0.0	0.0	7.61038e-05	0.0	0.0	0.0	0.0	0.0	0.00171069	0.0018737200000000002	0.0	7.871999999999999e-05	0.12714	7.94095e-05	0.0860814	0.00016031	0.000161092	0.0	8.13566e-05	8.1781e-05	0.07892980000000001	0.0	0.0	0.00033433299999999997	0.0	0.0	0.0	0.0	0.0	0.0	0.0420501	0.00105387	0.0	0.0	0.0	0.0	0.00018152	0.00045682300000000003	0.0	0.0	0.0880762	0.0	0.0	0.0	0.0	0.0	0.0011663399999999999	0.0	0.000690358	0.0	0.0	0.00070617	0.00010164299999999999	0.0	0.0843489	0.000208123	0.00010489599999999999	0.00031728400000000003	0.0	0.00161245	0.0	0.0	0.00672554	0.000333602	0.000112196	0.0	0.0	0.0	0.0	0.0	0.0	0.000359158	0.124969	0.0	0.0	0.000996603	0.0	0.0	0.0	0.0	0.000788202	0.000132832	0.0	0.0	0.0028849599999999998	0.166356	0.0	0.000996328	0.0427855	0.0380765	0.000443304	0.0005989880000000001	0.0	0.0	0.000156232	0.0	0.0	0.000650483	0.0	0.0	0.00016971599999999999	0.0
Sor-CPnd_012-Ex1-5B-lcwgs-1-3	0.00225343	0.0751266	0.0	0.00931168	0.0	0.0	0.0	0.0	0.0	0.0	0.0	0.000633194	0.0	0.000670441	0.0008566750000000001	0.000186234	0.0782554	0.039854	0.0	0.0	9.311680000000001e-05	1.86234e-05	0.0845687	0.0	0.000335221	0.0860399	0.0	0.0	0.0	0.000670441	0.00242104	0.00020485700000000002	0.0	0.000130529	0.0419104	0.000449099	0.0826687	1.88013e-05	0.0	0.0	3.79561e-05	0.0	1.91239e-05	0.000249686	0.0	0.0	0.0	0.0	0.0	0.0	0.000199246	2.0043600000000002e-05	4.03323e-05	0.00010146100000000001	0.0	8.2216e-05	0.00167576	0.00224922	0.0	4.22136e-05	0.127535	0.0	0.0864469	0.000151894	2.1855e-05	0.0	0.000133021	0.0	0.07915900000000001	0.0	0.0	0.000299019	0.0	0.0	0.0	9.48551e-05	0.0	0.0	0.0424074	0.000684997	2.46575e-05	0.0	0.0	7.57448e-05	0.000508972	0.00020520500000000002	0.0	0.000260538	0.08883880000000001	0.0	0.0	0.0	0.0	0.0	0.00107399	0.0	0.00044772000000000003	0.0	0.0	0.000946252	0.000260177	2.91459e-05	0.084787	0.0	0.00011952800000000001	0.00027121599999999996	0.0	0.0007050029999999999	0.0	0.0	0.00883966	0.000158673	0.0	6.45942e-05	3.2589600000000004e-05	0.0	0.0	0.0	0.0	3.41233e-05	0.12501199999999998	0.0	0.0	0.000354455	0.0	0.0	3.65035e-05	0.000110586	0.000670102	3.76022e-05	0.0	0.0	0.00333477	0.164579	0.0	0.0017209999999999999	0.0445047	0.0413209	4.13771e-05	0.000627988	0.0	0.0	0.0	4.39693e-05	0.0	0.0010352	0.0	0.0	0.0	0.0
Sor-CPnd_013-Ex1-7F-lcwgs-1-3	0.00238781	0.0747195	0.0	0.009403330000000001	0.0	0.0	0.0	0.0	0.0	0.0	0.0	0.000422622	0.0	0.000612802	0.000739588	4.2262200000000003e-05	0.0761776	0.0412056	0.0	0.0	0.000126787	8.452440000000001e-05	0.0849047	0.0	0.000295835	0.0874193	2.1131100000000002e-05	0.0	0.0	0.00059167	0.00200745	0.00019018	0.0	0.000338834	0.0431685	0.000724267	0.0796422	4.29374e-05	0.0	0.0	0.0	0.0	4.4125e-05	0.000222112	0.0	0.0	0.0	0.0	0.0	0.0	0.000281743	4.73721e-05	2.3899299999999997e-05	9.64811e-05	0.0	0.0	0.0014639499999999999	0.00215447	0.0	7.66302e-05	0.12278	0.0	0.0868809	0.000212638	0.000107404	0.0	0.000191878	5.53968e-05	0.07540039999999999	0.0	0.0	0.000375514	0.0	0.0	0.0	9.04565e-05	0.0	0.0	0.043174000000000004	0.0008818	3.1834799999999995e-05	0.0	0.0	9.86472e-05	0.000232686	6.72061e-05	0.0	0.000103018	0.08639039999999999	0.0	0.0	0.0	0.0	0.0	0.00144397	0.0	0.000756541	0.0	0.0	0.000664323	0.000158015	3.994e-05	0.08423639999999999	0.0	0.000123835	0.000208701	0.0	0.0007682759999999999	0.0	0.0	0.0075899	4.4629e-05	0.0	0.0	4.61728e-05	0.0	4.72462e-05	0.0	0.0	0.000146783	0.12455700000000001	0.0	0.0	0.000461704	0.0	0.0	0.0	0.00016148899999999998	0.000381439	5.51583e-05	0.0	0.0	0.003950530000000001	0.164553	0.0	0.0017844500000000001	0.0426712	0.039210800000000004	0.000123799	0.0005020910000000001	0.0	0.0	0.0	0.0	0.0	0.0009565800000000001	0.0	0.0	0.0	0.0
Sor-CPnd_014-Ex1-1F-lcwgs-1-3	0.00192159	0.0772363	0.0	0.00930201	9.56013e-06	0.0	0.0	0.0	0.0	0.0	0.0	0.0005736080000000001	0.0	0.000506687	0.00073613	0.000229443	0.0796455	0.0391966	0.0	0.0	4.78007e-05	3.82405e-05	0.0827716	0.0	0.000420646	0.0858882	7.64811e-05	0.0	0.0	0.0005640479999999999	0.0027724399999999997	0.00011472199999999999	0.0	0.000258277	0.0436994	0.000488652	0.0820207	0.0	0.0	0.0	9.65397e-06	0.0	0.0	0.00016531	0.0	0.0	0.0	0.0	0.0	0.0	0.000289413	8.02099e-05	6.04516e-05	7.08863e-05	0.0	0.00010237100000000001	0.00188419	0.00223728	0.0	0.0	0.126613	0.0	0.0865441	0.000204752	8.684e-05	0.0	0.000110196	2.22115e-05	0.0800517	0.0	1.13794e-05	0.00032131	0.0	0.0	0.0	0.000154499	0.0	0.0	0.043106	0.0009744109999999999	1.2452400000000001e-05	0.0	1.26948e-05	8.97428e-05	0.000530798	0.000287628	2.6408600000000003e-05	0.000280088	0.0849673	0.0	0.0	0.0	0.0	0.0	0.00123237	0.0	0.0005122319999999999	0.0	0.0	0.00105805	0.000290308	4.6341199999999996e-05	0.0844338	1.5790799999999998e-05	9.580379999999999e-05	0.000258359	0.0	0.000710309	0.0	0.0	0.00771145	0.000155703	7.00196e-05	0.0	1.79237e-05	0.0	7.34408e-05	0.0	0.0	0.000152393	0.127887	0.0	0.0	0.00046057099999999995	0.0	0.0	2.0816100000000002e-05	8.43548e-05	0.000470076	8.66125e-05	0.0	0.0	0.00279606	0.170474	0.0	0.00159839	0.044225	0.042277999999999996	7.36451e-05	0.000498478	0.0	0.0	0.0	0.0	0.0	0.000875424	0.0	0.0	2.8692e-05	0.0
Sor-CPnd_015-Ex1-5F-lcwgs-1-3	0.00285564	0.0768076	0.0	0.00849892	0.0	0.0	0.0	0.0	0.0	0.0	0.0	0.0006572500000000001	0.0	0.000543931	0.0009065519999999999	0.000135983	0.0775328	0.0409988	0.0	0.0	9.065519999999999e-05	6.79914e-05	0.0829721	0.0	0.000521267	0.0879129	2.2663799999999998e-05	0.0	0.0	0.0007252410000000001	0.00217572	0.00018131	0.0	0.000249758	0.0423255	0.00047917399999999996	0.0791981	0.0	0.0	0.0	2.32719e-05	0.0	0.0	0.000283879	0.0	0.0	0.0	0.0	0.0	0.0	0.000223669	7.51469e-05	2.52507e-05	7.63721e-05	0.0	5.17642e-05	0.00146198	0.00247527	0.0	0.0	0.129876	0.0	0.087533	0.000277781	2.8032600000000003e-05	0.0	8.5685e-05	2.8830099999999997e-05	0.0774465	0.0	2.9657800000000003e-05	0.00032941	0.0	0.0	0.0	0.000124501	0.0	0.0	0.0426007	0.00103594	0.0	0.0	0.0	0.000134723	0.000340167	0.000206113	0.0	0.00010507899999999999	0.086518	0.0	0.0	0.0	0.0	0.0	0.00194996	0.0	0.0009178029999999999	0.0	0.0	0.00137821	0.00039769699999999997	4.01663e-05	0.0835249	4.0974000000000004e-05	0.0	0.00025083	0.0	0.000682533	0.0	0.0	0.00813387	0.000222088	4.48749e-05	0.0	4.58075e-05	0.0	9.35338e-05	0.0	0.0	9.65443e-05	0.124011	0.0	0.0	0.000503751	0.0	0.0	0.00010412099999999999	0.0	0.000958197	0.000161487	0.0	0.0	0.0029519999999999998	0.170793	0.0	0.00201884	0.0428441	0.0425962	0.00035897399999999997	0.000666674	0.0	0.0	0.0	0.0	0.0	0.00111454	6.63659e-05	0.0	6.82281e-05	0.0
Sor-CPnd_016-Ex1-1B-lcwgs-1-3	0.00139256	0.0747491	0.0	0.00896745	0.0	0.0	0.0	0.0	0.0	0.0	5.10094e-06	0.000362167	0.0	0.000265249	0.00041317599999999996	0.000168331	0.0756826	0.038960999999999996	0.0	0.0	4.59084e-05	1.5302800000000002e-05	0.080656	0.0	0.000280552	0.0838696	5.61103e-05	0.0	0.0	0.000285653	0.00166291	0.000137725	0.0	0.00019897000000000003	0.040639400000000006	0.00033177099999999996	0.0859588	0.0	0.0	0.0	0.0	0.0	5.11929e-06	7.68365e-05	0.0	0.0	0.0	0.0	0.0	0.0	4.63639e-05	1.03131e-05	2.06471e-05	1.5501599999999997e-05	0.0	1.55359e-05	0.0013842899999999998	0.0016558500000000002	0.0	0.0	0.12804400000000002	0.0	0.0854311	0.000125545	1.0477e-05	0.0	7.88101e-05	0.0	0.075794	0.0	0.0	0.00015890200000000002	0.0	0.0	0.0	3.73468e-05	0.0	0.0	0.043116600000000005	0.0006829560000000001	0.0	0.0	5.41131e-06	2.16913e-05	0.00030976100000000003	0.0001416	0.0	0.000153163	0.0860018	0.0	0.0	0.0	0.0	0.0	0.001112	0.0	0.000441432	0.0	0.0	0.000901135	0.00024284899999999998	3.96456e-05	0.0833755	1.709e-05	9.142159999999999e-05	9.17042e-05	0.0	0.0007383099999999999	0.0	0.0	0.00741729	0.000122792	1.7605e-05	1.76704e-05	1.18248e-05	0.0	5.95872e-06	0.0	0.0	7.84244e-05	0.12613100000000002	0.0	0.0	0.00041759	0.0	0.0	3.73788e-05	5.00874e-05	0.000358688	3.16284e-05	0.0	0.0	0.00273928	0.166945	0.0	0.00179923	0.0433626	0.038791	8.00326e-05	0.00044331799999999995	0.0	6.8308700000000006e-06	6.87943e-06	0.0	0.0	0.0007164949999999999	7.073729999999999e-06	0.0	3.59524e-05	0.0
Sor-CPnd_017-Ex1-3G-lcwgs-1-3	0.00129459	0.07779319999999999	0.0	0.008709070000000001	0.0	0.0	0.0	0.0	0.0	0.0	0.0	0.00035307	0.0	0.00011768999999999999	0.00047075999999999997	0.0	0.08108850000000001	0.0370724	0.0	0.0	0.00011768999999999999	0.0	0.0893268	0.0	0.00047075999999999997	0.0897976	0.0	0.0	0.0	0.00035307	0.0023538	0.0	0.0	0.00047121	0.0435197	0.00047242700000000004	0.07961380000000001	0.0	0.0	0.0	0.0	0.0	0.0	0.00012062199999999998	0.0	0.0	0.0	0.0	0.0	0.0	0.00024918	0.0	0.0	0.0	0.0	0.0	0.00142227	0.00169261	0.0	0.0	0.133714	0.0	0.08350980000000001	0.0	0.00027467400000000003	0.0	0.0	0.0	0.0791799	0.0	0.0	0.000146176	0.0	0.0	0.0	0.0	0.0	0.0	0.0434393	0.0007923639999999999	0.0	0.0	0.0	0.000496095	0.00033428	0.0	0.0	0.000345433	0.0893895	0.0	0.0	0.0	0.0	0.0	0.00018676699999999998	0.0	0.000191164	0.0	0.0	0.0017825900000000001	0.0	0.0	0.08886430000000001	0.0	0.0	0.000212905	0.0	0.000654694	0.0	0.0	0.00747382	0.0	0.000232237	0.0	0.0	0.0	0.0	0.0	0.0	0.0	0.140054	0.0	0.0	0.000268767	0.0	0.0	0.0	0.0	0.0	0.0	0.0	0.0	0.00091411	0.17341800000000002	0.0	0.00222806	0.0368486	0.0489112	0.0	0.000338725	0.0	0.0	0.0	0.0	0.0	0.000747686	0.0	0.0	0.0	0.0
Sor-CPnd_018-Ex1-1E-lcwgs-1-3	0.00304423	0.0774712	0.0	0.00982659	0.0	0.0	0.0	0.0	0.0	0.0	0.0	0.0004924490000000001	0.0	0.000581985	0.000604369	0.000246224	0.0804482	0.037806599999999996	0.0	0.0	0.00015668800000000001	6.71521e-05	0.0877902	0.0	0.000313377	0.0876111	8.95362e-05	0.0	0.0	0.000358145	0.0028427699999999997	0.000179072	0.0	0.000224087	0.0440946	0.000584439	0.0818266	0.0	0.0	0.0	2.27794e-05	0.0	0.0	0.00023053499999999997	0.0	0.0	0.0	0.0	0.0	0.0	0.00023973100000000003	7.23898e-05	2.4295900000000002e-05	9.78759e-05	0.0	4.9657099999999996e-05	0.0016261399999999999	0.00204226	0.0	2.56167e-05	0.126349	0.0	0.0890925	0.00013247499999999998	0.000133644	0.0	0.00010886799999999999	0.0	0.07927820000000001	0.0	0.0	0.000371043	0.0	0.0	0.0	0.0	0.0	0.0	0.0413544	0.0005886429999999999	0.0	0.0	3.19997e-05	0.000194083	0.000228912	0.00016531600000000001	0.0	0.000202814	0.0838072	0.0	0.0	0.0	0.0	0.0	0.00128005	0.0	0.000449035	0.0	0.0	0.0013561600000000001	0.000274445	0.00011901	0.0837036	4.06234e-05	4.11163e-05	8.32287e-05	0.0	0.0007674259999999999	0.0	0.0	0.008540510000000001	0.000313604	0.0	0.0	0.0	0.0	9.54917e-05	0.0	0.0	0.000148953	0.129153	0.0	0.0	0.000471443	0.0	0.0	0.00016374100000000002	5.53495e-05	0.000505112	5.692e-05	0.0	0.0	0.00297076	0.164603	0.0	0.0016137399999999998	0.042590199999999995	0.043493500000000004	0.000194911	0.00039613100000000003	0.0	0.0	0.0	0.0	0.0	0.00101935	0.0	0.0	0.0	0.0
Sor-CPnd_019-Ex1-6G-lcwgs-1-3	0.00277928	0.0783776	0.0	0.0098999	1.01433e-05	0.0	0.0	0.0	0.0	0.0	0.0	0.000679604	0.0	0.0005883139999999999	0.000923044	0.00015214999999999998	0.0796455	0.0397315	0.0	0.0	0.00012172	4.05734e-05	0.0842709	0.0	0.000436164	0.087395	1.01433e-05	0.0	0.0	0.000689747	0.00232283	0.00015214999999999998	0.0	0.00027429	0.041832	0.000663098	0.08229879999999999	1.02595e-05	0.0	0.0	1.03752e-05	0.0	0.0	0.000336831	0.0	0.0	0.0	0.0	0.0	0.0	0.000176103	4.43487e-05	3.3510199999999996e-05	0.000157591	0.0	5.71869e-05	0.00175286	0.00275592	0.0	1.18271e-05	0.129022	1.2036900000000002e-05	0.0884476	0.000220597	4.94731e-05	0.0	0.000189003	0.0	0.07921879999999999	1.2965e-05	0.0	0.000423005	0.0	0.0	0.0	0.000137583	0.0	0.0	0.0426659	0.000802486	0.0	0.0	0.0	4.48095e-05	0.00045280700000000006	0.000350765	0.0	0.000264744	0.0857546	0.0	0.0	0.0	0.0	0.0	0.00152583	0.0	0.000599567	0.0	0.0	0.00115001	0.000232507	5.42423e-05	0.0852917	3.69609e-05	7.47444e-05	0.000151146	0.0	0.000985212	0.0	0.0	0.00779291	0.000121252	2.04402e-05	2.06754e-05	6.27468e-05	0.0	2.14044e-05	0.0	0.0	0.00011082899999999999	0.127576	0.0	0.0	0.000604407	0.0	0.0	4.8209300000000006e-05	2.43993e-05	0.000568129	5.0016300000000004e-05	0.0	0.0	0.00290828	0.161308	0.0	0.0018073599999999998	0.0444375	0.0428761	0.000140394	0.0006265779999999999	0.0	0.0	0.0	0.0	0.0	0.000900376	0.0	0.0	0.0	0.0
Sor-CPnd_020-Ex1-2E-lcwgs-1-3	0.00241583	0.0756931	0.0	0.00915966	0.0	0.0	0.0	0.0	0.0	0.0	0.0	0.000597554	0.0	0.00041828799999999995	0.0007426749999999999	0.000256095	0.07824550000000001	0.039071499999999995	0.0	0.0	5.97554e-05	5.97554e-05	0.0823174	0.0	0.000281704	0.0857064	0.000102438	0.0	0.0	0.000546335	0.00248412	0.000153657	0.0	0.000307463	0.042934400000000005	0.000496032	0.08316140000000001	0.0	0.0	0.0	0.0	0.0	0.0	0.000103799	0.0	0.0	0.0	0.0	0.0	0.0	0.000220295	3.53625e-05	2.66126e-05	5.3414099999999994e-05	0.0	2.6911099999999997e-05	0.0019182600000000002	0.00234218	0.0	0.0	0.126447	0.0	0.087233	0.000204488	3.73683e-05	0.0	0.000151046	2.84774e-05	0.0777337	0.0	9.658e-06	0.000320658	0.0	0.0	0.0	0.000119602	0.0	0.0	0.0421521	0.00072728	2.06332e-05	0.0	1.04673e-05	4.2178699999999996e-05	0.000467441	0.00010704200000000001	0.0	0.000282594	0.0841001	0.0	0.0	0.0	0.0	0.0	0.0016211499999999998	0.0	0.0005964	0.0	0.0	0.00105642	0.000278601	4.8890299999999995e-05	0.0827827	3.73514e-05	8.79764e-05	0.000253756	0.0	0.00091835	0.0	0.0	0.00832885	0.00018846	0.0	1.37401e-05	1.38853e-05	0.0	1.4182499999999998e-05	0.0	0.0	0.00020515100000000001	0.12771	0.0	0.0	0.0005825390000000001	0.0	0.0	4.76384e-05	4.8215500000000006e-05	0.000585563	3.2928699999999995e-05	0.0	0.0	0.00278582	0.168375	0.0	0.00177645	0.0432641	0.042015	0.000277594	0.000751041	0.0	1.9381799999999998e-05	0.0	0.0	0.0	0.0007997200000000001	0.0	0.0	0.0	0.0
Sor-CPnd_022-Ex1-7C-lcwgs-1-3	0.00199105	0.0754696	0.0	0.00954136	1.1185699999999999e-05	0.0	0.0	0.0	0.0	0.0	0.0	0.000480983	0.0	0.000492169	0.000727068	5.5928300000000005e-05	0.0778186	0.038355600000000004	0.0	0.0	0.000123042	1.1185699999999999e-05	0.08138680000000001	0.0	0.000380312	0.0873711	1.1185699999999999e-05	0.0	0.0	0.000548097	0.00205816	0.00020134200000000002	0.0	0.00033611599999999996	0.041412399999999995	0.000618897	0.08167959999999999	1.13182e-05	0.0	0.0	0.0	0.0	0.0	0.000185737	0.0	0.0	0.0	0.0	0.0	0.0	0.00022990100000000002	7.307490000000001e-05	1.2260900000000001e-05	8.64111e-05	0.0	5.00625e-05	0.00129823	0.0021452100000000003	0.0	2.57522e-05	0.127062	1.3064200000000001e-05	0.0883705	0.000212129	5.34315e-05	0.0	0.000108476	1.36621e-05	0.0770105	0.0	0.0	0.000281786	0.0	0.0	0.0	0.000145383	0.0	0.0	0.0436008	0.0009453389999999999	0.0	0.0	0.0	4.64777e-05	0.000312322	0.000220349	0.0	0.000127917	0.08526439999999999	0.0	0.0	0.0	0.0	0.0	0.0011661800000000002	0.0	0.000549507	0.0	0.0	0.00123108	0.00030136299999999997	0.0	0.0826107	0.0	0.00012816299999999999	0.000221511	0.0	0.0007317959999999999	0.0	0.0	0.00823463	7.76097e-05	0.0	5.91962e-05	0.0	0.0	4.04922e-05	0.0	0.0	0.000103915	0.125991	0.0	0.0	0.00043069500000000004	0.0	0.0	2.21334e-05	8.935719999999999e-05	0.000360791	2.27624e-05	0.0	0.0	0.00271739	0.16466	0.0	0.00142323	0.0427894	0.0403766	0.000223951	0.000402528	0.0	0.0	0.0	0.0	0.0	0.0008344660000000001	0.0	0.0	0.0	0.0
Sor-CPnd_024-Ex1-5G-lcwgs-1-3	0.0023871	0.0765918	0.0	0.00965071	0.0	0.0	0.0	0.0	0.0	0.0	0.0	0.000784333	0.0	0.000579725	0.00095484	0.000136406	0.0781605	0.0378185	0.0	0.0	0.000136406	6.82029e-05	0.0837532	0.0	0.00047742	0.085049	0.0	0.0	0.0	0.00071613	0.0017391700000000002	0.000170507	0.0	0.000546426	0.043556	0.000754384	0.0836109	0.0	0.0	0.0	0.0	0.0	3.52082e-05	0.000247796	0.0	0.0	0.0	0.0	0.0	0.0	0.00022284499999999997	0.0	0.0	7.61523e-05	0.0	0.0	0.00140822	0.0023297599999999997	0.0	0.0	0.127219	0.0	0.0854225	0.0005030029999999999	4.23593e-05	0.0	0.00017311	4.37529e-05	0.0766241	0.0	0.0	0.000411805	0.0	0.0	0.0	0.0	0.0	0.0	0.0412091	0.0009546450000000001	0.0	0.0	0.0	0.00010544599999999999	0.0005870869999999999	0.000324173	0.0	0.000332194	0.0845219	0.0	0.0	0.0	0.0	0.0	0.001207	0.0	0.00037121	0.0	0.0	0.0012202600000000001	0.00045532099999999996	0.00013174699999999998	0.0878689	6.75716e-05	0.00013686	6.93123e-05	0.0	0.00092436	0.0	0.0	0.008055679999999999	7.4859e-05	7.5844e-05	7.68462e-05	7.78596e-05	0.0	0.0	0.0	0.0	0.000249528	0.13091	0.0	0.0	0.00043881000000000004	0.0	0.0	9.14049e-05	0.000185296	0.00046966	9.52615e-05	0.0	0.0	0.00258223	0.160218	0.0	0.00176092	0.047396	0.0409563	0.000216534	0.0007697119999999999	0.0	0.0	0.0	0.000117125	0.0	0.000482899	0.0	0.0	0.0	0.0
Sor-CPnd_026-Ex1-3H-lcwgs-1-3	0.00216335	0.074804	0.0	0.00908783	0.0	0.0	0.0	0.0	0.0	0.0	0.0	0.000505372	0.0	0.000567435	0.000558569	0.00023052099999999997	0.0786873	0.038594500000000004	0.0	0.0	5.31971e-05	3.54647e-05	0.0809305	0.0	0.000328049	0.0871102	0.000124127	0.0	0.0	0.000461041	0.00222541	0.00018618999999999998	0.0	0.000345993	0.042508699999999996	0.000542056	0.0840263	0.0	0.0	0.0	0.0	0.0	1.79631e-05	0.00029704	0.0	0.0	0.0	0.0	0.0	0.0	0.000165334	4.60864e-05	2.77525e-05	8.35769e-05	0.0	4.68063e-05	0.0016827600000000002	0.00191674	0.0	0.0	0.126839	0.0	0.08571269999999999	0.000184683	6.84049e-05	0.0	0.000177867	2.9815e-05	0.0783427	0.0	1.01211e-05	0.000427803	0.0	0.0	0.0	0.000167401	0.0	0.0	0.043959	0.0007213510000000001	1.0846800000000001e-05	0.0	1.1011500000000001e-05	0.00011096200000000001	0.000369013	0.000146513	0.0	0.00020611000000000002	0.0848854	0.0	0.0	0.0	0.0	0.0	0.00134659	0.0	0.000518391	0.0	0.0	0.0009504650000000001	0.000281311	6.45154e-05	0.0867212	6.57052e-05	3.97913e-05	0.00022759699999999998	0.0	0.0008733190000000001	0.0	0.0	0.00803448	0.00022696199999999999	4.29804e-05	2.8940700000000002e-05	1.46158e-05	0.0	1.49175e-05	0.0	0.0	0.00015388	0.128503	0.0	0.0	0.000385385	0.0	0.0	6.637900000000001e-05	3.35608e-05	0.000542999	0.000102968	0.0	0.0	0.00254062	0.167398	0.0	0.0016935700000000001	0.0436787	0.0409634	0.000191097	0.000484088	0.0	3.98697e-05	0.0	0.0	0.0	0.000923602	0.0	0.0	4.37602e-05	0.0
Sor-CPnd_027-Ex1-3C-lcwgs-1-3	0.0015559100000000002	0.0767583	0.0	0.00915024	0.0	0.0	0.0	0.0	0.0	0.0	0.0	0.0005556830000000001	0.0	0.000314887	0.000666819	0.000111137	0.0743503	0.036804699999999996	0.0	0.0	0.0	3.70455e-05	0.082204	0.0	0.000351932	0.08598259999999999	7.4091e-05	0.0	0.0	0.0005371600000000001	0.00194489	0.000148182	0.0	0.000240884	0.0415437	0.000408062	0.0816652	0.0	0.0	0.0	0.0	0.0	0.0	0.000112152	0.0	0.0	0.0	0.0	0.0	0.0	0.000151314	1.89534e-05	1.8993e-05	3.8071700000000003e-05	0.0	1.91258e-05	0.00149554	0.0022106	0.0	1.93269e-05	0.127256	0.0	0.0867555	0.000136894	5.88555e-05	0.0	0.00013823699999999998	3.96353e-05	0.0737623	0.0	2.00348e-05	0.000181008	0.0	0.0	0.0	0.00010221500000000001	0.0	0.0	0.0437494	0.000749155	0.0	0.0	0.0	0.00012724900000000001	0.000404954	0.000107106	0.0	0.000281321	0.08582089999999999	0.0	0.0	0.0	0.0	0.0	0.0010792	0.0	0.000432193	0.0	0.0	0.0009033660000000001	0.000233061	2.34514e-05	0.0871387	0.0	0.000119556	0.000168494	0.0	0.000634357	0.0	0.0	0.00822349	0.00015061399999999998	0.0	0.0	0.0	0.0	5.2147e-05	0.0	0.0	0.000133537	0.130781	0.0	0.0	0.00035901	0.0	0.0	5.6697700000000004e-05	5.7206799999999996e-05	0.000490724	2.9133499999999998e-05	0.0	0.0	0.00284795	0.163686	0.0	0.00169836	0.0418011	0.0425608	0.00019122800000000002	0.00048354100000000004	0.0	0.0	0.0	0.0	0.0	0.00055328	0.0	0.0	0.0	0.0
Sor-CPnd_028-Ex1-3A-lcwgs-1-3	0.00174228	0.0745553	0.0	0.00964798	0.0	0.0	0.0	0.0	0.0	0.0	0.0	0.000513619	0.0	0.0005035479999999999	0.000533761	0.000171206	0.0753912	0.0392566	0.0	0.0	7.049669999999999e-05	1.0071e-05	0.0810712	0.0	0.000352484	0.08657	8.05677e-05	0.0	0.0	0.000322271	0.00213504	0.000171206	0.0	0.00019141200000000002	0.042410800000000005	0.000403357	0.0830521	1.00975e-05	0.0	0.0	0.0	0.0	0.0	0.000193164	0.0	0.0	0.0	0.0	0.0	0.0	8.246209999999999e-05	3.09985e-05	0.0	4.15444e-05	0.0	3.13324e-05	0.00155022	0.00170206	0.0	0.0	0.126887	0.0	0.0860928	0.000171519	5.37983e-05	0.0	8.673800000000001e-05	3.26565e-05	0.07514359999999999	0.0	0.0	0.00043175700000000006	0.0	1.11712e-05	0.0	4.5104e-05	0.0	0.0	0.0414919	0.000701536	2.3117e-05	0.0	0.0	5.86998e-05	0.000342252	0.00021355499999999998	0.0	0.000131923	0.0846984	0.0	0.0	0.0	0.0	0.0	0.00114747	0.0	0.00045434100000000003	0.0	0.0	0.000886695	0.000206879	3.9031e-05	0.08570649999999999	0.0	7.95724e-05	0.000146835	0.0	0.0009333859999999999	0.0	0.0	0.00767625	0.000194637	5.60075e-05	1.41018e-05	4.26121e-05	0.0	5.76557e-05	0.0	0.0	0.000147437	0.128178	0.0	0.0	0.00051724	0.0	1.54608e-05	4.67656e-05	4.71588e-05	0.000475604	4.79722e-05	0.0	0.0	0.0032344900000000005	0.165083	0.0	0.001687	0.0433611	0.0432494	0.00020842	0.000491426	0.0	0.0	0.0	0.0	0.0	0.000954223	0.0	0.0	1.9343600000000002e-05	0.0
Sor-CPnd_029-Ex1-8E-lcwgs-1-3	0.00230232	0.07496420000000001	0.0	0.00916429	0.0	0.0	0.0	0.0	0.0	0.0	0.0	0.000554957	0.0	0.000562457	0.00065245	0.00025498000000000003	0.0778965	0.039027	0.0	0.0	5.24959e-05	2.99977e-05	0.0811062	0.0	0.00038247	0.0854559	0.000119991	0.0	0.0	0.0004949619999999999	0.00228732	0.00012749000000000001	0.0	0.00032276600000000005	0.041983400000000004	0.000601985	0.0828986	1.51014e-05	0.0	0.0	7.603570000000001e-06	0.0	0.0	0.000253232	0.0	0.0	0.0	0.0	0.0	0.0	0.000173845	3.97041e-05	1.59622e-05	7.22027e-05	0.0	4.86595e-05	0.0017697400000000001	0.00205057	0.0	3.31984e-05	0.126338	1.68029e-05	0.0854981	0.000204203	7.70747e-05	0.0	0.00016488	8.73679e-06	0.0776186	0.0	0.0	0.000359447	0.0	0.0	0.0	9.254140000000001e-05	0.0	0.0	0.0432635	0.000791762	9.61285e-06	0.0	9.76248e-06	6.88653e-05	0.00047588000000000003	0.000139882	1.00691e-05	0.000223257	0.0843309	0.0	0.0	0.0	0.0	0.0	0.0012433099999999999	0.0	0.000533575	0.0	0.0	0.000881164	0.00029237	4.5345799999999995e-05	0.0850408	1.15225e-05	9.29433e-05	0.000328016	0.0	0.000857667	0.0	0.0	0.007111319999999999	0.000295778	3.72939e-05	2.5080600000000002e-05	0.0	0.0	3.86313e-05	0.0	0.0	9.261930000000001e-05	0.128102	0.0	0.0	0.000535583	0.0	0.0	2.82663e-05	2.85412e-05	0.000446778	8.73388e-05	0.0	0.0	0.00258206	0.168461	0.0	0.00168886	0.0413988	0.0392824	0.00019228399999999998	0.00060004	0.0	0.0	0.0	1.7046999999999998e-05	0.0	0.000802927	5.29789e-05	0.0	0.0	0.0
Sor-CPnd_030-Ex1-2H-lcwgs-1-3	0.00235652	0.07669089999999999	0.0	0.009923010000000001	0.0	0.0	0.0	0.0	0.0	0.0	0.0	0.00046489100000000005	0.0	0.000577106	0.000737413	0.000240461	0.07752450000000001	0.0397722	0.0	0.0	4.80921e-05	1.6030700000000002e-05	0.0845139	0.0	0.000352676	0.0842414	0.000128246	0.0	0.0	0.000577106	0.00261301	0.000128246	0.0	0.000336944	0.0419084	0.0004986319999999999	0.0827759	0.0	0.0	0.0	0.0	0.0	3.27009e-05	0.000213281	0.0	0.0	0.0	0.0	0.0	0.0	0.000304728	3.4045000000000004e-05	1.71208e-05	5.16709e-05	0.0	3.48896e-05	0.00193176	0.00254636	0.0	1.79383e-05	0.127728	0.0	0.08479149999999999	0.000166558	3.73222e-05	0.0	0.000189869	3.8313600000000005e-05	0.07754040000000001	0.0	0.0	0.00043751	0.0	0.0	0.0	0.000124186	0.0	0.0	0.0439996	0.0007124330000000001	2.18242e-05	0.0	0.0	0.0	0.000524756	0.000184613	2.33422e-05	0.000448621	0.0859201	0.0	0.0	0.0	0.0	0.0	0.0016415000000000002	0.0	0.0008933559999999999	0.0	0.0	0.00106306	0.000248355	5.58807e-05	0.0809723	0.0	8.70255e-05	0.000205652	0.0	0.00108479	0.0	0.0	0.008173620000000001	0.00022206700000000003	0.0	3.25594e-05	3.2988900000000005e-05	0.0	0.0	0.0	0.0	0.000141016	0.124092	0.0	0.0	0.00040930100000000004	0.0	0.0	3.8766799999999996e-05	3.93036e-05	0.000318844	8.08346e-05	0.0	0.0	0.00303611	0.168111	0.0	0.00154054	0.041670900000000004	0.0434797	0.000184153	0.000467634	0.0	0.0	0.0	0.0	0.0	0.0009769260000000001	0.0	0.0	0.0	0.0
Sor-CPnd_031-Ex1-5D-lcwgs-1-3	0.0021868499999999997	0.075726	0.0	0.00943396	0.0	0.0	0.0	0.0	0.0	0.0	0.0	0.000381427	0.0	0.000525522	0.000737425	0.00011866599999999999	0.080515	0.0391598	0.0	0.0	0.00011019	1.69523e-05	0.08315109999999999	0.0	0.000372951	0.0850921	8.47615e-06	0.0	0.0	0.000567902	0.0022631300000000003	0.00021190399999999998	0.0	0.000288388	0.041505	0.000620392	0.0830777	8.52197e-06	0.0	0.0	1.71397e-05	0.0	8.61105e-06	0.000129517	0.0	0.0	0.0	0.0	0.0	0.0	0.000221286	3.5556700000000005e-05	6.2496e-05	3.58759e-05	0.0	6.33869e-05	0.0017017700000000002	0.0023141399999999997	0.0	2.77295e-05	0.127194	9.34531e-06	0.0861893	0.00017960100000000002	5.70499e-05	0.0	0.000134746	4.8424400000000003e-05	0.0805076	0.0	0.0	0.000298169	0.0	0.0	0.0	8.17249e-05	0.0	0.0	0.0416396	0.0008094430000000001	1.05897e-05	0.0	0.0	4.33086e-05	0.000469041	0.000208798	1.10719e-05	0.00022309	0.0827833	0.0	0.0	0.0	0.0	0.0	0.00117667	0.0	0.000442234	0.0	0.0	0.00110163	0.00032079	1.24379e-05	0.08438999999999999	0.0	0.00011472299999999999	0.000308474	0.0	0.0009933160000000002	0.0	0.0	0.00816567	6.76238e-05	4.09324e-05	0.0	2.77731e-05	0.0	0.0	0.0	0.0	0.00015980199999999999	0.129028	0.0	0.0	0.0005731649999999999	0.0	0.0	3.10535e-05	6.27181e-05	0.000554197	1.59931e-05	0.0	0.0	0.00265546	0.16361699999999998	0.0	0.0016680500000000001	0.0447388	0.0422446	0.000158387	0.000587639	0.0	0.0	3.6984300000000004e-05	0.0	0.0	0.000995236	3.87226e-05	0.0	1.98706e-05	0.0
Sor-CPnd_033-Ex1-2F-lcwgs-1-3	0.00241392	0.0782901	0.0	0.00909864	0.0	0.0	0.0	0.0	0.0	0.0	2.32108e-05	0.0005570589999999999	0.0	0.0005570589999999999	0.000719535	0.000255319	0.0797988	0.0401779	0.0	0.0	0.000116054	4.64216e-05	0.0833732	0.0	0.00027853	0.0874119	0.000116054	0.0	0.0	0.000533849	0.00264603	0.000232108	0.0	0.000348341	0.043664	0.000488393	0.0827084	2.33037e-05	0.0	0.0	0.0	0.0	0.0	0.000141214	0.0	0.0	0.0	0.0	0.0	0.0	0.000263956	7.22413e-05	0.0	7.27783e-05	0.0	7.33646e-05	0.00169465	0.00202286	0.0	0.0	0.12621	0.0	0.0891644	0.000203338	5.11173e-05	0.0	2.5855499999999997e-05	0.0	0.0804356	0.0	0.0	0.00032035	0.0	0.0	0.0	0.00016481900000000002	0.0	0.0	0.0414618	0.000736767	0.0	0.0	0.0	0.00014646399999999999	0.00047272600000000003	0.00023843300000000003	0.0	0.000212399	0.08604310000000001	0.0	0.0	0.0	0.0	0.0	0.0016543	0.0	0.000761352	0.0	0.0	0.0010587	0.000276172	6.979000000000001e-05	0.0878463	0.0	0.000180343	0.00025535499999999997	0.0	0.00130636	0.0	0.0	0.00742514	0.000195708	0.0	0.000160428	0.0	0.0	8.32815e-05	0.0	0.0	0.000129819	0.133398	0.0	0.0	0.000638798	0.0	0.0	0.0	9.64044e-05	0.000684393	9.91609e-05	0.0	0.0	0.00232995	0.160411	0.0	0.000974016	0.0452672	0.043464699999999995	0.00034009400000000004	0.000748856	0.0	0.0	0.0	6.15751e-05	0.0	0.000763226	6.46034e-05	0.0	0.0	0.0
Sor-CPnd_034-Ex1-4G-lcwgs-1-3	0.00254287	0.0731393	0.0	0.00988541	0.0	0.0	0.0	0.0	0.0	0.0	0.0	0.00034964500000000004	0.0	0.0007946470000000001	0.000762861	0.00015892899999999998	0.0831201	0.0405588	0.0	0.0	0.00012714400000000001	6.35718e-05	0.0856312	0.0	0.0005721459999999999	0.0854722	3.17859e-05	0.0	0.0	0.000731075	0.00244751	0.00012714400000000001	0.0	0.00038209	0.0409074	0.000703809	0.08249680000000001	6.439259999999999e-05	0.0	0.0	0.0	0.0	0.0	0.00046409099999999997	0.0	0.0	0.0	0.0	0.0	0.0	0.000174528	3.52053e-05	0.0	7.16852e-05	0.0	0.0	0.0016969300000000001	0.00290607	0.0	0.0	0.12613	0.0	0.0877486	7.93807e-05	8.02607e-05	0.0	0.000205198	0.0	0.08175790000000001	0.0	0.0	0.000565503	0.0	0.0	0.0	0.00018262	0.0	0.0	0.0393599	0.000767326	0.0	0.0	0.0	0.00015119300000000001	0.00030618	0.000413325	0.0	0.00021182599999999997	0.0876098	0.0	0.0	0.0	0.0	0.0	0.0011552	0.0	0.000296009	0.0	0.0	0.00110615	0.000311093	0.0	0.0848504	0.0	0.0	0.00013249800000000002	0.0	0.000951082	0.0	0.0	0.010303699999999999	7.1486e-05	0.0	0.000146738	7.43255e-05	0.0	0.0	0.0	0.0	7.93435e-05	0.121639	0.0	0.0	0.000167354	0.0	0.0	0.0	0.0	0.00044774800000000004	0.0	0.0	0.0	0.00302886	0.16777999999999998	0.0	0.00286376	0.0431765	0.039246	0.000103228	0.000629156	0.0	0.0	0.0	0.0	0.0	0.000460613	0.0	0.0	0.0	0.0
Sor-CPnd_036-Ex1-5C-lcwgs-1-3	0.0025598	0.07406360000000001	0.0	0.00944567	8.53267e-06	0.0	0.0	0.0	0.0	0.0	8.53267e-06	0.00047782999999999994	0.0	0.0005290259999999999	0.000759408	0.000145055	0.0780057	0.0389687	0.0	0.0	0.000119457	8.53267e-05	0.08113719999999999	0.0	0.000341307	0.0861373	8.53267e-06	0.0	0.0	0.00060582	0.00223556	0.000179186	0.0	0.000392854	0.0422272	0.000804805	0.0834829	3.43749e-05	0.0	0.0	8.66156e-06	0.0	2.61655e-05	0.000253939	0.0	0.0	0.0	0.0	0.0	0.0	0.000199854	7.313170000000001e-05	4.60082e-05	8.33714e-05	0.0	8.45575e-05	0.0016656499999999999	0.00207859	0.0	2.90498e-05	0.127221	0.0	0.08627599999999999	0.000170046	9.079e-05	0.0	0.000184726	2.07053e-05	0.0778342	0.0	1.06345e-05	0.000364892	0.0	0.0	0.0	0.00013372000000000001	0.0	0.0	0.0436555	0.000637052	0.0	0.0	0.0	4.8195900000000004e-05	0.00038941999999999997	0.00028269	0.0	0.000188073	0.08440249999999999	0.0	0.0	0.0	0.0	0.0	0.00138555	0.0	0.000562934	0.0	0.0	0.000977146	0.000271849	7.22799e-05	0.0837745	4.4284e-05	0.000134253	0.000195985	0.0	0.0008316010000000001	0.0	0.0	0.00757107	4.82345e-05	0.0	1.6432500000000002e-05	0.0	0.0	5.0955099999999996e-05	0.0	0.0	0.000210791	0.12868000000000002	0.0	0.0	0.000459678	0.0	0.0	3.80827e-05	9.632519999999998e-05	0.000643247	7.88978e-05	0.0	0.0	0.00265812	0.168345	0.0	0.00188776	0.0439065	0.0410163	0.00011023100000000001	0.00075987	0.0	0.0	4.66833e-05	2.36401e-05	0.0	0.000728225	0.0	0.0	2.5322e-05	0.0
Sor-CPnd_037-Ex1-6C-lcwgs-1-3	0.00250883	0.07582230000000001	0.0	0.00980574	0.0	0.0	0.0	0.0	0.0	0.0	0.0	0.000639505	0.0	0.000508324	0.000573915	0.00013118	0.0746909	0.0401248	0.0	0.0	3.27951e-05	9.83853e-05	0.0802988	0.0	0.000459132	0.0862184	1.63976e-05	0.0	0.0	0.000491927	0.00218088	0.00019677100000000002	0.0	0.00031207800000000003	0.0438634	0.00047847199999999997	0.0842789	4.979e-05	0.0	0.0	0.0	0.0	1.6932299999999997e-05	0.00022121	0.0	0.0	0.0	0.0	0.0	0.0	8.85777e-05	3.56573e-05	0.0	5.4193099999999994e-05	0.0	1.83073e-05	0.00140086	0.00209722	0.0	3.76409e-05	0.128948	1.90855e-05	0.0861514	0.000271035	7.799739999999999e-05	0.0	9.89279e-05	1.99309e-05	0.0740064	0.0	0.0	0.000328482	0.0	0.0	0.0	4.2327400000000004e-05	0.0	0.0	0.0436282	0.000872828	0.0	0.0	0.0	2.2499999999999998e-05	0.000498783	0.00011423600000000001	0.0	0.000185602	0.08556230000000001	0.0	0.0	0.0	0.0	0.0	0.0014929000000000001	0.0	0.000571594	0.0	0.0	0.000559653	0.00038455699999999994	5.1681800000000004e-05	0.0836654	2.6254799999999998e-05	0.000185247	0.000266766	0.0	0.000731994	0.0	0.0	0.00819461	8.40198e-05	8.471930000000001e-05	0.0	5.74335e-05	0.0	0.000116836	0.0	0.0	0.000119868	0.127775	0.0	0.0	0.00046561000000000004	0.0	0.0	6.379919999999999e-05	0.0	0.0007798299999999999	6.55958e-05	0.0	0.0	0.00209277	0.166023	0.0	0.00180782	0.0429891	0.0427276	0.00021523699999999999	0.00025393	0.0	0.0	7.521680000000001e-05	3.79994e-05	0.0	0.000582559	3.92571e-05	0.0	4.02352e-05	0.0
Sor-CPnd_038-Ex1-2A-lcwgs-1-3	0.0018612799999999999	0.0768371	0.0	0.00942857	0.0	0.0	0.0	0.0	0.0	0.0	0.0	0.000409625	0.0	0.000344948	0.00056054	0.000150915	0.0788636	0.0387922	0.0	0.0	4.31184e-05	2.15592e-05	0.0811848	0.0	0.00038088	0.0851517	7.18641e-05	0.0	0.0	0.00043118400000000004	0.00194752	0.000150915	0.0	0.000237209	0.041481	0.00035245599999999996	0.0825331	0.0	0.0	0.0	7.21462e-06	0.0	0.0	0.00014469399999999998	0.0	0.0	0.0	0.0	0.0	0.0	0.00011687399999999999	1.46341e-05	7.3301500000000005e-06	1.46876e-05	0.0	2.2118e-05	0.0014480200000000002	0.00188044	0.0	1.48721e-05	0.128358	1.49417e-05	0.08633389999999999	0.000150158	5.26923e-05	0.0	9.8387e-05	1.5178900000000001e-05	0.0785419	7.6339e-06	0.0	0.000268831	0.0	0.0	0.0	5.4479e-05	0.0	0.0	0.042861800000000005	0.000702473	0.0	0.0	7.98056e-06	8.01036e-05	0.00049049	0.000129146	0.0	0.000268427	0.0854162	0.0	0.0	0.0	0.0	0.0	0.00122156	0.0	0.000371294	0.0	0.0	0.0008465720000000001	0.000292058	7.76666e-05	0.0843358	8.71157e-06	0.00013130500000000002	0.000211127	0.0	0.0009063119999999999	0.0	0.0	0.00744597	0.00025407500000000004	9.12375e-06	1.83486e-05	1.8453e-05	0.0	0.0	0.0	0.0	7.60232e-05	0.12726300000000001	0.0	0.0	0.000536042	0.0	0.0	1.98868e-05	8.00962e-05	0.000423477	5.07752e-05	0.0	0.0	0.00288622	0.16816699999999998	0.0	0.00171062	0.0427356	0.041935	0.000185177	0.000494651	0.0	1.1223900000000001e-05	0.0	0.0	0.0	0.000651239	1.17327e-05	0.0	2.39566e-05	0.0
Sor-CPnd_041-Ex1-7A-lcwgs-1-3	0.00186133	0.0740973	0.0	0.00962758	0.0	0.0	0.0	0.0	0.0	0.0	0.0	0.000460957	0.0	0.00046679200000000005	0.000565985	9.91932e-05	0.07790749999999999	0.0382652	0.0	0.0	5.2514100000000006e-05	2.33396e-05	0.082237	0.0	0.000338424	0.0851836	1.16698e-05	0.0	0.0	0.000408443	0.00191968	0.00019255200000000002	0.0	0.00032688	0.0423168	0.00048502800000000003	0.084103	1.75604e-05	0.0	0.0	5.87397e-06	0.0	5.8919e-06	0.000194771	0.0	0.0	0.0	0.0	0.0	5.9824099999999995e-06	0.00017395	3.0074399999999998e-05	1.20643e-05	4.8400000000000004e-05	0.0	3.6527300000000005e-05	0.0014169699999999998	0.00199161	0.0	6.17014e-06	0.128126	0.0	0.0894307	0.000194093	9.427940000000001e-05	0.0	8.237e-05	6.362430000000001e-06	0.07792120000000001	0.0	0.0	0.000330294	0.0	0.0	0.0	0.00010567	0.0	0.0	0.043101	0.000748656	0.0	0.0	1.37143e-05	4.1374699999999995e-05	0.000367548	0.000195282	7.01423e-06	0.00021164000000000003	0.085859	0.0	0.0	0.0	0.0	0.0	0.00120696	0.0	0.0005219329999999999	0.0	0.0	0.00107311	0.000314283	9.26683e-05	0.08487320000000001	2.3522999999999998e-05	8.69347e-05	0.00023901000000000003	0.0	0.000996418	0.0	0.0	0.008516409999999999	6.71519e-05	8.47323e-06	2.5664800000000002e-05	6.04766e-05	0.0	7.05336e-05	0.0	0.0	0.000100147	0.128297	0.0	0.0	0.000572079	0.0	0.0	5.93617e-05	6.0126e-05	0.000639575	8.23085e-05	0.0	0.0	0.00262764	0.165026	0.0	0.00182609	0.042957800000000004	0.0405425	0.000117352	0.000441324	0.0	1.2354300000000001e-05	2.5127899999999997e-05	1.2774e-05	0.0	0.0008598760000000001	1.346e-05	0.0	4.19056e-05	0.0
Sor-CPnd_043-Ex1-1D-lcwgs-1-3	0.00193375	0.07593050000000001	0.0	0.00939102	0.0	0.0	0.0	0.0	0.0	0.0	0.0	0.000555438	0.0	0.00040114999999999997	0.000555438	0.000185146	0.07907800000000001	0.0392201	0.0	0.0	4.11436e-05	4.11436e-05	0.0839741	0.0	0.00028800500000000003	0.0841901	9.25731e-05	0.0	0.0	0.00040114999999999997	0.00232461	0.00015428799999999998	0.0	0.000298455	0.0418022	0.000463831	0.08319259999999999	1.0330100000000001e-05	0.0	0.0	1.03771e-05	0.0	0.0	0.000146192	0.0	0.0	0.0	0.0	0.0	0.0	0.000149352	2.14149e-05	3.22468e-05	5.3961899999999996e-05	0.0	4.35362e-05	0.00159617	0.0019549	0.0	0.0	0.125907	0.0	0.08589719999999999	0.00022631699999999997	6.826589999999999e-05	0.0	0.00011506	2.3146100000000002e-05	0.078954	0.0	0.0	0.000248979	0.0	0.0	0.0	6.0836400000000006e-05	0.0	0.0	0.0424827	0.00056269	0.0	0.0	0.0	0.000141504	0.000349842	0.000117461	1.3146e-05	0.000211883	0.08184419999999999	0.0	0.0	0.0	0.0	0.0	0.00127001	0.0	0.0005953229999999999	0.0	0.0	0.00105947	0.000277965	2.9497899999999998e-05	0.08347349999999999	0.0	0.00010581300000000001	0.000167675	0.0	0.0008525890000000001	0.0	0.0	0.007587469999999999	0.00019256299999999998	3.23799e-05	4.9004e-05	3.29653e-05	0.0	3.35682e-05	0.0	0.0	0.000120799	0.13087000000000001	0.0	0.0	0.000502074	0.0	0.0	3.6944e-05	5.59805e-05	0.00045244999999999997	1.90483e-05	0.0	0.0	0.0025748299999999997	0.165025	0.0	0.00136001	0.042796400000000005	0.039655300000000004	0.00014705800000000001	0.0004890890000000001	0.0	0.0	0.0	0.0	0.0	0.000847731	0.0	0.0	2.38081e-05	0.0
Sor-CPnd_044-Ex1-8G-lcwgs-1-3	0.00226093	0.0758032	0.0	0.00962445	0.0	0.0	0.0	0.0	0.0	0.0	0.0	0.000356174	0.0	0.000596205	0.000603948	0.00020131599999999997	0.07858290000000001	0.039155999999999996	0.0	0.0	8.51722e-05	6.19434e-05	0.08328289999999999	0.0	0.000332946	0.0854277	0.000108401	0.0	0.0	0.000441347	0.00253968	0.00018583	0.0	0.00027919	0.043475700000000006	0.000607554	0.0850887	1.56712e-05	0.0	0.0	1.5858e-05	0.0	8.00676e-06	0.000273732	0.0	0.0	0.0	0.0	0.0	0.0	0.000253189	0.000102051	2.5714900000000003e-05	0.000129613	0.0	1.7572e-05	0.00172795	0.0020916	0.0	3.63915e-05	0.125721	9.26324e-06	0.0860662	0.000141557	0.000104795	0.0	0.000145666	4.90276e-05	0.0778381	0.0	1.00999e-05	0.000316248	0.0	0.0	0.0	7.43898e-05	0.0	0.0	0.0417172	0.0006093359999999999	2.23897e-05	0.0	1.14331e-05	0.000127087	0.000361962	0.000200587	0.0	0.00018073400000000002	0.0841083	0.0	0.0	0.0	0.0	0.0	0.0014656	0.0	0.000582905	0.0	0.0	0.00120376	0.000387168	4.19331e-05	0.0835732	1.4282700000000001e-05	2.8878000000000004e-05	0.00023357100000000002	0.0	0.0009550590000000001	0.0	0.0	0.00848578	0.00031204700000000003	0.0	1.59566e-05	1.6138599999999998e-05	0.0	6.605140000000001e-05	0.0	0.0	0.00010257199999999999	0.12687600000000002	0.0	0.0	0.000537573	0.0	0.0	9.28685e-05	0.0	0.00030444399999999996	1.92643e-05	0.0	0.0	0.00267984	0.16739400000000002	0.0	0.0017245199999999998	0.0427107	0.0388298	0.000216292	0.000526444	0.0	0.0	0.0	0.0	0.0	0.0008366090000000001	0.0	0.0	0.0	0.0
Sor-CPnd_045-Ex1-7B-lcwgs-1-3	0.00156245	0.07430969999999999	0.0	0.00924731	0.0	0.0	0.0	0.0	0.0	0.0	0.0	0.000416087	0.0	0.00043306999999999997	0.0005094940000000001	6.79325e-05	0.0779441	0.0385008	0.0	0.0	4.24578e-05	8.491559999999999e-06	0.0821559	0.0	0.000399104	0.0850685	0.0	0.0	0.0	0.000407595	0.00167284	6.79325e-05	0.0	0.000220974	0.0419527	0.00042594299999999997	0.0828663	8.54583e-06	0.0	0.0	0.0	0.0	0.0	0.000181959	0.0	0.0	0.0	0.0	0.0	0.0	0.000150718	5.3390299999999996e-05	1.7863100000000002e-05	6.27567e-05	0.0	1.80702e-05	0.00107033	0.0018213600000000002	0.0	0.0	0.12520599999999998	0.0	0.0861716	0.000168039	1.87518e-05	0.0	0.000104039	2.8500799999999997e-05	0.0772887	0.0	9.6302e-06	0.000222528	0.0	0.0	0.0	8.87473e-05	0.0	0.0	0.042831	0.000764106	1.01034e-05	0.0	0.0	6.15235e-05	0.000288528	0.00010355399999999999	1.04064e-05	0.00014640699999999998	0.085206	0.0	0.0	0.0	0.0	0.0	0.00100684	0.0	0.000426523	0.0	0.0	0.000821887	0.000223304	2.24502e-05	0.0843451	0.0	6.84487e-05	0.000172072	1.1536e-05	0.0007541199999999999	0.0	0.0	0.00758955	8.3112e-05	2.38863e-05	1.20147e-05	0.0	0.0	1.22383e-05	0.0	0.0	7.48437e-05	0.13051200000000002	0.0	0.0	0.000397052	0.0	0.0	5.23085e-05	2.63406e-05	0.000451004	5.34461e-05	0.0	0.0	0.00267819	0.165271	0.0	0.00159414	0.0415745	0.0391959	0.000114719	0.000217051	0.0	0.0	2.98151e-05	0.0	0.0	0.000612118	1.54369e-05	0.0	1.57514e-05	0.0
Sor-CPnd_046-Ex1-5A-lcwgs-1-3	0.0019675599999999997	0.0743788	0.0	0.00926822	0.0	0.0	0.0	0.0	0.0	0.0	0.0	0.00041422199999999995	0.0	0.000440111	0.000595444	5.17778e-05	0.0776149	0.0372023	0.0	0.0	2.58889e-05	0.000155333	0.0843719	0.0	0.00038833300000000004	0.0863912	0.0	0.0	0.0	0.000491889	0.00181222	0.00020711099999999998	0.0	0.00031092900000000004	0.0419425	0.000623354	0.0824952	0.0	0.0	0.0	2.6252499999999996e-05	0.0	0.0	0.000212083	0.0	0.0	0.0	0.0	0.0	0.0	8.21086e-05	2.7519600000000003e-05	0.0	5.5664e-05	0.0	0.00011267200000000001	0.00164381	0.00225326	0.0	2.88967e-05	0.12706099999999998	0.0	0.0853337	0.00011877099999999999	2.9900800000000003e-05	0.0	0.000212353	0.0	0.0771254	0.0	0.0	0.000220525	0.0	0.0	0.0	6.50453e-05	0.0	0.0	0.041602400000000005	0.0006050420000000001	0.0	0.0	0.0	3.47583e-05	0.000420595	0.00010605	0.0	0.000287595	0.0835978	0.0	0.0	0.0	0.0	0.0	0.0012589600000000002	0.0	0.000698654	0.0	0.0	0.0008767530000000001	0.00044230200000000005	4.05716e-05	0.0812655	0.0	4.16993e-05	0.000294632	0.0	0.000686312	0.0	0.0	0.00746223	0.000133775	0.0	0.0	0.0	0.0	0.0	0.0	0.0	0.00024205899999999998	0.125962	0.0	0.0	0.000505859	0.0	0.0	5.2336699999999996e-05	0.0	0.0008035109999999999	0.0	0.0	0.0	0.00297768	0.168304	0.0	0.0015745800000000001	0.043766299999999994	0.04351	0.000121292	0.00043041799999999996	0.0	0.0	0.0	6.50979e-05	0.0	0.00060223	0.0	0.0	0.0	0.0
Sor-CPnd_049-Ex1-3B-lcwgs-1-3	0.0026859699999999998	0.07453549999999999	0.0	0.0100017	0.0	0.0	0.0	0.0	0.0	0.0	0.0	0.000530125	0.0	0.0004947829999999999	0.00042409999999999995	0.000176708	0.0757725	0.037638899999999996	0.0	0.0	7.068330000000001e-05	0.0	0.0834416	0.0	0.000176708	0.0886015	0.0	0.0	0.0	0.00042409999999999995	0.00236789	0.00010602499999999999	0.0	0.000176875	0.041329399999999995	0.000354646	0.0868188	3.55915e-05	0.0	0.0	0.0	0.0	0.0	0.000253443	0.0	0.0	0.0	0.0	0.0	0.0	0.00014955600000000002	0.0	0.0	0.0	0.0	7.702079999999999e-05	0.0016279200000000001	0.0021459	0.0	3.9551e-05	0.12903	0.0	0.0859423	0.00032586000000000003	4.1042100000000005e-05	0.0	0.000125077	4.2029e-05	0.0763669	0.0	0.0	0.000347789	0.0	0.0	0.0	4.5055900000000003e-05	0.0	0.0	0.043129799999999996	0.000420915	0.0	0.0	0.0	4.861130000000001e-05	0.00039275299999999997	9.91726e-05	0.0	0.000303549	0.0825911	0.0	0.0	0.0	0.0	0.0	0.00135888	0.0	0.000555018	0.0	0.0	0.0014326599999999999	0.0002896	5.8545199999999996e-05	0.0856375	0.0	6.04792e-05	6.1141e-05	0.0	0.000687448	0.0	0.0	0.00827011	6.53355e-05	0.0	6.682e-05	0.0	0.0	0.0	0.0	0.0	0.00035779999999999997	0.12895199999999998	0.0	0.0	0.000149961	0.0	0.0	7.769270000000001e-05	0.0	0.000954788	0.0	0.0	0.0	0.00225677	0.165364	0.0	0.0017359699999999999	0.0447527	0.040347	0.00027077599999999997	0.000366	0.0	0.0	0.0	0.0	0.0	0.000497162	0.0	0.0	0.0	0.0
Sor-CPnd_050-Ex1-3F-lcwgs-1-3	0.0024017400000000003	0.0760075	0.0	0.00983182	0.0	0.0	0.0	0.0	0.0	0.0	0.0	0.000531449	0.0	0.000511009	0.000715413	0.000194183	0.079186	0.0396645	0.0	0.0	8.17615e-05	6.13211e-05	0.0834376	0.0	0.000378147	0.0862686	0.00014308299999999999	0.0	0.0	0.00055189	0.00263681	0.00014308299999999999	0.0	0.000368258	0.0421099	0.0006152660000000001	0.0817957	0.0	0.0	0.0	1.03618e-05	0.0	0.0	0.00021962900000000002	0.0	0.0	0.0	0.0	0.0	0.0	0.00019404	2.1671799999999998e-05	1.08946e-05	7.66862e-05	0.0	3.32497e-05	0.00190675	0.0023786099999999998	0.0	1.1365e-05	0.128127	0.0	0.0892889	0.00017522299999999999	9.412609999999999e-05	0.0	0.00011942200000000001	3.61016e-05	0.0791915	0.0	0.0	0.000372694	0.0	0.0	0.0	0.000218445	0.0	0.0	0.041925000000000004	0.0008252730000000001	2.68632e-05	0.0	0.0	0.00012423	0.00047369	0.00019686699999999998	0.0	0.00025788300000000004	0.0838303	0.0	0.0	0.0	0.0	0.0	0.00139328	0.0	0.000577584	0.0	0.0	0.00110922	0.000211055	1.63968e-05	0.0852317	3.34603e-05	0.0001014	0.000273151	0.0	0.000888576	0.0	0.0	0.00769194	0.000345068	0.0	1.8549400000000002e-05	3.74974e-05	0.0	0.000153234	0.0	0.0	0.000197903	0.126778	0.0	0.0	0.000579514	0.0	0.0	0.00014995	6.50097e-05	0.000548113	4.43716e-05	0.0	0.0	0.0031731	0.166998	0.0	0.00157437	0.041929100000000004	0.0414409	0.000247823	0.000527488	0.0	2.5875000000000002e-05	2.62244e-05	0.0	0.0	0.00092746	5.52784e-05	0.0	2.84577e-05	0.0
Sor-CPnd_052-Ex1-6D-lcwgs-1-3	0.00280134	0.0763687	0.0	0.008993000000000001	0.0	0.0	0.0	0.0	0.0	0.0	0.0	0.000632096	0.0	0.00043097499999999995	0.000718291	7.18291e-05	0.0785236	0.039075	0.0	0.0	7.18291e-05	4.30975e-05	0.082977	0.0	0.000316048	0.08539039999999999	0.0	0.0	0.0	0.000603365	0.00252838	0.000129292	2.87316e-05	0.000244567	0.0429611	0.000548812	0.08488849999999999	2.9042900000000003e-05	0.0	0.0	0.0	0.0	0.0	0.000208526	0.0	0.0	0.0	0.0	0.0	0.0	0.000264955	6.28163e-05	1.5826399999999998e-05	6.38129e-05	0.0	6.48747e-05	0.0016521	0.00254101	0.0	1.6798600000000002e-05	0.127337	1.71122e-05	0.0890326	0.00019184199999999998	3.52191e-05	0.0	0.000107765	5.44234e-05	0.0777581	0.0	0.0	0.00024580399999999997	0.0	0.0	0.0	3.94667e-05	0.0	0.0	0.0415331	0.0007833779999999999	2.08415e-05	0.0	0.0	0.00012923	0.000435506	0.000264183	0.0	0.00020254099999999998	0.0840135	0.0	0.0	0.0	0.0	0.0	0.00162843	0.0	0.000671096	0.0	0.0	0.00084844	0.00044209999999999996	5.26095e-05	0.0836563	0.0	5.44639e-05	0.000247978	0.0	0.0010719100000000001	0.0	0.0	0.008039870000000001	0.00017755199999999998	2.99525e-05	6.06419e-05	0.0	0.0	3.1467800000000004e-05	0.0	0.0	0.000163423	0.129147	0.0	0.0	0.0005164249999999999	0.0	0.0	3.58326e-05	3.63216e-05	0.0007363760000000001	7.46617e-05	0.0	0.0	0.00264712	0.16651000000000002	0.0	0.00203169	0.044489799999999996	0.039805	0.00017	0.000604347	0.0	0.0	0.0	0.0	0.0	0.000665439	4.8276e-05	0.0	9.99161e-05	0.0
Sor-CPnd_053-Ex1-2C-lcwgs-1-3	0.0023649	0.07467069999999999	0.0	0.0092831	0.0	0.0	0.0	0.0	0.0	0.0	0.0	0.00047650899999999996	0.0	0.0005471030000000001	0.0005824	0.00019413299999999998	0.0768239	0.039920899999999995	0.0	0.0	0.00014118800000000002	0.0	0.0806712	0.0	0.00022943000000000003	0.0875541	3.5297000000000004e-05	0.0	0.0	0.000458861	0.00202958	0.000176485	0.0	0.000282562	0.0413763	0.0006723250000000001	0.0821205	1.7737699999999998e-05	0.0	0.0	0.0	0.0	0.0	0.00021539900000000002	0.0	0.0	0.0	0.0	0.0	0.0	0.00011010999999999999	5.5259799999999996e-05	0.0	0.000111384	0.0	1.87188e-05	0.00161684	0.0021149999999999997	0.0	1.9056100000000002e-05	0.12689	0.0	0.0846706	0.00027198	0.00011715900000000001	0.0	0.000197325	0.0	0.0757174	0.0	0.0	0.000263727	0.0	0.0	0.0	8.3093e-05	0.0	0.0	0.041536500000000004	0.000702701	0.0	0.0	0.0	2.18458e-05	0.000593664	0.000354115	0.0	0.000201823	0.0861642	0.0	0.0	0.0	0.0	0.0	0.0011755399999999999	0.0	0.000429194	0.0	0.0	0.0010229599999999998	0.000196272	0.0	0.0834558	0.0	7.58166e-05	0.000203709	0.0	0.0011893	0.0	0.0	0.00801814	0.000213395	0.0	2.71028e-05	0.0	0.0	2.7778500000000002e-05	0.0	0.0	0.000170938	0.126851	0.0	0.0	0.000796591	0.0	0.0	3.0311999999999997e-05	6.11908e-05	0.000741152	3.11732e-05	0.0	0.0	0.00266295	0.161841	0.0	0.00185081	0.0427744	0.042516899999999996	0.000272878	0.000551878	0.0	0.0	3.57684e-05	0.0	0.0	0.00055437	0.0	0.0	3.83037e-05	0.0
Sor-CPnd_054-Ex1-8F-lcwgs-1-3	0.0027119600000000002	0.0760992	0.0	0.008341330000000001	0.0	0.0	0.0	0.0	0.0	0.0	0.0	0.000205452	0.0	0.000698535	0.000657445	0.000205452	0.0779072	0.0410903	0.0	0.0	0.0	8.218059999999999e-05	0.0863718	0.0	0.00032872200000000004	0.08781	8.218059999999999e-05	0.0	0.0	0.00036981300000000003	0.00304068	0.000123271	0.0	0.000659358	0.0418499	0.0007890029999999999	0.0825416	8.39096e-05	0.0	0.0	0.0	0.0	0.0	0.00035064899999999997	0.0	0.0	0.0	0.0	0.0	0.0	0.00014096899999999998	4.75051e-05	0.0	9.71679e-05	0.0	0.0	0.00231378	0.00269754	0.0	5.2111400000000004e-05	0.12831299999999998	0.0	0.0886276	5.4674400000000006e-05	0.000166052	0.0	0.000340298	0.0	0.0784879	0.0	0.0	0.000362193	0.0	0.0	0.0	6.34911e-05	0.0	0.0	0.0426717	0.0010018400000000002	0.0	0.0	0.0	7.027300000000001e-05	0.000640521	0.000432359	0.0	0.00044333999999999997	0.0844806	0.0	0.0	0.0	0.0	0.0	0.00161332	0.0	0.000909721	0.0	0.0	0.0012016	0.00043447799999999997	0.0	0.0821636	0.0	0.000365515	9.25205e-05	0.0	0.00170836	0.0	0.0	0.00916964	0.000299621	0.0	0.0	0.0	0.0	0.0	0.0	0.0	0.00011080100000000001	0.130909	0.0	0.0	0.00105166	0.0	0.0	0.0	0.0	0.000625434	0.0	0.0	0.0	0.00317441	0.16808800000000002	0.0	0.0022078799999999997	0.0411616	0.0443211	0.000432719	0.0008786569999999999	0.0	0.0	0.0	0.0	0.0	0.000643033	0.0	0.0	0.0	0.0
Sor-CPnd_055-Ex1-7G-lcwgs-1-3	0.00218637	0.075691	0.0	0.00944937	0.0	0.0	0.0	0.0	0.0	0.0	0.0	0.000522595	0.0	0.0006612429999999999	0.00079989	8.532159999999999e-05	0.0793171	0.0401438	0.0	0.0	9.598680000000001e-05	6.39912e-05	0.0830606	0.0	0.000341287	0.0858229	4.2660799999999996e-05	0.0	0.0	0.0006505770000000001	0.0020263900000000003	0.000138648	0.0	0.00044879800000000004	0.0439569	0.0007841060000000001	0.0823422	2.16328e-05	0.0	0.0	0.0	0.0	2.21791e-05	0.000379414	0.0	0.0	0.0	0.0	0.0	0.0	0.00029407	3.55908e-05	3.59044e-05	0.000181136	0.0	3.68993e-05	0.0016016599999999998	0.00204325	0.0	1.27805e-05	0.127375	1.30383e-05	0.0857483	0.000172991	6.72216e-05	0.0	0.000219664	1.38769e-05	0.0787423	0.0	0.0	0.0005072270000000001	0.0	0.0	0.0	0.00015153600000000002	0.0	0.0	0.041951999999999996	0.000665929	1.6036299999999998e-05	0.0	0.0	8.29817e-05	0.000285399	0.00039056000000000003	0.0	0.000138992	0.0851838	0.0	0.0	0.0	0.0	0.0	0.0013943	0.0	0.000520794	0.0	0.0	0.00111883	0.000283026	4.09148e-05	0.0867441	0.0	0.000127215	0.000321874	0.0	0.00112115	0.0	0.0	0.00768498	9.23593e-05	0.0	2.36691e-05	4.7928e-05	0.0	0.0	0.0	0.0	7.65807e-05	0.129454	0.0	0.0	0.000618202	0.0	0.0	0.0	8.50003e-05	0.000229723	5.82099e-05	0.0	0.0	0.00275933	0.161485	0.0	0.0016438599999999998	0.0424627	0.0440945	9.91054e-05	0.000637455	0.0	0.0	0.0	0.0	0.0	0.000773365	7.475650000000001e-05	0.0	0.0	0.0
Sor-CPnd_058-Ex1-2G-lcwgs-1-3	0.00253536	0.0764147	0.0	0.00972872	1.9654000000000002e-05	0.0	0.0	0.0	0.0	0.0	0.0	0.000511003	0.0	0.000786159	0.000963045	0.00029481	0.0808368	0.0403496	0.0	0.0	0.00017688600000000001	3.9308000000000004e-05	0.0847283	0.0	0.000511003	0.08706710000000001	9.826989999999999e-05	0.0	0.0	0.0007075429999999999	0.0028498300000000002	0.000137578	0.0	0.00021635499999999997	0.0444322	0.0007095020000000001	0.0806361	1.97657e-05	0.0	0.0	0.0	0.0	1.99852e-05	0.000380836	0.0	0.0	0.0	0.0	0.0	0.0	0.000123653	6.21319e-05	6.24553e-05	0.00010466	0.0	4.23526e-05	0.0018537199999999999	0.00276613	0.0	4.34612e-05	0.128626	0.0	0.08917019999999999	0.000156628	6.76607e-05	0.0	0.00020637	2.3125799999999998e-05	0.0800748	0.0	0.0	0.00038383400000000005	0.0	0.0	0.0	0.00029961800000000003	0.0	0.0	0.0418144	0.000938311	2.63573e-05	0.0	2.6967400000000002e-05	5.4572799999999994e-05	0.000386528	0.00036321899999999997	0.0	0.000257682	0.0843912	0.0	0.0	0.0	0.0	0.0	0.00137802	0.0	0.0006110660000000001	0.0	0.0	0.00144097	0.000339759	0.000137807	0.0816448	3.5432499999999997e-05	7.18803e-05	0.00029167500000000003	0.0	0.0012006200000000001	0.0	0.0	0.008546380000000001	0.000159135	4.0377400000000004e-05	4.0989000000000003e-05	4.16092e-05	0.0	4.28841e-05	0.0	0.0	8.98137e-05	0.13542300000000002	0.0	0.0	0.0008119089999999999	0.0	0.0	0.0	5.08778e-05	0.000672112	5.2540900000000004e-05	0.0	0.0	0.00397257	0.16787200000000002	0.0	0.00237654	0.042974700000000005	0.0391597	0.000183112	0.0006836860000000001	0.0	0.0	6.57433e-05	0.0	0.0	0.000900697	7.050329999999999e-05	0.0	0.0	0.0
Sor-CPnd_063-Ex1-7D-lcwgs-1-3	0.00228276	0.07430289999999999	0.0	0.00941402	0.0	0.0	0.0	0.0	0.0	0.0	0.0	0.00042448000000000003	0.0	0.000547108	0.000698034	6.60302e-05	0.0788118	0.0396936	0.0	0.0	6.60302e-05	5.6597299999999994e-05	0.0828868	0.0	0.000367883	0.08565060000000001	0.0	0.0	0.0	0.000584839	0.00223559	0.00019809099999999998	0.0	0.00033069	0.0435972	0.0005979210000000001	0.0834538	3.81964e-05	0.0	0.0	9.667560000000001e-06	0.0	2.92996e-05	0.000216094	0.0	0.0	0.0	0.0	0.0	2.04817e-05	0.00022709000000000002	9.366419999999999e-05	7.34584e-05	9.52645e-05	0.0	6.46487e-05	0.00143532	0.00177787	0.0	0.0	0.12647999999999998	0.0	0.0862101	0.000174495	5.8754899999999995e-05	0.0	0.00015594	1.21217e-05	0.0783027	0.0	0.0	0.00032895099999999996	0.0	0.0	0.0	7.93347e-05	0.0	0.0	0.0419678	0.0008713210000000001	2.79748e-05	0.0	0.0	0.000144731	0.000263486	0.00017765400000000002	0.0	0.000136279	0.0851607	0.0	0.0	0.0	0.0	0.0	0.0015747600000000001	0.0	0.000755341	0.0	0.0	0.00111205	0.000263715	1.77879e-05	0.0866223	0.0	3.68569e-05	0.000186475	0.0	0.0009356789999999999	0.0	0.0	0.007681199999999999	4.00753e-05	4.0562800000000004e-05	6.159e-05	4.1567400000000005e-05	0.0	4.26098e-05	0.0	0.0	0.000176938	0.13396	0.0	0.0	0.00053522	0.0	0.0	9.67812e-05	0.0	0.000695482	2.51709e-05	0.0	0.0	0.00290968	0.166752	0.0	0.0015571500000000002	0.0444936	0.0415665	0.00028518	0.0007237400000000001	0.0	0.0	0.0	0.0	0.0	0.000983641	0.0	0.0	3.32581e-05	0.0
Sor-CPnd_066-Ex1-8B-lcwgs-1-3	0.00107686	0.06999559999999999	0.0	0.00538428	0.0	0.0	0.0	0.0	0.0	0.0	0.0	0.00107686	0.0	0.00107686	0.00107686	0.0	0.0638934	0.0376899	0.0	0.0	0.0	0.000358952	0.0979938	0.0	0.000717903	0.106968	0.0	0.0	0.0	0.000717903	0.00143581	0.0	0.0	0.000718923	0.0464498	0.000360821	0.07089200000000001	0.0	0.0	0.0	0.0	0.0	0.0	0.000742294	0.0	0.0	0.0	0.0	0.0	0.0	0.0	0.00038760300000000004	0.0	0.00039248	0.0	0.0	0.00200163	0.001209	0.0	0.0	0.12794	0.0	0.0846977	0.000420274	0.0	0.0	0.0	0.0	0.0640998	0.0	0.0	0.000893021	0.0	0.0	0.0	0.0	0.0	0.0	0.0476559	0.0019029000000000001	0.0	0.0	0.0	0.000491686	0.000495835	0.0	0.0	0.000508169	0.0768557	0.0	0.0	0.0	0.0	0.0	0.00107705	0.0	0.0	0.0	0.0	0.0011227799999999999	0.0	0.0	0.08356340000000001	0.0	0.0	0.0	0.0	0.00120346	0.0	0.0	0.0055617	0.0006233559999999999	0.0	0.0	0.0	0.0	0.0	0.0	0.0	0.0	0.153727	0.0	0.0	0.000697272	0.0	0.0	0.0	0.0	0.0	0.0	0.0	0.0	0.00380807	0.177768	0.0	0.00157193	0.046095000000000004	0.0489972	0.0	0.0	0.0	0.0	0.0	0.0	0.0	0.000883111	0.0	0.0	0.0	0.0
Sor-CPnd_069-Ex1-6B-lcwgs-1-3	0.00227497	0.07593559999999999	0.0	0.00939285	0.0	0.0	0.0	0.0	0.0	0.0	0.0	0.000430865	0.0	0.000568741	0.000672149	6.89383e-05	0.0770903	0.0389329	0.0	0.0	0.00012064199999999999	3.44692e-05	0.08308789999999999	0.0	0.000258519	0.0842426	0.0	0.0	0.0	0.000568741	0.0018096300000000002	0.000172346	0.0	0.00020702800000000002	0.0430817	0.0006920030000000001	0.0861155	1.73651e-05	0.0	0.0	0.0	0.0	1.7594300000000002e-05	0.00021183	0.0	0.0	0.0	0.0	0.0	0.0	0.000217742	1.82242e-05	1.83054e-05	5.5165300000000005e-05	0.0	3.71191e-05	0.0014172	0.00232333	0.0	0.0	0.128366	0.0	0.0887316	0.000250885	0.0	0.0	0.000235195	3.9401600000000006e-05	0.07668710000000001	0.0	0.0	0.00044274500000000003	0.0	0.0	0.0	6.173e-05	0.0	0.0	0.0431944	0.000631407	0.0	0.0	0.0	4.3071e-05	0.0004981850000000001	0.000261434	2.19116e-05	0.000308538	0.0874607	0.0	0.0	0.0	0.0	0.0	0.0011931300000000001	0.0	0.000603642	0.0	0.0	0.000898139	0.000380465	0.0	0.0841949	0.0	0.000121887	0.00029438500000000004	0.0	0.0007205919999999999	0.0	0.0	0.0072729000000000005	2.5512799999999997e-05	0.0	2.5859199999999998e-05	5.20737e-05	0.0	0.0	0.0	0.0	0.00013488999999999998	0.125822	0.0	0.0	0.00047244400000000003	0.0	0.0	0.0	8.599169999999999e-05	0.000693496	0.0	0.0	0.0	0.00280687	0.163856	0.0	0.00189946	0.0422257	0.0415576	0.000157467	0.000731485	0.0	0.0	3.28418e-05	0.0	0.0	0.0008110560000000001	3.41198e-05	0.0	0.00010465000000000001	0.0
Sor-CPnd_072-Ex1-8C-lcwgs-1-3	0.0019453099999999998	0.07472820000000001	0.0	0.00894842	0.0	0.0	0.0	0.0	0.0	0.0	0.0	0.000374914	0.0	0.000466874	0.000565908	0.00018392	0.0753436	0.0379088	0.0	0.0	5.6590799999999994e-05	7.073849999999999e-06	0.07929789999999999	0.0	0.000304176	0.08323799999999999	0.000106108	0.0	0.0	0.000438579	0.00195946	9.903390000000001e-05	0.0	0.00022662399999999998	0.0408688	0.000447457	0.0844737	2.13865e-05	0.0	0.0	7.17862e-06	0.0	0.0	0.000180979	0.0	0.0	0.0	0.0	0.0	0.0	8.89586e-05	3.72046e-05	7.46903e-06	3.74879e-05	0.0	1.51127e-05	0.00154004	0.00198042	0.0	3.07167e-05	0.127531	7.74307e-06	0.0868394	0.000156175	6.273740000000001e-05	0.0	0.000150297	7.9454e-06	0.0742848	0.0	0.0	0.000307401	0.0	0.0	0.0	3.29669e-05	0.0	0.0	0.0424934	0.000587995	0.0	0.0	8.52113e-06	7.70569e-05	0.000361323	0.000155595	0.0	0.000209453	0.08475390000000001	0.0	0.0	0.0	0.0	0.0	0.0011823200000000002	0.0	0.000537687	0.0	0.0	0.000841646	0.000195197	4.67102e-05	0.0825709	9.43751e-06	7.58904e-05	0.000162101	0.0	0.000770822	0.0	0.0	0.007440540000000001	0.00019686199999999999	0.0	9.95145e-06	2.0013e-05	0.0	5.0599799999999996e-05	0.0	0.0	0.000123548	0.125053	0.0	0.0	0.00043230799999999995	0.0	0.0	4.29649e-05	4.3234999999999995e-05	0.00044599799999999997	5.47429e-05	0.0	0.0	0.00255736	0.167861	0.0	0.00140202	0.042396300000000005	0.0401668	0.00013984700000000002	0.000387688	0.0	0.0	0.0	1.2153899999999999e-05	0.0	0.0008765959999999999	1.2441099999999999e-05	0.0	1.2668499999999999e-05	0.0
