Sample	1	2	3	4	5	6	7	8	9	10	11	12	13	14	15	16	17	18	19	20	21	22	23	24	25	26	27	28	29	30	31	32	33	34	35	36	37	38	39	40	41	42	43	44	45	46	47	48	49	50	51	52	53	54	55	56	57	58	59	60	61	62	63	64	65	66	67	68	69	70	71	72	73	74	75	76	77	78	79	80	81	82	83	84	85	86	87	88	89	90	91	92	93	94	95	96	97	98	99	100	101	102	103	104	105	106	107	108	109	110	111	112	113	114	115	116	117	118	119	120	121	122	123	124	125	126	127	128	129	130	131	132	133	134	135	136	137	138	139	140	141	142	143	144	145	146	147	148	149	150
Sor-CPnd_001-Ex1-3E-lcwgs-1-3	39.5478	39.5317	39.6393	39.585	39.5032	39.1948	39.4432	38.8777	39.0797	39.2709	39.506	39.4768	39.3987	39.5499	39.481	39.6608	39.5819	39.6597	39.6264	39.6094	39.6639	39.6397	39.6232	39.5614	39.6558	39.4705	39.5664	39.5517	39.5399	39.4982	39.4983	39.509	39.4945	39.5324	39.5085	39.5234	39.4529	39.4822	39.5133	39.5067	39.4711	39.5079	39.4863	39.4292	39.4532	39.4564	39.4768	39.457	39.4465	39.4353	39.4309	39.4216	39.3954	39.4123	39.4114	39.3873	39.3692	39.3815	39.394	39.373	39.3207	39.3562	39.3363	39.364	39.3499	39.3511	39.345	39.3289	39.2953	39.3235	39.3275	39.3191	39.3153	39.324	39.3096	39.3129	39.3005	39.2815	39.2548	39.252	39.2449	39.212	39.2118	39.187	39.1525	39.1135	39.0722	39.0371	38.9721	38.9252	38.882	38.8247	38.7545	38.6934	38.624	38.5631	38.4629	38.3776	38.2824	38.1783	38.0774	37.9635	37.8103	37.7128	37.5659	37.4557	37.3591	37.2402	37.126	36.9962	36.8296	36.7126	36.5995	36.4596	36.3413	36.2259	36.0565	35.9101	35.7672	35.6301	35.4758	35.3835	35.2372	35.1116	34.9626	34.824	34.6645	34.5516	34.4312	34.3079	34.2156	34.0948	33.9439	33.8018	33.7407	33.656	33.5108	33.4116	33.3256	33.2455	33.1625	33.0392	32.9635	32.9016	32.8163	32.748	32.6429	32.5835	32.5656	32.5035
Sor-CPnd_002-Ex1-5E-lcwgs-1-3	39.5482	39.5702	39.6768	39.626	39.5598	39.2473	39.495	38.9913	39.1798	39.3543	39.5625	39.5326	39.4804	39.6051	39.5511	39.6981	39.6329	39.6958	39.6719	39.6536	39.7021	39.6724	39.655	39.6018	39.6919	39.5189	39.6053	39.5903	39.5799	39.5467	39.5478	39.5571	39.5412	39.5735	39.5476	39.56	39.4513	39.5223	39.5513	39.5467	39.5117	39.5433	39.5229	39.4435	39.4757	39.4294	39.5099	39.414	39.4166	39.4113	39.4311	39.3966	39.3884	39.394	39.3944	39.3768	39.3669	39.3993	39.3827	39.3793	39.3073	39.3487	39.3395	39.388	39.3458	39.3407	39.3348	39.3308	39.2938	39.315	39.3099	39.3046	39.3077	39.3172	39.296	39.2864	39.2556	39.2249	39.1754	39.1464	39.1065	39.0404	38.9945	38.9247	38.8343	38.7415	38.626	38.531	38.3937	38.2715	38.1605	38.0298	37.8687	37.7324	37.5594	37.4254	37.2461	37.0889	36.8813	36.7055	36.5324	36.335	36.1073	35.9309	35.7473	35.5501	35.3673	35.199	35.0057	34.8413	34.6005	34.4504	34.3065	34.0991	33.9557	33.7812	33.5987	33.4276	33.3013	33.1457	32.977	32.8936	32.74	32.6135	32.4935	32.3535	32.2255	32.1394	32.0193	31.9623	31.8708	31.789	31.6872	31.598	31.6005	31.5632	31.4625	31.4494	31.4085	31.4199	31.4144	31.3617	31.3717	31.3634	31.3849	31.4312	31.381	31.4574	31.499	31.5047
Sor-CPnd_003-Ex1-2B-lcwgs-1-3	39.6679	39.6226	39.7382	39.6784	39.5416	39.4172	39.3315	39.2065	39.1779	39.3281	39.5164	39.4878	39.4521	39.5323	39.5077	39.6673	39.6122	39.6484	39.6127	39.5997	39.686	39.6683	39.6368	39.5846	39.6603	39.5298	39.5895	39.5691	39.5598	39.5043	39.5299	39.5013	39.5159	39.543	39.5208	39.5263	39.4734	39.4936	39.5207	39.5053	39.4895	39.5148	39.5028	39.4076	39.4436	39.4349	39.4784	39.4524	39.4278	39.3993	39.4118	39.3751	39.3291	39.3585	39.3522	39.3194	39.2972	39.3097	39.3248	39.3058	39.2423	39.2858	39.2604	39.2981	39.2774	39.2764	39.2716	39.2558	39.22	39.2508	39.2553	39.2549	39.2582	39.2788	39.2636	39.2657	39.2491	39.2313	39.2011	39.1975	39.1863	39.1513	39.152	39.1251	39.0886	39.0447	38.9922	38.9576	38.8851	38.8353	38.7892	38.7279	38.6562	38.5877	38.5065	38.4489	38.3441	38.251	38.1503	38.0376	37.9407	37.8206	37.6593	37.5642	37.4147	37.3026	37.2056	37.0952	36.98	36.8588	36.6876	36.5814	36.4751	36.3412	36.2356	36.1279	35.9788	35.8385	35.7184	35.5978	35.4525	35.3761	35.2519	35.1376	35.0066	34.8841	34.7513	34.6607	34.5585	34.4564	34.3792	34.2769	34.1473	34.0302	33.9879	33.9219	33.8079	33.7304	33.6636	33.6054	33.548	33.4509	33.405	33.3629	33.3075	33.2583	33.1816	33.1472	33.1543	33.1061
Sor-CPnd_004-Ex1-1G-lcwgs-1-3	39.6712	39.6626	39.7288	39.6479	39.5889	39.3126	39.5642	39.2867	39.1416	39.3114	39.497	39.497	39.4981	39.542	39.5374	39.676	39.6286	39.6671	39.6385	39.6194	39.6828	39.6739	39.6321	39.6109	39.6514	39.5454	39.5868	39.5688	39.5474	39.5096	39.5531	39.5009	39.5317	39.5525	39.5168	39.5314	39.4907	39.5268	39.5418	39.5022	39.4962	39.5201	39.5171	39.4594	39.4807	39.4697	39.4917	39.4747	39.4675	39.4582	39.4467	39.4441	39.4201	39.437	39.4357	39.4086	39.3836	39.3939	39.4092	39.3857	39.3335	39.3731	39.3476	39.3743	39.3621	39.3587	39.3553	39.3409	39.3092	39.3336	39.3376	39.3255	39.3204	39.3273	39.314	39.3164	39.3027	39.2858	39.2547	39.2519	39.245	39.2099	39.2135	39.1861	39.1523	39.1121	39.0718	39.0366	38.9668	38.9216	38.8855	38.8232	38.7602	38.69	38.6147	38.5542	38.4471	38.3574	38.2626	38.1514	38.0503	37.929	37.7667	37.6665	37.5077	37.3916	37.2879	37.1602	37.0393	36.8968	36.7183	36.5907	36.4686	36.3257	36.2005	36.0679	35.8983	35.7386	35.6021	35.4465	35.2852	35.173	35.0344	34.8962	34.7318	34.5901	34.4287	34.3112	34.1859	34.0481	33.9576	33.8285	33.6778	33.5392	33.4662	33.3862	33.2405	33.1381	33.0532	32.9751	32.8936	32.7744	32.7002	32.6389	32.5582	32.4898	32.3966	32.3292	32.3316	32.2651
Sor-CPnd_005-Ex1-3D-lcwgs-1-3	39.4253	39.6187	39.6741	39.5841	39.6538	39.3055	39.2491	38.9868	39.0764	39.2409	39.4796	39.4436	39.4186	39.499	39.4766	39.6477	39.5858	39.6451	39.6091	39.5912	39.6624	39.6471	39.6159	39.571	39.6429	39.4938	39.5612	39.5387	39.5318	39.479	39.5079	39.4799	39.4938	39.5254	39.4938	39.5114	39.4589	39.489	39.5121	39.4842	39.4621	39.4987	39.484	39.4365	39.4537	39.4453	39.4672	39.4442	39.4326	39.4235	39.4197	39.4108	39.3895	39.4005	39.4016	39.3764	39.3565	39.3674	39.3833	39.3582	39.3055	39.3452	39.3197	39.3474	39.3339	39.3316	39.327	39.3086	39.2755	39.3066	39.3084	39.2992	39.2959	39.3042	39.2871	39.2932	39.28	39.2686	39.2421	39.2444	39.2429	39.2149	39.2235	39.2069	39.1858	39.1591	39.1316	39.1171	39.068	39.0489	39.0382	39.007	38.9737	38.9453	38.9062	38.8801	38.827	38.7848	38.7399	38.6851	38.6402	38.5784	38.4815	38.4476	38.3749	38.3178	38.275	38.2183	38.152	38.0923	37.995	37.9309	37.8784	37.8019	37.7507	37.6913	37.5896	37.5039	37.4198	37.3558	37.2383	37.2109	37.1168	37.0462	36.9416	36.8571	36.7552	36.6837	36.5969	36.5224	36.451	36.357	36.2529	36.1203	36.0983	36.0246	35.9022	35.8252	35.7511	35.6776	35.608	35.4969	35.4336	35.3633	35.2794	35.2027	35.0961	35.0268	34.9833	34.9031
Sor-CPnd_006-Ex1-2D-lcwgs-1-3	39.4823	39.6574	39.7018	39.6119	39.6878	39.3383	39.3349	39.1113	39.1818	39.331	39.5345	39.5002	39.4798	39.5565	39.5325	39.6767	39.6188	39.6726	39.6448	39.6299	39.6883	39.6731	39.6396	39.6081	39.6673	39.5265	39.5892	39.5672	39.5572	39.5102	39.5358	39.5158	39.5216	39.544	39.5174	39.5334	39.4805	39.5037	39.5171	39.5082	39.4855	39.5137	39.4985	39.4418	39.4609	39.448	39.4755	39.4515	39.4364	39.4214	39.4184	39.4012	39.3719	39.3891	39.386	39.36	39.3385	39.3499	39.3626	39.3413	39.2863	39.3252	39.3005	39.3313	39.3157	39.3132	39.3089	39.2939	39.2591	39.2858	39.2882	39.2812	39.2791	39.2911	39.2754	39.2758	39.2622	39.2422	39.2137	39.2088	39.1984	39.163	39.1598	39.1311	39.093	39.046	38.9962	38.9552	38.8808	38.8233	38.7704	38.6997	38.6192	38.5444	38.4529	38.3851	38.2672	38.1641	38.0484	37.9252	37.8064	37.6712	37.4957	37.3845	37.2128	37.09	36.9767	36.8472	36.7224	36.5871	36.3977	36.2688	36.1476	36.0017	35.8827	35.7565	35.5862	35.4316	35.3015	35.1604	35.0052	34.9184	34.7788	34.653	34.5077	34.3774	34.2249	34.127	34.0182	33.9067	33.8224	33.7177	33.5814	33.4583	33.4096	33.3428	33.2237	33.1458	33.076	33.02	32.9635	32.8666	32.8179	32.7792	32.728	32.6874	32.6093	32.5846	32.5936	32.5605
Sor-CPnd_007-Ex1-1C-lcwgs-1-3	39.5451	39.5195	39.6591	39.5244	39.6566	38.8522	39.6084	39.0015	39.0561	39.1631	39.5061	39.4532	39.4463	39.5251	39.5091	39.6687	39.615	39.6636	39.6232	39.6043	39.6791	39.668	39.6279	39.5856	39.6581	39.5315	39.5883	39.5704	39.5657	39.5241	39.5565	39.5199	39.5457	39.5634	39.5342	39.5429	39.4902	39.5263	39.55	39.502	39.5115	39.5385	39.5188	39.2357	39.3398	39.3169	39.493	39.4687	39.4183	39.3188	39.3724	39.2526	39.09	39.1954	39.1539	39.0739	39.0347	39.056	39.0604	39.0434	38.9807	39.0198	39.0025	39.0512	39.0156	39.0202	39.0228	39.0081	38.9702	39.0111	39.0254	39.0547	39.1092	39.1551	39.1468	39.1511	39.1307	39.1071	39.0722	39.0648	39.0633	39.0249	39.0307	39.0055	38.9699	38.934	38.8858	38.8512	38.7843	38.7407	38.7113	38.6604	38.5981	38.5442	38.4817	38.4296	38.3322	38.2584	38.1712	38.0752	37.9913	37.8889	37.7451	37.6647	37.5284	37.4352	37.3557	37.2546	37.1608	37.051	36.91	36.8227	36.7409	36.6339	36.5541	36.4695	36.3404	36.2319	36.139	36.0394	35.9238	35.8718	35.774	35.6969	35.5866	35.4973	35.4006	35.3299	35.2586	35.1835	35.1384	35.0617	34.9573	34.8619	34.8534	34.8181	34.7196	34.6732	34.6337	34.6042	34.5738	34.4965	34.462	34.437	34.4023	34.3744	34.3065	34.2877	34.3021	34.2743
Sor-CPnd_008-Ex1-1A-lcwgs-1-3	39.5399	39.6132	39.5878	39.5719	39.6495	39.0997	39.5849	38.5442	38.826	39.0887	39.4531	39.4241	39.3594	39.4948	39.4495	39.6643	39.5903	39.6497	39.5926	39.5746	39.6773	39.6454	39.6299	39.5391	39.6666	39.5138	39.6012	39.588	39.5827	39.5228	39.5445	39.5198	39.5423	39.5833	39.5506	39.5565	39.4898	39.5231	39.5671	39.5357	39.5111	39.5519	39.5313	39.3922	39.4496	39.4467	39.5224	39.5031	39.4786	39.4433	39.4494	39.4077	39.33	39.3776	39.3631	39.3222	39.2931	39.3109	39.321	39.3	39.241	39.278	39.2569	39.2898	39.2717	39.2704	39.269	39.2552	39.2211	39.2527	39.2611	39.2647	39.279	39.3031	39.2926	39.3011	39.2884	39.2782	39.2557	39.2585	39.2635	39.2422	39.2585	39.2561	39.24	39.2296	39.2189	39.2209	39.1907	39.19	39.2042	39.2053	39.1977	39.2008	39.1948	39.198	39.1788	39.179	39.1718	39.1599	39.1589	39.1472	39.0936	39.1042	39.089	39.0762	39.076	39.0642	39.0412	39.0375	38.9992	38.9864	38.9848	38.9702	38.9646	38.9657	38.9283	38.9054	38.8861	38.8976	38.8267	38.8699	38.8307	38.829	38.789	38.7781	38.7566	38.7444	38.719	38.7139	38.6905	38.6653	38.6329	38.5382	38.5983	38.569	38.5081	38.4954	38.4841	38.4715	38.4619	38.4216	38.4089	38.3815	38.3574	38.3342	38.282	38.2642	38.2613	38.2239
Sor-CPnd_009-Ex1-6A-lcwgs-1-3	39.575	39.644	39.6442	39.6089	39.7045	39.2848	39.6412	38.9262	39.1631	39.3451	39.5523	39.5158	39.4961	39.6012	39.5615	39.7017	39.6407	39.6898	39.6598	39.6421	39.7118	39.6852	39.6611	39.6068	39.6975	39.5454	39.6177	39.6059	39.6003	39.5597	39.5753	39.5645	39.5587	39.5965	39.5661	39.5794	39.5158	39.5321	39.5792	39.564	39.5445	39.5646	39.5482	39.3445	39.4223	39.2433	39.5277	39.2244	39.2637	39.2194	39.3583	39.1921	39.1695	39.1989	39.1816	39.1583	39.1573	39.2301	39.1683	39.1879	39.093	39.1313	39.1394	39.2441	39.1297	39.1304	39.1233	39.1313	39.1035	39.1181	39.1148	39.1336	39.1914	39.2314	39.2276	39.2227	39.2122	39.1908	39.1641	39.1552	39.1487	39.1163	39.1106	39.0856	39.0464	39.0105	38.968	38.9338	38.8685	38.8325	38.8025	38.7579	38.7075	38.672	38.6275	38.5941	38.5312	38.4794	38.4138	38.3487	38.2917	38.2134	38.095	38.0433	37.9638	37.8846	37.8193	37.7542	37.6713	37.6027	37.4896	37.423	37.3628	37.2736	37.2085	37.1361	37.038	36.9454	36.8774	36.8081	36.6896	36.6668	36.5741	36.5066	36.4197	36.3407	36.252	36.1868	36.1145	36.0624	35.9951	35.9253	35.8438	35.7265	35.7388	35.6827	35.5897	35.5436	35.4986	35.457	35.417	35.3492	35.313	35.2654	35.2256	35.1919	35.1134	35.0977	35.0787	35.03
Sor-CPnd_010-Ex1-1H-lcwgs-1-3	39.6415	39.6247	39.6808	39.6533	39.6454	39.4049	39.5696	39.0873	39.0775	39.2609	39.4966	39.4779	39.4585	39.5252	39.5107	39.6753	39.6175	39.6711	39.6342	39.6146	39.689	39.6699	39.6363	39.5962	39.6655	39.5403	39.5996	39.5812	39.5691	39.531	39.563	39.5222	39.5524	39.5763	39.5433	39.5596	39.5097	39.5465	39.5695	39.5363	39.5243	39.5504	39.5446	39.4737	39.4943	39.4916	39.525	39.5058	39.5008	39.4841	39.4764	39.468	39.4357	39.4579	39.4496	39.4211	39.4035	39.4125	39.4291	39.4048	39.3527	39.3927	39.3722	39.3998	39.3818	39.378	39.3778	39.3637	39.3343	39.3605	39.3638	39.3596	39.3636	39.3755	39.3549	39.3568	39.3471	39.332	39.3045	39.2999	39.2914	39.2622	39.2735	39.2523	39.2184	39.1861	39.1541	39.1317	39.0648	39.0377	39.0073	38.9587	38.9104	38.8619	38.8109	38.7673	38.6939	38.6236	38.5584	38.4828	38.406	38.3229	38.2035	38.1426	38.0374	37.9607	37.8906	37.8097	37.7256	37.6372	37.5163	37.4417	37.362	37.2699	37.1959	37.1142	36.9966	36.8841	36.7956	36.708	36.5809	36.5321	36.4288	36.3388	36.2258	36.1384	36.0317	35.9559	35.8689	35.7846	35.7239	35.6319	35.5196	35.4047	35.3776	35.3219	35.2041	35.1512	35.0917	35.0334	34.9879	34.8994	34.8554	34.8084	34.743	34.6907	34.617	34.568	34.5662	34.5086
Sor-CPnd_012-Ex1-5B-lcwgs-1-3	39.672	39.6282	39.749	39.6951	39.5611	39.4327	39.3479	39.2051	39.1876	39.3511	39.5348	39.467	39.4743	39.5542	39.5269	39.681	39.6327	39.6643	39.6329	39.6188	39.7044	39.6859	39.6514	39.5944	39.678	39.5533	39.6136	39.5976	39.5865	39.5364	39.5628	39.5273	39.5528	39.5845	39.5545	39.5556	39.2957	39.536	39.5682	39.5392	39.5066	39.5442	39.5258	39.2254	39.3478	39.0769	39.496	39.0356	39.0303	38.9892	39.1849	38.9595	38.9613	38.9613	38.957	38.9305	38.9546	39.0965	38.9433	39.0073	38.8654	38.9026	38.9526	39.1232	38.9106	38.8962	38.9067	38.9336	38.911	38.9008	38.8858	38.9074	39.0018	39.0733	39.0729	39.0651	39.0317	39.0045	38.9491	38.9304	38.9033	38.8473	38.8139	38.7599	38.681	38.6091	38.5219	38.442	38.334	38.2463	38.1809	38.0944	37.9979	37.9164	37.8241	37.7389	37.6206	37.515	37.3825	37.2575	37.1464	37.0099	36.8374	36.7275	36.6007	36.4656	36.3496	36.2361	36.099	35.9941	35.8226	35.7263	35.6334	35.4987	35.4036	35.2961	35.1643	35.0482	34.9603	34.8693	34.7336	34.6936	34.584	34.5059	34.4144	34.3246	34.2333	34.1738	34.0933	34.0493	33.9852	33.9254	33.8478	33.7594	33.7892	33.762	33.6716	33.6632	33.6356	33.6399	33.6387	33.5909	33.5884	33.5726	33.5843	33.6029	33.5491	33.5984	33.6192	33.6046
Sor-CPnd_013-Ex1-7F-lcwgs-1-3	39.4089	39.5254	39.6728	39.6426	39.5953	39.3191	39.5102	39.3012	39.1924	39.293	39.5308	39.4628	39.4654	39.5551	39.5265	39.6795	39.6204	39.682	39.6636	39.639	39.6913	39.6739	39.6396	39.6114	39.6735	39.5399	39.5983	39.5762	39.5662	39.5332	39.5581	39.5318	39.5157	39.5676	39.5312	39.5537	39.5035	39.538	39.5537	39.5057	39.5135	39.5394	39.5208	39.2366	39.3571	39.3204	39.4974	39.4847	39.4575	39.3996	39.4077	39.3206	39.1158	39.2242	39.1825	39.0833	39.0256	39.0216	39.028	39.0089	38.9578	38.9981	38.9699	39.0011	38.9907	39.0038	39.0186	39.0062	38.966	39.0005	39.0153	39.0393	39.0926	39.1413	39.1467	39.1418	39.1205	39.0976	39.0589	39.0415	39.0231	38.9706	38.955	38.9105	38.8578	38.7947	38.7143	38.6461	38.5376	38.4403	38.3538	38.2419	38.1241	38.003	37.8698	37.7589	37.5797	37.4313	37.2708	37.0967	36.929	36.7475	36.5306	36.3826	36.1559	36.0071	35.8649	35.7048	35.5802	35.3989	35.21	35.0726	34.9502	34.8161	34.7121	34.6016	34.4528	34.3316	34.213	34.0776	33.9758	33.9006	33.8118	33.7286	33.6326	33.5328	33.4296	33.3891	33.3366	33.2662	33.2604	33.1998	33.1168	33.0756	33.0785	33.0877	33.0114	33.0144	33.0216	33.0504	33.0505	32.9955	33.0121	33.0239	33.0281	33.0638	33.0357	33.0518	33.132	33.1462
Sor-CPnd_014-Ex1-1F-lcwgs-1-3	39.4141	39.52	39.6706	39.6394	39.5946	39.3182	39.5113	39.2892	39.1588	39.2842	39.5241	39.4773	39.4606	39.5488	39.5237	39.6836	39.6187	39.6838	39.6602	39.637	39.6913	39.6764	39.6404	39.6148	39.6695	39.544	39.6017	39.5825	39.5725	39.5317	39.5625	39.5347	39.5497	39.5731	39.5402	39.5603	39.5118	39.5442	39.5608	39.535	39.5191	39.5492	39.5357	39.4639	39.4927	39.485	39.5195	39.502	39.4944	39.4769	39.4694	39.4575	39.4232	39.4458	39.4406	39.4128	39.3904	39.4007	39.4138	39.3921	39.3387	39.3762	39.3559	39.3835	39.3714	39.368	39.3642	39.3538	39.3185	39.3476	39.3535	39.3453	39.347	39.3561	39.3435	39.3484	39.3342	39.32	39.2925	39.2902	39.2855	39.2527	39.258	39.2332	39.2037	39.1677	39.1304	39.1019	39.0364	38.9966	38.9632	38.9079	38.8495	38.7864	38.719	38.6634	38.5658	38.4821	38.3885	38.2836	38.1853	38.0722	37.9154	37.8195	37.6729	37.5585	37.4606	37.3366	37.2198	37.0874	36.9139	36.7927	36.6795	36.5376	36.4177	36.2986	36.1361	35.985	35.8581	35.716	35.5657	35.4614	35.3253	35.2023	35.0546	34.9282	34.7785	34.6756	34.5666	34.4419	34.3625	34.242	34.1049	33.9719	33.9208	33.8478	33.718	33.636	33.5616	33.4961	33.4309	33.3263	33.2672	33.2178	33.1487	33.0965	33.0137	32.9636	32.9678	32.9132
Sor-CPnd_015-Ex1-5F-lcwgs-1-3	39.4388	39.5575	39.6955	39.6703	39.6289	39.359	39.547	39.345	39.2542	39.3631	39.5742	39.4993	39.5188	39.6029	39.5758	39.7071	39.6508	39.7082	39.6921	39.6731	39.7157	39.6995	39.6645	39.6428	39.6935	39.5672	39.6231	39.6053	39.5948	39.5639	39.5853	39.5677	39.5724	39.5951	39.5647	39.5793	39.3895	39.5599	39.5763	39.5627	39.531	39.5622	39.5446	39.3164	39.4101	39.2042	39.5201	39.1726	39.168	39.1293	39.2743	39.1094	39.1096	39.1098	39.1085	39.0841	39.1018	39.21	39.0948	39.1409	39.0194	39.0552	39.0924	39.227	39.059	39.0522	39.0548	39.0694	39.0423	39.0434	39.0292	39.0502	39.1154	39.1585	39.1442	39.1329	39.0942	39.0584	38.9998	38.9669	38.9205	38.8464	38.7965	38.7171	38.6183	38.5193	38.3946	38.2915	38.1516	38.0306	37.9313	37.8053	37.6614	37.5351	37.3933	37.2768	37.1175	36.9696	36.7925	36.6373	36.4813	36.313	36.1045	35.9554	35.7937	35.631	35.4754	35.3392	35.1814	35.0484	34.8521	34.7286	34.6185	34.457	34.3439	34.2118	34.0663	33.9314	33.8371	33.7236	33.5875	33.5349	33.416	33.3319	33.2402	33.1376	33.0504	32.9785	32.8957	32.8699	32.8143	32.7571	32.6891	32.6163	32.6568	32.6422	32.5623	32.5725	32.5572	32.5906	32.605	32.5762	32.5933	32.6022	32.6378	32.6946	32.6486	32.7333	32.7743	32.7834
Sor-CPnd_016-Ex1-1B-lcwgs-1-3	39.5442	39.6306	39.7226	39.6547	39.4973	39.3913	39.1681	39.0761	39.0207	39.2163	39.4545	39.4188	39.3815	39.4591	39.4395	39.6549	39.5964	39.6301	39.5747	39.5646	39.6817	39.6655	39.6334	39.558	39.6578	39.5466	39.6058	39.5896	39.5852	39.5111	39.5473	39.4954	39.5426	39.5801	39.5492	39.5529	39.5027	39.5437	39.5793	39.521	39.5133	39.5546	39.5427	39.3638	39.4343	39.4138	39.5237	39.5019	39.4701	39.4123	39.4347	39.3668	39.2645	39.3323	39.3066	39.2551	39.225	39.2426	39.2513	39.2322	39.1733	39.2131	39.1927	39.2314	39.2072	39.2062	39.2065	39.1951	39.1602	39.1938	39.2032	39.2124	39.2445	39.2759	39.2689	39.28	39.2652	39.254	39.2285	39.2322	39.237	39.2151	39.2325	39.2245	39.2095	39.1967	39.1835	39.1818	39.1458	39.1409	39.1522	39.1464	39.1324	39.1271	39.1168	39.1131	39.0845	39.0704	39.0525	39.0289	39.0175	38.9888	38.9204	38.9167	38.8839	38.857	38.8441	38.8175	38.7802	38.758	38.7016	38.6739	38.6559	38.6237	38.6043	38.5858	38.533	38.4923	38.458	38.4439	38.3622	38.3823	38.3294	38.3113	38.2538	38.2274	38.1853	38.1575	38.1181	38.0942	38.059	38.0208	37.9712	37.8679	37.9086	37.874	37.8002	37.7749	37.7499	37.7256	37.7048	37.649	37.6274	37.5934	37.5584	37.5268	37.4665	37.4388	37.4327	37.3864
Sor-CPnd_017-Ex1-3G-lcwgs-1-3	39.6116	39.6282	39.6989	39.6191	39.5491	39.2662	39.5291	39.2791	39.1439	39.262	39.4652	39.4499	39.4645	39.5056	39.5047	39.6433	39.5954	39.6406	39.6133	39.5907	39.6575	39.6432	39.6026	39.584	39.6223	39.5015	39.5375	39.5257	39.5049	39.4685	39.5087	39.4591	39.4839	39.5039	39.4765	39.4941	39.4546	39.4815	39.4914	39.4618	39.4519	39.478	39.4773	39.4034	39.4201	39.4082	39.45	39.4203	39.4017	39.3821	39.3919	39.3667	39.3324	39.3677	39.3548	39.321	39.2999	39.3126	39.3286	39.316	39.2481	39.291	39.2737	39.3064	39.2815	39.2773	39.2761	39.2695	39.2366	39.2584	39.2621	39.2538	39.2601	39.2755	39.258	39.2614	39.2441	39.2232	39.192	39.187	39.1728	39.1267	39.126	39.0882	39.0509	38.9921	38.935	38.891	38.812	38.7544	38.6969	38.6164	38.533	38.4355	38.359	38.2801	38.1555	38.0412	37.9337	37.8027	37.6812	37.5349	37.3595	37.2521	37.0808	36.956	36.8275	36.6985	36.5609	36.4172	36.2231	36.1014	35.9676	35.8218	35.69	35.563	35.3902	35.2318	35.0802	34.9331	34.7767	34.6853	34.5325	34.4129	34.2585	34.117	33.9589	33.8529	33.7431	33.6263	33.5466	33.4343	33.2961	33.1646	33.1114	33.0488	32.9289	32.8551	32.7871	32.7318	32.6656	32.575	32.5188	32.4921	32.4412	32.3946	32.3221	32.2867	32.2915	32.2642
Sor-CPnd_018-Ex1-1E-lcwgs-1-3	39.5495	39.541	39.6495	39.6034	39.523	39.1947	39.4409	38.8472	39.0558	39.2763	39.5151	39.4858	39.4171	39.5569	39.4966	39.6748	39.6025	39.6722	39.6392	39.6205	39.6821	39.6588	39.6394	39.5723	39.6774	39.5029	39.5948	39.5819	39.5751	39.535	39.5402	39.5393	39.5359	39.5745	39.5452	39.5593	39.4919	39.5244	39.5585	39.5412	39.5185	39.5529	39.5276	39.4403	39.4762	39.4816	39.5198	39.5043	39.4953	39.4727	39.4719	39.4513	39.4054	39.4326	39.4259	39.3947	39.3732	39.3859	39.3964	39.3785	39.3251	39.3616	39.3409	39.3722	39.3591	39.3556	39.3533	39.3425	39.3082	39.3391	39.3449	39.34	39.3436	39.3553	39.3396	39.3402	39.3235	39.3019	39.271	39.2612	39.2465	39.2084	39.2027	39.163	39.1216	39.0692	39.0076	38.9559	38.868	38.7994	38.7378	38.6507	38.5651	38.464	38.3622	38.2752	38.1357	38.0115	37.8843	37.7379	37.6024	37.4507	37.2554	37.1248	36.9311	36.7872	36.6656	36.518	36.384	36.2227	36.0246	35.8927	35.7571	35.6061	35.4836	35.3557	35.1852	35.0325	34.9005	34.7482	34.6022	34.5048	34.3746	34.2555	34.1135	33.9897	33.8489	33.7584	33.6617	33.5562	33.4878	33.39	33.2614	33.1615	33.122	33.0758	32.9618	32.9083	32.8515	32.8172	32.7839	32.6931	32.6578	32.6345	32.5904	32.5772	32.5097	32.4958	32.5346	32.5028
Sor-CPnd_019-Ex1-6G-lcwgs-1-3	39.657	39.6807	39.7465	39.6684	39.6201	39.3441	39.5921	39.3375	39.2358	39.3806	39.5552	39.5318	39.5531	39.6003	39.5902	39.7002	39.6548	39.6909	39.6741	39.6529	39.7052	39.6947	39.6526	39.641	39.675	39.5585	39.601	39.5836	39.5629	39.5348	39.5689	39.5266	39.5421	39.5638	39.5302	39.546	39.5022	39.5278	39.5491	39.5181	39.5128	39.5298	39.5228	39.38	39.4297	39.3046	39.4898	39.2782	39.3061	39.2699	39.3512	39.2492	39.237	39.2585	39.2465	39.2228	39.2129	39.2619	39.2246	39.2307	39.1497	39.1888	39.187	39.2671	39.1836	39.1778	39.1727	39.1736	39.1457	39.1596	39.1535	39.1566	39.1863	39.214	39.2	39.1889	39.1649	39.1279	39.0814	39.0504	39.0095	38.9438	38.9037	38.8326	38.7461	38.6517	38.5464	38.4521	38.3144	38.2051	38.1017	37.9744	37.8368	37.7139	37.5776	37.4574	37.3015	37.1532	36.9839	36.8219	36.6743	36.4969	36.281	36.1344	35.9559	35.7918	35.645	35.5003	35.342	35.1903	34.9948	34.8585	34.7371	34.5703	34.4429	34.3021	34.1396	33.9875	33.8709	33.7408	33.5923	33.522	33.3863	33.2784	33.1649	33.0405	32.9179	32.8368	32.7332	32.6754	32.6009	32.5262	32.428	32.3352	32.3425	32.3019	32.2101	32.1881	32.1531	32.144	32.1263	32.0784	32.076	32.0593	32.0667	32.0843	32.0364	32.084	32.1179	32.1166
Sor-CPnd_020-Ex1-2E-lcwgs-1-3	39.5563	39.5589	39.6624	39.6096	39.534	39.218	39.4689	38.9408	39.1308	39.3145	39.5384	39.5064	39.4409	39.5784	39.518	39.681	39.607	39.6796	39.6535	39.6359	39.6842	39.6603	39.6408	39.5881	39.6752	39.4978	39.587	39.5708	39.5605	39.5216	39.5211	39.5294	39.5121	39.5464	39.5235	39.5405	39.4686	39.4966	39.5188	39.5234	39.4887	39.5192	39.4957	39.4432	39.464	39.4647	39.4802	39.4615	39.4505	39.4395	39.431	39.422	39.3986	39.4085	39.4085	39.3851	39.3632	39.3735	39.3877	39.368	39.31	39.35	39.3267	39.3516	39.3379	39.3352	39.3318	39.3145	39.2785	39.3082	39.3078	39.2993	39.2927	39.3035	39.2866	39.2903	39.2764	39.2604	39.2364	39.2365	39.2298	39.1997	39.2041	39.1834	39.1537	39.1227	39.0868	39.0635	39.0079	38.9735	38.9463	38.9036	38.8528	38.8058	38.7491	38.7087	38.6317	38.5694	38.4944	38.4151	38.3454	38.2589	38.1317	38.0629	37.9566	37.8718	37.8007	37.7144	37.6231	37.5374	37.3974	37.3113	37.2317	37.1235	37.0366	36.9484	36.8233	36.7026	36.601	36.5018	36.3624	36.3079	36.1895	36.0922	35.9666	35.8594	35.7333	35.6466	35.5484	35.4519	35.3645	35.2594	35.138	34.9998	34.9602	34.8828	34.7604	34.6717	34.5917	34.5135	34.4443	34.3344	34.2644	34.202	34.1263	34.0496	33.9529	33.8852	33.8644	33.7889
Sor-CPnd_022-Ex1-7C-lcwgs-1-3	39.5556	39.5435	39.6667	39.5289	39.666	38.8986	39.6146	39.0588	39.0954	39.1847	39.5194	39.4513	39.4577	39.5369	39.5178	39.6755	39.6162	39.6714	39.6442	39.6179	39.6852	39.6704	39.6323	39.5951	39.6625	39.5352	39.594	39.5721	39.5643	39.5297	39.5567	39.5188	39.4864	39.5614	39.5272	39.5423	39.4914	39.529	39.5475	39.4895	39.5065	39.5333	39.5134	39.1702	39.3095	39.2728	39.482	39.4705	39.4337	39.3708	39.3798	39.2766	39.032	39.1574	39.1056	38.9912	38.9254	38.9196	38.9256	38.9043	38.8535	38.8932	38.8659	38.898	38.8868	38.899	38.9148	38.8972	38.8552	38.8945	38.9132	38.9409	39.0082	39.0723	39.0854	39.0844	39.0677	39.0467	39.0143	38.9993	38.9907	38.9433	38.9421	38.9132	38.8699	38.8213	38.7596	38.7102	38.6215	38.5562	38.5007	38.426	38.3364	38.2531	38.1552	38.078	37.9422	37.8336	37.7131	37.5835	37.4635	37.3245	37.149	37.0407	36.8635	36.7509	36.6405	36.5204	36.421	36.283	36.1291	36.0275	35.9309	35.8231	35.7452	35.6563	35.5355	35.4286	35.3366	35.2373	35.1425	35.0912	35.0114	34.9477	34.8566	34.7818	34.6898	34.6521	34.6012	34.5508	34.5338	34.4767	34.3981	34.3384	34.3513	34.3521	34.2683	34.2587	34.2596	34.2665	34.2634	34.2075	34.21	34.208	34.2006	34.2179	34.1774	34.1766	34.2271	34.2251
Sor-CPnd_024-Ex1-5G-lcwgs-1-3	39.6596	39.6779	39.7474	39.6698	39.6205	39.3466	39.5904	39.3299	39.2252	39.3793	39.551	39.5198	39.547	39.5881	39.5849	39.6982	39.6529	39.6889	39.6699	39.652	39.7061	39.6906	39.6496	39.6359	39.6704	39.5597	39.6049	39.5849	39.5636	39.5359	39.5739	39.5314	39.5518	39.5674	39.5371	39.5483	39.412	39.5396	39.5502	39.5228	39.5079	39.5333	39.5235	39.3466	39.413	39.2724	39.4929	39.2458	39.2361	39.2124	39.3045	39.1922	39.1927	39.1965	39.1935	39.1718	39.1695	39.2444	39.1758	39.1996	39.1025	39.1416	39.1563	39.2581	39.139	39.1301	39.1294	39.1349	39.1092	39.1185	39.1078	39.1102	39.1496	39.1868	39.1734	39.1688	39.1403	39.1057	39.0531	39.023	38.9865	38.9266	38.8845	38.8176	38.7281	38.6399	38.5249	38.4318	38.2977	38.1851	38.0857	37.9606	37.8149	37.6879	37.5393	37.4172	37.2456	37.0916	36.9009	36.7285	36.5611	36.3725	36.1463	35.9856	35.8054	35.6201	35.4411	35.2801	35.0883	34.9325	34.6988	34.5466	34.4109	34.2115	34.0722	33.9099	33.7313	33.5605	33.4418	33.2914	33.1246	33.0421	32.8961	32.7775	32.655	32.5266	32.4059	32.3116	32.1994	32.143	32.0595	31.9753	31.873	31.7747	31.7912	31.7428	31.6497	31.6277	31.5959	31.6029	31.5891	31.5488	31.5563	31.5431	31.5612	31.6039	31.5515	31.6296	31.6665	31.6654
Sor-CPnd_026-Ex1-3H-lcwgs-1-3	39.6242	39.6172	39.67	39.646	39.64	39.4064	39.5716	39.1195	39.1133	39.2625	39.4956	39.474	39.4524	39.5257	39.5072	39.6631	39.6059	39.6583	39.6279	39.6051	39.675	39.6581	39.62	39.5843	39.6461	39.5078	39.5739	39.5532	39.543	39.5027	39.5263	39.4979	39.5101	39.5379	39.5065	39.5241	39.4729	39.5067	39.5257	39.5045	39.4864	39.5137	39.5022	39.4359	39.4577	39.4565	39.4825	39.4631	39.4482	39.4321	39.4349	39.4181	39.3895	39.4104	39.4067	39.3793	39.3609	39.3733	39.3876	39.3651	39.3104	39.3496	39.3295	39.3578	39.342	39.3395	39.3351	39.3218	39.287	39.3162	39.3207	39.3147	39.3125	39.3226	39.3059	39.3086	39.2962	39.2823	39.254	39.2539	39.2469	39.2172	39.2179	39.1941	39.1618	39.1273	39.0881	39.0624	38.9997	38.9626	38.9327	38.8833	38.8325	38.7779	38.721	38.6722	38.5886	38.5202	38.4446	38.358	38.2852	38.1934	38.0576	37.9886	37.877	37.7889	37.7153	37.6246	37.534	37.4357	37.2976	37.2068	37.1213	37.0139	36.9266	36.8349	36.7004	36.5843	36.4725	36.3697	36.2362	36.1756	36.0541	35.959	35.8305	35.7218	35.5918	35.5027	35.4039	35.3061	35.2268	35.1269	35.0049	34.8748	34.8375	34.7684	34.64	34.5589	34.4851	34.4168	34.351	34.2479	34.1845	34.1268	34.0556	33.9913	33.9003	33.8495	33.8281	33.7687
Sor-CPnd_027-Ex1-3C-lcwgs-1-3	39.5557	39.5254	39.6496	39.5063	39.6468	38.8325	39.5999	39.0076	39.0458	39.1352	39.4986	39.4509	39.4324	39.5154	39.5036	39.6599	39.6012	39.6597	39.6228	39.5961	39.6722	39.6552	39.6179	39.5839	39.6474	39.5146	39.5745	39.5542	39.5422	39.5038	39.5305	39.5012	39.5161	39.5375	39.5082	39.5247	39.4764	39.5069	39.5274	39.5063	39.4856	39.5178	39.5053	39.4249	39.448	39.4464	39.4797	39.4549	39.435	39.4135	39.4255	39.3977	39.364	39.3914	39.3816	39.3529	39.3262	39.3431	39.3551	39.3344	39.2795	39.3226	39.2979	39.3311	39.3117	39.3087	39.3044	39.2876	39.2544	39.2815	39.2881	39.2856	39.2915	39.3018	39.2899	39.2924	39.2793	39.2639	39.239	39.2384	39.2365	39.2109	39.2212	39.2055	39.1818	39.1576	39.1291	39.1122	39.0615	39.0428	39.0301	39.0032	38.9726	38.9406	38.9101	38.8804	38.8283	38.785	38.7408	38.6853	38.6469	38.5873	38.4913	38.4594	38.3868	38.3322	38.2929	38.2367	38.1735	38.1168	38.017	37.9612	37.9159	37.8476	37.7929	37.739	37.6467	37.5642	37.4947	37.4339	37.3246	37.3055	37.2186	37.1562	37.0626	36.9928	36.9064	36.8423	36.7644	36.7052	36.6413	36.5657	36.4736	36.3542	36.3405	36.2818	36.1745	36.1111	36.0454	35.9957	35.941	35.8429	35.7904	35.7321	35.668	35.5997	35.5107	35.4538	35.4243	35.3527
Sor-CPnd_028-Ex1-3A-lcwgs-1-3	39.5629	39.6204	39.5974	39.5698	39.6633	39.2082	39.6075	38.7555	39.0104	39.217	39.4875	39.4628	39.4035	39.5305	39.4849	39.6611	39.591	39.6498	39.6052	39.5887	39.6727	39.6412	39.6208	39.5532	39.6589	39.4883	39.576	39.5619	39.5539	39.5064	39.5189	39.5098	39.5096	39.5445	39.5211	39.5312	39.4637	39.4957	39.5286	39.5168	39.4866	39.5186	39.5004	39.3919	39.4287	39.4334	39.4859	39.459	39.422	39.3889	39.4151	39.3645	39.3108	39.3515	39.3401	39.3027	39.283	39.3008	39.3093	39.2911	39.2311	39.2688	39.2501	39.2875	39.265	39.2657	39.26	39.2449	39.2143	39.2407	39.2497	39.2548	39.2675	39.2855	39.2734	39.2736	39.2637	39.2518	39.2276	39.2284	39.2267	39.2007	39.2093	39.1942	39.1706	39.1445	39.1216	39.106	39.056	39.0348	39.0225	38.9961	38.9626	38.9293	38.8924	38.8651	38.8076	38.7649	38.7145	38.6555	38.6051	38.5411	38.4363	38.3927	38.3106	38.2485	38.1974	38.1287	38.0652	37.9924	37.8855	37.8221	37.7623	37.6823	37.62	37.5555	37.4532	37.3646	37.2836	37.2144	37.0992	37.0744	36.9784	36.9129	36.8093	36.7309	36.6356	36.5699	36.4927	36.4233	36.3591	36.2812	36.1834	36.0599	36.0546	35.9957	35.8912	35.8266	35.7708	35.7165	35.6663	35.5768	35.5274	35.4783	35.4216	35.3672	35.2839	35.2391	35.2201	35.1657
Sor-CPnd_029-Ex1-8E-lcwgs-1-3	39.5482	39.5439	39.6503	39.5946	39.5125	39.1902	39.432	38.8657	39.0561	39.2623	39.5152	39.4768	39.4074	39.5557	39.4928	39.669	39.5956	39.6722	39.6345	39.6195	39.677	39.6542	39.635	39.5727	39.6724	39.4923	39.5852	39.5706	39.5625	39.5206	39.5215	39.527	39.5178	39.5564	39.5299	39.5457	39.4733	39.5067	39.5375	39.5253	39.4885	39.5314	39.5055	39.3729	39.4191	39.3994	39.4941	39.4772	39.4616	39.4303	39.427	39.392	39.3039	39.3453	39.3328	39.2908	39.26	39.2704	39.2848	39.2641	39.2057	39.2446	39.2221	39.2535	39.2377	39.2362	39.2383	39.2249	39.1899	39.2206	39.2302	39.2317	39.2482	39.268	39.2533	39.2535	39.2372	39.2178	39.1885	39.1833	39.1713	39.1379	39.1362	39.106	39.0679	39.0275	38.9808	38.9462	38.8697	38.818	38.7786	38.7133	38.6478	38.5783	38.5021	38.4409	38.3318	38.2444	38.1472	38.0381	37.941	37.8224	37.6636	37.5732	37.427	37.3262	37.2388	37.1245	37.0168	36.8972	36.7476	36.6422	36.547	36.4274	36.3356	36.2411	36.1031	35.9797	35.8871	35.7674	35.646	35.5846	35.4802	35.3887	35.2733	35.1759	35.0618	34.9958	34.9223	34.8326	34.7865	34.7039	34.5993	34.4985	34.487	34.45	34.3449	34.3044	34.2613	34.2371	34.2092	34.1334	34.1002	34.0808	34.0486	34.023	33.9684	33.9558	33.9838	33.9507
Sor-CPnd_030-Ex1-2H-lcwgs-1-3	39.6279	39.6249	39.6825	39.6721	39.6668	39.4175	39.5987	39.1993	39.1984	39.3325	39.5364	39.5117	39.4945	39.5639	39.5443	39.6802	39.6272	39.6745	39.6497	39.6299	39.6892	39.6694	39.6326	39.6059	39.6591	39.5219	39.5821	39.5597	39.5495	39.5112	39.5336	39.5068	39.5131	39.5341	39.5065	39.5231	39.4721	39.4951	39.5101	39.5017	39.4847	39.5059	39.4905	39.4224	39.4435	39.4394	39.4649	39.4421	39.428	39.4119	39.4111	39.3901	39.3605	39.3779	39.3756	39.3457	39.325	39.3361	39.3517	39.3301	39.2715	39.3136	39.2889	39.3171	39.2981	39.2971	39.2964	39.2745	39.2415	39.2692	39.2755	39.2675	39.2611	39.2739	39.2583	39.2585	39.2422	39.2213	39.1911	39.1859	39.1732	39.1374	39.1337	39.0998	39.0607	39.0119	38.9553	38.9151	38.8384	38.7797	38.7235	38.6542	38.5704	38.4928	38.4056	38.3348	38.214	38.1094	37.9975	37.8693	37.7565	37.6162	37.4432	37.3245	37.1531	37.025	36.9109	36.7774	36.6469	36.5023	36.3007	36.1776	36.0437	35.8884	35.7602	35.6261	35.442	35.2757	35.1327	34.9737	34.8121	34.7053	34.5537	34.4151	34.2593	34.11	33.9448	33.8413	33.7178	33.597	33.4977	33.3808	33.2302	33.0926	33.0275	32.957	32.8193	32.7307	32.6506	32.5819	32.5149	32.4024	32.3452	32.2955	32.232	32.1795	32.0916	32.0501	32.0575	32.0132
Sor-CPnd_031-Ex1-5D-lcwgs-1-3	39.4888	39.6632	39.7137	39.6278	39.7001	39.3513	39.3383	39.0825	39.1668	39.3428	39.5485	39.5144	39.499	39.5713	39.5505	39.6948	39.636	39.689	39.6604	39.6456	39.7073	39.691	39.658	39.623	39.6869	39.5552	39.6179	39.5988	39.5906	39.5455	39.5717	39.5489	39.5611	39.5877	39.5554	39.5709	39.4877	39.5494	39.5673	39.5484	39.5265	39.5566	39.5438	39.4842	39.5074	39.4642	39.5246	39.4445	39.4417	39.4385	39.45	39.4249	39.4208	39.4219	39.4223	39.4058	39.3922	39.4216	39.4112	39.4011	39.3342	39.3761	39.3619	39.4083	39.3687	39.3632	39.3608	39.3539	39.3173	39.3402	39.3401	39.3322	39.3355	39.3494	39.3337	39.3345	39.3156	39.2972	39.2631	39.2556	39.2377	39.1989	39.1872	39.1556	39.1041	39.0557	38.9961	38.9508	38.8696	38.8136	38.7642	38.6965	38.6144	38.5422	38.457	38.3869	38.2868	38.1963	38.0838	37.9853	37.89	37.7803	37.6282	37.5379	37.4263	37.3134	37.2073	37.1086	36.9835	36.8838	36.7258	36.6272	36.536	36.4062	36.3056	36.1988	36.066	35.9445	35.851	35.7499	35.6023	35.5537	35.4316	35.3392	35.2316	35.1332	35.0282	34.9478	34.8444	34.7847	34.6959	34.61	34.5148	34.3922	34.3972	34.3354	34.2282	34.1833	34.1288	34.0996	34.066	33.9944	33.9627	33.9207	33.8986	33.8836	33.8107	33.8239	33.8154	33.7746
Sor-CPnd_033-Ex1-2F-lcwgs-1-3	39.4377	39.5461	39.6769	39.6517	39.6107	39.3323	39.5406	39.3396	39.2378	39.3402	39.5528	39.4945	39.488	39.5744	39.5493	39.6904	39.6264	39.6891	39.6751	39.6527	39.6966	39.6801	39.6434	39.6301	39.6741	39.5381	39.5941	39.5753	39.564	39.5286	39.5507	39.5289	39.5345	39.5499	39.5241	39.546	39.4981	39.5126	39.5227	39.5197	39.5019	39.5241	39.5103	39.4245	39.4593	39.4497	39.4851	39.4596	39.4404	39.4104	39.4153	39.3883	39.3483	39.3707	39.3674	39.3336	39.3113	39.3249	39.3337	39.3172	39.2574	39.2976	39.2734	39.3083	39.2867	39.2878	39.278	39.2649	39.2319	39.2589	39.2616	39.2592	39.2621	39.2803	39.2655	39.2673	39.2514	39.2351	39.2076	39.2064	39.2017	39.1674	39.1745	39.1522	39.122	39.0874	39.0565	39.0314	38.974	38.9373	38.9118	38.868	38.8142	38.7685	38.7115	38.67	38.5932	38.5283	38.4538	38.373	38.3049	38.2124	38.0794	38.0073	37.8985	37.8074	37.729	37.6382	37.5433	37.4497	37.3056	37.2088	37.1193	37.0068	36.9088	36.8116	36.6749	36.5461	36.4422	36.3257	36.1747	36.1055	35.9784	35.8673	35.7319	35.61	35.4674	35.3714	35.2576	35.1472	35.0519	34.9356	34.788	34.6442	34.5855	34.4991	34.3608	34.2585	34.1653	34.0721	33.993	33.8603	33.7743	33.7004	33.6062	33.5175	33.403	33.3213	33.2881	33.1988
Sor-CPnd_034-Ex1-4G-lcwgs-1-3	39.6669	39.6725	39.7418	39.6614	39.6048	39.3307	39.5751	39.3059	39.193	39.338	39.5262	39.516	39.5257	39.5706	39.5646	39.6928	39.6443	39.6819	39.6538	39.6368	39.6983	39.6843	39.645	39.6266	39.6688	39.5592	39.6018	39.5815	39.5638	39.5306	39.57	39.5249	39.5488	39.5649	39.5317	39.5522	39.5063	39.5443	39.5564	39.5251	39.5046	39.5348	39.526	39.2586	39.3512	39.1873	39.496	39.3239	39.2711	39.1794	39.3754	39.1617	39.1128	39.2266	39.1541	39.1066	39.085	39.1217	39.1082	39.1065	39.0437	39.0743	39.066	39.1436	39.0727	39.0929	39.0675	39.0607	39.0266	39.0551	39.0717	39.118	39.1612	39.1839	39.1577	39.1472	39.1188	39.0811	39.0329	39.0027	38.9612	38.8964	38.8571	38.7821	38.7018	38.5972	38.5023	38.4059	38.2722	38.1567	38.0552	37.9202	37.7821	37.6519	37.5126	37.3797	37.1965	37.0341	36.8503	36.6596	36.4897	36.2938	36.0402	35.8748	35.6458	35.4597	35.3027	35.1355	34.9747	34.7845	34.559	34.4119	34.2632	34.0778	33.9361	33.78	33.6048	33.4251	33.2748	33.1264	32.9817	32.8784	32.7382	32.6329	32.494	32.3597	32.2256	32.126	32.0432	31.973	31.9302	31.855	31.7616	31.6845	31.6852	31.6763	31.5812	31.5658	31.5611	31.5666	31.5539	31.5163	31.5359	31.5446	31.5687	31.5998	31.5611	31.6197	31.6908	31.7052
Sor-CPnd_036-Ex1-5C-lcwgs-1-3	39.5628	39.5737	39.6866	39.5667	39.6979	39.0175	39.6498	39.146	39.1963	39.2924	39.5703	39.4833	39.5133	39.5896	39.5683	39.6953	39.6441	39.6954	39.6713	39.6496	39.7069	39.691	39.6524	39.6199	39.6797	39.5523	39.6091	39.5896	39.5793	39.5488	39.5721	39.5425	39.5559	39.5764	39.5434	39.5516	39.2688	39.5312	39.5526	39.537	39.5065	39.5382	39.5183	39.183	39.3157	39.0233	39.4789	38.9828	38.9811	38.9276	39.1447	38.8999	38.9003	38.8991	38.8941	38.8679	38.8898	39.0394	38.8783	38.9495	38.7996	38.8367	38.8985	39.0783	38.8433	38.8303	38.8363	38.8621	38.8418	38.8337	38.817	38.851	38.9572	39.0295	39.0341	39.0294	38.9992	38.9756	38.9248	38.9111	38.8924	38.8487	38.8257	38.7827	38.7188	38.6531	38.5692	38.5008	38.3977	38.3148	38.2534	38.1755	38.0786	38.0045	37.9122	37.8324	37.7063	37.5991	37.4496	37.3184	37.1914	37.0427	36.8599	36.7289	36.5847	36.4319	36.2897	36.1509	35.9871	35.853	35.6513	35.5238	35.4059	35.2363	35.1158	34.9783	34.82	34.6676	34.5541	34.4292	34.2658	34.1972	34.0617	33.9517	33.8305	33.7166	33.5979	33.5143	33.4001	33.3347	33.2441	33.1531	33.0528	32.9388	32.9459	32.8919	32.7908	32.7551	32.7111	32.698	32.6743	32.6119	32.5981	32.572	32.5785	32.5894	32.5287	32.5735	32.5922	32.5783
Sor-CPnd_037-Ex1-6C-lcwgs-1-3	39.5259	39.572	39.688	39.5616	39.7027	39.0569	39.6509	39.1781	39.2489	39.3066	39.5753	39.3609	39.5157	39.5998	39.5741	39.6825	39.6564	39.6974	39.6842	39.6563	39.713	39.6977	39.6622	39.6217	39.6934	39.5569	39.5954	39.5951	39.5868	39.5661	39.5891	39.54	39.4986	39.5775	39.5449	39.5694	39.5148	39.4387	39.5662	39.5361	39.5321	39.5314	39.5038	38.3706	38.7933	37.6286	39.4226	37.5248	37.8011	37.4622	38.4277	37.3674	37.2874	37.4364	37.3171	37.2479	37.3338	37.7515	37.2828	37.5243	37.1945	37.2242	37.4242	37.9715	37.2614	37.2584	37.2559	37.3602	37.3792	37.3107	37.273	37.4573	37.8882	38.1167	38.1746	38.1349	38.1187	38.0567	38.0053	37.9555	37.9312	37.8701	37.8251	37.7668	37.6779	37.5994	37.5055	37.4114	37.3029	37.213	37.1695	37.1113	37.0575	37.0487	37.0495	37.0459	37.0018	36.9558	36.8936	36.8233	36.7604	36.6484	36.5006	36.4153	36.2943	36.1918	36.1057	36.0182	35.9099	35.8092	35.6676	35.5815	35.512	35.3953	35.3206	35.2283	35.1157	35.0063	34.9267	34.8413	34.7333	34.6986	34.6084	34.5389	34.4569	34.3687	34.2899	34.2324	34.1637	34.1315	34.0878	34.0339	33.9692	33.89	33.9286	33.9113	33.8369	33.8396	33.8257	33.836	33.8338	33.7969	33.8095	33.8059	33.8164	33.8371	33.7999	33.8395	33.8774	33.8764
Sor-CPnd_038-Ex1-2A-lcwgs-1-3	39.5791	39.6403	39.6184	39.5904	39.6844	39.2345	39.6247	38.8343	39.0759	39.2738	39.5203	39.4944	39.4462	39.5626	39.5175	39.6827	39.6141	39.6716	39.6351	39.6176	39.6914	39.6635	39.645	39.5821	39.6781	39.5207	39.6026	39.5855	39.5775	39.5304	39.5445	39.5359	39.5361	39.5648	39.5433	39.555	39.4916	39.509	39.5373	39.5379	39.512	39.541	39.5216	39.4337	39.4694	39.4693	39.5065	39.4821	39.4606	39.4344	39.4412	39.4107	39.3684	39.3942	39.3882	39.3582	39.3363	39.3516	39.3619	39.3438	39.2844	39.3246	39.3018	39.3354	39.3172	39.3152	39.3103	39.2968	39.2622	39.2916	39.2963	39.2946	39.2996	39.3184	39.3054	39.3081	39.2965	39.2828	39.2596	39.2638	39.2608	39.2366	39.2482	39.2377	39.2149	39.195	39.1743	39.1643	39.1211	39.1071	39.0986	39.0812	39.0501	39.0304	39.0026	38.9845	38.9409	38.9094	38.8705	38.8281	38.795	38.7465	38.6574	38.6327	38.5741	38.5239	38.4914	38.4442	38.3881	38.3454	38.2559	38.2108	38.1701	38.1094	38.0632	38.0226	37.9423	37.8702	37.8113	37.7681	37.6644	37.6597	37.5803	37.5352	37.4512	37.3944	37.3207	37.2696	37.2081	37.1551	37.1	37.0339	36.9602	36.8437	36.8528	36.8022	36.7106	36.6599	36.6155	36.5681	36.528	36.452	36.4115	36.3663	36.3148	36.2643	36.1909	36.1486	36.1331	36.0771
Sor-CPnd_041-Ex1-7A-lcwgs-1-3	39.5789	39.6247	39.615	39.5862	39.6807	39.2604	39.6238	38.8255	39.0767	39.2747	39.5066	39.4786	39.4406	39.5585	39.511	39.678	39.6136	39.6645	39.6272	39.6096	39.6898	39.6609	39.6412	39.5673	39.6785	39.5224	39.6004	39.5883	39.5818	39.5392	39.5573	39.544	39.5162	39.5835	39.556	39.5662	39.5013	39.5363	39.5711	39.5322	39.5357	39.5592	39.5365	39.27	39.3845	39.3676	39.5267	39.5124	39.4853	39.4468	39.4455	39.3687	39.1658	39.2725	39.2277	39.1397	39.0898	39.0888	39.0976	39.077	39.0231	39.062	39.0395	39.0699	39.06	39.0759	39.0865	39.076	39.0368	39.0779	39.0967	39.1145	39.168	39.2225	39.2362	39.2377	39.2276	39.2205	39.2003	39.1974	39.2035	39.1742	39.1903	39.185	39.1642	39.1497	39.1257	39.1154	39.0738	39.0576	39.056	39.0358	39.0059	38.982	38.9537	38.9302	38.8787	38.8403	38.7896	38.7355	38.69	38.6277	38.5222	38.4836	38.4009	38.3402	38.2857	38.2201	38.1573	38.0844	37.9813	37.9187	37.8612	37.7844	37.7279	37.6697	37.5776	37.4973	37.4228	37.3578	37.2526	37.2221	37.1428	37.0825	36.9884	36.9155	36.8293	36.773	36.7039	36.6299	36.5783	36.4999	36.4101	36.2954	36.2867	36.2349	36.1326	36.0716	36.0272	35.9763	35.9252	35.8392	35.7915	35.7442	35.6795	35.6286	35.5507	35.4884	35.4799	35.4184
Sor-CPnd_043-Ex1-1D-lcwgs-1-3	39.4476	39.6319	39.6912	39.6037	39.6722	39.3187	39.2608	38.9898	39.0655	39.2594	39.4922	39.4552	39.4376	39.5107	39.4929	39.6692	39.6062	39.6614	39.6228	39.6109	39.684	39.6694	39.6358	39.5924	39.6637	39.5344	39.5978	39.5786	39.5691	39.5156	39.5495	39.5158	39.5405	39.5695	39.5356	39.5545	39.5015	39.5363	39.556	39.5216	39.5085	39.5412	39.5287	39.4383	39.4718	39.4448	39.5096	39.4897	39.4728	39.4405	39.4452	39.4137	39.3571	39.3927	39.3827	39.3462	39.3216	39.3357	39.347	39.3266	39.2682	39.3075	39.2871	39.3179	39.3014	39.2994	39.2969	39.2863	39.2504	39.2804	39.287	39.2888	39.2966	39.314	39.3014	39.3067	39.2933	39.2781	39.2513	39.2508	39.2467	39.2147	39.2237	39.2025	39.1768	39.1419	39.1105	39.0863	39.0274	38.993	38.9684	38.9236	38.8755	38.8258	38.7684	38.724	38.6421	38.5743	38.5011	38.4161	38.3424	38.2452	38.1141	38.0428	37.9223	37.8358	37.7617	37.6683	37.5752	37.4695	37.3353	37.2429	37.1581	37.052	36.9658	36.8776	36.7497	36.6316	36.5327	36.4333	36.3016	36.2445	36.1352	36.0457	35.9284	35.8284	35.7158	35.6384	35.5514	35.4586	35.3937	35.3024	35.1952	35.0709	35.0504	34.9912	34.8735	34.8094	34.7527	34.7024	34.6541	34.563	34.5182	34.4677	34.4102	34.3628	34.2847	34.2403	34.2464	34.192
Sor-CPnd_044-Ex1-8G-lcwgs-1-3	39.6546	39.658	39.7298	39.6467	39.5865	39.3166	39.5624	39.2925	39.1706	39.3167	39.5062	39.4908	39.5044	39.5506	39.5463	39.6749	39.6294	39.6676	39.636	39.6239	39.6851	39.6732	39.6317	39.6159	39.6561	39.542	39.5874	39.5651	39.5446	39.5123	39.5537	39.5041	39.5343	39.5511	39.5167	39.5312	39.4872	39.5277	39.5408	39.5011	39.4909	39.5213	39.5093	39.2819	39.3468	39.2692	39.4766	39.4519	39.4232	39.3431	39.3639	39.2759	39.1291	39.2076	39.1844	39.1097	39.0692	39.0818	39.0903	39.0712	39.0123	39.0487	39.029	39.0725	39.0473	39.0436	39.05	39.0363	39.0008	39.0316	39.0477	39.0657	39.1128	39.1514	39.1355	39.1347	39.112	39.0825	39.044	39.0318	39.0103	38.9621	38.9507	38.9002	38.8496	38.7857	38.7163	38.6542	38.5517	38.4645	38.3928	38.2934	38.1933	38.0868	37.9671	37.8718	37.7122	37.5765	37.4325	37.2699	37.124	36.9522	36.747	36.6089	36.3944	36.2574	36.135	35.9739	35.8392	35.6739	35.4788	35.3439	35.2185	35.0718	34.959	34.8419	34.6724	34.5251	34.422	34.2662	34.1432	34.0641	33.9517	33.8527	33.7319	33.6261	33.5028	33.4364	33.3707	33.2831	33.2544	33.1801	33.0705	33.004	32.9993	32.9867	32.8902	32.8771	32.8507	32.8547	32.8527	32.7881	32.782	32.7878	32.7885	32.7909	32.7552	32.7709	32.839	32.8323
Sor-CPnd_045-Ex1-7B-lcwgs-1-3	39.6123	39.6201	39.7301	39.6651	39.5174	39.4019	39.2278	39.1305	39.0793	39.2549	39.476	39.4288	39.4024	39.4866	39.4608	39.6561	39.5989	39.6366	39.5918	39.5776	39.6811	39.6642	39.6342	39.5656	39.6567	39.5387	39.5966	39.5787	39.5738	39.5084	39.5411	39.4946	39.5028	39.5671	39.5355	39.5408	39.4909	39.5306	39.5595	39.501	39.5014	39.5385	39.5243	39.2983	39.3931	39.3631	39.5022	39.4868	39.4617	39.4262	39.423	39.357	39.1913	39.2799	39.2438	39.1691	39.1234	39.1236	39.1335	39.111	39.0588	39.1015	39.0731	39.1011	39.0901	39.098	39.1056	39.0904	39.0529	39.0897	39.1037	39.1146	39.151	39.1967	39.2033	39.2028	39.1908	39.1794	39.1545	39.1469	39.1462	39.113	39.1207	39.1029	39.0748	39.0445	39.0054	38.9803	38.9184	38.8837	38.8604	38.819	38.7675	38.7203	38.6639	38.6206	38.5359	38.474	38.4054	38.3244	38.2581	38.1725	38.0511	37.9946	37.8881	37.8163	37.7524	37.6783	37.6078	37.5248	37.417	37.3502	37.2933	37.2209	37.1683	37.1126	37.0243	36.9494	36.8826	36.8206	36.7301	36.7101	36.6409	36.5952	36.5194	36.4625	36.3915	36.3537	36.3046	36.2593	36.2298	36.1786	36.1094	36.0229	36.0442	36.0225	35.9432	35.9199	35.9055	35.893	35.8761	35.8158	35.8042	35.784	35.7588	35.7456	35.6968	35.6782	35.7014	35.6746
Sor-CPnd_046-Ex1-5A-lcwgs-1-3	39.5612	39.6276	39.6502	39.6139	39.7103	39.2889	39.6419	38.9359	39.1783	39.3461	39.5509	39.4441	39.4838	39.6018	39.5519	39.69	39.6439	39.687	39.66	39.6417	39.7098	39.6827	39.6611	39.5875	39.6965	39.5378	39.6126	39.6025	39.5939	39.5582	39.5754	39.5534	39.5653	39.5935	39.5657	39.568	39.0326	39.5305	39.57	39.5591	39.4994	39.5452	39.5055	38.8721	39.1343	38.5572	39.4764	38.4912	38.4979	38.4055	38.8543	38.3467	38.3533	38.3537	38.3391	38.3111	38.3827	38.6803	38.3341	38.4983	38.2506	38.286	38.4205	38.7504	38.3068	38.294	38.3101	38.3795	38.3677	38.3221	38.294	38.3828	38.606	38.7453	38.7672	38.7576	38.7213	38.7056	38.6452	38.6429	38.6238	38.585	38.5581	38.5227	38.4626	38.4058	38.3332	38.276	38.1942	38.1259	38.0963	38.0463	37.9899	37.9609	37.9166	37.8835	37.8074	37.7436	37.6425	37.5482	37.4543	37.3392	37.1819	37.0785	36.9612	36.8357	36.7267	36.6182	36.4919	36.3827	36.2109	36.1087	36.0133	35.8729	35.7734	35.6538	35.5198	35.3977	35.2988	35.1966	35.0495	35.0015	34.8781	34.7871	34.6849	34.5808	34.4749	34.3985	34.3012	34.2449	34.1665	34.0818	33.9957	33.8851	33.8975	33.8504	33.7491	33.7167	33.6717	33.6599	33.6415	33.5776	33.5653	33.5379	33.5273	33.5347	33.4758	33.504	33.5134	33.4873
Sor-CPnd_049-Ex1-3B-lcwgs-1-3	39.6333	39.6118	39.7198	39.6595	39.5125	39.406	39.2904	39.1659	39.1209	39.2789	39.4775	39.45	39.4048	39.4973	39.4703	39.646	39.5901	39.6264	39.5799	39.5718	39.6712	39.6499	39.6164	39.5627	39.6419	39.5056	39.568	39.5507	39.5465	39.4846	39.5106	39.4789	39.4962	39.5329	39.5059	39.5128	39.4613	39.4991	39.5282	39.4915	39.4728	39.5052	39.4983	39.385	39.4249	39.417	39.4756	39.4443	39.4069	39.3712	39.4048	39.3466	39.2959	39.3395	39.3258	39.29	39.268	39.282	39.2941	39.2798	39.2193	39.2576	39.2407	39.2777	39.2556	39.2575	39.2473	39.2364	39.205	39.2334	39.2388	39.2436	39.2597	39.2775	39.257	39.2586	39.2492	39.2278	39.1957	39.1886	39.178	39.1404	39.1421	39.1051	39.0642	39.0104	38.9642	38.9199	38.839	38.7788	38.731	38.6511	38.5764	38.4966	38.4107	38.3383	38.2174	38.1163	38.0003	37.8741	37.7614	37.6318	37.455	37.3406	37.1752	37.0573	36.9373	36.8139	36.691	36.5522	36.3725	36.2511	36.1366	35.9897	35.8789	35.752	35.5944	35.4429	35.3135	35.1829	35.0357	34.9483	34.814	34.7028	34.5671	34.4351	34.2949	34.2014	34.102	33.9911	33.9243	33.8178	33.6925	33.5775	33.545	33.4832	33.363	33.2947	33.23	33.1876	33.1358	33.0341	32.9914	32.96	32.9092	32.8793	32.798	32.7804	32.7928	32.7609
Sor-CPnd_050-Ex1-3F-lcwgs-1-3	39.3973	39.5147	39.6596	39.6277	39.5832	39.3065	39.5028	39.2992	39.1745	39.2741	39.5124	39.4616	39.4486	39.5399	39.5139	39.6697	39.6051	39.6702	39.6479	39.6248	39.6759	39.6606	39.6264	39.6026	39.6566	39.5115	39.5729	39.5507	39.5427	39.5035	39.529	39.5087	39.5154	39.5418	39.5091	39.5307	39.4829	39.512	39.5258	39.5089	39.4867	39.5186	39.5067	39.4385	39.461	39.4569	39.487	39.466	39.4471	39.4276	39.433	39.4124	39.3867	39.4084	39.4045	39.377	39.3572	39.3689	39.3824	39.3643	39.307	39.3436	39.3233	39.3546	39.3384	39.337	39.3336	39.3204	39.2864	39.3142	39.3203	39.315	39.3158	39.3269	39.3113	39.3112	39.2969	39.2788	39.2495	39.2445	39.2315	39.1935	39.1887	39.1549	39.1192	39.0676	39.0156	38.9752	38.8936	38.8376	38.7851	38.711	38.6371	38.5555	38.4718	38.3989	38.2824	38.1818	38.0759	37.9553	37.8439	37.7166	37.5467	37.4403	37.2824	37.1659	37.0626	36.9393	36.8237	36.6891	36.5183	36.4027	36.2882	36.1544	36.0448	35.9282	35.7697	35.6316	35.5117	35.3763	35.2374	35.1584	35.0249	34.9195	34.7834	34.6606	34.5238	34.4324	34.335	34.2358	34.1661	34.0717	33.9438	33.8336	33.8001	33.7444	33.6271	33.5621	33.5051	33.4578	33.412	33.3204	33.2779	33.244	33.1959	33.1647	33.0894	33.0713	33.0836	33.0525
Sor-CPnd_052-Ex1-6D-lcwgs-1-3	39.4949	39.6643	39.7145	39.6203	39.7038	39.3661	39.3817	39.1703	39.2335	39.3876	39.562	39.5088	39.5121	39.5862	39.5634	39.6914	39.6398	39.6891	39.667	39.6524	39.7063	39.6918	39.6569	39.6294	39.6845	39.5504	39.6085	39.5906	39.5826	39.5403	39.5628	39.5427	39.5432	39.5769	39.5441	39.5651	39.5107	39.5287	39.5593	39.5361	39.518	39.5445	39.5317	39.3859	39.4329	39.2426	39.5048	39.1988	39.2373	39.1877	39.3252	39.1668	39.1495	39.1759	39.1598	39.1341	39.1324	39.2074	39.1432	39.1617	39.065	39.1057	39.1141	39.2173	39.1033	39.0999	39.0937	39.0968	39.0704	39.0824	39.0792	39.1003	39.1527	39.1904	39.1809	39.1679	39.1456	39.1119	39.0685	39.046	39.0104	38.9477	38.9108	38.8433	38.7614	38.6744	38.5767	38.483	38.356	38.2464	38.1501	38.0272	37.8911	37.7767	37.6456	37.5291	37.3731	37.2253	37.0575	36.897	36.7386	36.5628	36.3419	36.1852	35.9972	35.8289	35.6758	35.5237	35.3545	35.1989	34.9941	34.8452	34.7091	34.5351	34.3972	34.2481	34.0709	33.9095	33.7838	33.6422	33.4831	33.404	33.2614	33.1457	33.0246	32.8931	32.7633	32.6717	32.5643	32.5042	32.422	32.3387	32.2439	32.148	32.1554	32.1096	32.0209	31.9991	31.969	31.9545	31.9423	31.893	31.8902	31.879	31.8869	31.9118	31.8632	31.9185	31.9514	31.9559
Sor-CPnd_053-Ex1-2C-lcwgs-1-3	39.5547	39.5528	39.6681	39.5363	39.6732	38.9227	39.6222	39.0967	39.1379	39.22	39.5344	39.4819	39.475	39.5525	39.5371	39.6783	39.62	39.6749	39.6456	39.6247	39.6839	39.67	39.6344	39.6063	39.6597	39.5273	39.5861	39.569	39.5558	39.5191	39.5415	39.5152	39.5204	39.5345	39.5152	39.5313	39.4799	39.4883	39.5053	39.5088	39.4889	39.5152	39.5016	39.3777	39.4236	39.4122	39.4709	39.4401	39.405	39.3587	39.3846	39.3282	39.2704	39.3113	39.2949	39.258	39.2319	39.2467	39.2562	39.2375	39.179	39.2183	39.1995	39.2421	39.2135	39.2091	39.202	39.1878	39.1515	39.1802	39.1873	39.1926	39.2091	39.2316	39.2209	39.2229	39.204	39.1823	39.1576	39.1541	39.1417	39.1107	39.1133	39.09	39.0571	39.0184	38.9763	38.9475	38.8782	38.8399	38.8072	38.7622	38.7021	38.6534	38.5957	38.5462	38.461	38.391	38.3086	38.2268	38.1485	38.0533	37.9235	37.8501	37.7369	37.6475	37.5753	37.4886	37.3978	37.3085	37.1699	37.0853	37.0086	36.9087	36.8291	36.7512	36.6278	36.5188	36.4262	36.343	36.2164	36.1759	36.068	35.9879	35.8792	35.7909	35.6828	35.6147	35.531	35.4573	35.393	35.3091	35.2109	35.0977	35.0848	35.0265	34.9246	34.8671	34.8134	34.7684	34.7241	34.6392	34.6038	34.5632	34.5162	34.4712	34.3984	34.3608	34.3608	34.319
Sor-CPnd_054-Ex1-8F-lcwgs-1-3	39.4119	39.527	39.6757	39.6437	39.5999	39.349	39.523	39.3035	39.2262	39.3182	39.5363	39.4596	39.4761	39.5606	39.5376	39.6739	39.6269	39.6835	39.6481	39.6437	39.6945	39.6758	39.6374	39.6248	39.6758	39.5422	39.6042	39.5763	39.5708	39.5368	39.5641	39.5361	39.5499	39.5668	39.5332	39.5549	39.5049	39.5399	39.5551	39.5228	39.5001	39.5452	39.5113	39.0279	39.1811	39.0157	39.4836	39.4504	39.3832	39.2043	39.2748	39.0619	38.7205	38.8964	38.8344	38.687	38.6252	38.6397	38.6418	38.636	38.5567	38.593	38.5746	38.6428	38.601	38.6008	38.6303	38.6211	38.573	38.6166	38.6493	38.7207	38.8446	38.9208	38.9067	38.8918	38.8581	38.8112	38.7619	38.7373	38.7031	38.6322	38.6031	38.5327	38.4571	38.3638	38.2626	38.171	38.0238	37.8883	37.7839	37.6411	37.5011	37.3567	37.2018	37.0664	36.8579	36.6759	36.4911	36.277	36.093	35.8723	35.629	35.4514	35.1866	35.023	34.882	34.6926	34.5513	34.3506	34.1455	34.0024	33.8688	33.7127	33.6005	33.4774	33.3101	33.1703	33.0706	32.9125	32.8019	32.729	32.6348	32.5422	32.4489	32.3453	32.243	32.1982	32.1564	32.1064	32.1094	32.0659	31.9691	31.9532	31.9821	32.008	31.9396	31.9686	31.9825	32.0327	32.0757	32.0443	32.0783	32.1173	32.158	32.2138	32.1979	32.2709	32.3736	32.4046
Sor-CPnd_055-Ex1-7G-lcwgs-1-3	39.6628	39.6595	39.7337	39.6528	39.5913	39.3165	39.5573	39.2993	39.17	39.3139	39.502	39.4755	39.5014	39.5484	39.5413	39.6757	39.6275	39.6675	39.6433	39.6236	39.6844	39.6742	39.6322	39.6136	39.6534	39.5429	39.5858	39.5675	39.5436	39.511	39.5525	39.4998	39.4913	39.5479	39.5121	39.5289	39.4843	39.5251	39.5355	39.4748	39.4948	39.5154	39.5038	39.2079	39.324	39.2731	39.467	39.4529	39.4241	39.3583	39.3674	39.2696	39.0641	39.1735	39.1323	39.0278	38.9686	38.9664	38.973	38.951	38.897	38.9392	38.9138	38.9443	38.9299	38.9425	38.9514	38.9381	38.8971	38.9327	38.947	38.9697	39.0232	39.0809	39.0888	39.0885	39.0693	39.0476	39.0112	38.9927	38.9754	38.9271	38.9215	38.8779	38.8292	38.7681	38.6969	38.6331	38.5314	38.4475	38.3711	38.2731	38.1559	38.0456	37.922	37.8182	37.6499	37.511	37.3569	37.1891	37.0303	36.8525	36.6386	36.4944	36.2659	36.1193	35.9724	35.8155	35.6847	35.5021	35.3057	35.161	35.0352	34.8869	34.7754	34.653	34.4941	34.3617	34.234	34.0906	33.9749	33.8871	33.7864	33.695	33.5789	33.4759	33.3537	33.3023	33.2331	33.154	33.1373	33.0653	32.968	32.9184	32.9096	32.9095	32.8194	32.8113	32.8044	32.8189	32.8125	32.7456	32.7517	32.7567	32.7494	32.7744	32.7375	32.7446	32.8113	32.8187
Sor-CPnd_058-Ex1-2G-lcwgs-1-3	39.6548	39.676	39.7353	39.6539	39.5997	39.3326	39.5783	39.3345	39.22	39.3577	39.5285	39.5131	39.5209	39.5696	39.5641	39.6824	39.6331	39.6719	39.6531	39.6324	39.6864	39.677	39.6327	39.6216	39.6537	39.5318	39.5782	39.5549	39.5318	39.5008	39.5354	39.4926	39.5112	39.5261	39.4965	39.5156	39.473	39.4969	39.5049	39.4798	39.4725	39.4922	39.4857	39.4194	39.4399	39.4285	39.453	39.4276	39.4152	39.3941	39.3897	39.3724	39.3481	39.367	39.3634	39.3311	39.308	39.315	39.329	39.3056	39.2514	39.2912	39.2648	39.2953	39.2779	39.2762	39.2684	39.2482	39.2153	39.2474	39.2437	39.2372	39.233	39.2485	39.2308	39.233	39.215	39.1968	39.1677	39.1607	39.1508	39.1152	39.1145	39.0847	39.0504	39.0063	38.959	38.9216	38.8513	38.7983	38.7547	38.694	38.6197	38.5547	38.4721	38.4091	38.3039	38.2114	38.1011	37.9891	37.8891	37.7573	37.5945	37.49	37.3282	37.2063	37.0971	36.9705	36.8451	36.7124	36.5206	36.3902	36.2642	36.1165	35.9834	35.8509	35.6679	35.501	35.3524	35.2	35.0284	34.9149	34.7657	34.614	34.4487	34.2889	34.1185	33.9942	33.8613	33.7204	33.6132	33.4723	33.3064	33.152	33.0726	32.9752	32.8262	32.7139	32.6139	32.5131	32.4244	32.2865	32.2026	32.1347	32.0411	31.9625	31.8574	31.7879	31.7732	31.6978
Sor-CPnd_063-Ex1-7D-lcwgs-1-3	39.4753	39.6473	39.6982	39.606	39.6811	39.3384	39.3055	39.0634	39.1288	39.2962	39.5132	39.4626	39.4568	39.5361	39.5097	39.6689	39.6096	39.6632	39.634	39.617	39.6846	39.6695	39.6349	39.5922	39.6645	39.528	39.5913	39.5701	39.5594	39.5133	39.5443	39.5164	39.5039	39.5586	39.5243	39.5446	39.4895	39.5262	39.543	39.5058	39.4986	39.5304	39.512	39.3502	39.414	39.3527	39.4888	39.4743	39.4556	39.4182	39.4166	39.3581	39.2106	39.2886	39.2591	39.1855	39.142	39.1414	39.1529	39.1296	39.0793	39.1205	39.0939	39.1224	39.1129	39.1209	39.1294	39.115	39.0761	39.1096	39.123	39.1365	39.1684	39.2096	39.2088	39.2044	39.1882	39.1685	39.1357	39.1235	39.1093	39.0651	39.0596	39.0237	38.9774	38.9246	38.8545	38.8033	38.7082	38.6303	38.5538	38.4631	38.3568	38.2531	38.132	38.0343	37.8721	37.7397	37.5896	37.4255	37.2719	37.0981	36.8818	36.7396	36.5178	36.3684	36.2248	36.0653	35.9331	35.7479	35.5487	35.4033	35.2664	35.1131	34.998	34.8713	34.7072	34.5662	34.4351	34.2864	34.1618	34.0696	33.9606	33.8631	33.7412	33.6283	33.5055	33.4433	33.3714	33.2828	33.2593	33.1758	33.072	33.011	32.9965	32.9885	32.8902	32.8691	32.858	32.8609	32.8538	32.7812	32.7821	32.7788	32.7683	32.7871	32.7451	32.7474	32.8115	32.8191
Sor-CPnd_066-Ex1-8B-lcwgs-1-3	39.5309	39.565	39.6974	39.6286	39.4829	39.3452	39.142	39.1035	39.0576	39.2092	39.4399	39.382	39.3406	39.4206	39.415	39.6153	39.5741	39.5972	39.5282	39.5317	39.6483	39.6241	39.5821	39.5302	39.6288	39.4804	39.5445	39.5327	39.5158	39.4542	39.4909	39.4354	39.4933	39.512	39.4696	39.4882	39.4421	39.4906	39.51	39.4654	39.4408	39.4908	39.471	39.1468	39.238	39.1286	39.4547	39.4135	39.3549	39.25	39.298	39.1504	38.9184	39.0437	38.9899	38.9087	38.8617	38.8721	38.8912	38.8816	38.7991	38.8441	38.8245	38.8782	38.8418	38.8389	38.8544	38.8465	38.8071	38.8409	38.8672	38.8954	38.9662	39.0273	39.0185	39.0183	38.9908	38.9617	38.936	38.9183	38.9176	38.8701	38.8489	38.8119	38.7665	38.7203	38.6453	38.6053	38.5161	38.4369	38.3858	38.3274	38.2387	38.1667	38.0661	37.9924	37.8624	37.7685	37.6582	37.5375	37.4226	37.2855	37.1208	37.0132	36.8376	36.7312	36.6366	36.5343	36.404	36.2873	36.1259	36.0167	35.9262	35.817	35.7102	35.621	35.4877	35.3507	35.2792	35.1516	35.0451	34.9818	34.9072	34.7922	34.7047	34.6085	34.482	34.4545	34.3732	34.3172	34.3016	34.2232	34.1128	34.0191	34.0338	34.026	33.9174	33.921	33.8779	33.8643	33.863	33.8038	33.7639	33.7827	33.7508	33.7461	33.6828	33.7079	33.7308	33.7168
Sor-CPnd_069-Ex1-6B-lcwgs-1-3	39.6678	39.6197	39.748	39.6905	39.5646	39.4239	39.3331	39.2022	39.19	39.345	39.5342	39.4475	39.4751	39.5557	39.5306	39.6834	39.634	39.6671	39.6376	39.6189	39.7071	39.6866	39.6553	39.6017	39.6815	39.5558	39.6075	39.5962	39.5909	39.5385	39.5679	39.5253	39.5346	39.582	39.5483	39.5608	39.5072	39.5101	39.5704	39.5333	39.5241	39.5438	39.5307	39.1437	39.2865	38.8848	39.4885	38.8405	38.9199	38.821	39.1331	38.7784	38.745	38.7974	38.7635	38.7259	38.7459	38.896	38.743	38.8064	38.6617	38.6975	38.7446	38.9462	38.7053	38.6985	38.6998	38.7319	38.7131	38.705	38.6894	38.7334	38.8683	38.9551	38.9663	38.9515	38.9374	38.9002	38.8654	38.8404	38.8254	38.7753	38.7508	38.7072	38.647	38.5832	38.5142	38.4528	38.3616	38.296	38.2516	38.1879	38.1196	38.0734	38.0244	37.979	37.9035	37.831	37.7491	37.6644	37.5888	37.4897	37.3487	37.2802	37.1772	37.082	37.0054	36.9289	36.8305	36.75	36.6166	36.5461	36.4815	36.3849	36.3098	36.2378	36.1282	36.04	35.9629	35.8946	35.7803	35.7594	35.6739	35.6059	35.5234	35.4481	35.3699	35.3098	35.2432	35.2064	35.1518	35.094	35.0308	34.9314	34.9602	34.9277	34.8465	34.8288	34.8023	34.7898	34.7731	34.7256	34.7179	34.6921	34.6874	34.6834	34.6293	34.6473	34.6589	34.6385
Sor-CPnd_072-Ex1-8C-lcwgs-1-3	39.549	39.5232	39.6608	39.5199	39.6578	38.8165	39.6003	38.9992	39.0366	39.1139	39.5097	39.4459	39.4444	39.5219	39.5113	39.6657	39.6114	39.6664	39.6249	39.6084	39.6836	39.6687	39.6313	39.5974	39.6606	39.5365	39.5965	39.5726	39.5651	39.527	39.5545	39.516	39.5414	39.5659	39.5303	39.5454	39.4923	39.5297	39.5505	39.5187	39.498	39.539	39.518	39.237	39.3234	39.2471	39.4922	39.4666	39.431	39.3403	39.3693	39.2655	39.0805	39.1743	39.1428	39.0588	39.0118	39.0247	39.0334	39.0159	38.9515	38.9917	38.971	39.0149	38.9884	38.9884	38.9951	38.9801	38.9445	38.9775	38.9969	39.0242	39.081	39.1281	39.1173	39.1159	39.0927	39.0693	39.035	39.0323	39.0223	38.9846	38.9852	38.9519	38.917	38.8762	38.8306	38.7971	38.7261	38.6781	38.6486	38.6036	38.5499	38.499	38.442	38.3965	38.3115	38.2456	38.177	38.0958	38.0295	37.9437	37.8209	37.7676	37.6613	37.5949	37.5412	37.4663	37.3954	37.3187	37.2126	37.1485	37.0956	37.0213	36.9719	36.9195	36.8279	36.7462	36.6871	36.6247	36.533	36.523	36.4507	36.4046	36.3305	36.2725	36.2021	36.166	36.1227	36.0832	36.056	36.0099	35.9398	35.8599	35.8912	35.876	35.795	35.7819	35.7605	35.7591	35.7526	35.6976	35.6855	35.6751	35.6574	35.6439	35.5989	35.595	35.6226	35.5956
