Sample	1	2	3	4	5	6	7	8	9	10	11	12	13	14	15	16	17	18	19	20	21	22	23	24	25	26	27	28	29	30	31
Sor-CPnd_001-Ex1-3E-lcwgs-1-3	93.23136640654378	6.110743354746077	0.5758443116377796	0.06958364799811045	0.009540946822429616	0.0018025241553775823	0.0005283260455417051	6.215600535784766e-05	0.00012431201071569532	9.32340080367715e-05	0.0	3.107800267892383e-05	0.0	3.107800267892383e-05	0.0	0.0	0.0	0.0	0.0	0.0	0.0	3.107800267892383e-05	0.0	0.0	0.0	0.0	0.0	0.0	0.0	0.0	0.0002175460187524668
Sor-CPnd_002-Ex1-5E-lcwgs-1-3	93.4908191976548	5.847762493319164	0.5703977252294425	0.07576781566719701	0.012617635424119958	0.0019220967967946867	0.0001550078061931199	6.200312247724796e-05	0.00012400624495449591	0.0	0.0	3.100156123862398e-05	3.100156123862398e-05	0.0	0.0	0.0	0.0	3.100156123862398e-05	6.200312247724796e-05	0.0	0.0	0.0	0.0	0.0	0.0	0.0	0.0	0.0	0.0	0.0	0.00021701092867036783
Sor-CPnd_003-Ex1-2B-lcwgs-1-3	92.12459245749692	6.965222496617731	0.7763335051398014	0.10935689888057858	0.01914492518271862	0.004154856103483616	0.000597430289389801	0.00021724737795992765	5.431184448998191e-05	5.431184448998191e-05	5.431184448998191e-05	0.0	0.0	0.0	0.0	0.0	2.7155922244990957e-05	0.0	0.0	0.0	0.0	2.7155922244990957e-05	0.0	0.0	0.0	0.0	0.0	0.0	2.7155922244990957e-05	0.0	0.00013577961122495478
Sor-CPnd_004-Ex1-1G-lcwgs-1-3	94.22364950996068	5.297180162305933	0.42698219802547827	0.044814643955197256	0.006013534489957716	0.0007649725852949744	0.00023374162328457555	2.124923848041596e-05	6.374771544124787e-05	0.0	2.124923848041596e-05	6.374771544124787e-05	0.0	0.0	2.124923848041596e-05	4.249847696083192e-05	0.0	0.0	0.0	0.0	0.0	0.0	0.0	0.0	2.124923848041596e-05	4.249847696083192e-05	0.0	2.124923848041596e-05	0.0	0.0	4.249847696083192e-05
Sor-CPnd_005-Ex1-3D-lcwgs-1-3	91.36561701197533	7.605156051722428	0.8786903029554806	0.1263309579659137	0.019631693243661694	0.003481083750422486	0.0004452548983098529	0.00012143315408450533	0.00012143315408450533	0.0	4.047771802816844e-05	8.095543605633689e-05	0.0	4.047771802816844e-05	4.047771802816844e-05	8.095543605633689e-05	4.047771802816844e-05	4.047771802816844e-05	0.0	0.0	0.0	0.0	0.0	0.0	0.0	0.0	0.0	0.0	0.0	0.0	4.047771802816844e-05
Sor-CPnd_006-Ex1-2D-lcwgs-1-3	92.46902409404501	6.694410883822302	0.7140222916404789	0.10155796314783976	0.016829367870243497	0.003220434592454002	0.0005609789290081165	4.1553994741341964e-05	4.1553994741341964e-05	4.1553994741341964e-05	2.0776997370670982e-05	0.0	0.0	2.0776997370670982e-05	2.0776997370670982e-05	0.0	0.0	0.0	0.0	0.0	0.0	0.0	0.0	0.0	0.0	2.0776997370670982e-05	0.0	0.0	0.0	0.0	0.00016621597896536786
Sor-CPnd_007-Ex1-1C-lcwgs-1-3	92.29099181866421	6.872708156783856	0.7188368722428582	0.0984057087191022	0.014948955751090977	0.0023759929670608172	0.0003464989743630359	0.0002474992674021685	0.0001979994139217348	0.0	4.94998534804337e-05	9.89997069608674e-05	0.0	9.89997069608674e-05	4.94998534804337e-05	0.0	4.94998534804337e-05	4.94998534804337e-05	4.94998534804337e-05	0.0	4.94998534804337e-05	0.0	4.94998534804337e-05	0.0	0.0	0.0	0.0	0.0	0.0	0.0	0.0003959988278434696
Sor-CPnd_008-Ex1-1A-lcwgs-1-3	83.12787528126606	13.659731501518346	2.5749972610795187	0.5041299175327429	0.10511836350203523	0.021293351024730813	0.005075196242482014	0.0011236596846823648	0.00022473193693647297	7.4910645645491e-05	5.618298423411824e-05	0.0	1.872766141137275e-05	1.872766141137275e-05	1.872766141137275e-05	3.74553228227455e-05	0.0	0.0	1.872766141137275e-05	0.0	1.872766141137275e-05	0.0	0.0	0.0	0.0	0.0	0.0	0.0	1.872766141137275e-05	0.0	0.000149821291290982
Sor-CPnd_009-Ex1-6A-lcwgs-1-3	88.53706725066772	9.842194863107883	1.3655467501725176	0.211935183982264	0.035220594810466806	0.005778708370100541	0.0013708614746588874	0.0004007133541310594	0.00010545088266606826	8.436070613285461e-05	4.2180353066427304e-05	2.1090176533213652e-05	2.1090176533213652e-05	2.1090176533213652e-05	0.0	2.1090176533213652e-05	2.1090176533213652e-05	0.0	4.2180353066427304e-05	2.1090176533213652e-05	0.0	0.0	0.0	0.0	0.0	2.1090176533213652e-05	0.0	0.0	0.0	0.0	6.327052959964095e-05
Sor-CPnd_010-Ex1-1H-lcwgs-1-3	92.53826364367339	6.706689846424081	0.6600014838253015	0.08020677306095113	0.01112868976220697	0.0017043939275452117	0.0009023261969357002	0.0	0.00030077539897856674	0.0	0.00010025846632618891	0.0	0.0	0.0	0.00010025846632618891	0.00010025846632618891	0.0	0.0	0.0	0.00010025846632618891	0.0	0.0	0.0	0.0	0.00010025846632618891	0.0	0.0	0.00020051693265237783	0.0	0.0	0.00010025846632618891
Sor-CPnd_012-Ex1-5B-lcwgs-1-3	91.51456965210794	7.422798312125728	0.8932373122840346	0.1390299090010863	0.02398479166325489	0.004674134363962902	0.0006141198434403812	0.0004094132289602542	3.411776908002118e-05	3.411776908002118e-05	0.0	6.823553816004235e-05	6.823553816004235e-05	6.823553816004235e-05	0.0	3.411776908002118e-05	3.411776908002118e-05	0.0	0.0	0.0	0.0	0.0	3.411776908002118e-05	0.0	0.0	0.0	3.411776908002118e-05	0.0	0.0	0.0	0.0002729421526401694
Sor-CPnd_013-Ex1-7F-lcwgs-1-3	93.92424043959447	5.483243463869002	0.5118253548402505	0.06683219727040951	0.01031249389391809	0.0020263145896821507	0.00039802608011613676	0.00021710513460880188	0.00014473675640586792	0.00010855256730440094	3.618418910146698e-05	7.236837820293396e-05	0.0	3.618418910146698e-05	3.618418910146698e-05	7.236837820293396e-05	3.618418910146698e-05	0.0	3.618418910146698e-05	0.0	0.0	0.0	0.0	0.0	3.618418910146698e-05	0.0	3.618418910146698e-05	0.0	0.0	0.0	0.00025328932371026884
Sor-CPnd_014-Ex1-1F-lcwgs-1-3	93.58227480471969	5.827254974025071	0.518134153950643	0.061702232260716514	0.008424769515415487	0.0016459703937572673	0.00023823255699118343	4.331501036203335e-05	6.497251554305004e-05	2.1657505181016674e-05	0.0	0.0	2.1657505181016674e-05	4.331501036203335e-05	0.0	0.0	0.0	0.0	0.0	0.0	0.0	0.0	2.1657505181016674e-05	0.0	4.331501036203335e-05	0.0	0.0	0.0	0.0	0.0	6.497251554305004e-05
Sor-CPnd_015-Ex1-5F-lcwgs-1-3	92.68592236172216	6.467003866841267	0.7177421748601734	0.1045831956815968	0.019428651169747433	0.003777793283006445	0.0006553314878684649	0.0003083912884086894	3.854891105108617e-05	7.709782210217235e-05	0.0	0.0	0.0	0.0	0.0	3.854891105108617e-05	0.0	3.854891105108617e-05	0.0	0.0	0.0	3.854891105108617e-05	0.0	0.00011564673315325852	0.0	0.0	0.0	0.0	3.854891105108617e-05	0.0	0.00019274455525543086
Sor-CPnd_016-Ex1-1B-lcwgs-1-3	87.41156102539885	10.713557576304908	1.5663685910767247	0.25410239583863015	0.043294133348176424	0.008822442883103755	0.0016361621346846964	0.00032081610484013654	8.020402621003414e-05	1.6040805242006828e-05	0.0	1.6040805242006828e-05	4.812241572602048e-05	0.0	1.6040805242006828e-05	1.6040805242006828e-05	0.0	0.0	0.0	0.0	0.0	0.0	0.0	0.0	1.6040805242006828e-05	0.0	0.0	0.0	1.6040805242006828e-05	1.6040805242006828e-05	9.624483145204096e-05
Sor-CPnd_017-Ex1-3G-lcwgs-1-3	94.43622873908123	5.070136743287802	0.4362317056348202	0.04805816818282277	0.006378090221794379	0.001334949116189521	0.00014832767957661348	0.00014832767957661348	0.00014832767957661348	0.00014832767957661348	0.0	0.0	0.00014832767957661348	0.00029665535915322696	0.0	0.00029665535915322696	0.0	0.00014832767957661348	0.0	0.0	0.0	0.0	0.0	0.0	0.0	0.0	0.0	0.0	0.0	0.00014832767957661348	0.0
Sor-CPnd_018-Ex1-1E-lcwgs-1-3	94.03521867601671	5.429797635440929	0.47399019438760426	0.05231291536282716	0.00680679746680061	0.00091777044496188	0.00022944261124047	0.000114721305620235	0.0	7.648087041349001e-05	0.0	7.648087041349001e-05	0.0	7.648087041349001e-05	3.8240435206745004e-05	0.000114721305620235	0.0	0.0	0.0	3.8240435206745004e-05	0.0	3.8240435206745004e-05	0.0	0.0	0.0	0.0	0.0	0.0	0.0	0.0	0.00015296174082698002
Sor-CPnd_019-Ex1-6G-lcwgs-1-3	92.27354238508623	6.836130849923607	0.7567889945806784	0.10904759998578714	0.019497683891045055	0.003598188492003701	0.0006746603422506939	0.00033733017112534696	0.0001574207465251619	2.2488678075023128e-05	2.2488678075023128e-05	2.2488678075023128e-05	2.2488678075023128e-05	0.0	2.2488678075023128e-05	0.0	0.0	4.4977356150046256e-05	0.0	0.0	0.0	0.0	0.0	0.0	0.0	0.0	0.0	0.0	0.0	0.0	6.746603422506939e-05
Sor-CPnd_020-Ex1-2E-lcwgs-1-3	91.36672140155211	7.598740525493043	0.8780679242340347	0.12862592128051237	0.02218638213850024	0.004407609823121346	0.000847617273677182	0.0001271425910515773	4.23808636838591e-05	2.119043184192955e-05	0.0	0.0	0.0	2.119043184192955e-05	0.0	0.0	2.119043184192955e-05	0.0	0.0	0.0	2.119043184192955e-05	0.0	0.0	0.0	0.0	2.119043184192955e-05	4.23808636838591e-05	0.0	2.119043184192955e-05	0.0	6.357129552578865e-05
Sor-CPnd_022-Ex1-7C-lcwgs-1-3	91.60722198843966	7.33393712332896	0.8921434010946848	0.13602262562253709	0.024559303680643626	0.0045138641152171095	0.0008979192057152315	0.00024268086640952204	0.00012134043320476102	4.853617328190441e-05	2.4268086640952204e-05	2.4268086640952204e-05	0.0	2.4268086640952204e-05	0.0	0.0	2.4268086640952204e-05	0.0	0.0	0.0	0.0	0.0	0.0	0.0	0.0	2.4268086640952204e-05	0.0	0.0	0.0	0.0	0.00016987660648666542
Sor-CPnd_024-Ex1-5G-lcwgs-1-3	93.8429586099015	5.545649600473513	0.5287384264152538	0.06854310235488098	0.010146704434955398	0.0027480657844670864	0.00026423709466029676	0.00010569483786411871	5.2847418932059355e-05	0.0	0.0001585422567961781	5.2847418932059355e-05	0.0	0.0	0.00010569483786411871	5.2847418932059355e-05	5.2847418932059355e-05	0.0	0.0	0.0	0.0	0.0	0.0	5.2847418932059355e-05	0.0	0.0	0.0	5.2847418932059355e-05	0.0	0.0	0.00026423709466029676
Sor-CPnd_026-Ex1-3H-lcwgs-1-3	91.5951931304668	7.423420444333741	0.8409767053854502	0.1156517435262616	0.02016282717622719	0.003435625503936475	0.0007515430789861039	0.00015030861579722082	6.44179781988089e-05	2.147265939960297e-05	2.147265939960297e-05	0.0	0.0	0.0	0.0	2.147265939960297e-05	0.0	0.0	2.147265939960297e-05	0.0	0.0	2.147265939960297e-05	0.0	2.147265939960297e-05	0.0	0.0	0.0	0.0	0.0	0.0	6.44179781988089e-05
Sor-CPnd_027-Ex1-3C-lcwgs-1-3	89.8961710510116	8.741608719211102	1.1433217890547998	0.17817234061348602	0.031996594449425556	0.006225424354833885	0.0015302719084507874	0.0002434523490717162	0.00013911562804098067	6.955781402049034e-05	6.955781402049034e-05	3.477890701024517e-05	0.0	3.477890701024517e-05	3.477890701024517e-05	3.477890701024517e-05	0.0	3.477890701024517e-05	0.0	0.0	6.955781402049034e-05	6.955781402049034e-05	0.0	0.0	0.0	0.0	0.0	0.0	0.0	0.0	0.00013911562804098067
Sor-CPnd_028-Ex1-3A-lcwgs-1-3	89.66467200394045	8.88080809220192	1.2123310012135295	0.1956358057939218	0.037270677235935135	0.006767941389627565	0.0015744863649480795	0.0003524969473764357	0.00018799837193409906	2.3499796491762383e-05	2.3499796491762383e-05	0.0	2.3499796491762383e-05	0.0	0.0	9.399918596704953e-05	0.0	2.3499796491762383e-05	2.3499796491762383e-05	0.0	0.0	0.0	0.0	2.3499796491762383e-05	0.0	0.0	2.3499796491762383e-05	0.0	2.3499796491762383e-05	0.0	0.0001174989824588119
Sor-CPnd_029-Ex1-8E-lcwgs-1-3	91.63731449179858	7.343654810384918	0.8619137037446057	0.1294602689611732	0.022297636507948963	0.00409587486068762	0.0007273048818043439	0.00017225641937471304	5.741880645823767e-05	3.8279204305491786e-05	1.9139602152745893e-05	0.0	0.0	0.0	3.8279204305491786e-05	0.0	0.0	0.0	0.0	0.0	0.0	0.0	1.9139602152745893e-05	0.0	1.9139602152745893e-05	0.0	3.8279204305491786e-05	1.9139602152745893e-05	0.0	0.0	0.00011483761291647534
Sor-CPnd_030-Ex1-2H-lcwgs-1-3	93.10327587606315	6.197891961238948	0.6065865641153203	0.0772159543839497	0.011974336651068139	0.00200601000597791	0.00046292538599490226	0.0001851701543979609	3.086169239966015e-05	3.086169239966015e-05	0.0	0.0	6.17233847993203e-05	9.258507719898045e-05	0.0	0.0	0.0	0.0	0.0	0.0	0.0	0.0	0.0	0.0	0.0	0.0	3.086169239966015e-05	0.0	0.0	0.0	0.00015430846199830075
Sor-CPnd_031-Ex1-5D-lcwgs-1-3	90.95783233536629	7.873821032502421	0.9835590031507709	0.15026595881470112	0.027465095155753835	0.005513592136136351	0.0010286552492791699	0.00020573104985583394	6.17193149567502e-05	2.0573104985583396e-05	2.0573104985583396e-05	6.17193149567502e-05	0.0	0.0	0.0	0.0	0.0	0.0	4.114620997116679e-05	0.0	0.0	0.0	0.0	0.0	2.0573104985583396e-05	0.0	0.0	0.0	0.0	0.0	8.229241994233358e-05
Sor-CPnd_033-Ex1-2F-lcwgs-1-3	92.77060872301475	6.483250349734503	0.6480811050675218	0.08269223810973837	0.012033875359135969	0.0019920942317488595	0.0005691697804996741	0.0001219649529642159	8.130996864281059e-05	8.130996864281059e-05	4.0654984321405296e-05	4.0654984321405296e-05	4.0654984321405296e-05	0.0	0.0	0.0	0.0	0.0	4.0654984321405296e-05	0.0	4.0654984321405296e-05	0.0	0.0	0.0	0.0	0.0	0.0	4.0654984321405296e-05	0.0	0.0	0.0002439299059284318
Sor-CPnd_034-Ex1-4G-lcwgs-1-3	93.61956713702037	5.748620390636317	0.5472797734682417	0.06950135629341975	0.01131071322976424	0.0020339440457032188	0.0004960839135861509	0.00039686713086892076	0.0	0.0	4.9608391358615094e-05	0.0	0.0	9.921678271723019e-05	4.9608391358615094e-05	9.921678271723019e-05	0.0	0.0	0.0	4.9608391358615094e-05	0.0	4.9608391358615094e-05	0.0	0.0	0.0	4.9608391358615094e-05	0.0	0.0	0.0	0.0	0.00034725873951030567
Sor-CPnd_036-Ex1-5C-lcwgs-1-3	91.7346363705963	7.246091496971982	0.8580433516188604	0.1303367438389784	0.024102805067119502	0.005220898700326399	0.0010317981621198416	0.00016508770593917467	8.254385296958734e-05	0.0	0.0	2.0635963242396834e-05	2.0635963242396834e-05	0.0	2.0635963242396834e-05	4.127192648479367e-05	0.0	2.0635963242396834e-05	0.0	0.0	2.0635963242396834e-05	2.0635963242396834e-05	0.0	0.0	0.0	0.0	0.0	0.0	0.0	0.0	0.000123815779454381
Sor-CPnd_037-Ex1-6C-lcwgs-1-3	90.09992523337142	8.469173156140771	1.1788385317500574	0.20194304188553108	0.03863949541589295	0.007886909352379795	0.0021943417149766367	0.0005088328614438577	0.00015901026920120555	0.00012720821536096443	6.360410768048222e-05	3.180205384024111e-05	3.180205384024111e-05	6.360410768048222e-05	6.360410768048222e-05	3.180205384024111e-05	3.180205384024111e-05	3.180205384024111e-05	0.0	3.180205384024111e-05	0.0	0.0	0.0	0.0	0.0	0.0	0.0	0.0	3.180205384024111e-05	0.0	0.00019081232304144665
Sor-CPnd_038-Ex1-2A-lcwgs-1-3	87.71604055437817	10.356176591914576	1.5857978514043647	0.2755973607268048	0.05196753664026526	0.010992375074021236	0.0025806471947971	0.00039399193813696183	0.00011819758144108855	1.9699596906848092e-05	0.0	1.9699596906848092e-05	1.9699596906848092e-05	1.9699596906848092e-05	1.9699596906848092e-05	0.0	1.9699596906848092e-05	3.9399193813696185e-05	0.0	0.0	0.0	0.0	3.9399193813696185e-05	0.0	1.9699596906848092e-05	0.0	0.0	0.0	1.9699596906848092e-05	1.9699596906848092e-05	7.879838762739237e-05
Sor-CPnd_041-Ex1-7A-lcwgs-1-3	91.6138690419348	7.596659714109505	0.7088452242342033	0.07138558808270641	0.007776278738271119	0.0010737121270416189	4.880509668370995e-05	3.2536731122473295e-05	1.6268365561236647e-05	0.0	1.6268365561236647e-05	1.6268365561236647e-05	0.0	3.2536731122473295e-05	1.6268365561236647e-05	0.0	0.0	0.0	0.0	1.6268365561236647e-05	1.6268365561236647e-05	1.6268365561236647e-05	1.6268365561236647e-05	0.0	0.0	0.0	1.6268365561236647e-05	0.0	1.6268365561236647e-05	0.0	0.00011387855892865655
Sor-CPnd_043-Ex1-1D-lcwgs-1-3	92.26512345260018	6.879117071218875	0.7365256192878136	0.10002114548716419	0.015600261476949004	0.002461988168191067	0.0005982401156352126	0.00011504617608369471	6.902770565021684e-05	2.3009235216738942e-05	0.0	0.0	0.0	4.6018470433477884e-05	2.3009235216738942e-05	2.3009235216738942e-05	0.0	0.0	0.0	2.3009235216738942e-05	0.0	2.3009235216738942e-05	0.0	2.3009235216738942e-05	0.0	0.0	2.3009235216738942e-05	0.0	0.0	0.0	0.0001610646465171726
Sor-CPnd_044-Ex1-8G-lcwgs-1-3	93.43359695950133	5.907968762670657	0.5701508774023566	0.07298298440734603	0.012163830734557672	0.002180309282609394	0.00045901248054934615	0.00011475312013733654	5.737656006866827e-05	7.650208009155769e-05	1.9125520022889422e-05	0.0	0.0	1.9125520022889422e-05	3.8251040045778844e-05	1.9125520022889422e-05	1.9125520022889422e-05	0.0	0.0	0.0	0.0	0.0	0.0	0.0	0.0	0.0	3.8251040045778844e-05	0.0	0.0	1.9125520022889422e-05	7.650208009155769e-05
Sor-CPnd_045-Ex1-7B-lcwgs-1-3	89.78767147345535	8.786627923047874	1.190179527665101	0.19222859427878322	0.03456332060607811	0.006131196379310309	0.0017873996224430054	0.00027018831502045426	6.235114962010484e-05	6.235114962010484e-05	0.0	2.0783716540034945e-05	4.156743308006989e-05	0.0	0.0	4.156743308006989e-05	2.0783716540034945e-05	4.156743308006989e-05	2.0783716540034945e-05	2.0783716540034945e-05	0.0	2.0783716540034945e-05	0.0	0.0	2.0783716540034945e-05	0.0	0.0	0.0	0.0	2.0783716540034945e-05	0.00014548601578024463
Sor-CPnd_046-Ex1-5A-lcwgs-1-3	91.79539840450698	7.242465666812742	0.8199848691970428	0.11777607719761832	0.01870638175408303	0.0035755787968177345	0.0008284877699943533	0.00021802309736693504	0.00021802309736693504	4.360461947338701e-05	0.0	0.0	4.360461947338701e-05	4.360461947338701e-05	0.0	8.720923894677401e-05	4.360461947338701e-05	0.0	8.720923894677401e-05	0.0	0.0	0.0	4.360461947338701e-05	4.360461947338701e-05	0.0	0.0	0.0	0.0	0.0	0.0	0.0003924415752604831
Sor-CPnd_049-Ex1-3B-lcwgs-1-3	93.09325917091267	6.174854642240132	0.6290066562014927	0.0847372159713757	0.014141139534679777	0.0026309096808706557	0.000438484946811776	0.00016443185505441598	0.00016443185505441598	5.4810618351472e-05	5.4810618351472e-05	0.0	5.4810618351472e-05	0.0	5.4810618351472e-05	0.0	0.0	5.4810618351472e-05	0.0	0.0	0.0	0.0	0.000109621236702944	0.0	0.0	0.0	0.0	5.4810618351472e-05	0.0	0.0	0.00016443185505441598
Sor-CPnd_050-Ex1-3F-lcwgs-1-3	92.53194635879989	6.64997507559174	0.7009038729440822	0.0970230434339517	0.015701685498697982	0.0032048961590587653	0.0005994769793922872	0.00020751126209733018	9.222722759881341e-05	2.3056806899703352e-05	2.3056806899703352e-05	0.0	0.0	2.3056806899703352e-05	2.3056806899703352e-05	0.0	2.3056806899703352e-05	2.3056806899703352e-05	0.0	2.3056806899703352e-05	0.0	0.0	2.3056806899703352e-05	0.0	0.0	0.0	4.6113613799406704e-05	0.0	0.0	0.0	0.00011528403449851676
Sor-CPnd_052-Ex1-6D-lcwgs-1-3	92.72623656795064	6.49467042684384	0.6682451671935923	0.09184209987230875	0.014538820642735368	0.0030443323067958603	0.0005974857798384398	0.00019916192661281328	0.00011380681520732188	2.845170380183047e-05	2.845170380183047e-05	2.845170380183047e-05	2.845170380183047e-05	8.535511140549141e-05	2.845170380183047e-05	0.0	0.0	0.0	2.845170380183047e-05	2.845170380183047e-05	0.0	0.0	0.0	0.0	0.0	0.0	0.0	0.0	2.845170380183047e-05	0.0	0.00019916192661281328
Sor-CPnd_053-Ex1-2C-lcwgs-1-3	90.12134863627954	8.49720665864518	1.144783804697027	0.19013897160204238	0.03706899694940386	0.00665081274957428	0.0017555444821211299	0.0003038442372901955	6.752094162004346e-05	3.376047081002173e-05	3.376047081002173e-05	3.376047081002173e-05	6.752094162004346e-05	0.00013504188324008691	0.0	0.0	0.0	0.0	3.376047081002173e-05	0.0	0.0	0.0	3.376047081002173e-05	3.376047081002173e-05	3.376047081002173e-05	0.0	3.376047081002173e-05	0.0	0.0	0.0	0.00020256282486013038
Sor-CPnd_054-Ex1-8F-lcwgs-1-3	94.58382931689715	4.9464820411214365	0.4098387854823072	0.047904018205940216	0.008808547428296312	0.0013273153659076635	0.00042232761642516564	0.0002413300665286661	0.0002413300665286661	0.0	0.00012066503326433304	6.033251663216652e-05	6.033251663216652e-05	0.0	0.0	0.00012066503326433304	0.00012066503326433304	0.0	6.033251663216652e-05	0.0	0.0	0.0	0.0	0.0	0.0	0.0	6.033251663216652e-05	0.0	0.0	0.0	0.0003016625831608326
Sor-CPnd_055-Ex1-7G-lcwgs-1-3	94.24005805837065	5.246895900528383	0.4490423232956902	0.05324019110110416	0.008476854721954545	0.0013165687170338123	0.0002771723614808026	2.309769679006688e-05	0.0001385861807404013	4.619539358013376e-05	0.00011548848395033441	0.00011548848395033441	0.0	4.619539358013376e-05	0.0	0.0	0.0	2.309769679006688e-05	0.0	0.0	0.0	0.0	0.0	0.0	0.0	2.309769679006688e-05	2.309769679006688e-05	2.309769679006688e-05	2.309769679006688e-05	0.0	9.239078716026752e-05
Sor-CPnd_058-Ex1-2G-lcwgs-1-3	93.76484107635761	5.665549418445677	0.5013945215021112	0.05720560341477876	0.009102526832666056	0.0010793510078260145	0.00021587020156520285	0.00017989183463766907	3.5978366927533815e-05	7.195673385506763e-05	0.0	0.0	0.0	3.5978366927533815e-05	3.5978366927533815e-05	0.0	0.0	0.0	3.5978366927533815e-05	0.0	3.5978366927533815e-05	0.0	0.0	3.5978366927533815e-05	0.0	3.5978366927533815e-05	3.5978366927533815e-05	0.0	0.0	0.0	7.195673385506763e-05
Sor-CPnd_063-Ex1-7D-lcwgs-1-3	93.92528159508718	5.509554894268643	0.4937180706189854	0.0593280885966123	0.010133348465800376	0.0014080021026164733	0.00021333365191158685	8.533346076463474e-05	2.1333365191158686e-05	4.266673038231737e-05	0.0	2.1333365191158686e-05	2.1333365191158686e-05	0.0	0.0	0.0	0.0	2.1333365191158686e-05	0.0	0.0	2.1333365191158686e-05	2.1333365191158686e-05	0.0	0.0	0.0	2.1333365191158686e-05	0.0	0.0	0.0	0.0	8.533346076463474e-05
Sor-CPnd_066-Ex1-8B-lcwgs-1-3	95.55147669579945	4.03523486533685	0.35980405265780935	0.04213921337433803	0.004862216927808235	0.001620738975936078	0.000810369487968039	0.0004051847439840195	0.000810369487968039	0.0	0.0004051847439840195	0.0004051847439840195	0.0	0.0	0.0004051847439840195	0.0004051847439840195	0.0	0.0004051847439840195	0.0004051847439840195	0.0	0.0004051847439840195	0.0	0.0	0.0	0.0	0.0	0.0	0.0	0.0	0.0	0.0
Sor-CPnd_069-Ex1-6B-lcwgs-1-3	88.81835065952784	9.445391466713735	1.4175916998824867	0.25582872116162364	0.04797410592656047	0.010782561843798168	0.0026541690692426264	0.00046447958711745964	0.0003649482470208611	3.3177113365532827e-05	3.3177113365532827e-05	3.3177113365532827e-05	3.3177113365532827e-05	0.0	3.3177113365532827e-05	3.3177113365532827e-05	0.0	3.3177113365532827e-05	0.0	0.0	3.3177113365532827e-05	0.0	3.3177113365532827e-05	0.0	3.3177113365532827e-05	0.0	0.0	0.0	0.0	0.0	0.0002654169069242626
Sor-CPnd_072-Ex1-8C-lcwgs-1-3	88.51641620767367	9.659556561339855	1.4859777252026893	0.27070144103537597	0.05210544526216371	0.011707827973479712	0.0023752302757698456	0.0006171858196882277	0.00016832340536951663	5.610780178983888e-05	3.7405201193225917e-05	0.0	0.0	0.0	3.7405201193225917e-05	1.8702600596612958e-05	1.8702600596612958e-05	3.7405201193225917e-05	0.0	0.0	0.0	0.0	0.0	1.8702600596612958e-05	1.8702600596612958e-05	0.0	0.0	0.0	0.0	0.0	0.00013091820417629072
