	20.0	21.0	22.0	23.0	24.0	25.0	26.0	27.0	28.0	29.0	30.0	31.0	32.0	33.0	34.0	35.0	36.0	37.0	38.0	39.0	40.0
Sor-ACeb_001-Ex1-8E-lcwgs-1-2-L2-clmp.r1	8.0	88.0	220.0	397.0	677.0	935.0	1130.0	1179.0	1360.0	1488.0	1688.0	1804.0	2280.0	2739.0	3528.0	4645.0	6953.0	11500.0	27995.0	266832.0	441496.0
	20.0	21.0	22.0	23.0	24.0	25.0	26.0	27.0	28.0	29.0	30.0	31.0	32.0	33.0	34.0	35.0	36.0	37.0	38.0	39.0	40.0
Sor-ACeb_001-Ex1-8E-lcwgs-1-2-L2-clmp.r2	32.0	188.0	420.0	615.0	849.0	1077.0	1394.0	1402.0	1533.0	1566.0	1676.0	1838.0	2206.0	2623.0	3382.0	4468.0	6573.0	10218.0	22294.0	159089.0	555499.0
	20.0	21.0	22.0	23.0	24.0	25.0	26.0	27.0	28.0	29.0	30.0	31.0	32.0	33.0	34.0	35.0	36.0	37.0	38.0	39.0	40.0
Sor-ACeb_001-Ex1-8E-lcwgs-1-2-L3-clmp.r1	3.0	61.0	213.0	353.0	624.0	909.0	981.0	1078.0	1227.0	1398.0	1475.0	1751.0	2053.0	2468.0	2998.0	4239.0	6445.0	11093.0	27039.0	234813.0	397499.0
	19.0	20.0	21.0	22.0	23.0	24.0	25.0	26.0	27.0	28.0	29.0	30.0	31.0	32.0	33.0	34.0	35.0	36.0	37.0	38.0	39.0	40.0
Sor-ACeb_001-Ex1-8E-lcwgs-1-2-L3-clmp.r2	1.0	35.0	191.0	335.0	491.0	742.0	1040.0	1224.0	1313.0	1393.0	1352.0	1460.0	1623.0	1965.0	2424.0	3073.0	3973.0	5999.0	9462.0	19712.0	136804.0	504108.0
	21.0	22.0	23.0	24.0	25.0	26.0	27.0	28.0	29.0	30.0	31.0	32.0	33.0	34.0	35.0	36.0	37.0	38.0	39.0	40.0
Sor-ACeb_002-Ex1-9E-lcwgs-1-2-L2-clmp.r1	25.0	42.0	66.0	93.0	115.0	137.0	164.0	170.0	178.0	235.0	215.0	272.0	354.0	413.0	619.0	774.0	1287.0	3154.0	33531.0	63463.0
	20.0	21.0	22.0	23.0	24.0	25.0	26.0	27.0	28.0	29.0	30.0	31.0	32.0	33.0	34.0	35.0	36.0	37.0	38.0	39.0	40.0
Sor-ACeb_002-Ex1-9E-lcwgs-1-2-L2-clmp.r2	6.0	42.0	67.0	81.0	78.0	89.0	126.0	127.0	147.0	156.0	189.0	208.0	211.0	305.0	343.0	465.0	618.0	1009.0	2280.0	18566.0	80194.0
	20.0	21.0	22.0	23.0	24.0	25.0	26.0	27.0	28.0	29.0	30.0	31.0	32.0	33.0	34.0	35.0	36.0	37.0	38.0	39.0	40.0
Sor-ACeb_002-Ex1-9E-lcwgs-1-2-L3-clmp.r1	2.0	18.0	36.0	49.0	84.0	86.0	125.0	142.0	202.0	172.0	190.0	204.0	266.0	320.0	409.0	545.0	851.0	1418.0	3720.0	36656.0	64229.0
	20.0	21.0	22.0	23.0	24.0	25.0	26.0	27.0	28.0	29.0	30.0	31.0	32.0	33.0	34.0	35.0	36.0	37.0	38.0	39.0	40.0
Sor-ACeb_002-Ex1-9E-lcwgs-1-2-L3-clmp.r2	9.0	39.0	66.0	64.0	110.0	95.0	121.0	116.0	117.0	153.0	139.0	177.0	233.0	255.0	339.0	447.0	668.0	1020.0	2331.0	20938.0	82287.0
	21.0	22.0	23.0	24.0	25.0	26.0	27.0	28.0	29.0	30.0	31.0	32.0	33.0	34.0	35.0	36.0	37.0	38.0	39.0	40.0
Sor-ACeb_003-Ex1-10E-lcwgs-1-2-L2-clmp.r1	17.0	39.0	83.0	121.0	171.0	217.0	251.0	304.0	339.0	392.0	451.0	521.0	626.0	893.0	1059.0	1793.0	3468.0	10757.0	108939.0	173404.0
	20.0	21.0	22.0	23.0	24.0	25.0	26.0	27.0	28.0	29.0	30.0	31.0	32.0	33.0	34.0	35.0	36.0	37.0	38.0	39.0	40.0
Sor-ACeb_003-Ex1-10E-lcwgs-1-2-L2-clmp.r2	6.0	48.0	96.0	143.0	152.0	184.0	251.0	200.0	253.0	238.0	290.0	307.0	424.0	518.0	648.0	830.0	1375.0	2192.0	5671.0	47105.0	242914.0
	20.0	21.0	22.0	23.0	24.0	25.0	26.0	27.0	28.0	29.0	30.0	31.0	32.0	33.0	34.0	35.0	36.0	37.0	38.0	39.0	40.0
Sor-ACeb_003-Ex1-10E-lcwgs-1-2-L3-clmp.r1	2.0	15.0	31.0	54.0	116.0	155.0	176.0	245.0	269.0	340.0	369.0	414.0	552.0	645.0	842.0	1146.0	1895.0	3646.0	11301.0	103268.0	170937.0
	20.0	21.0	22.0	23.0	24.0	25.0	26.0	27.0	28.0	29.0	30.0	31.0	32.0	33.0	34.0	35.0	36.0	37.0	38.0	39.0	40.0
Sor-ACeb_003-Ex1-10E-lcwgs-1-2-L3-clmp.r2	10.0	46.0	92.0	91.0	162.0	195.0	198.0	223.0	239.0	257.0	281.0	344.0	360.0	496.0	650.0	871.0	1219.0	2084.0	5311.0	45715.0	237574.0
	20.0	21.0	22.0	23.0	24.0	25.0	26.0	27.0	28.0	29.0	30.0	31.0	32.0	33.0	34.0	35.0	36.0	37.0	38.0	39.0	40.0
Sor-ACeb_004-Ex1-11E-lcwgs-1-2-L2-clmp.r1	5.0	49.0	86.0	131.0	207.0	215.0	285.0	312.0	397.0	383.0	471.0	492.0	617.0	638.0	802.0	1099.0	1622.0	2833.0	7533.0	73060.0	146929.0
	20.0	21.0	22.0	23.0	24.0	25.0	26.0	27.0	28.0	29.0	30.0	31.0	32.0	33.0	34.0	35.0	36.0	37.0	38.0	39.0	40.0
Sor-ACeb_004-Ex1-11E-lcwgs-1-2-L2-clmp.r2	15.0	49.0	113.0	142.0	193.0	228.0	224.0	265.0	272.0	293.0	296.0	335.0	375.0	491.0	672.0	829.0	1321.0	1951.0	4731.0	34127.0	191244.0
	20.0	21.0	22.0	23.0	24.0	25.0	26.0	27.0	28.0	29.0	30.0	31.0	32.0	33.0	34.0	35.0	36.0	37.0	38.0	39.0	40.0
Sor-ACeb_004-Ex1-11E-lcwgs-1-2-L3-clmp.r1	5.0	31.0	65.0	110.0	175.0	191.0	246.0	280.0	335.0	359.0	372.0	375.0	499.0	568.0	747.0	1020.0	1465.0	2453.0	7076.0	64121.0	132186.0
	20.0	21.0	22.0	23.0	24.0	25.0	26.0	27.0	28.0	29.0	30.0	31.0	32.0	33.0	34.0	35.0	36.0	37.0	38.0	39.0	40.0
Sor-ACeb_004-Ex1-11E-lcwgs-1-2-L3-clmp.r2	5.0	43.0	86.0	103.0	157.0	200.0	218.0	207.0	211.0	227.0	274.0	282.0	352.0	426.0	551.0	721.0	1052.0	1690.0	3886.0	29379.0	172609.0
	20.0	21.0	22.0	23.0	24.0	25.0	26.0	27.0	28.0	29.0	30.0	31.0	32.0	33.0	34.0	35.0	36.0	37.0	38.0	39.0	40.0
Sor-ACeb_005-Ex1-12E-lcwgs-1-2-L2-clmp.r1	1.0	10.0	23.0	22.0	27.0	56.0	68.0	70.0	64.0	80.0	77.0	96.0	111.0	155.0	198.0	270.0	415.0	663.0	1558.0	14546.0	24219.0
	21.0	22.0	23.0	24.0	25.0	26.0	27.0	28.0	29.0	30.0	31.0	32.0	33.0	34.0	35.0	36.0	37.0	38.0	39.0	40.0
Sor-ACeb_005-Ex1-12E-lcwgs-1-2-L2-clmp.r2	23.0	28.0	28.0	45.0	60.0	54.0	46.0	80.0	79.0	87.0	90.0	107.0	136.0	179.0	237.0	361.0	539.0	1082.0	9084.0	30384.0
	20.0	21.0	22.0	23.0	24.0	25.0	26.0	27.0	28.0	29.0	30.0	31.0	32.0	33.0	34.0	35.0	36.0	37.0	38.0	39.0	40.0
Sor-ACeb_005-Ex1-12E-lcwgs-1-2-L3-clmp.r1	1.0	8.0	15.0	16.0	40.0	53.0	55.0	61.0	74.0	90.0	91.0	117.0	153.0	176.0	189.0	261.0	464.0	717.0	1785.0	16158.0	25112.0
	20.0	21.0	22.0	23.0	24.0	25.0	26.0	27.0	28.0	29.0	30.0	31.0	32.0	33.0	34.0	35.0	36.0	37.0	38.0	39.0	40.0
Sor-ACeb_005-Ex1-12E-lcwgs-1-2-L3-clmp.r2	5.0	13.0	30.0	44.0	53.0	47.0	55.0	67.0	64.0	81.0	88.0	86.0	118.0	129.0	155.0	228.0	369.0	550.0	1183.0	10552.0	31719.0
	21.0	22.0	23.0	24.0	25.0	26.0	27.0	28.0	29.0	30.0	31.0	32.0	33.0	34.0	35.0	36.0	37.0	38.0	39.0	40.0
Sor-ACeb_006-Ex1-1F-lcwgs-1-2-L2-clmp.r1	8.0	20.0	14.0	34.0	21.0	37.0	56.0	65.0	68.0	79.0	105.0	107.0	133.0	186.0	201.0	352.0	623.0	1530.0	12783.0	22635.0
	20.0	21.0	22.0	23.0	24.0	25.0	26.0	27.0	28.0	29.0	30.0	31.0	32.0	33.0	34.0	35.0	36.0	37.0	38.0	39.0	40.0
Sor-ACeb_006-Ex1-1F-lcwgs-1-2-L2-clmp.r2	4.0	24.0	16.0	32.0	32.0	36.0	40.0	53.0	39.0	67.0	71.0	64.0	101.0	132.0	155.0	225.0	305.0	462.0	1175.0	8970.0	27054.0
	21.0	22.0	23.0	24.0	25.0	26.0	27.0	28.0	29.0	30.0	31.0	32.0	33.0	34.0	35.0	36.0	37.0	38.0	39.0	40.0
Sor-ACeb_006-Ex1-1F-lcwgs-1-2-L3-clmp.r1	6.0	3.0	16.0	21.0	25.0	33.0	38.0	52.0	67.0	62.0	75.0	98.0	104.0	131.0	205.0	334.0	535.0	1321.0	10541.0	18786.0
	20.0	21.0	22.0	23.0	24.0	25.0	26.0	27.0	28.0	29.0	30.0	31.0	32.0	33.0	34.0	35.0	36.0	37.0	38.0	39.0	40.0
Sor-ACeb_006-Ex1-1F-lcwgs-1-2-L3-clmp.r2	3.0	10.0	17.0	26.0	40.0	29.0	32.0	38.0	41.0	50.0	59.0	53.0	67.0	95.0	152.0	165.0	226.0	386.0	967.0	7486.0	22511.0
	21.0	22.0	23.0	24.0	25.0	26.0	27.0	28.0	29.0	30.0	31.0	32.0	33.0	34.0	35.0	36.0	37.0	38.0	39.0	40.0
Sor-ACeb_007-Ex1-2F-lcwgs-1-2-L2-clmp.r1	18.0	24.0	14.0	19.0	28.0	23.0	35.0	44.0	45.0	46.0	62.0	72.0	73.0	101.0	123.0	191.0	324.0	733.0	5025.0	8243.0
	20.0	21.0	22.0	23.0	24.0	25.0	26.0	27.0	28.0	29.0	30.0	31.0	32.0	33.0	34.0	35.0	36.0	37.0	38.0	39.0	40.0
Sor-ACeb_007-Ex1-2F-lcwgs-1-2-L2-clmp.r2	3.0	22.0	20.0	19.0	18.0	19.0	27.0	26.0	29.0	30.0	25.0	44.0	53.0	75.0	92.0	100.0	154.0	248.0	513.0	2997.0	10729.0
	21.0	22.0	23.0	24.0	25.0	26.0	27.0	28.0	29.0	30.0	31.0	32.0	33.0	34.0	35.0	36.0	37.0	38.0	39.0	40.0
Sor-ACeb_007-Ex1-2F-lcwgs-1-2-L3-clmp.r1	9.0	8.0	10.0	20.0	16.0	31.0	31.0	44.0	43.0	56.0	50.0	73.0	72.0	98.0	115.0	201.0	376.0	889.0	5794.0	8708.0
	20.0	21.0	22.0	23.0	24.0	25.0	26.0	27.0	28.0	29.0	30.0	31.0	32.0	33.0	34.0	35.0	36.0	37.0	38.0	39.0	40.0
Sor-ACeb_007-Ex1-2F-lcwgs-1-2-L3-clmp.r2	4.0	11.0	13.0	22.0	24.0	31.0	26.0	30.0	24.0	43.0	28.0	51.0	55.0	61.0	77.0	101.0	167.0	243.0	528.0	3639.0	11466.0
	21.0	22.0	23.0	24.0	25.0	26.0	27.0	28.0	29.0	30.0	31.0	32.0	33.0	34.0	35.0	36.0	37.0	38.0	39.0	40.0
Sor-ACeb_008-Ex1-3F-lcwgs-1-2-L2-clmp.r1	10.0	17.0	18.0	34.0	43.0	48.0	69.0	65.0	66.0	99.0	86.0	107.0	145.0	188.0	253.0	396.0	667.0	1590.0	14467.0	28302.0
	20.0	21.0	22.0	23.0	24.0	25.0	26.0	27.0	28.0	29.0	30.0	31.0	32.0	33.0	34.0	35.0	36.0	37.0	38.0	39.0	40.0
Sor-ACeb_008-Ex1-3F-lcwgs-1-2-L2-clmp.r2	3.0	17.0	22.0	31.0	33.0	46.0	50.0	53.0	61.0	50.0	61.0	77.0	100.0	131.0	154.0	228.0	316.0	516.0	1138.0	8400.0	35183.0
	21.0	22.0	23.0	24.0	25.0	26.0	27.0	28.0	29.0	30.0	31.0	32.0	33.0	34.0	35.0	36.0	37.0	38.0	39.0	40.0
Sor-ACeb_008-Ex1-3F-lcwgs-1-2-L3-clmp.r1	7.0	6.0	13.0	20.0	29.0	37.0	51.0	48.0	70.0	86.0	78.0	110.0	116.0	162.0	194.0	318.0	559.0	1550.0	12275.0	23931.0
	20.0	21.0	22.0	23.0	24.0	25.0	26.0	27.0	28.0	29.0	30.0	31.0	32.0	33.0	34.0	35.0	36.0	37.0	38.0	39.0	40.0
Sor-ACeb_008-Ex1-3F-lcwgs-1-2-L3-clmp.r2	1.0	14.0	16.0	26.0	35.0	39.0	44.0	51.0	54.0	60.0	47.0	65.0	80.0	88.0	130.0	171.0	287.0	416.0	946.0	7201.0	29889.0
	21.0	22.0	23.0	24.0	25.0	26.0	27.0	28.0	29.0	30.0	31.0	32.0	33.0	34.0	35.0	36.0	37.0	38.0	39.0	40.0
Sor-ACeb_009-Ex1-4F-lcwgs-1-2-L2-clmp.r1	2.0	0.0	2.0	7.0	11.0	10.0	10.0	18.0	17.0	19.0	21.0	20.0	36.0	44.0	60.0	93.0	142.0	442.0	4197.0	9068.0
	21.0	22.0	23.0	24.0	25.0	26.0	27.0	28.0	29.0	30.0	31.0	32.0	33.0	34.0	35.0	36.0	37.0	38.0	39.0	40.0
Sor-ACeb_009-Ex1-4F-lcwgs-1-2-L2-clmp.r2	2.0	9.0	3.0	5.0	10.0	17.0	9.0	17.0	17.0	14.0	19.0	22.0	13.0	22.0	40.0	67.0	85.0	263.0	2180.0	11405.0
	21.0	22.0	23.0	24.0	25.0	26.0	27.0	28.0	29.0	30.0	31.0	32.0	33.0	34.0	35.0	36.0	37.0	38.0	39.0	40.0
Sor-ACeb_009-Ex1-4F-lcwgs-1-2-L3-clmp.r1	2.0	4.0	1.0	4.0	7.0	10.0	7.0	11.0	12.0	13.0	19.0	20.0	25.0	37.0	55.0	81.0	121.0	398.0	3428.0	7396.0
	21.0	22.0	23.0	24.0	25.0	26.0	27.0	28.0	29.0	30.0	31.0	32.0	33.0	34.0	35.0	36.0	37.0	38.0	39.0	40.0
Sor-ACeb_009-Ex1-4F-lcwgs-1-2-L3-clmp.r2	6.0	4.0	4.0	7.0	11.0	4.0	10.0	11.0	11.0	14.0	9.0	18.0	29.0	30.0	48.0	53.0	90.0	193.0	1717.0	9382.0
	21.0	22.0	23.0	24.0	25.0	26.0	27.0	28.0	29.0	30.0	31.0	32.0	33.0	34.0	35.0	36.0	37.0	38.0	39.0	40.0
Sor-ACeb_010-Ex1-5F-lcwgs-1-2-L2-clmp.r1	8.0	13.0	21.0	39.0	51.0	51.0	76.0	94.0	106.0	94.0	118.0	161.0	162.0	234.0	321.0	418.0	740.0	1962.0	19019.0	39752.0
	20.0	21.0	22.0	23.0	24.0	25.0	26.0	27.0	28.0	29.0	30.0	31.0	32.0	33.0	34.0	35.0	36.0	37.0	38.0	39.0	40.0
Sor-ACeb_010-Ex1-5F-lcwgs-1-2-L2-clmp.r2	1.0	13.0	34.0	46.0	55.0	54.0	48.0	59.0	81.0	85.0	66.0	101.0	96.0	115.0	166.0	241.0	340.0	531.0	1292.0	9985.0	50031.0
	20.0	21.0	22.0	23.0	24.0	25.0	26.0	27.0	28.0	29.0	30.0	31.0	32.0	33.0	34.0	35.0	36.0	37.0	38.0	39.0	40.0
Sor-ACeb_010-Ex1-5F-lcwgs-1-2-L3-clmp.r1	1.0	7.0	19.0	17.0	52.0	34.0	55.0	53.0	84.0	90.0	103.0	101.0	122.0	148.0	209.0	264.0	449.0	729.0	1975.0	18042.0	35060.0
	20.0	21.0	22.0	23.0	24.0	25.0	26.0	27.0	28.0	29.0	30.0	31.0	32.0	33.0	34.0	35.0	36.0	37.0	38.0	39.0	40.0
Sor-ACeb_010-Ex1-5F-lcwgs-1-2-L3-clmp.r2	5.0	12.0	22.0	30.0	43.0	40.0	61.0	46.0	72.0	60.0	62.0	96.0	89.0	101.0	186.0	196.0	300.0	492.0	1210.0	10144.0	44347.0
	21.0	22.0	23.0	24.0	25.0	26.0	27.0	28.0	29.0	30.0	31.0	32.0	33.0	34.0	35.0	36.0	37.0	38.0	39.0	40.0
Sor-ACeb_011-Ex1-6F-lcwgs-1-2-L2-clmp.r1	10.0	10.0	15.0	19.0	18.0	27.0	25.0	38.0	51.0	43.0	61.0	79.0	95.0	126.0	169.0	286.0	445.0	998.0	8102.0	12626.0
	20.0	21.0	22.0	23.0	24.0	25.0	26.0	27.0	28.0	29.0	30.0	31.0	32.0	33.0	34.0	35.0	36.0	37.0	38.0	39.0	40.0
Sor-ACeb_011-Ex1-6F-lcwgs-1-2-L2-clmp.r2	2.0	12.0	17.0	23.0	27.0	25.0	31.0	32.0	41.0	47.0	54.0	56.0	62.0	84.0	120.0	166.0	216.0	335.0	749.0	6658.0	14486.0
	20.0	21.0	22.0	23.0	24.0	25.0	26.0	27.0	28.0	29.0	30.0	31.0	32.0	33.0	34.0	35.0	36.0	37.0	38.0	39.0	40.0
Sor-ACeb_011-Ex1-6F-lcwgs-1-2-L3-clmp.r1	1.0	2.0	5.0	9.0	10.0	13.0	18.0	25.0	30.0	41.0	40.0	39.0	58.0	69.0	84.0	126.0	228.0	356.0	865.0	6818.0	10511.0
	20.0	21.0	22.0	23.0	24.0	25.0	26.0	27.0	28.0	29.0	30.0	31.0	32.0	33.0	34.0	35.0	36.0	37.0	38.0	39.0	40.0
Sor-ACeb_011-Ex1-6F-lcwgs-1-2-L3-clmp.r2	1.0	13.0	11.0	17.0	20.0	26.0	27.0	28.0	27.0	32.0	37.0	33.0	59.0	58.0	82.0	107.0	164.0	267.0	637.0	5545.0	12157.0
	21.0	22.0	23.0	24.0	25.0	26.0	27.0	28.0	29.0	30.0	31.0	32.0	33.0	34.0	35.0	36.0	37.0	38.0	39.0	40.0
Sor-ACeb_012-Ex1-7F-lcwgs-1-2-L2-clmp.r1	20.0	41.0	58.0	80.0	102.0	125.0	130.0	161.0	191.0	207.0	245.0	279.0	336.0	424.0	585.0	875.0	1576.0	3748.0	39266.0	74110.0
	20.0	21.0	22.0	23.0	24.0	25.0	26.0	27.0	28.0	29.0	30.0	31.0	32.0	33.0	34.0	35.0	36.0	37.0	38.0	39.0	40.0
Sor-ACeb_012-Ex1-7F-lcwgs-1-2-L2-clmp.r2	4.0	38.0	52.0	58.0	108.0	113.0	111.0	119.0	138.0	155.0	159.0	188.0	194.0	264.0	318.0	492.0	681.0	1077.0	2553.0	23143.0	92594.0
	20.0	21.0	22.0	23.0	24.0	25.0	26.0	27.0	28.0	29.0	30.0	31.0	32.0	33.0	34.0	35.0	36.0	37.0	38.0	39.0	40.0
Sor-ACeb_012-Ex1-7F-lcwgs-1-2-L3-clmp.r1	3.0	18.0	26.0	32.0	58.0	75.0	108.0	131.0	118.0	126.0	156.0	225.0	235.0	272.0	359.0	503.0	701.0	1241.0	3469.0	32488.0	62147.0
	20.0	21.0	22.0	23.0	24.0	25.0	26.0	27.0	28.0	29.0	30.0	31.0	32.0	33.0	34.0	35.0	36.0	37.0	38.0	39.0	40.0
Sor-ACeb_012-Ex1-7F-lcwgs-1-2-L3-clmp.r2	6.0	21.0	49.0	61.0	74.0	82.0	90.0	104.0	110.0	109.0	127.0	165.0	199.0	220.0	300.0	365.0	578.0	938.0	2231.0	18968.0	77694.0
	20.0	21.0	22.0	23.0	24.0	25.0	26.0	27.0	28.0	29.0	30.0	31.0	32.0	33.0	34.0	35.0	36.0	37.0	38.0	39.0	40.0
Sor-ACeb_013-Ex1-8F-lcwgs-1-2-L2-clmp.r1	1.0	12.0	16.0	20.0	38.0	25.0	51.0	47.0	62.0	71.0	84.0	89.0	118.0	113.0	237.0	319.0	457.0	708.0	1734.0	16644.0	26677.0
	20.0	21.0	22.0	23.0	24.0	25.0	26.0	27.0	28.0	29.0	30.0	31.0	32.0	33.0	34.0	35.0	36.0	37.0	38.0	39.0	40.0
Sor-ACeb_013-Ex1-8F-lcwgs-1-2-L2-clmp.r2	2.0	38.0	38.0	35.0	37.0	61.0	51.0	66.0	59.0	72.0	78.0	106.0	122.0	128.0	200.0	271.0	352.0	643.0	1468.0	13711.0	29985.0
	20.0	21.0	22.0	23.0	24.0	25.0	26.0	27.0	28.0	29.0	30.0	31.0	32.0	33.0	34.0	35.0	36.0	37.0	38.0	39.0	40.0
Sor-ACeb_013-Ex1-8F-lcwgs-1-2-L3-clmp.r1	1.0	8.0	19.0	11.0	29.0	25.0	33.0	35.0	47.0	54.0	56.0	61.0	95.0	143.0	150.0	252.0	411.0	623.0	1511.0	13542.0	21519.0
	20.0	21.0	22.0	23.0	24.0	25.0	26.0	27.0	28.0	29.0	30.0	31.0	32.0	33.0	34.0	35.0	36.0	37.0	38.0	39.0	40.0
Sor-ACeb_013-Ex1-8F-lcwgs-1-2-L3-clmp.r2	6.0	32.0	31.0	31.0	37.0	39.0	56.0	45.0	57.0	52.0	66.0	65.0	89.0	99.0	137.0	223.0	292.0	483.0	1177.0	11311.0	24297.0
	20.0	21.0	22.0	23.0	24.0	25.0	26.0	27.0	28.0	29.0	30.0	31.0	32.0	33.0	34.0	35.0	36.0	37.0	38.0	39.0	40.0
Sor-ACeb_014-Ex1-9F-lcwgs-1-2-L2-clmp.r1	1.0	3.0	11.0	13.0	19.0	31.0	39.0	35.0	49.0	36.0	58.0	72.0	74.0	88.0	126.0	148.0	222.0	357.0	932.0	9668.0	19965.0
	21.0	22.0	23.0	24.0	25.0	26.0	27.0	28.0	29.0	30.0	31.0	32.0	33.0	34.0	35.0	36.0	37.0	38.0	39.0	40.0
Sor-ACeb_014-Ex1-9F-lcwgs-1-2-L2-clmp.r2	9.0	23.0	24.0	18.0	24.0	37.0	32.0	34.0	35.0	49.0	58.0	64.0	63.0	87.0	133.0	186.0	295.0	626.0	5743.0	24407.0
	21.0	22.0	23.0	24.0	25.0	26.0	27.0	28.0	29.0	30.0	31.0	32.0	33.0	34.0	35.0	36.0	37.0	38.0	39.0	40.0
Sor-ACeb_014-Ex1-9F-lcwgs-1-2-L3-clmp.r1	3.0	9.0	13.0	21.0	25.0	33.0	32.0	30.0	35.0	61.0	71.0	58.0	74.0	110.0	150.0	226.0	410.0	1026.0	9879.0	18904.0
	19.0	20.0	21.0	22.0	23.0	24.0	25.0	26.0	27.0	28.0	29.0	30.0	31.0	32.0	33.0	34.0	35.0	36.0	37.0	38.0	39.0	40.0
Sor-ACeb_014-Ex1-9F-lcwgs-1-2-L3-clmp.r2	1.0	3.0	11.0	20.0	17.0	18.0	27.0	36.0	35.0	32.0	38.0	48.0	47.0	57.0	66.0	96.0	115.0	192.0	262.0	681.0	6074.0	23294.0
	21.0	22.0	23.0	24.0	25.0	26.0	27.0	28.0	29.0	30.0	31.0	32.0	33.0	34.0	35.0	36.0	37.0	38.0	39.0	40.0
Sor-ACeb_015-Ex1-10F-lcwgs-1-2-L2-clmp.r1	7.0	19.0	17.0	24.0	44.0	56.0	56.0	68.0	65.0	77.0	86.0	112.0	133.0	181.0	232.0	323.0	539.0	1518.0	16413.0	32184.0
	20.0	21.0	22.0	23.0	24.0	25.0	26.0	27.0	28.0	29.0	30.0	31.0	32.0	33.0	34.0	35.0	36.0	37.0	38.0	39.0	40.0
Sor-ACeb_015-Ex1-10F-lcwgs-1-2-L2-clmp.r2	2.0	8.0	26.0	25.0	35.0	45.0	36.0	42.0	52.0	51.0	64.0	80.0	99.0	106.0	145.0	155.0	297.0	452.0	1042.0	9680.0	39712.0
	20.0	21.0	22.0	23.0	24.0	25.0	26.0	27.0	28.0	29.0	30.0	31.0	32.0	33.0	34.0	35.0	36.0	37.0	38.0	39.0	40.0
Sor-ACeb_015-Ex1-10F-lcwgs-1-2-L3-clmp.r1	1.0	2.0	14.0	17.0	26.0	30.0	48.0	44.0	40.0	65.0	57.0	69.0	93.0	122.0	139.0	189.0	317.0	493.0	1333.0	13460.0	26177.0
	20.0	21.0	22.0	23.0	24.0	25.0	26.0	27.0	28.0	29.0	30.0	31.0	32.0	33.0	34.0	35.0	36.0	37.0	38.0	39.0	40.0
Sor-ACeb_015-Ex1-10F-lcwgs-1-2-L3-clmp.r2	1.0	8.0	22.0	26.0	21.0	33.0	39.0	44.0	46.0	44.0	36.0	59.0	72.0	97.0	112.0	158.0	215.0	356.0	839.0	7879.0	32629.0
	20.0	21.0	22.0	23.0	24.0	25.0	26.0	27.0	28.0	29.0	30.0	31.0	32.0	33.0	34.0	35.0	36.0	37.0	38.0	39.0	40.0
Sor-ACeb_016-Ex1-11F-lcwgs-1-2-L2-clmp.r1	8.0	53.0	89.0	141.0	213.0	300.0	370.0	405.0	518.0	552.0	661.0	663.0	881.0	940.0	1209.0	1500.0	2257.0	3772.0	10551.0	100638.0	213705.0
	20.0	21.0	22.0	23.0	24.0	25.0	26.0	27.0	28.0	29.0	30.0	31.0	32.0	33.0	34.0	35.0	36.0	37.0	38.0	39.0	40.0
Sor-ACeb_016-Ex1-11F-lcwgs-1-2-L2-clmp.r2	14.0	78.0	164.0	215.0	240.0	278.0	335.0	299.0	332.0	349.0	358.0	434.0	515.0	593.0	819.0	1121.0	1678.0	2717.0	6127.0	50162.0	272598.0
	20.0	21.0	22.0	23.0	24.0	25.0	26.0	27.0	28.0	29.0	30.0	31.0	32.0	33.0	34.0	35.0	36.0	37.0	38.0	39.0	40.0
Sor-ACeb_016-Ex1-11F-lcwgs-1-2-L3-clmp.r1	1.0	40.0	78.0	110.0	182.0	230.0	322.0	327.0	408.0	475.0	526.0	619.0	724.0	844.0	998.0	1404.0	2014.0	3605.0	9695.0	83050.0	179518.0
	20.0	21.0	22.0	23.0	24.0	25.0	26.0	27.0	28.0	29.0	30.0	31.0	32.0	33.0	34.0	35.0	36.0	37.0	38.0	39.0	40.0
Sor-ACeb_016-Ex1-11F-lcwgs-1-2-L3-clmp.r2	12.0	73.0	154.0	153.0	226.0	251.0	266.0	239.0	297.0	280.0	325.0	348.0	419.0	519.0	665.0	942.0	1374.0	2181.0	5284.0	41050.0	230112.0
	20.0	21.0	22.0	23.0	24.0	25.0	26.0	27.0	28.0	29.0	30.0	31.0	32.0	33.0	34.0	35.0	36.0	37.0	38.0	39.0	40.0
Sor-ACeb_017-Ex1-12F-lcwgs-1-2-L2-clmp.r1	3.0	19.0	66.0	95.0	125.0	182.0	205.0	245.0	269.0	320.0	357.0	373.0	477.0	555.0	687.0	857.0	1402.0	2323.0	6384.0	69807.0	149159.0
	20.0	21.0	22.0	23.0	24.0	25.0	26.0	27.0	28.0	29.0	30.0	31.0	32.0	33.0	34.0	35.0	36.0	37.0	38.0	39.0	40.0
Sor-ACeb_017-Ex1-12F-lcwgs-1-2-L2-clmp.r2	11.0	44.0	107.0	126.0	144.0	163.0	200.0	182.0	201.0	197.0	260.0	295.0	302.0	396.0	518.0	677.0	1019.0	1708.0	3767.0	33820.0	189773.0
	20.0	21.0	22.0	23.0	24.0	25.0	26.0	27.0	28.0	29.0	30.0	31.0	32.0	33.0	34.0	35.0	36.0	37.0	38.0	39.0	40.0
Sor-ACeb_017-Ex1-12F-lcwgs-1-2-L3-clmp.r1	3.0	17.0	59.0	85.0	109.0	165.0	202.0	202.0	257.0	290.0	331.0	343.0	445.0	492.0	748.0	889.0	1423.0	2472.0	7009.0	69470.0	142117.0
	20.0	21.0	22.0	23.0	24.0	25.0	26.0	27.0	28.0	29.0	30.0	31.0	32.0	33.0	34.0	35.0	36.0	37.0	38.0	39.0	40.0
Sor-ACeb_017-Ex1-12F-lcwgs-1-2-L3-clmp.r2	9.0	44.0	78.0	141.0	131.0	154.0	194.0	204.0	209.0	216.0	253.0	243.0	345.0	401.0	518.0	716.0	1002.0	1610.0	3805.0	35208.0	181647.0
	21.0	22.0	23.0	24.0	25.0	26.0	27.0	28.0	29.0	30.0	31.0	32.0	33.0	34.0	35.0	36.0	37.0	38.0	39.0	40.0
Sor-ACeb_018-Ex1-1G-lcwgs-1-2-L2-clmp.r1	5.0	15.0	19.0	26.0	31.0	44.0	71.0	63.0	67.0	76.0	101.0	142.0	174.0	248.0	282.0	468.0	763.0	1832.0	17638.0	23634.0
	20.0	21.0	22.0	23.0	24.0	25.0	26.0	27.0	28.0	29.0	30.0	31.0	32.0	33.0	34.0	35.0	36.0	37.0	38.0	39.0	40.0
Sor-ACeb_018-Ex1-1G-lcwgs-1-2-L2-clmp.r2	1.0	16.0	20.0	40.0	30.0	56.0	56.0	52.0	72.0	77.0	78.0	84.0	122.0	136.0	177.0	260.0	394.0	687.0	1519.0	11413.0	30409.0
	21.0	22.0	23.0	24.0	25.0	26.0	27.0	28.0	29.0	30.0	31.0	32.0	33.0	34.0	35.0	36.0	37.0	38.0	39.0	40.0
Sor-ACeb_018-Ex1-1G-lcwgs-1-2-L3-clmp.r1	5.0	12.0	11.0	23.0	31.0	44.0	48.0	69.0	69.0	80.0	100.0	126.0	147.0	199.0	282.0	425.0	787.0	1951.0	16525.0	22944.0
	20.0	21.0	22.0	23.0	24.0	25.0	26.0	27.0	28.0	29.0	30.0	31.0	32.0	33.0	34.0	35.0	36.0	37.0	38.0	39.0	40.0
Sor-ACeb_018-Ex1-1G-lcwgs-1-2-L3-clmp.r2	1.0	19.0	38.0	29.0	47.0	52.0	56.0	70.0	64.0	68.0	70.0	87.0	106.0	165.0	170.0	259.0	391.0	604.0	1419.0	11053.0	29110.0
	20.0	21.0	22.0	23.0	24.0	25.0	26.0	27.0	28.0	29.0	30.0	31.0	32.0	33.0	34.0	35.0	36.0	37.0	38.0	39.0	40.0
Sor-ACeb_019-Ex1-3G-lcwgs-1-2-L2-clmp.r1	1.0	4.0	8.0	6.0	17.0	20.0	21.0	25.0	31.0	29.0	31.0	43.0	42.0	70.0	91.0	113.0	164.0	274.0	544.0	4393.0	6218.0
	21.0	22.0	23.0	24.0	25.0	26.0	27.0	28.0	29.0	30.0	31.0	32.0	33.0	34.0	35.0	36.0	37.0	38.0	39.0	40.0
Sor-ACeb_019-Ex1-3G-lcwgs-1-2-L2-clmp.r2	4.0	8.0	13.0	17.0	28.0	18.0	24.0	27.0	26.0	32.0	31.0	42.0	50.0	68.0	86.0	143.0	228.0	469.0	3226.0	7605.0
	21.0	22.0	23.0	24.0	25.0	26.0	27.0	28.0	29.0	30.0	31.0	32.0	33.0	34.0	35.0	36.0	37.0	38.0	39.0	40.0
Sor-ACeb_019-Ex1-3G-lcwgs-1-2-L3-clmp.r1	4.0	6.0	10.0	7.0	11.0	17.0	26.0	25.0	19.0	26.0	33.0	38.0	49.0	60.0	108.0	126.0	230.0	516.0	3615.0	5399.0
	20.0	21.0	22.0	23.0	24.0	25.0	26.0	27.0	28.0	29.0	30.0	31.0	32.0	33.0	34.0	35.0	36.0	37.0	38.0	39.0	40.0
Sor-ACeb_019-Ex1-3G-lcwgs-1-2-L3-clmp.r2	3.0	4.0	6.0	7.0	9.0	20.0	22.0	20.0	39.0	23.0	33.0	31.0	47.0	40.0	71.0	83.0	101.0	169.0	433.0	2678.0	6486.0
	21.0	22.0	23.0	24.0	25.0	26.0	27.0	28.0	29.0	30.0	31.0	32.0	33.0	34.0	35.0	36.0	37.0	38.0	39.0	40.0
Sor-ACeb_020-Ex1-2G-lcwgs-1-2-L2-clmp.r1	4.0	5.0	8.0	15.0	19.0	16.0	22.0	29.0	40.0	42.0	36.0	48.0	53.0	66.0	91.0	124.0	195.0	425.0	2640.0	3878.0
	21.0	22.0	23.0	24.0	25.0	26.0	27.0	28.0	29.0	30.0	31.0	32.0	33.0	34.0	35.0	36.0	37.0	38.0	39.0	40.0
Sor-ACeb_020-Ex1-2G-lcwgs-1-2-L2-clmp.r2	9.0	10.0	12.0	9.0	17.0	12.0	22.0	21.0	17.0	36.0	31.0	44.0	27.0	68.0	69.0	114.0	158.0	304.0	1698.0	5078.0
	21.0	22.0	23.0	24.0	25.0	26.0	27.0	28.0	29.0	30.0	31.0	32.0	33.0	34.0	35.0	36.0	37.0	38.0	39.0	40.0
Sor-ACeb_020-Ex1-2G-lcwgs-1-2-L3-clmp.r1	2.0	4.0	1.0	11.0	14.0	18.0	25.0	24.0	23.0	23.0	31.0	54.0	47.0	56.0	95.0	113.0	189.0	490.0	3016.0	4099.0
	20.0	21.0	22.0	23.0	24.0	25.0	26.0	27.0	28.0	29.0	30.0	31.0	32.0	33.0	34.0	35.0	36.0	37.0	38.0	39.0	40.0
Sor-ACeb_020-Ex1-2G-lcwgs-1-2-L3-clmp.r2	1.0	5.0	4.0	11.0	11.0	13.0	15.0	21.0	16.0	30.0	30.0	41.0	38.0	33.0	43.0	75.0	92.0	158.0	336.0	2076.0	5286.0
	24.0	25.0	26.0	27.0	28.0	29.0	30.0	31.0	32.0	33.0	34.0	35.0	36.0	37.0	38.0	39.0	40.0
Sor-ACeb_021-Ex1-4G-lcwgs-1-2-L2-clmp.r1	2.0	0.0	2.0	0.0	5.0	2.0	0.0	3.0	6.0	7.0	3.0	7.0	10.0	20.0	71.0	477.0	697.0
	21.0	22.0	23.0	24.0	25.0	26.0	27.0	28.0	29.0	30.0	31.0	32.0	33.0	34.0	35.0	36.0	37.0	38.0	39.0	40.0
Sor-ACeb_021-Ex1-4G-lcwgs-1-2-L2-clmp.r2	1.0	1.0	2.0	2.0	1.0	3.0	2.0	2.0	2.0	1.0	7.0	3.0	3.0	8.0	8.0	18.0	19.0	42.0	308.0	879.0
	21.0	22.0	23.0	24.0	25.0	26.0	27.0	28.0	29.0	30.0	31.0	32.0	33.0	34.0	35.0	36.0	37.0	38.0	39.0	40.0
Sor-ACeb_021-Ex1-4G-lcwgs-1-2-L3-clmp.r1	2.0	0.0	1.0	0.0	2.0	5.0	2.0	4.0	4.0	4.0	7.0	2.0	7.0	8.0	7.0	14.0	22.0	63.0	373.0	597.0
	21.0	22.0	23.0	24.0	25.0	26.0	27.0	28.0	29.0	30.0	31.0	32.0	33.0	34.0	35.0	36.0	37.0	38.0	39.0	40.0
Sor-ACeb_021-Ex1-4G-lcwgs-1-2-L3-clmp.r2	1.0	2.0	0.0	0.0	3.0	6.0	2.0	0.0	9.0	1.0	4.0	1.0	3.0	3.0	4.0	13.0	16.0	40.0	238.0	778.0
	21.0	22.0	23.0	24.0	25.0	26.0	27.0	28.0	29.0	30.0	31.0	32.0	33.0	34.0	35.0	36.0	37.0	38.0	39.0	40.0
Sor-ACeb_022-Ex1-5G-lcwgs-1-2-L2-clmp.r1	4.0	9.0	14.0	39.0	45.0	39.0	56.0	62.0	64.0	76.0	79.0	103.0	116.0	129.0	203.0	292.0	455.0	1088.0	8963.0	15209.0
	21.0	22.0	23.0	24.0	25.0	26.0	27.0	28.0	29.0	30.0	31.0	32.0	33.0	34.0	35.0	36.0	37.0	38.0	39.0	40.0
Sor-ACeb_022-Ex1-5G-lcwgs-1-2-L2-clmp.r2	10.0	16.0	19.0	26.0	39.0	60.0	59.0	47.0	75.0	69.0	79.0	76.0	91.0	134.0	179.0	252.0	413.0	814.0	5977.0	18610.0
	21.0	22.0	23.0	24.0	25.0	26.0	27.0	28.0	29.0	30.0	31.0	32.0	33.0	34.0	35.0	36.0	37.0	38.0	39.0	40.0
Sor-ACeb_022-Ex1-5G-lcwgs-1-2-L3-clmp.r1	3.0	3.0	11.0	23.0	38.0	41.0	47.0	55.0	49.0	57.0	59.0	102.0	117.0	150.0	195.0	291.0	460.0	1137.0	8621.0	13589.0
	20.0	21.0	22.0	23.0	24.0	25.0	26.0	27.0	28.0	29.0	30.0	31.0	32.0	33.0	34.0	35.0	36.0	37.0	38.0	39.0	40.0
Sor-ACeb_022-Ex1-5G-lcwgs-1-2-L3-clmp.r2	2.0	7.0	14.0	16.0	32.0	35.0	41.0	57.0	48.0	47.0	56.0	54.0	74.0	95.0	114.0	172.0	239.0	391.0	803.0	6250.0	16501.0
	19.0	20.0	21.0	22.0	23.0	24.0	25.0	26.0	27.0	28.0	29.0	30.0	31.0	32.0	33.0	34.0	35.0	36.0	37.0	38.0	39.0	40.0
Sor-CPnd_001-Ex1-3E-lcwgs-1-2-L2-clmp.r1	1.0	42.0	287.0	726.0	1143.0	1947.0	2608.0	3124.0	3367.0	3893.0	4043.0	4629.0	5206.0	6438.0	7722.0	10076.0	13121.0	19043.0	29963.0	65839.0	540323.0	791223.0
	19.0	20.0	21.0	22.0	23.0	24.0	25.0	26.0	27.0	28.0	29.0	30.0	31.0	32.0	33.0	34.0	35.0	36.0	37.0	38.0	39.0	40.0
Sor-CPnd_001-Ex1-3E-lcwgs-1-2-L2-clmp.r2	1.0	103.0	684.0	1167.0	1525.0	2203.0	2977.0	3488.0	3876.0	4173.0	4422.0	4730.0	5189.0	6285.0	7325.0	9380.0	12145.0	17820.0	26603.0	55185.0	402204.0	943279.0
	20.0	21.0	22.0	23.0	24.0	25.0	26.0	27.0	28.0	29.0	30.0	31.0	32.0	33.0	34.0	35.0	36.0	37.0	38.0	39.0	40.0
Sor-CPnd_001-Ex1-3E-lcwgs-1-2-L3-clmp.r1	19.0	251.0	576.0	951.0	1613.0	2141.0	2656.0	2945.0	3251.0	3503.0	4057.0	4358.0	5418.0	6429.0	8081.0	10493.0	15813.0	25194.0	57467.0	446475.0	664492.0
	20.0	21.0	22.0	23.0	24.0	25.0	26.0	27.0	28.0	29.0	30.0	31.0	32.0	33.0	34.0	35.0	36.0	37.0	38.0	39.0	40.0
Sor-CPnd_001-Ex1-3E-lcwgs-1-2-L3-clmp.r2	86.0	567.0	918.0	1227.0	1851.0	2407.0	2855.0	3128.0	3411.0	3615.0	4022.0	4308.0	5084.0	5925.0	7688.0	9866.0	14416.0	22225.0	46175.0	331471.0	794938.0
	20.0	21.0	22.0	23.0	24.0	25.0	26.0	27.0	28.0	29.0	30.0	31.0	32.0	33.0	34.0	35.0	36.0	37.0	38.0	39.0	40.0
Sor-CPnd_002-Ex1-5E-lcwgs-1-2-L2-clmp.r1	8.0	180.0	380.0	636.0	1128.0	1470.0	1826.0	2025.0	2337.0	2506.0	2700.0	3032.0	3452.0	4111.0	5081.0	6542.0	9524.0	14849.0	33380.0	248979.0	443588.0
	20.0	21.0	22.0	23.0	24.0	25.0	26.0	27.0	28.0	29.0	30.0	31.0	32.0	33.0	34.0	35.0	36.0	37.0	38.0	39.0	40.0
Sor-CPnd_002-Ex1-5E-lcwgs-1-2-L2-clmp.r2	65.0	327.0	582.0	734.0	1174.0	1485.0	1710.0	1851.0	2020.0	2142.0	2417.0	2457.0	2860.0	3417.0	4494.0	5735.0	8565.0	12685.0	25667.0	159478.0	547869.0
	20.0	21.0	22.0	23.0	24.0	25.0	26.0	27.0	28.0	29.0	30.0	31.0	32.0	33.0	34.0	35.0	36.0	37.0	38.0	39.0	40.0
Sor-CPnd_002-Ex1-5E-lcwgs-1-2-L3-clmp.r1	12.0	138.0	327.0	577.0	898.0	1301.0	1654.0	1790.0	2032.0	2072.0	2420.0	2704.0	3062.0	3578.0	4675.0	6094.0	8828.0	14307.0	33626.0	245699.0	400625.0
	20.0	21.0	22.0	23.0	24.0	25.0	26.0	27.0	28.0	29.0	30.0	31.0	32.0	33.0	34.0	35.0	36.0	37.0	38.0	39.0	40.0
Sor-CPnd_002-Ex1-5E-lcwgs-1-2-L3-clmp.r2	46.0	308.0	535.0	684.0	959.0	1369.0	1569.0	1705.0	1814.0	1879.0	2124.0	2200.0	2648.0	3162.0	4068.0	5253.0	7610.0	11920.0	24906.0	168889.0	492771.0
	20.0	21.0	22.0	23.0	24.0	25.0	26.0	27.0	28.0	29.0	30.0	31.0	32.0	33.0	34.0	35.0	36.0	37.0	38.0	39.0	40.0
Sor-CPnd_003-Ex1-2B-lcwgs-1-2-L2-clmp.r1	11.0	100.0	297.0	490.0	842.0	1162.0	1387.0	1478.0	1704.0	1863.0	2084.0	2212.0	2606.0	3036.0	3936.0	4999.0	7207.0	11074.0	23337.0	176837.0	275298.0
	20.0	21.0	22.0	23.0	24.0	25.0	26.0	27.0	28.0	29.0	30.0	31.0	32.0	33.0	34.0	35.0	36.0	37.0	38.0	39.0	40.0
Sor-CPnd_003-Ex1-2B-lcwgs-1-2-L2-clmp.r2	32.0	212.0	380.0	571.0	858.0	1086.0	1271.0	1290.0	1470.0	1561.0	1670.0	1915.0	2212.0	2638.0	3383.0	4418.0	6316.0	9541.0	18972.0	121450.0	340714.0
	20.0	21.0	22.0	23.0	24.0	25.0	26.0	27.0	28.0	29.0	30.0	31.0	32.0	33.0	34.0	35.0	36.0	37.0	38.0	39.0	40.0
Sor-CPnd_003-Ex1-2B-lcwgs-1-2-L3-clmp.r1	6.0	88.0	233.0	459.0	796.0	992.0	1242.0	1458.0	1519.0	1575.0	1850.0	2043.0	2453.0	2906.0	3818.0	4918.0	7285.0	11905.0	27622.0	223750.0	300027.0
	20.0	21.0	22.0	23.0	24.0	25.0	26.0	27.0	28.0	29.0	30.0	31.0	32.0	33.0	34.0	35.0	36.0	37.0	38.0	39.0	40.0
Sor-CPnd_003-Ex1-2B-lcwgs-1-2-L3-clmp.r2	44.0	229.0	411.0	562.0	815.0	1087.0	1281.0	1429.0	1491.0	1512.0	1651.0	1922.0	2265.0	2640.0	3521.0	4538.0	6579.0	10166.0	21604.0	161369.0	371829.0
	20.0	21.0	22.0	23.0	24.0	25.0	26.0	27.0	28.0	29.0	30.0	31.0	32.0	33.0	34.0	35.0	36.0	37.0	38.0	39.0	40.0
Sor-CPnd_004-Ex1-1G-lcwgs-1-2-L2-clmp.r1	22.0	315.0	845.0	1342.0	2226.0	3061.0	3877.0	4193.0	4755.0	5216.0	5719.0	6487.0	7878.0	9362.0	12163.0	16146.0	23735.0	37112.0	81817.0	712290.0	1150054.0
	19.0	20.0	21.0	22.0	23.0	24.0	25.0	26.0	27.0	28.0	29.0	30.0	31.0	32.0	33.0	34.0	35.0	36.0	37.0	38.0	39.0	40.0
Sor-CPnd_004-Ex1-1G-lcwgs-1-2-L2-clmp.r2	1.0	123.0	862.0	1420.0	1967.0	2890.0	3895.0	4631.0	4966.0	5299.0	5733.0	6185.0	6809.0	8134.0	9593.0	12340.0	15917.0	23439.0	35727.0	74046.0	556767.0	1307871.0
	20.0	21.0	22.0	23.0	24.0	25.0	26.0	27.0	28.0	29.0	30.0	31.0	32.0	33.0	34.0	35.0	36.0	37.0	38.0	39.0	40.0
Sor-CPnd_004-Ex1-1G-lcwgs-1-2-L3-clmp.r1	17.0	269.0	580.0	1009.0	1785.0	2499.0	3058.0	3455.0	3838.0	4009.0	4710.0	5089.0	6130.0	7541.0	9947.0	12934.0	19375.0	30708.0	71444.0	584617.0	950729.0
	20.0	21.0	22.0	23.0	24.0	25.0	26.0	27.0	28.0	29.0	30.0	31.0	32.0	33.0	34.0	35.0	36.0	37.0	38.0	39.0	40.0
Sor-CPnd_004-Ex1-1G-lcwgs-1-2-L3-clmp.r2	126.0	637.0	1085.0	1464.0	2325.0	3183.0	3786.0	4044.0	4269.0	4534.0	4990.0	5536.0	6481.0	7586.0	9770.0	12796.0	18723.0	29380.0	62053.0	462954.0	1078021.0
	20.0	21.0	22.0	23.0	24.0	25.0	26.0	27.0	28.0	29.0	30.0	31.0	32.0	33.0	34.0	35.0	36.0	37.0	38.0	39.0	40.0
Sor-CPnd_005-Ex1-3D-lcwgs-1-2-L2-clmp.r1	29.0	290.0	784.0	1309.0	1934.0	2591.0	3157.0	3496.0	4149.0	4405.0	5112.0	5810.0	7049.0	8568.0	11434.0	15155.0	21605.0	32861.0	68573.0	546241.0	763345.0
	20.0	21.0	22.0	23.0	24.0	25.0	26.0	27.0	28.0	29.0	30.0	31.0	32.0	33.0	34.0	35.0	36.0	37.0	38.0	39.0	40.0
Sor-CPnd_005-Ex1-3D-lcwgs-1-2-L2-clmp.r2	134.0	809.0	1393.0	1770.0	2529.0	3174.0	3841.0	4197.0	4690.0	4823.0	5493.0	5926.0	7151.0	8530.0	10801.0	14127.0	20219.0	30647.0	62341.0	477978.0	837324.0
	19.0	20.0	21.0	22.0	23.0	24.0	25.0	26.0	27.0	28.0	29.0	30.0	31.0	32.0	33.0	34.0	35.0	36.0	37.0	38.0	39.0	40.0
Sor-CPnd_005-Ex1-3D-lcwgs-1-2-L3-clmp.r1	1.0	21.0	232.0	600.0	1021.0	1590.0	2152.0	2498.0	2838.0	3327.0	3536.0	4133.0	4580.0	5640.0	6670.0	8816.0	11692.0	16666.0	25915.0	56867.0	436529.0	597576.0
	19.0	20.0	21.0	22.0	23.0	24.0	25.0	26.0	27.0	28.0	29.0	30.0	31.0	32.0	33.0	34.0	35.0	36.0	37.0	38.0	39.0	40.0
Sor-CPnd_005-Ex1-3D-lcwgs-1-2-L3-clmp.r2	2.0	87.0	638.0	1068.0	1398.0	1950.0	2491.0	2869.0	3199.0	3604.0	3813.0	4242.0	4605.0	5477.0	6659.0	8445.0	11007.0	15753.0	23890.0	49952.0	380912.0	660839.0
	20.0	21.0	22.0	23.0	24.0	25.0	26.0	27.0	28.0	29.0	30.0	31.0	32.0	33.0	34.0	35.0	36.0	37.0	38.0	39.0	40.0
Sor-CPnd_006-Ex1-2D-lcwgs-1-2-L2-clmp.r1	30.0	251.0	664.0	1117.0	1754.0	2501.0	3049.0	3372.0	3712.0	4062.0	4318.0	4605.0	5339.0	6450.0	7896.0	10071.0	14127.0	21453.0	45080.0	337489.0	521799.0
	19.0	20.0	21.0	22.0	23.0	24.0	25.0	26.0	27.0	28.0	29.0	30.0	31.0	32.0	33.0	34.0	35.0	36.0	37.0	38.0	39.0	40.0
Sor-CPnd_006-Ex1-2D-lcwgs-1-2-L2-clmp.r2	1.0	90.0	562.0	974.0	1168.0	1649.0	2284.0	2785.0	2742.0	2988.0	3313.0	3558.0	3863.0	4516.0	5269.0	6720.0	8670.0	12628.0	18760.0	36481.0	220690.0	659428.0
	20.0	21.0	22.0	23.0	24.0	25.0	26.0	27.0	28.0	29.0	30.0	31.0	32.0	33.0	34.0	35.0	36.0	37.0	38.0	39.0	40.0
Sor-CPnd_006-Ex1-2D-lcwgs-1-2-L3-clmp.r1	19.0	252.0	603.0	994.0	1732.0	2329.0	2648.0	2981.0	3408.0	3483.0	3923.0	4322.0	5063.0	6000.0	7654.0	10053.0	14699.0	23076.0	53488.0	428577.0	572936.0
	20.0	21.0	22.0	23.0	24.0	25.0	26.0	27.0	28.0	29.0	30.0	31.0	32.0	33.0	34.0	35.0	36.0	37.0	38.0	39.0	40.0
Sor-CPnd_006-Ex1-2D-lcwgs-1-2-L3-clmp.r2	97.0	541.0	852.0	1182.0	1687.0	2283.0	2759.0	2948.0	3091.0	3213.0	3560.0	3747.0	4568.0	5499.0	6783.0	9017.0	13057.0	19673.0	40972.0	292079.0	730632.0
	20.0	21.0	22.0	23.0	24.0	25.0	26.0	27.0	28.0	29.0	30.0	31.0	32.0	33.0	34.0	35.0	36.0	37.0	38.0	39.0	40.0
Sor-CPnd_007-Ex1-1C-lcwgs-1-2-L2-clmp.r1	10.0	126.0	273.0	426.0	649.0	853.0	1072.0	1185.0	1365.0	1662.0	1894.0	2172.0	2782.0	3524.0	4742.0	6635.0	9765.0	15411.0	34884.0	280503.0	393711.0
	20.0	21.0	22.0	23.0	24.0	25.0	26.0	27.0	28.0	29.0	30.0	31.0	32.0	33.0	34.0	35.0	36.0	37.0	38.0	39.0	40.0
Sor-CPnd_007-Ex1-1C-lcwgs-1-2-L2-clmp.r2	52.0	337.0	575.0	709.0	929.0	1104.0	1399.0	1530.0	1711.0	1824.0	2053.0	2311.0	2916.0	3548.0	4594.0	6328.0	9303.0	14347.0	31698.0	239339.0	437037.0
	20.0	21.0	22.0	23.0	24.0	25.0	26.0	27.0	28.0	29.0	30.0	31.0	32.0	33.0	34.0	35.0	36.0	37.0	38.0	39.0	40.0
Sor-CPnd_007-Ex1-1C-lcwgs-1-2-L3-clmp.r1	6.0	94.0	166.0	288.0	504.0	682.0	818.0	979.0	1098.0	1259.0	1427.0	1704.0	2189.0	2863.0	3686.0	4939.0	7547.0	12464.0	29037.0	226260.0	323261.0
	19.0	20.0	21.0	22.0	23.0	24.0	25.0	26.0	27.0	28.0	29.0	30.0	31.0	32.0	33.0	34.0	35.0	36.0	37.0	38.0	39.0	40.0
Sor-CPnd_007-Ex1-1C-lcwgs-1-2-L3-clmp.r2	1.0	44.0	261.0	414.0	554.0	759.0	977.0	1058.0	1193.0	1345.0	1471.0	1665.0	1898.0	2310.0	2805.0	3781.0	4926.0	7302.0	11473.0	25399.0	195116.0	356519.0
	20.0	21.0	22.0	23.0	24.0	25.0	26.0	27.0	28.0	29.0	30.0	31.0	32.0	33.0	34.0	35.0	36.0	37.0	38.0	39.0	40.0
Sor-CPnd_008-Ex1-1A-lcwgs-1-2-L2-clmp.r1	45.0	538.0	1153.0	1725.0	2623.0	3347.0	4148.0	4846.0	5733.0	6585.0	8098.0	10008.0	13384.0	17818.0	25314.0	34867.0	49420.0	69582.0	137240.0	974383.0	1136400.0
	19.0	20.0	21.0	22.0	23.0	24.0	25.0	26.0	27.0	28.0	29.0	30.0	31.0	32.0	33.0	34.0	35.0	36.0	37.0	38.0	39.0	40.0
Sor-CPnd_008-Ex1-1A-lcwgs-1-2-L2-clmp.r2	4.0	301.0	2088.0	3406.0	4135.0	5226.0	6191.0	7062.0	7712.0	8855.0	9769.0	10781.0	12620.0	15745.0	19008.0	25397.0	33099.0	47482.0	69499.0	140481.0	1016342.0	1062054.0
	20.0	21.0	22.0	23.0	24.0	25.0	26.0	27.0	28.0	29.0	30.0	31.0	32.0	33.0	34.0	35.0	36.0	37.0	38.0	39.0	40.0
Sor-CPnd_008-Ex1-1A-lcwgs-1-2-L3-clmp.r1	26.0	396.0	888.0	1529.0	2214.0	2997.0	3576.0	4107.0	4962.0	5654.0	7093.0	9217.0	12429.0	16731.0	23533.0	31175.0	43836.0	64057.0	133274.0	949121.0	1053044.0
	19.0	20.0	21.0	22.0	23.0	24.0	25.0	26.0	27.0	28.0	29.0	30.0	31.0	32.0	33.0	34.0	35.0	36.0	37.0	38.0	39.0	40.0
Sor-CPnd_008-Ex1-1A-lcwgs-1-2-L3-clmp.r2	2.0	317.0	1892.0	3079.0	4032.0	4896.0	5557.0	6471.0	7053.0	8070.0	8756.0	10128.0	11627.0	14651.0	18104.0	23757.0	31324.0	44416.0	64481.0	134588.0	973164.0	993494.0
	20.0	21.0	22.0	23.0	24.0	25.0	26.0	27.0	28.0	29.0	30.0	31.0	32.0	33.0	34.0	35.0	36.0	37.0	38.0	39.0	40.0
Sor-CPnd_009-Ex1-6A-lcwgs-1-2-L2-clmp.r1	38.0	356.0	811.0	1297.0	1998.0	2655.0	3305.0	3681.0	4230.0	4762.0	5733.0	6681.0	8735.0	10857.0	14950.0	20206.0	29825.0	45016.0	103074.0	977649.0	1239741.0
	19.0	20.0	21.0	22.0	23.0	24.0	25.0	26.0	27.0	28.0	29.0	30.0	31.0	32.0	33.0	34.0	35.0	36.0	37.0	38.0	39.0	40.0
Sor-CPnd_009-Ex1-6A-lcwgs-1-2-L2-clmp.r2	1.0	174.0	1071.0	1710.0	2136.0	3085.0	3701.0	4391.0	4670.0	5197.0	5518.0	6225.0	6913.0	8254.0	9904.0	13237.0	17438.0	25652.0	39407.0	85222.0	759931.0	1481763.0
	20.0	21.0	22.0	23.0	24.0	25.0	26.0	27.0	28.0	29.0	30.0	31.0	32.0	33.0	34.0	35.0	36.0	37.0	38.0	39.0	40.0
Sor-CPnd_009-Ex1-6A-lcwgs-1-2-L3-clmp.r1	25.0	283.0	721.0	1134.0	1815.0	2364.0	3036.0	3402.0	3929.0	4407.0	5346.0	6439.0	8236.0	10503.0	14685.0	19578.0	28482.0	44462.0	106056.0	962155.0	1212502.0
	19.0	20.0	21.0	22.0	23.0	24.0	25.0	26.0	27.0	28.0	29.0	30.0	31.0	32.0	33.0	34.0	35.0	36.0	37.0	38.0	39.0	40.0
Sor-CPnd_009-Ex1-6A-lcwgs-1-2-L3-clmp.r2	3.0	134.0	995.0	1691.0	2145.0	2962.0	3590.0	4087.0	4378.0	4839.0	5255.0	5881.0	6650.0	8145.0	9994.0	12839.0	17164.0	25110.0	38716.0	85139.0	742983.0	1456860.0
	20.0	21.0	22.0	23.0	24.0	25.0	26.0	27.0	28.0	29.0	30.0	31.0	32.0	33.0	34.0	35.0	36.0	37.0	38.0	39.0	40.0
Sor-CPnd_010-Ex1-1H-lcwgs-1-2-L2-clmp.r1	11.0	82.0	163.0	251.0	442.0	526.0	706.0	796.0	980.0	1073.0	1241.0	1385.0	1716.0	2215.0	2991.0	4075.0	6223.0	9837.0	22302.0	179398.0	256836.0
	19.0	20.0	21.0	22.0	23.0	24.0	25.0	26.0	27.0	28.0	29.0	30.0	31.0	32.0	33.0	34.0	35.0	36.0	37.0	38.0	39.0	40.0
Sor-CPnd_010-Ex1-1H-lcwgs-1-2-L2-clmp.r2	1.0	40.0	199.0	343.0	425.0	655.0	812.0	882.0	986.0	1141.0	1148.0	1383.0	1585.0	1840.0	2288.0	2976.0	3968.0	5774.0	8971.0	20279.0	152481.0	285072.0
	20.0	21.0	22.0	23.0	24.0	25.0	26.0	27.0	28.0	29.0	30.0	31.0	32.0	33.0	34.0	35.0	36.0	37.0	38.0	39.0	40.0
Sor-CPnd_010-Ex1-1H-lcwgs-1-2-L3-clmp.r1	3.0	69.0	145.0	200.0	342.0	461.0	581.0	668.0	746.0	819.0	932.0	1150.0	1396.0	1836.0	2392.0	3298.0	4907.0	8038.0	18799.0	143296.0	208151.0
	20.0	21.0	22.0	23.0	24.0	25.0	26.0	27.0	28.0	29.0	30.0	31.0	32.0	33.0	34.0	35.0	36.0	37.0	38.0	39.0	40.0
Sor-CPnd_010-Ex1-1H-lcwgs-1-2-L3-clmp.r2	30.0	176.0	279.0	329.0	471.0	618.0	785.0	773.0	907.0	917.0	1065.0	1257.0	1478.0	1767.0	2365.0	3148.0	4707.0	7318.0	16201.0	123476.0	230162.0
	20.0	21.0	22.0	23.0	24.0	25.0	26.0	27.0	28.0	29.0	30.0	31.0	32.0	33.0	34.0	35.0	36.0	37.0	38.0	39.0	40.0
Sor-CPnd_012-Ex1-5B-lcwgs-1-2-L2-clmp.r1	6.0	50.0	178.0	300.0	488.0	687.0	824.0	941.0	1042.0	1146.0	1339.0	1461.0	1781.0	2065.0	2673.0	3471.0	5072.0	7830.0	16980.0	129139.0	225322.0
	20.0	21.0	22.0	23.0	24.0	25.0	26.0	27.0	28.0	29.0	30.0	31.0	32.0	33.0	34.0	35.0	36.0	37.0	38.0	39.0	40.0
Sor-CPnd_012-Ex1-5B-lcwgs-1-2-L2-clmp.r2	32.0	199.0	288.0	392.0	550.0	764.0	872.0	953.0	979.0	1044.0	1144.0	1354.0	1505.0	1812.0	2322.0	3025.0	4523.0	6849.0	13795.0	95366.0	265027.0
	20.0	21.0	22.0	23.0	24.0	25.0	26.0	27.0	28.0	29.0	30.0	31.0	32.0	33.0	34.0	35.0	36.0	37.0	38.0	39.0	40.0
Sor-CPnd_012-Ex1-5B-lcwgs-1-2-L3-clmp.r1	7.0	50.0	131.0	257.0	351.0	563.0	704.0	815.0	905.0	922.0	1046.0	1223.0	1576.0	1782.0	2359.0	3110.0	4492.0	7371.0	17071.0	131079.0	202604.0
	20.0	21.0	22.0	23.0	24.0	25.0	26.0	27.0	28.0	29.0	30.0	31.0	32.0	33.0	34.0	35.0	36.0	37.0	38.0	39.0	40.0
Sor-CPnd_012-Ex1-5B-lcwgs-1-2-L3-clmp.r2	33.0	160.0	276.0	386.0	540.0	660.0	765.0	791.0	901.0	974.0	1070.0	1109.0	1368.0	1660.0	2189.0	2802.0	4003.0	6438.0	13514.0	101629.0	237150.0
	20.0	21.0	22.0	23.0	24.0	25.0	26.0	27.0	28.0	29.0	30.0	31.0	32.0	33.0	34.0	35.0	36.0	37.0	38.0	39.0	40.0
Sor-CPnd_013-Ex1-7F-lcwgs-1-2-L2-clmp.r1	13.0	150.0	293.0	401.0	639.0	878.0	1055.0	1256.0	1394.0	1658.0	1838.0	2191.0	2822.0	3529.0	4815.0	6490.0	9599.0	15221.0	35861.0	288664.0	345715.0
	20.0	21.0	22.0	23.0	24.0	25.0	26.0	27.0	28.0	29.0	30.0	31.0	32.0	33.0	34.0	35.0	36.0	37.0	38.0	39.0	40.0
Sor-CPnd_013-Ex1-7F-lcwgs-1-2-L2-clmp.r2	44.0	346.0	562.0	666.0	942.0	1134.0	1293.0	1448.0	1632.0	1819.0	2025.0	2213.0	2763.0	3336.0	4331.0	5881.0	8737.0	13164.0	29303.0	212221.0	430622.0
	20.0	21.0	22.0	23.0	24.0	25.0	26.0	27.0	28.0	29.0	30.0	31.0	32.0	33.0	34.0	35.0	36.0	37.0	38.0	39.0	40.0
Sor-CPnd_013-Ex1-7F-lcwgs-1-2-L3-clmp.r1	10.0	118.0	219.0	380.0	566.0	754.0	951.0	1114.0	1393.0	1419.0	1768.0	2030.0	2691.0	3416.0	4521.0	6100.0	9286.0	15116.0	36502.0	279764.0	333827.0
	19.0	20.0	21.0	22.0	23.0	24.0	25.0	26.0	27.0	28.0	29.0	30.0	31.0	32.0	33.0	34.0	35.0	36.0	37.0	38.0	39.0	40.0
Sor-CPnd_013-Ex1-7F-lcwgs-1-2-L3-clmp.r2	1.0	46.0	304.0	494.0	640.0	828.0	1067.0	1283.0	1344.0	1505.0	1583.0	1863.0	2151.0	2679.0	3258.0	4162.0	5668.0	8323.0	12833.0	28310.0	208172.0	415431.0
	20.0	21.0	22.0	23.0	24.0	25.0	26.0	27.0	28.0	29.0	30.0	31.0	32.0	33.0	34.0	35.0	36.0	37.0	38.0	39.0	40.0
Sor-CPnd_014-Ex1-1F-lcwgs-1-2-L2-clmp.r1	55.0	558.0	1293.0	2042.0	3387.0	4437.0	5309.0	6199.0	7226.0	7868.0	9152.0	10540.0	13313.0	16602.0	22684.0	30221.0	44497.0	70080.0	162530.0	1497147.0	1863860.0
	19.0	20.0	21.0	22.0	23.0	24.0	25.0	26.0	27.0	28.0	29.0	30.0	31.0	32.0	33.0	34.0	35.0	36.0	37.0	38.0	39.0	40.0
Sor-CPnd_014-Ex1-1F-lcwgs-1-2-L2-clmp.r2	1.0	244.0	1579.0	2644.0	3583.0	4829.0	6217.0	7522.0	8004.0	8954.0	9411.0	10548.0	11797.0	14109.0	17184.0	22015.0	28972.0	42570.0	65828.0	141370.0	1121204.0	2250415.0
	20.0	21.0	22.0	23.0	24.0	25.0	26.0	27.0	28.0	29.0	30.0	31.0	32.0	33.0	34.0	35.0	36.0	37.0	38.0	39.0	40.0
Sor-CPnd_014-Ex1-1F-lcwgs-1-2-L3-clmp.r1	35.0	419.0	1025.0	1750.0	2882.0	4055.0	4823.0	5697.0	6627.0	7394.0	8563.0	10060.0	12823.0	15974.0	21627.0	28762.0	43013.0	68596.0	166322.0	1447916.0	1811865.0
	19.0	20.0	21.0	22.0	23.0	24.0	25.0	26.0	27.0	28.0	29.0	30.0	31.0	32.0	33.0	34.0	35.0	36.0	37.0	38.0	39.0	40.0
Sor-CPnd_014-Ex1-1F-lcwgs-1-2-L3-clmp.r2	1.0	221.0	1450.0	2547.0	3304.0	4619.0	6015.0	7141.0	7561.0	8371.0	8857.0	10120.0	11566.0	13707.0	16345.0	21312.0	28073.0	41451.0	63549.0	138984.0	1095121.0	2179913.0
	20.0	21.0	22.0	23.0	24.0	25.0	26.0	27.0	28.0	29.0	30.0	31.0	32.0	33.0	34.0	35.0	36.0	37.0	38.0	39.0	40.0
Sor-CPnd_015-Ex1-5F-lcwgs-1-2-L2-clmp.r1	6.0	93.0	215.0	373.0	574.0	719.0	984.0	1094.0	1268.0	1369.0	1522.0	1703.0	1977.0	2286.0	2956.0	3714.0	5487.0	8666.0	19792.0	148314.0	260014.0
	20.0	21.0	22.0	23.0	24.0	25.0	26.0	27.0	28.0	29.0	30.0	31.0	32.0	33.0	34.0	35.0	36.0	37.0	38.0	39.0	40.0
Sor-CPnd_015-Ex1-5F-lcwgs-1-2-L2-clmp.r2	38.0	154.0	306.0	394.0	621.0	765.0	926.0	918.0	1051.0	1046.0	1227.0	1390.0	1607.0	1961.0	2576.0	3289.0	4779.0	7364.0	15183.0	96968.0	320563.0
	20.0	21.0	22.0	23.0	24.0	25.0	26.0	27.0	28.0	29.0	30.0	31.0	32.0	33.0	34.0	35.0	36.0	37.0	38.0	39.0	40.0
Sor-CPnd_015-Ex1-5F-lcwgs-1-2-L3-clmp.r1	4.0	69.0	161.0	307.0	520.0	670.0	877.0	986.0	1107.0	1195.0	1320.0	1458.0	1789.0	2035.0	2629.0	3461.0	5107.0	8255.0	19861.0	148291.0	236092.0
	20.0	21.0	22.0	23.0	24.0	25.0	26.0	27.0	28.0	29.0	30.0	31.0	32.0	33.0	34.0	35.0	36.0	37.0	38.0	39.0	40.0
Sor-CPnd_015-Ex1-5F-lcwgs-1-2-L3-clmp.r2	32.0	161.0	309.0	378.0	534.0	703.0	847.0	926.0	952.0	1002.0	1162.0	1230.0	1480.0	1814.0	2298.0	3063.0	4508.0	6882.0	14614.0	104188.0	289111.0
	20.0	21.0	22.0	23.0	24.0	25.0	26.0	27.0	28.0	29.0	30.0	31.0	32.0	33.0	34.0	35.0	36.0	37.0	38.0	39.0	40.0
Sor-CPnd_016-Ex1-1B-lcwgs-1-2-L2-clmp.r1	16.0	172.0	457.0	768.0	1153.0	1595.0	2016.0	2246.0	2634.0	2883.0	3581.0	4104.0	5446.0	7063.0	9738.0	13663.0	19992.0	29826.0	63071.0	511789.0	719756.0
	19.0	20.0	21.0	22.0	23.0	24.0	25.0	26.0	27.0	28.0	29.0	30.0	31.0	32.0	33.0	34.0	35.0	36.0	37.0	38.0	39.0	40.0
Sor-CPnd_016-Ex1-1B-lcwgs-1-2-L2-clmp.r2	1.0	112.0	805.0	1253.0	1556.0	2098.0	2481.0	2932.0	3156.0	3551.0	3882.0	4546.0	5073.0	6267.0	7652.0	10176.0	13404.0	19618.0	29580.0	62287.0	504348.0	717191.0
	20.0	21.0	22.0	23.0	24.0	25.0	26.0	27.0	28.0	29.0	30.0	31.0	32.0	33.0	34.0	35.0	36.0	37.0	38.0	39.0	40.0
Sor-CPnd_016-Ex1-1B-lcwgs-1-2-L3-clmp.r1	14.0	132.0	320.0	551.0	841.0	1201.0	1415.0	1643.0	1903.0	2208.0	2739.0	3094.0	4035.0	5242.0	7231.0	9953.0	14758.0	22590.0	51206.0	410831.0	562161.0
	20.0	21.0	22.0	23.0	24.0	25.0	26.0	27.0	28.0	29.0	30.0	31.0	32.0	33.0	34.0	35.0	36.0	37.0	38.0	39.0	40.0
Sor-CPnd_016-Ex1-1B-lcwgs-1-2-L3-clmp.r2	86.0	583.0	897.0	1274.0	1625.0	1899.0	2176.0	2407.0	2680.0	2908.0	3434.0	3839.0	4945.0	5930.0	7785.0	10289.0	14931.0	22986.0	48764.0	405662.0	558968.0
	20.0	21.0	22.0	23.0	24.0	25.0	26.0	27.0	28.0	29.0	30.0	31.0	32.0	33.0	34.0	35.0	36.0	37.0	38.0	39.0	40.0
Sor-CPnd_017-Ex1-3G-lcwgs-1-2-L2-clmp.r1	5.0	121.0	256.0	438.0	726.0	903.0	1094.0	1255.0	1362.0	1512.0	1702.0	1952.0	2307.0	2799.0	3757.0	4927.0	7254.0	11522.0	25900.0	214490.0	341149.0
	20.0	21.0	22.0	23.0	24.0	25.0	26.0	27.0	28.0	29.0	30.0	31.0	32.0	33.0	34.0	35.0	36.0	37.0	38.0	39.0	40.0
Sor-CPnd_017-Ex1-3G-lcwgs-1-2-L2-clmp.r2	54.0	252.0	413.0	542.0	829.0	1097.0	1252.0	1298.0	1484.0	1514.0	1776.0	1925.0	2177.0	2831.0	3505.0	4705.0	6746.0	10524.0	21674.0	160271.0	400562.0
	20.0	21.0	22.0	23.0	24.0	25.0	26.0	27.0	28.0	29.0	30.0	31.0	32.0	33.0	34.0	35.0	36.0	37.0	38.0	39.0	40.0
Sor-CPnd_017-Ex1-3G-lcwgs-1-2-L3-clmp.r1	9.0	78.0	201.0	334.0	562.0	724.0	863.0	977.0	1157.0	1181.0	1335.0	1564.0	1935.0	2209.0	2987.0	3889.0	5926.0	9746.0	23116.0	178305.0	281684.0
	20.0	21.0	22.0	23.0	24.0	25.0	26.0	27.0	28.0	29.0	30.0	31.0	32.0	33.0	34.0	35.0	36.0	37.0	38.0	39.0	40.0
Sor-CPnd_017-Ex1-3G-lcwgs-1-2-L3-clmp.r2	38.0	188.0	336.0	463.0	712.0	869.0	1061.0	1083.0	1205.0	1243.0	1393.0	1550.0	1802.0	2193.0	2780.0	3698.0	5441.0	8379.0	18275.0	134947.0	331126.0
	20.0	21.0	22.0	23.0	24.0	25.0	26.0	27.0	28.0	29.0	30.0	31.0	32.0	33.0	34.0	35.0	36.0	37.0	38.0	39.0	40.0
Sor-CPnd_018-Ex1-1E-lcwgs-1-2-L2-clmp.r1	44.0	336.0	661.0	1006.0	1552.0	2162.0	2664.0	2919.0	3426.0	3739.0	4532.0	5255.0	6581.0	8168.0	11028.0	14873.0	22199.0	35402.0	83562.0	735271.0	935359.0
	19.0	20.0	21.0	22.0	23.0	24.0	25.0	26.0	27.0	28.0	29.0	30.0	31.0	32.0	33.0	34.0	35.0	36.0	37.0	38.0	39.0	40.0
Sor-CPnd_018-Ex1-1E-lcwgs-1-2-L2-clmp.r2	2.0	148.0	886.0	1356.0	1684.0	2243.0	3003.0	3436.0	3870.0	4164.0	4357.0	4974.0	5587.0	6763.0	8275.0	10614.0	14182.0	21071.0	32316.0	71209.0	535287.0	1145312.0
	20.0	21.0	22.0	23.0	24.0	25.0	26.0	27.0	28.0	29.0	30.0	31.0	32.0	33.0	34.0	35.0	36.0	37.0	38.0	39.0	40.0
Sor-CPnd_018-Ex1-1E-lcwgs-1-2-L3-clmp.r1	31.0	323.0	583.0	891.0	1434.0	1978.0	2405.0	2731.0	3240.0	3614.0	4307.0	4939.0	6290.0	7756.0	10603.0	14165.0	21464.0	34468.0	85478.0	713194.0	910236.0
	19.0	20.0	21.0	22.0	23.0	24.0	25.0	26.0	27.0	28.0	29.0	30.0	31.0	32.0	33.0	34.0	35.0	36.0	37.0	38.0	39.0	40.0
Sor-CPnd_018-Ex1-1E-lcwgs-1-2-L3-clmp.r2	1.0	122.0	779.0	1219.0	1629.0	2181.0	2898.0	3486.0	3708.0	3890.0	4154.0	4703.0	5281.0	6578.0	7738.0	10344.0	13681.0	20280.0	31531.0	69585.0	525741.0	1110601.0
	20.0	21.0	22.0	23.0	24.0	25.0	26.0	27.0	28.0	29.0	30.0	31.0	32.0	33.0	34.0	35.0	36.0	37.0	38.0	39.0	40.0
Sor-CPnd_019-Ex1-6G-lcwgs-1-2-L2-clmp.r1	21.0	242.0	522.0	865.0	1527.0	1884.0	2339.0	2704.0	3030.0	3334.0	3776.0	4201.0	5133.0	6352.0	8280.0	10784.0	15896.0	24134.0	53059.0	449393.0	721160.0
	19.0	20.0	21.0	22.0	23.0	24.0	25.0	26.0	27.0	28.0	29.0	30.0	31.0	32.0	33.0	34.0	35.0	36.0	37.0	38.0	39.0	40.0
Sor-CPnd_019-Ex1-6G-lcwgs-1-2-L2-clmp.r2	1.0	108.0	532.0	947.0	1327.0	1897.0	2431.0	2953.0	3101.0	3472.0	3476.0	4000.0	4305.0	4993.0	6083.0	7826.0	9929.0	14376.0	21729.0	44609.0	347573.0	832968.0
	20.0	21.0	22.0	23.0	24.0	25.0	26.0	27.0	28.0	29.0	30.0	31.0	32.0	33.0	34.0	35.0	36.0	37.0	38.0	39.0	40.0
Sor-CPnd_019-Ex1-6G-lcwgs-1-2-L3-clmp.r1	9.0	163.0	409.0	666.0	1130.0	1617.0	1903.0	2130.0	2553.0	2679.0	2939.0	3293.0	4100.0	4856.0	6431.0	8507.0	12581.0	19862.0	45857.0	373186.0	604210.0
	19.0	20.0	21.0	22.0	23.0	24.0	25.0	26.0	27.0	28.0	29.0	30.0	31.0	32.0	33.0	34.0	35.0	36.0	37.0	38.0	39.0	40.0
Sor-CPnd_019-Ex1-6G-lcwgs-1-2-L3-clmp.r2	1.0	76.0	418.0	778.0	1046.0	1509.0	1964.0	2304.0	2460.0	2617.0	2762.0	2957.0	3389.0	4021.0	4755.0	6123.0	7872.0	11733.0	17518.0	36866.0	286085.0	701827.0
	20.0	21.0	22.0	23.0	24.0	25.0	26.0	27.0	28.0	29.0	30.0	31.0	32.0	33.0	34.0	35.0	36.0	37.0	38.0	39.0	40.0
Sor-CPnd_020-Ex1-2E-lcwgs-1-2-L2-clmp.r1	28.0	340.0	838.0	1382.0	2292.0	3025.0	3823.0	4153.0	4493.0	4786.0	5326.0	5669.0	6452.0	7692.0	9435.0	12079.0	17176.0	25166.0	51527.0	375481.0	574468.0
	19.0	20.0	21.0	22.0	23.0	24.0	25.0	26.0	27.0	28.0	29.0	30.0	31.0	32.0	33.0	34.0	35.0	36.0	37.0	38.0	39.0	40.0
Sor-CPnd_020-Ex1-2E-lcwgs-1-2-L2-clmp.r2	1.0	125.0	663.0	1057.0	1406.0	1989.0	2773.0	3335.0	3405.0	3705.0	3941.0	4297.0	4755.0	5458.0	6631.0	8326.0	10592.0	15397.0	22594.0	43350.0	265859.0	705972.0
	20.0	21.0	22.0	23.0	24.0	25.0	26.0	27.0	28.0	29.0	30.0	31.0	32.0	33.0	34.0	35.0	36.0	37.0	38.0	39.0	40.0
Sor-CPnd_020-Ex1-2E-lcwgs-1-2-L3-clmp.r1	27.0	310.0	742.0	1247.0	2152.0	2739.0	3346.0	3724.0	4191.0	4382.0	4833.0	5500.0	6356.0	7416.0	9492.0	12271.0	17786.0	27900.0	61732.0	489686.0	636575.0
	19.0	20.0	21.0	22.0	23.0	24.0	25.0	26.0	27.0	28.0	29.0	30.0	31.0	32.0	33.0	34.0	35.0	36.0	37.0	38.0	39.0	40.0
Sor-CPnd_020-Ex1-2E-lcwgs-1-2-L3-clmp.r2	1.0	115.0	659.0	1061.0	1471.0	2056.0	2772.0	3352.0	3551.0	3944.0	4083.0	4504.0	4852.0	5805.0	6681.0	8541.0	11058.0	16265.0	24452.0	50579.0	357624.0	788981.0
	20.0	21.0	22.0	23.0	24.0	25.0	26.0	27.0	28.0	29.0	30.0	31.0	32.0	33.0	34.0	35.0	36.0	37.0	38.0	39.0	40.0
Sor-CPnd_022-Ex1-7C-lcwgs-1-2-L2-clmp.r1	20.0	233.0	598.0	967.0	1447.0	2123.0	2540.0	2722.0	3322.0	3653.0	4225.0	4897.0	6187.0	7772.0	10151.0	13793.0	20543.0	31465.0	69900.0	556418.0	803256.0
	19.0	20.0	21.0	22.0	23.0	24.0	25.0	26.0	27.0	28.0	29.0	30.0	31.0	32.0	33.0	34.0	35.0	36.0	37.0	38.0	39.0	40.0
Sor-CPnd_022-Ex1-7C-lcwgs-1-2-L2-clmp.r2	1.0	116.0	691.0	1144.0	1510.0	2167.0	2741.0	3404.0	3413.0	3999.0	4166.0	4774.0	5191.0	6385.0	7665.0	9832.0	13030.0	18861.0	28775.0	59665.0	456064.0	912638.0
	20.0	21.0	22.0	23.0	24.0	25.0	26.0	27.0	28.0	29.0	30.0	31.0	32.0	33.0	34.0	35.0	36.0	37.0	38.0	39.0	40.0
Sor-CPnd_022-Ex1-7C-lcwgs-1-2-L3-clmp.r1	13.0	172.0	390.0	750.0	1196.0	1558.0	1963.0	2178.0	2537.0	2825.0	3326.0	3744.0	4788.0	5856.0	7902.0	10913.0	16255.0	25586.0	58430.0	451895.0	660069.0
	20.0	21.0	22.0	23.0	24.0	25.0	26.0	27.0	28.0	29.0	30.0	31.0	32.0	33.0	34.0	35.0	36.0	37.0	38.0	39.0	40.0
Sor-CPnd_022-Ex1-7C-lcwgs-1-2-L3-clmp.r2	96.0	580.0	960.0	1202.0	1656.0	2108.0	2491.0	2835.0	3013.0	3182.0	3603.0	4061.0	4994.0	5886.0	7845.0	10337.0	14829.0	22593.0	48280.0	373415.0	748380.0
	20.0	21.0	22.0	23.0	24.0	25.0	26.0	27.0	28.0	29.0	30.0	31.0	32.0	33.0	34.0	35.0	36.0	37.0	38.0	39.0	40.0
Sor-CPnd_024-Ex1-5G-lcwgs-1-2-L2-clmp.r1	7.0	83.0	182.0	323.0	510.0	671.0	848.0	934.0	1037.0	1108.0	1238.0	1399.0	1631.0	2007.0	2473.0	3198.0	4560.0	7463.0	15753.0	118296.0	213334.0
	20.0	21.0	22.0	23.0	24.0	25.0	26.0	27.0	28.0	29.0	30.0	31.0	32.0	33.0	34.0	35.0	36.0	37.0	38.0	39.0	40.0
Sor-CPnd_024-Ex1-5G-lcwgs-1-2-L2-clmp.r2	27.0	172.0	284.0	386.0	534.0	684.0	837.0	918.0	990.0	1028.0	1118.0	1264.0	1415.0	1739.0	2161.0	2798.0	4375.0	6454.0	12744.0	81039.0	256088.0
	20.0	21.0	22.0	23.0	24.0	25.0	26.0	27.0	28.0	29.0	30.0	31.0	32.0	33.0	34.0	35.0	36.0	37.0	38.0	39.0	40.0
Sor-CPnd_024-Ex1-5G-lcwgs-1-2-L3-clmp.r1	4.0	59.0	141.0	253.0	451.0	593.0	719.0	783.0	922.0	999.0	1019.0	1173.0	1409.0	1643.0	2138.0	2833.0	4302.0	6778.0	16078.0	118672.0	191436.0
	20.0	21.0	22.0	23.0	24.0	25.0	26.0	27.0	28.0	29.0	30.0	31.0	32.0	33.0	34.0	35.0	36.0	37.0	38.0	39.0	40.0
Sor-CPnd_024-Ex1-5G-lcwgs-1-2-L3-clmp.r2	22.0	140.0	237.0	316.0	482.0	636.0	707.0	771.0	791.0	907.0	987.0	1074.0	1310.0	1566.0	2034.0	2575.0	3801.0	5907.0	12362.0	85608.0	230172.0
	20.0	21.0	22.0	23.0	24.0	25.0	26.0	27.0	28.0	29.0	30.0	31.0	32.0	33.0	34.0	35.0	36.0	37.0	38.0	39.0	40.0
Sor-CPnd_026-Ex1-3H-lcwgs-1-2-L2-clmp.r1	10.0	116.0	240.0	435.0	669.0	935.0	1184.0	1278.0	1521.0	1650.0	1920.0	2075.0	2638.0	3363.0	4407.0	5872.0	8645.0	13411.0	29351.0	239972.0	354107.0
	19.0	20.0	21.0	22.0	23.0	24.0	25.0	26.0	27.0	28.0	29.0	30.0	31.0	32.0	33.0	34.0	35.0	36.0	37.0	38.0	39.0	40.0
Sor-CPnd_026-Ex1-3H-lcwgs-1-2-L2-clmp.r2	1.0	54.0	300.0	484.0	669.0	920.0	1179.0	1379.0	1543.0	1738.0	1785.0	2040.0	2262.0	2802.0	3179.0	4300.0	5488.0	7924.0	12114.0	26038.0	204994.0	392606.0
	20.0	21.0	22.0	23.0	24.0	25.0	26.0	27.0	28.0	29.0	30.0	31.0	32.0	33.0	34.0	35.0	36.0	37.0	38.0	39.0	40.0
Sor-CPnd_026-Ex1-3H-lcwgs-1-2-L3-clmp.r1	9.0	68.0	178.0	365.0	480.0	725.0	833.0	987.0	1080.0	1241.0	1383.0	1557.0	2034.0	2466.0	3236.0	4469.0	6643.0	10446.0	23897.0	188294.0	276421.0
	20.0	21.0	22.0	23.0	24.0	25.0	26.0	27.0	28.0	29.0	30.0	31.0	32.0	33.0	34.0	35.0	36.0	37.0	38.0	39.0	40.0
Sor-CPnd_026-Ex1-3H-lcwgs-1-2-L3-clmp.r2	37.0	216.0	358.0	508.0	738.0	890.0	1094.0	1095.0	1295.0	1363.0	1487.0	1664.0	2075.0	2488.0	3157.0	4140.0	6139.0	9440.0	20273.0	162718.0	305637.0
	20.0	21.0	22.0	23.0	24.0	25.0	26.0	27.0	28.0	29.0	30.0	31.0	32.0	33.0	34.0	35.0	36.0	37.0	38.0	39.0	40.0
Sor-CPnd_027-Ex1-3C-lcwgs-1-2-L2-clmp.r1	19.0	206.0	546.0	985.0	1432.0	1841.0	2323.0	2644.0	3028.0	3344.0	3797.0	4385.0	5467.0	6967.0	9288.0	12449.0	18099.0	27328.0	57552.0	451397.0	640198.0
	20.0	21.0	22.0	23.0	24.0	25.0	26.0	27.0	28.0	29.0	30.0	31.0	32.0	33.0	34.0	35.0	36.0	37.0	38.0	39.0	40.0
Sor-CPnd_027-Ex1-3C-lcwgs-1-2-L2-clmp.r2	116.0	584.0	1057.0	1408.0	2000.0	2507.0	2920.0	3237.0	3600.0	3817.0	4160.0	4868.0	5608.0	6863.0	8751.0	11338.0	16694.0	25016.0	52025.0	408830.0	687896.0
	20.0	21.0	22.0	23.0	24.0	25.0	26.0	27.0	28.0	29.0	30.0	31.0	32.0	33.0	34.0	35.0	36.0	37.0	38.0	39.0	40.0
Sor-CPnd_027-Ex1-3C-lcwgs-1-2-L3-clmp.r1	12.0	169.0	414.0	659.0	1085.0	1486.0	1706.0	2004.0	2351.0	2482.0	3017.0	3470.0	4173.0	5159.0	6899.0	9298.0	13521.0	21247.0	46538.0	356317.0	496951.0
	19.0	20.0	21.0	22.0	23.0	24.0	25.0	26.0	27.0	28.0	29.0	30.0	31.0	32.0	33.0	34.0	35.0	36.0	37.0	38.0	39.0	40.0
Sor-CPnd_027-Ex1-3C-lcwgs-1-2-L3-clmp.r2	1.0	86.0	497.0	846.0	1077.0	1561.0	1864.0	2215.0	2485.0	2659.0	2808.0	3259.0	3574.0	4265.0	5234.0	6664.0	8621.0	12613.0	19026.0	40698.0	325388.0	533517.0
	20.0	21.0	22.0	23.0	24.0	25.0	26.0	27.0	28.0	29.0	30.0	31.0	32.0	33.0	34.0	35.0	36.0	37.0	38.0	39.0	40.0
Sor-CPnd_028-Ex1-3A-lcwgs-1-2-L2-clmp.r1	30.0	285.0	756.0	1220.0	1979.0	2643.0	3150.0	3460.0	4041.0	4370.0	5036.0	5833.0	7356.0	8955.0	12167.0	15952.0	23376.0	34425.0	73292.0	577687.0	812608.0
	19.0	20.0	21.0	22.0	23.0	24.0	25.0	26.0	27.0	28.0	29.0	30.0	31.0	32.0	33.0	34.0	35.0	36.0	37.0	38.0	39.0	40.0
Sor-CPnd_028-Ex1-3A-lcwgs-1-2-L2-clmp.r2	1.0	123.0	915.0	1391.0	1824.0	2587.0	3105.0	3741.0	4014.0	4507.0	4820.0	5357.0	5970.0	7135.0	8465.0	10998.0	14433.0	20755.0	31450.0	64192.0	497437.0	905401.0
	20.0	21.0	22.0	23.0	24.0	25.0	26.0	27.0	28.0	29.0	30.0	31.0	32.0	33.0	34.0	35.0	36.0	37.0	38.0	39.0	40.0
Sor-CPnd_028-Ex1-3A-lcwgs-1-2-L3-clmp.r1	22.0	248.0	588.0	1070.0	1604.0	2134.0	2609.0	2884.0	3509.0	3733.0	4102.0	4748.0	6061.0	7329.0	9851.0	12620.0	18041.0	27956.0	61627.0	472748.0	659208.0
	19.0	20.0	21.0	22.0	23.0	24.0	25.0	26.0	27.0	28.0	29.0	30.0	31.0	32.0	33.0	34.0	35.0	36.0	37.0	38.0	39.0	40.0
Sor-CPnd_028-Ex1-3A-lcwgs-1-2-L3-clmp.r2	1.0	119.0	723.0	1160.0	1481.0	2073.0	2635.0	2964.0	3206.0	3621.0	3794.0	4156.0	4647.0	5789.0	6926.0	8867.0	11581.0	17079.0	25465.0	52825.0	404340.0	739240.0
	20.0	21.0	22.0	23.0	24.0	25.0	26.0	27.0	28.0	29.0	30.0	31.0	32.0	33.0	34.0	35.0	36.0	37.0	38.0	39.0	40.0
Sor-CPnd_029-Ex1-8E-lcwgs-1-2-L2-clmp.r1	55.0	507.0	1085.0	1720.0	2659.0	3603.0	4331.0	4911.0	5668.0	6177.0	7164.0	8140.0	9920.0	12087.0	16267.0	21252.0	31002.0	47931.0	105280.0	833715.0	1192897.0
	19.0	20.0	21.0	22.0	23.0	24.0	25.0	26.0	27.0	28.0	29.0	30.0	31.0	32.0	33.0	34.0	35.0	36.0	37.0	38.0	39.0	40.0
Sor-CPnd_029-Ex1-8E-lcwgs-1-2-L2-clmp.r2	2.0	243.0	1384.0	2044.0	2668.0	3788.0	4737.0	5519.0	5872.0	6457.0	6690.0	7764.0	8544.0	10155.0	12006.0	15488.0	20229.0	28812.0	43819.0	90273.0	666399.0	1373478.0
	20.0	21.0	22.0	23.0	24.0	25.0	26.0	27.0	28.0	29.0	30.0	31.0	32.0	33.0	34.0	35.0	36.0	37.0	38.0	39.0	40.0
Sor-CPnd_029-Ex1-8E-lcwgs-1-2-L3-clmp.r1	28.0	393.0	854.0	1448.0	2368.0	3089.0	3728.0	4148.0	4945.0	5322.0	6136.0	6868.0	8425.0	10268.0	13779.0	17615.0	25855.0	40291.0	93172.0	692538.0	1004425.0
	20.0	21.0	22.0	23.0	24.0	25.0	26.0	27.0	28.0	29.0	30.0	31.0	32.0	33.0	34.0	35.0	36.0	37.0	38.0	39.0	40.0
Sor-CPnd_029-Ex1-8E-lcwgs-1-2-L3-clmp.r2	195.0	1071.0	1663.0	2072.0	3004.0	3886.0	4656.0	4872.0	5291.0	5722.0	6227.0	6872.0	8258.0	9921.0	12805.0	16819.0	23768.0	36336.0	75715.0	542061.0	1174481.0
	20.0	21.0	22.0	23.0	24.0	25.0	26.0	27.0	28.0	29.0	30.0	31.0	32.0	33.0	34.0	35.0	36.0	37.0	38.0	39.0	40.0
Sor-CPnd_030-Ex1-2H-lcwgs-1-2-L2-clmp.r1	8.0	146.0	344.0	666.0	1082.0	1507.0	1593.0	1859.0	2087.0	2171.0	2353.0	2595.0	3036.0	3476.0	4464.0	5588.0	8228.0	12163.0	25459.0	187856.0	295069.0
	20.0	21.0	22.0	23.0	24.0	25.0	26.0	27.0	28.0	29.0	30.0	31.0	32.0	33.0	34.0	35.0	36.0	37.0	38.0	39.0	40.0
Sor-CPnd_030-Ex1-2H-lcwgs-1-2-L2-clmp.r2	41.0	239.0	442.0	599.0	951.0	1276.0	1504.0	1630.0	1739.0	1875.0	2008.0	2097.0	2571.0	3013.0	3848.0	4980.0	7128.0	10628.0	21192.0	128495.0	365494.0
	20.0	21.0	22.0	23.0	24.0	25.0	26.0	27.0	28.0	29.0	30.0	31.0	32.0	33.0	34.0	35.0	36.0	37.0	38.0	39.0	40.0
Sor-CPnd_030-Ex1-2H-lcwgs-1-2-L3-clmp.r1	10.0	123.0	287.0	597.0	928.0	1206.0	1455.0	1679.0	1790.0	2078.0	2179.0	2441.0	2871.0	3384.0	4247.0	5524.0	8236.0	13199.0	29837.0	235903.0	320440.0
	19.0	20.0	21.0	22.0	23.0	24.0	25.0	26.0	27.0	28.0	29.0	30.0	31.0	32.0	33.0	34.0	35.0	36.0	37.0	38.0	39.0	40.0
Sor-CPnd_030-Ex1-2H-lcwgs-1-2-L3-clmp.r2	1.0	43.0	256.0	419.0	627.0	923.0	1250.0	1579.0	1554.0	1722.0	1826.0	2036.0	2129.0	2586.0	2982.0	3746.0	5161.0	7315.0	11177.0	23567.0	168612.0	398903.0
	20.0	21.0	22.0	23.0	24.0	25.0	26.0	27.0	28.0	29.0	30.0	31.0	32.0	33.0	34.0	35.0	36.0	37.0	38.0	39.0	40.0
Sor-CPnd_031-Ex1-5D-lcwgs-1-2-L2-clmp.r1	20.0	215.0	497.0	871.0	1332.0	1911.0	2325.0	2496.0	2921.0	3113.0	3361.0	3842.0	4518.0	5395.0	6931.0	8922.0	12728.0	19054.0	39621.0	294193.0	504511.0
	20.0	21.0	22.0	23.0	24.0	25.0	26.0	27.0	28.0	29.0	30.0	31.0	32.0	33.0	34.0	35.0	36.0	37.0	38.0	39.0	40.0
Sor-CPnd_031-Ex1-5D-lcwgs-1-2-L2-clmp.r2	78.0	494.0	828.0	958.0	1540.0	1861.0	2242.0	2424.0	2616.0	2781.0	3210.0	3343.0	4096.0	4741.0	6113.0	8030.0	11568.0	17098.0	33596.0	228534.0	582626.0
	20.0	21.0	22.0	23.0	24.0	25.0	26.0	27.0	28.0	29.0	30.0	31.0	32.0	33.0	34.0	35.0	36.0	37.0	38.0	39.0	40.0
Sor-CPnd_031-Ex1-5D-lcwgs-1-2-L3-clmp.r1	16.0	156.0	420.0	606.0	1098.0	1485.0	1766.0	2044.0	2313.0	2560.0	2778.0	3225.0	3802.0	4586.0	5861.0	7857.0	11413.0	17902.0	40661.0	312990.0	460356.0
	19.0	20.0	21.0	22.0	23.0	24.0	25.0	26.0	27.0	28.0	29.0	30.0	31.0	32.0	33.0	34.0	35.0	36.0	37.0	38.0	39.0	40.0
Sor-CPnd_031-Ex1-5D-lcwgs-1-2-L3-clmp.r2	1.0	70.0	388.0	717.0	936.0	1369.0	1584.0	1978.0	2095.0	2233.0	2452.0	2725.0	3043.0	3549.0	4314.0	5526.0	7308.0	10479.0	16032.0	33397.0	251658.0	532041.0
	20.0	21.0	22.0	23.0	24.0	25.0	26.0	27.0	28.0	29.0	30.0	31.0	32.0	33.0	34.0	35.0	36.0	37.0	38.0	39.0	40.0
Sor-CPnd_033-Ex1-2F-lcwgs-1-2-L2-clmp.r1	22.0	153.0	321.0	591.0	1061.0	1279.0	1693.0	1803.0	1951.0	2142.0	2235.0	2482.0	2871.0	3351.0	4177.0	5323.0	7587.0	11280.0	24085.0	176811.0	262192.0
	20.0	21.0	22.0	23.0	24.0	25.0	26.0	27.0	28.0	29.0	30.0	31.0	32.0	33.0	34.0	35.0	36.0	37.0	38.0	39.0	40.0
Sor-CPnd_033-Ex1-2F-lcwgs-1-2-L2-clmp.r2	49.0	217.0	456.0	601.0	886.0	1171.0	1401.0	1521.0	1686.0	1740.0	1957.0	2184.0	2422.0	2833.0	3586.0	4801.0	6836.0	10129.0	19758.0	120991.0	328185.0
	20.0	21.0	22.0	23.0	24.0	25.0	26.0	27.0	28.0	29.0	30.0	31.0	32.0	33.0	34.0	35.0	36.0	37.0	38.0	39.0	40.0
Sor-CPnd_033-Ex1-2F-lcwgs-1-2-L3-clmp.r1	8.0	108.0	301.0	602.0	910.0	1287.0	1488.0	1699.0	1787.0	2007.0	2241.0	2460.0	2820.0	3388.0	4209.0	5514.0	8049.0	12927.0	29086.0	227623.0	288321.0
	20.0	21.0	22.0	23.0	24.0	25.0	26.0	27.0	28.0	29.0	30.0	31.0	32.0	33.0	34.0	35.0	36.0	37.0	38.0	39.0	40.0
Sor-CPnd_033-Ex1-2F-lcwgs-1-2-L3-clmp.r2	44.0	275.0	468.0	634.0	936.0	1236.0	1473.0	1550.0	1607.0	1761.0	2006.0	2192.0	2604.0	3050.0	3860.0	4911.0	7314.0	11091.0	23005.0	162421.0	364397.0
	20.0	21.0	22.0	23.0	24.0	25.0	26.0	27.0	28.0	29.0	30.0	31.0	32.0	33.0	34.0	35.0	36.0	37.0	38.0	39.0	40.0
Sor-CPnd_034-Ex1-4G-lcwgs-1-2-L2-clmp.r1	4.0	54.0	147.0	254.0	415.0	536.0	679.0	833.0	879.0	965.0	1058.0	1126.0	1367.0	1730.0	2230.0	2921.0	4249.0	6649.0	15791.0	138855.0	242153.0
	20.0	21.0	22.0	23.0	24.0	25.0	26.0	27.0	28.0	29.0	30.0	31.0	32.0	33.0	34.0	35.0	36.0	37.0	38.0	39.0	40.0
Sor-CPnd_034-Ex1-4G-lcwgs-1-2-L2-clmp.r2	19.0	149.0	249.0	395.0	539.0	696.0	779.0	882.0	929.0	967.0	1037.0	1145.0	1412.0	1648.0	2016.0	2741.0	4068.0	5983.0	12334.0	95294.0	289613.0
	20.0	21.0	22.0	23.0	24.0	25.0	26.0	27.0	28.0	29.0	30.0	31.0	32.0	33.0	34.0	35.0	36.0	37.0	38.0	39.0	40.0
Sor-CPnd_034-Ex1-4G-lcwgs-1-2-L3-clmp.r1	1.0	43.0	106.0	182.0	346.0	454.0	544.0	599.0	707.0	761.0	833.0	930.0	1193.0	1349.0	1675.0	2354.0	3483.0	5732.0	13529.0	111697.0	198155.0
	20.0	21.0	22.0	23.0	24.0	25.0	26.0	27.0	28.0	29.0	30.0	31.0	32.0	33.0	34.0	35.0	36.0	37.0	38.0	39.0	40.0
Sor-CPnd_034-Ex1-4G-lcwgs-1-2-L3-clmp.r2	19.0	99.0	198.0	295.0	423.0	550.0	669.0	671.0	753.0	755.0	857.0	866.0	1091.0	1241.0	1650.0	2139.0	3191.0	4844.0	10439.0	77711.0	236212.0
	20.0	21.0	22.0	23.0	24.0	25.0	26.0	27.0	28.0	29.0	30.0	31.0	32.0	33.0	34.0	35.0	36.0	37.0	38.0	39.0	40.0
Sor-CPnd_036-Ex1-5C-lcwgs-1-2-L2-clmp.r1	19.0	170.0	412.0	783.0	1382.0	1749.0	2257.0	2437.0	2883.0	2996.0	3427.0	3789.0	4416.0	5131.0	6691.0	8628.0	12164.0	18490.0	39734.0	291253.0	516936.0
	20.0	21.0	22.0	23.0	24.0	25.0	26.0	27.0	28.0	29.0	30.0	31.0	32.0	33.0	34.0	35.0	36.0	37.0	38.0	39.0	40.0
Sor-CPnd_036-Ex1-5C-lcwgs-1-2-L2-clmp.r2	61.0	397.0	718.0	1001.0	1370.0	1783.0	2173.0	2398.0	2606.0	2679.0	2965.0	3409.0	3824.0	4618.0	5806.0	7705.0	10692.0	16298.0	32304.0	214122.0	608818.0
	20.0	21.0	22.0	23.0	24.0	25.0	26.0	27.0	28.0	29.0	30.0	31.0	32.0	33.0	34.0	35.0	36.0	37.0	38.0	39.0	40.0
Sor-CPnd_036-Ex1-5C-lcwgs-1-2-L3-clmp.r1	15.0	127.0	354.0	606.0	1034.0	1390.0	1778.0	2024.0	2288.0	2397.0	2807.0	2998.0	3618.0	4430.0	5841.0	7464.0	11040.0	17070.0	39082.0	294369.0	460761.0
	20.0	21.0	22.0	23.0	24.0	25.0	26.0	27.0	28.0	29.0	30.0	31.0	32.0	33.0	34.0	35.0	36.0	37.0	38.0	39.0	40.0
Sor-CPnd_036-Ex1-5C-lcwgs-1-2-L3-clmp.r2	51.0	385.0	637.0	903.0	1242.0	1698.0	1949.0	2086.0	2302.0	2382.0	2624.0	2894.0	3314.0	4033.0	5128.0	6829.0	9822.0	14867.0	30838.0	226834.0	540675.0
	20.0	21.0	22.0	23.0	24.0	25.0	26.0	27.0	28.0	29.0	30.0	31.0	32.0	33.0	34.0	35.0	36.0	37.0	38.0	39.0	40.0
Sor-CPnd_037-Ex1-6C-lcwgs-1-2-L2-clmp.r1	17.0	199.0	534.0	881.0	1354.0	1899.0	2319.0	2618.0	3069.0	3245.0	3785.0	4433.0	5548.0	6795.0	9238.0	12280.0	17947.0	27296.0	59574.0	479823.0	719024.0
	19.0	20.0	21.0	22.0	23.0	24.0	25.0	26.0	27.0	28.0	29.0	30.0	31.0	32.0	33.0	34.0	35.0	36.0	37.0	38.0	39.0	40.0
Sor-CPnd_037-Ex1-6C-lcwgs-1-2-L2-clmp.r2	2.0	115.0	607.0	1040.0	1427.0	1957.0	2532.0	2886.0	3311.0	3458.0	3881.0	4293.0	4611.0	5513.0	6699.0	8355.0	11246.0	16124.0	24405.0	50635.0	395411.0	813370.0
	20.0	21.0	22.0	23.0	24.0	25.0	26.0	27.0	28.0	29.0	30.0	31.0	32.0	33.0	34.0	35.0	36.0	37.0	38.0	39.0	40.0
Sor-CPnd_037-Ex1-6C-lcwgs-1-2-L3-clmp.r1	14.0	151.0	371.0	674.0	1108.0	1420.0	1832.0	2036.0	2380.0	2630.0	3056.0	3548.0	4402.0	5334.0	7169.0	9488.0	13887.0	21854.0	49292.0	391462.0	596407.0
	19.0	20.0	21.0	22.0	23.0	24.0	25.0	26.0	27.0	28.0	29.0	30.0	31.0	32.0	33.0	34.0	35.0	36.0	37.0	38.0	39.0	40.0
Sor-CPnd_037-Ex1-6C-lcwgs-1-2-L3-clmp.r2	1.0	91.0	487.0	864.0	1112.0	1561.0	1892.0	2326.0	2420.0	2712.0	2932.0	3293.0	3745.0	4451.0	5308.0	6698.0	8822.0	12657.0	19382.0	40313.0	318893.0	678555.0
	20.0	21.0	22.0	23.0	24.0	25.0	26.0	27.0	28.0	29.0	30.0	31.0	32.0	33.0	34.0	35.0	36.0	37.0	38.0	39.0	40.0
Sor-CPnd_038-Ex1-2A-lcwgs-1-2-L2-clmp.r1	21.0	210.0	533.0	827.0	1308.0	1781.0	2340.0	2412.0	2773.0	2922.0	3246.0	3571.0	4266.0	5136.0	6509.0	8595.0	12020.0	17396.0	34342.0	237526.0	358484.0
	20.0	21.0	22.0	23.0	24.0	25.0	26.0	27.0	28.0	29.0	30.0	31.0	32.0	33.0	34.0	35.0	36.0	37.0	38.0	39.0	40.0
Sor-CPnd_038-Ex1-2A-lcwgs-1-2-L2-clmp.r2	61.0	442.0	755.0	951.0	1296.0	1700.0	1940.0	2074.0	2297.0	2478.0	2776.0	2963.0	3708.0	4295.0	5452.0	7163.0	10409.0	15235.0	30026.0	194876.0	415321.0
	20.0	21.0	22.0	23.0	24.0	25.0	26.0	27.0	28.0	29.0	30.0	31.0	32.0	33.0	34.0	35.0	36.0	37.0	38.0	39.0	40.0
Sor-CPnd_038-Ex1-2A-lcwgs-1-2-L3-clmp.r1	18.0	196.0	409.0	754.0	1207.0	1596.0	2013.0	2130.0	2488.0	2683.0	2931.0	3289.0	4042.0	4860.0	6432.0	8465.0	12219.0	18809.0	42008.0	317087.0	396159.0
	19.0	20.0	21.0	22.0	23.0	24.0	25.0	26.0	27.0	28.0	29.0	30.0	31.0	32.0	33.0	34.0	35.0	36.0	37.0	38.0	39.0	40.0
Sor-CPnd_038-Ex1-2A-lcwgs-1-2-L3-clmp.r2	2.0	75.0	466.0	818.0	1035.0	1418.0	1718.0	2077.0	2195.0	2415.0	2501.0	2885.0	3113.0	3858.0	4515.0	5909.0	7847.0	10980.0	17039.0	34904.0	261680.0	462345.0
	20.0	21.0	22.0	23.0	24.0	25.0	26.0	27.0	28.0	29.0	30.0	31.0	32.0	33.0	34.0	35.0	36.0	37.0	38.0	39.0	40.0
Sor-CPnd_041-Ex1-7A-lcwgs-1-2-L2-clmp.r1	15.0	228.0	452.0	644.0	996.0	1295.0	1612.0	1752.0	2135.0	2399.0	2765.0	3170.0	4179.0	5274.0	7112.0	10042.0	14653.0	23661.0	59238.0	609334.0	755896.0
	20.0	21.0	22.0	23.0	24.0	25.0	26.0	27.0	28.0	29.0	30.0	31.0	32.0	33.0	34.0	35.0	36.0	37.0	38.0	39.0	40.0
Sor-CPnd_041-Ex1-7A-lcwgs-1-2-L2-clmp.r2	93.0	636.0	907.0	1081.0	1406.0	1682.0	2039.0	2082.0	2244.0	2448.0	2856.0	3159.0	3915.0	4725.0	6146.0	8323.0	12657.0	19860.0	44958.0	425244.0	960391.0
	20.0	21.0	22.0	23.0	24.0	25.0	26.0	27.0	28.0	29.0	30.0	31.0	32.0	33.0	34.0	35.0	36.0	37.0	38.0	39.0	40.0
Sor-CPnd_041-Ex1-7A-lcwgs-1-2-L3-clmp.r1	18.0	193.0	394.0	548.0	872.0	1131.0	1436.0	1662.0	2033.0	2280.0	2557.0	3090.0	4093.0	5106.0	6825.0	9200.0	14326.0	23427.0	61892.0	595654.0	742340.0
	20.0	21.0	22.0	23.0	24.0	25.0	26.0	27.0	28.0	29.0	30.0	31.0	32.0	33.0	34.0	35.0	36.0	37.0	38.0	39.0	40.0
Sor-CPnd_041-Ex1-7A-lcwgs-1-2-L3-clmp.r2	69.0	566.0	879.0	988.0	1313.0	1596.0	1913.0	1966.0	2226.0	2428.0	2676.0	3047.0	3744.0	4620.0	6008.0	8119.0	12389.0	19306.0	44768.0	419502.0	940954.0
	20.0	21.0	22.0	23.0	24.0	25.0	26.0	27.0	28.0	29.0	30.0	31.0	32.0	33.0	34.0	35.0	36.0	37.0	38.0	39.0	40.0
Sor-CPnd_043-Ex1-1D-lcwgs-1-2-L2-clmp.r1	40.0	401.0	887.0	1340.0	2194.0	2899.0	3533.0	4063.0	4538.0	5160.0	5971.0	6893.0	8528.0	10660.0	14302.0	19258.0	28318.0	43189.0	94814.0	798086.0	1130864.0
	19.0	20.0	21.0	22.0	23.0	24.0	25.0	26.0	27.0	28.0	29.0	30.0	31.0	32.0	33.0	34.0	35.0	36.0	37.0	38.0	39.0	40.0
Sor-CPnd_043-Ex1-1D-lcwgs-1-2-L2-clmp.r2	2.0	183.0	1080.0	1784.0	2385.0	3241.0	4138.0	4943.0	5372.0	5760.0	6098.0	6865.0	7613.0	9294.0	11083.0	14502.0	19013.0	27143.0	42206.0	87430.0	682011.0	1243792.0
	20.0	21.0	22.0	23.0	24.0	25.0	26.0	27.0	28.0	29.0	30.0	31.0	32.0	33.0	34.0	35.0	36.0	37.0	38.0	39.0	40.0
Sor-CPnd_043-Ex1-1D-lcwgs-1-2-L3-clmp.r1	27.0	268.0	656.0	1090.0	1745.0	2276.0	2840.0	3258.0	3665.0	4041.0	4741.0	5588.0	6926.0	8619.0	11685.0	15122.0	22447.0	35396.0	80924.0	658458.0	935742.0
	19.0	20.0	21.0	22.0	23.0	24.0	25.0	26.0	27.0	28.0	29.0	30.0	31.0	32.0	33.0	34.0	35.0	36.0	37.0	38.0	39.0	40.0
Sor-CPnd_043-Ex1-1D-lcwgs-1-2-L3-clmp.r2	1.0	155.0	865.0	1484.0	1873.0	2575.0	3323.0	3900.0	4114.0	4628.0	5041.0	5501.0	6316.0	7278.0	9031.0	11720.0	14995.0	21964.0	33686.0	71773.0	563361.0	1031930.0
	20.0	21.0	22.0	23.0	24.0	25.0	26.0	27.0	28.0	29.0	30.0	31.0	32.0	33.0	34.0	35.0	36.0	37.0	38.0	39.0	40.0
Sor-CPnd_044-Ex1-8G-lcwgs-1-2-L2-clmp.r1	29.0	238.0	538.0	850.0	1488.0	1937.0	2302.0	2674.0	3151.0	3326.0	3650.0	4268.0	5105.0	6002.0	8035.0	10732.0	15709.0	24120.0	54375.0	447151.0	719628.0
	20.0	21.0	22.0	23.0	24.0	25.0	26.0	27.0	28.0	29.0	30.0	31.0	32.0	33.0	34.0	35.0	36.0	37.0	38.0	39.0	40.0
Sor-CPnd_044-Ex1-8G-lcwgs-1-2-L2-clmp.r2	113.0	696.0	1080.0	1282.0	2006.0	2495.0	2922.0	3128.0	3415.0	3542.0	3924.0	4370.0	5219.0	6061.0	7798.0	10337.0	14827.0	22438.0	46454.0	351734.0	821467.0
	20.0	21.0	22.0	23.0	24.0	25.0	26.0	27.0	28.0	29.0	30.0	31.0	32.0	33.0	34.0	35.0	36.0	37.0	38.0	39.0	40.0
Sor-CPnd_044-Ex1-8G-lcwgs-1-2-L3-clmp.r1	17.0	193.0	387.0	705.0	1102.0	1517.0	1846.0	2168.0	2371.0	2611.0	2895.0	3207.0	4037.0	4807.0	6308.0	8458.0	12601.0	20128.0	46596.0	367518.0	592342.0
	20.0	21.0	22.0	23.0	24.0	25.0	26.0	27.0	28.0	29.0	30.0	31.0	32.0	33.0	34.0	35.0	36.0	37.0	38.0	39.0	40.0
Sor-CPnd_044-Ex1-8G-lcwgs-1-2-L3-clmp.r2	90.0	508.0	759.0	1040.0	1538.0	2045.0	2318.0	2487.0	2580.0	2690.0	3115.0	3411.0	4138.0	4809.0	6295.0	8050.0	11718.0	17941.0	38069.0	286919.0	681294.0
	20.0	21.0	22.0	23.0	24.0	25.0	26.0	27.0	28.0	29.0	30.0	31.0	32.0	33.0	34.0	35.0	36.0	37.0	38.0	39.0	40.0
Sor-CPnd_045-Ex1-7B-lcwgs-1-2-L2-clmp.r1	24.0	267.0	607.0	1056.0	1610.0	2209.0	2762.0	3034.0	3557.0	3935.0	4603.0	5398.0	6574.0	8482.0	11610.0	15860.0	22903.0	34918.0	76127.0	634265.0	941239.0
	20.0	21.0	22.0	23.0	24.0	25.0	26.0	27.0	28.0	29.0	30.0	31.0	32.0	33.0	34.0	35.0	36.0	37.0	38.0	39.0	40.0
Sor-CPnd_045-Ex1-7B-lcwgs-1-2-L2-clmp.r2	130.0	879.0	1443.0	1884.0	2572.0	3155.0	3839.0	3947.0	4479.0	4661.0	5305.0	5962.0	7247.0	8660.0	10966.0	15066.0	21591.0	32571.0	66691.0	543200.0	1036792.0
	20.0	21.0	22.0	23.0	24.0	25.0	26.0	27.0	28.0	29.0	30.0	31.0	32.0	33.0	34.0	35.0	36.0	37.0	38.0	39.0	40.0
Sor-CPnd_045-Ex1-7B-lcwgs-1-2-L3-clmp.r1	14.0	177.0	439.0	788.0	1322.0	1675.0	1970.0	2269.0	2800.0	2847.0	3374.0	4057.0	5146.0	6370.0	8868.0	11732.0	17538.0	27097.0	62923.0	511146.0	749396.0
	19.0	20.0	21.0	22.0	23.0	24.0	25.0	26.0	27.0	28.0	29.0	30.0	31.0	32.0	33.0	34.0	35.0	36.0	37.0	38.0	39.0	40.0
Sor-CPnd_045-Ex1-7B-lcwgs-1-2-L3-clmp.r2	1.0	121.0	677.0	1047.0	1406.0	1965.0	2412.0	2808.0	3019.0	3360.0	3569.0	4037.0	4507.0	5519.0	6567.0	8804.0	11591.0	16650.0	25213.0	53386.0	438825.0	826464.0
	20.0	21.0	22.0	23.0	24.0	25.0	26.0	27.0	28.0	29.0	30.0	31.0	32.0	33.0	34.0	35.0	36.0	37.0	38.0	39.0	40.0
Sor-CPnd_046-Ex1-5A-lcwgs-1-2-L2-clmp.r1	9.0	88.0	169.0	279.0	444.0	608.0	730.0	841.0	1004.0	1036.0	1190.0	1232.0	1601.0	1848.0	2287.0	3136.0	4573.0	7003.0	15862.0	124578.0	219613.0
	20.0	21.0	22.0	23.0	24.0	25.0	26.0	27.0	28.0	29.0	30.0	31.0	32.0	33.0	34.0	35.0	36.0	37.0	38.0	39.0	40.0
Sor-CPnd_046-Ex1-5A-lcwgs-1-2-L2-clmp.r2	31.0	163.0	261.0	352.0	453.0	629.0	707.0	774.0	802.0	896.0	992.0	1114.0	1318.0	1600.0	1919.0	2643.0	3873.0	5966.0	12321.0	84291.0	267026.0
	20.0	21.0	22.0	23.0	24.0	25.0	26.0	27.0	28.0	29.0	30.0	31.0	32.0	33.0	34.0	35.0	36.0	37.0	38.0	39.0	40.0
Sor-CPnd_046-Ex1-5A-lcwgs-1-2-L3-clmp.r1	3.0	62.0	154.0	247.0	406.0	534.0	685.0	731.0	864.0	904.0	1027.0	1180.0	1358.0	1691.0	2135.0	2851.0	4397.0	7060.0	16416.0	128673.0	201213.0
	19.0	20.0	21.0	22.0	23.0	24.0	25.0	26.0	27.0	28.0	29.0	30.0	31.0	32.0	33.0	34.0	35.0	36.0	37.0	38.0	39.0	40.0
Sor-CPnd_046-Ex1-5A-lcwgs-1-2-L3-clmp.r2	1.0	22.0	157.0	267.0	336.0	476.0	560.0	679.0	696.0	730.0	782.0	880.0	1044.0	1191.0	1424.0	1926.0	2566.0	3737.0	5718.0	12322.0	92815.0	244262.0
	20.0	21.0	22.0	23.0	24.0	25.0	26.0	27.0	28.0	29.0	30.0	31.0	32.0	33.0	34.0	35.0	36.0	37.0	38.0	39.0	40.0
Sor-CPnd_049-Ex1-3B-lcwgs-1-2-L2-clmp.r1	5.0	64.0	193.0	308.0	530.0	723.0	853.0	983.0	1119.0	1217.0	1452.0	1592.0	1963.0	2412.0	3176.0	4300.0	6367.0	10026.0	22482.0	185195.0	288716.0
	19.0	20.0	21.0	22.0	23.0	24.0	25.0	26.0	27.0	28.0	29.0	30.0	31.0	32.0	33.0	34.0	35.0	36.0	37.0	38.0	39.0	40.0
Sor-CPnd_049-Ex1-3B-lcwgs-1-2-L2-clmp.r2	1.0	38.0	195.0	332.0	512.0	742.0	924.0	1076.0	1164.0	1235.0	1318.0	1504.0	1683.0	2014.0	2410.0	3091.0	4125.0	5830.0	9100.0	19122.0	149117.0	328143.0
	20.0	21.0	22.0	23.0	24.0	25.0	26.0	27.0	28.0	29.0	30.0	31.0	32.0	33.0	34.0	35.0	36.0	37.0	38.0	39.0	40.0
Sor-CPnd_049-Ex1-3B-lcwgs-1-2-L3-clmp.r1	3.0	41.0	144.0	247.0	364.0	540.0	636.0	767.0	876.0	936.0	1079.0	1184.0	1465.0	1820.0	2384.0	3255.0	4968.0	7885.0	18602.0	148507.0	227401.0
	20.0	21.0	22.0	23.0	24.0	25.0	26.0	27.0	28.0	29.0	30.0	31.0	32.0	33.0	34.0	35.0	36.0	37.0	38.0	39.0	40.0
Sor-CPnd_049-Ex1-3B-lcwgs-1-2-L3-clmp.r2	31.0	146.0	275.0	378.0	554.0	703.0	869.0	879.0	943.0	1004.0	1178.0	1252.0	1572.0	1785.0	2357.0	2950.0	4653.0	6968.0	15434.0	120764.0	258409.0
	20.0	21.0	22.0	23.0	24.0	25.0	26.0	27.0	28.0	29.0	30.0	31.0	32.0	33.0	34.0	35.0	36.0	37.0	38.0	39.0	40.0
Sor-CPnd_050-Ex1-3F-lcwgs-1-2-L2-clmp.r1	26.0	281.0	769.0	1329.0	2202.0	2926.0	3502.0	3750.0	4518.0	4848.0	5665.0	6301.0	7690.0	9334.0	12269.0	16391.0	24137.0	36870.0	83132.0	694949.0	1016129.0
	20.0	21.0	22.0	23.0	24.0	25.0	26.0	27.0	28.0	29.0	30.0	31.0	32.0	33.0	34.0	35.0	36.0	37.0	38.0	39.0	40.0
Sor-CPnd_050-Ex1-3F-lcwgs-1-2-L2-clmp.r2	131.0	805.0	1320.0	1919.0	2579.0	3372.0	4094.0	4489.0	4742.0	5053.0	5778.0	6392.0	7394.0	8930.0	11601.0	15070.0	21946.0	33138.0	69709.0	531956.0	1196600.0
	20.0	21.0	22.0	23.0	24.0	25.0	26.0	27.0	28.0	29.0	30.0	31.0	32.0	33.0	34.0	35.0	36.0	37.0	38.0	39.0	40.0
Sor-CPnd_050-Ex1-3F-lcwgs-1-2-L3-clmp.r1	11.0	262.0	615.0	1171.0	1845.0	2419.0	3059.0	3294.0	3784.0	4040.0	4700.0	5419.0	6332.0	7773.0	10261.0	13385.0	19633.0	31281.0	71418.0	574417.0	849944.0
	20.0	21.0	22.0	23.0	24.0	25.0	26.0	27.0	28.0	29.0	30.0	31.0	32.0	33.0	34.0	35.0	36.0	37.0	38.0	39.0	40.0
Sor-CPnd_050-Ex1-3F-lcwgs-1-2-L3-clmp.r2	103.0	655.0	1149.0	1558.0	2143.0	2708.0	3330.0	3578.0	3891.0	4147.0	4663.0	5112.0	6010.0	7361.0	9435.0	12429.0	18064.0	27331.0	57860.0	439157.0	1004379.0
	20.0	21.0	22.0	23.0	24.0	25.0	26.0	27.0	28.0	29.0	30.0	31.0	32.0	33.0	34.0	35.0	36.0	37.0	38.0	39.0	40.0
Sor-CPnd_052-Ex1-6D-lcwgs-1-2-L2-clmp.r1	27.0	165.0	339.0	554.0	971.0	1414.0	1630.0	1849.0	2001.0	2258.0	2620.0	2941.0	3550.0	4247.0	5771.0	7498.0	11127.0	17740.0	41241.0	346333.0	515156.0
	20.0	21.0	22.0	23.0	24.0	25.0	26.0	27.0	28.0	29.0	30.0	31.0	32.0	33.0	34.0	35.0	36.0	37.0	38.0	39.0	40.0
Sor-CPnd_052-Ex1-6D-lcwgs-1-2-L2-clmp.r2	53.0	383.0	675.0	867.0	1256.0	1631.0	1880.0	2046.0	2207.0	2304.0	2607.0	2751.0	3406.0	4065.0	5214.0	6922.0	9936.0	15286.0	32344.0	246590.0	627009.0
	20.0	21.0	22.0	23.0	24.0	25.0	26.0	27.0	28.0	29.0	30.0	31.0	32.0	33.0	34.0	35.0	36.0	37.0	38.0	39.0	40.0
Sor-CPnd_052-Ex1-6D-lcwgs-1-2-L3-clmp.r1	9.0	111.0	281.0	525.0	756.0	1104.0	1378.0	1560.0	1849.0	1914.0	2168.0	2588.0	3032.0	3622.0	4743.0	6262.0	9445.0	15361.0	36000.0	290761.0	447206.0
	19.0	20.0	21.0	22.0	23.0	24.0	25.0	26.0	27.0	28.0	29.0	30.0	31.0	32.0	33.0	34.0	35.0	36.0	37.0	38.0	39.0	40.0
Sor-CPnd_052-Ex1-6D-lcwgs-1-2-L3-clmp.r2	1.0	62.0	335.0	572.0	708.0	1081.0	1431.0	1643.0	1698.0	1762.0	1895.0	2017.0	2333.0	2764.0	3217.0	4321.0	5566.0	8308.0	12704.0	27225.0	205793.0	545239.0
	20.0	21.0	22.0	23.0	24.0	25.0	26.0	27.0	28.0	29.0	30.0	31.0	32.0	33.0	34.0	35.0	36.0	37.0	38.0	39.0	40.0
Sor-CPnd_053-Ex1-2C-lcwgs-1-2-L2-clmp.r1	25.0	193.0	463.0	854.0	1263.0	1754.0	2082.0	2304.0	2575.0	2741.0	3138.0	3313.0	4060.0	4781.0	6008.0	7805.0	11277.0	16286.0	33124.0	226243.0	344447.0
	19.0	20.0	21.0	22.0	23.0	24.0	25.0	26.0	27.0	28.0	29.0	30.0	31.0	32.0	33.0	34.0	35.0	36.0	37.0	38.0	39.0	40.0
Sor-CPnd_053-Ex1-2C-lcwgs-1-2-L2-clmp.r2	1.0	68.0	404.0	662.0	893.0	1257.0	1583.0	1933.0	2084.0	2205.0	2388.0	2612.0	2923.0	3481.0	4169.0	5260.0	6788.0	9750.0	14433.0	27975.0	175584.0	408283.0
	20.0	21.0	22.0	23.0	24.0	25.0	26.0	27.0	28.0	29.0	30.0	31.0	32.0	33.0	34.0	35.0	36.0	37.0	38.0	39.0	40.0
Sor-CPnd_053-Ex1-2C-lcwgs-1-2-L3-clmp.r1	16.0	163.0	369.0	648.0	1096.0	1500.0	1871.0	2013.0	2278.0	2457.0	2716.0	3040.0	3723.0	4417.0	5842.0	7726.0	11238.0	17524.0	38593.0	289478.0	371456.0
	20.0	21.0	22.0	23.0	24.0	25.0	26.0	27.0	28.0	29.0	30.0	31.0	32.0	33.0	34.0	35.0	36.0	37.0	38.0	39.0	40.0
Sor-CPnd_053-Ex1-2C-lcwgs-1-2-L3-clmp.r2	64.0	420.0	693.0	924.0	1230.0	1611.0	1907.0	1973.0	2194.0	2386.0	2565.0	2935.0	3503.0	4068.0	5254.0	7007.0	9811.0	15230.0	31886.0	229517.0	442986.0
	20.0	21.0	22.0	23.0	24.0	25.0	26.0	27.0	28.0	29.0	30.0	31.0	32.0	33.0	34.0	35.0	36.0	37.0	38.0	39.0	40.0
Sor-CPnd_054-Ex1-8F-lcwgs-1-2-L2-clmp.r1	14.0	93.0	177.0	274.0	498.0	593.0	791.0	821.0	1026.0	1179.0	1259.0	1403.0	1823.0	2179.0	3021.0	4103.0	5991.0	9645.0	23109.0	174477.0	249797.0
	20.0	21.0	22.0	23.0	24.0	25.0	26.0	27.0	28.0	29.0	30.0	31.0	32.0	33.0	34.0	35.0	36.0	37.0	38.0	39.0	40.0
Sor-CPnd_054-Ex1-8F-lcwgs-1-2-L2-clmp.r2	38.0	232.0	338.0	426.0	607.0	787.0	961.0	944.0	1063.0	1135.0	1284.0	1438.0	1818.0	2186.0	2811.0	3708.0	5402.0	8434.0	18580.0	127075.0	303006.0
	20.0	21.0	22.0	23.0	24.0	25.0	26.0	27.0	28.0	29.0	30.0	31.0	32.0	33.0	34.0	35.0	36.0	37.0	38.0	39.0	40.0
Sor-CPnd_054-Ex1-8F-lcwgs-1-2-L3-clmp.r1	7.0	62.0	171.0	272.0	411.0	546.0	661.0	772.0	901.0	1030.0	1118.0	1276.0	1672.0	1873.0	2532.0	3433.0	5134.0	8416.0	20381.0	146559.0	218638.0
	20.0	21.0	22.0	23.0	24.0	25.0	26.0	27.0	28.0	29.0	30.0	31.0	32.0	33.0	34.0	35.0	36.0	37.0	38.0	39.0	40.0
Sor-CPnd_054-Ex1-8F-lcwgs-1-2-L3-clmp.r2	25.0	230.0	261.0	382.0	472.0	660.0	743.0	832.0	927.0	950.0	1107.0	1291.0	1486.0	1790.0	2341.0	2971.0	4580.0	7112.0	15165.0	105785.0	266755.0
	19.0	20.0	21.0	22.0	23.0	24.0	25.0	26.0	27.0	28.0	29.0	30.0	31.0	32.0	33.0	34.0	35.0	36.0	37.0	38.0	39.0	40.0
Sor-CPnd_055-Ex1-7G-lcwgs-1-2-L2-clmp.r1	1.0	23.0	212.0	518.0	918.0	1404.0	1924.0	2307.0	2734.0	3038.0	3315.0	3843.0	4173.0	5094.0	5996.0	8093.0	10571.0	15708.0	24546.0	55723.0	462715.0	739811.0
	19.0	20.0	21.0	22.0	23.0	24.0	25.0	26.0	27.0	28.0	29.0	30.0	31.0	32.0	33.0	34.0	35.0	36.0	37.0	38.0	39.0	40.0
Sor-CPnd_055-Ex1-7G-lcwgs-1-2-L2-clmp.r2	1.0	76.0	558.0	924.0	1227.0	1870.0	2456.0	2745.0	3128.0	3452.0	3484.0	3712.0	4206.0	4914.0	5972.0	7591.0	10116.0	14740.0	22408.0	45523.0	334470.0	879094.0
	20.0	21.0	22.0	23.0	24.0	25.0	26.0	27.0	28.0	29.0	30.0	31.0	32.0	33.0	34.0	35.0	36.0	37.0	38.0	39.0	40.0
Sor-CPnd_055-Ex1-7G-lcwgs-1-2-L3-clmp.r1	13.0	150.0	419.0	680.0	1164.0	1513.0	1869.0	2185.0	2481.0	2640.0	2932.0	3334.0	4025.0	4894.0	6309.0	8260.0	12715.0	20501.0	47972.0	378930.0	608541.0
	19.0	20.0	21.0	22.0	23.0	24.0	25.0	26.0	27.0	28.0	29.0	30.0	31.0	32.0	33.0	34.0	35.0	36.0	37.0	38.0	39.0	40.0
Sor-CPnd_055-Ex1-7G-lcwgs-1-2-L3-clmp.r2	1.0	74.0	418.0	764.0	980.0	1463.0	1945.0	2316.0	2447.0	2566.0	2646.0	2996.0	3298.0	3920.0	4767.0	6099.0	7929.0	11693.0	17998.0	37297.0	275272.0	724638.0
	20.0	21.0	22.0	23.0	24.0	25.0	26.0	27.0	28.0	29.0	30.0	31.0	32.0	33.0	34.0	35.0	36.0	37.0	38.0	39.0	40.0
Sor-CPnd_058-Ex1-2G-lcwgs-1-2-L2-clmp.r1	16.0	148.0	384.0	631.0	1089.0	1522.0	1706.0	1824.0	2071.0	2137.0	2263.0	2538.0	2768.0	3178.0	4135.0	5205.0	7581.0	11087.0	23653.0	171864.0	269006.0
	19.0	20.0	21.0	22.0	23.0	24.0	25.0	26.0	27.0	28.0	29.0	30.0	31.0	32.0	33.0	34.0	35.0	36.0	37.0	38.0	39.0	40.0
Sor-CPnd_058-Ex1-2G-lcwgs-1-2-L2-clmp.r2	1.0	48.0	262.0	458.0	612.0	964.0	1292.0	1566.0	1646.0	1791.0	1781.0	1994.0	1992.0	2417.0	2846.0	3561.0	4531.0	6772.0	10190.0	19240.0	111100.0	339742.0
	20.0	21.0	22.0	23.0	24.0	25.0	26.0	27.0	28.0	29.0	30.0	31.0	32.0	33.0	34.0	35.0	36.0	37.0	38.0	39.0	40.0
Sor-CPnd_058-Ex1-2G-lcwgs-1-2-L3-clmp.r1	18.0	134.0	321.0	598.0	945.0	1295.0	1524.0	1715.0	1904.0	1953.0	2143.0	2314.0	2765.0	3122.0	4123.0	5211.0	7681.0	12259.0	27781.0	214818.0	294154.0
	19.0	20.0	21.0	22.0	23.0	24.0	25.0	26.0	27.0	28.0	29.0	30.0	31.0	32.0	33.0	34.0	35.0	36.0	37.0	38.0	39.0	40.0
Sor-CPnd_058-Ex1-2G-lcwgs-1-2-L3-clmp.r2	1.0	32.0	273.0	430.0	624.0	964.0	1337.0	1557.0	1628.0	1737.0	1792.0	2000.0	2129.0	2455.0	2882.0	3784.0	4838.0	7026.0	10723.0	21846.0	144817.0	373903.0
	20.0	21.0	22.0	23.0	24.0	25.0	26.0	27.0	28.0	29.0	30.0	31.0	32.0	33.0	34.0	35.0	36.0	37.0	38.0	39.0	40.0
Sor-CPnd_063-Ex1-7D-lcwgs-1-2-L2-clmp.r1	22.0	206.0	509.0	723.0	1237.0	1713.0	2100.0	2325.0	2595.0	2890.0	3263.0	3680.0	4615.0	5677.0	7429.0	10141.0	15000.0	23563.0	54751.0	464248.0	668473.0
	19.0	20.0	21.0	22.0	23.0	24.0	25.0	26.0	27.0	28.0	29.0	30.0	31.0	32.0	33.0	34.0	35.0	36.0	37.0	38.0	39.0	40.0
Sor-CPnd_063-Ex1-7D-lcwgs-1-2-L2-clmp.r2	2.0	92.0	559.0	960.0	1204.0	1661.0	2126.0	2573.0	2659.0	2862.0	3012.0	3278.0	3778.0	4484.0	5397.0	7320.0	9142.0	13718.0	20796.0	44431.0	341039.0	804067.0
	20.0	21.0	22.0	23.0	24.0	25.0	26.0	27.0	28.0	29.0	30.0	31.0	32.0	33.0	34.0	35.0	36.0	37.0	38.0	39.0	40.0
Sor-CPnd_063-Ex1-7D-lcwgs-1-2-L3-clmp.r1	9.0	135.0	338.0	572.0	1004.0	1281.0	1705.0	1852.0	2173.0	2404.0	2711.0	2992.0	3844.0	4557.0	6301.0	8265.0	12344.0	20163.0	47254.0	384410.0	562939.0
	19.0	20.0	21.0	22.0	23.0	24.0	25.0	26.0	27.0	28.0	29.0	30.0	31.0	32.0	33.0	34.0	35.0	36.0	37.0	38.0	39.0	40.0
Sor-CPnd_063-Ex1-7D-lcwgs-1-2-L3-clmp.r2	1.0	67.0	425.0	679.0	945.0	1300.0	1696.0	2098.0	2252.0	2358.0	2389.0	2778.0	3041.0	3631.0	4336.0	5743.0	7633.0	11037.0	16993.0	37381.0	282306.0	678164.0
	20.0	21.0	22.0	23.0	24.0	25.0	26.0	27.0	28.0	29.0	30.0	31.0	32.0	33.0	34.0	35.0	36.0	37.0	38.0	39.0	40.0
Sor-CPnd_066-Ex1-8B-lcwgs-1-2-L2-clmp.r1	12.0	144.0	338.0	516.0	909.0	1148.0	1464.0	1670.0	1886.0	2130.0	2437.0	2750.0	3470.0	4298.0	5923.0	7929.0	11720.0	17557.0	39139.0	322305.0	497120.0
	20.0	21.0	22.0	23.0	24.0	25.0	26.0	27.0	28.0	29.0	30.0	31.0	32.0	33.0	34.0	35.0	36.0	37.0	38.0	39.0	40.0
Sor-CPnd_066-Ex1-8B-lcwgs-1-2-L2-clmp.r2	78.0	409.0	776.0	987.0	1368.0	1667.0	2049.0	2205.0	2290.0	2371.0	2790.0	3018.0	3712.0	4507.0	5798.0	7553.0	11091.0	16932.0	35018.0	278538.0	541708.0
	20.0	21.0	22.0	23.0	24.0	25.0	26.0	27.0	28.0	29.0	30.0	31.0	32.0	33.0	34.0	35.0	36.0	37.0	38.0	39.0	40.0
Sor-CPnd_066-Ex1-8B-lcwgs-1-2-L3-clmp.r1	12.0	97.0	217.0	408.0	644.0	905.0	1131.0	1222.0	1444.0	1547.0	1904.0	2158.0	2603.0	3282.0	4385.0	5759.0	8833.0	13774.0	31521.0	253400.0	388440.0
	20.0	21.0	22.0	23.0	24.0	25.0	26.0	27.0	28.0	29.0	30.0	31.0	32.0	33.0	34.0	35.0	36.0	37.0	38.0	39.0	40.0
Sor-CPnd_066-Ex1-8B-lcwgs-1-2-L3-clmp.r2	54.0	332.0	568.0	762.0	1025.0	1262.0	1486.0	1634.0	1796.0	1903.0	2058.0	2235.0	2807.0	3261.0	4461.0	5766.0	8481.0	12616.0	27465.0	219077.0	424637.0
	20.0	21.0	22.0	23.0	24.0	25.0	26.0	27.0	28.0	29.0	30.0	31.0	32.0	33.0	34.0	35.0	36.0	37.0	38.0	39.0	40.0
Sor-CPnd_069-Ex1-6B-lcwgs-1-2-L2-clmp.r1	10.0	157.0	339.0	671.0	1082.0	1457.0	1759.0	2054.0	2305.0	2605.0	2873.0	3435.0	4128.0	5214.0	7275.0	9697.0	14219.0	21301.0	45623.0	374720.0	576330.0
	20.0	21.0	22.0	23.0	24.0	25.0	26.0	27.0	28.0	29.0	30.0	31.0	32.0	33.0	34.0	35.0	36.0	37.0	38.0	39.0	40.0
Sor-CPnd_069-Ex1-6B-lcwgs-1-2-L2-clmp.r2	79.0	518.0	829.0	1143.0	1510.0	1921.0	2261.0	2436.0	2793.0	2904.0	3493.0	3726.0	4342.0	5171.0	6843.0	8892.0	12932.0	19421.0	39873.0	321336.0	634831.0
	20.0	21.0	22.0	23.0	24.0	25.0	26.0	27.0	28.0	29.0	30.0	31.0	32.0	33.0	34.0	35.0	36.0	37.0	38.0	39.0	40.0
Sor-CPnd_069-Ex1-6B-lcwgs-1-2-L3-clmp.r1	10.0	121.0	266.0	484.0	782.0	1023.0	1374.0	1518.0	1661.0	1932.0	2177.0	2568.0	3297.0	4059.0	5482.0	7279.0	10656.0	16539.0	37532.0	301843.0	464334.0
	19.0	20.0	21.0	22.0	23.0	24.0	25.0	26.0	27.0	28.0	29.0	30.0	31.0	32.0	33.0	34.0	35.0	36.0	37.0	38.0	39.0	40.0
Sor-CPnd_069-Ex1-6B-lcwgs-1-2-L3-clmp.r2	2.0	72.0	393.0	654.0	901.0	1124.0	1572.0	1768.0	1856.0	1967.0	2138.0	2593.0	2796.0	3409.0	4082.0	5153.0	6860.0	9958.0	15069.0	31407.0	256154.0	515009.0
	20.0	21.0	22.0	23.0	24.0	25.0	26.0	27.0	28.0	29.0	30.0	31.0	32.0	33.0	34.0	35.0	36.0	37.0	38.0	39.0	40.0
Sor-CPnd_072-Ex1-8C-lcwgs-1-2-L2-clmp.r1	30.0	475.0	1094.0	1769.0	2673.0	3644.0	4410.0	5059.0	5859.0	6557.0	7625.0	9173.0	11528.0	14701.0	20051.0	27048.0	39614.0	57955.0	122041.0	908966.0	1310346.0
	19.0	20.0	21.0	22.0	23.0	24.0	25.0	26.0	27.0	28.0	29.0	30.0	31.0	32.0	33.0	34.0	35.0	36.0	37.0	38.0	39.0	40.0
Sor-CPnd_072-Ex1-8C-lcwgs-1-2-L2-clmp.r2	2.0	259.0	1612.0	2519.0	3198.0	4318.0	5314.0	6331.0	6729.0	7387.0	8065.0	9149.0	10460.0	12478.0	14978.0	19734.0	25340.0	36998.0	55176.0	113344.0	862662.0	1354565.0
	20.0	21.0	22.0	23.0	24.0	25.0	26.0	27.0	28.0	29.0	30.0	31.0	32.0	33.0	34.0	35.0	36.0	37.0	38.0	39.0	40.0
Sor-CPnd_072-Ex1-8C-lcwgs-1-2-L3-clmp.r1	29.0	318.0	762.0	1265.0	2024.0	2657.0	3326.0	3810.0	4334.0	4667.0	5704.0	6606.0	8506.0	10646.0	14534.0	19294.0	28492.0	43554.0	95906.0	706774.0	1003829.0
	19.0	20.0	21.0	22.0	23.0	24.0	25.0	26.0	27.0	28.0	29.0	30.0	31.0	32.0	33.0	34.0	35.0	36.0	37.0	38.0	39.0	40.0
Sor-CPnd_072-Ex1-8C-lcwgs-1-2-L3-clmp.r2	3.0	218.0	1173.0	1891.0	2346.0	3185.0	3847.0	4559.0	4853.0	5359.0	5889.0	6707.0	7585.0	9172.0	11029.0	14324.0	18633.0	27562.0	41216.0	86275.0	662990.0	1048221.0
	19.0	20.0	21.0	22.0	23.0	24.0	25.0	26.0	27.0	28.0	29.0	30.0	31.0	32.0	33.0	34.0	35.0	36.0	37.0	38.0	39.0	40.0
Undetermined-L2-clmp.r1	15.0	11269.0	105972.0	165293.0	180379.0	244216.0	309943.0	375801.0	422220.0	491439.0	545608.0	641541.0	747169.0	946166.0	1182351.0	1595381.0	2138333.0	3134036.0	4865913.0	11023861.0	84314299.0	92841527.0
	19.0	20.0	21.0	22.0	23.0	24.0	25.0	26.0	27.0	28.0	29.0	30.0	31.0	32.0	33.0	34.0	35.0	36.0	37.0	38.0	39.0	40.0
Undetermined-L2-clmp.r2	193.0	37274.0	221176.0	273317.0	290505.0	372992.0	451910.0	524129.0	558185.0	613362.0	649882.0	724658.0	809901.0	969464.0	1152918.0	1484503.0	1933166.0	2815098.0	4267755.0	9147418.0	66349447.0	112635479.0
	19.0	20.0	21.0	22.0	23.0	24.0	25.0	26.0	27.0	28.0	29.0	30.0	31.0	32.0	33.0	34.0	35.0	36.0	37.0	38.0	39.0	40.0
Undetermined-L3-clmp.r1	10.0	9038.0	90851.0	138672.0	157366.0	220323.0	282003.0	345227.0	390652.0	452688.0	503678.0	593583.0	696835.0	890052.0	1119990.0	1508897.0	2007349.0	2928277.0	4519268.0	10372171.0	80438514.0	92075361.0
	19.0	20.0	21.0	22.0	23.0	24.0	25.0	26.0	27.0	28.0	29.0	30.0	31.0	32.0	33.0	34.0	35.0	36.0	37.0	38.0	39.0	40.0
Undetermined-L3-clmp.r2	190.0	34052.0	200904.0	250495.0	273299.0	352117.0	426741.0	493948.0	524775.0	578634.0	613886.0	690340.0	768778.0	928064.0	1107489.0	1433032.0	1867023.0	2705228.0	4079232.0	8732447.0	63088336.0	110591795.0

