Sample	total_reads	Human counts	Human percentage	Ecoli counts	Ecoli percentage	PhiX counts	PhiX percentage	Contamnts_Adaptrs counts	Contamnts_Adaptrs percentage	Vectors counts	Vectors percentage	Bacteria_24k counts	Bacteria_24k percentage	Protists_1k counts	Protists_1k percentage	Viruses counts	Viruses percentage	Fungi_RefSeq_release counts	Fungi_RefSeq_release percentage	Coral counts	Coral percentage	Bird counts	Bird percentage	Plant counts	Plant percentage	No hits counts	No hits percentage
Sor-ACeb_001-Ex1-8E-lcwgs-1-2-L2-clmp.fp2_r1_screen	774447	30245.0	3.91	8.0	0.0	0.0	0.0	2.0	0.0	2362.0	0.3	20142.0	2.59	46267.0	5.9799999999999995	12371.0	1.59	30236.0	3.91	18777.0	2.42	24194.0	3.1300000000000003	17393.0	2.24	718222	92.74
Sor-ACeb_001-Ex1-8E-lcwgs-1-2-L2-clmp.fp2_r2_screen	774447	30360.0	3.92	7.0	0.0	0.0	0.0	0.0	0.0	2479.0	0.32	20078.0	2.58	46491.0	6.01	12393.0	1.5999999999999999	30388.0	3.91	18757.0	2.42	24237.0	3.13	17375.0	2.25	718144	92.73
Sor-ACeb_001-Ex1-8E-lcwgs-1-2-L3-clmp.fp2_r1_screen	694708	27632.0	3.98	5.0	0.0	0.0	0.0	2.0	0.0	2200.0	0.31	17819.0	2.5700000000000003	42249.0	6.08	11184.0	1.6	27793.0	4.0	17124.0	2.48	22132.0	3.19	15743.0	2.2600000000000002	643716	92.66
Sor-ACeb_001-Ex1-8E-lcwgs-1-2-L3-clmp.fp2_r2_screen	694708	27793.0	4.0	4.0	0.0	0.0	0.0	1.0	0.0	2350.0	0.34	17847.0	2.56	42492.0	6.120000000000001	11194.0	1.5999999999999999	27861.0	4.01	17163.0	2.46	22141.0	3.19	16083.0	2.31	643716	92.66
Sor-ACeb_002-Ex1-9E-lcwgs-1-2-L2-clmp.fp2_r1_screen	104586	4644.0	4.4399999999999995	6.0	0.0	0.0	0.0	2.0	0.0	451.0	0.43	5026.0	4.8	6965.0	6.67	2548.0	2.43	4802.0	4.6000000000000005	3273.0	3.13	3962.0	3.79	2934.0	2.8	95622	91.43
Sor-ACeb_002-Ex1-9E-lcwgs-1-2-L2-clmp.fp2_r2_screen	104586	4642.0	4.44	4.0	0.0	0.0	0.0	0.0	0.0	464.0	0.44	5046.0	4.82	6949.0	6.64	2539.0	2.43	4867.0	4.66	3299.0	3.16	3919.0	3.75	2904.0	2.77	95622	91.43
Sor-ACeb_002-Ex1-9E-lcwgs-1-2-L3-clmp.fp2_r1_screen	109049	4751.0	4.36	1.0	0.0	0.0	0.0	1.0	0.0	495.0	0.45	5256.0	4.82	7244.0	6.64	2659.0	2.43	4937.0	4.529999999999999	3352.0	3.07	4009.0	3.6900000000000004	3044.0	2.79	99692	91.42
Sor-ACeb_002-Ex1-9E-lcwgs-1-2-L3-clmp.fp2_r2_screen	109049	4701.0	4.3100000000000005	2.0	0.0	0.0	0.0	1.0	0.0	475.0	0.44	5199.0	4.77	7252.0	6.65	2626.0	2.4000000000000004	4927.0	4.510000000000001	3286.0	3.02	3942.0	3.6100000000000003	2956.0	2.71	99681	91.41
Sor-ACeb_003-Ex1-10E-lcwgs-1-2-L2-clmp.fp2_r1_screen	302646	6900.0	2.28	0.0	0.0	0.0	0.0	3.0	0.0	361.0	0.11	3833.0	1.27	11042.0	3.6399999999999997	2720.0	0.9	7025.0	2.33	3993.0	1.31	5293.0	1.7399999999999998	3551.0	1.17	290055	95.84
Sor-ACeb_003-Ex1-10E-lcwgs-1-2-L2-clmp.fp2_r2_screen	302646	6859.0	2.28	2.0	0.0	0.0	0.0	2.0	0.0	382.0	0.12	3842.0	1.27	11226.0	3.71	2714.0	0.89	7019.0	2.31	3966.0	1.3	5298.0	1.75	3575.0	1.19	289874	95.78
Sor-ACeb_003-Ex1-10E-lcwgs-1-2-L3-clmp.fp2_r1_screen	295334	6844.0	2.32	1.0	0.0	0.0	0.0	2.0	0.0	401.0	0.13999999999999999	3825.0	1.3	11037.0	3.74	2749.0	0.93	6951.0	2.36	3998.0	1.35	5236.0	1.77	3607.0	1.22	282782	95.75
Sor-ACeb_003-Ex1-10E-lcwgs-1-2-L3-clmp.fp2_r2_screen	295334	6885.0	2.33	0.0	0.0	0.0	0.0	0.0	0.0	376.0	0.13	3828.0	1.3	11048.0	3.7399999999999998	2760.0	0.93	6928.0	2.34	3975.0	1.34	5245.0	1.77	3592.0	1.22	282811	95.76
Sor-ACeb_004-Ex1-11E-lcwgs-1-2-L2-clmp.fp2_r1_screen	236821	11098.0	4.6899999999999995	0.0	0.0	0.0	0.0	5.0	0.0	1170.0	0.49	7605.0	3.21	15206.0	6.42	6052.0	2.55	11469.0	4.85	7743.0	3.27	9380.0	3.9699999999999998	7148.0	3.02	219983	92.89
Sor-ACeb_004-Ex1-11E-lcwgs-1-2-L2-clmp.fp2_r2_screen	236821	11011.0	4.6499999999999995	0.0	0.0	0.0	0.0	3.0	0.0	1199.0	0.51	7517.0	3.17	15103.0	6.38	5971.0	2.52	11379.0	4.8100000000000005	7595.0	3.21	9248.0	3.91	7034.0	2.97	220077	92.93
Sor-ACeb_004-Ex1-11E-lcwgs-1-2-L3-clmp.fp2_r1_screen	211406	9744.0	4.609999999999999	0.0	0.0	0.0	0.0	7.0	0.0	1056.0	0.49	6636.0	3.15	13454.0	6.369999999999999	5242.0	2.48	10081.0	4.7700000000000005	6799.0	3.22	8139.0	3.86	6172.0	2.92	196544	92.97
Sor-ACeb_004-Ex1-11E-lcwgs-1-2-L3-clmp.fp2_r2_screen	211406	9641.0	4.5600000000000005	0.0	0.0	0.0	0.0	3.0	0.0	1020.0	0.48000000000000004	6606.0	3.11	13381.0	6.33	5195.0	2.45	10012.0	4.75	6682.0	3.16	8054.0	3.81	6135.0	2.9000000000000004	196607	93.0
Sor-ACeb_005-Ex1-12E-lcwgs-1-2-L2-clmp.fp2_r1_screen	42374	3231.0	7.630000000000001	2.0	0.0	0.0	0.0	1.0	0.0	202.0	0.48000000000000004	4056.0	9.57	3657.0	8.629999999999999	881.0	2.0700000000000003	1907.0	4.49	1217.0	2.87	1500.0	3.54	1020.0	2.41	35056	82.73
Sor-ACeb_005-Ex1-12E-lcwgs-1-2-L2-clmp.fp2_r2_screen	42374	3228.0	7.619999999999999	2.0	0.0	0.0	0.0	0.0	0.0	208.0	0.49	4063.0	9.58	3648.0	8.6	881.0	2.08	1940.0	4.59	1225.0	2.8899999999999997	1504.0	3.55	1033.0	2.44	35017	82.64
Sor-ACeb_005-Ex1-12E-lcwgs-1-2-L3-clmp.fp2_r1_screen	45312	3405.0	7.52	3.0	0.0	0.0	0.0	0.0	0.0	180.0	0.4	4528.0	9.99	3786.0	8.35	908.0	1.99	2017.0	4.45	1306.0	2.87	1564.0	3.4499999999999997	1065.0	2.35	37409	82.56
Sor-ACeb_005-Ex1-12E-lcwgs-1-2-L3-clmp.fp2_r2_screen	45312	3391.0	7.48	2.0	0.0	0.0	0.0	0.0	0.0	180.0	0.4	4515.0	9.969999999999999	3759.0	8.3	932.0	2.06	1982.0	4.38	1245.0	2.74	1540.0	3.41	1048.0	2.3099999999999996	37423	82.59
Sor-ACeb_006-Ex1-1F-lcwgs-1-2-L2-clmp.fp2_r1_screen	38765	1938.0	5.0	0.0	0.0	0.0	0.0	0.0	0.0	157.0	0.41000000000000003	1606.0	4.15	2751.0	7.09	1039.0	2.69	2007.0	5.18	1332.0	3.44	1587.0	4.1000000000000005	1205.0	3.12	35528	91.65
Sor-ACeb_006-Ex1-1F-lcwgs-1-2-L2-clmp.fp2_r2_screen	38765	1922.0	4.96	1.0	0.0	0.0	0.0	0.0	0.0	173.0	0.45	1591.0	4.1	2750.0	7.1	1021.0	2.6300000000000003	1985.0	5.12	1323.0	3.4099999999999997	1569.0	4.05	1171.0	3.0300000000000002	35570	91.76
Sor-ACeb_006-Ex1-1F-lcwgs-1-2-L3-clmp.fp2_r1_screen	32176	1522.0	4.73	1.0	0.0	0.0	0.0	0.0	0.0	142.0	0.44	1251.0	3.8899999999999997	2197.0	6.82	812.0	2.5300000000000002	1604.0	4.98	1071.0	3.34	1274.0	3.96	938.0	2.92	29605	92.01
Sor-ACeb_006-Ex1-1F-lcwgs-1-2-L3-clmp.fp2_r2_screen	32176	1524.0	4.73	2.0	0.0	0.0	0.0	0.0	0.0	146.0	0.45	1283.0	3.99	2202.0	6.85	818.0	2.54	1601.0	4.97	1069.0	3.32	1273.0	3.95	959.0	2.97	29598	91.99
Sor-ACeb_007-Ex1-2F-lcwgs-1-2-L2-clmp.fp2_r1_screen	15072	783.0	5.19	0.0	0.0	0.0	0.0	0.0	0.0	86.0	0.5700000000000001	551.0	3.66	1089.0	7.220000000000001	405.0	2.69	817.0	5.42	548.0	3.64	662.0	4.38	524.0	3.48	13849	91.89
Sor-ACeb_007-Ex1-2F-lcwgs-1-2-L2-clmp.fp2_r2_screen	15072	784.0	5.199999999999999	0.0	0.0	0.0	0.0	0.0	0.0	83.0	0.55	535.0	3.55	1101.0	7.3100000000000005	407.0	2.71	802.0	5.31	536.0	3.5700000000000003	653.0	4.33	512.0	3.4	13828	91.75
Sor-ACeb_007-Ex1-2F-lcwgs-1-2-L3-clmp.fp2_r1_screen	16480	831.0	5.04	0.0	0.0	0.0	0.0	0.0	0.0	91.0	0.55	586.0	3.56	1188.0	7.21	429.0	2.61	845.0	5.12	565.0	3.43	698.0	4.24	520.0	3.16	15123	91.77
Sor-ACeb_007-Ex1-2F-lcwgs-1-2-L3-clmp.fp2_r2_screen	16480	834.0	5.07	0.0	0.0	0.0	0.0	0.0	0.0	100.0	0.6000000000000001	599.0	3.63	1213.0	7.36	430.0	2.61	858.0	5.2	563.0	3.4200000000000004	695.0	4.220000000000001	511.0	3.11	15115	91.72
Sor-ACeb_008-Ex1-3F-lcwgs-1-2-L2-clmp.fp2_r1_screen	46334	1447.0	3.1100000000000003	1.0	0.0	0.0	0.0	1.0	0.0	114.0	0.24	917.0	1.99	2261.0	4.88	629.0	1.3599999999999999	1461.0	3.1500000000000004	927.0	2.0	1125.0	2.43	813.0	1.75	43762	94.45
Sor-ACeb_008-Ex1-3F-lcwgs-1-2-L2-clmp.fp2_r2_screen	46334	1473.0	3.1900000000000004	1.0	0.0	0.0	0.0	1.0	0.0	120.0	0.26	910.0	1.96	2275.0	4.92	634.0	1.3599999999999999	1480.0	3.19	919.0	1.98	1160.0	2.51	816.0	1.76	43734	94.39
Sor-ACeb_008-Ex1-3F-lcwgs-1-2-L3-clmp.fp2_r1_screen	39433	1194.0	3.03	1.0	0.0	0.0	0.0	0.0	0.0	105.0	0.27	764.0	1.93	1843.0	4.67	521.0	1.3099999999999998	1196.0	3.03	738.0	1.87	980.0	2.48	676.0	1.72	37283	94.55
Sor-ACeb_008-Ex1-3F-lcwgs-1-2-L3-clmp.fp2_r2_screen	39433	1223.0	3.0999999999999996	1.0	0.0	0.0	0.0	0.0	0.0	123.0	0.31	760.0	1.93	1900.0	4.82	530.0	1.3399999999999999	1222.0	3.0900000000000003	733.0	1.8599999999999999	956.0	2.42	680.0	1.72	37224	94.4
Sor-ACeb_009-Ex1-4F-lcwgs-1-2-L2-clmp.fp2_r1_screen	14161	488.0	3.4400000000000004	0.0	0.0	0.0	0.0	0.0	0.0	32.0	0.23	293.0	2.07	755.0	5.34	225.0	1.6	504.0	3.55	308.0	2.18	398.0	2.81	286.0	2.01	13312	94.01
Sor-ACeb_009-Ex1-4F-lcwgs-1-2-L2-clmp.fp2_r2_screen	14161	491.0	3.46	0.0	0.0	0.0	0.0	0.0	0.0	30.0	0.21	288.0	2.04	767.0	5.41	220.0	1.5599999999999998	527.0	3.72	303.0	2.14	386.0	2.72	264.0	1.87	13314	94.02
Sor-ACeb_009-Ex1-4F-lcwgs-1-2-L3-clmp.fp2_r1_screen	11597	383.0	3.3	0.0	0.0	0.0	0.0	0.0	0.0	20.0	0.17	223.0	1.93	578.0	4.98	176.0	1.52	390.0	3.3600000000000003	250.0	2.16	301.0	2.5999999999999996	206.0	1.78	10958	94.49
Sor-ACeb_009-Ex1-4F-lcwgs-1-2-L3-clmp.fp2_r2_screen	11597	381.0	3.29	0.0	0.0	0.0	0.0	0.0	0.0	33.0	0.28	202.0	1.74	587.0	5.0600000000000005	159.0	1.38	388.0	3.34	223.0	1.93	312.0	2.69	217.0	1.87	10937	94.31
Sor-ACeb_010-Ex1-5F-lcwgs-1-2-L2-clmp.fp2_r1_screen	63092	2848.0	4.51	0.0	0.0	0.0	0.0	1.0	0.0	203.0	0.32	2341.0	3.71	4079.0	6.470000000000001	1497.0	2.37	2960.0	4.7	1943.0	3.07	2368.0	3.75	1725.0	2.7300000000000004	58297	92.4
Sor-ACeb_010-Ex1-5F-lcwgs-1-2-L2-clmp.fp2_r2_screen	63092	2834.0	4.5	0.0	0.0	0.0	0.0	0.0	0.0	195.0	0.3	2296.0	3.6399999999999997	4096.0	6.49	1451.0	2.3000000000000003	2908.0	4.61	1938.0	3.0700000000000003	2331.0	3.69	1671.0	2.64	58284	92.38
Sor-ACeb_010-Ex1-5F-lcwgs-1-2-L3-clmp.fp2_r1_screen	57312	2636.0	4.6	0.0	0.0	0.0	0.0	1.0	0.0	193.0	0.33	2208.0	3.86	3752.0	6.55	1424.0	2.48	2720.0	4.75	1815.0	3.16	2140.0	3.73	1553.0	2.7100000000000004	52870	92.25
Sor-ACeb_010-Ex1-5F-lcwgs-1-2-L3-clmp.fp2_r2_screen	57312	2610.0	4.550000000000001	0.0	0.0	0.0	0.0	0.0	0.0	198.0	0.34	2247.0	3.92	3759.0	6.550000000000001	1391.0	2.43	2690.0	4.69	1762.0	3.09	2134.0	3.7199999999999998	1534.0	2.67	52847	92.21
Sor-ACeb_011-Ex1-6F-lcwgs-1-2-L2-clmp.fp2_r1_screen	23010	937.0	4.07	4.0	0.01	0.0	0.0	1.0	0.0	63.0	0.28	2036.0	8.86	1654.0	7.18	405.0	1.76	833.0	3.61	508.0	2.1999999999999997	652.0	2.84	483.0	2.1	19931	86.62
Sor-ACeb_011-Ex1-6F-lcwgs-1-2-L2-clmp.fp2_r2_screen	23010	956.0	4.16	1.0	0.0	0.0	0.0	1.0	0.0	69.0	0.3	2026.0	8.8	1648.0	7.15	398.0	1.73	822.0	3.5700000000000003	492.0	2.1399999999999997	642.0	2.79	466.0	2.02	19912	86.54
Sor-ACeb_011-Ex1-6F-lcwgs-1-2-L3-clmp.fp2_r1_screen	19164	737.0	3.85	4.0	0.02	0.0	0.0	0.0	0.0	56.0	0.29000000000000004	1796.0	9.370000000000001	1317.0	6.859999999999999	337.0	1.75	680.0	3.54	416.0	2.1799999999999997	523.0	2.7199999999999998	395.0	2.06	16613	86.69
Sor-ACeb_011-Ex1-6F-lcwgs-1-2-L3-clmp.fp2_r2_screen	19164	740.0	3.8600000000000003	5.0	0.03	0.0	0.0	0.0	0.0	63.0	0.33	1794.0	9.36	1321.0	6.89	355.0	1.8599999999999999	684.0	3.58	405.0	2.12	513.0	2.68	403.0	2.1	16617	86.71
Sor-ACeb_012-Ex1-7F-lcwgs-1-2-L2-clmp.fp2_r1_screen	121883	5565.0	4.569999999999999	1.0	0.0	0.0	0.0	1.0	0.0	375.0	0.3	4519.0	3.6999999999999997	7952.0	6.53	2987.0	2.4400000000000004	5778.0	4.74	3882.0	3.18	4683.0	3.84	3383.0	2.77	112583	92.37
Sor-ACeb_012-Ex1-7F-lcwgs-1-2-L2-clmp.fp2_r2_screen	121883	5650.0	4.62	3.0	0.0	0.0	0.0	1.0	0.0	407.0	0.33	4549.0	3.7399999999999998	8036.0	6.6	3051.0	2.5	5841.0	4.79	3928.0	3.2199999999999998	4754.0	3.9000000000000004	3367.0	2.76	112534	92.33
Sor-ACeb_012-Ex1-7F-lcwgs-1-2-L3-clmp.fp2_r1_screen	101946	4736.0	4.65	0.0	0.0	0.0	0.0	0.0	0.0	295.0	0.29000000000000004	3762.0	3.69	6741.0	6.61	2532.0	2.4699999999999998	4854.0	4.76	3279.0	3.22	3920.0	3.8499999999999996	2715.0	2.6700000000000004	94167	92.37
Sor-ACeb_012-Ex1-7F-lcwgs-1-2-L3-clmp.fp2_r2_screen	101946	4739.0	4.65	0.0	0.0	0.0	0.0	2.0	0.0	308.0	0.3	3806.0	3.74	6842.0	6.71	2534.0	2.48	4922.0	4.83	3305.0	3.2399999999999998	3940.0	3.87	2777.0	2.7100000000000004	94045	92.25
Sor-ACeb_013-Ex1-8F-lcwgs-1-2-L2-clmp.fp2_r1_screen	47025	1538.0	3.27	1.0	0.0	0.0	0.0	0.0	0.0	129.0	0.28	5304.0	11.280000000000001	3533.0	7.52	739.0	1.5699999999999998	1590.0	3.39	1013.0	2.16	1258.0	2.67	823.0	1.74	40027	85.12
Sor-ACeb_013-Ex1-8F-lcwgs-1-2-L2-clmp.fp2_r2_screen	47025	1567.0	3.33	5.0	0.01	0.0	0.0	0.0	0.0	153.0	0.32	5296.0	11.25	3559.0	7.57	764.0	1.6199999999999999	1593.0	3.39	1022.0	2.18	1259.0	2.67	834.0	1.76	40013	85.09
Sor-ACeb_013-Ex1-8F-lcwgs-1-2-L3-clmp.fp2_r1_screen	38250	1360.0	3.55	4.0	0.02	0.0	0.0	0.0	0.0	139.0	0.36	4228.0	11.05	2904.0	7.6	700.0	1.8299999999999998	1373.0	3.5900000000000003	910.0	2.38	1111.0	2.9099999999999997	751.0	1.96	32661	85.39
Sor-ACeb_013-Ex1-8F-lcwgs-1-2-L3-clmp.fp2_r2_screen	38250	1347.0	3.52	4.0	0.01	0.0	0.0	1.0	0.0	130.0	0.34	4225.0	11.04	2945.0	7.699999999999999	677.0	1.77	1379.0	3.6100000000000003	895.0	2.34	1068.0	2.8	741.0	1.94	32634	85.32
Sor-ACeb_014-Ex1-9F-lcwgs-1-2-L2-clmp.fp2_r1_screen	31739	1332.0	4.19	1.0	0.0	0.0	0.0	0.0	0.0	145.0	0.46	1742.0	5.49	2194.0	6.91	712.0	2.24	1417.0	4.470000000000001	969.0	3.05	1149.0	3.62	841.0	2.6500000000000004	28784	90.69
Sor-ACeb_014-Ex1-9F-lcwgs-1-2-L2-clmp.fp2_r2_screen	31739	1335.0	4.21	0.0	0.0	0.0	0.0	0.0	0.0	148.0	0.46	1772.0	5.59	2194.0	6.9	726.0	2.2800000000000002	1412.0	4.4399999999999995	961.0	3.03	1163.0	3.6700000000000004	858.0	2.7	28780	90.68
Sor-ACeb_014-Ex1-9F-lcwgs-1-2-L3-clmp.fp2_r1_screen	30938	1210.0	3.91	0.0	0.0	0.0	0.0	0.0	0.0	117.0	0.37	1682.0	5.45	2062.0	6.66	631.0	2.04	1302.0	4.2	865.0	2.79	1042.0	3.37	731.0	2.36	28110	90.86
Sor-ACeb_014-Ex1-9F-lcwgs-1-2-L3-clmp.fp2_r2_screen	30938	1217.0	3.93	0.0	0.0	0.0	0.0	0.0	0.0	114.0	0.37	1695.0	5.49	2083.0	6.73	639.0	2.0700000000000003	1307.0	4.23	857.0	2.7600000000000002	1044.0	3.3800000000000003	725.0	2.3400000000000003	28066	90.72
Sor-ACeb_015-Ex1-10F-lcwgs-1-2-L2-clmp.fp2_r1_screen	51815	2268.0	4.38	1.0	0.0	0.0	0.0	1.0	0.0	200.0	0.39	2091.0	4.03	3355.0	6.48	1199.0	2.31	2288.0	4.42	1567.0	3.0300000000000002	1897.0	3.66	1354.0	2.6100000000000003	47757	92.17
Sor-ACeb_015-Ex1-10F-lcwgs-1-2-L2-clmp.fp2_r2_screen	51815	2259.0	4.35	0.0	0.0	0.0	0.0	0.0	0.0	209.0	0.41000000000000003	2103.0	4.0600000000000005	3318.0	6.4	1195.0	2.3	2294.0	4.430000000000001	1559.0	3.01	1881.0	3.6300000000000003	1377.0	2.65	47768	92.19
Sor-ACeb_015-Ex1-10F-lcwgs-1-2-L3-clmp.fp2_r1_screen	42505	1896.0	4.46	0.0	0.0	0.0	0.0	0.0	0.0	162.0	0.38	1767.0	4.15	2775.0	6.53	1045.0	2.45	1993.0	4.7	1354.0	3.1799999999999997	1620.0	3.81	1182.0	2.7800000000000002	39159	92.13
Sor-ACeb_015-Ex1-10F-lcwgs-1-2-L3-clmp.fp2_r2_screen	42505	1924.0	4.5200000000000005	0.0	0.0	0.0	0.0	0.0	0.0	169.0	0.4	1728.0	4.07	2762.0	6.49	1053.0	2.4800000000000004	1993.0	4.69	1364.0	3.21	1622.0	3.82	1162.0	2.73	39155	92.12
Sor-ACeb_016-Ex1-11F-lcwgs-1-2-L2-clmp.fp2_r1_screen	337512	19770.0	5.86	2.0	0.0	0.0	0.0	10.0	0.0	2184.0	0.65	14327.0	4.25	26601.0	7.88	11382.0	3.36	20418.0	6.05	13786.0	4.09	16525.0	4.8999999999999995	13094.0	3.88	308249	91.33
Sor-ACeb_016-Ex1-11F-lcwgs-1-2-L2-clmp.fp2_r2_screen	337512	19729.0	5.85	2.0	0.0	0.0	0.0	2.0	0.0	2169.0	0.64	14227.0	4.22	26714.0	7.91	11358.0	3.3600000000000003	20370.0	6.04	13658.0	4.05	16435.0	4.859999999999999	12976.0	3.84	308182	91.31
Sor-ACeb_016-Ex1-11F-lcwgs-1-2-L3-clmp.fp2_r1_screen	283716	17229.0	6.0600000000000005	3.0	0.0	0.0	0.0	6.0	0.0	2018.0	0.71	12319.0	4.35	23118.0	8.15	10086.0	3.55	17827.0	6.279999999999999	11908.0	4.19	14443.0	5.09	11547.0	4.07	258436	91.09
Sor-ACeb_016-Ex1-11F-lcwgs-1-2-L3-clmp.fp2_r2_screen	283716	17214.0	6.07	3.0	0.0	0.0	0.0	2.0	0.0	2022.0	0.71	12293.0	4.34	23208.0	8.18	9953.0	3.5	17771.0	6.27	11908.0	4.2	14341.0	5.0600000000000005	11454.0	4.04	258380	91.07
Sor-ACeb_017-Ex1-12F-lcwgs-1-2-L2-clmp.fp2_r1_screen	232721	11347.0	4.87	4.0	0.0	0.0	0.0	3.0	0.0	933.0	0.4	9277.0	3.99	15984.0	6.88	6151.0	2.64	11497.0	4.95	7665.0	3.29	9235.0	3.98	6891.0	2.97	214033	91.97
Sor-ACeb_017-Ex1-12F-lcwgs-1-2-L2-clmp.fp2_r2_screen	232721	11251.0	4.84	3.0	0.0	0.0	0.0	0.0	0.0	914.0	0.4	9335.0	4.01	16024.0	6.89	6060.0	2.6	11482.0	4.93	7607.0	3.27	9138.0	3.92	6831.0	2.93	214010	91.96
Sor-ACeb_017-Ex1-12F-lcwgs-1-2-L3-clmp.fp2_r1_screen	225690	10516.0	4.67	2.0	0.0	0.0	0.0	3.0	0.0	961.0	0.43	8900.0	3.95	15059.0	6.680000000000001	5539.0	2.45	10700.0	4.75	7085.0	3.13	8583.0	3.8	6241.0	2.77	207792	92.07
Sor-ACeb_017-Ex1-12F-lcwgs-1-2-L3-clmp.fp2_r2_screen	225690	10568.0	4.69	2.0	0.0	0.0	0.0	1.0	0.0	956.0	0.42	8922.0	3.96	15188.0	6.73	5540.0	2.45	10816.0	4.789999999999999	7073.0	3.13	8600.0	3.82	6245.0	2.76	207634	92.0
Sor-ACeb_018-Ex1-1G-lcwgs-1-2-L2-clmp.fp2_r1_screen	45353	2020.0	4.45	0.0	0.0	0.0	0.0	0.0	0.0	164.0	0.36	1589.0	3.51	2982.0	6.569999999999999	1030.0	2.27	2096.0	4.619999999999999	1375.0	3.03	1701.0	3.74	1204.0	2.65	41829	92.23
Sor-ACeb_018-Ex1-1G-lcwgs-1-2-L2-clmp.fp2_r2_screen	45353	2018.0	4.46	0.0	0.0	0.0	0.0	0.0	0.0	162.0	0.36000000000000004	1600.0	3.5199999999999996	2933.0	6.470000000000001	1050.0	2.31	2077.0	4.59	1360.0	3.0	1715.0	3.7800000000000002	1229.0	2.71	41883	92.35
Sor-ACeb_018-Ex1-1G-lcwgs-1-2-L3-clmp.fp2_r1_screen	43561	2019.0	4.630000000000001	0.0	0.0	0.0	0.0	1.0	0.0	143.0	0.31999999999999995	1610.0	3.6899999999999995	2945.0	6.760000000000001	1039.0	2.38	2106.0	4.84	1352.0	3.1	1612.0	3.6900000000000004	1187.0	2.72	40132	92.13
Sor-ACeb_018-Ex1-1G-lcwgs-1-2-L3-clmp.fp2_r2_screen	43561	2015.0	4.64	2.0	0.0	0.0	0.0	0.0	0.0	157.0	0.36	1611.0	3.7	2945.0	6.77	1043.0	2.39	2082.0	4.78	1355.0	3.11	1593.0	3.66	1193.0	2.74	40124	92.11
Sor-ACeb_019-Ex1-3G-lcwgs-1-2-L2-clmp.fp2_r1_screen	12013	445.0	3.71	0.0	0.0	0.0	0.0	0.0	0.0	57.0	0.47	284.0	2.3600000000000003	675.0	5.62	214.0	1.78	437.0	3.6500000000000004	275.0	2.29	352.0	2.92	233.0	1.94	11229	93.48
Sor-ACeb_019-Ex1-3G-lcwgs-1-2-L2-clmp.fp2_r2_screen	12013	450.0	3.75	0.0	0.0	0.0	0.0	0.0	0.0	51.0	0.43	291.0	2.41	659.0	5.49	211.0	1.76	457.0	3.8	294.0	2.45	362.0	3.02	254.0	2.12	11246	93.62
Sor-ACeb_019-Ex1-3G-lcwgs-1-2-L3-clmp.fp2_r1_screen	10238	394.0	3.85	0.0	0.0	0.0	0.0	0.0	0.0	33.0	0.31999999999999995	243.0	2.38	608.0	5.94	181.0	1.76	411.0	4.0200000000000005	247.0	2.41	324.0	3.17	243.0	2.37	9544	93.23
Sor-ACeb_019-Ex1-3G-lcwgs-1-2-L3-clmp.fp2_r2_screen	10238	434.0	4.25	0.0	0.0	0.0	0.0	0.0	0.0	44.0	0.43	260.0	2.54	618.0	6.03	199.0	1.94	441.0	4.3100000000000005	257.0	2.5100000000000002	344.0	3.37	242.0	2.36	9510	92.89
Sor-ACeb_020-Ex1-2G-lcwgs-1-2-L2-clmp.fp2_r1_screen	7646	442.0	5.77	0.0	0.0	0.0	0.0	0.0	0.0	45.0	0.59	299.0	3.91	577.0	7.55	257.0	3.3600000000000003	450.0	5.880000000000001	300.0	3.92	372.0	4.87	299.0	3.9	6976	91.25
Sor-ACeb_020-Ex1-2G-lcwgs-1-2-L2-clmp.fp2_r2_screen	7646	466.0	6.1	0.0	0.0	0.0	0.0	0.0	0.0	45.0	0.5900000000000001	302.0	3.94	607.0	7.94	255.0	3.34	460.0	6.01	326.0	4.2700000000000005	396.0	5.18	319.0	4.17	6957	91.0
Sor-ACeb_020-Ex1-2G-lcwgs-1-2-L3-clmp.fp2_r1_screen	8257	398.0	4.82	0.0	0.0	0.0	0.0	0.0	0.0	44.0	0.53	287.0	3.4800000000000004	556.0	6.7299999999999995	219.0	2.66	394.0	4.760000000000001	274.0	3.31	361.0	4.38	256.0	3.1	7607	92.14
Sor-ACeb_020-Ex1-2G-lcwgs-1-2-L3-clmp.fp2_r2_screen	8257	430.0	5.2	0.0	0.0	0.0	0.0	0.0	0.0	49.0	0.59	310.0	3.76	580.0	7.0200000000000005	241.0	2.92	414.0	5.010000000000001	316.0	3.83	357.0	4.32	279.0	3.38	7584	91.86
Sor-ACeb_021-Ex1-4G-lcwgs-1-2-L2-clmp.fp2_r1_screen	1304	66.0	5.0600000000000005	0.0	0.0	0.0	0.0	0.0	0.0	7.0	0.54	33.0	2.53	98.0	7.52	30.0	2.3	72.0	5.51	41.0	3.14	50.0	3.8400000000000003	39.0	2.9899999999999998	1194	91.64
Sor-ACeb_021-Ex1-4G-lcwgs-1-2-L2-clmp.fp2_r2_screen	1304	66.0	5.069999999999999	0.0	0.0	0.0	0.0	0.0	0.0	5.0	0.38	39.0	3.0	97.0	7.4399999999999995	28.0	2.15	71.0	5.44	37.0	2.84	55.0	4.21	37.0	2.83	1196	91.72
Sor-ACeb_021-Ex1-4G-lcwgs-1-2-L3-clmp.fp2_r1_screen	1109	42.0	3.79	0.0	0.0	0.0	0.0	0.0	0.0	2.0	0.18	25.0	2.25	67.0	6.04	18.0	1.6199999999999999	46.0	4.15	28.0	2.52	37.0	3.33	29.0	2.61	1034	93.24
Sor-ACeb_021-Ex1-4G-lcwgs-1-2-L3-clmp.fp2_r2_screen	1109	45.0	4.06	0.0	0.0	0.0	0.0	0.0	0.0	5.0	0.45	20.0	1.8	75.0	6.76	20.0	1.8	48.0	4.33	28.0	2.52	35.0	3.15	28.0	2.52	1030	92.88
Sor-ACeb_022-Ex1-5G-lcwgs-1-2-L2-clmp.fp2_r1_screen	26813	1401.0	5.22	4.0	0.02	0.0	0.0	1.0	0.0	110.0	0.41	3270.0	12.200000000000001	2422.0	9.030000000000001	695.0	2.59	1384.0	5.16	880.0	3.29	1107.0	4.12	924.0	3.45	22203	82.81
Sor-ACeb_022-Ex1-5G-lcwgs-1-2-L2-clmp.fp2_r2_screen	26813	1384.0	5.16	4.0	0.01	0.0	0.0	0.0	0.0	121.0	0.45	3269.0	12.18	2411.0	8.99	695.0	2.59	1343.0	5.0	891.0	3.3200000000000003	1080.0	4.03	919.0	3.42	22227	82.9
Sor-ACeb_022-Ex1-5G-lcwgs-1-2-L3-clmp.fp2_r1_screen	24851	1266.0	5.1000000000000005	7.0	0.03	0.0	0.0	0.0	0.0	87.0	0.35	3257.0	13.099999999999998	2261.0	9.1	619.0	2.49	1203.0	4.84	808.0	3.2399999999999998	1001.0	4.03	836.0	3.37	20300	81.69
Sor-ACeb_022-Ex1-5G-lcwgs-1-2-L3-clmp.fp2_r2_screen	24851	1260.0	5.07	5.0	0.02	0.0	0.0	1.0	0.0	95.0	0.38	3292.0	13.25	2273.0	9.149999999999999	634.0	2.55	1213.0	4.880000000000001	820.0	3.3	994.0	4.0	805.0	3.2399999999999998	20320	81.77
Sor-CPnd_001-Ex1-3E-lcwgs-1-2-L2-clmp.fp2_r1_screen	1501120	82253.0	5.48	0.0	0.0	0.0	0.0	14.0	0.0	9531.0	0.6399999999999999	42968.0	2.86	116288.0	7.749999999999999	38389.0	2.55	83485.0	5.56	52031.0	3.46	66347.0	4.42	50780.0	3.39	1371723	91.38
Sor-CPnd_001-Ex1-3E-lcwgs-1-2-L2-clmp.fp2_r2_screen	1501120	82944.0	5.5200000000000005	0.0	0.0	0.0	0.0	1.0	0.0	9811.0	0.6499999999999999	43930.0	2.92	117400.0	7.81	39035.0	2.59	84482.0	5.62	52988.0	3.52	67219.0	4.4799999999999995	51335.0	3.42	1370972	91.33
Sor-CPnd_001-Ex1-3E-lcwgs-1-2-L3-clmp.fp2_r1_screen	1255002	71166.0	5.67	1.0	0.0	0.0	0.0	11.0	0.0	8427.0	0.6699999999999999	37508.0	2.99	100483.0	8.0	33447.0	2.67	72108.0	5.75	45171.0	3.5999999999999996	57663.0	4.6	43897.0	3.4899999999999998	1143557	91.12
Sor-CPnd_001-Ex1-3E-lcwgs-1-2-L3-clmp.fp2_r2_screen	1255002	71312.0	5.6899999999999995	0.0	0.0	0.0	0.0	0.0	0.0	8575.0	0.6799999999999999	37627.0	3.0	100699.0	8.03	33522.0	2.67	72370.0	5.77	45484.0	3.6100000000000003	57801.0	4.609999999999999	44213.0	3.52	1143683	91.13
Sor-CPnd_002-Ex1-5E-lcwgs-1-2-L2-clmp.fp2_r1_screen	780725	48797.0	6.25	0.0	0.0	0.0	0.0	2.0	0.0	5796.0	0.74	25455.0	3.2600000000000002	68976.0	8.83	22701.0	2.9	50033.0	6.42	30772.0	3.9299999999999997	39506.0	5.0600000000000005	30579.0	3.93	704994	90.3
Sor-CPnd_002-Ex1-5E-lcwgs-1-2-L2-clmp.fp2_r2_screen	780725	48925.0	6.26	0.0	0.0	0.0	0.0	2.0	0.0	5882.0	0.75	25477.0	3.2600000000000002	69014.0	8.84	22704.0	2.9	49913.0	6.39	30800.0	3.94	39386.0	5.05	30433.0	3.9000000000000004	705228	90.33
Sor-CPnd_002-Ex1-5E-lcwgs-1-2-L3-clmp.fp2_r1_screen	730045	43977.0	6.03	0.0	0.0	0.0	0.0	2.0	0.0	5191.0	0.72	23077.0	3.16	61970.0	8.49	20474.0	2.8000000000000003	44993.0	6.17	27747.0	3.8	35366.0	4.84	27191.0	3.7300000000000004	661785	90.65
Sor-CPnd_002-Ex1-5E-lcwgs-1-2-L3-clmp.fp2_r2_screen	730045	43848.0	6.01	0.0	0.0	0.0	0.0	7.0	0.0	5239.0	0.72	23069.0	3.16	62550.0	8.56	20487.0	2.81	44941.0	6.1499999999999995	27606.0	3.7800000000000002	35340.0	4.83	27112.0	3.71	661566	90.62
Sor-CPnd_003-Ex1-2B-lcwgs-1-2-L2-clmp.fp2_r1_screen	516676	28760.0	5.57	0.0	0.0	0.0	0.0	6.0	0.0	4116.0	0.8	15335.0	2.9699999999999998	40168.0	7.7700000000000005	13803.0	2.66	29252.0	5.66	18306.0	3.54	23390.0	4.53	18335.0	3.54	472241	91.4
Sor-CPnd_003-Ex1-2B-lcwgs-1-2-L2-clmp.fp2_r2_screen	516676	28712.0	5.57	0.0	0.0	0.0	0.0	0.0	0.0	4038.0	0.78	15374.0	2.97	40231.0	7.78	13712.0	2.65	29264.0	5.66	18118.0	3.51	23371.0	4.529999999999999	18114.0	3.5	472293	91.41
Sor-CPnd_003-Ex1-2B-lcwgs-1-2-L3-clmp.fp2_r1_screen	591529	29628.0	5.0200000000000005	2.0	0.0	0.0	0.0	1.0	0.0	3824.0	0.64	15834.0	2.67	41723.0	7.05	14143.0	2.3899999999999997	30090.0	5.09	18688.0	3.16	23820.0	4.03	18448.0	3.1100000000000003	545389	92.2
Sor-CPnd_003-Ex1-2B-lcwgs-1-2-L3-clmp.fp2_r2_screen	591529	29614.0	5.0	2.0	0.0	0.0	0.0	0.0	0.0	3824.0	0.65	15788.0	2.67	42139.0	7.13	14092.0	2.37	30177.0	5.109999999999999	18665.0	3.15	23896.0	4.04	18432.0	3.12	545212	92.17
Sor-CPnd_004-Ex1-1G-lcwgs-1-2-L2-clmp.fp2_r1_screen	2072264	119138.0	5.74	2.0	0.0	0.0	0.0	5.0	0.0	13684.0	0.6599999999999999	61995.0	2.99	169051.0	8.16	54105.0	2.61	120873.0	5.84	74789.0	3.5999999999999996	95922.0	4.64	72651.0	3.51	1884516	90.94
Sor-CPnd_004-Ex1-1G-lcwgs-1-2-L2-clmp.fp2_r2_screen	2072264	119919.0	5.779999999999999	3.0	0.0	0.0	0.0	3.0	0.0	14190.0	0.6799999999999999	63352.0	3.06	170456.0	8.23	55168.0	2.6599999999999997	122269.0	5.9	75676.0	3.65	97088.0	4.69	73465.0	3.55	1883687	90.9
Sor-CPnd_004-Ex1-1G-lcwgs-1-2-L3-clmp.fp2_r1_screen	1710389	98788.0	5.7700000000000005	0.0	0.0	0.0	0.0	7.0	0.0	11596.0	0.6699999999999999	51570.0	3.02	140316.0	8.2	45317.0	2.65	100667.0	5.89	62358.0	3.64	79768.0	4.65	60672.0	3.55	1554914	90.91
Sor-CPnd_004-Ex1-1G-lcwgs-1-2-L3-clmp.fp2_r2_screen	1710389	99480.0	5.8100000000000005	0.0	0.0	0.0	0.0	2.0	0.0	11890.0	0.69	52072.0	3.0500000000000003	141555.0	8.28	45544.0	2.6599999999999997	101337.0	5.92	62897.0	3.67	80345.0	4.6899999999999995	61125.0	3.56	1553888	90.85
Sor-CPnd_005-Ex1-3D-lcwgs-1-2-L2-clmp.fp2_r1_screen	1491614	78194.0	5.24	1.0	0.0	0.0	0.0	2.0	0.0	9809.0	0.6599999999999999	42344.0	2.8400000000000003	109582.0	7.35	37808.0	2.5300000000000002	79132.0	5.29	49527.0	3.3099999999999996	63203.0	4.24	48247.0	3.2299999999999995	1369152	91.79
Sor-CPnd_005-Ex1-3D-lcwgs-1-2-L2-clmp.fp2_r2_screen	1491614	78147.0	5.24	1.0	0.0	0.0	0.0	0.0	0.0	9975.0	0.6699999999999999	42707.0	2.87	109699.0	7.359999999999999	38160.0	2.55	79163.0	5.3100000000000005	49773.0	3.34	63269.0	4.25	48427.0	3.2399999999999998	1369450	91.81
Sor-CPnd_005-Ex1-3D-lcwgs-1-2-L3-clmp.fp2_r1_screen	1180292	63989.0	5.43	1.0	0.0	0.0	0.0	3.0	0.0	8123.0	0.6799999999999999	34680.0	2.94	89351.0	7.57	30982.0	2.62	64872.0	5.5	40616.0	3.44	51772.0	4.39	39578.0	3.36	1080557	91.55
Sor-CPnd_005-Ex1-3D-lcwgs-1-2-L3-clmp.fp2_r2_screen	1180292	64213.0	5.44	1.0	0.0	0.0	0.0	0.0	0.0	8311.0	0.7	34967.0	2.9499999999999997	89771.0	7.61	31196.0	2.65	65022.0	5.5	40554.0	3.43	51858.0	4.4	39942.0	3.38	1080675	91.56
Sor-CPnd_006-Ex1-2D-lcwgs-1-2-L2-clmp.fp2_r1_screen	988274	59489.0	6.03	0.0	0.0	0.0	0.0	8.0	0.0	8576.0	0.87	31730.0	3.1999999999999997	82404.0	8.34	28186.0	2.8499999999999996	60451.0	6.12	37908.0	3.83	48584.0	4.92	37503.0	3.8	896858	90.75
Sor-CPnd_006-Ex1-2D-lcwgs-1-2-L2-clmp.fp2_r2_screen	988274	59056.0	5.98	0.0	0.0	0.0	0.0	2.0	0.0	8196.0	0.8300000000000001	31263.0	3.15	82456.0	8.34	27862.0	2.81	60161.0	6.08	37554.0	3.79	47972.0	4.86	36916.0	3.73	897253	90.79
Sor-CPnd_006-Ex1-2D-lcwgs-1-2-L3-clmp.fp2_r1_screen	1137230	61909.0	5.44	3.0	0.0	0.0	0.0	3.0	0.0	8093.0	0.71	32902.0	2.9	86798.0	7.64	29067.0	2.55	62999.0	5.539999999999999	39247.0	3.45	50049.0	4.4	38206.0	3.35	1041020	91.54
Sor-CPnd_006-Ex1-2D-lcwgs-1-2-L3-clmp.fp2_r2_screen	1137230	61790.0	5.43	1.0	0.0	0.0	0.0	4.0	0.0	8089.0	0.71	32907.0	2.9	87380.0	7.68	28988.0	2.55	62981.0	5.54	39128.0	3.44	50168.0	4.42	38214.0	3.35	1040679	91.51
Sor-CPnd_007-Ex1-1C-lcwgs-1-2-L2-clmp.fp2_r1_screen	756616	33776.0	4.47	0.0	0.0	0.0	0.0	3.0	0.0	3687.0	0.49	18058.0	2.38	48319.0	6.39	16001.0	2.11	34138.0	4.51	20769.0	2.75	26811.0	3.5500000000000003	20459.0	2.6999999999999997	703274	92.95
Sor-CPnd_007-Ex1-1C-lcwgs-1-2-L2-clmp.fp2_r2_screen	756616	34082.0	4.51	0.0	0.0	0.0	0.0	1.0	0.0	3849.0	0.51	18497.0	2.45	48666.0	6.4399999999999995	16318.0	2.15	34585.0	4.57	21084.0	2.7800000000000002	27173.0	3.6	20755.0	2.75	702971	92.91
Sor-CPnd_007-Ex1-1C-lcwgs-1-2-L3-clmp.fp2_r1_screen	615568	27314.0	4.44	0.0	0.0	0.0	0.0	3.0	0.0	2970.0	0.48	14643.0	2.38	39051.0	6.35	13049.0	2.12	27760.0	4.51	16939.0	2.75	21732.0	3.54	16659.0	2.71	572478	93.0
Sor-CPnd_007-Ex1-1C-lcwgs-1-2-L3-clmp.fp2_r2_screen	615568	27735.0	4.5	0.0	0.0	0.0	0.0	1.0	0.0	3210.0	0.52	15011.0	2.44	39629.0	6.4399999999999995	13366.0	2.17	28150.0	4.58	17196.0	2.79	21908.0	3.55	16983.0	2.76	571924	92.91
Sor-CPnd_008-Ex1-1A-lcwgs-1-2-L2-clmp.fp2_r1_screen	2466133	87033.0	3.54	4.0	0.0	0.0	0.0	1.0	0.0	11613.0	0.47	51734.0	2.1	123738.0	5.01	43608.0	1.77	88741.0	3.59	56933.0	2.31	70329.0	2.84	54773.0	2.2199999999999998	2326303	94.33
Sor-CPnd_008-Ex1-1A-lcwgs-1-2-L2-clmp.fp2_r2_screen	2466133	90392.0	3.66	4.0	0.0	0.0	0.0	0.0	0.0	13363.0	0.54	54146.0	2.2	127190.0	5.1499999999999995	46039.0	1.8599999999999999	92024.0	3.72	59491.0	2.42	73485.0	2.98	57320.0	2.33	2322604	94.18
Sor-CPnd_008-Ex1-1A-lcwgs-1-2-L3-clmp.fp2_r1_screen	2329504	79082.0	3.3899999999999997	3.0	0.0	0.0	0.0	1.0	0.0	10389.0	0.44999999999999996	47122.0	2.02	112652.0	4.84	39605.0	1.69	80140.0	3.44	51516.0	2.21	63746.0	2.73	49416.0	2.12	2201847	94.52
Sor-CPnd_008-Ex1-1A-lcwgs-1-2-L3-clmp.fp2_r2_screen	2329504	82094.0	3.5199999999999996	3.0	0.0	0.0	0.0	1.0	0.0	11965.0	0.51	49216.0	2.1100000000000003	116765.0	5.0200000000000005	41683.0	1.78	83679.0	3.59	54077.0	2.32	66622.0	2.86	51797.0	2.2199999999999998	2198119	94.36
Sor-CPnd_009-Ex1-6A-lcwgs-1-2-L2-clmp.fp2_r1_screen	2464177	91880.0	3.74	3.0	0.0	0.0	0.0	5.0	0.0	9016.0	0.37	48899.0	1.98	132938.0	5.39	42571.0	1.72	93335.0	3.79	56591.0	2.29	72856.0	2.95	54794.0	2.2199999999999998	2316819	94.02
Sor-CPnd_009-Ex1-6A-lcwgs-1-2-L2-clmp.fp2_r2_screen	2464177	93905.0	3.82	3.0	0.0	0.0	0.0	1.0	0.0	9920.0	0.4	50436.0	2.05	135818.0	5.51	44136.0	1.79	95740.0	3.88	58298.0	2.36	74576.0	3.02	56583.0	2.3	2314108	93.91
Sor-CPnd_009-Ex1-6A-lcwgs-1-2-L3-clmp.fp2_r1_screen	2418429	88756.0	3.67	2.0	0.0	0.0	0.0	3.0	0.0	8372.0	0.35	46632.0	1.93	128905.0	5.32	40719.0	1.68	90238.0	3.7300000000000004	54110.0	2.23	70170.0	2.91	52681.0	2.1799999999999997	2275741	94.1
Sor-CPnd_009-Ex1-6A-lcwgs-1-2-L3-clmp.fp2_r2_screen	2418429	90573.0	3.75	3.0	0.0	0.0	0.0	3.0	0.0	9219.0	0.38	48471.0	2.0	131699.0	5.449999999999999	42319.0	1.74	92280.0	3.81	55875.0	2.3	71840.0	2.98	54340.0	2.25	2273081	93.99
Sor-CPnd_010-Ex1-1H-lcwgs-1-2-L2-clmp.fp2_r1_screen	488847	21887.0	4.47	0.0	0.0	0.0	0.0	2.0	0.0	2390.0	0.49	11422.0	2.3299999999999996	31141.0	6.38	10151.0	2.0700000000000003	22111.0	4.5200000000000005	13816.0	2.82	17480.0	3.5799999999999996	13184.0	2.7	454285	92.93
Sor-CPnd_010-Ex1-1H-lcwgs-1-2-L2-clmp.fp2_r2_screen	488847	22120.0	4.53	0.0	0.0	0.0	0.0	1.0	0.0	2581.0	0.53	11646.0	2.38	31290.0	6.41	10322.0	2.11	22315.0	4.57	13981.0	2.86	17603.0	3.5999999999999996	13494.0	2.76	454187	92.91
Sor-CPnd_010-Ex1-1H-lcwgs-1-2-L3-clmp.fp2_r1_screen	394602	17272.0	4.38	0.0	0.0	0.0	0.0	1.0	0.0	1934.0	0.49	9235.0	2.34	24857.0	6.29	8033.0	2.0300000000000002	17446.0	4.43	10859.0	2.75	13697.0	3.47	10448.0	2.64	367058	93.02
Sor-CPnd_010-Ex1-1H-lcwgs-1-2-L3-clmp.fp2_r2_screen	394602	17616.0	4.47	0.0	0.0	0.0	0.0	1.0	0.0	2020.0	0.51	9304.0	2.36	25342.0	6.42	8215.0	2.08	17850.0	4.52	11049.0	2.8	14134.0	3.59	10797.0	2.73	366624	92.91
Sor-CPnd_012-Ex1-5B-lcwgs-1-2-L2-clmp.fp2_r1_screen	399061	21866.0	5.48	0.0	0.0	0.0	0.0	0.0	0.0	2559.0	0.64	11204.0	2.81	30896.0	7.74	10021.0	2.5100000000000002	22278.0	5.58	13586.0	3.4	17414.0	4.36	13374.0	3.35	365061	91.48
Sor-CPnd_012-Ex1-5B-lcwgs-1-2-L2-clmp.fp2_r2_screen	399061	21686.0	5.44	0.0	0.0	0.0	0.0	1.0	0.0	2514.0	0.63	11292.0	2.8200000000000003	30789.0	7.72	10039.0	2.51	21981.0	5.51	13517.0	3.39	17451.0	4.37	13265.0	3.33	365260	91.53
Sor-CPnd_012-Ex1-5B-lcwgs-1-2-L3-clmp.fp2_r1_screen	374890	18756.0	4.99	0.0	0.0	0.0	0.0	2.0	0.0	2147.0	0.5800000000000001	9841.0	2.63	26893.0	7.18	8613.0	2.3	19232.0	5.13	11676.0	3.12	14936.0	3.98	11608.0	3.0900000000000003	345236	92.09
Sor-CPnd_012-Ex1-5B-lcwgs-1-2-L3-clmp.fp2_r2_screen	374890	18794.0	5.0200000000000005	0.0	0.0	0.0	0.0	1.0	0.0	2154.0	0.5800000000000001	9837.0	2.63	26935.0	7.18	8767.0	2.33	19112.0	5.11	11708.0	3.12	14999.0	4.01	11628.0	3.1	345273	92.1
Sor-CPnd_013-Ex1-7F-lcwgs-1-2-L2-clmp.fp2_r1_screen	717650	30615.0	4.2700000000000005	0.0	0.0	0.0	0.0	2.0	0.0	3291.0	0.45999999999999996	16329.0	2.28	44299.0	6.17	14300.0	1.99	31200.0	4.36	19331.0	2.7	24588.0	3.43	18464.0	2.58	668562	93.16
Sor-CPnd_013-Ex1-7F-lcwgs-1-2-L2-clmp.fp2_r2_screen	717650	31001.0	4.32	0.0	0.0	0.0	0.0	0.0	0.0	3398.0	0.48	16572.0	2.3	44842.0	6.25	14485.0	2.02	31643.0	4.42	19686.0	2.75	24893.0	3.46	18824.0	2.6199999999999997	668132	93.1
Sor-CPnd_013-Ex1-7F-lcwgs-1-2-L3-clmp.fp2_r1_screen	695362	29755.0	4.28	1.0	0.0	0.0	0.0	6.0	0.0	3016.0	0.43000000000000005	15801.0	2.28	43015.0	6.18	13876.0	1.99	30135.0	4.33	18837.0	2.71	23720.0	3.4099999999999997	17860.0	2.5700000000000003	647660	93.14
Sor-CPnd_013-Ex1-7F-lcwgs-1-2-L3-clmp.fp2_r2_screen	695362	30241.0	4.35	1.0	0.0	0.0	0.0	2.0	0.0	3211.0	0.45999999999999996	16289.0	2.34	43608.0	6.27	14182.0	2.04	30843.0	4.4399999999999995	19165.0	2.75	24229.0	3.4899999999999998	18469.0	2.65	647103	93.06
Sor-CPnd_014-Ex1-1F-lcwgs-1-2-L2-clmp.fp2_r1_screen	3747169	180111.0	4.82	2.0	0.0	0.0	0.0	8.0	0.0	19343.0	0.51	95126.0	2.54	259449.0	6.93	82623.0	2.2	183522.0	4.9	112627.0	3.01	144208.0	3.84	108921.0	2.9	3459011	92.31
Sor-CPnd_014-Ex1-1F-lcwgs-1-2-L2-clmp.fp2_r2_screen	3747169	182991.0	4.890000000000001	3.0	0.0	0.0	0.0	16.0	0.0	20611.0	0.55	97132.0	2.59	262754.0	7.02	84841.0	2.26	186863.0	4.99	114867.0	3.06	146918.0	3.92	111409.0	2.97	3456013	92.23
Sor-CPnd_014-Ex1-1F-lcwgs-1-2-L3-clmp.fp2_r1_screen	3639371	174392.0	4.8	2.0	0.0	0.0	0.0	6.0	0.0	18515.0	0.51	92357.0	2.54	251476.0	6.91	80089.0	2.2	178064.0	4.9	108735.0	2.98	139461.0	3.83	105305.0	2.89	3360231	92.33
Sor-CPnd_014-Ex1-1F-lcwgs-1-2-L3-clmp.fp2_r2_screen	3639371	177185.0	4.86	2.0	0.0	0.0	0.0	6.0	0.0	19740.0	0.55	94210.0	2.58	255501.0	7.03	82068.0	2.25	181076.0	4.970000000000001	110823.0	3.04	142282.0	3.91	107711.0	2.9499999999999997	3356591	92.23
Sor-CPnd_015-Ex1-5F-lcwgs-1-2-L2-clmp.fp2_r1_screen	459067	25433.0	5.54	0.0	0.0	0.0	0.0	6.0	0.0	3126.0	0.6799999999999999	13328.0	2.9	35825.0	7.800000000000001	11984.0	2.5999999999999996	25833.0	5.63	16015.0	3.49	20456.0	4.46	15952.0	3.4699999999999998	419587	91.4
Sor-CPnd_015-Ex1-5F-lcwgs-1-2-L2-clmp.fp2_r2_screen	459067	25378.0	5.5200000000000005	0.0	0.0	0.0	0.0	0.0	0.0	2933.0	0.64	13009.0	2.83	35806.0	7.8100000000000005	11765.0	2.5599999999999996	25822.0	5.619999999999999	15809.0	3.44	20309.0	4.42	15750.0	3.43	419816	91.45
Sor-CPnd_015-Ex1-5F-lcwgs-1-2-L3-clmp.fp2_r1_screen	432391	22619.0	5.22	0.0	0.0	0.0	0.0	2.0	0.0	2714.0	0.63	11856.0	2.7399999999999998	32051.0	7.42	10676.0	2.4699999999999998	23114.0	5.34	14164.0	3.27	18190.0	4.21	13996.0	3.23	397194	91.86
Sor-CPnd_015-Ex1-5F-lcwgs-1-2-L3-clmp.fp2_r2_screen	432391	22653.0	5.2299999999999995	0.0	0.0	0.0	0.0	2.0	0.0	2755.0	0.64	11953.0	2.77	32125.0	7.43	10705.0	2.47	22905.0	5.29	14105.0	3.26	18002.0	4.17	13836.0	3.1999999999999997	397151	91.85
Sor-CPnd_016-Ex1-1B-lcwgs-1-2-L2-clmp.fp2_r1_screen	1385977	51368.0	3.71	0.0	0.0	0.0	0.0	0.0	0.0	5962.0	0.43000000000000005	28516.0	2.06	73570.0	5.3100000000000005	25256.0	1.8099999999999998	52313.0	3.7800000000000002	32845.0	2.3699999999999997	41346.0	2.98	31741.0	2.29	1304620	94.13
Sor-CPnd_016-Ex1-1B-lcwgs-1-2-L2-clmp.fp2_r2_screen	1385977	52401.0	3.78	1.0	0.0	0.0	0.0	1.0	0.0	6594.0	0.48	29343.0	2.12	74701.0	5.39	25751.0	1.8599999999999999	52863.0	3.81	33497.0	2.4099999999999997	42157.0	3.05	32566.0	2.3499999999999996	1303511	94.05
Sor-CPnd_016-Ex1-1B-lcwgs-1-2-L3-clmp.fp2_r1_screen	1091682	40432.0	3.7	0.0	0.0	0.0	0.0	3.0	0.0	4661.0	0.43000000000000005	22303.0	2.05	57397.0	5.26	19879.0	1.8099999999999998	40955.0	3.75	25725.0	2.3499999999999996	32270.0	2.9499999999999997	24950.0	2.2800000000000002	1028146	94.18
Sor-CPnd_016-Ex1-1B-lcwgs-1-2-L3-clmp.fp2_r2_screen	1091682	41010.0	3.75	0.0	0.0	0.0	0.0	0.0	0.0	4998.0	0.45999999999999996	23048.0	2.12	58562.0	5.359999999999999	20451.0	1.8699999999999999	41703.0	3.81	26550.0	2.44	33076.0	3.03	25533.0	2.34	1027054	94.08
Sor-CPnd_017-Ex1-3G-lcwgs-1-2-L2-clmp.fp2_r1_screen	620208	32367.0	5.22	0.0	0.0	0.0	0.0	0.0	0.0	3475.0	0.56	16819.0	2.71	46188.0	7.4399999999999995	14783.0	2.38	32846.0	5.3	20472.0	3.29	26134.0	4.21	19670.0	3.17	568978	91.74
Sor-CPnd_017-Ex1-3G-lcwgs-1-2-L2-clmp.fp2_r2_screen	620208	32550.0	5.25	0.0	0.0	0.0	0.0	0.0	0.0	3612.0	0.5800000000000001	17186.0	2.77	46538.0	7.51	15029.0	2.42	33002.0	5.33	20511.0	3.3	26258.0	4.23	19763.0	3.18	568916	91.73
Sor-CPnd_017-Ex1-3G-lcwgs-1-2-L3-clmp.fp2_r1_screen	514471	26644.0	5.18	0.0	0.0	0.0	0.0	0.0	0.0	2851.0	0.55	13657.0	2.66	38197.0	7.42	12119.0	2.3499999999999996	27063.0	5.27	16878.0	3.27	21470.0	4.17	16195.0	3.1500000000000004	472232	91.79
Sor-CPnd_017-Ex1-3G-lcwgs-1-2-L3-clmp.fp2_r2_screen	514471	26884.0	5.22	0.0	0.0	0.0	0.0	2.0	0.0	3028.0	0.5900000000000001	13894.0	2.6999999999999997	38448.0	7.470000000000001	12294.0	2.38	27316.0	5.31	16958.0	3.29	21669.0	4.21	16416.0	3.18	471975	91.74
Sor-CPnd_018-Ex1-1E-lcwgs-1-2-L2-clmp.fp2_r1_screen	1864778	85899.0	4.6000000000000005	1.0	0.0	0.0	0.0	9.0	0.0	8778.0	0.47	45309.0	2.44	123719.0	6.640000000000001	39386.0	2.1100000000000003	87235.0	4.6899999999999995	53407.0	2.8600000000000003	68407.0	3.67	51619.0	2.77	1727716	92.65
Sor-CPnd_018-Ex1-1E-lcwgs-1-2-L2-clmp.fp2_r2_screen	1864778	86778.0	4.65	2.0	0.0	0.0	0.0	4.0	0.0	9324.0	0.5	46186.0	2.4899999999999998	124932.0	6.710000000000001	40111.0	2.15	88723.0	4.75	54336.0	2.92	69092.0	3.71	52526.0	2.8200000000000003	1726597	92.59
Sor-CPnd_018-Ex1-1E-lcwgs-1-2-L3-clmp.fp2_r1_screen	1814507	83334.0	4.59	1.0	0.0	0.0	0.0	6.0	0.0	8469.0	0.47	43955.0	2.42	120600.0	6.66	38150.0	2.1	85079.0	4.68	51968.0	2.8600000000000003	66290.0	3.6599999999999997	50297.0	2.77	1681140	92.65
Sor-CPnd_018-Ex1-1E-lcwgs-1-2-L3-clmp.fp2_r2_screen	1814507	84508.0	4.65	1.0	0.0	0.0	0.0	3.0	0.0	9043.0	0.5	44959.0	2.48	122309.0	6.75	39019.0	2.14	86274.0	4.75	53120.0	2.93	67553.0	3.73	51130.0	2.8200000000000003	1679689	92.57
Sor-CPnd_019-Ex1-6G-lcwgs-1-2-L2-clmp.fp2_r1_screen	1307353	71691.0	5.49	0.0	0.0	0.0	0.0	6.0	0.0	8092.0	0.62	38219.0	2.9299999999999997	101624.0	7.77	33805.0	2.58	72969.0	5.58	45091.0	3.44	57477.0	4.390000000000001	44173.0	3.38	1194920	91.4
Sor-CPnd_019-Ex1-6G-lcwgs-1-2-L2-clmp.fp2_r2_screen	1307353	72256.0	5.529999999999999	0.0	0.0	0.0	0.0	0.0	0.0	8483.0	0.64	38912.0	2.98	102275.0	7.83	34418.0	2.63	73515.0	5.630000000000001	45841.0	3.5100000000000002	58061.0	4.4399999999999995	44987.0	3.4400000000000004	1194528	91.37
Sor-CPnd_019-Ex1-6G-lcwgs-1-2-L3-clmp.fp2_r1_screen	1090187	59946.0	5.51	0.0	0.0	0.0	0.0	3.0	0.0	6622.0	0.6100000000000001	31682.0	2.91	84924.0	7.8	28120.0	2.58	60731.0	5.569999999999999	37482.0	3.4299999999999997	47929.0	4.4	36873.0	3.37	996539	91.41
Sor-CPnd_019-Ex1-6G-lcwgs-1-2-L3-clmp.fp2_r2_screen	1090187	60240.0	5.52	0.0	0.0	0.0	0.0	1.0	0.0	7050.0	0.6499999999999999	32085.0	2.95	85461.0	7.84	28336.0	2.5999999999999996	61202.0	5.619999999999999	37702.0	3.45	48254.0	4.43	37138.0	3.4000000000000004	995994	91.36
Sor-CPnd_020-Ex1-2E-lcwgs-1-2-L2-clmp.fp2_r1_screen	1102645	70401.0	6.38	0.0	0.0	0.0	0.0	5.0	0.0	9814.0	0.89	38004.0	3.45	97251.0	8.82	33717.0	3.0500000000000003	71967.0	6.53	45471.0	4.12	57881.0	5.24	44988.0	4.09	994806	90.22
Sor-CPnd_020-Ex1-2E-lcwgs-1-2-L2-clmp.fp2_r2_screen	1102645	69301.0	6.28	0.0	0.0	0.0	0.0	0.0	0.0	9402.0	0.85	37216.0	3.37	96678.0	8.77	33244.0	3.0100000000000002	70980.0	6.44	44460.0	4.03	56805.0	5.15	43838.0	3.99	996019	90.33
Sor-CPnd_020-Ex1-2E-lcwgs-1-2-L3-clmp.fp2_r1_screen	1288750	73859.0	5.73	0.0	0.0	0.0	0.0	5.0	0.0	9307.0	0.73	39205.0	3.04	102855.0	7.98	34857.0	2.71	75016.0	5.82	47298.0	3.67	60039.0	4.66	45943.0	3.5700000000000003	1174695	91.15
Sor-CPnd_020-Ex1-2E-lcwgs-1-2-L3-clmp.fp2_r2_screen	1288750	74085.0	5.75	0.0	0.0	0.0	0.0	4.0	0.0	9439.0	0.73	39696.0	3.0700000000000003	103484.0	8.04	35200.0	2.72	75686.0	5.87	47464.0	3.6799999999999997	60394.0	4.6899999999999995	46188.0	3.58	1174309	91.12
Sor-CPnd_022-Ex1-7C-lcwgs-1-2-L2-clmp.fp2_r1_screen	1531377	73064.0	4.77	1.0	0.0	0.0	0.0	6.0	0.0	7745.0	0.5	38422.0	2.5100000000000002	104900.0	6.84	33615.0	2.19	74224.0	4.840000000000001	45810.0	2.9899999999999998	58560.0	3.83	44209.0	2.88	1415145	92.41
Sor-CPnd_022-Ex1-7C-lcwgs-1-2-L2-clmp.fp2_r2_screen	1531377	74171.0	4.83	1.0	0.0	0.0	0.0	1.0	0.0	8403.0	0.55	39450.0	2.58	105968.0	6.91	34726.0	2.26	75146.0	4.9	46839.0	3.06	59540.0	3.89	45257.0	2.96	1414226	92.35
Sor-CPnd_022-Ex1-7C-lcwgs-1-2-L3-clmp.fp2_r1_screen	1250516	59299.0	4.739999999999999	0.0	0.0	0.0	0.0	4.0	0.0	6435.0	0.51	31109.0	2.49	84787.0	6.78	27395.0	2.19	60113.0	4.81	37141.0	2.96	47376.0	3.79	35702.0	2.85	1156727	92.5
Sor-CPnd_022-Ex1-7C-lcwgs-1-2-L3-clmp.fp2_r2_screen	1250516	60167.0	4.81	0.0	0.0	0.0	0.0	0.0	0.0	6783.0	0.55	31856.0	2.54	86157.0	6.89	28189.0	2.25	61007.0	4.88	37835.0	3.0300000000000002	48350.0	3.87	36697.0	2.93	1155601	92.41
Sor-CPnd_024-Ex1-5G-lcwgs-1-2-L2-clmp.fp2_r1_screen	373656	22769.0	6.109999999999999	0.0	0.0	0.0	0.0	1.0	0.0	2712.0	0.72	11884.0	3.19	31961.0	8.559999999999999	10564.0	2.82	23059.0	6.17	14272.0	3.8200000000000003	18430.0	4.9399999999999995	14183.0	3.78	338382	90.56
Sor-CPnd_024-Ex1-5G-lcwgs-1-2-L2-clmp.fp2_r2_screen	373656	22824.0	6.109999999999999	1.0	0.0	0.0	0.0	0.0	0.0	2702.0	0.72	11998.0	3.22	32126.0	8.59	10608.0	2.84	23180.0	6.2	14329.0	3.8400000000000003	18308.0	4.9	14202.0	3.79	338382	90.56
Sor-CPnd_024-Ex1-5G-lcwgs-1-2-L3-clmp.fp2_r1_screen	349335	20171.0	5.7700000000000005	0.0	0.0	0.0	0.0	2.0	0.0	2300.0	0.6599999999999999	10701.0	3.07	28694.0	8.219999999999999	9487.0	2.71	20556.0	5.88	12780.0	3.6500000000000004	16271.0	4.65	12518.0	3.58	317790	90.97
Sor-CPnd_024-Ex1-5G-lcwgs-1-2-L3-clmp.fp2_r2_screen	349335	20257.0	5.79	0.0	0.0	0.0	0.0	0.0	0.0	2416.0	0.69	10703.0	3.06	28747.0	8.219999999999999	9578.0	2.73	20582.0	5.9	12678.0	3.62	16304.0	4.67	12471.0	3.57	317755	90.96
Sor-CPnd_026-Ex1-3H-lcwgs-1-2-L2-clmp.fp2_r1_screen	667463	31237.0	4.680000000000001	0.0	0.0	0.0	0.0	0.0	0.0	3634.0	0.54	16581.0	2.4899999999999998	44553.0	6.67	14689.0	2.2	31654.0	4.74	19898.0	2.97	25228.0	3.78	19130.0	2.8600000000000003	617870	92.57
Sor-CPnd_026-Ex1-3H-lcwgs-1-2-L2-clmp.fp2_r2_screen	667463	31745.0	4.760000000000001	0.0	0.0	0.0	0.0	0.0	0.0	3898.0	0.5900000000000001	16988.0	2.55	44917.0	6.7299999999999995	15054.0	2.25	32347.0	4.84	20247.0	3.04	25666.0	3.8499999999999996	19685.0	2.9499999999999997	617603	92.53
Sor-CPnd_026-Ex1-3H-lcwgs-1-2-L3-clmp.fp2_r1_screen	521905	24426.0	4.67	0.0	0.0	0.0	0.0	0.0	0.0	2837.0	0.55	13171.0	2.52	34995.0	6.699999999999999	11635.0	2.23	24904.0	4.779999999999999	15695.0	3.01	19686.0	3.78	15091.0	2.89	483179	92.58
Sor-CPnd_026-Ex1-3H-lcwgs-1-2-L3-clmp.fp2_r2_screen	521905	24582.0	4.71	0.0	0.0	0.0	0.0	1.0	0.0	2969.0	0.5700000000000001	13186.0	2.53	35036.0	6.71	11792.0	2.25	25011.0	4.79	15831.0	3.02	19810.0	3.8	15171.0	2.91	483231	92.59
Sor-CPnd_027-Ex1-3C-lcwgs-1-2-L2-clmp.fp2_r1_screen	1239631	58603.0	4.73	2.0	0.0	0.0	0.0	3.0	0.0	7345.0	0.5900000000000001	31799.0	2.56	82380.0	6.6499999999999995	28508.0	2.29	59159.0	4.779999999999999	37542.0	3.0300000000000002	47609.0	3.85	36373.0	2.93	1148022	92.61
Sor-CPnd_027-Ex1-3C-lcwgs-1-2-L2-clmp.fp2_r2_screen	1239631	58738.0	4.74	2.0	0.0	0.0	0.0	1.0	0.0	7567.0	0.6100000000000001	32060.0	2.59	83128.0	6.699999999999999	28713.0	2.3099999999999996	59675.0	4.8100000000000005	37729.0	3.0500000000000003	47891.0	3.86	36688.0	2.96	1147526	92.57
Sor-CPnd_027-Ex1-3C-lcwgs-1-2-L3-clmp.fp2_r1_screen	968487	46321.0	4.779999999999999	1.0	0.0	0.0	0.0	3.0	0.0	5698.0	0.5900000000000001	25047.0	2.58	65153.0	6.72	22729.0	2.34	47056.0	4.86	29710.0	3.07	37676.0	3.9	29121.0	3.01	896237	92.54
Sor-CPnd_027-Ex1-3C-lcwgs-1-2-L3-clmp.fp2_r2_screen	968487	46935.0	4.85	1.0	0.0	0.0	0.0	0.0	0.0	5889.0	0.6100000000000001	25377.0	2.63	65827.0	6.8	22724.0	2.34	47598.0	4.92	29745.0	3.07	37955.0	3.92	29221.0	3.01	895656	92.48
Sor-CPnd_028-Ex1-3A-lcwgs-1-2-L2-clmp.fp2_r1_screen	1580878	74631.0	4.73	1.0	0.0	0.0	0.0	4.0	0.0	9486.0	0.6000000000000001	40367.0	2.55	104689.0	6.62	36257.0	2.29	75902.0	4.8100000000000005	48039.0	3.03	60824.0	3.85	46644.0	2.94	1464683	92.65
Sor-CPnd_028-Ex1-3A-lcwgs-1-2-L2-clmp.fp2_r2_screen	1580878	74347.0	4.6899999999999995	0.0	0.0	0.0	0.0	7.0	0.0	9489.0	0.6000000000000001	40418.0	2.56	104443.0	6.609999999999999	36034.0	2.27	75451.0	4.77	47611.0	3.0100000000000002	60402.0	3.8200000000000003	46301.0	2.92	1465473	92.7
Sor-CPnd_028-Ex1-3A-lcwgs-1-2-L3-clmp.fp2_r1_screen	1288142	62996.0	4.890000000000001	2.0	0.0	0.0	0.0	9.0	0.0	7964.0	0.6100000000000001	33718.0	2.6199999999999997	87903.0	6.83	30183.0	2.34	63854.0	4.96	40235.0	3.12	51021.0	3.96	39293.0	3.0500000000000003	1190758	92.44
Sor-CPnd_028-Ex1-3A-lcwgs-1-2-L3-clmp.fp2_r2_screen	1288142	62846.0	4.88	2.0	0.0	0.0	0.0	4.0	0.0	7976.0	0.62	33743.0	2.6199999999999997	88227.0	6.8500000000000005	30219.0	2.34	63739.0	4.95	40126.0	3.12	50897.0	3.95	39184.0	3.04	1190758	92.44
Sor-CPnd_029-Ex1-8E-lcwgs-1-2-L2-clmp.fp2_r1_screen	2293021	122302.0	5.33	2.0	0.0	0.0	0.0	5.0	0.0	14091.0	0.6100000000000001	64408.0	2.81	172414.0	7.52	56448.0	2.46	124326.0	5.42	78211.0	3.41	99222.0	4.32	75876.0	3.3099999999999996	2100865	91.62
Sor-CPnd_029-Ex1-8E-lcwgs-1-2-L2-clmp.fp2_r2_screen	2293021	122140.0	5.33	3.0	0.0	0.0	0.0	4.0	0.0	14239.0	0.6200000000000001	64732.0	2.83	173087.0	7.550000000000001	56559.0	2.46	124680.0	5.430000000000001	78176.0	3.4	99011.0	4.32	75661.0	3.29	2100865	91.62
Sor-CPnd_029-Ex1-8E-lcwgs-1-2-L3-clmp.fp2_r1_screen	1926662	107980.0	5.6	0.0	0.0	0.0	0.0	4.0	0.0	12702.0	0.6599999999999999	56849.0	2.96	151798.0	7.880000000000001	49942.0	2.58	109862.0	5.699999999999999	68933.0	3.5700000000000003	87794.0	4.55	67472.0	3.51	1757886	91.24
Sor-CPnd_029-Ex1-8E-lcwgs-1-2-L3-clmp.fp2_r2_screen	1926662	107139.0	5.56	0.0	0.0	0.0	0.0	5.0	0.0	12696.0	0.6499999999999999	56721.0	2.95	151637.0	7.859999999999999	49943.0	2.59	109277.0	5.67	68635.0	3.5599999999999996	87209.0	4.53	66759.0	3.45	1758657	91.28
Sor-CPnd_030-Ex1-2H-lcwgs-1-2-L2-clmp.fp2_r1_screen	555719	36281.0	6.5200000000000005	0.0	0.0	0.0	0.0	1.0	0.0	4966.0	0.89	19236.0	3.47	49812.0	8.96	17280.0	3.1	36938.0	6.64	23483.0	4.2299999999999995	29632.0	5.34	23186.0	4.17	500647	90.09
Sor-CPnd_030-Ex1-2H-lcwgs-1-2-L2-clmp.fp2_r2_screen	555719	35829.0	6.4399999999999995	0.0	0.0	0.0	0.0	1.0	0.0	4843.0	0.87	19122.0	3.44	49663.0	8.93	17069.0	3.0700000000000003	36595.0	6.58	23123.0	4.16	29357.0	5.279999999999999	22920.0	4.13	501091	90.17
Sor-CPnd_030-Ex1-2H-lcwgs-1-2-L3-clmp.fp2_r1_screen	632430	37217.0	5.89	0.0	0.0	0.0	0.0	4.0	0.0	4810.0	0.76	19761.0	3.12	51831.0	8.19	17618.0	2.79	37827.0	5.97	23938.0	3.7800000000000002	30149.0	4.77	23492.0	3.7	575195	90.95
Sor-CPnd_030-Ex1-2H-lcwgs-1-2-L3-clmp.fp2_r2_screen	632430	37238.0	5.88	0.0	0.0	0.0	0.0	1.0	0.0	4799.0	0.76	19774.0	3.12	52080.0	8.23	17636.0	2.7800000000000002	37896.0	5.99	23795.0	3.76	30093.0	4.77	23303.0	3.68	575005	90.92
Sor-CPnd_031-Ex1-5D-lcwgs-1-2-L2-clmp.fp2_r1_screen	909078	49965.0	5.5	0.0	0.0	0.0	0.0	1.0	0.0	6631.0	0.72	26521.0	2.91	70324.0	7.73	23710.0	2.6	51115.0	5.62	31967.0	3.5100000000000002	40465.0	4.449999999999999	31612.0	3.47	831170	91.43
Sor-CPnd_031-Ex1-5D-lcwgs-1-2-L2-clmp.fp2_r2_screen	909078	49478.0	5.44	1.0	0.0	0.0	0.0	0.0	0.0	6533.0	0.72	26263.0	2.8899999999999997	69812.0	7.68	23639.0	2.59	50590.0	5.57	31562.0	3.47	40223.0	4.42	31330.0	3.45	831988	91.52
Sor-CPnd_031-Ex1-5D-lcwgs-1-2-L3-clmp.fp2_r1_screen	875049	44040.0	5.04	1.0	0.0	0.0	0.0	3.0	0.0	5628.0	0.64	23511.0	2.6799999999999997	62345.0	7.12	21032.0	2.4000000000000004	45067.0	5.16	28154.0	3.22	35555.0	4.0600000000000005	27527.0	3.14	806095	92.12
Sor-CPnd_031-Ex1-5D-lcwgs-1-2-L3-clmp.fp2_r2_screen	875049	44087.0	5.04	1.0	0.0	0.0	0.0	3.0	0.0	5633.0	0.65	23401.0	2.68	62765.0	7.18	21066.0	2.4000000000000004	45115.0	5.16	28098.0	3.2	35707.0	4.08	27670.0	3.16	805920	92.1
Sor-CPnd_033-Ex1-2F-lcwgs-1-2-L2-clmp.fp2_r1_screen	507771	30494.0	6.0	0.0	0.0	0.0	0.0	2.0	0.0	4258.0	0.84	16352.0	3.2199999999999998	42072.0	8.29	14589.0	2.8699999999999997	30986.0	6.11	19800.0	3.9000000000000004	24990.0	4.92	19279.0	3.8	461056	90.8
Sor-CPnd_033-Ex1-2F-lcwgs-1-2-L2-clmp.fp2_r2_screen	507771	30267.0	5.96	0.0	0.0	0.0	0.0	0.0	0.0	4141.0	0.82	16252.0	3.21	41896.0	8.26	14347.0	2.82	30777.0	6.0600000000000005	19511.0	3.84	24829.0	4.88	19001.0	3.74	461360	90.86
Sor-CPnd_033-Ex1-2F-lcwgs-1-2-L3-clmp.fp2_r1_screen	590889	32179.0	5.45	0.0	0.0	0.0	0.0	1.0	0.0	4126.0	0.7	17075.0	2.89	45001.0	7.62	15145.0	2.55	32734.0	5.54	20656.0	3.5	26279.0	4.45	20194.0	3.42	540722	91.51
Sor-CPnd_033-Ex1-2F-lcwgs-1-2-L3-clmp.fp2_r2_screen	590889	32127.0	5.42	0.0	0.0	0.0	0.0	0.0	0.0	4103.0	0.69	17197.0	2.91	45232.0	7.65	15121.0	2.55	32704.0	5.54	20649.0	3.49	26310.0	4.449999999999999	19916.0	3.37	540781	91.52
Sor-CPnd_034-Ex1-4G-lcwgs-1-2-L2-clmp.fp2_r1_screen	419732	23074.0	5.49	0.0	0.0	0.0	0.0	1.0	0.0	2571.0	0.6100000000000001	11825.0	2.81	32864.0	7.83	10446.0	2.49	23538.0	5.61	14333.0	3.4	18403.0	4.38	14080.0	3.35	383509	91.37
Sor-CPnd_034-Ex1-4G-lcwgs-1-2-L2-clmp.fp2_r2_screen	419732	23006.0	5.4799999999999995	0.0	0.0	0.0	0.0	0.0	0.0	2636.0	0.63	11890.0	2.83	33010.0	7.859999999999999	10644.0	2.5300000000000002	23490.0	5.61	14384.0	3.4299999999999997	18405.0	4.38	14089.0	3.3600000000000003	383551	91.38
Sor-CPnd_034-Ex1-4G-lcwgs-1-2-L3-clmp.fp2_r1_screen	342293	19142.0	5.59	0.0	0.0	0.0	0.0	3.0	0.0	2186.0	0.63	9861.0	2.8800000000000003	27345.0	7.99	8706.0	2.55	19572.0	5.720000000000001	11942.0	3.48	15389.0	4.5	11909.0	3.47	312171	91.2
Sor-CPnd_034-Ex1-4G-lcwgs-1-2-L3-clmp.fp2_r2_screen	342293	19128.0	5.58	0.0	0.0	0.0	0.0	1.0	0.0	2229.0	0.65	9910.0	2.9	27462.0	8.030000000000001	8825.0	2.5799999999999996	19548.0	5.71	11941.0	3.49	15326.0	4.47	11888.0	3.47	312136	91.19
Sor-CPnd_036-Ex1-5C-lcwgs-1-2-L2-clmp.fp2_r1_screen	917044	53064.0	5.78	1.0	0.0	0.0	0.0	1.0	0.0	6698.0	0.73	27478.0	3.0	74458.0	8.12	24220.0	2.6399999999999997	54063.0	5.8999999999999995	33345.0	3.64	43283.0	4.71	32835.0	3.59	834326	90.98
Sor-CPnd_036-Ex1-5C-lcwgs-1-2-L2-clmp.fp2_r2_screen	917044	52437.0	5.73	0.0	0.0	0.0	0.0	1.0	0.0	6660.0	0.72	27232.0	2.9699999999999998	74130.0	8.079999999999998	24138.0	2.6199999999999997	53546.0	5.84	33089.0	3.5999999999999996	42531.0	4.65	32521.0	3.54	835243	91.08
Sor-CPnd_036-Ex1-5C-lcwgs-1-2-L3-clmp.fp2_r1_screen	853358	45468.0	5.32	0.0	0.0	0.0	0.0	2.0	0.0	5389.0	0.6299999999999999	23478.0	2.75	64738.0	7.59	20728.0	2.42	46475.0	5.45	28697.0	3.3499999999999996	36627.0	4.29	27919.0	3.26	781590	91.59
Sor-CPnd_036-Ex1-5C-lcwgs-1-2-L3-clmp.fp2_r2_screen	853358	45420.0	5.32	0.0	0.0	0.0	0.0	2.0	0.0	5384.0	0.6299999999999999	23685.0	2.77	65083.0	7.62	20832.0	2.44	46343.0	5.4399999999999995	28792.0	3.37	36946.0	4.32	27895.0	3.26	781505	91.58
Sor-CPnd_037-Ex1-6C-lcwgs-1-2-L2-clmp.fp2_r1_screen	1349195	69670.0	5.17	0.0	0.0	0.0	0.0	2.0	0.0	7538.0	0.56	37124.0	2.75	98036.0	7.26	32973.0	2.43	70803.0	5.25	44348.0	3.2800000000000002	56054.0	4.15	43125.0	3.19	1240719	91.96
Sor-CPnd_037-Ex1-6C-lcwgs-1-2-L2-clmp.fp2_r2_screen	1349195	70393.0	5.220000000000001	0.0	0.0	0.0	0.0	1.0	0.0	7954.0	0.5900000000000001	37790.0	2.8000000000000003	98992.0	7.35	33768.0	2.5	71525.0	5.3	45001.0	3.34	57046.0	4.23	44032.0	3.2600000000000002	1240180	91.92
Sor-CPnd_037-Ex1-6C-lcwgs-1-2-L3-clmp.fp2_r1_screen	1108299	57577.0	5.2	0.0	0.0	0.0	0.0	5.0	0.0	6261.0	0.5700000000000001	30729.0	2.77	80666.0	7.289999999999999	27404.0	2.46	58473.0	5.28	36615.0	3.3000000000000003	46395.0	4.1899999999999995	35690.0	3.21	1019302	91.97
Sor-CPnd_037-Ex1-6C-lcwgs-1-2-L3-clmp.fp2_r2_screen	1108299	57901.0	5.22	0.0	0.0	0.0	0.0	0.0	0.0	6612.0	0.6000000000000001	31181.0	2.81	81477.0	7.3500000000000005	27974.0	2.5199999999999996	59211.0	5.33	37155.0	3.35	46996.0	4.24	36162.0	3.26	1018637	91.91
Sor-CPnd_038-Ex1-2A-lcwgs-1-2-L2-clmp.fp2_r1_screen	696681	36337.0	5.220000000000001	1.0	0.0	0.0	0.0	1.0	0.0	5153.0	0.74	19888.0	2.86	50032.0	7.18	17776.0	2.54	37072.0	5.319999999999999	23513.0	3.38	29744.0	4.27	23117.0	3.3200000000000003	641225	92.04
Sor-CPnd_038-Ex1-2A-lcwgs-1-2-L2-clmp.fp2_r2_screen	696681	35482.0	5.09	0.0	0.0	0.0	0.0	0.0	0.0	4760.0	0.68	19313.0	2.7600000000000002	49461.0	7.1	17321.0	2.4800000000000004	36182.0	5.1899999999999995	22836.0	3.2800000000000002	29115.0	4.18	22561.0	3.24	642061	92.16
Sor-CPnd_038-Ex1-2A-lcwgs-1-2-L3-clmp.fp2_r1_screen	819646	37967.0	4.63	1.0	0.0	0.0	0.0	3.0	0.0	4795.0	0.5900000000000001	20661.0	2.51	53013.0	6.470000000000001	18304.0	2.22	38560.0	4.7	24401.0	2.97	30918.0	3.77	23673.0	2.88	761123	92.86
Sor-CPnd_038-Ex1-2A-lcwgs-1-2-L3-clmp.fp2_r2_screen	819646	38024.0	4.640000000000001	1.0	0.0	0.0	0.0	5.0	0.0	5005.0	0.6100000000000001	20836.0	2.54	53475.0	6.529999999999999	18447.0	2.25	38807.0	4.739999999999999	24429.0	2.98	31100.0	3.8000000000000003	23716.0	2.8899999999999997	760631	92.8
Sor-CPnd_041-Ex1-7A-lcwgs-1-2-L2-clmp.fp2_r1_screen	1495895	47680.0	3.1900000000000004	0.0	0.0	0.0	0.0	0.0	0.0	4310.0	0.29000000000000004	25070.0	1.68	70060.0	4.68	21726.0	1.44	48346.0	3.24	29343.0	1.96	37443.0	2.5	28065.0	1.87	1418557	94.83
Sor-CPnd_041-Ex1-7A-lcwgs-1-2-L2-clmp.fp2_r2_screen	1495895	48361.0	3.23	0.0	0.0	0.0	0.0	1.0	0.0	4643.0	0.31	25699.0	1.72	70973.0	4.74	22259.0	1.49	49088.0	3.29	29946.0	1.99	38235.0	2.5500000000000003	28496.0	1.9	1417659	94.77
Sor-CPnd_041-Ex1-7A-lcwgs-1-2-L3-clmp.fp2_r1_screen	1468403	45888.0	3.12	2.0	0.0	0.0	0.0	2.0	0.0	4235.0	0.29000000000000004	24263.0	1.65	67694.0	4.609999999999999	21264.0	1.44	46790.0	3.19	28367.0	1.93	36234.0	2.46	27154.0	1.85	1393808	94.92
Sor-CPnd_041-Ex1-7A-lcwgs-1-2-L3-clmp.fp2_r2_screen	1468403	46846.0	3.18	1.0	0.0	0.0	0.0	3.0	0.0	4363.0	0.30000000000000004	24809.0	1.68	68879.0	4.6899999999999995	21663.0	1.48	47518.0	3.24	28782.0	1.95	36922.0	2.5100000000000002	27642.0	1.88	1392633	94.84
Sor-CPnd_043-Ex1-1D-lcwgs-1-2-L2-clmp.fp2_r1_screen	2164573	105051.0	4.86	0.0	0.0	0.0	0.0	6.0	0.0	12179.0	0.5700000000000001	56225.0	2.59	148768.0	6.869999999999999	49354.0	2.2800000000000002	106801.0	4.93	67060.0	3.1	84697.0	3.91	64701.0	2.98	1999416	92.37
Sor-CPnd_043-Ex1-1D-lcwgs-1-2-L2-clmp.fp2_r2_screen	2164573	106335.0	4.91	0.0	0.0	0.0	0.0	8.0	0.0	13142.0	0.6100000000000001	57572.0	2.65	150330.0	6.95	50440.0	2.3200000000000003	108163.0	5.0	68175.0	3.14	86078.0	3.98	65825.0	3.03	1997900	92.3
Sor-CPnd_043-Ex1-1D-lcwgs-1-2-L3-clmp.fp2_r1_screen	1788158	88046.0	4.930000000000001	1.0	0.0	0.0	0.0	7.0	0.0	10288.0	0.5800000000000001	46908.0	2.62	123946.0	6.92	41396.0	2.3099999999999996	89409.0	5.010000000000001	56285.0	3.14	71009.0	3.97	54309.0	3.03	1650648	92.31
Sor-CPnd_043-Ex1-1D-lcwgs-1-2-L3-clmp.fp2_r2_screen	1788158	88930.0	4.97	2.0	0.0	0.0	0.0	3.0	0.0	11037.0	0.62	48069.0	2.68	126030.0	7.04	42230.0	2.3499999999999996	90811.0	5.090000000000001	57115.0	3.19	72458.0	4.05	55259.0	3.0900000000000003	1648860	92.21
Sor-CPnd_044-Ex1-8G-lcwgs-1-2-L2-clmp.fp2_r1_screen	1303433	70667.0	5.42	1.0	0.0	0.0	0.0	8.0	0.0	8168.0	0.6299999999999999	37219.0	2.8600000000000003	100214.0	7.680000000000001	32435.0	2.4800000000000004	71837.0	5.51	44994.0	3.45	56906.0	4.36	43328.0	3.3200000000000003	1192119	91.46
Sor-CPnd_044-Ex1-8G-lcwgs-1-2-L2-clmp.fp2_r2_screen	1303433	71074.0	5.45	1.0	0.0	0.0	0.0	2.0	0.0	8415.0	0.6499999999999999	37642.0	2.9	100939.0	7.74	32820.0	2.52	72114.0	5.54	45266.0	3.46	57287.0	4.4	43651.0	3.35	1191728	91.43
Sor-CPnd_044-Ex1-8G-lcwgs-1-2-L3-clmp.fp2_r1_screen	1072594	58535.0	5.46	0.0	0.0	0.0	0.0	2.0	0.0	6682.0	0.6200000000000001	30400.0	2.8400000000000003	83273.0	7.77	26774.0	2.49	59350.0	5.54	36985.0	3.44	47124.0	4.39	35946.0	3.35	980458	91.41
Sor-CPnd_044-Ex1-8G-lcwgs-1-2-L3-clmp.fp2_r2_screen	1072594	59055.0	5.5	1.0	0.0	0.0	0.0	0.0	0.0	6985.0	0.6499999999999999	30874.0	2.8800000000000003	83584.0	7.79	27158.0	2.5300000000000002	59809.0	5.58	37330.0	3.4699999999999998	47586.0	4.43	36241.0	3.38	980136	91.38
Sor-CPnd_045-Ex1-7B-lcwgs-1-2-L2-clmp.fp2_r1_screen	1763364	74905.0	4.25	0.0	0.0	0.0	0.0	4.0	0.0	8592.0	0.49	39849.0	2.26	107137.0	6.07	35224.0	1.99	76451.0	4.34	47719.0	2.6999999999999997	60364.0	3.4299999999999997	45934.0	2.6	1644513	93.26
Sor-CPnd_045-Ex1-7B-lcwgs-1-2-L2-clmp.fp2_r2_screen	1763364	75908.0	4.3100000000000005	1.0	0.0	0.0	0.0	0.0	0.0	9027.0	0.51	40659.0	2.31	108716.0	6.17	36024.0	2.04	77366.0	4.38	48452.0	2.75	61242.0	3.4699999999999998	46771.0	2.65	1643102	93.18
Sor-CPnd_045-Ex1-7B-lcwgs-1-2-L3-clmp.fp2_r1_screen	1408118	59389.0	4.21	0.0	0.0	0.0	0.0	5.0	0.0	6511.0	0.47	31131.0	2.21	85151.0	6.050000000000001	27616.0	1.96	60242.0	4.28	37543.0	2.67	47298.0	3.3600000000000003	36158.0	2.5700000000000003	1313914	93.31
Sor-CPnd_045-Ex1-7B-lcwgs-1-2-L3-clmp.fp2_r2_screen	1408118	60182.0	4.2700000000000005	0.0	0.0	0.0	0.0	0.0	0.0	7133.0	0.51	32109.0	2.28	86461.0	6.14	28397.0	2.0100000000000002	61277.0	4.35	38386.0	2.72	48502.0	3.4400000000000004	36810.0	2.61	1312506	93.21
Sor-CPnd_046-Ex1-5A-lcwgs-1-2-L2-clmp.fp2_r1_screen	384807	19218.0	5.0	0.0	0.0	0.0	0.0	2.0	0.0	2164.0	0.56	10032.0	2.61	27111.0	7.04	8968.0	2.32	19570.0	5.09	11944.0	3.1	15425.0	4.01	11956.0	3.1	354984	92.25
Sor-CPnd_046-Ex1-5A-lcwgs-1-2-L2-clmp.fp2_r2_screen	384807	19024.0	4.95	0.0	0.0	0.0	0.0	1.0	0.0	2129.0	0.55	10085.0	2.6199999999999997	26967.0	7.01	8879.0	2.3	19382.0	5.04	11926.0	3.0900000000000003	15378.0	4.0	11744.0	3.05	355215	92.31
Sor-CPnd_046-Ex1-5A-lcwgs-1-2-L3-clmp.fp2_r1_screen	369371	17568.0	4.75	0.0	0.0	0.0	0.0	1.0	0.0	2003.0	0.54	9148.0	2.48	24809.0	6.72	8133.0	2.2	17909.0	4.85	10907.0	2.95	14023.0	3.8	10751.0	2.9099999999999997	342148	92.63
Sor-CPnd_046-Ex1-5A-lcwgs-1-2-L3-clmp.fp2_r2_screen	369371	17661.0	4.78	0.0	0.0	0.0	0.0	0.0	0.0	2007.0	0.55	9316.0	2.52	24941.0	6.75	8215.0	2.22	17997.0	4.87	11060.0	3.0	14155.0	3.83	10917.0	2.95	342037	92.6
Sor-CPnd_049-Ex1-3B-lcwgs-1-2-L2-clmp.fp2_r1_screen	529122	25941.0	4.9	0.0	0.0	0.0	0.0	1.0	0.0	2985.0	0.5700000000000001	13668.0	2.58	36692.0	6.93	12106.0	2.28	26245.0	4.970000000000001	16463.0	3.1	20796.0	3.94	16112.0	3.04	488485	92.32
Sor-CPnd_049-Ex1-3B-lcwgs-1-2-L2-clmp.fp2_r2_screen	529122	26242.0	4.96	0.0	0.0	0.0	0.0	1.0	0.0	3110.0	0.5900000000000001	13744.0	2.6	37142.0	7.01	12211.0	2.3099999999999996	26499.0	5.010000000000001	16559.0	3.1300000000000003	21077.0	3.98	16122.0	3.04	488062	92.24
Sor-CPnd_049-Ex1-3B-lcwgs-1-2-L3-clmp.fp2_r1_screen	419485	20427.0	4.86	0.0	0.0	0.0	0.0	1.0	0.0	2322.0	0.56	10699.0	2.56	29064.0	6.93	9450.0	2.2399999999999998	20760.0	4.95	12852.0	3.07	16442.0	3.92	12432.0	2.96	387394	92.35
Sor-CPnd_049-Ex1-3B-lcwgs-1-2-L3-clmp.fp2_r2_screen	419485	20654.0	4.92	0.0	0.0	0.0	0.0	0.0	0.0	2387.0	0.5700000000000001	10965.0	2.62	29450.0	7.03	9582.0	2.28	20883.0	4.98	13060.0	3.1100000000000003	16655.0	3.9699999999999998	12480.0	2.98	387016	92.26
Sor-CPnd_050-Ex1-3F-lcwgs-1-2-L2-clmp.fp2_r1_screen	1919413	93029.0	4.840000000000001	0.0	0.0	0.0	0.0	5.0	0.0	10849.0	0.5700000000000001	49136.0	2.56	131831.0	6.86	43622.0	2.27	94558.0	4.930000000000001	58930.0	3.06	75039.0	3.91	57272.0	2.98	1772769	92.36
Sor-CPnd_050-Ex1-3F-lcwgs-1-2-L2-clmp.fp2_r2_screen	1919413	93686.0	4.880000000000001	0.0	0.0	0.0	0.0	3.0	0.0	11271.0	0.5900000000000001	49956.0	2.5999999999999996	132730.0	6.91	44370.0	2.31	95005.0	4.96	59585.0	3.1	75556.0	3.94	57699.0	3.0	1772577	92.35
Sor-CPnd_050-Ex1-3F-lcwgs-1-2-L3-clmp.fp2_r1_screen	1600464	80287.0	5.02	1.0	0.0	0.0	0.0	5.0	0.0	9570.0	0.6000000000000001	42535.0	2.6599999999999997	113348.0	7.09	37743.0	2.3600000000000003	81461.0	5.09	50973.0	3.18	64576.0	4.03	49598.0	3.11	1474507	92.13
Sor-CPnd_050-Ex1-3F-lcwgs-1-2-L3-clmp.fp2_r2_screen	1600464	80175.0	5.01	1.0	0.0	0.0	0.0	0.0	0.0	9755.0	0.6100000000000001	42500.0	2.65	113701.0	7.1	37768.0	2.35	81309.0	5.08	50843.0	3.1700000000000004	64434.0	4.03	49402.0	3.08	1474507	92.13
Sor-CPnd_052-Ex1-6D-lcwgs-1-2-L2-clmp.fp2_r1_screen	961679	49785.0	5.17	2.0	0.0	0.0	0.0	6.0	0.0	5240.0	0.55	25480.0	2.65	71025.0	7.390000000000001	22487.0	2.33	50211.0	5.2299999999999995	31009.0	3.2199999999999998	39884.0	4.15	29916.0	3.11	882917	91.81
Sor-CPnd_052-Ex1-6D-lcwgs-1-2-L2-clmp.fp2_r2_screen	961679	49816.0	5.170000000000001	2.0	0.0	0.0	0.0	1.0	0.0	5505.0	0.5700000000000001	25941.0	2.69	71496.0	7.4399999999999995	22810.0	2.36	50579.0	5.26	31158.0	3.24	40063.0	4.16	30323.0	3.1500000000000004	882628	91.78
Sor-CPnd_052-Ex1-6D-lcwgs-1-2-L3-clmp.fp2_r1_screen	824192	42725.0	5.1899999999999995	0.0	0.0	0.0	0.0	2.0	0.0	4597.0	0.56	21684.0	2.64	61455.0	7.459999999999999	19102.0	2.3099999999999996	43357.0	5.26	26409.0	3.2	34057.0	4.13	25671.0	3.11	756113	91.74
Sor-CPnd_052-Ex1-6D-lcwgs-1-2-L3-clmp.fp2_r2_screen	824192	43225.0	5.25	0.0	0.0	0.0	0.0	0.0	0.0	4731.0	0.5800000000000001	22188.0	2.6999999999999997	62075.0	7.53	19459.0	2.36	43700.0	5.3	26830.0	3.2600000000000002	34502.0	4.18	26103.0	3.16	755701	91.69
Sor-CPnd_053-Ex1-2C-lcwgs-1-2-L2-clmp.fp2_r1_screen	666053	39573.0	5.94	0.0	0.0	0.0	0.0	5.0	0.0	5465.0	0.8200000000000001	21268.0	3.1799999999999997	54350.0	8.16	19105.0	2.86	40126.0	6.03	25417.0	3.8099999999999996	32348.0	4.859999999999999	25055.0	3.75	605841	90.96
Sor-CPnd_053-Ex1-2C-lcwgs-1-2-L2-clmp.fp2_r2_screen	666053	38510.0	5.78	0.0	0.0	0.0	0.0	0.0	0.0	5184.0	0.78	20644.0	3.09	53844.0	8.08	18594.0	2.79	39294.0	5.91	24641.0	3.7	31410.0	4.720000000000001	24272.0	3.64	606840	91.11
Sor-CPnd_053-Ex1-2C-lcwgs-1-2-L3-clmp.fp2_r1_screen	759558	40233.0	5.3	1.0	0.0	0.0	0.0	2.0	0.0	5178.0	0.6799999999999999	21395.0	2.82	56152.0	7.39	19491.0	2.55	40837.0	5.38	25762.0	3.3899999999999997	32656.0	4.31	25146.0	3.31	697654	91.85
Sor-CPnd_053-Ex1-2C-lcwgs-1-2-L3-clmp.fp2_r2_screen	759558	40091.0	5.28	0.0	0.0	0.0	0.0	1.0	0.0	5086.0	0.6699999999999999	21491.0	2.83	56315.0	7.42	19339.0	2.54	40759.0	5.36	25606.0	3.37	32405.0	4.27	25098.0	3.29	697578	91.84
Sor-CPnd_054-Ex1-8F-lcwgs-1-2-L2-clmp.fp2_r1_screen	477981	23502.0	4.92	0.0	0.0	0.0	0.0	3.0	0.0	2474.0	0.52	12176.0	2.5500000000000003	33478.0	7.01	10699.0	2.23	23737.0	4.97	14482.0	3.0300000000000002	18828.0	3.94	14316.0	2.99	441033	92.27
Sor-CPnd_054-Ex1-8F-lcwgs-1-2-L2-clmp.fp2_r2_screen	477981	23590.0	4.930000000000001	0.0	0.0	0.0	0.0	0.0	0.0	2540.0	0.53	12359.0	2.58	33684.0	7.05	10825.0	2.26	23970.0	5.01	14672.0	3.07	18960.0	3.97	14367.0	3.0	440937	92.25
Sor-CPnd_054-Ex1-8F-lcwgs-1-2-L3-clmp.fp2_r1_screen	412153	21272.0	5.16	1.0	0.0	0.0	0.0	1.0	0.0	2310.0	0.56	11096.0	2.69	30175.0	7.32	9801.0	2.37	21712.0	5.27	13229.0	3.21	16988.0	4.12	13067.0	3.1700000000000004	378892	91.93
Sor-CPnd_054-Ex1-8F-lcwgs-1-2-L3-clmp.fp2_r2_screen	412153	21093.0	5.12	1.0	0.0	0.0	0.0	0.0	0.0	2313.0	0.56	10942.0	2.6599999999999997	30027.0	7.279999999999999	9709.0	2.3499999999999996	21644.0	5.239999999999999	13147.0	3.19	16912.0	4.1	12985.0	3.16	379139	91.99
Sor-CPnd_055-Ex1-7G-lcwgs-1-2-L2-clmp.fp2_r1_screen	1341747	74539.0	5.5600000000000005	1.0	0.0	0.0	0.0	6.0	0.0	8181.0	0.6100000000000001	38529.0	2.87	106166.0	7.92	33901.0	2.52	75631.0	5.63	47384.0	3.5300000000000002	60155.0	4.48	45669.0	3.39	1224209	91.24
Sor-CPnd_055-Ex1-7G-lcwgs-1-2-L2-clmp.fp2_r2_screen	1341747	75140.0	5.6	0.0	0.0	0.0	0.0	2.0	0.0	8527.0	0.6299999999999999	39057.0	2.9099999999999997	107446.0	8.0	34461.0	2.56	76662.0	5.720000000000001	47822.0	3.5599999999999996	60788.0	4.529999999999999	46218.0	3.45	1223136	91.16
Sor-CPnd_055-Ex1-7G-lcwgs-1-2-L3-clmp.fp2_r1_screen	1102648	61296.0	5.55	0.0	0.0	0.0	0.0	3.0	0.0	6783.0	0.6100000000000001	31541.0	2.86	87573.0	7.9399999999999995	27698.0	2.5100000000000002	62423.0	5.66	38842.0	3.5200000000000005	49415.0	4.48	37401.0	3.38	1006056	91.24
Sor-CPnd_055-Ex1-7G-lcwgs-1-2-L3-clmp.fp2_r2_screen	1102648	61811.0	5.609999999999999	1.0	0.0	0.0	0.0	2.0	0.0	7109.0	0.6499999999999999	32203.0	2.92	88177.0	7.99	28337.0	2.56	63163.0	5.7299999999999995	39590.0	3.58	50097.0	4.54	38118.0	3.45	1005394	91.18
Sor-CPnd_058-Ex1-2G-lcwgs-1-2-L2-clmp.fp2_r1_screen	509458	35300.0	6.93	0.0	0.0	0.0	0.0	2.0	0.0	4984.0	0.98	18489.0	3.63	48535.0	9.53	16362.0	3.21	35864.0	7.039999999999999	22628.0	4.44	28784.0	5.65	22144.0	4.34	455506	89.41
Sor-CPnd_058-Ex1-2G-lcwgs-1-2-L2-clmp.fp2_r2_screen	509458	34642.0	6.8	0.0	0.0	0.0	0.0	2.0	0.0	4836.0	0.95	18342.0	3.6	48456.0	9.51	16305.0	3.2	35358.0	6.93	22395.0	4.39	28450.0	5.58	21766.0	4.28	455863	89.48
Sor-CPnd_058-Ex1-2G-lcwgs-1-2-L3-clmp.fp2_r1_screen	581286	36607.0	6.300000000000001	0.0	0.0	0.0	0.0	6.0	0.0	4726.0	0.8099999999999999	19131.0	3.29	50787.0	8.74	17071.0	2.94	37015.0	6.37	23516.0	4.04	29942.0	5.16	22648.0	3.9	524785	90.28
Sor-CPnd_058-Ex1-2G-lcwgs-1-2-L3-clmp.fp2_r2_screen	581286	36735.0	6.3100000000000005	0.0	0.0	0.0	0.0	1.0	0.0	4611.0	0.7899999999999999	19203.0	3.3	51161.0	8.8	16925.0	2.91	37197.0	6.39	23426.0	4.02	29940.0	5.140000000000001	22811.0	3.92	524668	90.26
Sor-CPnd_063-Ex1-7D-lcwgs-1-2-L2-clmp.fp2_r1_screen	1264351	61704.0	4.87	1.0	0.0	0.0	0.0	5.0	0.0	6659.0	0.53	32021.0	2.54	88636.0	7.0200000000000005	28398.0	2.24	62410.0	4.9399999999999995	38299.0	3.0300000000000002	49214.0	3.8800000000000003	36945.0	2.91	1166110	92.23
Sor-CPnd_063-Ex1-7D-lcwgs-1-2-L2-clmp.fp2_r2_screen	1264351	62271.0	4.93	1.0	0.0	0.0	0.0	2.0	0.0	7031.0	0.56	32620.0	2.58	89110.0	7.04	28836.0	2.27	62917.0	4.9799999999999995	38918.0	3.08	49970.0	3.9499999999999997	37590.0	2.9699999999999998	1165858	92.21
Sor-CPnd_063-Ex1-7D-lcwgs-1-2-L3-clmp.fp2_r1_screen	1058494	52459.0	4.95	0.0	0.0	0.0	0.0	4.0	0.0	5794.0	0.54	27169.0	2.56	75335.0	7.11	24198.0	2.2800000000000002	53054.0	5.01	32473.0	3.06	41659.0	3.9299999999999997	31644.0	2.98	975296	92.14
Sor-CPnd_063-Ex1-7D-lcwgs-1-2-L3-clmp.fp2_r2_screen	1058494	53149.0	5.02	0.0	0.0	0.0	0.0	2.0	0.0	6230.0	0.5900000000000001	27663.0	2.61	76099.0	7.19	24808.0	2.34	53567.0	5.06	33143.0	3.1300000000000003	42281.0	4.0	32175.0	3.04	974661	92.08
Sor-CPnd_066-Ex1-8B-lcwgs-1-2-L2-clmp.fp2_r1_screen	916028	43158.0	4.71	0.0	0.0	0.0	0.0	0.0	0.0	4859.0	0.53	22562.0	2.46	61470.0	6.71	20206.0	2.2	43793.0	4.79	27313.0	2.98	34451.0	3.76	26432.0	2.8800000000000003	847783	92.55
Sor-CPnd_066-Ex1-8B-lcwgs-1-2-L2-clmp.fp2_r2_screen	916028	43478.0	4.75	0.0	0.0	0.0	0.0	0.0	0.0	5213.0	0.5700000000000001	23227.0	2.5300000000000002	62152.0	6.78	20773.0	2.26	44109.0	4.83	27541.0	3.01	34872.0	3.81	26738.0	2.9099999999999997	847325	92.5
Sor-CPnd_066-Ex1-8B-lcwgs-1-2-L3-clmp.fp2_r1_screen	716732	33964.0	4.74	0.0	0.0	0.0	0.0	3.0	0.0	3879.0	0.55	18178.0	2.54	48297.0	6.74	16051.0	2.23	34675.0	4.84	21508.0	3.0	27188.0	3.8000000000000003	20891.0	2.91	663263	92.54
Sor-CPnd_066-Ex1-8B-lcwgs-1-2-L3-clmp.fp2_r2_screen	716732	34118.0	4.75	0.0	0.0	0.0	0.0	2.0	0.0	3947.0	0.55	18239.0	2.54	48620.0	6.78	16122.0	2.2399999999999998	34798.0	4.86	21519.0	3.0	27288.0	3.81	20963.0	2.92	663120	92.52
Sor-CPnd_069-Ex1-6B-lcwgs-1-2-L2-clmp.fp2_r1_screen	1066917	49159.0	4.61	0.0	0.0	0.0	0.0	1.0	0.0	5733.0	0.54	26336.0	2.4699999999999998	69532.0	6.52	23559.0	2.2	49735.0	4.659999999999999	30500.0	2.86	39145.0	3.68	29921.0	2.8	989885	92.78
Sor-CPnd_069-Ex1-6B-lcwgs-1-2-L2-clmp.fp2_r2_screen	1066917	49931.0	4.67	0.0	0.0	0.0	0.0	1.0	0.0	5996.0	0.56	26780.0	2.51	70235.0	6.59	24183.0	2.2699999999999996	50429.0	4.7299999999999995	31126.0	2.9200000000000004	39990.0	3.75	30292.0	2.83	989138	92.71
Sor-CPnd_069-Ex1-6B-lcwgs-1-2-L3-clmp.fp2_r1_screen	856776	39353.0	4.6000000000000005	0.0	0.0	0.0	0.0	0.0	0.0	4449.0	0.52	20646.0	2.4	55316.0	6.46	18714.0	2.18	39494.0	4.62	24259.0	2.83	31041.0	3.62	23833.0	2.78	795602	92.86
Sor-CPnd_069-Ex1-6B-lcwgs-1-2-L3-clmp.fp2_r2_screen	856776	39563.0	4.62	0.0	0.0	0.0	0.0	0.0	0.0	4774.0	0.55	21286.0	2.48	56129.0	6.54	19277.0	2.25	40022.0	4.66	24656.0	2.87	31789.0	3.71	24219.0	2.82	795002	92.79
Sor-CPnd_072-Ex1-8C-lcwgs-1-2-L2-clmp.fp2_r1_screen	2529451	120610.0	4.7700000000000005	1.0	0.0	0.0	0.0	3.0	0.0	14262.0	0.5700000000000001	64102.0	2.5300000000000002	170990.0	6.76	57138.0	2.25	122585.0	4.8500000000000005	77137.0	3.04	97323.0	3.85	74968.0	2.9499999999999997	2340248	92.52
Sor-CPnd_072-Ex1-8C-lcwgs-1-2-L2-clmp.fp2_r2_screen	2529451	121432.0	4.8	1.0	0.0	0.0	0.0	1.0	0.0	14895.0	0.5900000000000001	65534.0	2.58	172115.0	6.8100000000000005	58025.0	2.29	124035.0	4.91	77983.0	3.08	98177.0	3.89	76069.0	3.01	2339742	92.5
Sor-CPnd_072-Ex1-8C-lcwgs-1-2-L3-clmp.fp2_r1_screen	1943393	93907.0	4.819999999999999	0.0	0.0	0.0	0.0	1.0	0.0	10866.0	0.56	49979.0	2.56	133288.0	6.87	44471.0	2.28	96036.0	4.95	60058.0	3.08	75706.0	3.9	58681.0	3.0100000000000002	1796083	92.42
Sor-CPnd_072-Ex1-8C-lcwgs-1-2-L3-clmp.fp2_r2_screen	1943393	94363.0	4.85	1.0	0.0	0.0	0.0	0.0	0.0	11240.0	0.5700000000000001	50474.0	2.59	133970.0	6.8999999999999995	44855.0	2.3099999999999996	96362.0	4.97	60231.0	3.09	75981.0	3.91	58925.0	3.02	1795889	92.41
Undetermined-L2-clmp.fp2_r1_screen	203644423	9703937.0	4.77	273.0	0.0	1809.0	0.0	1362.0	0.0	1093220.0	0.54	5423210.0	2.67	13553253.0	6.66	4659790.0	2.29	9825393.0	4.83	6260868.0	3.07	7861625.0	3.86	5956685.0	2.92	188411820	92.52
Undetermined-L2-clmp.fp2_r2_screen	203644423	9923278.0	4.869999999999999	272.0	0.0	1805.0	0.0	1419.0	0.0	1188667.0	0.5800000000000001	5584522.0	2.75	13841109.0	6.79	4803737.0	2.3499999999999996	10059582.0	4.949999999999999	6425399.0	3.1500000000000004	8075159.0	3.9699999999999998	6132780.0	3.01	188126717	92.38
Undetermined-L3-clmp.fp2_r1_screen	197185280	9381508.0	4.75	283.0	0.0	4550.0	0.0	1326.0	0.0	1054857.0	0.53	5235162.0	2.66	13095252.0	6.640000000000001	4501952.0	2.2800000000000002	9497409.0	4.82	6040085.0	3.06	7588804.0	3.85	5746806.0	2.91	182455539	92.53
Undetermined-L3-clmp.fp2_r2_screen	197185280	9587262.0	4.859999999999999	297.0	0.0	4536.0	0.0	1158.0	0.0	1140968.0	0.5700000000000001	5389387.0	2.7399999999999998	13388155.0	6.79	4634445.0	2.34	9718344.0	4.9399999999999995	6194195.0	3.14	7787809.0	3.95	5909120.0	2.9899999999999998	182179480	92.39
