Sample	1	2	3	4	5	6	7	8	9	10	11	12	13	14	15	16	17	18	19	20	21	22	23	24	25	26	27	28	29	30	31	32	33	34	35	36	37	38	39	40	41	42	43	44	45	46	47	48	49	50	51	52	53	54	55	56	57	58	59	60	61	62	63	64	65	66	67	68	69	70	71	72	73	74	75	76	77	78	79	80	81	82	83	84	85	86	87	88	89	90	91	92	93	94	95	96	97	98	99	100	101	102	103	104	105	106	107	108	109	110	111	112	113	114	115	116	117	118	119	120	121	122	123	124	125	126	127	128	129	130	131	132	133	134	135	136	137	138	139	140	141	142	143	144	145	146	147	148	149	150
Sor-ACeb_001-Ex1-8E-lcwgs-1-3-L2-clmp.r1r2_fastp	0.0	0.019881799999999998	0.000156858	3.92145e-05	3.92145e-05	0.000156858	0.0	0.0	0.0	0.0	0.0	0.0	0.0	0.0	0.0	0.000196073	0.0	0.0	0.0	0.000196073	0.0	0.0	0.0	0.000156858	0.0	0.0	0.00027450200000000004	0.00047057399999999997	0.00105879	0.0	0.00011764399999999999	0.000823505	0.0	0.00027457400000000003	0.0	0.0	3.92664e-05	0.0	0.0	0.0	0.0	0.0	7.887e-05	0.0	0.0	0.0	0.0	0.000715664	0.0	0.0	0.0	0.0	0.0	0.0	0.0	0.000574707	0.000289217	0.0	0.0	0.0	0.0	4.31043e-05	4.3573e-05	0.000528991	8.92703e-05	0.0	0.0	0.0	0.0	0.0	0.0	9.967370000000001e-05	0.0	0.0	0.000846285	0.0	0.0	0.0	0.0	0.0	0.0	0.0	0.0	0.0	0.000338085	6.9557e-05	0.0	0.0	0.000151991	0.0	0.000242684	0.0	0.0	8.92298e-05	0.0	0.0	0.0	0.0	0.0005304940000000001	0.0	0.0	0.0	0.0	0.0	0.0	0.0	0.0	0.0	0.0	0.0	0.0	0.000173481	0.0007219840000000001	0.0	0.0	0.0	0.0	0.0	0.0009174480000000001	0.0	0.0	0.0	0.0	0.0	0.0	0.0	0.0	0.0003305	0.0	0.0	0.0	0.0	0.0	0.0	0.0	0.0	0.0	0.0	0.0	0.0	0.0	0.0	0.0	0.0	0.0	0.000678615	0.0	0.0	0.0	0.0
Sor-ACeb_001-Ex1-8E-lcwgs-1-3-L3-clmp.r1r2_fastp	0.0	0.011557699999999999	0.000393455	0.00019672699999999998	0.0	0.0033443599999999998	0.0	0.000245909	0.012983999999999999	0.00019672699999999998	4.91818e-05	0.0	0.0	0.0	0.0	0.0	0.0	0.0	0.0	0.0	0.0	0.0	0.0	0.0	0.0	4.91818e-05	0.0	0.0	0.0	9.83637e-05	0.00231155	0.0	0.0	0.0	0.00142693	0.00029532	0.0	0.0	9.85608e-05	0.00162713	0.00187488	0.0	0.0	9.89457e-05	0.0	0.0	0.00039751600000000005	0.000248936	0.0	0.0	0.0	0.000151059	0.0	0.0	0.0	0.0	5.1613199999999996e-05	0.0	0.0	0.0	5.32191e-05	0.00021490000000000002	0.0	0.0	0.00333382	0.000168837	0.0	0.0	0.0	0.00149279	0.00133629	0.0	0.0	6.42299e-05	0.000917473	0.000133809	0.00013675	0.0	7.156050000000001e-05	0.0053495999999999995	0.0	0.0	0.0	0.0	0.0	0.0	8.81539e-05	0.0	0.000374008	0.0	0.00019890200000000001	0.0	0.0	0.0	0.0	0.0	0.00024251400000000002	0.0	0.0	0.0	0.0	0.0	0.0	0.000155978	0.0	0.0	0.0	0.0	0.000188642	0.00176475	0.0	0.000212216	0.0	0.0	0.000238982	0.0	0.0	0.0	0.0	0.0	0.0	0.0	0.0	0.0	0.0	0.0	0.0	0.0	0.0	0.00437298	0.0	0.0	0.0	0.00205795	0.006430040000000001	0.0	0.0	0.00423983	0.0	0.00855933	0.0	0.0	0.0	0.0	0.0	0.0	0.0	0.0	0.0	0.0
Sor-ACeb_002-Ex1-9E-lcwgs-1-3-L2-clmp.r1r2_fastp	0.0	0.023441299999999998	8.70347e-05	0.0	5.80231e-05	8.70347e-05	0.0	0.0	0.0	0.0	0.0	0.0	0.0	0.0	0.0	0.000261104	0.0	0.0	5.80231e-05	0.000174069	0.0	0.0	0.0	0.000203081	0.0	0.0	0.000261104	0.000348139	0.000957381	0.0	8.70347e-05	0.00116046	0.0	0.000203144	0.0	0.0	2.9060400000000004e-05	2.9078400000000003e-05	0.0	0.0	0.0	0.0	0.0	0.0	5.86388e-05	0.0	0.0	0.000561073	0.0	0.0	0.0	0.0	0.0	0.0	0.0	0.000612816	0.00024682299999999996	0.0	0.0	0.0	3.18849e-05	3.2196299999999995e-05	9.760179999999999e-05	0.000592103	0.00023296000000000002	0.0	0.0	0.0	0.0	0.0	0.0	0.0	0.0	0.0	0.000540704	0.0	0.0	0.0	0.0	0.0	0.0	0.0	0.0	0.0	0.000517034	4.8042100000000005e-05	0.0	0.0	0.00010284899999999999	0.0	0.000161703	0.0	0.000113102	0.00017394400000000001	0.0	0.0	0.0	0.000128494	0.000989591	0.0	0.0	0.000143029	0.0	0.0	0.0	0.0	0.0	0.0	0.0	0.0	0.0	0.0	0.000292594	0.0	0.0	0.0	0.0	0.00011296200000000001	0.00186166	0.0	0.0	0.0	0.0	0.0	0.0	0.0	0.0	0.0	0.0	0.0	0.0	0.0	0.0	0.0	0.0	0.0	0.0	0.0	0.0	0.0	0.0	0.0	0.0	0.0	0.0	0.0007781639999999999	0.00026674200000000004	0.0	0.0	0.0
Sor-ACeb_002-Ex1-9E-lcwgs-1-3-L3-clmp.r1r2_fastp	0.0	0.0173574	0.000357148	0.000500007	0.0	0.0043572	0.0	0.000107144	0.018536	0.00039286199999999995	0.0	0.0	0.0	3.57148e-05	0.0	0.0	0.0	3.57148e-05	0.0	0.0	0.0	0.0	0.0	0.0	0.0	3.57148e-05	3.57148e-05	0.0	0.0	3.57148e-05	0.00414291	0.0	3.57148e-05	3.5725e-05	0.0023229	0.00010725200000000001	0.0	3.57863e-05	0.0	0.0024009400000000003	0.00265403	0.0	3.59421e-05	0.0	0.0	0.0	0.000325755	0.000254014	0.0	0.0	0.0	0.000367827	0.0	0.0	0.0	0.0	7.55791e-05	0.0	0.0	0.0	0.0	0.0	0.0	4.01612e-05	0.00568525	8.2162e-05	0.0	0.0	4.27e-05	0.00255506	0.00228492	0.0	0.0	0.0	0.0019195199999999999	0.0	4.84596e-05	0.0	5.0257600000000005e-05	0.00783391	0.0	0.0	0.0	0.0	0.0	0.0	0.000118126	0.0	0.000123427	6.31225e-05	0.00045207099999999996	0.0	0.0	0.0	0.0	0.0	0.000224077	0.0	0.0	0.0	0.0	0.0	0.0	0.0	0.0	0.0	0.0	0.0	0.0	0.00306276	0.0	0.0	0.0	0.0	0.0	0.0	0.0	0.0	0.0	0.0	0.0	0.00014860199999999998	0.0	0.0	0.0	0.000166871	0.0	0.0	0.000181948	0.00580868	0.0	0.0	0.0	0.00189122	0.00800573	0.0	0.0	0.009433319999999999	0.0	0.00950219	0.00025756	0.0	0.0	0.0	0.0	0.0	0.00061163	0.0	0.0	0.0
Sor-ACeb_003-Ex1-10E-lcwgs-1-3-L2-clmp.r1r2_fastp	0.0	0.00724525	0.000136132	0.0	0.000121006	0.000151258	0.0	0.0	0.0	0.0	0.0	0.0	0.0	0.0	0.0	9.07546e-05	0.0	0.0	0.0	7.56289e-05	0.0	0.0	0.0	0.000136132	0.0	0.0	0.000514276	0.000257138	0.000544528	3.02515e-05	0.00010588	0.000741163	3.02515e-05	0.000151429	0.0	0.0	0.0	0.00010683	0.0	0.0	0.0	0.0	4.6661e-05	1.56374e-05	3.14641e-05	0.0	1.5949999999999998e-05	0.000514443	0.0	0.0	1.65296e-05	0.0	0.0	0.0	0.0	0.000439841	0.000178594	0.0	0.0	0.0	0.0	1.95028e-05	0.000199074	0.00040677799999999995	8.31831e-05	0.0	0.0	0.0	0.0	0.0	0.0	0.00012469399999999998	0.0	2.6462499999999996e-05	0.0007096779999999999	0.0	0.0	0.0	0.0	0.0	0.0	0.0	0.0	0.0	0.00027017100000000004	4.01012e-05	0.0	0.0	9.03785e-05	0.0	0.000147329	0.0	5.35427e-05	0.00027988000000000004	0.0	0.0	0.0	0.0	0.000705748	0.0	0.0	0.0	0.0	0.0	0.0	0.0	0.0	0.0	0.0	0.000124331	0.0	0.0	0.000293029	0.0	0.0	0.0	0.0	0.0	0.00143822	0.0	0.0	0.0	0.0	0.0	0.0	0.0	0.0	0.0	0.0	0.0	0.0	0.0	0.0	0.0	0.0005218880000000001	0.0	0.0	0.0	0.0	0.0	0.0	0.0	0.0	0.0	0.0	0.000987586	0.0	0.0	0.0	0.0
Sor-ACeb_003-Ex1-10E-lcwgs-1-3-L3-clmp.r1r2_fastp	0.0	0.00555963	0.00026119100000000003	0.00020522099999999998	0.0	0.00134327	0.0	0.000111939	0.00438427	0.000111939	0.0	0.0	0.0	1.86565e-05	0.0	0.0	0.0	0.0	0.0	0.0	0.0	0.0	0.0	0.0	0.0	1.86565e-05	1.86565e-05	0.0	0.0	7.462589999999999e-05	0.0009514800000000001	0.0	1.86565e-05	0.0	0.0008602239999999999	0.000243506	1.87681e-05	0.0	3.77246e-05	0.0006054589999999999	0.0008734309999999999	0.0	0.0	1.92455e-05	0.0	1.94738e-05	0.00043133099999999997	0.000177765	1.99116e-05	0.0	4.05591e-05	6.14683e-05	2.07173e-05	2.09656e-05	0.0	2.15193e-05	0.000130973	0.0	6.75598e-05	0.0	2.33171e-05	0.00011880000000000001	0.0	7.422039999999999e-05	0.00214853	0.000129281	0.0	0.0	2.7808200000000003e-05	0.0008563430000000001	0.0012903	0.0	0.0	3.19357e-05	0.0009873929999999998	0.0	0.0	3.6173e-05	0.00011212699999999999	0.00409667	0.0	0.0	0.0	0.0	0.0	0.0	0.0	0.0	0.0	5.6118999999999996e-05	0.000350996	0.0	0.0	0.0	6.95305e-05	0.0	7.60995e-05	0.0	0.0	0.0	0.0	0.0	0.0	0.0	0.0	0.00011806200000000001	0.000124301	0.0	0.0	0.00131007	0.0	0.0	0.00051346	0.0	0.00019091399999999998	0.0	0.0	0.0	0.0	0.0	0.0	0.0	0.0	0.0	0.0	0.0	0.0	0.0	0.0	0.00223265	0.0	0.0	0.0	0.0011224	0.00416109	0.0	0.0	0.00353033	0.0	0.00553552	0.0	0.0	0.000937251	0.0	0.0	0.0	0.0	0.0	0.0	0.0
Sor-ACeb_004-Ex1-11E-lcwgs-1-3-L2-clmp.r1r2_fastp	0.0	0.013616	0.000155454	9.14438e-06	5.4866299999999993e-05	8.229940000000001e-05	0.0	0.0	0.0	0.0	0.0	0.0	0.0	0.0	2.7433100000000003e-05	0.000155454	0.0	0.0	1.82888e-05	6.40106e-05	0.0	0.0	0.0	0.00017374300000000002	0.0	0.0	0.00039320800000000003	0.000329198	0.00066754	4.57219e-05	0.000109733	0.000932727	1.82888e-05	0.000219596	0.0	9.164830000000001e-06	1.83492e-05	4.5929e-05	0.0	0.0	0.0	0.0	3.70917e-05	0.0	4.66366e-05	0.0	3.75857e-05	0.000566223	0.0	0.0	9.58799e-06	0.0	0.0	0.0	9.87068e-06	0.00050786	0.00043228600000000004	0.0	0.0	0.0	2.102e-05	2.1293099999999998e-05	5.39657e-05	0.000328531	0.000155666	0.0	0.0	0.0	0.0	0.0	0.0	3.7922e-05	0.0	1.31987e-05	0.000648055	0.0	0.0	0.0	0.0	0.0	0.0	0.0	0.0	0.0	0.000262844	0.0	0.0	1.91757e-05	0.000118712	0.0	0.000147686	4.36178e-05	4.51133e-05	0.000163375	0.0	0.0	0.0	0.0	0.00039073099999999996	0.0	0.0	3.1241199999999995e-05	0.0	0.0	0.0	0.0	0.0	0.0	0.0	0.0	8.9176e-05	4.6444300000000005e-05	0.00024191	0.0	0.0	0.0	0.0	0.0	0.00124204	0.0	0.0	0.0	0.0	0.0	0.0	0.0	0.0	9.07369e-05	0.0	0.0	0.0	0.0	0.0	0.0	0.0	0.0	0.0	0.0	0.0	0.0	0.0	0.0	0.0	0.000176045	0.0	0.000190693	0.000198113	0.0	0.0	0.0
Sor-ACeb_004-Ex1-11E-lcwgs-1-3-L3-clmp.r1r2_fastp	0.0	0.0104969	0.000175313	0.000317755	0.0	0.00227907	0.0	0.000120528	0.008195889999999999	0.000230099	4.38283e-05	0.0	0.0	1.0957099999999999e-05	0.0	0.0	0.0	3.28712e-05	0.0	0.0	0.0	0.0	0.0	0.0	0.0	3.28712e-05	4.38283e-05	1.0957099999999999e-05	2.1914199999999998e-05	0.000109571	0.00199419	0.0	3.28712e-05	3.2888999999999996e-05	0.0015906999999999998	0.000263502	1.09899e-05	1.1002100000000001e-05	3.30492e-05	0.00125771	0.00134824	0.0	3.32912e-05	4.45017e-05	0.0	1.1193700000000001e-05	0.00040445300000000004	0.00025946	1.1331799999999999e-05	0.0	0.0	0.000161278	0.0	0.0	0.0	0.0	4.7902500000000004e-05	0.0	2.44337e-05	0.0	3.74904e-05	0.000101217	1.28195e-05	3.8998099999999995e-05	0.00312655	9.37836e-05	0.0	0.0	2.81963e-05	0.00140744	0.0017128199999999999	0.0	0.0	1.5573500000000003e-05	0.0012575899999999998	3.2565e-05	0.00013332800000000002	0.0	0.000104956	0.0046105700000000005	0.0	0.0	0.0	0.0	0.0	0.0	0.000152226	0.0	9.24107e-05	0.0	0.000369012	0.0	0.0	0.0	2.8093299999999997e-05	0.0	0.00021079600000000002	0.0	0.0	0.0	0.0	0.0	0.0	0.000116905	0.0	0.0	0.0	0.0	9.4653e-05	0.0016247	0.0	0.0	5.551139999999999e-05	0.0	0.00012043099999999999	0.0	0.0	0.0	0.0	0.0	0.0	8.02341e-05	0.0	0.0	0.0	0.0	0.0	0.0	0.000107226	0.00368698	0.0	0.0	0.000252678	0.0026319	0.00520979	0.0	0.00014872	0.00433557	0.0	0.00839913	0.0	0.0	0.0	0.0	0.0	0.0	0.00022181500000000002	0.0	0.0	0.0
Sor-ACeb_005-Ex1-12E-lcwgs-1-3-L2-clmp.r1r2_fastp	0.0	0.0456777	0.00024389300000000002	0.0	0.000156788	0.00012194699999999999	0.0	0.0	1.74209e-05	0.0	0.0	0.0	0.0	0.0	0.00013936799999999998	0.00045294399999999994	0.0	0.0	5.2262800000000004e-05	0.000313577	0.0	0.0	0.0	0.00047036500000000004	0.0	0.0	0.0008013629999999999	0.000661996	0.00259572	0.0	0.000313577	0.0022124600000000003	5.2262800000000004e-05	0.000453053	0.0	0.0	1.74427e-05	0.000157054	0.0	0.0	0.0	0.0	8.75593e-05	0.0	3.51088e-05	0.0	0.0	0.00142962	0.0	0.0	0.0	0.0	0.0	0.0	0.0	0.0014353	0.000785491	0.0	1.84932e-05	0.0	5.62731e-05	1.89035e-05	5.7182399999999997e-05	0.000538368	0.00034932599999999996	0.0	0.0	0.0	0.0	0.0	0.0	8.38495e-05	0.0	4.30211e-05	0.0018967800000000003	0.0	0.0	0.0	0.0	0.0	0.0	0.0	0.0	0.0	0.00101344	0.0	0.0	0.0	0.000135187	0.0	8.386259999999999e-05	2.84284e-05	8.67444e-05	0.00020585599999999998	0.0	0.0	0.0	3.14547e-05	0.00182297	0.0	0.0	0.0	0.0	0.0	0.0	0.0	0.0	0.0	0.0	0.0	0.0	0.000157887	0.000882013	0.0	0.0	0.0	0.0	8.64898e-05	0.00263363	0.0	0.0	0.0	0.0	0.0	0.0	0.0	0.0	0.0	0.0	0.0	0.0	0.0	0.000214991	0.00016355799999999998	5.53047e-05	0.0	0.0	0.0	0.0	0.0	0.0	0.0	0.0	0.0	6.38769e-05	0.0006485109999999999	0.000591972	0.00020019599999999998	0.0	0.0
Sor-ACeb_005-Ex1-12E-lcwgs-1-3-L3-clmp.r1r2_fastp	0.0	0.035997600000000005	0.00116315	0.00106288	2.00543e-05	0.008944240000000001	0.0	0.000381033	0.0400285	0.000521413	6.0163e-05	0.0	0.0	4.0108700000000004e-05	0.0	0.0	0.0	2.00543e-05	0.0	0.0	0.0	0.0	0.0	0.0	0.0	0.000160435	8.021740000000001e-05	2.00543e-05	8.021740000000001e-05	0.00014038	0.009746409999999999	0.0	0.0	0.000100291	0.00784453	0.000280951	0.0	0.0	8.03574e-05	0.0074767900000000005	0.00772227	0.0	0.0	2.01586e-05	0.0	2.02082e-05	0.000384563	0.00040552800000000005	2.03181e-05	0.0	0.0	0.000696387	0.0	0.0	0.0	2.0809e-05	0.000146384	0.0	8.45837e-05	2.1277e-05	8.5688e-05	0.00019419	0.0	0.000153456	0.0156558	0.000200821	0.0	0.0	6.89753e-05	0.00762423	0.00662992	0.0	0.0	2.4379900000000004e-05	0.0052596399999999995	5.00431e-05	0.000152173	2.5713999999999998e-05	0.000208663	0.0233657	0.0	0.0	0.0	0.0	0.0	0.0	0.000323809	0.0	0.00018232	0.0	0.0009729309999999999	0.0	0.0	0.0	3.3509e-05	0.0	3.46235e-05	0.0	0.0	0.0	0.0	0.0	0.0	0.000155102	0.0	0.0	4.0658300000000003e-05	4.12942e-05	0.000293612	0.00817883	0.0	0.0	0.0	0.0	4.59619e-05	0.0	0.0	0.0	0.000146283	0.0	0.0	0.000203716	0.0	0.0	0.0	0.0	0.0	0.0	0.0	0.012661	0.00011565	0.0	0.0	0.00639359	0.016576399999999998	0.0	0.0	0.014993999999999999	0.000129408	0.0166658	0.0	6.755840000000001e-05	0.00068526	6.9483e-05	0.0	0.0	0.000507939	0.0	0.000149384	0.0
Sor-ACeb_006-Ex1-1F-lcwgs-1-3-L2-clmp.r1r2_fastp	0.0	0.013726299999999999	0.000160872	1.73916e-05	5.217470000000001e-05	0.000134785	0.0	0.0	4.3478900000000005e-06	0.0	0.0	0.0	0.0	0.0	8.695780000000001e-06	0.00015652399999999998	0.0	0.0	2.60873e-05	7.39141e-05	0.0	0.0	4.3478900000000005e-06	0.00021739399999999999	0.0	4.3478900000000005e-06	0.000530442	0.000339135	0.0007956640000000001	8.695780000000001e-06	8.69578e-05	0.00109567	3.04352e-05	0.00022615899999999997	0.0	4.35257e-06	1.3064200000000001e-05	6.53586e-05	0.0	0.0	0.0	0.0	6.12932e-05	0.0	7.02899e-05	0.0	4.41415e-06	0.000575567	0.0	0.0	0.0	0.0	4.52855e-06	4.55721e-06	1.37673e-05	0.000619659	0.000359052	0.0	4.75215e-06	4.803249999999999e-06	4.85875e-06	1.4756799999999999e-05	6.97821e-05	0.000374063	0.00016932900000000002	0.0	0.0	0.0	0.0	0.0	0.0	8.75147e-05	5.96189e-06	1.2193e-05	0.000686192	0.0	0.0	0.0	0.0	0.0	0.0	0.0	0.0	0.0	0.000357445	5.0208500000000006e-05	8.62461e-06	0.0	0.000165199	9.47607e-06	6.85251e-05	6.0702900000000005e-05	8.3697e-05	0.000216475	0.0	0.0	0.0	0.0	0.000879082	0.0	0.0	2.8900800000000003e-05	0.0	0.0	0.0	0.0	0.0	0.0	0.0	0.0	4.10434e-05	0.00010680899999999999	0.00037805200000000003	0.0	0.0	0.0	0.0	0.00016341200000000001	0.0014467800000000002	5.9094399999999994e-05	0.0	0.0	0.0	0.0	0.0	0.0	0.0	8.19602e-05	0.0	0.0	0.0	0.0	0.000100252	0.00010434000000000001	0.0	5.64447e-05	5.8708099999999994e-05	0.0	0.0	0.0	0.0	0.0	0.0	7.6918e-05	0.000239574	0.000497533	0.0	0.00026693699999999997	0.0	0.0
Sor-ACeb_006-Ex1-1F-lcwgs-1-3-L3-clmp.r1r2_fastp	0.0	0.0102353	0.000401884	0.000310315	1.52614e-05	0.0023756899999999997	5.08714e-06	0.000183137	0.00918737	0.000208573	2.5435699999999998e-05	0.0	0.0	4.06971e-05	0.0	0.0	0.0	1.01743e-05	0.0	0.0	0.0	0.0	0.0	0.0	0.0	2.5435699999999998e-05	6.61328e-05	5.08714e-06	3.05228e-05	9.15685e-05	0.0019839799999999998	0.0	1.52614e-05	6.10613e-05	0.00154736	0.000224044	5.09412e-06	5.096640000000001e-06	3.56972e-05	0.00146459	0.0016036699999999997	0.0	1.53544e-05	2.05014e-05	5.13398e-06	1.02883e-05	0.000360949	0.000211998	2.07487e-05	0.0	1.04563e-05	0.000236383	0.0	0.0	0.0	6.463609999999999e-05	7.60091e-05	0.0	6.63306e-05	2.23351e-05	7.33864e-05	0.000251326	5.7847e-06	5.2770400000000006e-05	0.00389626	6.64384e-05	0.0	1.87301e-05	3.17788e-05	0.00181957	0.0021194200000000003	0.0	0.0	4.21885e-05	0.0015962499999999998	1.4716e-05	9.79474e-05	1.54397e-05	7.91498e-05	0.0060655100000000005	0.0	0.0	1.7595599999999998e-05	0.0	0.0	0.0	0.000138181	1.01727e-05	0.000209798	2.16478e-05	0.00032410399999999997	0.0	0.0	0.0	1.27639e-05	0.0	6.84039e-05	0.0	0.0	0.0	0.0	0.0	0.0	3.53282e-05	0.0	1.90603e-05	1.98073e-05	2.05882e-05	0.000192645	0.00195896	0.0	0.0	0.00012530699999999998	2.60774e-05	8.14235e-05	0.0	0.0	0.0	0.00022298600000000002	0.0	0.0	7.18708e-05	0.0	0.0	0.0	4.22467e-05	0.0	0.0	0.0	0.00555473	0.000103237	0.0	5.585890000000001e-05	0.00284702	0.00694962	0.0	0.0	0.0070559	7.05115e-05	0.00923088	7.61168e-05	7.913230000000001e-05	0.000328589	0.0	8.84778e-05	0.0	0.00019023800000000002	9.84707e-05	0.000101965	0.0
Sor-ACeb_007-Ex1-2F-lcwgs-1-3-L2-clmp.r1r2_fastp	0.0	0.011450700000000001	0.0	0.0	8.741019999999999e-05	0.0	0.0	0.0	0.0	0.0	0.0	0.0	0.0	0.0	8.741019999999999e-05	0.00026223100000000003	0.0	0.0	8.741019999999999e-05	0.00017482	0.0	0.0	0.0	8.741019999999999e-05	0.0	0.0	8.741019999999999e-05	0.00026223100000000003	0.0005244609999999999	0.0	8.741019999999999e-05	0.00026223100000000003	0.0	0.000174905	0.0	0.0	0.0	0.0	0.0	0.0	0.0	0.0	0.0	0.0	0.0	0.0	0.0	0.000539263	0.0	0.0	0.0	0.0	0.0	0.0	0.0	0.000285811	9.62735e-05	0.0	0.0	0.0	0.00010135	0.0	0.00020910099999999998	0.0007443360000000001	0.00032481299999999997	0.0	0.0	0.0	0.0	0.0	0.0	0.000125883	0.0	0.0	0.000679988	0.0	0.0	0.0	0.0	0.0	0.0	0.0	0.0	0.0	0.00018341	0.00018957999999999998	0.0	0.0	0.0	0.0	0.000225952	0.0	0.000243129	0.0005050289999999999	0.0	0.0	0.0	0.0	0.000614929	0.0	0.0	0.0	0.0	0.0	0.0	0.0	0.0	0.0	0.0	0.0	0.0	0.0	0.0	0.0	0.0	0.0	0.0	0.0	0.0014687399999999998	0.0	0.0	0.0	0.0	0.0	0.0	0.0	0.0	0.0	0.0	0.0	0.0	0.0	0.0	0.0	0.0	0.0	0.0	0.0	0.0	0.0	0.0	0.0	0.0	0.0	0.0	0.0	0.0	0.0	0.0	0.0
Sor-ACeb_007-Ex1-2F-lcwgs-1-3-L3-clmp.r1r2_fastp	0.0	0.00744072	0.00032351	0.000215673	0.0	0.00258808	0.0	0.00010783699999999999	0.00733289	0.000215673	0.0	0.0	0.0	0.00010783699999999999	0.0	0.0	0.0	0.0	0.0	0.0	0.0	0.0	0.0	0.0	0.0	0.0	0.000215673	0.0	0.0	0.0	0.00129404	0.0	0.0	0.0	0.0008634550000000001	0.000215994	0.0	0.0	0.0	0.0008671929999999999	0.00108549	0.0	0.0	0.0	0.0	0.0	0.000440807	0.00022129999999999999	0.0	0.0	0.0	0.00022624499999999997	0.0	0.0	0.0	0.0	0.0	0.0	0.0	0.0	0.000124148	0.000125995	0.0	0.000130071	0.00225037	0.0	0.0	0.0	0.0	0.00102403	0.00194574	0.0	0.0	0.0	0.00082551	0.0	0.0	0.0	0.0	0.00568628	0.0	0.0	0.0	0.0	0.0	0.0	0.000235723	0.0	0.0	0.0	0.0	0.0	0.0	0.0	0.0	0.0	0.000338595	0.0	0.0	0.0	0.0	0.0	0.0	0.0	0.0	0.0	0.0	0.0	0.0	0.00174285	0.0	0.0	0.0	0.0	0.000723348	0.0	0.0	0.0	0.0	0.0	0.0	0.0	0.0	0.0	0.0	0.0	0.0	0.0	0.0	0.0041988	0.0	0.0	0.0	0.0016605200000000002	0.005213580000000001	0.0	0.0	0.013822500000000001	0.0	0.0	0.0	0.0	0.0	0.0	0.0	0.0	0.0	0.0	0.0	0.0
Sor-ACeb_008-Ex1-3F-lcwgs-1-3-L2-clmp.r1r2_fastp	0.0	0.00963165	0.00016486299999999998	7.32723e-06	5.4954300000000003e-05	0.00013188999999999999	0.0	3.66362e-06	0.0	0.0	0.0	0.0	0.0	0.0	2.19817e-05	0.00016486299999999998	0.0	0.0	2.5645299999999997e-05	5.861790000000001e-05	0.0	0.0	0.0	0.000205163	3.66362e-06	0.0	0.00055687	0.00029675299999999997	0.00051657	3.2972600000000003e-05	7.6936e-05	0.000963531	1.83181e-05	0.000132077	0.0	7.3657e-06	1.10767e-05	6.66538e-05	0.0	0.0	0.0	0.0	6.428880000000001e-05	0.0	4.9762199999999996e-05	0.0	7.76757e-06	0.000512959	0.0	0.0	4.0292e-06	0.0	4.12168e-06	0.0	0.0	0.000480348	0.000221975	0.0	4.49387e-06	0.0	2.79305e-05	3.3206799999999995e-05	8.22588e-05	0.00035070800000000003	0.000181679	0.0	0.0	0.0	0.0	0.0	0.0	3.59716e-05	6.16258e-06	1.2677699999999999e-05	0.000554616	0.0	0.0	0.0	0.0	0.0	0.0	0.0	0.0	8.691910000000001e-06	0.000243026	1.8656e-05	0.0	0.0	0.000145914	0.0	3.3775999999999996e-05	2.3426899999999998e-05	4.87854e-05	0.000152499	0.0	0.0	2.88716e-05	1.5085200000000001e-05	0.000410105	0.0	1.72716e-05	7.23545e-05	0.0	0.0	0.0	0.0	0.0	0.0	0.0	0.0	0.0	8.89633e-05	0.000281082	0.0	0.0	3.65982e-05	0.0	4.0764200000000005e-05	0.00146302	0.0	0.0	0.0	0.0	0.0	0.0	0.0	0.0	7.07136e-05	0.0	0.0	0.0	0.0	0.0	9.886580000000001e-05	0.0	0.0	0.0	0.00012346499999999998	0.0	0.0	0.0	0.0	0.0	0.0	0.0	0.000385267	0.000203097	0.0	0.0	0.0
Sor-ACeb_008-Ex1-3F-lcwgs-1-3-L3-clmp.r1r2_fastp	0.0	0.006915200000000001	0.00019592299999999997	0.000173659	4.4528e-06	0.0016030100000000002	0.0	0.00014249	0.006127049999999999	0.000146942	2.2264e-05	0.0	0.0	3.56224e-05	0.0	0.0	0.0	3.56224e-05	0.0	0.0	0.0	0.0	0.0	0.0	0.0	2.6716799999999998e-05	8.01504e-05	1.78112e-05	4.4528e-06	8.9056e-05	0.0015184	4.4528e-06	4.00752e-05	6.687739999999999e-05	0.0009288400000000001	0.000196859	0.0	4.49627e-06	2.70592e-05	0.0010136799999999999	0.00104029	0.0	3.20911e-05	9.21782e-06	0.0	1.86658e-05	0.000422989	0.00029364399999999997	1.9103299999999997e-05	4.81905e-06	4.86567e-06	0.00030482100000000004	0.0	0.0	0.0	1.03287e-05	8.38094e-05	5.31689e-06	2.70063e-05	5.4911799999999995e-06	7.82264e-05	0.00019917400000000001	5.80049e-06	9.46801e-05	0.00267082	4.32261e-05	0.0	1.93917e-05	1.9863e-05	0.00124887	0.00145524	0.0	7.3427399999999994e-06	2.2645299999999998e-05	0.000993899	7.99251e-06	3.29297e-05	8.48349e-06	0.000104968	0.00377217	0.0	0.0	9.94598e-06	1.02851e-05	0.0	0.0	0.000102785	0.0	0.000135178	1.27604e-05	0.000265189	0.0	0.0	0.0	1.55684e-05	0.0	0.00010165200000000001	1.7691099999999997e-05	0.0	0.0	0.0	0.0	0.0	4.64597e-05	0.0	2.55576e-05	0.0	0.0	0.00011846	0.00118321	0.0	3.44625e-05	0.00018142699999999998	0.0	4.02672e-05	0.0	0.0	0.0	0.000199189	0.0	0.0	0.000117155	0.0	0.0	0.0	7.29148e-05	0.0	0.0	0.0	0.0024562	0.000192404	0.0	0.0	0.0011355999999999998	0.00288046	0.0	0.000134015	0.00198252	0.0	0.00553615	0.000167318	0.0	0.000561064	0.0	0.0	0.0	0.000695663	0.0	0.0	0.0
Sor-ACeb_009-Ex1-4F-lcwgs-1-3-L2-clmp.r1r2_fastp	0.0	0.00728109	0.000131586	4.3862e-05	0.000131586	8.7724e-05	0.0	0.0	0.0	0.0	0.0	0.0	0.0	0.0	8.7724e-05	0.000131586	0.0	0.0	0.0	4.3862e-05	0.0	0.0	0.0	8.7724e-05	0.0	0.0	0.000701792	0.000350896	0.000307034	4.3862e-05	0.000131586	0.00122814	0.0	0.000131965	0.0	0.0	0.0	8.96669e-05	0.0	0.0	0.0	0.0	0.0	0.0	4.7903e-05	0.0	0.0	0.000499405	0.0	0.0	0.0	0.0	0.0	0.0	0.0	0.00034657199999999996	0.0	0.0	0.0	0.0	0.0	0.000132893	6.81866e-05	0.000350103	7.19495e-05	0.0	0.0	0.0	0.0	0.0	0.0	0.0	0.0	0.0	0.000587971	0.0	0.0	0.0	0.0	0.0	0.0	0.0	0.0	0.0	0.00042442500000000003	0.0	0.0	0.0	0.0	0.0	0.0	0.00037725700000000004	0.0	0.0	0.0	0.0	0.0	0.0	0.0	0.0	0.0	0.0	0.0	0.0	0.0	0.0	0.0	0.0	0.0	0.0	0.0	0.0	0.0	0.0	0.0	0.0	0.0	0.0	0.000686771	0.0	0.0	0.0	0.0	0.0	0.0	0.0	0.0	0.0	0.0	0.0	0.0	0.0	0.0	0.0	0.0	0.0	0.0	0.0	0.0	0.0	0.0	0.0	0.0	0.0	0.0	0.0	0.0	0.0	0.0	0.0
Sor-ACeb_009-Ex1-4F-lcwgs-1-3-L3-clmp.r1r2_fastp	0.0	0.00590079	0.000115702	5.78509e-05	0.0	0.00115702	0.0	5.78509e-05	0.00422312	0.000289255	0.0	0.0	0.0	5.78509e-05	0.0	0.0	0.0	0.000115702	0.0	0.0	0.0	0.0	0.0	0.0	0.0	0.0	0.00017355299999999998	0.0	5.78509e-05	0.000231404	0.0016776799999999998	0.0	0.000115702	0.00017403	0.0008730919999999999	0.000467576	0.0	0.0	0.000178385	0.000898513	0.0005434950000000001	0.0	0.000123072	0.0	0.0	0.0	0.000387535	0.000262006	0.0	0.0	0.0	0.000139687	0.0	0.0	0.0	0.0	0.0	0.0	0.0	0.0	8.418669999999999e-05	8.624010000000001e-05	0.0	0.0	0.00121095	0.0	0.0	0.0	0.000104274	0.000967047	0.000997127	0.0	0.0	0.0	0.00125895	0.0	0.0	0.0	0.0	0.0037401099999999996	0.0	0.0	0.0	0.0	0.0	0.0	0.0	0.0	0.0	0.0	0.000229225	0.0	0.0	0.0	0.0	0.0	0.0	0.0	0.0	0.0	0.0	0.0	0.0	0.0	0.0	0.0	0.0	0.0	0.0	0.0	0.0	0.0	0.0	0.0	0.0	0.0	0.0	0.0	0.000859202	0.0	0.0	0.0	0.0	0.0	0.0	0.00122648	0.0	0.0	0.0	0.00452714	0.0	0.0	0.0	0.00185436	0.0	0.0	0.0	0.0	0.0	0.00504821	0.0	0.0	0.0	0.0	0.0	0.0	0.0	0.0	0.0	0.0
Sor-ACeb_010-Ex1-5F-lcwgs-1-3-L2-clmp.r1r2_fastp	0.0	0.0171165	0.000293335	8.41105e-06	0.00013773099999999999	0.000178735	0.0	5.2569099999999994e-06	0.0	0.0	0.0	0.0	0.0	1.05138e-06	4.52094e-05	0.00021763600000000003	0.0	0.0	5.25691e-05	0.000185043	0.0	0.0	2.10276e-06	0.00029859200000000003	0.0	6.30829e-06	0.000821129	0.0005877219999999999	0.00120278	2.83873e-05	0.000186095	0.0016790600000000002	3.46956e-05	0.000381892	0.0	8.429759999999999e-06	3.26992e-05	0.000100324	0.0	0.0	0.0	0.0	7.98914e-05	2.13591e-06	8.14035e-05	3.2240499999999997e-06	2.91257e-05	0.0009738659999999999	0.0	0.0	6.60253e-06	0.0	0.0	5.61819e-06	1.92591e-05	0.000990878	0.0005653359999999999	0.0	3.53414e-06	8.34115e-06	4.4625999999999996e-05	5.00883e-05	0.00013373900000000001	0.000601663	0.000248623	0.0	0.0	0.0	0.0	0.0	0.0	0.000108209	1.47225e-06	2.2549199999999997e-05	0.00092154	0.0	0.0	3.2871600000000002e-06	0.0	0.0	0.0	1.8129200000000002e-06	1.86045e-06	1.3371700000000001e-05	0.000629954	7.86732e-05	2.07462e-06	0.0	0.000195637	0.0	0.000151731	7.94411e-05	7.700159999999999e-05	0.000356448	0.0	0.0	0.0	1.75652e-05	0.0010633300000000001	0.0	6.49604e-06	7.06691e-05	1.39532e-05	0.0	7.503689999999999e-06	0.0	0.0	0.0	4.35601e-06	4.52436e-06	1.8802499999999998e-05	0.000175831	0.000746239	0.0	0.0	0.0	1.18634e-05	6.16865e-05	0.00188621	7.340069999999999e-05	0.0	0.0	7.5081999999999995e-06	0.0	0.0	0.0	0.0	5.48223e-05	0.0	0.0	0.0	0.0	0.000121977	0.000138266	7.18147e-05	6.21496e-05	5.16393e-05	1.3405299999999999e-05	0.0	0.0	0.0	0.0	0.0	1.67464e-05	6.94324e-05	0.0006299270000000001	0.00031653299999999997	7.70494e-05	0.0	0.0
Sor-ACeb_010-Ex1-5F-lcwgs-1-3-L3-clmp.r1r2_fastp	0.0	0.0116278	0.000437968	0.00037022899999999997	1.2847100000000001e-05	0.00275978	5.839579999999999e-06	0.000261613	0.0107787	0.00023475099999999998	4.32129e-05	0.0	1.16792e-06	5.95637e-05	0.0	0.0	0.0	2.9197900000000004e-05	0.0	0.0	0.0	0.0	0.0	0.0	0.0	4.20449e-05	8.87616e-05	1.2847100000000001e-05	2.6861999999999998e-05	0.000123799	0.0026535	1.16792e-06	3.5037500000000005e-05	7.127940000000001e-05	0.0020262500000000003	0.000236349	3.51315e-06	1.05496e-05	5.1631999999999996e-05	0.00198444	0.00193198	0.0	1.77121e-05	2.4852000000000002e-05	2.37293e-06	4.2837400000000004e-05	0.00047158	0.000331937	2.64744e-05	1.2090200000000001e-06	1.94453e-05	0.000394813	0.0	0.0	2.49591e-06	4.27766e-05	6.219e-05	0.0	7.505600000000001e-05	2.48525e-05	0.00014817900000000002	0.000227659	6.7825100000000006e-06	0.00011825300000000001	0.00521806	0.000123181	4.3149e-06	2.92414e-05	4.46198e-05	0.00250274	0.00284534	1.5719700000000002e-06	4.8098300000000005e-06	4.74502e-05	0.0015923500000000002	6.82888e-06	0.00014137900000000002	3.21379e-05	0.00013340000000000002	0.00673892	0.0	5.89744e-06	2.21808e-05	4.13904e-06	2.12523e-06	2.18362e-06	0.000134695	1.38549e-05	0.00016162000000000001	3.91642e-05	0.000517032	0.0	0.0	2.76825e-06	2.0011300000000003e-05	8.86095e-06	0.000225916	1.26275e-05	1.3063600000000001e-05	3.38016e-06	0.0	0.0	0.0	6.23163e-05	0.0	2.0952000000000002e-05	4.34813e-06	0.0	0.000182738	0.0035083799999999997	0.0	5.2512e-06	0.000245538	0.0	8.84267e-05	0.0	0.0	0.0	8.95589e-05	0.0	0.0	7.748219999999999e-05	0.0	8.3819e-06	0.0	0.00012694	5.65782e-05	9.80488e-06	4.0782000000000004e-05	0.00600965	0.000176277	1.14496e-05	2.37949e-05	0.00312767	0.008925510000000001	0.0	6.92651e-05	0.00740816	0.00019417099999999998	0.0101861	0.000321891	5.01408e-05	0.00043340100000000003	0.00014375	5.58764e-05	0.0	0.000259739	0.00010333699999999999	6.41568e-05	0.0
Sor-ACeb_011-Ex1-6F-lcwgs-1-3-L2-clmp.r1r2_fastp	0.0	0.0755468	0.000747379	2.6378100000000004e-05	0.00043084199999999997	0.000123098	0.0	2.6378100000000004e-05	8.79269e-06	0.0	0.0	0.0	0.0	8.79269e-06	0.000114305	0.00118701	0.0	0.0	0.000123098	0.000369293	0.0	1.75854e-05	0.0	0.0014859699999999999	0.0	1.75854e-05	0.0017937100000000002	0.0019080100000000001	0.00672641	5.275620000000001e-05	0.000501184	0.00550423	6.15489e-05	0.000791759	1.7604599999999997e-05	0.0	8.81409e-05	0.000185243	0.0	0.0	0.0	0.0	9.756780000000001e-05	0.0	3.55999e-05	0.0	7.15109e-05	0.00294865	0.0	0.0	0.0	0.0	0.0	0.0	6.44873e-05	0.002936	0.00227277	0.0	0.0	1.89861e-05	3.8235700000000004e-05	6.73965e-05	0.00024252199999999998	0.00103629	0.000532198	0.0	0.0	0.0	0.0	0.0	0.0	0.000115441	1.05975e-05	0.00011773	0.0032647600000000002	0.0	0.0	0.0	0.0	0.0	0.0	0.0	0.0	7.13168e-05	0.00205487	0.00012148899999999999	0.0	0.0	0.000326547	0.0	0.000321123	6.495060000000001e-05	0.000144526	0.00035880600000000003	0.0	0.0	1.37513e-05	6.954420000000001e-05	0.004347129999999999	0.0	1.4396900000000001e-05	8.73938e-05	1.47363e-05	0.0	4.52529e-05	0.0	0.0	0.0	0.0	1.59957e-05	3.23718e-05	0.00040952500000000005	0.00248658	0.0	0.0	1.7179899999999998e-05	1.73868e-05	0.000281565	0.00498661	0.000180224	0.0	0.0	0.0	0.0	0.0	0.0	0.0	0.000158763	2.00902e-05	0.0	0.0	2.08479e-05	0.000358742	0.000427224	8.65088e-05	0.00013139100000000002	6.65202e-05	2.24508e-05	0.0	0.0	0.0	0.0	0.0	2.42182e-05	0.000220817	0.00169121	0.000553927	0.000331522	0.0	0.0
Sor-ACeb_011-Ex1-6F-lcwgs-1-3-L3-clmp.r1r2_fastp	0.0	0.0564065	0.00203181	0.00192737	5.69667e-05	0.013653	2.8483300000000002e-05	0.000863994	0.0653787	0.0009969170000000002	0.000132922	0.0	9.49444e-06	6.64611e-05	0.0	0.0	0.0	0.0	0.0	0.0	0.0	0.0	0.0	0.0	0.0	0.000379778	9.49444e-05	9.49444e-06	0.000189889	0.000265844	0.017042500000000002	0.0	1.8988899999999997e-05	0.00010447900000000001	0.0146714	0.000532376	9.51181e-06	9.51709e-06	0.0001238	0.014552099999999998	0.014020499999999998	0.0	0.0	0.0	0.0	9.59809e-06	0.0008654390000000001	0.00079985	4.83012e-05	9.686469999999999e-06	2.91486e-05	0.00199856	0.0	0.0	9.86804e-06	4.95724e-05	0.00039860100000000006	0.0	0.00023175900000000003	7.09672e-05	0.00011223400000000001	0.00038004	2.0687800000000002e-05	0.00031259	0.0346781	0.00046556699999999996	3.20033e-05	2.1515900000000002e-05	0.000119362	0.014439800000000001	0.0129352	0.0	2.25074e-05	4.5445e-05	0.0104846	2.31691e-05	0.000549902	7.09145e-05	0.000274625	0.0397106	0.0	1.23159e-05	2.4890099999999997e-05	1.25777e-05	0.0	0.0	0.000883225	0.0	0.000265464	6.709709999999999e-05	0.0019402900000000001	0.0	0.0	0.0	0.0	2.8686999999999998e-05	0.000580197	2.9334800000000002e-05	2.96646e-05	1.50021e-05	0.0	0.0	0.0	0.000219789	0.0	3.21274e-05	1.62478e-05	1.64355e-05	0.000665039	0.0155909	1.7014499999999998e-05	1.7215299999999998e-05	0.00020900299999999998	1.76201e-05	0.00037433	0.0	0.0	0.0	0.000186817	0.0	0.0	5.80606e-05	0.0	0.0	0.0	8.118550000000001e-05	0.0	6.23697e-05	0.00010522099999999999	0.020366500000000003	6.46962e-05	0.0	0.000110494	0.00921577	0.031748	0.0	0.00011604200000000001	0.0194786	0.000261698	0.026761899999999998	0.00021955	0.000123574	0.0011511800000000001	0.00022801699999999998	0.00012833499999999998	0.0	0.0008690060000000001	5.3334799999999996e-05	2.70327e-05	0.0
Sor-ACeb_012-Ex1-7F-lcwgs-1-3-L2-clmp.r1r2_fastp	0.0	0.014362399999999999	0.000168764	8.72918e-06	6.98335e-05	0.000133847	0.0	5.81946e-06	0.0	0.0	0.0	0.0	2.90973e-06	0.0	3.4916700000000004e-05	0.000151306	0.0	0.0	2.32778e-05	0.000119299	0.0	0.0	0.0	0.00016294499999999998	2.90973e-06	2.90973e-06	0.000544119	0.000357896	0.000785626	2.32778e-05	0.00013093799999999999	0.00108533	2.61875e-05	0.0002329	5.8261e-06	8.745369999999999e-06	1.16706e-05	4.96487e-05	0.0	0.0	0.0	0.0	5.8819699999999995e-05	2.9468099999999997e-06	2.9533399999999997e-05	2.96066e-06	2.96888e-06	0.0005300939999999999	0.0	0.0	6.0244400000000005e-06	0.0	0.0	6.117409999999999e-06	3.07738e-06	0.0005731	0.000358817	0.0	3.17082e-06	6.39906e-06	1.61532e-05	3.5907699999999995e-05	8.25223e-05	0.00035742	0.00013531899999999998	0.0	0.0	0.0	0.0	0.0	0.0	6.0484300000000006e-05	0.0	3.53754e-05	0.000509611	0.0	0.0	4.28767e-06	0.0	0.0	0.0	0.0	0.0	0.0	0.000425487	3.16384e-05	0.0	0.0	0.00011523599999999999	0.0	9.19886e-05	7.59863e-05	5.88821e-05	0.000182655	0.0	0.0	7.50397e-06	0.0	0.000580252	0.0	0.0	7.19965e-05	0.0	0.0	1.00889e-05	0.0	0.0	0.0	0.0	0.0	1.2797900000000002e-05	0.00011994300000000001	0.00047189599999999997	0.0	0.0	0.0	1.6373800000000002e-05	3.41518e-05	0.00105056	0.0	0.0	0.0	0.0	0.0	0.0	0.0	0.0	5.2165100000000006e-05	0.0	0.0	0.0	0.0	0.000161305	0.000168333	7.02422e-05	0.0	3.82125e-05	0.0	0.0	0.0	0.0	0.0	0.0	0.0	0.0	0.000780787	5.8017e-05	0.000120719	0.0	0.0
Sor-ACeb_012-Ex1-7F-lcwgs-1-3-L3-clmp.r1r2_fastp	0.0	0.0106831	0.00030816599999999996	0.00028762199999999996	3.42407e-06	0.00242766	3.42407e-06	0.000160931	0.00938195	0.000167779	3.08166e-05	0.0	0.0	4.10888e-05	0.0	0.0	0.0	2.3968500000000003e-05	0.0	0.0	0.0	0.0	0.0	0.0	0.0	3.42407e-05	5.47851e-05	1.02722e-05	2.3968500000000003e-05	0.00010957	0.00196884	3.42407e-06	2.05444e-05	6.50868e-05	0.00151839	0.000222931	0.0	1.0305899999999999e-05	2.06317e-05	0.00152152	0.00141654	0.0	2.07416e-05	1.0389400000000001e-05	0.0	3.13021e-05	0.000345204	0.000241272	1.4030999999999998e-05	0.0	1.0602000000000001e-05	0.000269749	0.0	0.0	0.0	3.2657199999999996e-05	5.1147000000000003e-05	0.0	3.70997e-05	1.4968600000000001e-05	6.0433099999999996e-05	0.000156408	3.85584e-06	6.63021e-05	0.0033796	7.99938e-05	4.05537e-06	1.23448e-05	2.92519e-05	0.00149069	0.00188777	0.0	1.3439800000000001e-05	3.19729e-05	0.00116049	9.51745e-06	9.23949e-05	1.49164e-05	6.61402e-05	0.00495388	0.0	5.47173e-06	5.6139100000000004e-06	1.1527e-05	0.0	0.0	8.13996e-05	1.28904e-05	7.96663e-05	2.7373499999999998e-05	0.000345828	0.0	0.0	0.0	2.4110400000000002e-05	0.0	0.000180689	8.90952e-06	9.22974e-06	9.56518e-06	0.0	0.0	0.0	3.32491e-05	0.0	1.1959600000000002e-05	0.0	2.58444e-05	0.00010751	0.00222254	0.0	0.0	0.00014181100000000001	0.0	5.1254999999999996e-05	0.0	0.0	0.0	8.05344e-05	0.0	0.0	2.2805699999999997e-05	2.3778000000000002e-05	0.0	0.0	0.000107876	2.8123500000000003e-05	0.0	9.17906e-05	0.00446603	3.32646e-05	0.0	3.61671e-05	0.00199897	0.00511359	0.0	0.0	0.00450227	0.000185909	0.007367060000000001	0.0	0.0	0.000384928	5.7263000000000004e-05	0.000119269	0.0	0.00019384899999999998	0.0	0.00013977599999999998	0.0
Sor-ACeb_013-Ex1-8F-lcwgs-1-3-L2-clmp.r1r2_fastp	0.0	0.059668399999999996	0.000673558	1.46426e-05	0.000319208	0.00031627900000000004	0.0	2.04996e-05	0.0	0.0	0.0	0.0	0.0	0.0	0.000190353	0.00113626	0.0	0.0	0.00012006899999999999	0.0005300610000000001	0.0	2.92851e-06	2.92851e-06	0.0012124	8.785530000000001e-06	5.8570200000000004e-05	0.00216124	0.00201189	0.00552903	4.39277e-05	0.000559346	0.00563446	6.14987e-05	0.000747248	0.0	1.76089e-05	5.2875400000000005e-05	0.000226422	0.0	0.0	0.0	0.0	0.00018664499999999999	0.0	0.00010418999999999999	5.971310000000001e-06	7.788619999999999e-05	0.00341293	0.0	0.0	9.15008e-06	0.0	3.08737e-06	9.326350000000001e-06	8.14324e-05	0.0037160099999999996	0.00222886	3.21309e-06	3.2440599999999997e-06	6.55387e-06	4.3053900000000005e-05	6.02806e-05	0.000257478	0.0011418300000000001	0.000795142	0.0	0.0	0.0	0.0	3.72274e-06	3.77995e-06	0.00020732400000000002	3.90158e-06	8.32887e-05	0.00397262	0.0	0.0	4.24965e-06	0.0	0.0	0.0	0.0	9.32342e-06	6.65325e-05	0.0028103	0.000163034	5.03849e-06	1.02779e-05	0.000576631	5.3482e-06	0.000409279	0.000122502	0.00012499699999999998	0.000597181	0.0	0.0	6.1587200000000006e-06	0.000175938	0.00525021	0.0	6.66981e-06	0.000108837	1.38747e-05	0.0	2.88519e-05	0.0	0.0	0.0	7.780779999999999e-06	2.37785e-05	4.8437600000000005e-05	0.000443969	0.00336507	0.0	0.0	8.82451e-06	8.97859e-06	0.000392715	0.007365450000000001	0.000302189	0.0	0.0	0.0	0.0	0.0	0.0	0.0	0.00033213	2.17499e-05	0.0	0.0	2.27238e-05	0.00042648899999999995	0.00038583799999999995	0.000118579	9.620160000000001e-05	0.00013412500000000002	0.0	0.0	0.0	0.0	0.0	0.0	0.000147401	0.000285136	0.0021611300000000003	0.00118447	0.000395149	0.0	0.0
Sor-ACeb_013-Ex1-8F-lcwgs-1-3-L3-clmp.r1r2_fastp	0.0	0.045055200000000004	0.0016740099999999999	0.0013410800000000001	3.11154e-05	0.010787699999999999	6.223090000000001e-06	0.000790332	0.0495638	0.000980136	0.000143131	0.0	0.0	0.00010890399999999999	0.0	0.0	0.0	4.04501e-05	0.0	0.0	0.0	0.0	0.0	0.0	0.0	0.000273816	0.00019291599999999998	3.73385e-05	0.000196027	0.000385831	0.0145465	1.55577e-05	5.6007799999999996e-05	0.000158765	0.0124995	0.000657617	0.0	9.36386e-06	0.000103093	0.0128216	0.0120067	0.0	2.19799e-05	2.83119e-05	0.0	5.3726e-05	0.0011155899999999999	0.000728122	0.000127653	0.0	4.50738e-05	0.00183818	3.2548e-06	3.27521e-06	6.59521e-06	9.30157e-05	0.000378361	1.01304e-05	0.000214666	5.16022e-05	0.000194606	0.000572522	3.19666e-05	0.000337795	0.0345686	0.0005305090000000001	1.49326e-05	5.29855e-05	9.59726e-05	0.014978300000000002	0.0147512	4.0162e-06	1.63233e-05	0.000120284	0.0102309	4.2894e-05	0.000628457	3.10922e-05	0.00042507	0.0443005	0.0	9.55821e-06	5.35736e-05	2.9786300000000003e-05	0.0	5.15994e-06	0.0007840310000000001	1.07329e-05	0.000350331	9.492929999999999e-05	0.00233592	0.0	0.0	6.0521899999999996e-06	6.175319999999999e-05	1.26006e-05	0.000964229	1.96743e-05	2.67606e-05	0.0	0.0	0.0	7.23736e-06	0.00040583099999999994	1.5045800000000001e-05	7.66759e-05	3.12549e-05	3.98076e-05	0.0008353099999999999	0.0238624	0.0	1.7127900000000002e-05	0.00032254	2.6614599999999998e-05	0.000695072	0.0	0.0	9.50017e-06	0.000318763	0.0	0.0	0.000162219	2.06003e-05	2.0925800000000002e-05	0.0	0.00011869	2.19113e-05	5.560769999999999e-05	6.77189e-05	0.0317357	0.000290484	2.3572500000000002e-05	8.36889e-05	0.0124046	0.0512477	1.24671e-05	0.000176933	0.0304894	0.00035060099999999997	0.040482000000000004	0.000306765	0.00028392799999999997	0.00146562	5.54831e-05	0.00022483300000000002	0.0	0.00123975	0.000102143	0.000251417	0.0
Sor-ACeb_014-Ex1-9F-lcwgs-1-3-L2-clmp.r1r2_fastp	0.0	0.0290034	0.00035892599999999997	1.465e-05	0.000245388	0.000250882	0.0	5.49377e-06	1.8312600000000001e-06	0.0	0.0	0.0	0.0	0.0	7.1419e-05	0.00045598300000000003	0.0	0.0	4.94439e-05	0.000280182	0.0	0.0	5.49377e-06	0.000565858	5.49377e-06	2.0143800000000002e-05	0.00121412	0.00096324	0.00242641	4.57814e-05	0.000278351	0.00272491	4.57814e-05	0.000516823	5.50319e-06	5.5091e-06	3.86129e-05	0.00016756600000000001	0.0	0.0	0.0	1.85608e-06	9.49194e-05	3.73395e-06	0.00011803900000000001	1.8811700000000001e-06	3.96821e-05	0.00154779	0.0	0.0	5.80324e-06	1.9487e-06	1.96435e-06	7.925870000000001e-06	2.20002e-05	0.0016382799999999998	0.00108211	2.06486e-06	1.25377e-05	6.348339999999999e-06	4.0741599999999996e-05	6.30528e-05	0.000196352	0.0007683099999999999	0.000473369	0.0	0.0	0.0	0.0	0.0	0.0	0.000142186	5.27727e-06	5.1196900000000004e-05	0.0016932100000000001	0.0	0.0	8.83477e-06	0.0	0.0	0.0	0.0	3.3240300000000003e-06	2.7277399999999997e-05	0.0011932	0.000111349	0.0	7.57833e-06	0.000319316	8.00656e-06	0.000259369	6.35194e-05	0.000122004	0.00040810200000000003	0.0	0.0	9.79508e-06	3.0271100000000002e-05	0.0021366199999999997	1.07148e-05	2.7610899999999997e-05	0.000108161	0.0	0.0	3.12066e-05	0.0	0.0	0.0	0.0	2.1857500000000002e-05	5.26124e-05	0.00030237099999999995	0.0017275300000000001	0.0	0.0	0.0	9.05376e-06	0.000224076	0.0037064100000000003	0.000109198	0.0	0.0	0.0	0.0	0.0	0.0	0.0	0.000252219	1.29834e-05	0.0	2.7495800000000002e-05	1.4144200000000001e-05	0.00023277600000000002	0.000164591	0.00010771	0.000126532	0.00016257699999999999	1.6707300000000002e-05	0.0	0.0	1.81149e-05	0.0	1.9103799999999998e-05	9.794179999999999e-05	8.03539e-05	0.00140101	0.000801715	0.000345652	0.0	0.0
Sor-ACeb_014-Ex1-9F-lcwgs-1-3-L3-clmp.r1r2_fastp	0.0	0.019361	0.000701642	0.000605338	1.3757699999999999e-05	0.004542	1.96538e-06	0.000418627	0.0195615	0.000465796	5.1099999999999995e-05	1.96538e-06	5.89615e-06	9.43384e-05	0.0	0.0	0.0	4.1273099999999996e-05	0.0	0.0	0.0	0.0	0.0	0.0	0.0	9.630379999999999e-05	0.00013954199999999999	2.5549999999999998e-05	7.468459999999999e-05	0.000210296	0.00528295	7.86154e-06	3.9307699999999996e-05	0.00010423	0.00416245	0.00048456099999999994	3.94356e-06	1.97406e-05	8.6973e-05	0.00407409	0.00398994	0.0	2.78826e-05	3.19497e-05	8.0117e-06	2.6128099999999998e-05	0.000774784	0.00052486	6.10908e-05	2.04743e-06	2.4716e-05	0.0007090540000000001	0.0	0.0	2.12256e-06	6.211799999999999e-05	0.000131949	2.18577e-06	0.00011492699999999999	2.23634e-05	0.00016302799999999998	0.00040607400000000003	1.1631e-05	0.000148696	0.011126899999999999	0.00022642599999999998	2.4751399999999998e-05	3.02151e-05	7.94546e-05	0.0048841200000000005	0.005397809999999999	2.71275e-06	1.66068e-05	7.063660000000001e-05	0.00357558	2.06423e-05	0.00026832099999999997	3.7005099999999996e-05	0.00019881500000000003	0.0146533	0.0	2.03478e-05	4.17169e-05	1.06956e-05	3.65794e-06	0.0	0.000289102	1.58368e-05	0.000280702	5.0180100000000004e-05	0.0011136499999999999	0.0	0.0	4.68226e-06	7.23031e-05	0.0	0.000414087	5.2658600000000004e-06	5.42586e-06	5.591579999999999e-06	0.0	0.0	0.0	0.00018314900000000002	6.51259e-06	3.35801e-05	6.92738e-06	2.14342e-05	0.00042741899999999995	0.00861869	0.0	1.61747e-05	0.000325313	3.44163e-05	0.00018636	0.0	0.0	0.0	0.000150569	0.0	0.0	0.000131967	3.40064e-05	0.0	1.2032599999999999e-05	0.000185943	2.5529899999999998e-05	6.57229e-05	0.000162401	0.0148759	0.000243623	0.0	7.582369999999999e-05	0.0065345	0.024328500000000003	1.64837e-05	0.000152476	0.0159985	0.000357651	0.0216397	0.000358518	9.695609999999999e-05	0.0008157449999999999	0.00010199200000000001	8.36647e-05	0.0	0.000592862	0.0	0.000184267	0.0
Sor-ACeb_015-Ex1-10F-lcwgs-1-3-L2-clmp.r1r2_fastp	0.0	0.012527600000000002	9.40353e-05	0.0	3.13451e-05	0.000114932	0.0	2.08967e-05	0.0	0.0	0.0	0.0	0.0	0.0	4.17935e-05	0.00012538	0.0	0.0	2.08967e-05	0.000104484	0.0	0.0	0.0	0.000156726	0.0	1.04484e-05	0.00039703799999999995	0.00019851899999999997	0.000595557	0.0	0.000114932	0.000814973	1.04484e-05	0.00015677400000000001	0.0	0.0	4.18596e-05	4.18844e-05	0.0	0.0	0.0	0.0	5.26155e-05	0.0	5.2803099999999996e-05	0.0	1.06132e-05	0.00035131100000000004	0.0	0.0	0.0	0.0	0.0	0.0	0.0	0.000367154	0.000246832	0.0	0.0	0.0	1.16918e-05	3.5517000000000006e-05	3.5993e-05	0.000352925	0.000111207	0.0	0.0	0.0	0.0	0.0	0.0	8.45324e-05	0.0	0.0	0.000543545	0.0	0.0	0.0	0.0	0.0	0.0	0.0	0.0	0.0	0.000378336	2.0545700000000002e-05	0.0	0.0	0.00011330500000000001	2.3445499999999998e-05	7.27999e-05	2.5132299999999997e-05	5.208800000000001e-05	0.00010800100000000001	0.0	0.0	0.0	0.0	0.0004892119999999999	0.0	3.5281500000000004e-05	3.67094e-05	0.0	0.0	0.0	0.0	0.0	0.0	0.0	5.10494e-05	0.0	0.000222278	0.000406063	0.0	0.0	0.0	0.0	0.0	0.000676231	7.845729999999999e-05	0.0	0.0	0.0	0.0	0.0	0.0	0.0	0.0	0.0	0.0	0.0	0.0	0.0	0.0	0.0	0.0	0.0	0.0	0.0	0.0	0.0	0.0	0.0	0.0	0.0	0.0	0.000246202	0.0	0.0	0.0
Sor-ACeb_015-Ex1-10F-lcwgs-1-3-L3-clmp.r1r2_fastp	0.0	0.00895391	0.000273212	0.00021111899999999998	3.72562e-05	0.00202425	1.24187e-05	0.000235956	0.00787348	0.000173862	2.4837500000000004e-05	0.0	0.0	3.72562e-05	0.0	0.0	0.0	2.4837500000000004e-05	0.0	0.0	0.0	0.0	0.0	0.0	0.0	6.20937e-05	4.967500000000001e-05	1.24187e-05	1.24187e-05	8.69312e-05	0.00171379	0.0	1.24187e-05	4.96879e-05	0.0011929	0.000211321	0.0	1.24423e-05	4.9799299999999996e-05	0.0011835600000000002	0.00135915	0.0	1.2498e-05	3.755e-05	0.0	3.76961e-05	0.000251932	0.000227391	5.06971e-05	0.0	2.5552e-05	0.000256756	0.0	0.0	0.0	0.0	3.98204e-05	0.0	5.4069599999999995e-05	0.0	0.000110471	0.00012576700000000002	0.0	2.86992e-05	0.00295581	7.39387e-05	0.0	1.5291599999999998e-05	0.0	0.0013807300000000002	0.0015217	0.0	1.68867e-05	3.4533700000000004e-05	0.00098962	0.0	7.41927e-05	3.80501e-05	7.81011e-05	0.00535373	0.0	0.0	4.36138e-05	2.24555e-05	0.0	0.0	4.9228500000000005e-05	0.0	0.000157539	2.7139499999999997e-05	0.000280697	0.0	0.0	0.0	3.23093e-05	0.0	0.000104337	0.0	0.0	0.0	0.0	0.0	0.0	9.11386e-05	0.0	9.87438e-05	0.0	0.0	0.00011162	0.0015704599999999999	0.0	0.0	0.00039553099999999996	0.0	0.000143419	0.0	0.0	0.0	0.0	0.0	0.0	0.0	0.0	0.0	0.0	0.0	0.0	0.0	0.0	0.0035274700000000004	0.000141514	0.000147615	0.0	0.0019267600000000002	0.00619492	0.0	0.000181952	0.00663911	0.0	0.0059787899999999995	0.0	0.0	0.0	0.0	0.0	0.0	0.0	0.000284105	0.0	0.0
Sor-ACeb_016-Ex1-11F-lcwgs-1-3-L2-clmp.r1r2_fastp	0.0	0.015867100000000002	0.000142497	2.13746e-05	7.83735e-05	0.000128248	0.0	0.0	0.0	0.0	0.0	0.0	0.0	0.0	1.42497e-05	0.000206621	0.0	0.0	4.27492e-05	9.974810000000001e-05	0.0	0.0	7.12486e-06	0.000170997	7.12486e-06	0.0	0.000463116	0.000327744	0.000897733	3.56243e-05	9.974810000000001e-05	0.000876358	3.56243e-05	0.000263834	7.13767e-06	7.14599e-06	2.86238e-05	6.45048e-05	0.0	0.0	0.0	0.0	6.52208e-05	0.0	3.64674e-05	0.0	1.47001e-05	0.0005019979999999999	0.0	0.0	0.0	0.0	0.0	0.0	0.0	0.000489521	0.000211644	0.0	0.0	0.0	3.26707e-05	2.4796800000000003e-05	6.69642e-05	0.000415717	0.000146283	0.0	0.0	0.0	0.0	0.0	0.0	3.87869e-05	0.0	1.00982e-05	0.000629297	0.0	0.0	0.0	0.0	0.0	0.0	0.0	0.0	0.0	0.00038277699999999994	2.7143199999999998e-05	0.0	0.0	0.000133239	0.0	0.00011009600000000001	8.11228e-05	3.34877e-05	3.45809e-05	0.0	0.0	0.0	3.94884e-05	0.000653803	0.0	0.0	2.26906e-05	0.0	0.0	5.05455e-05	0.0	0.0	0.0	0.0	0.0	3.15396e-05	6.549339999999999e-05	0.00047603099999999997	0.0	0.0	0.0	0.0	8.21815e-05	0.00132294	0.0	0.0	0.0	0.0	0.0	0.0	0.0	0.0	0.0	0.0	0.0	0.0	0.0	7.22571e-05	7.494959999999999e-05	7.77306e-05	8.0589e-05	0.0	0.0	0.0	0.0	0.0	0.0	0.0	0.0	0.0	0.000458559	0.000236964	0.0	0.0	0.0
Sor-ACeb_016-Ex1-11F-lcwgs-1-3-L3-clmp.r1r2_fastp	0.0	0.011666900000000001	0.000282263	0.00035069100000000003	0.0	0.00241207	0.0	0.00029937	0.010700300000000001	0.000153962	1.71069e-05	0.0	0.0	2.56603e-05	0.0	0.0	0.0	8.55344e-06	0.0	0.0	0.0	0.0	0.0	0.0	0.0	5.13206e-05	5.9874099999999997e-05	8.55344e-06	3.42137e-05	0.000111195	0.00242918	0.0	1.71069e-05	7.70366e-05	0.00198759	0.000188677	0.0	0.0	3.4449399999999996e-05	0.0016392199999999998	0.00176346	0.0	8.685409999999999e-06	1.7419700000000002e-05	0.0	1.75337e-05	0.000272789	0.000291572	5.3251099999999996e-05	0.0	0.0	0.00020737999999999998	0.0	0.0	0.0	1.85428e-05	3.73937e-05	0.0	1.9042400000000003e-05	0.0	8.74936e-05	0.00013766699999999998	9.95364e-06	6.04946e-05	0.0040881	9.32994e-05	0.0	1.06908e-05	3.2604799999999997e-05	0.00168064	0.0018122600000000002	0.0	0.0	4.7708400000000006e-05	0.00159495	1.2437e-05	3.81372e-05	0.0	1.33052e-05	0.00683875	0.0	0.0	0.0	0.0	0.0	0.0	4.90058e-05	0.0	0.00010375	1.78067e-05	0.00031186800000000003	0.0	0.0	0.0	0.0	0.0	0.00019948400000000002	2.2907e-05	0.0	0.0	0.0	0.0	0.0	0.0	0.0	0.0	0.0	0.0	3.36511e-05	0.0031403299999999998	0.0	0.0	7.7876e-05	0.0	0.000125778	0.0	0.0	0.0	4.8628600000000004e-05	0.0	0.0	5.43747e-05	0.0	0.0	0.0	6.30887e-05	0.0	0.0	7.0453e-05	0.00577123	0.0	0.0	0.0	0.00506671	0.00901425	0.0	9.395849999999999e-05	0.008174240000000001	0.000100782	0.00991476	0.0	0.0	0.00104246	0.0	0.000123881	0.0	0.000132281	0.000136525	0.0	0.0
Sor-ACeb_017-Ex1-12F-lcwgs-1-3-L2-clmp.r1r2_fastp	0.0	0.0140095	0.000113402	1.74464e-05	0.000104679	0.000122125	0.0	0.0	0.0	0.0	0.0	0.0	0.0	0.0	2.61696e-05	0.000165741	0.0	0.0	2.61696e-05	3.48929e-05	0.0	0.0	0.0	0.00021808	0.0	1.74464e-05	0.00047105400000000005	0.000322759	0.000689134	1.74464e-05	0.000130848	0.000767643	3.48929e-05	0.000183372	0.0	0.0	2.6311399999999997e-05	5.27273e-05	0.0	0.0	0.0	0.0	1.78207e-05	0.0	7.18573e-05	0.0	2.72096e-05	0.000547205	0.0	0.0	0.0	0.0	0.0	0.0	0.0	0.000456858	0.00032419299999999996	0.0	0.0	0.0	0.0	1.04671e-05	4.24969e-05	0.000366935	9.87249e-05	0.0	0.0	0.0	0.0	0.0	0.0	5.022389999999999e-05	0.0	2.62635e-05	0.000564638	0.0	0.0	0.0	0.0	1.52408e-05	0.0	0.0	0.0	0.0	0.000368037	3.6099299999999995e-05	0.0	0.0	9.889379999999999e-05	0.0	6.32212e-05	6.53081e-05	0.0	0.000302464	0.0	0.0	0.0	2.6701099999999997e-05	0.000691358	0.0	0.0	6.15988e-05	0.0	0.0	3.4401400000000006e-05	0.0	0.0	0.0	0.0	0.0	0.0	8.962480000000001e-05	0.00046572299999999997	0.0	0.0	0.0	0.0	0.000225775	0.0012322	0.0	0.0	0.0	0.0	0.0	0.0	0.0	0.0	8.289920000000001e-05	0.0	0.0	0.0	0.0	0.000300198	0.000207684	0.0	0.000111752	0.0	0.0	0.0	0.0	0.0	0.0	0.0	0.0	0.0	0.00048046100000000006	0.00016562	0.0	0.0	0.0
Sor-ACeb_017-Ex1-12F-lcwgs-1-3-L3-clmp.r1r2_fastp	0.0	0.00996544	0.000239868	0.000348899	1.09031e-05	0.00263855	0.0	0.000185353	0.0091368	0.000119934	0.0	0.0	0.0	1.09031e-05	0.0	0.0	0.0	0.0	0.0	0.0	0.0	0.0	0.0	0.0	0.0	2.18062e-05	2.18062e-05	5.4515500000000003e-05	2.18062e-05	7.63217e-05	0.0021152	0.0	0.0	3.27393e-05	0.0011253	0.000240672	0.0	0.0	2.1997e-05	0.00144406	0.00132614	0.0	0.0	1.1157e-05	0.0	4.4999799999999996e-05	0.000327811	0.00026134	2.28551e-05	0.0	2.3150800000000002e-05	0.000221528	0.0	0.0	0.0	2.41449e-05	4.8786600000000005e-05	0.0	1.24727e-05	7.57541e-05	8.952979999999999e-05	0.000103722	0.0	8.011699999999999e-05	0.0038257599999999997	6.89678e-05	2.8071399999999997e-05	0.0	0.0	0.0018859799999999998	0.00204594	0.0	1.5811300000000002e-05	3.23367e-05	0.00132341	0.0	0.00010405499999999999	3.55504e-05	0.00012760900000000002	0.00561154	0.0	1.97231e-05	0.0	0.0	0.0	0.0	9.08969e-05	2.34153e-05	7.24338e-05	2.4906500000000003e-05	0.000539703	0.0	0.0	0.0	2.9275200000000004e-05	0.0	0.000125298	0.0	0.0	0.0	0.0	0.0	0.0	0.0	0.0	0.0	0.0	0.0	9.648799999999999e-05	0.00215306	0.0	0.0	0.000280237	0.0	0.0	0.0	0.0	0.0	7.04392e-05	0.0	0.0	7.89466e-05	8.20189e-05	0.0	0.0	0.0	0.0	0.0	0.0	0.00673607	0.00011098	0.0	0.0	0.0031011199999999997	0.00784837	0.0	0.000138319	0.00573783	0.000297452	0.00693938	0.0	0.0	0.000343831	0.0	0.0	0.0	0.000394961	0.0	0.0	0.0
Sor-ACeb_018-Ex1-1G-lcwgs-1-3-L2-clmp.r1r2_fastp	0.0	0.0191023	0.00019730500000000002	5.19224e-06	0.000129806	0.00011942200000000001	0.0	7.78837e-06	0.0	0.0	0.0	0.0	0.0	0.0	5.1922399999999996e-05	0.00021807399999999999	0.0	0.0	2.8557300000000002e-05	0.00018692100000000002	0.0	0.0	2.59612e-06	0.000275189	2.59612e-06	2.59612e-06	0.000604896	0.00042576399999999997	0.00126691	1.03845e-05	0.00018172900000000002	0.00129546	2.8557300000000002e-05	0.000293463	2.59808e-06	1.2996500000000002e-05	2.34067e-05	7.54684e-05	0.0	0.0	0.0	0.0	6.79775e-05	0.0	4.4582e-05	2.62734e-06	1.31648e-05	0.000728465	0.0	0.0	2.66429e-06	0.0	0.0	5.3993300000000005e-06	1.3570700000000002e-05	0.000775356	0.00047809700000000003	2.7668e-06	5.57552e-06	2.8106599999999998e-06	2.55194e-05	2.57606e-05	8.673969999999999e-05	0.00040039199999999996	0.00024832799999999997	0.0	0.0	0.0	0.0	3.16404e-06	0.0	8.49397e-05	3.3232000000000002e-06	1.35302e-05	0.000771709	0.0	0.0	0.0	0.0	0.0	0.0	0.0	0.0	4.17604e-06	0.000470674	4.8251e-05	0.0	0.0	0.000189688	4.87256e-06	0.00012021900000000001	5.152570000000001e-05	5.30232e-05	0.00022931800000000003	0.0	0.0	5.978650000000001e-06	1.2335900000000002e-05	0.000967527	0.0	0.0	4.9101e-05	2.17522e-05	0.0	0.0	0.0	0.0	0.0	0.0	0.0	2.86671e-05	0.00010893099999999999	0.0006055839999999999	0.0	0.0	0.0	2.3741000000000002e-05	3.6936799999999995e-05	0.00158416	5.30171e-05	0.0	0.0	0.0	0.0	0.0	0.0	1.72073e-05	5.35833e-05	0.0	0.0	0.0	0.0	8.61027e-05	0.00011172499999999999	6.95779e-05	4.8140600000000005e-05	0.0	0.0	0.0	0.0	0.0	0.0	0.0	0.0	3.35982e-05	0.000592464	0.000360697	3.73343e-05	0.0	0.0
Sor-ACeb_018-Ex1-1G-lcwgs-1-3-L3-clmp.r1r2_fastp	0.0	0.0134076	0.000416817	0.000353137	8.68369e-06	0.00329691	0.0	0.000182358	0.0123337	0.000222881	4.05239e-05	0.0	2.89456e-06	3.76293e-05	0.0	0.0	0.0	1.73674e-05	0.0	0.0	0.0	0.0	0.0	0.0	0.0	7.81532e-05	6.6575e-05	2.89456e-06	4.05239e-05	0.000124466	0.0027701	5.789130000000001e-06	2.6051100000000002e-05	6.0803899999999996e-05	0.00228818	0.000188344	0.0	8.70147e-06	7.836e-05	0.00203295	0.00224092	0.0	8.73659e-06	2.3326e-05	0.0	4.0946600000000005e-05	0.000395593	0.000293666	2.35515e-05	0.0	1.4808299999999998e-05	0.000332891	0.0	0.0	0.0	5.14835e-05	6.39751e-05	0.0	7.410489999999999e-05	9.33427e-06	0.000106664	0.000224711	1.59761e-05	8.71516e-05	0.0047837	0.000102332	6.68388e-06	1.3542600000000001e-05	4.80531e-05	0.00222143	0.00255219	0.0	3.65057e-06	3.34217e-05	0.0016292	0.0	0.000137345	1.6007500000000002e-05	0.00014293499999999999	0.00618403	0.0	4.35529e-06	3.5639399999999996e-05	0.0	0.0	9.56824e-06	0.00014714199999999998	1.0062600000000001e-05	0.00012911	1.5911e-05	0.000474153	0.0	0.0	0.0	4.27643e-05	6.2944400000000005e-06	0.000207627	0.0	0.0	0.0	0.0	0.0	0.0	9.738869999999999e-05	0.0	2.60401e-05	8.98138e-06	0.0	0.000163598	0.00294959	0.0	3.20853e-05	0.00016623900000000002	0.0	7.14489e-05	0.0	0.0	0.0	6.88782e-05	0.0	0.0	6.15391e-05	0.0	0.0	0.0	0.000142836	0.0	0.0	1.99714e-05	0.00532757	8.60773e-05	2.2334e-05	0.0	0.00279091	0.0072159	2.59135e-05	8.0687e-05	0.00686455	8.6873e-05	0.00796404	0.00024959	6.48355e-05	0.000470771	0.0	7.22946e-05	0.0	0.000387994	0.00012045700000000002	4.15635e-05	0.0
Sor-ACeb_019-Ex1-3G-lcwgs-1-3-L2-clmp.r1r2_fastp	0.0	0.0142819	0.0	0.0	0.0	0.0	0.0	0.0	0.0	0.0	0.0	0.0	0.0	0.0	0.0	0.0	0.0	0.0	0.0	0.0	0.0	0.0	0.0	0.0	0.0	0.0	0.0	0.0	0.0	0.0	0.0	0.0	0.0	0.00204319	0.0	0.0	0.0	0.0	0.0	0.0	0.0	0.0	0.0	0.0	0.0	0.0	0.0	0.0	0.0	0.0	0.0	0.0	0.0	0.0	0.0	0.0	0.0	0.0	0.0	0.0	0.0	0.0	0.0	0.0	0.0	0.0	0.0	0.0	0.0	0.0	0.0	0.0	0.0	0.0	0.0	0.0	0.0	0.0	0.0	0.0	0.0	0.0	0.0	0.0	0.0	0.0	0.0	0.0	0.0	0.0	0.0	0.0	0.0	0.0	0.0	0.0	0.0	0.0	0.0	0.0	0.0	0.0	0.0	0.0	0.0	0.0	0.0	0.0	0.0	0.0	0.0	0.0	0.0	0.0	0.0	0.0	0.0	0.0	0.0	0.0	0.0	0.0	0.0	0.0	0.0	0.0	0.0	0.0	0.0	0.0	0.0	0.0	0.0	0.0	0.0	0.0	0.0	0.0	0.0	0.0	0.0	0.0	0.0	0.0	0.0	0.0	0.0	0.0	0.0	0.0
Sor-ACeb_019-Ex1-3G-lcwgs-1-3-L3-clmp.r1r2_fastp	0.0	0.006592389999999999	0.0	0.0	0.0	0.0	0.0	0.0	0.0	0.0	0.0	0.0	0.0	0.0	0.0	0.0	0.0	0.0	0.0	0.0	0.0	0.0	0.0	0.0	0.0	0.0	0.0	0.0	0.0	0.0	0.0	0.0	0.0	0.0	0.0	0.0	0.0	0.0	0.0	0.0	0.0	0.0	0.0	0.0	0.0	0.0	0.0	0.0	0.0	0.0	0.0	0.0072881	0.0	0.0	0.0	0.0	0.0	0.0	0.0	0.0	0.0	0.0	0.0	0.0	0.00888573	0.0	0.0	0.0	0.0	0.0	0.0	0.0	0.0	0.0	0.0	0.0	0.0	0.0	0.0	0.0	0.0	0.0	0.0	0.0	0.0	0.0	0.0	0.0	0.0	0.0	0.0	0.0	0.0	0.0	0.0	0.0	0.0	0.0	0.0	0.0	0.0	0.0	0.0	0.0	0.0	0.0	0.0	0.0	0.0	0.0	0.0	0.0	0.0	0.0	0.0	0.0	0.0	0.0	0.0	0.0	0.0	0.0	0.0	0.0	0.0	0.0	0.0	0.0	0.0	0.0	0.0	0.0	0.0	0.0	0.0	0.0	0.0	0.0	0.0	0.0	0.0	0.0	0.0	0.0	0.0	0.0	0.0	0.0	0.0	0.0
Sor-ACeb_020-Ex1-2G-lcwgs-1-3-L2-clmp.r1r2_fastp	0.0	0.030191000000000003	0.000314489	0.0	0.000628978	0.0	0.0	0.0	0.0	0.0	0.0	0.0	0.0	0.0	0.0	0.0	0.0	0.0	0.0	0.000314489	0.0	0.0	0.0	0.000314489	0.0	0.0	0.000314489	0.000628978	0.0015724500000000002	0.0	0.000314489	0.0009434669999999999	0.0	0.0	0.0	0.0	0.0	0.000630551	0.0	0.0	0.0	0.0	0.0	0.0	0.0	0.0	0.0	0.00032123000000000004	0.0	0.0	0.0	0.0	0.0	0.0	0.0	0.00033643999999999997	0.00101792	0.0	0.0	0.0	0.0	0.0	0.0	0.000733735	0.0	0.0	0.0	0.0	0.0	0.0	0.0	0.0	0.0	0.0	0.0	0.0	0.0	0.0	0.0	0.0	0.0	0.0	0.0	0.0	0.0	0.0	0.0	0.0	0.0	0.0	0.0	0.0	0.0	0.000667766	0.0	0.0	0.0	0.0	0.00225963	0.0	0.0	0.0	0.0	0.0	0.0	0.0	0.0	0.0	0.0	0.0	0.0	0.0	0.0	0.0	0.0	0.0	0.0	0.0	0.0	0.0	0.0	0.0	0.0	0.0	0.0	0.0	0.0	0.0	0.0	0.0	0.0	0.0	0.0	0.0	0.0	0.0	0.0	0.0	0.0	0.0	0.0	0.0	0.0	0.0	0.0	0.0	0.0	0.0	0.0	0.0
Sor-ACeb_020-Ex1-2G-lcwgs-1-3-L3-clmp.r1r2_fastp	0.0	0.0187357	0.0	0.0	0.0	0.00558085	0.0	0.000398632	0.0171412	0.0	0.0	0.0	0.0	0.0	0.0	0.0	0.0	0.0	0.0	0.0	0.0	0.0	0.0	0.0	0.0	0.0	0.0	0.0	0.0	0.0	0.00318906	0.0	0.000398632	0.0	0.00119659	0.0	0.0	0.0	0.0	0.00240005	0.00280267	0.0	0.0	0.0	0.0	0.0	0.0008093859999999999	0.000811902	0.0	0.0	0.0	0.000825375	0.0	0.0	0.0	0.0	0.0	0.0	0.0	0.0	0.000442206	0.0	0.0	0.000457787	0.005098920000000001	0.0	0.0	0.0	0.0	0.0034840599999999998	0.0020220999999999998	0.0	0.0	0.0	0.00378575	0.0	0.0	0.0	0.0	0.00355804	0.0	0.0	0.0	0.0	0.0	0.0	0.0	0.0	0.0	0.0	0.0	0.0	0.0	0.0	0.0	0.0	0.000846346	0.0	0.0	0.0	0.0	0.0	0.0	0.0	0.0	0.0	0.0	0.0	0.0	0.00570171	0.0	0.0	0.0	0.0	0.0	0.0	0.0	0.0	0.0	0.0	0.0	0.0	0.0	0.0	0.0	0.0	0.0	0.0	0.0	0.0	0.0	0.0	0.0	0.00206958	0.00424935	0.0	0.0	0.0046080800000000005	0.0	0.00973307	0.0	0.0	0.0	0.0	0.0	0.0	0.0	0.0	0.0	0.0
Sor-ACeb_021-Ex1-4G-lcwgs-1-3-L2-clmp.r1r2_fastp	0.0	0.00835492	0.0	0.0	0.0	0.0	0.0	0.0	0.0	0.0	0.0	0.0	0.0	0.0	0.0	0.0	0.0	0.0	0.0	0.0	0.0	0.0	0.0	0.0	0.0	0.0	0.0	0.0	0.0	0.0	0.0	0.0	0.0	0.0	0.0	0.0	0.0	0.0	0.0	0.0	0.0	0.0	0.0	0.0	0.0	0.0	0.0	0.0	0.0	0.0	0.0	0.0	0.0	0.0	0.0	0.0	0.0	0.0	0.0	0.0	0.0	0.0	0.0	0.0	0.0	0.0	0.0	0.0	0.0	0.0	0.0	0.0	0.0	0.0	0.0	0.0	0.0	0.0	0.0	0.0	0.0	0.0	0.0	0.0	0.0	0.0	0.0	0.0	0.0	0.0	0.0	0.0	0.0	0.0	0.0	0.0	0.0	0.0	0.0	0.0	0.0	0.0	0.0	0.0	0.0	0.0	0.0	0.0	0.0	0.0	0.0	0.0	0.0	0.0	0.0	0.0	0.0	0.0	0.0	0.0	0.0	0.0	0.0	0.0	0.0	0.0	0.0	0.0	0.0	0.0	0.0	0.0	0.0	0.0	0.0	0.0	0.0	0.0	0.0	0.0	0.0	0.0	0.0	0.0	0.0	0.0	0.0	0.0	0.0	0.0
Sor-ACeb_021-Ex1-4G-lcwgs-1-3-L3-clmp.r1r2_fastp	0.0	0.0	0.0	0.0	0.0	0.0	0.0	0.0	0.0	0.0	0.0	0.0	0.0	0.0	0.0	0.0	0.0	0.0	0.0	0.0	0.0	0.0	0.0	0.0	0.0	0.0	0.0	0.0	0.0	0.0	0.0	0.0	0.0	0.0	0.0	0.0	0.0	0.0	0.0	0.0285796	0.0	0.0	0.0	0.0	0.0	0.0	0.0	0.0	0.0	0.0	0.0	0.0	0.0	0.0	0.0	0.0	0.0	0.0	0.0	0.0	0.0	0.0	0.0	0.0	0.037750099999999995	0.0	0.0	0.0	0.0	0.0	0.0433276	0.0	0.0	0.0	0.0	0.0	0.0	0.0	0.0	0.0	0.0	0.0	0.0	0.0	0.0	0.0	0.0	0.0	0.0	0.0	0.0	0.0	0.0	0.0	0.0	0.0	0.0	0.0	0.0	0.0	0.0	0.0	0.0	0.0	0.0	0.0	0.0	0.0	0.0	0.0	0.0	0.0	0.0	0.0	0.0	0.0	0.0	0.0	0.0	0.0	0.0	0.0	0.0	0.0	0.0	0.0	0.0	0.0	0.0	0.0	0.0	0.0	0.0	0.0	0.0	0.0	0.0	0.0	0.0	0.0	0.0	0.0	0.0	0.0	0.0	0.0	0.0	0.0	0.0	0.0
Sor-ACeb_022-Ex1-5G-lcwgs-1-3-L2-clmp.r1r2_fastp	0.0	0.0326904	0.00016885499999999998	1.68855e-05	0.00010131300000000001	8.44277e-05	0.0	0.0	0.0	0.0	0.0	0.0	0.0	0.0	5.06566e-05	0.000455909	0.0	0.0	3.37711e-05	0.000135084	0.0	0.0	0.0	0.000439024	1.68855e-05	1.68855e-05	0.000624765	0.000742964	0.00187429	0.0	0.00016885499999999998	0.00195872	5.06566e-05	0.000304064	1.69006e-05	0.0	1.69207e-05	3.38664e-05	0.0	0.0	0.0	0.0	6.81575e-05	0.0	1.71155e-05	0.0	0.0	0.00101989	0.0	0.0	0.0	0.0	0.0	0.0	0.0	0.000820042	0.0007911729999999999	0.0	0.0	0.0	1.92603e-05	0.0	0.000158284	0.000341243	0.000326011	0.0	0.0	0.0	0.0	0.0	0.0	2.2982600000000003e-05	0.0	2.38775e-05	0.00102298	0.0	0.0	0.0	0.0	0.0	0.0	0.0	0.0	0.0	0.000662033	0.0	0.0	0.0	9.878210000000001e-05	0.0	6.89341e-05	0.00010581	3.60925e-05	0.000258592	0.0	0.0	0.0	4.0546999999999997e-05	0.0017016499999999999	0.0	0.0	0.0	0.0	0.0	0.0	0.0	0.0	0.0	0.0	0.0	5.47502e-05	0.00016797	0.0011448600000000001	0.0	0.0	0.0	0.0	0.000191511	0.00228273	6.66082e-05	0.0	0.0	0.0	0.0	0.0	0.0	0.0	0.0	0.0	0.0	0.0	0.0	0.0	0.0	9.01289e-05	0.000183757	9.36604e-05	0.0	0.0	0.0	0.0	0.0	0.0	0.0	0.000108957	0.000888506	0.000226192	0.000115159	0.0	0.0
Sor-ACeb_022-Ex1-5G-lcwgs-1-3-L3-clmp.r1r2_fastp	0.0	0.0259338	0.0008935859999999999	0.0007744410000000001	3.97149e-05	0.00623524	0.0	0.000278004	0.026331	0.00041700699999999995	7.942990000000001e-05	0.0	0.0	0.000119145	0.0	0.0	0.0	1.9857499999999997e-05	0.0	0.0	0.0	0.0	0.0	0.0	0.0	0.000119145	9.92873e-05	1.9857499999999997e-05	9.92873e-05	0.000218432	0.00550052	0.0	1.9857499999999997e-05	1.9864e-05	0.00453068	0.000159042	0.0	0.0	0.0	0.004544810000000001	0.00474897	0.0	2.00067e-05	6.01247e-05	0.0	4.02665e-05	0.000403835	0.000425449	4.06774e-05	0.0	2.0529899999999998e-05	0.000701894	0.0	0.0	0.0	2.12498e-05	8.57656e-05	0.0	0.000196823	2.2111e-05	8.94776e-05	0.00020381999999999998	2.29438e-05	0.00025582700000000003	0.0110152	0.000191525	2.4310299999999997e-05	2.4698899999999998e-05	5.0219299999999995e-05	0.00444356	0.00498816	0.0	0.0	0.000137166	0.00424929	0.0	0.000319689	0.0	0.000181485	0.0159558	0.0	0.0	3.28395e-05	3.35384e-05	0.0	0.0	0.000286178	3.65602e-05	7.47417e-05	0.0	0.000741963	0.0	0.0	0.0	0.0	0.0	0.000312573	0.0	0.0	0.0	0.0	0.0	0.0	0.00010457199999999999	0.0	0.0	0.0	5.7148e-05	0.00046735	0.00668685	0.0	0.0	0.000382068	0.0	0.000265761	0.0	0.0	0.0	0.000144406	0.0	0.0	0.000153514	7.83414e-05	0.0	0.0	8.31413e-05	0.0	0.0	8.81552e-05	0.00934955	0.0	0.0	0.0	0.00504411	0.0164077	0.0	0.0	0.0125399	0.00021288400000000002	0.0140946	0.00022085499999999997	0.00011253700000000001	0.0006877049999999999	0.0	0.0	0.0	0.000616595	0.000125509	0.000127786	0.0
