Sample	1	2	3	4	5	6	7	8	9	10	11	12	13	14	15	16	17	18	19	20	21	22	23	24	25	26	27	28	29	30	31	32	33	34	35	36	37	38	39	40	41	42	43	44	45	46	47	48	49	50	51	52	53	54	55	56	57	58	59	60	61	62	63	64	65	66	67	68	69	70	71	72	73	74	75	76	77	78	79	80	81	82	83	84	85	86	87	88	89	90	91	92	93	94	95	96	97	98	99	100	101	102	103	104	105	106	107	108	109	110	111	112	113	114	115	116	117	118	119	120	121	122	123	124	125	126	127	128	129	130	131	132	133	134	135	136	137	138	139	140	141	142	143	144	145	146	147	148	149	150
Sor-ACeb_001-Ex1-8E-lcwgs-1-3-L2-clmp.r1r2_fastp	39.5243	39.3282	39.3912	39.4993	39.4587	39.5436	39.5382	39.5182	39.5335	39.5421	39.5927	39.5742	39.5889	39.5772	39.5735	39.6344	39.6418	39.6394	39.641	39.6427	39.6487	39.6518	39.6295	39.6425	39.6384	39.6402	39.629	39.6265	39.6241	39.6088	39.5979	39.6146	39.6218	39.6188	39.6165	39.6085	39.6081	39.584	39.5952	39.5863	39.5901	39.5906	39.5839	39.5826	39.5735	39.5548	39.5793	39.5753	39.5729	39.5756	39.578	39.5658	39.5555	39.5542	39.5535	39.5575	39.5545	39.5434	39.5475	39.5389	39.5172	39.5236	39.5308	39.5321	39.5204	39.5233	39.5306	39.5232	39.5165	39.5028	39.5177	39.5165	39.5202	39.5128	39.5136	39.5042	39.5017	39.4946	39.4961	39.5026	39.489	39.4918	39.4942	39.478	39.4688	39.4732	39.4776	39.4733	39.4686	39.4631	39.4584	39.4531	39.4408	39.4385	39.4463	39.4456	39.4431	39.44	39.4264	39.4305	39.429	39.4085	39.4152	39.4145	39.4042	39.4009	39.3838	39.3737	39.3682	39.3603	39.3566	39.35	39.3389	39.337	39.3336	39.3143	39.3092	39.2952	39.27	39.2833	39.2893	39.2804	39.2777	39.2719	39.2581	39.2529	39.2422	39.2481	39.2549	39.2601	39.2485	39.2665	39.2373	39.2475	39.2402	39.2392	39.2594	39.2622	39.2651	39.261	39.2565	39.2504	39.219	39.241	39.2411	39.2401	39.2286	39.2143	39.2245	39.3533
Sor-ACeb_001-Ex1-8E-lcwgs-1-3-L3-clmp.r1r2_fastp	39.4549	39.3477	39.5719	39.6345	39.6253	39.5213	39.7686	39.685	39.6372	39.5997	39.6568	39.6472	39.6588	39.6736	39.6793	39.7177	39.7103	39.6969	39.7006	39.7001	39.7108	39.7263	39.7212	39.6932	39.6878	39.6985	39.6971	39.6844	39.6852	39.6668	39.6615	39.6528	39.6477	39.6457	39.6437	39.6351	39.6347	39.6396	39.6508	39.6329	39.6252	39.6256	39.6199	39.6223	39.6154	39.6068	39.6293	39.624	39.6188	39.609	39.6038	39.6068	39.599	39.5932	39.5791	39.5974	39.5813	39.5778	39.5854	39.5746	39.5702	39.5738	39.5684	39.5522	39.5608	39.5467	39.549	39.5504	39.5423	39.5354	39.534	39.5428	39.5312	39.5303	39.531	39.5194	39.5215	39.5237	39.5143	39.4971	39.5136	39.4988	39.5153	39.5033	39.4937	39.5014	39.4842	39.4915	39.4947	39.4817	39.4757	39.4789	39.4759	39.4763	39.4754	39.4708	39.4457	39.4661	39.4585	39.4558	39.471	39.4535	39.4392	39.4407	39.436	39.4329	39.437	39.4244	39.4196	39.4325	39.4206	39.4108	39.4255	39.4163	39.4217	39.4032	39.4025	39.3986	39.3881	39.4055	39.389	39.4016	39.4022	39.379	39.3883	39.3791	39.3773	39.3736	39.3817	39.3959	39.3824	39.3951	39.3932	39.3695	39.3679	39.3611	39.3837	39.3605	39.3605	39.3577	39.3697	39.3535	39.3683	39.3945	39.3569	39.3435	39.3478	39.3436	39.3579	39.5504
Sor-ACeb_002-Ex1-9E-lcwgs-1-3-L2-clmp.r1r2_fastp	39.5057	39.3086	39.3866	39.49	39.4566	39.534	39.5335	39.5124	39.5291	39.536	39.5821	39.5641	39.5814	39.5722	39.5678	39.6317	39.6406	39.6409	39.6424	39.6442	39.6565	39.6556	39.6373	39.651	39.6466	39.6524	39.643	39.64	39.6378	39.6262	39.6183	39.6377	39.646	39.6415	39.6412	39.6324	39.6358	39.6111	39.6263	39.6223	39.6234	39.622	39.6191	39.6222	39.6085	39.598	39.62	39.6183	39.619	39.6208	39.6217	39.6106	39.6034	39.5994	39.6017	39.6023	39.6034	39.5942	39.5991	39.5916	39.5758	39.5789	39.5883	39.5898	39.5825	39.5827	39.5915	39.5846	39.58	39.5708	39.5829	39.5843	39.5862	39.5793	39.5784	39.5725	39.5737	39.5631	39.5715	39.5704	39.5626	39.5617	39.5676	39.557	39.5522	39.552	39.5601	39.5546	39.5514	39.5464	39.5495	39.5415	39.5345	39.5272	39.5281	39.5392	39.5283	39.5314	39.5162	39.5231	39.5237	39.5113	39.509	39.5162	39.4984	39.4973	39.4895	39.4787	39.4724	39.4615	39.458	39.4609	39.4526	39.4475	39.4404	39.429	39.4185	39.4084	39.3812	39.3967	39.4122	39.3963	39.3908	39.3855	39.3796	39.3719	39.364	39.3607	39.3682	39.3676	39.3635	39.3744	39.3668	39.3533	39.3574	39.3681	39.3619	39.3744	39.3798	39.369	39.3681	39.365	39.338	39.3612	39.3504	39.3535	39.3471	39.3523	39.3307	39.4324
Sor-ACeb_002-Ex1-9E-lcwgs-1-3-L3-clmp.r1r2_fastp	39.4446	39.3013	39.5543	39.629	39.6195	39.4827	39.7616	39.6812	39.6296	39.59	39.6474	39.643	39.6548	39.6727	39.6793	39.7136	39.7067	39.6933	39.6985	39.7008	39.712	39.7277	39.7225	39.6949	39.6952	39.7052	39.7056	39.6969	39.6981	39.6843	39.6813	39.6697	39.6711	39.6672	39.6625	39.6557	39.6561	39.6638	39.6748	39.6639	39.6606	39.6588	39.6493	39.6508	39.6491	39.6467	39.6664	39.6628	39.6571	39.6521	39.6508	39.6466	39.6417	39.6425	39.6294	39.6441	39.6343	39.6282	39.6386	39.6271	39.6259	39.6274	39.6276	39.6075	39.6223	39.6073	39.6074	39.614	39.6058	39.6017	39.6002	39.6078	39.5966	39.5971	39.5973	39.5962	39.5962	39.596	39.5878	39.5705	39.5881	39.5794	39.5923	39.5883	39.5757	39.5857	39.5701	39.5765	39.5809	39.5744	39.5664	39.569	39.5724	39.5647	39.5672	39.5632	39.5501	39.5623	39.5615	39.5532	39.5635	39.5626	39.5389	39.5513	39.5467	39.5429	39.5476	39.5427	39.5259	39.5422	39.5318	39.5352	39.5414	39.5268	39.5347	39.5233	39.5164	39.5149	39.5092	39.5293	39.5105	39.522	39.5145	39.5136	39.5199	39.5089	39.5085	39.5086	39.5044	39.5031	39.5158	39.5168	39.5243	39.4961	39.509	39.5001	39.5149	39.4966	39.4992	39.482	39.5056	39.4942	39.5118	39.513	39.4995	39.5051	39.4878	39.4818	39.4969	39.6337
Sor-ACeb_003-Ex1-10E-lcwgs-1-3-L2-clmp.r1r2_fastp	39.5277	39.3278	39.4085	39.5115	39.4754	39.5597	39.5555	39.5287	39.5434	39.5572	39.6041	39.5876	39.6052	39.5937	39.5906	39.648	39.6573	39.6565	39.6624	39.661	39.6697	39.6724	39.6562	39.6682	39.6638	39.6696	39.6596	39.6594	39.6602	39.6466	39.6401	39.6562	39.661	39.6611	39.662	39.6536	39.6559	39.6346	39.6459	39.6432	39.6448	39.6464	39.6423	39.6423	39.6316	39.6189	39.6405	39.6411	39.6419	39.6428	39.6434	39.6343	39.6256	39.6236	39.627	39.6299	39.6261	39.6196	39.6233	39.6164	39.5999	39.6062	39.614	39.6154	39.6065	39.609	39.6171	39.6091	39.6022	39.5959	39.6059	39.6111	39.6088	39.6059	39.6067	39.5985	39.5961	39.5933	39.5975	39.5987	39.593	39.5959	39.5935	39.5844	39.5744	39.5802	39.5861	39.5804	39.58	39.5751	39.5756	39.5706	39.5606	39.5585	39.5639	39.5632	39.5606	39.5579	39.5482	39.5511	39.5517	39.5352	39.5451	39.5395	39.5288	39.531	39.5158	39.5065	39.5033	39.4947	39.4894	39.488	39.4824	39.479	39.4684	39.4683	39.458	39.4463	39.418	39.4283	39.433	39.4242	39.423	39.4251	39.4075	39.3927	39.3897	39.3934	39.4136	39.4147	39.4093	39.4068	39.4012	39.4017	39.384	39.3937	39.3897	39.3908	39.4074	39.3893	39.3858	39.3847	39.3557	39.3728	39.3738	39.3546	39.3691	39.3433	39.3609	39.4541
Sor-ACeb_003-Ex1-10E-lcwgs-1-3-L3-clmp.r1r2_fastp	39.4474	39.2867	39.5561	39.6305	39.6264	39.5043	39.7716	39.6887	39.6439	39.603	39.657	39.6541	39.6649	39.6807	39.6895	39.7233	39.7153	39.7037	39.707	39.7085	39.7193	39.7358	39.7322	39.7048	39.7062	39.7166	39.7143	39.7071	39.71	39.6929	39.6948	39.6855	39.684	39.6784	39.6779	39.6714	39.6724	39.6836	39.6916	39.6834	39.6766	39.674	39.669	39.6715	39.6679	39.6663	39.6847	39.6814	39.675	39.6705	39.665	39.6684	39.6603	39.6632	39.6481	39.6655	39.6514	39.6485	39.6587	39.6488	39.6446	39.6505	39.6497	39.6313	39.6421	39.6276	39.6327	39.6373	39.629	39.625	39.6222	39.6299	39.6204	39.6213	39.6192	39.6185	39.6186	39.6158	39.6122	39.5985	39.6111	39.6022	39.6196	39.6104	39.6028	39.6108	39.5961	39.6013	39.6059	39.5976	39.5903	39.5942	39.5975	39.5932	39.5982	39.5917	39.5799	39.5895	39.5899	39.5793	39.589	39.5937	39.568	39.5726	39.5762	39.5673	39.5762	39.5698	39.5557	39.5711	39.5612	39.5563	39.5645	39.5532	39.5567	39.5536	39.5431	39.5458	39.5356	39.561	39.5356	39.549	39.5479	39.5408	39.5394	39.532	39.5361	39.5325	39.5264	39.5389	39.5403	39.5432	39.5448	39.526	39.5315	39.5324	39.5158	39.5146	39.506	39.5054	39.5217	39.5388	39.5331	39.5333	39.5114	39.5092	39.5128	39.5067	39.5076	39.6336
Sor-ACeb_004-Ex1-11E-lcwgs-1-3-L2-clmp.r1r2_fastp	39.525	39.3388	39.4062	39.5036	39.472	39.5519	39.5468	39.5203	39.5376	39.5456	39.5941	39.577	39.5948	39.5828	39.5821	39.641	39.6499	39.6482	39.6527	39.653	39.6625	39.6656	39.6496	39.6595	39.6577	39.6596	39.6517	39.6478	39.6518	39.6364	39.6313	39.6464	39.6547	39.6523	39.6505	39.6436	39.6468	39.6224	39.6377	39.6335	39.6372	39.6344	39.6312	39.6323	39.6223	39.6096	39.6316	39.6303	39.6306	39.6309	39.633	39.6233	39.6157	39.613	39.6161	39.6185	39.6154	39.6078	39.6103	39.605	39.59	39.5943	39.6011	39.6041	39.5953	39.597	39.6049	39.6013	39.5939	39.5886	39.5972	39.6011	39.6028	39.5978	39.5986	39.5919	39.586	39.5843	39.5888	39.5916	39.5833	39.5837	39.5832	39.5772	39.5686	39.5715	39.5771	39.5741	39.5726	39.5674	39.5657	39.5606	39.5516	39.5509	39.5497	39.5555	39.5471	39.5465	39.538	39.5437	39.5409	39.525	39.5289	39.5294	39.522	39.5179	39.5036	39.4981	39.4941	39.4826	39.4787	39.478	39.4685	39.4665	39.4619	39.4487	39.445	39.4333	39.4023	39.4159	39.4196	39.4121	39.4088	39.4111	39.3982	39.3877	39.38	39.3803	39.3805	39.3883	39.3878	39.393	39.378	39.3783	39.3695	39.3775	39.3836	39.3915	39.3901	39.3922	39.3819	39.3735	39.3445	39.3678	39.3677	39.3669	39.3554	39.3608	39.3329	39.4433
Sor-ACeb_004-Ex1-11E-lcwgs-1-3-L3-clmp.r1r2_fastp	39.4514	39.3109	39.5567	39.6279	39.6236	39.4995	39.7662	39.685	39.6412	39.5959	39.6543	39.6486	39.6592	39.6753	39.682	39.7176	39.7102	39.6987	39.7027	39.7046	39.7144	39.7317	39.7274	39.7016	39.7033	39.7119	39.7102	39.7036	39.7055	39.6902	39.6906	39.68	39.6813	39.6756	39.6725	39.6663	39.6671	39.6766	39.6868	39.6735	39.6695	39.6693	39.6641	39.6651	39.6627	39.6594	39.6767	39.6744	39.6704	39.6621	39.6619	39.6628	39.6551	39.6548	39.6424	39.6589	39.6477	39.6417	39.6529	39.644	39.6398	39.6435	39.6443	39.6262	39.6389	39.6244	39.6302	39.6305	39.6255	39.6224	39.6193	39.6251	39.6173	39.6183	39.621	39.6146	39.6165	39.6119	39.6089	39.5947	39.6086	39.6008	39.6147	39.6062	39.6008	39.6056	39.5938	39.5981	39.5999	39.5942	39.5852	39.5873	39.5891	39.5861	39.5882	39.5826	39.5716	39.5823	39.5791	39.5721	39.5827	39.5812	39.5568	39.5734	39.5649	39.5582	39.5612	39.5584	39.5477	39.5585	39.5498	39.5505	39.5514	39.5442	39.547	39.5402	39.5371	39.5292	39.5203	39.5403	39.5265	39.5392	39.5282	39.5267	39.5262	39.5174	39.5152	39.5245	39.5045	39.5172	39.5264	39.5331	39.5233	39.5149	39.5118	39.5056	39.5106	39.5016	39.5063	39.5017	39.5058	39.5076	39.5081	39.5261	39.513	39.4992	39.4983	39.5038	39.4974	39.6269
Sor-ACeb_005-Ex1-12E-lcwgs-1-3-L2-clmp.r1r2_fastp	39.5359	39.3316	39.4473	39.5286	39.516	39.5776	39.5732	39.5587	39.5637	39.5634	39.6051	39.5944	39.6152	39.6061	39.5998	39.6597	39.6663	39.6594	39.6592	39.661	39.6688	39.6697	39.6534	39.661	39.6612	39.6606	39.6518	39.6496	39.6502	39.6395	39.6327	39.6466	39.6549	39.6524	39.6495	39.6412	39.6415	39.616	39.634	39.6315	39.6322	39.6292	39.626	39.6243	39.6163	39.6106	39.6255	39.6231	39.6241	39.6246	39.6277	39.6126	39.6092	39.6032	39.6082	39.6086	39.608	39.6046	39.6055	39.5971	39.5851	39.5868	39.5979	39.5961	39.5875	39.5866	39.5957	39.591	39.5839	39.5798	39.5908	39.593	39.5923	39.588	39.5868	39.5787	39.5755	39.5714	39.575	39.5797	39.5732	39.5703	39.5733	39.565	39.5551	39.5584	39.5631	39.5631	39.5617	39.5566	39.5566	39.5492	39.5413	39.5382	39.5387	39.5459	39.5402	39.5397	39.5315	39.5349	39.5284	39.5144	39.5177	39.5188	39.5098	39.5034	39.4906	39.484	39.4788	39.47	39.4631	39.4627	39.4547	39.4517	39.4406	39.436	39.4286	39.417	39.3845	39.4068	39.4081	39.3992	39.3958	39.3921	39.3866	39.3797	39.3701	39.3701	39.387	39.3844	39.3811	39.3877	39.3781	39.375	39.3739	39.3842	39.3912	39.396	39.4043	39.3916	39.402	39.3968	39.363	39.3939	39.3857	39.3875	39.3767	39.3783	39.3589	39.4626
Sor-ACeb_005-Ex1-12E-lcwgs-1-3-L3-clmp.r1r2_fastp	39.4571	39.2924	39.5674	39.6437	39.6453	39.4669	39.7665	39.6977	39.64	39.6085	39.6663	39.6691	39.6813	39.6961	39.7007	39.7328	39.7259	39.7129	39.7135	39.7117	39.7314	39.7397	39.7363	39.7056	39.7162	39.719	39.7206	39.7121	39.7145	39.7025	39.701	39.6927	39.6939	39.6875	39.6806	39.6756	39.6705	39.6821	39.6943	39.6824	39.6802	39.6761	39.6688	39.6677	39.672	39.6663	39.6823	39.6796	39.6776	39.6729	39.6686	39.6651	39.6555	39.6608	39.6495	39.6629	39.6517	39.6522	39.6596	39.6504	39.6472	39.648	39.6501	39.6317	39.6387	39.6295	39.6344	39.6354	39.6308	39.6245	39.6189	39.6339	39.6224	39.621	39.6216	39.6211	39.6203	39.6154	39.6136	39.5916	39.6134	39.6067	39.6173	39.6129	39.6045	39.6098	39.5999	39.604	39.6049	39.6005	39.5941	39.5929	39.5986	39.5951	39.5925	39.5946	39.5794	39.5885	39.5881	39.5816	39.5859	39.5871	39.5677	39.5765	39.5724	39.5647	39.5745	39.5718	39.5576	39.5649	39.5596	39.5592	39.5677	39.5554	39.559	39.5517	39.5445	39.5438	39.5338	39.5578	39.5376	39.5513	39.5446	39.5412	39.5448	39.5384	39.5364	39.5341	39.5348	39.5379	39.5458	39.5593	39.5508	39.5387	39.5344	39.5327	39.5383	39.5226	39.5323	39.5179	39.5366	39.531	39.5372	39.552	39.5381	39.528	39.5274	39.528	39.5285	39.6543
Sor-ACeb_006-Ex1-1F-lcwgs-1-3-L2-clmp.r1r2_fastp	39.5172	39.3711	39.3892	39.4214	39.4925	39.556	39.5675	39.5132	39.5136	39.5053	39.5621	39.5628	39.5824	39.5722	39.5712	39.6294	39.6395	39.6368	39.6397	39.639	39.6446	39.643	39.6302	39.6382	39.6372	39.6338	39.6286	39.6285	39.6245	39.617	39.6113	39.6268	39.6349	39.6318	39.6307	39.6226	39.6231	39.6014	39.6169	39.6151	39.6177	39.6162	39.6142	39.6141	39.6018	39.5906	39.6124	39.6108	39.6113	39.6126	39.6176	39.6056	39.5996	39.5953	39.5983	39.6009	39.5967	39.5903	39.593	39.5857	39.5727	39.5769	39.5861	39.5877	39.5773	39.5795	39.5872	39.5824	39.5763	39.5705	39.5853	39.5867	39.5879	39.5825	39.5841	39.5766	39.5715	39.5669	39.5722	39.5762	39.5674	39.5699	39.5705	39.5629	39.5538	39.5595	39.5634	39.5611	39.5598	39.5541	39.5513	39.5471	39.5385	39.5368	39.5404	39.544	39.5358	39.5374	39.5299	39.5301	39.5291	39.5141	39.5164	39.5201	39.5083	39.5049	39.4958	39.485	39.4809	39.4703	39.4641	39.4614	39.4566	39.4522	39.4427	39.4355	39.4266	39.4169	39.3882	39.4019	39.4053	39.395	39.3935	39.3922	39.3772	39.3726	39.3612	39.3624	39.3729	39.3734	39.366	39.3716	39.3541	39.3579	39.351	39.358	39.3668	39.368	39.3765	39.3746	39.3666	39.3605	39.3235	39.3491	39.3468	39.3529	39.3382	39.3316	39.309	39.4259
Sor-ACeb_006-Ex1-1F-lcwgs-1-3-L3-clmp.r1r2_fastp	39.5404	39.4716	39.5646	39.57	39.6299	39.4016	39.7632	39.6836	39.6222	39.5752	39.6318	39.6404	39.6565	39.6702	39.6773	39.7075	39.703	39.6908	39.6954	39.6946	39.7064	39.7205	39.7155	39.6892	39.6897	39.6973	39.695	39.6892	39.6852	39.6798	39.6818	39.6672	39.6673	39.6595	39.659	39.6498	39.6495	39.6639	39.6743	39.662	39.6608	39.6561	39.6529	39.6523	39.6495	39.6442	39.664	39.6585	39.6579	39.6501	39.6495	39.6499	39.6424	39.6438	39.6296	39.6452	39.6327	39.6284	39.6391	39.6284	39.6271	39.6298	39.6314	39.6115	39.6237	39.608	39.6125	39.6147	39.6086	39.6053	39.6016	39.6123	39.6007	39.6036	39.6048	39.6013	39.6002	39.5938	39.5919	39.5786	39.5926	39.5838	39.6003	39.5919	39.5864	39.5924	39.578	39.5834	39.5862	39.578	39.5698	39.5729	39.5758	39.5739	39.5762	39.5721	39.5566	39.5675	39.568	39.5621	39.5701	39.5691	39.547	39.5565	39.5533	39.5425	39.5523	39.5456	39.5347	39.5469	39.536	39.5355	39.5387	39.5304	39.537	39.5259	39.5209	39.5201	39.5076	39.5313	39.5074	39.5198	39.5168	39.5121	39.5127	39.5132	39.5052	39.5087	39.5055	39.5115	39.5138	39.5256	39.512	39.4991	39.4949	39.5	39.5043	39.4921	39.5003	39.4846	39.4984	39.4929	39.5001	39.5139	39.4968	39.4942	39.4864	39.4849	39.4858	39.6228
Sor-ACeb_007-Ex1-2F-lcwgs-1-3-L2-clmp.r1r2_fastp	39.5108	39.3679	39.4086	39.4459	39.5152	39.5751	39.5848	39.5333	39.5328	39.527	39.5863	39.5836	39.598	39.5913	39.5855	39.6463	39.6522	39.6497	39.6559	39.6536	39.6588	39.6604	39.6408	39.6493	39.6535	39.6476	39.6463	39.6456	39.6368	39.6323	39.6231	39.6407	39.6457	39.6409	39.6388	39.6329	39.6312	39.6105	39.624	39.6235	39.6252	39.6247	39.6216	39.6212	39.6082	39.5958	39.6137	39.6061	39.6085	39.6098	39.6128	39.5961	39.5937	39.5731	39.5805	39.5843	39.585	39.5686	39.57	39.5624	39.5459	39.5462	39.5479	39.5556	39.5385	39.5408	39.5372	39.5251	39.5246	39.5109	39.5272	39.5249	39.525	39.5137	39.5116	39.5007	39.4941	39.4925	39.4911	39.4903	39.4789	39.4778	39.4711	39.466	39.462	39.458	39.4576	39.4567	39.4561	39.4543	39.446	39.4429	39.4224	39.4233	39.4212	39.4288	39.4045	39.4165	39.4049	39.4198	39.4077	39.3913	39.3903	39.3922	39.3702	39.3836	39.3537	39.3517	39.3432	39.3315	39.3247	39.3163	39.317	39.2971	39.2863	39.2865	39.276	39.2654	39.2113	39.2489	39.2399	39.2333	39.2318	39.222	39.1991	39.1975	39.194	39.1944	39.2106	39.2119	39.2054	39.1953	39.174	39.1788	39.1694	39.1802	39.1876	39.1971	39.2019	39.2088	39.1897	39.1717	39.1601	39.1743	39.1774	39.1682	39.1715	39.1786	39.182	39.3233
Sor-ACeb_007-Ex1-2F-lcwgs-1-3-L3-clmp.r1r2_fastp	39.5293	39.4073	39.5533	39.5727	39.6485	39.4191	39.771	39.7055	39.6531	39.6016	39.6507	39.6597	39.6714	39.6877	39.6953	39.7233	39.7201	39.7042	39.7081	39.7085	39.7218	39.7357	39.7254	39.7036	39.7015	39.7099	39.7094	39.6986	39.699	39.6951	39.6911	39.6837	39.6797	39.6695	39.6659	39.6636	39.6651	39.6773	39.6837	39.6737	39.672	39.6676	39.6549	39.6577	39.655	39.6483	39.6647	39.6553	39.6552	39.6436	39.642	39.6472	39.6311	39.6301	39.6131	39.6256	39.6082	39.6086	39.6123	39.5987	39.5907	39.5884	39.5838	39.5634	39.5834	39.5489	39.5571	39.5557	39.5383	39.5333	39.5367	39.5401	39.5226	39.5247	39.5207	39.5174	39.5158	39.5118	39.5036	39.4869	39.4987	39.488	39.4928	39.482	39.4757	39.4954	39.46	39.4724	39.4588	39.4695	39.4664	39.4493	39.448	39.4532	39.4524	39.44	39.4231	39.4494	39.4378	39.4303	39.4553	39.4419	39.416	39.4294	39.4156	39.4081	39.419	39.4249	39.3974	39.4107	39.3937	39.4045	39.4124	39.3898	39.4091	39.3936	39.3806	39.3773	39.3636	39.397	39.3405	39.3786	39.3966	39.3748	39.3899	39.3599	39.3719	39.374	39.3656	39.3706	39.3694	39.3732	39.3718	39.3578	39.3597	39.3645	39.345	39.3453	39.3661	39.3192	39.3653	39.3669	39.3702	39.3629	39.3725	39.3408	39.3171	39.3445	39.3716	39.5589
Sor-ACeb_008-Ex1-3F-lcwgs-1-3-L2-clmp.r1r2_fastp	39.5369	39.3901	39.4104	39.4404	39.5107	39.5785	39.5869	39.5306	39.5308	39.5279	39.5832	39.5815	39.5994	39.5901	39.5846	39.6436	39.6501	39.6475	39.6501	39.6492	39.6528	39.6514	39.6356	39.6439	39.6389	39.636	39.6302	39.63	39.6239	39.6181	39.6083	39.6264	39.632	39.628	39.6277	39.6182	39.6161	39.5953	39.6102	39.6085	39.6089	39.6083	39.6036	39.6048	39.5912	39.578	39.5991	39.5981	39.5999	39.6025	39.6023	39.5928	39.5847	39.5816	39.5843	39.587	39.5818	39.5746	39.5768	39.5721	39.5556	39.5612	39.5685	39.5714	39.5595	39.5636	39.5712	39.5643	39.5568	39.5503	39.5618	39.5669	39.5676	39.5636	39.5633	39.557	39.5498	39.5444	39.5496	39.5534	39.5459	39.5492	39.5463	39.538	39.529	39.5328	39.5378	39.5356	39.5323	39.5292	39.5261	39.5236	39.5102	39.5118	39.5131	39.5165	39.5108	39.5096	39.5014	39.5058	39.5003	39.4869	39.4913	39.4943	39.4829	39.4779	39.4689	39.4581	39.453	39.4449	39.4373	39.436	39.427	39.4271	39.4174	39.411	39.4014	39.387	39.3658	39.378	39.3823	39.3721	39.3651	39.3666	39.3483	39.3439	39.3408	39.3384	39.35	39.3482	39.3403	39.3533	39.3367	39.335	39.3304	39.3418	39.3412	39.3461	39.3535	39.3488	39.3508	39.3347	39.3065	39.3405	39.3297	39.3214	39.3182	39.3059	39.2988	39.4216
Sor-ACeb_008-Ex1-3F-lcwgs-1-3-L3-clmp.r1r2_fastp	39.548	39.4606	39.5798	39.5827	39.654	39.4489	39.7767	39.7033	39.6451	39.6024	39.6549	39.659	39.6726	39.6854	39.692	39.7203	39.7144	39.7039	39.7107	39.7102	39.714	39.729	39.7233	39.6991	39.6947	39.7031	39.7003	39.6929	39.6902	39.6832	39.6816	39.6725	39.6696	39.659	39.6588	39.6544	39.6513	39.6632	39.6727	39.6634	39.6574	39.655	39.649	39.6521	39.6461	39.6406	39.6583	39.655	39.6504	39.644	39.6422	39.6436	39.6351	39.6359	39.6215	39.6383	39.6227	39.6199	39.6299	39.6193	39.616	39.6217	39.6192	39.6021	39.6147	39.5984	39.6003	39.604	39.5961	39.5915	39.5883	39.5983	39.5874	39.59	39.5886	39.5857	39.5831	39.58	39.5741	39.5619	39.5737	39.5675	39.5825	39.5739	39.5663	39.5735	39.5574	39.5632	39.567	39.5586	39.5495	39.5539	39.5572	39.5511	39.5549	39.5483	39.5355	39.5478	39.5436	39.5407	39.5471	39.5448	39.524	39.5336	39.5296	39.5238	39.5306	39.5207	39.5139	39.5238	39.5117	39.5099	39.5163	39.5088	39.5073	39.5022	39.4983	39.4942	39.4874	39.4988	39.4838	39.4928	39.4931	39.4838	39.4847	39.481	39.4728	39.4776	39.4765	39.479	39.4811	39.491	39.4791	39.4666	39.4609	39.4572	39.4758	39.4583	39.4623	39.4578	39.4671	39.4646	39.473	39.4651	39.4556	39.4525	39.4462	39.4476	39.4641	39.6058
Sor-ACeb_009-Ex1-4F-lcwgs-1-3-L2-clmp.r1r2_fastp	39.5207	39.3658	39.4004	39.4303	39.5068	39.5756	39.585	39.5269	39.532	39.5312	39.5884	39.5856	39.6011	39.5911	39.5895	39.6477	39.658	39.6537	39.6573	39.6577	39.661	39.6624	39.6453	39.6537	39.6522	39.65	39.6446	39.6425	39.6424	39.6329	39.6261	39.6427	39.6516	39.6479	39.6432	39.6387	39.6354	39.616	39.6308	39.6312	39.6302	39.63	39.628	39.6305	39.612	39.5987	39.6263	39.6238	39.6243	39.6282	39.6279	39.6175	39.6091	39.6072	39.6119	39.6142	39.6081	39.6	39.605	39.6019	39.5852	39.5905	39.5987	39.6002	39.5901	39.5931	39.5966	39.5908	39.5847	39.5804	39.5899	39.596	39.5913	39.5903	39.5928	39.5877	39.5791	39.5728	39.5815	39.5891	39.5755	39.5758	39.5745	39.563	39.5603	39.5658	39.572	39.5667	39.5622	39.5603	39.5613	39.5509	39.5383	39.5405	39.5433	39.5386	39.5461	39.5404	39.5299	39.5332	39.5352	39.5102	39.5166	39.5258	39.5277	39.5139	39.4969	39.4879	39.4902	39.4734	39.4717	39.4618	39.46	39.4436	39.4337	39.4393	39.4363	39.423	39.3939	39.4059	39.4025	39.4001	39.3817	39.3884	39.3722	39.3687	39.3663	39.3522	39.3679	39.3618	39.3547	39.3634	39.3438	39.3344	39.3487	39.3367	39.3526	39.363	39.3482	39.3816	39.3441	39.3257	39.3166	39.2853	39.3568	39.3354	39.3662	39.3055	39.2759	39.4112
Sor-ACeb_009-Ex1-4F-lcwgs-1-3-L3-clmp.r1r2_fastp	39.5241	39.3968	39.5539	39.565	39.6391	39.4217	39.7721	39.6967	39.6433	39.5997	39.6563	39.6568	39.6716	39.6864	39.6951	39.7197	39.7164	39.7006	39.706	39.7076	39.7186	39.7334	39.7257	39.7016	39.6977	39.7074	39.706	39.6989	39.6975	39.6918	39.6904	39.6845	39.6795	39.668	39.6715	39.6653	39.6613	39.6742	39.683	39.6756	39.6718	39.6692	39.6638	39.6642	39.6624	39.6567	39.6757	39.6696	39.669	39.6584	39.6573	39.6585	39.6513	39.6544	39.6419	39.6612	39.6449	39.6433	39.6485	39.6408	39.6364	39.6403	39.6392	39.622	39.6393	39.6139	39.6243	39.6241	39.621	39.6116	39.61	39.6227	39.6098	39.6158	39.6153	39.6081	39.6057	39.6007	39.6011	39.5868	39.5978	39.5942	39.6108	39.5878	39.5895	39.5981	39.5817	39.5865	39.5882	39.5874	39.5685	39.5772	39.5749	39.5803	39.5833	39.5698	39.5638	39.5756	39.5599	39.5628	39.564	39.5667	39.5481	39.5584	39.5537	39.5388	39.5526	39.5375	39.5251	39.5444	39.5323	39.5266	39.5372	39.5398	39.5367	39.5242	39.5311	39.5278	39.4994	39.5278	39.5034	39.5096	39.5157	39.5045	39.5189	39.5089	39.5051	39.5171	39.4993	39.4872	39.5395	39.4869	39.5122	39.4791	39.5058	39.5163	39.4832	39.486	39.5021	39.4771	39.5128	39.4541	39.503	39.4992	39.4923	39.4675	39.5064	39.4779	39.4912	39.6442
Sor-ACeb_010-Ex1-5F-lcwgs-1-3-L2-clmp.r1r2_fastp	39.5708	39.4193	39.4341	39.46	39.5163	39.5734	39.5807	39.5395	39.5471	39.5358	39.5782	39.5789	39.594	39.5869	39.5832	39.6284	39.6363	39.6309	39.6313	39.6293	39.6354	39.6317	39.6195	39.6223	39.6187	39.6089	39.602	39.6002	39.5947	39.5875	39.5797	39.5914	39.5963	39.5919	39.5902	39.5818	39.5809	39.5623	39.5744	39.5716	39.5743	39.5713	39.5681	39.5694	39.554	39.5438	39.5633	39.5601	39.5625	39.5626	39.5657	39.5545	39.5514	39.5441	39.5459	39.5492	39.5437	39.5371	39.5388	39.532	39.5193	39.5222	39.5317	39.5321	39.5223	39.5234	39.5327	39.5265	39.5213	39.5141	39.5259	39.5282	39.531	39.5247	39.5252	39.5188	39.514	39.5094	39.5131	39.5151	39.5094	39.51	39.5112	39.5033	39.4955	39.4982	39.5018	39.4988	39.4963	39.4924	39.4901	39.4865	39.48	39.4764	39.4798	39.482	39.4759	39.474	39.4675	39.4684	39.4665	39.4522	39.4556	39.4574	39.4463	39.442	39.4345	39.423	39.4208	39.4094	39.4027	39.4025	39.3964	39.3918	39.3844	39.3766	39.3702	39.3623	39.3345	39.3489	39.3503	39.3439	39.3395	39.3395	39.3288	39.3234	39.3185	39.3159	39.3236	39.3287	39.322	39.329	39.3178	39.3201	39.3189	39.3239	39.3341	39.3387	39.3412	39.3402	39.3395	39.3347	39.3057	39.3271	39.3197	39.3261	39.3151	39.3106	39.3038	39.4472
Sor-ACeb_010-Ex1-5F-lcwgs-1-3-L3-clmp.r1r2_fastp	39.5985	39.4825	39.5859	39.5956	39.6564	39.4479	39.7825	39.7151	39.6725	39.6197	39.6612	39.6686	39.6815	39.6933	39.6988	39.7209	39.7174	39.7077	39.7114	39.7098	39.7178	39.7293	39.7229	39.7005	39.698	39.7006	39.6962	39.6903	39.6861	39.6803	39.6791	39.6683	39.6666	39.6567	39.6557	39.6481	39.6469	39.6569	39.6655	39.6556	39.6534	39.65	39.6458	39.6449	39.6398	39.6365	39.6525	39.6484	39.6461	39.6401	39.6399	39.6399	39.6335	39.6333	39.6199	39.6339	39.6219	39.6185	39.6283	39.6176	39.6161	39.6194	39.6186	39.6016	39.6128	39.599	39.6019	39.6042	39.5986	39.5938	39.591	39.5997	39.5918	39.5927	39.5924	39.5901	39.588	39.5837	39.5802	39.5676	39.5806	39.5723	39.5869	39.5783	39.5746	39.5779	39.566	39.5696	39.5722	39.5651	39.5575	39.5604	39.5628	39.5602	39.5612	39.5578	39.5466	39.5564	39.5535	39.5481	39.5554	39.5534	39.5351	39.544	39.5416	39.5327	39.5399	39.5335	39.5245	39.5325	39.5237	39.5231	39.5285	39.5192	39.522	39.5155	39.5118	39.5067	39.5004	39.5157	39.4986	39.5085	39.5033	39.4993	39.499	39.4965	39.4933	39.4938	39.4896	39.4928	39.5003	39.5079	39.5004	39.4858	39.4855	39.4857	39.4924	39.481	39.4849	39.477	39.4916	39.4871	39.4868	39.4963	39.4847	39.4794	39.4747	39.4724	39.4809	39.633
Sor-ACeb_011-Ex1-6F-lcwgs-1-3-L2-clmp.r1r2_fastp	39.46	39.2172	39.2722	39.2986	39.3595	39.4386	39.4498	39.4137	39.412	39.383	39.4304	39.4368	39.4537	39.445	39.4374	39.4986	39.5051	39.4948	39.4941	39.488	39.4946	39.4917	39.4727	39.4722	39.4692	39.4536	39.4432	39.4389	39.4264	39.418	39.4068	39.4184	39.4246	39.4205	39.4186	39.404	39.4	39.3753	39.3916	39.3882	39.3868	39.3789	39.3775	39.3749	39.357	39.3468	39.3688	39.3597	39.3678	39.364	39.3663	39.35	39.3426	39.3348	39.3375	39.3374	39.3306	39.3225	39.3258	39.315	39.2994	39.3001	39.3072	39.309	39.2951	39.2949	39.3091	39.2988	39.2898	39.2825	39.2976	39.3016	39.3043	39.2944	39.2935	39.2824	39.2775	39.2701	39.2776	39.2777	39.2736	39.2751	39.275	39.2643	39.2549	39.2605	39.2654	39.2634	39.259	39.2538	39.2535	39.2506	39.2398	39.2392	39.2435	39.2504	39.2418	39.2395	39.236	39.2405	39.2361	39.2177	39.222	39.2275	39.217	39.213	39.2008	39.1889	39.1872	39.1744	39.1684	39.168	39.1585	39.1608	39.1503	39.1457	39.1389	39.1306	39.096	39.1221	39.1262	39.1216	39.1208	39.1243	39.115	39.1146	39.1072	39.1136	39.1305	39.1367	39.1337	39.1477	39.1407	39.1427	39.1454	39.1603	39.1727	39.184	39.1979	39.1968	39.2019	39.1979	39.1704	39.2016	39.199	39.2021	39.2005	39.2015	39.1987	39.3871
Sor-ACeb_011-Ex1-6F-lcwgs-1-3-L3-clmp.r1r2_fastp	39.552	39.3921	39.4906	39.4977	39.5509	39.2566	39.723	39.6466	39.5811	39.5156	39.5611	39.5719	39.5896	39.6029	39.6074	39.6336	39.6307	39.6136	39.6153	39.6106	39.6265	39.6385	39.6294	39.5993	39.5983	39.5995	39.5891	39.5829	39.5736	39.5679	39.5631	39.55	39.5521	39.538	39.5338	39.523	39.5238	39.5359	39.5472	39.5248	39.5259	39.5206	39.5195	39.5119	39.5121	39.5059	39.5238	39.5175	39.5172	39.5067	39.5073	39.5001	39.4893	39.4928	39.48	39.4907	39.4802	39.4754	39.4849	39.4718	39.4699	39.4702	39.4668	39.4494	39.4525	39.4434	39.4495	39.4488	39.4443	39.4311	39.4248	39.4432	39.4324	39.4353	39.4291	39.4306	39.4297	39.4219	39.4189	39.3902	39.4209	39.412	39.4263	39.4153	39.4139	39.4165	39.4065	39.4092	39.4087	39.4048	39.3955	39.4019	39.4035	39.4023	39.4007	39.401	39.3875	39.3974	39.3996	39.3924	39.4003	39.4038	39.3785	39.3909	39.3908	39.3819	39.3909	39.387	39.3807	39.3828	39.3764	39.3824	39.3878	39.3771	39.3806	39.3769	39.373	39.3711	39.3617	39.3875	39.3651	39.3823	39.3757	39.3733	39.3774	39.376	39.369	39.3771	39.3772	39.3784	39.395	39.4072	39.4001	39.3781	39.3783	39.3875	39.397	39.3811	39.3947	39.3765	39.3995	39.3948	39.3986	39.4173	39.4045	39.4005	39.398	39.3967	39.4082	39.5912
Sor-ACeb_012-Ex1-7F-lcwgs-1-3-L2-clmp.r1r2_fastp	39.5183	39.3592	39.3753	39.4092	39.4799	39.5489	39.5575	39.5031	39.5057	39.4982	39.5541	39.5544	39.5744	39.564	39.5596	39.6215	39.6299	39.6267	39.6299	39.6296	39.6345	39.6335	39.6186	39.627	39.6242	39.6202	39.6134	39.6141	39.6094	39.6004	39.5942	39.6111	39.6173	39.614	39.6124	39.6042	39.6015	39.581	39.5959	39.5939	39.5966	39.5952	39.5917	39.5938	39.5786	39.5671	39.5892	39.5871	39.5893	39.5906	39.5924	39.5819	39.5751	39.5703	39.5721	39.5758	39.5711	39.5646	39.5667	39.5607	39.5436	39.55	39.5572	39.5604	39.5498	39.5526	39.5588	39.5532	39.5446	39.5382	39.5502	39.5545	39.5553	39.5503	39.5504	39.5429	39.536	39.5323	39.5377	39.5405	39.5318	39.534	39.5327	39.5242	39.5156	39.52	39.5254	39.5235	39.5195	39.5147	39.5135	39.5074	39.4971	39.4963	39.4989	39.5037	39.4962	39.4952	39.4881	39.4915	39.4903	39.473	39.4759	39.481	39.4677	39.464	39.4546	39.4427	39.4392	39.4311	39.4207	39.4206	39.4128	39.4074	39.4	39.3895	39.3836	39.368	39.3386	39.3555	39.3612	39.3492	39.3435	39.3391	39.3295	39.3221	39.3147	39.3083	39.3187	39.3206	39.3194	39.3239	39.3072	39.3089	39.3031	39.3101	39.321	39.3218	39.3232	39.3212	39.3206	39.317	39.2723	39.302	39.2966	39.3023	39.2916	39.2886	39.2708	39.3972
Sor-ACeb_012-Ex1-7F-lcwgs-1-3-L3-clmp.r1r2_fastp	39.5428	39.462	39.5602	39.5629	39.629	39.414	39.7607	39.6845	39.6241	39.5752	39.6304	39.6358	39.6527	39.6662	39.672	39.7026	39.697	39.686	39.6935	39.6922	39.6994	39.7152	39.7092	39.6847	39.6806	39.6891	39.6851	39.6788	39.675	39.6675	39.6689	39.6558	39.6549	39.645	39.6432	39.6374	39.6366	39.649	39.657	39.6467	39.6431	39.6412	39.6358	39.6369	39.6306	39.626	39.6453	39.642	39.6375	39.6299	39.6286	39.6307	39.6237	39.6226	39.607	39.625	39.6082	39.6057	39.6166	39.6049	39.6013	39.6065	39.6034	39.5849	39.5996	39.5803	39.5844	39.5874	39.579	39.5747	39.5721	39.5809	39.5691	39.57	39.5691	39.567	39.5656	39.5622	39.5562	39.5414	39.5547	39.5462	39.5645	39.5531	39.546	39.5535	39.5363	39.5415	39.5471	39.5372	39.5297	39.5315	39.5338	39.5316	39.5348	39.526	39.5116	39.5284	39.5222	39.5191	39.5265	39.5251	39.5029	39.5131	39.5097	39.5016	39.5086	39.5003	39.4884	39.5019	39.4911	39.4921	39.4955	39.4869	39.4902	39.4844	39.4777	39.4716	39.464	39.4854	39.4644	39.4758	39.4707	39.4651	39.4686	39.4606	39.4593	39.4593	39.4549	39.4621	39.4689	39.4768	39.472	39.4486	39.4482	39.4481	39.4553	39.4412	39.4486	39.4327	39.4527	39.4498	39.4535	39.4649	39.4463	39.4409	39.4408	39.4349	39.4399	39.5945
Sor-ACeb_013-Ex1-8F-lcwgs-1-3-L2-clmp.r1r2_fastp	39.395	39.1259	39.1298	39.1571	39.2268	39.3144	39.3208	39.2802	39.292	39.2537	39.3129	39.3217	39.3414	39.3327	39.327	39.3881	39.4005	39.3892	39.389	39.3849	39.3962	39.3946	39.3774	39.3781	39.3749	39.3546	39.3407	39.3386	39.3274	39.3186	39.3114	39.3231	39.3343	39.3282	39.328	39.3115	39.312	39.2856	39.3027	39.2976	39.3025	39.2952	39.2933	39.2926	39.2723	39.2632	39.2883	39.2794	39.2866	39.2842	39.2876	39.2687	39.2624	39.2535	39.2532	39.2535	39.2479	39.2342	39.2363	39.2247	39.2011	39.2068	39.2122	39.214	39.1954	39.1962	39.2099	39.2002	39.188	39.1791	39.1921	39.1944	39.1962	39.1829	39.183	39.1734	39.1637	39.1547	39.1583	39.1606	39.1488	39.1501	39.149	39.1369	39.1219	39.1267	39.1296	39.1259	39.1217	39.1133	39.1105	39.1048	39.0917	39.0861	39.0906	39.0965	39.0874	39.0851	39.0741	39.0809	39.0757	39.0549	39.0582	39.0633	39.0485	39.0464	39.031	39.0194	39.0119	38.9999	38.9939	38.9933	38.9828	38.9824	38.9752	38.9641	38.9624	38.948	38.9057	38.937	38.9427	38.9368	38.9364	38.9421	38.9327	38.932	38.9237	38.9306	38.9529	38.9594	38.9545	38.9736	38.9644	38.9708	38.9716	38.9944	39.0073	39.0213	39.0405	39.0404	39.0467	39.0402	39.0037	39.0459	39.0432	39.0488	39.0441	39.0478	39.0484	39.2848
Sor-ACeb_013-Ex1-8F-lcwgs-1-3-L3-clmp.r1r2_fastp	39.5122	39.3678	39.4242	39.4159	39.4793	39.2028	39.6834	39.5858	39.524	39.4371	39.484	39.4961	39.5184	39.5303	39.5397	39.5675	39.5655	39.5454	39.5478	39.5438	39.5641	39.5797	39.5702	39.5387	39.5357	39.537	39.5258	39.5173	39.5085	39.5007	39.4992	39.4798	39.4859	39.474	39.4678	39.4587	39.461	39.476	39.4861	39.4607	39.463	39.4595	39.4605	39.4558	39.4518	39.4458	39.467	39.4598	39.4584	39.4485	39.4479	39.4436	39.4342	39.4347	39.419	39.4336	39.4203	39.4131	39.4231	39.4053	39.4023	39.4051	39.3998	39.3761	39.3792	39.3707	39.3734	39.3752	39.3644	39.3506	39.3394	39.3581	39.3443	39.3449	39.3386	39.3365	39.3316	39.3245	39.319	39.284	39.3144	39.3008	39.3179	39.301	39.2987	39.3001	39.2839	39.2886	39.2874	39.2775	39.2645	39.2705	39.2708	39.2671	39.2665	39.2638	39.2468	39.2586	39.2567	39.2505	39.2572	39.2574	39.2286	39.2444	39.2393	39.2305	39.2387	39.2331	39.2209	39.2249	39.2205	39.226	39.2332	39.2189	39.2258	39.2176	39.2139	39.2099	39.2035	39.2306	39.2072	39.2239	39.2211	39.2162	39.2172	39.217	39.2176	39.221	39.226	39.221	39.2426	39.2611	39.254	39.2256	39.2239	39.2437	39.254	39.2358	39.2555	39.2315	39.266	39.2597	39.269	39.2839	39.2683	39.2661	39.2639	39.2683	39.2797	39.5108
Sor-ACeb_014-Ex1-9F-lcwgs-1-3-L2-clmp.r1r2_fastp	39.5478	39.3622	39.3606	39.3842	39.4374	39.5015	39.5056	39.4686	39.4799	39.4605	39.5035	39.5057	39.5201	39.5127	39.5077	39.5517	39.5598	39.5531	39.5523	39.5497	39.5556	39.5528	39.5397	39.5402	39.5365	39.5194	39.5091	39.506	39.4987	39.4897	39.4822	39.4916	39.4977	39.4933	39.4906	39.4814	39.4797	39.4612	39.4723	39.4686	39.4718	39.4666	39.4635	39.4646	39.4469	39.4378	39.4579	39.4519	39.4547	39.4541	39.4565	39.4443	39.4406	39.4305	39.4311	39.4334	39.4263	39.4154	39.4181	39.4075	39.3917	39.3949	39.402	39.4001	39.388	39.3888	39.3986	39.3899	39.381	39.3719	39.3825	39.3831	39.3841	39.3754	39.3748	39.366	39.3602	39.3515	39.3551	39.3544	39.3453	39.3442	39.3437	39.332	39.3216	39.3236	39.3251	39.3203	39.3168	39.3078	39.3051	39.2996	39.2888	39.2844	39.2851	39.2861	39.2782	39.2752	39.2648	39.2666	39.2639	39.2441	39.249	39.2511	39.2339	39.2299	39.2196	39.2093	39.2027	39.1908	39.184	39.1812	39.1728	39.1689	39.1583	39.1539	39.1478	39.1354	39.1046	39.1213	39.1256	39.1194	39.118	39.1208	39.1129	39.1093	39.1016	39.1062	39.1151	39.1224	39.1221	39.1309	39.1241	39.1262	39.126	39.1444	39.1528	39.1624	39.1724	39.1775	39.1797	39.1711	39.1426	39.1713	39.1637	39.1721	39.1618	39.1666	39.1706	39.3735
Sor-ACeb_014-Ex1-9F-lcwgs-1-3-L3-clmp.r1r2_fastp	39.608	39.4932	39.5585	39.5593	39.6173	39.4166	39.7621	39.6892	39.6488	39.583	39.6194	39.6266	39.64	39.6506	39.6564	39.6796	39.6755	39.6646	39.6669	39.6655	39.6748	39.686	39.6783	39.6555	39.6511	39.6519	39.6446	39.6371	39.6317	39.6239	39.6225	39.6095	39.6095	39.601	39.5976	39.591	39.5909	39.6016	39.6084	39.5942	39.5933	39.5894	39.588	39.5872	39.5811	39.5773	39.5935	39.5886	39.5859	39.5782	39.5787	39.5778	39.5708	39.5694	39.5566	39.569	39.5569	39.5516	39.5602	39.547	39.5454	39.5483	39.5449	39.5265	39.5343	39.5227	39.5248	39.525	39.519	39.5094	39.5037	39.5136	39.5034	39.5033	39.5002	39.496	39.4939	39.4879	39.4829	39.4645	39.479	39.4678	39.4809	39.4675	39.4655	39.4655	39.4537	39.4546	39.4552	39.446	39.4367	39.4386	39.4389	39.4347	39.4333	39.4281	39.4138	39.4227	39.4167	39.4128	39.4183	39.4154	39.3944	39.4042	39.3982	39.3888	39.3953	39.388	39.3794	39.3844	39.3776	39.3768	39.3808	39.3697	39.3723	39.366	39.3616	39.3572	39.3494	39.3649	39.3482	39.3603	39.3546	39.3498	39.3502	39.349	39.346	39.3486	39.3478	39.3485	39.3588	39.3745	39.361	39.3441	39.3424	39.3511	39.3604	39.3462	39.3568	39.3406	39.3631	39.36	39.3626	39.3746	39.3611	39.3571	39.3525	39.3533	39.3713	39.5717
Sor-ACeb_015-Ex1-10F-lcwgs-1-3-L2-clmp.r1r2_fastp	39.5207	39.3656	39.3908	39.4199	39.4947	39.5627	39.5718	39.5172	39.5217	39.5142	39.5703	39.5708	39.5927	39.5818	39.5782	39.6369	39.6462	39.6437	39.6473	39.6453	39.6518	39.6499	39.6379	39.6453	39.6425	39.64	39.6348	39.6344	39.6291	39.622	39.6186	39.6339	39.64	39.6377	39.6377	39.6278	39.626	39.6053	39.6211	39.6179	39.6224	39.6199	39.616	39.6177	39.6054	39.5925	39.6153	39.6123	39.6153	39.6149	39.6181	39.607	39.6018	39.5981	39.5989	39.602	39.5986	39.5935	39.5947	39.588	39.5748	39.5808	39.5878	39.5889	39.5792	39.5828	39.5897	39.5852	39.5764	39.5712	39.5842	39.5898	39.5914	39.5861	39.5859	39.5786	39.5709	39.5711	39.5732	39.5775	39.5709	39.57	39.5726	39.564	39.5537	39.5607	39.5657	39.5634	39.5611	39.5543	39.5519	39.548	39.5389	39.5356	39.5422	39.5443	39.5374	39.5348	39.5289	39.5304	39.5267	39.5139	39.5185	39.5207	39.5084	39.5048	39.4904	39.4841	39.4848	39.4744	39.4662	39.4608	39.4577	39.4525	39.4428	39.4369	39.4257	39.4159	39.3891	39.4055	39.4079	39.3964	39.3853	39.3893	39.3759	39.374	39.3644	39.3654	39.3722	39.3741	39.3685	39.3761	39.3535	39.3563	39.3544	39.3604	39.3712	39.3807	39.3741	39.3655	39.3763	39.3675	39.3224	39.3616	39.3464	39.3552	39.3521	39.3448	39.3187	39.434
Sor-ACeb_015-Ex1-10F-lcwgs-1-3-L3-clmp.r1r2_fastp	39.5309	39.4348	39.5542	39.5632	39.6321	39.4161	39.7691	39.6896	39.6341	39.5862	39.6417	39.6467	39.6649	39.678	39.6858	39.7123	39.7087	39.6976	39.7034	39.7017	39.7105	39.7263	39.7217	39.6969	39.6938	39.7027	39.7006	39.694	39.6903	39.6851	39.6875	39.6735	39.6726	39.664	39.6623	39.6561	39.6555	39.6679	39.6799	39.6665	39.6631	39.6616	39.6556	39.6558	39.652	39.6497	39.6659	39.6629	39.6596	39.6547	39.6529	39.6536	39.6477	39.6476	39.634	39.6505	39.6363	39.6329	39.6427	39.6332	39.6293	39.6334	39.6342	39.6174	39.6297	39.6116	39.6179	39.6199	39.6129	39.6111	39.6086	39.6187	39.6062	39.6082	39.6099	39.6042	39.6044	39.6002	39.5978	39.5825	39.5956	39.589	39.6027	39.5956	39.589	39.5946	39.5807	39.5866	39.5921	39.5808	39.5738	39.5752	39.5782	39.5784	39.5791	39.5744	39.5628	39.5754	39.5716	39.569	39.5725	39.5731	39.5479	39.5622	39.5603	39.5486	39.5527	39.5514	39.5399	39.5496	39.5432	39.5401	39.539	39.536	39.5367	39.5304	39.5274	39.5249	39.5113	39.5314	39.5168	39.5302	39.5233	39.5207	39.5222	39.5168	39.5127	39.5118	39.5065	39.509	39.5229	39.5338	39.5197	39.5022	39.501	39.5027	39.5116	39.5	39.4989	39.4926	39.503	39.5064	39.5157	39.5144	39.5017	39.5035	39.4893	39.4902	39.4989	39.6315
Sor-ACeb_016-Ex1-11F-lcwgs-1-3-L2-clmp.r1r2_fastp	39.5027	39.3602	39.3896	39.4212	39.4961	39.5624	39.5745	39.5166	39.5191	39.5115	39.5696	39.5685	39.5892	39.5803	39.5785	39.637	39.6471	39.6426	39.6469	39.6459	39.6527	39.6522	39.6394	39.6451	39.6444	39.642	39.6368	39.6377	39.6335	39.6279	39.6209	39.6383	39.6454	39.6411	39.6431	39.6332	39.633	39.6112	39.6268	39.6259	39.6285	39.6271	39.6225	39.6235	39.6121	39.601	39.6227	39.619	39.6212	39.6239	39.6254	39.6169	39.6098	39.6047	39.6096	39.6121	39.6101	39.6011	39.6052	39.5989	39.5854	39.5897	39.5995	39.6016	39.5922	39.5943	39.603	39.597	39.5917	39.5862	39.6005	39.6032	39.6044	39.5998	39.6003	39.5948	39.588	39.5848	39.591	39.5943	39.5873	39.5879	39.5878	39.5819	39.5737	39.5779	39.5807	39.5801	39.5773	39.5733	39.5731	39.5698	39.5589	39.5606	39.5622	39.5665	39.5586	39.5601	39.5507	39.5536	39.5524	39.5386	39.5431	39.5436	39.5339	39.5312	39.5217	39.5098	39.505	39.4972	39.4896	39.4873	39.4814	39.4795	39.4687	39.4645	39.4554	39.4441	39.416	39.4351	39.4351	39.4272	39.4199	39.4304	39.4125	39.4027	39.3985	39.3984	39.4022	39.4066	39.3967	39.4086	39.3884	39.3927	39.3861	39.3932	39.4022	39.4039	39.4064	39.4026	39.4021	39.3928	39.358	39.3872	39.3754	39.3887	39.3714	39.3664	39.3455	39.4442
Sor-ACeb_016-Ex1-11F-lcwgs-1-3-L3-clmp.r1r2_fastp	39.5184	39.4247	39.5539	39.5636	39.6334	39.4049	39.7664	39.6889	39.6303	39.5855	39.6408	39.6485	39.6637	39.6782	39.6848	39.7131	39.7077	39.6975	39.7041	39.703	39.7131	39.7265	39.7227	39.6974	39.6968	39.7059	39.7041	39.6984	39.6948	39.6887	39.6911	39.6786	39.6799	39.6694	39.6682	39.6616	39.6627	39.6746	39.6857	39.6738	39.6714	39.6686	39.6644	39.6649	39.6623	39.6581	39.674	39.6712	39.6697	39.6628	39.6632	39.6647	39.6555	39.6581	39.6441	39.6612	39.6475	39.6452	39.6555	39.6462	39.643	39.6483	39.6494	39.6294	39.6429	39.6266	39.6314	39.6368	39.6284	39.6252	39.6237	39.6325	39.6222	39.625	39.6252	39.6214	39.6223	39.6178	39.6139	39.5995	39.6158	39.6063	39.6251	39.6145	39.6088	39.6143	39.6016	39.6053	39.6105	39.6033	39.5948	39.5984	39.6013	39.6001	39.602	39.5993	39.5842	39.5995	39.5929	39.586	39.5957	39.5934	39.5733	39.5838	39.5787	39.5715	39.5804	39.574	39.5646	39.5741	39.5657	39.5639	39.5653	39.5581	39.5631	39.555	39.5527	39.5469	39.5411	39.5576	39.5407	39.5524	39.5448	39.5411	39.5421	39.5365	39.5375	39.5369	39.5344	39.5399	39.5446	39.5537	39.5456	39.5309	39.5272	39.5274	39.534	39.5204	39.5296	39.5151	39.5314	39.5335	39.5315	39.5395	39.5309	39.5256	39.5235	39.5146	39.5184	39.6462
Sor-ACeb_017-Ex1-12F-lcwgs-1-3-L2-clmp.r1r2_fastp	39.5129	39.3549	39.399	39.4368	39.5143	39.5757	39.5876	39.5342	39.5375	39.5356	39.5869	39.5863	39.6063	39.5971	39.5926	39.6484	39.6569	39.6543	39.6573	39.6559	39.6601	39.6599	39.6452	39.6526	39.6501	39.6478	39.6422	39.6425	39.6396	39.6324	39.6261	39.6417	39.648	39.6445	39.6445	39.6346	39.6332	39.6134	39.6293	39.6268	39.6283	39.6268	39.6243	39.6255	39.6118	39.5996	39.6209	39.6199	39.6215	39.6235	39.6267	39.6149	39.6093	39.6057	39.6069	39.6101	39.6072	39.6012	39.6019	39.597	39.5802	39.5875	39.5978	39.5983	39.5884	39.5901	39.5977	39.5947	39.5868	39.5821	39.5938	39.5981	39.599	39.5944	39.594	39.5885	39.5821	39.5782	39.5836	39.5837	39.5787	39.5809	39.582	39.5745	39.564	39.5689	39.5745	39.5692	39.5677	39.5643	39.561	39.5577	39.5494	39.5483	39.5502	39.5525	39.5452	39.5465	39.5371	39.5401	39.5381	39.5246	39.5271	39.5318	39.5162	39.517	39.5074	39.4938	39.4927	39.4793	39.4732	39.4733	39.4673	39.4603	39.4574	39.4515	39.4399	39.4327	39.4006	39.4175	39.4259	39.4166	39.4072	39.4095	39.3955	39.3896	39.3823	39.3812	39.3909	39.393	39.3852	39.3925	39.3777	39.383	39.3792	39.3869	39.3939	39.4023	39.4022	39.3951	39.3919	39.3863	39.3517	39.3813	39.3735	39.3841	39.3686	39.3656	39.3451	39.4544
Sor-ACeb_017-Ex1-12F-lcwgs-1-3-L3-clmp.r1r2_fastp	39.5326	39.3582	39.5456	39.5708	39.6534	39.4173	39.7794	39.7084	39.6573	39.6162	39.6668	39.6736	39.6855	39.6997	39.7068	39.7288	39.7263	39.717	39.7216	39.7223	39.7285	39.7426	39.7377	39.714	39.712	39.7188	39.7174	39.7124	39.7103	39.7031	39.7049	39.6939	39.6924	39.6848	39.6847	39.6774	39.6769	39.6874	39.6974	39.6886	39.6858	39.6827	39.6777	39.6775	39.6739	39.6701	39.6889	39.6831	39.6819	39.6751	39.6737	39.6765	39.6678	39.6718	39.6568	39.6717	39.6597	39.657	39.6664	39.6567	39.6542	39.6593	39.6587	39.6412	39.6552	39.639	39.6427	39.645	39.6404	39.6343	39.6341	39.6435	39.6336	39.6324	39.6364	39.6305	39.6307	39.6282	39.6256	39.612	39.6241	39.6167	39.632	39.6217	39.6162	39.6228	39.6118	39.6154	39.6171	39.612	39.6039	39.6054	39.6118	39.6093	39.6085	39.6043	39.5912	39.6006	39.6	39.5929	39.6012	39.6022	39.5815	39.5897	39.5887	39.5783	39.5868	39.582	39.5723	39.5791	39.5715	39.5736	39.5756	39.5663	39.5664	39.5608	39.563	39.5576	39.5469	39.5618	39.5466	39.5575	39.5499	39.5476	39.5468	39.5451	39.5426	39.5384	39.5404	39.5436	39.5477	39.5566	39.5471	39.5396	39.5315	39.5302	39.5377	39.5166	39.5276	39.5094	39.5254	39.5262	39.53	39.543	39.5218	39.5216	39.5144	39.5134	39.5152	39.6427
Sor-ACeb_018-Ex1-1G-lcwgs-1-3-L2-clmp.r1r2_fastp	39.5553	39.3898	39.4849	39.4742	39.515	39.5294	39.5216	39.5311	39.5432	39.5414	39.5874	39.5805	39.5992	39.5886	39.5882	39.6413	39.6503	39.6439	39.6471	39.6456	39.656	39.6563	39.6429	39.6504	39.6484	39.6468	39.6368	39.6332	39.6334	39.6192	39.6146	39.6264	39.6346	39.6321	39.6305	39.6217	39.6251	39.6052	39.6166	39.6108	39.6136	39.612	39.6084	39.6097	39.5986	39.5883	39.6087	39.6058	39.6057	39.6063	39.6088	39.5977	39.5926	39.5864	39.5896	39.5928	39.589	39.5818	39.584	39.5764	39.5624	39.5655	39.5735	39.5747	39.5648	39.5673	39.5757	39.5696	39.5648	39.5576	39.5691	39.5711	39.5716	39.5669	39.5666	39.5601	39.5563	39.5526	39.5561	39.5585	39.5508	39.5519	39.5513	39.5438	39.5351	39.5387	39.5425	39.5398	39.5381	39.5323	39.5309	39.5267	39.5178	39.516	39.5175	39.5206	39.5147	39.5126	39.5051	39.5087	39.5061	39.4914	39.4937	39.4952	39.4831	39.4811	39.4718	39.4602	39.4576	39.4459	39.4405	39.4395	39.431	39.4281	39.4192	39.4125	39.4033	39.3937	39.3667	39.379	39.3829	39.3754	39.3677	39.3676	39.3589	39.3537	39.3438	39.343	39.3508	39.3526	39.3472	39.3551	39.3398	39.3424	39.3351	39.344	39.3512	39.3557	39.358	39.3547	39.3509	39.3482	39.3062	39.3326	39.3338	39.3312	39.3184	39.3178	39.3068	39.4369
Sor-ACeb_018-Ex1-1G-lcwgs-1-3-L3-clmp.r1r2_fastp	39.5683	39.4825	39.6342	39.6024	39.634	39.4291	39.7443	39.6779	39.6336	39.5824	39.6373	39.6411	39.6564	39.6696	39.6768	39.7102	39.7036	39.6901	39.6933	39.6933	39.7085	39.7225	39.7165	39.6909	39.6933	39.6988	39.6961	39.6877	39.6883	39.6748	39.6735	39.6616	39.6636	39.6577	39.6554	39.6472	39.6478	39.658	39.6675	39.6538	39.651	39.6488	39.6443	39.6455	39.6417	39.6382	39.6556	39.652	39.6494	39.6414	39.6407	39.6389	39.633	39.6334	39.6197	39.635	39.6233	39.6201	39.6292	39.6184	39.6158	39.6195	39.6178	39.6001	39.6128	39.597	39.6024	39.6051	39.5992	39.595	39.5891	39.599	39.5882	39.59	39.5905	39.5872	39.5872	39.5824	39.5791	39.566	39.5789	39.5702	39.5842	39.5756	39.5698	39.5744	39.5618	39.5668	39.5688	39.5624	39.5541	39.5575	39.5577	39.5553	39.5561	39.5521	39.5396	39.5511	39.5477	39.543	39.5506	39.5486	39.5273	39.536	39.5323	39.5252	39.5315	39.5237	39.5126	39.5253	39.5172	39.5131	39.5178	39.5093	39.5121	39.5052	39.5015	39.496	39.4897	39.5048	39.4895	39.4987	39.4935	39.4878	39.4892	39.4866	39.4811	39.4817	39.4789	39.4838	39.488	39.4967	39.489	39.4744	39.4741	39.4722	39.4791	39.4647	39.4726	39.4613	39.4767	39.4709	39.4767	39.4836	39.4695	39.4637	39.4576	39.4534	39.466	39.6186
Sor-ACeb_019-Ex1-3G-lcwgs-1-3-L2-clmp.r1r2_fastp	39.2763	39.0715	39.2425	39.2063	39.2754	39.2676	39.2676	39.3209	39.3352	39.3684	39.4338	39.3853	39.4329	39.4069	39.4209	39.4886	39.4974	39.4993	39.5152	39.5032	39.5269	39.5081	39.5211	39.5339	39.5346	39.5225	39.5115	39.5018	39.5155	39.479	39.4931	39.5085	39.5289	39.516	39.5098	39.5193	39.5156	39.4893	39.5017	39.513	39.5074	39.5278	39.4901	39.5029	39.488	39.495	39.5014	39.4795	39.4943	39.5227	39.493	39.4859	39.4914	39.4836	39.5044	39.4611	39.4821	39.4968	39.4922	39.459	39.4711	39.4654	39.4928	39.4819	39.4641	39.4743	39.4609	39.459	39.4824	39.4508	39.5028	39.5061	39.4932	39.4701	39.4909	39.479	39.4565	39.4548	39.5088	39.4774	39.4927	39.4475	39.4832	39.4935	39.4451	39.5114	39.4853	39.4573	39.4825	39.4588	39.4366	39.4843	39.4802	39.4597	39.4407	39.4424	39.4566	39.4632	39.4331	39.4471	39.4799	39.431	39.4219	39.3876	39.4251	39.4221	39.3883	39.3695	39.3949	39.4321	39.4108	39.4252	39.3722	39.381	39.3301	39.3819	39.4163	39.3356	39.3961	39.3632	39.2846	39.384	39.3228	39.4156	39.3397	39.3404	39.3096	39.3852	39.5269	39.3111	39.3887	39.3839	39.3067	39.3705	39.3882	39.344	39.374	39.2273	39.3616	39.4486	39.3732	39.4535	39.1958	39.3716	39.4898	39.4299	39.3604	39.4686	39.4321	39.4058
Sor-ACeb_019-Ex1-3G-lcwgs-1-3-L3-clmp.r1r2_fastp	39.3387	39.1809	39.4189	39.4126	39.4541	39.2098	39.4985	39.4874	39.4282	39.4685	39.4823	39.4489	39.4983	39.5197	39.5068	39.5785	39.5453	39.5562	39.5237	39.5585	39.5889	39.5941	39.6047	39.5426	39.5766	39.547	39.5608	39.5814	39.566	39.527	39.5553	39.5459	39.5404	39.4967	39.5277	39.5032	39.5112	39.5076	39.5269	39.5065	39.4899	39.4886	39.4993	39.5315	39.5144	39.4993	39.5465	39.547	39.5022	39.439	39.4957	39.4861	39.5203	39.5328	39.5054	39.5002	39.4896	39.5119	39.4671	39.4868	39.4932	39.5044	39.4945	39.4893	39.458	39.383	39.4566	39.4228	39.503	39.4589	39.4693	39.5124	39.4756	39.4828	39.4514	39.3962	39.5429	39.5094	39.3918	39.5069	39.4907	39.5068	39.5278	39.4237	39.4081	39.444	39.5402	39.4435	39.3922	39.4715	39.4497	39.4149	39.4644	39.5339	39.4032	39.4368	39.4208	39.4806	39.4875	39.4992	39.4856	39.3871	39.5484	39.4621	39.4082	39.5056	39.2956	39.4284	39.4536	39.4659	39.4171	39.5244	39.3903	39.5263	39.4281	39.422	39.5599	39.3352	39.5505	39.4599	39.4695	39.4388	39.3277	39.1588	39.4957	39.3683	39.4764	39.509	39.3245	39.3844	39.3801	39.5608	39.365	39.5992	39.556	39.4167	39.658	39.4723	39.5303	39.3167	39.5686	39.575	39.6154	39.4947	39.5398	39.5916	39.7282	39.602	39.6675	39.6818
Sor-ACeb_020-Ex1-2G-lcwgs-1-3-L2-clmp.r1r2_fastp	39.2439	39.1805	39.3672	39.3804	39.4716	39.4656	39.4877	39.4733	39.4792	39.4733	39.524	39.5146	39.54	39.5223	39.5266	39.6098	39.6158	39.6052	39.6211	39.6116	39.6329	39.6191	39.5979	39.6066	39.6165	39.608	39.6118	39.6058	39.6075	39.5888	39.5811	39.5899	39.609	39.6	39.5946	39.5807	39.5913	39.5399	39.5755	39.5544	39.5683	39.5364	39.5491	39.5232	39.5325	39.4676	39.5206	39.4706	39.5157	39.4436	39.4936	39.4108	39.4675	39.3728	39.4253	39.3635	39.4106	39.291	39.3733	39.2693	39.3406	39.2239	39.3364	39.2361	39.3194	39.2019	39.3262	39.2051	39.2791	39.1727	39.284	39.1927	39.2912	39.1815	39.2627	39.1695	39.2367	39.1469	39.2454	39.1677	39.2336	39.1667	39.2566	39.152	39.219	39.1716	39.2399	39.1719	39.2481	39.1803	39.2455	39.1623	39.2441	39.1918	39.2462	39.1928	39.2691	39.2096	39.2548	39.2239	39.2586	39.2052	39.2599	39.2295	39.2531	39.2148	39.2283	39.2211	39.235	39.1707	39.1962	39.184	39.2071	39.1694	39.1991	39.1891	39.1701	39.1717	39.1421	39.1648	39.1637	39.1378	39.157	39.1516	39.1554	39.1321	39.1433	39.1307	39.1286	39.1457	39.1741	39.1478	39.1066	39.1744	39.1533	39.1539	39.1666	39.1905	39.1907	39.193	39.1661	39.1491	39.1351	39.1655	39.1665	39.1761	39.1709	39.1811	39.1162	39.3322
Sor-ACeb_020-Ex1-2G-lcwgs-1-3-L3-clmp.r1r2_fastp	39.4602	39.3313	39.5753	39.5677	39.5995	39.3026	39.7071	39.6594	39.6046	39.5613	39.6005	39.6025	39.6176	39.6348	39.641	39.6861	39.6616	39.6712	39.6801	39.6761	39.687	39.7045	39.6828	39.6642	39.6708	39.6713	39.6774	39.6713	39.6657	39.6629	39.6576	39.6478	39.634	39.6411	39.6328	39.6251	39.6294	39.6338	39.6493	39.6398	39.6337	39.6222	39.6211	39.6157	39.6098	39.6109	39.6188	39.6178	39.6099	39.6009	39.5935	39.599	39.5701	39.5693	39.562	39.5762	39.5507	39.5487	39.5514	39.5435	39.5246	39.5217	39.5159	39.483	39.5085	39.4876	39.4985	39.4923	39.4866	39.4642	39.467	39.4738	39.4473	39.463	39.4575	39.4507	39.4294	39.432	39.4217	39.4277	39.4286	39.4218	39.4313	39.4212	39.4304	39.4225	39.4042	39.426	39.4215	39.4114	39.4168	39.4173	39.4207	39.4239	39.4046	39.4082	39.3934	39.4084	39.414	39.4164	39.4298	39.4337	39.3792	39.4124	39.4018	39.3813	39.409	39.4016	39.3952	39.4017	39.385	39.3793	39.3957	39.3961	39.4005	39.381	39.3803	39.36	39.3647	39.3898	39.3851	39.3914	39.3844	39.3649	39.3739	39.3561	39.3464	39.3448	39.3826	39.3692	39.3753	39.3924	39.371	39.3367	39.385	39.3411	39.3732	39.3698	39.3726	39.3372	39.3636	39.3388	39.3588	39.4004	39.3502	39.3848	39.3541	39.3901	39.3766	39.5755
Sor-ACeb_021-Ex1-4G-lcwgs-1-3-L2-clmp.r1r2_fastp	39.3824	39.1671	39.2963	39.2897	39.2943	39.3373	39.3699	39.3446	39.3833	39.421	39.4464	39.4373	39.4705	39.4983	39.4782	39.5193	39.5305	39.5359	39.5891	39.5444	39.5836	39.6075	39.5341	39.5551	39.5625	39.597	39.553	39.5242	39.549	39.5493	39.5465	39.5748	39.5378	39.5378	39.5963	39.5577	39.5538	39.5244	39.5762	39.5128	39.5587	39.5357	39.5138	39.545	39.5195	39.5494	39.5522	39.5633	39.5361	39.5303	39.5398	39.5673	39.5253	39.5631	39.5252	39.5766	39.5664	39.6002	39.5178	39.5274	39.5984	39.563	39.5416	39.6001	39.5715	39.5506	39.5901	39.5599	39.5208	39.504	39.5907	39.5805	39.5637	39.5614	39.5977	39.5761	39.5811	39.5425	39.5886	39.5568	39.5236	39.5813	39.6086	39.5062	39.531	39.523	39.5371	39.5507	39.535	39.5246	39.4303	39.5235	39.4929	39.4992	39.5267	39.6083	39.4892	39.4797	39.4399	39.4065	39.4738	39.4908	39.5177	39.4895	39.4329	39.4713	39.5287	39.5761	39.3987	39.5515	39.4864	39.4711	39.4593	39.5202	39.5559	39.4215	39.4602	39.4481	39.3943	39.5642	39.4067	39.474	39.3635	39.6118	39.3419	39.3872	39.4049	39.5776	39.5775	39.5445	39.3732	39.2834	39.2548	39.3853	39.6401	39.409	39.1648	39.3702	39.3482	39.7122	39.4646	39.4487	39.4589	39.4209	39.2589	39.4101	39.4988	39.0643	38.9324	39.191
Sor-ACeb_021-Ex1-4G-lcwgs-1-3-L3-clmp.r1r2_fastp	39.4588	39.2631	39.5205	39.5203	39.494	39.2502	39.6136	39.5826	39.508	39.5015	39.5438	39.5812	39.6268	39.579	39.5893	39.6539	39.6354	39.5686	39.6259	39.5865	39.6299	39.6223	39.7025	39.6668	39.6399	39.5899	39.6363	39.6268	39.6444	39.5865	39.6581	39.5921	39.5991	39.6231	39.5778	39.6246	39.672	39.5946	39.6788	39.5439	39.5368	39.5855	39.6057	39.6277	39.5654	39.5619	39.6438	39.593	39.5504	39.5708	39.611	39.6079	39.4938	39.5337	39.5801	39.5987	39.505	39.549	39.614	39.5158	39.6131	39.5665	39.5896	39.6355	39.4957	39.5186	39.5943	39.5267	39.5085	39.4586	39.5845	39.593	39.5474	39.4609	39.5134	39.5064	39.5134	39.5218	39.5488	39.5033	39.5747	39.5041	39.5009	39.5006	39.5328	39.4453	39.4756	39.4671	39.6749	39.5226	39.5696	39.5056	39.5387	39.4609	39.4414	39.4939	39.3821	39.3544	39.3316	39.4401	39.2391	39.4716	39.5117	39.4929	39.243	39.4028	39.4557	39.4543	39.6532	39.3891	39.4234	39.315	39.2334	39.4906	39.39	39.4542	39.4243	39.5011	39.1354	39.4439	39.5443	39.527	39.1937	39.5211	39.419	38.9327	38.8673	39.2554	39.5805	39.0711	39.2308	39.284	39.2564	39.4405	39.3575	39.1745	38.9951	39.0104	39.0695	39.2928	38.7458	39.3333	39.2209	39.5871	38.9605	39.0274	38.7482	38.9173	39.0308	39.0667
Sor-ACeb_022-Ex1-5G-lcwgs-1-3-L2-clmp.r1r2_fastp	39.5467	39.3723	39.5035	39.5005	39.5441	39.5578	39.555	39.5664	39.5751	39.5702	39.6113	39.6047	39.6203	39.6093	39.6057	39.659	39.6627	39.6567	39.6551	39.6518	39.6577	39.6551	39.6334	39.639	39.6346	39.6308	39.62	39.6146	39.6099	39.5947	39.5822	39.5979	39.6039	39.5966	39.5939	39.584	39.5856	39.5583	39.5694	39.5638	39.5667	39.5605	39.5541	39.5565	39.5375	39.5247	39.5459	39.5425	39.5405	39.5387	39.5406	39.5235	39.5198	39.5126	39.5166	39.5132	39.5111	39.5003	39.5041	39.4938	39.4817	39.48	39.491	39.4898	39.4795	39.4805	39.4901	39.4806	39.475	39.4645	39.4749	39.4774	39.477	39.4718	39.4723	39.462	39.4592	39.4568	39.4596	39.4646	39.4592	39.4585	39.4608	39.4485	39.4451	39.447	39.4522	39.4536	39.4492	39.448	39.4481	39.4427	39.4375	39.4313	39.4381	39.4406	39.4382	39.4383	39.4315	39.4343	39.4371	39.4227	39.4247	39.435	39.4279	39.4214	39.4103	39.4046	39.4006	39.3907	39.3884	39.3896	39.3818	39.3846	39.3721	39.3644	39.3617	39.3451	39.3265	39.3443	39.3489	39.3424	39.3393	39.3396	39.3379	39.3349	39.3211	39.3222	39.3396	39.341	39.3379	39.3485	39.3381	39.3405	39.3376	39.3552	39.3603	39.3659	39.3787	39.372	39.372	39.3739	39.3369	39.3667	39.3649	39.3702	39.3564	39.3526	39.3403	39.4621
Sor-ACeb_022-Ex1-5G-lcwgs-1-3-L3-clmp.r1r2_fastp	39.5623	39.4237	39.636	39.6257	39.6616	39.4318	39.7548	39.7038	39.6594	39.616	39.6672	39.6728	39.6818	39.6962	39.6982	39.7306	39.7218	39.7116	39.7116	39.7097	39.7193	39.732	39.7228	39.6975	39.6984	39.6986	39.6957	39.6878	39.6834	39.6715	39.662	39.6548	39.652	39.6428	39.6371	39.6322	39.6274	39.6349	39.6444	39.6327	39.6248	39.6207	39.6133	39.6127	39.6097	39.6024	39.6194	39.6135	39.6092	39.5982	39.5967	39.5936	39.5827	39.5848	39.5686	39.5839	39.5702	39.5686	39.5752	39.5652	39.5619	39.5595	39.5591	39.5399	39.5493	39.5365	39.5397	39.5394	39.5367	39.5267	39.5198	39.5358	39.5253	39.5235	39.5238	39.5183	39.5206	39.517	39.5132	39.4929	39.5145	39.505	39.5194	39.5097	39.5054	39.512	39.5017	39.5038	39.5083	39.5029	39.4978	39.4974	39.5032	39.5049	39.5033	39.4984	39.4918	39.4992	39.5061	39.4997	39.5068	39.5085	39.4889	39.5004	39.5022	39.4911	39.5028	39.5001	39.4905	39.5013	39.4919	39.4944	39.4993	39.4931	39.499	39.4916	39.4918	39.4905	39.4832	39.5082	39.483	39.4983	39.498	39.4887	39.4955	39.4924	39.4954	39.4935	39.4997	39.5031	39.5091	39.5249	39.5148	39.5016	39.4972	39.5068	39.5073	39.4994	39.5042	39.4923	39.5233	39.5114	39.5095	39.5288	39.5163	39.5107	39.5079	39.5009	39.5135	39.6447
