Sample	1	2	3	4	5	6	7	8	9	10	11	12	13	14	15	16	17	18	19	20	21	22	23	24	25	26	27	28	29	30	31	32	33	34	35	36	37	38	39	40	41	42	43	44	45	46	47	48	49	50	51	52	53	54	55	56	57	58	59	60	61	62	63	64	65	66	67	68	69	70	71	72	73	74	75	76	77	78	79	80	81	82	83	84	85	86	87	88	89	90	91	92	93	94	95	96	97	98	99	100	101	102	103	104	105	106	107	108	109	110	111	112	113	114	115	116	117	118	119	120	121	122	123	124	125	126	127	128	129	130	131	132	133	134	135	136	137	138	139	140	141	142	143	144	145	146	147	148	149	150
Sor-ACeb_001-Ex1-8E-lcwgs-1-3-L2-clmp.r1r2_fastp	43.7383	33.285	33.7712	32.5917	32.8057	32.2219	31.719599999999996	32.1563	32.6395	32.348	35.0344	34.9402	34.1552	33.9951	33.8101	33.6441	33.737899999999996	33.7044	33.7605	33.9944	33.9661	34.0324	33.859899999999996	33.6357	33.5182	33.5333	33.380500000000005	33.4589	33.535	33.5202	33.6503	33.6926	33.7023	33.6383	33.6256	33.5063	33.5262	33.470299999999995	33.4459	33.4767	33.6294	33.654	33.5658	33.6455	33.476800000000004	33.4725	33.3695	33.3938	33.3295	33.4668	33.4611	33.5351	33.5532	33.4993	33.4478	33.4455	33.4113	33.3978	33.3572	33.359	33.4182	33.441900000000004	33.3708	33.4087	33.4258	33.331300000000006	33.3178	33.3142	33.2548	33.289	33.3693	33.354299999999995	33.4263	33.427099999999996	33.3928	33.4247	33.4539	33.3772	33.3684	33.5199	33.4049	33.4677	33.5257	33.4785	33.4214	33.5388	33.4925	33.4814	33.6312	33.5076	33.5947	33.7603	33.745999999999995	33.7598	33.8641	33.7924	33.8677	33.9289	33.794999999999995	33.85	33.996700000000004	33.8422	34.0493	34.2408	34.1571	34.2212	34.2695	34.208800000000004	34.3046	34.4945	34.3347	34.4582	34.781600000000005	34.5954	34.6507	34.9535	34.897099999999995	34.9049	35.046	35.106	35.180499999999995	35.4325	35.362300000000005	35.4916	35.7244	35.5635	35.8591	36.107099999999996	35.9075	36.148799999999994	36.3527	36.2381	36.4715	36.9295	36.593399999999995	37.046600000000005	37.082300000000004	37.067499999999995	37.5493	37.8009	37.6584	38.1973	38.372299999999996	38.5015	38.7435	39.346399999999996	38.8362	38.992399999999996	39.5076	38.7142
Sor-ACeb_001-Ex1-8E-lcwgs-1-3-L3-clmp.r1r2_fastp	43.4617	33.0122	33.488	32.31	32.535	31.937700000000003	31.4541	31.904700000000002	32.3386	32.0828	34.7078	34.637299999999996	33.8335	33.7069	33.4707	33.3581	33.4113	33.4285	33.4228	33.775800000000004	33.646300000000004	33.6569	33.6262	33.3633	33.2152	33.1962	33.0426	33.135	33.2548	33.244800000000005	33.3904	33.4793	33.406000000000006	33.339800000000004	33.409	33.194	33.196799999999996	33.193	33.2143	33.176899999999996	33.366600000000005	33.3845	33.3018	33.3556	33.2355	33.1764	33.156	32.990199999999994	33.0171	33.126	33.0816	33.2269	33.2051	33.1761	33.1422	33.2001	33.102	33.144800000000004	33.0233	33.023599999999995	33.1266	33.075700000000005	33.0835	33.0867	33.1125	32.9706	32.9666	33.0214	32.8805	33.0151	33.0266	33.0378	33.0937	33.1652	33.090199999999996	33.0251	33.1012	33.016600000000004	33.0211	33.091	33.1531	33.102399999999996	33.1883	33.1183	33.0959	33.0648	33.0991	33.0537	33.2656	33.164300000000004	33.1652	33.3748	33.3102	33.3234	33.416000000000004	33.4126	33.3758	33.3673	33.4414	33.4343	33.3861	33.4787	33.5307	33.7645	33.584599999999995	33.5939	33.820899999999995	33.6787	33.6278	33.8943	33.8921	33.9844	34.117	34.0523	34.1822	34.3374	34.1819	34.1732	34.4469	34.3534	34.429500000000004	34.6835	34.6134	34.752300000000005	34.9556	34.8276	35.0047	35.093	35.1083	35.3689	35.4199	35.360200000000006	35.5416	35.9724	35.7365	35.989	36.3853	35.9709	36.4766	36.722	36.8904	37.0771	37.5666	37.563	37.750699999999995	38.1222	37.6074	38.1729	38.5182	38.252
Sor-ACeb_002-Ex1-9E-lcwgs-1-3-L2-clmp.r1r2_fastp	48.098800000000004	37.0856	38.2962	37.585499999999996	38.2003	37.688100000000006	37.2267	37.7853	38.3777	37.6251	40.6055	40.5135	39.7685	39.6195	39.3962	39.1279	39.469100000000005	39.1394	39.204	39.6492	39.500800000000005	39.462599999999995	39.561600000000006	39.1496	39.2036	39.2499	38.9606	39.1776	39.34	39.1054	39.420300000000005	39.4453	39.3607	39.3312	39.4247	39.1629	39.293099999999995	39.197900000000004	39.1443	39.126	39.3959	39.2086	39.2939	39.2757	39.2994	39.1526	39.3107	39.0403	39.0933	39.2199	39.1644	39.147999999999996	39.3755	39.0644	39.204299999999996	39.368900000000004	39.171099999999996	39.03	39.292899999999996	38.9859	39.2057	39.2427	39.068599999999996	39.2465	39.3162	39.0391	39.188	39.2654	39.1861	39.1224	39.330799999999996	39.1743	39.2146	39.3326	39.2693	39.198	39.4592	39.2713	39.265299999999996	39.4921	39.3493	39.1889	39.545	39.455400000000004	39.3959	39.5754	39.3476	39.5499	39.793800000000005	39.4654	39.634	39.8491	39.671800000000005	39.7293	39.9939	39.7997	39.9407	39.874900000000004	39.9138	39.9681	40.2055	39.8892	40.1244	40.4048	40.1745	40.2205	40.6363	40.313300000000005	40.461000000000006	40.6866	40.5176	40.5927	41.1033	40.6628	40.8902	41.3122	40.9996	40.954800000000006	41.4603	41.1225	41.3713	41.7573	41.421	41.5603	42.127700000000004	41.735	42.1655	42.485099999999996	42.1343	42.231	42.593399999999995	42.3017	42.647400000000005	42.9966	42.4497	42.9805	43.4608	42.951899999999995	43.2836	43.8003	43.292500000000004	43.6641	44.3222	43.967600000000004	44.238	44.7075	44.2674	44.384299999999996	45.0802	43.7819
Sor-ACeb_002-Ex1-9E-lcwgs-1-3-L3-clmp.r1r2_fastp	48.207499999999996	37.2144	38.2597	37.685	38.3506	37.7708	37.2949	37.8605	38.4358	37.7254	40.7569	40.6701	39.840900000000005	39.6828	39.468399999999995	39.2832	39.5262	39.2757	39.346	39.7436	39.4714	39.5118	39.6843	39.2565	39.3428	39.3909	39.0345	39.248	39.425	39.242399999999996	39.5064	39.6008	39.427099999999996	39.4808	39.5174	39.2907	39.318	39.271899999999995	39.2141	39.1843	39.543800000000005	39.2877	39.3708	39.433299999999996	39.3095	39.2773	39.3864	39.1259	39.1726	39.3115	39.2687	39.3074	39.4598	39.1461	39.3162	39.454299999999996	39.2877	39.1481	39.385	39.0938	39.3202	39.2969	39.152100000000004	39.311800000000005	39.3381	39.1406	39.3105	39.3444	39.1438	39.2276	39.3848	39.2966	39.320699999999995	39.4169	39.3285	39.3361	39.570100000000004	39.2795	39.3426	39.4939	39.4327	39.2699	39.6231	39.4699	39.467	39.7003	39.5454	39.5396	39.9457	39.5531	39.7007	39.9561	39.7557	39.8708	40.071200000000005	39.8311	40.0754	40.0131	39.8988	40.0809	40.2556	40.0674	40.1606	40.3742	40.1759	40.4313	40.697	40.4287	40.6229	40.8155	40.6235	40.6933	41.1847	40.8965	41.0495	41.3789	41.1141	41.0487	41.5663	41.334900000000005	41.552299999999995	41.9043	41.611599999999996	41.7837	42.3381	41.8115	42.147600000000004	42.519400000000005	42.2717	42.5193	42.791000000000004	42.3889	42.7157	43.2751	42.741	43.1509	43.5683	43.0974	43.6745	43.903999999999996	43.757000000000005	43.9916	44.3198	44.054700000000004	44.5863	44.917699999999996	44.2104	44.7712	45.1537	44.488499999999995
Sor-ACeb_003-Ex1-10E-lcwgs-1-3-L2-clmp.r1r2_fastp	44.8013	35.3859	36.1969	35.0871	35.7803	35.2966	34.835899999999995	35.2054	35.721199999999996	35.3079	37.9537	37.7025	37.1254	36.8911	36.7469	36.5946	36.6686	36.689699999999995	36.7504	36.8351	36.9236	36.8334	36.8116	36.632999999999996	36.6269	36.4947	36.4154	36.4482	36.5537	36.5789	36.6384	36.625	36.6369	36.5833	36.5375	36.4336	36.3654	36.2859	36.2672	36.2735	36.3722	36.332	36.3525	36.2631	36.2552	36.1363	36.0978	35.989	35.9792	36.0039	36.018899999999995	36.027	36.0571	35.9948	35.942299999999996	35.943599999999996	35.9242	35.7684	35.8352	35.7786	35.8749	35.838	35.8761	35.8661	35.8532	35.771300000000004	35.7647	35.7183	35.721799999999995	35.6437	35.720800000000004	35.75	35.727599999999995	35.6935	35.7728	35.6428	35.6823	35.6293	35.5961	35.6539	35.632999999999996	35.6099	35.6541	35.5918	35.6473	35.6216	35.5518	35.5906	35.6115	35.5207	35.5753	35.5768	35.5838	35.6616	35.6512	35.558299999999996	35.6206	35.4775	35.546499999999995	35.4712	35.552	35.522999999999996	35.5288	35.633900000000004	35.5821	35.5836	35.5436	35.475	35.5174	35.522	35.5217	35.528999999999996	35.6758	35.7663	35.6837	35.6319	35.756	35.5661	35.7365	35.6826	35.637600000000006	35.834500000000006	35.788599999999995	35.8814	35.937400000000004	36.0155	35.9123	36.039300000000004	36.119099999999996	36.0385	36.3643	36.138999999999996	35.9914	36.4639	36.437999999999995	36.4355	36.8052	36.5471	36.544900000000005	36.7715	36.6903	36.7954	37.292199999999994	37.1351	37.413999999999994	37.3475	37.345	37.624	37.7137	37.0582
Sor-ACeb_003-Ex1-10E-lcwgs-1-3-L3-clmp.r1r2_fastp	44.4253	35.4398	36.0927	35.1245	35.797200000000004	35.3052	34.871	35.1978	35.6669	35.2861	37.866699999999994	37.7205	37.0998	36.8533	36.769600000000004	36.5471	36.661100000000005	36.6322	36.7034	36.788	36.8723	36.8066	36.7885	36.6178	36.5376	36.4616	36.4401	36.4393	36.5546	36.4871	36.6258	36.6668	36.6199	36.5594	36.5524	36.418099999999995	36.3149	36.2986	36.2958	36.2385	36.3238	36.2518	36.313	36.2828	36.1925	36.087	36.0396	35.9388	35.9541	35.910399999999996	36.0203	35.9799	36.0169	35.9804	35.951499999999996	35.9083	35.9004	35.7782	35.7842	35.7575	35.8281	35.822700000000005	35.8613	35.8155	35.8446	35.7467	35.7804	35.7031	35.6846	35.6627	35.7232	35.7288	35.7425	35.7273	35.727599999999995	35.6929	35.681400000000004	35.6362	35.616	35.584199999999996	35.6827	35.6443	35.7118	35.6593	35.6419	35.6592	35.6338	35.5892	35.5712	35.5922	35.6206	35.6069	35.623599999999996	35.551700000000004	35.6898	35.5949	35.6043	35.5771	35.4504	35.560399999999994	35.5863	35.5769	35.5706	35.632000000000005	35.6991	35.5101	35.6902	35.5527	35.522999999999996	35.6327	35.6502	35.6148	35.7319	35.7716	35.788199999999996	35.8257	35.8886	35.661300000000004	35.7819	35.8091	35.857099999999996	36.0534	35.9861	36.0257	36.1972	36.1672	36.193999999999996	36.1658	36.2068	36.1701	36.288599999999995	36.3269	36.4696	36.704	36.770199999999996	36.783	36.9161	36.855199999999996	37.1636	37.262499999999996	37.0771	37.256699999999995	37.5549	37.57	37.5608	37.6204	37.915	38.0969	38.312200000000004	38.197399999999995
Sor-ACeb_004-Ex1-11E-lcwgs-1-3-L2-clmp.r1r2_fastp	44.8773	35.577799999999996	36.6648	36.1214	36.5089	36.1786	35.802499999999995	36.3792	36.8248	36.1655	38.7439	38.6688	37.906600000000005	37.7243	37.6586	37.5254	37.7606	37.5711	37.603500000000004	37.939	37.8376	37.7857	37.804300000000005	37.6053	37.6122	37.612	37.4427	37.5836	37.6892	37.5762	37.783899999999996	37.8042	37.7474	37.7077	37.7404	37.622699999999995	37.5934	37.514199999999995	37.4882	37.4703	37.5955	37.547999999999995	37.565	37.568200000000004	37.5732	37.4266	37.4801	37.3286	37.311299999999996	37.3635	37.3429	37.412099999999995	37.480599999999995	37.284800000000004	37.3774	37.4381	37.3311	37.1755	37.297999999999995	37.1616	37.292500000000004	37.2147	37.2055	37.2645	37.244	37.0907	37.2276	37.1522	37.127700000000004	37.0764	37.176500000000004	37.183699999999995	37.186099999999996	37.1522	37.1365	37.0719	37.1789	37.0766	37.028	37.1307	37.1332	36.9662	37.1635	37.066500000000005	37.064	37.1807	36.979	37.066700000000004	37.278099999999995	37.0342	37.1598	37.306	37.241	37.205	37.2936	37.2256	37.3865	37.236599999999996	37.247	37.2996	37.4234	37.342999999999996	37.3797	37.6426	37.490899999999996	37.535000000000004	37.728899999999996	37.5654	37.6899	37.7895	37.7509	37.830799999999996	38.1475	37.9992	38.0467	38.3527	38.2202	38.1303	38.4994	38.333099999999995	38.5156	38.826100000000004	38.6883	38.872099999999996	39.3106	38.8568	39.2271	39.5216	39.4603	39.5484	39.9372	39.6341	39.9273	40.423500000000004	40.024300000000004	40.4171	40.7784	40.4448	40.7713	41.4687	41.0569	41.4073	41.8402	41.735699999999994	41.93	42.4079	42.095	42.6185	43.1087	41.9462
Sor-ACeb_004-Ex1-11E-lcwgs-1-3-L3-clmp.r1r2_fastp	44.797599999999996	35.6357	36.6144	36.122	36.5383	36.1854	35.804	36.357	36.830600000000004	36.205999999999996	38.7456	38.7072	37.9141	37.7125	37.6473	37.5278	37.7656	37.557	37.6325	37.9033	37.8477	37.801	37.7956	37.5817	37.6179	37.5933	37.447	37.5815	37.6907	37.6138	37.7652	37.8148	37.7732	37.7109	37.7186	37.5878	37.5581	37.5311	37.576100000000004	37.5017	37.6445	37.5473	37.561	37.6105	37.567499999999995	37.479600000000005	37.4559	37.379400000000004	37.3358	37.3882	37.3555	37.4365	37.506499999999996	37.291999999999994	37.336999999999996	37.4307	37.3475	37.2131	37.2927	37.1769	37.3207	37.2079	37.203	37.2799	37.2746	37.1357	37.2398	37.1888	37.1269	37.0776	37.1875	37.150800000000004	37.1683	37.147000000000006	37.1566	37.111	37.2442	37.0633	37.108200000000004	37.1282	37.1392	37.0424	37.197	37.1462	37.0952	37.229099999999995	37.1188	37.126	37.3002	37.1021	37.175999999999995	37.3341	37.2611	37.2524	37.428	37.3097	37.4066	37.292500000000004	37.3291	37.3909	37.513200000000005	37.3377	37.4852	37.697599999999994	37.63	37.636399999999995	37.7799	37.711	37.7806	37.9306	37.8512	37.9216	38.3044	38.0767	38.1691	38.4505	38.3254	38.3094	38.669799999999995	38.445800000000006	38.7334	38.9437	38.8666	39.0072	39.4671	39.0925	39.5052	39.7272	39.6124	39.708	40.0366	39.8422	40.1069	40.605999999999995	40.2349	40.5937	41.0159	40.6759	41.1047	41.5971	41.322900000000004	41.698	42.1857	41.9403	42.1786	42.7181	42.3557	42.8195	43.318400000000004	42.8069
Sor-ACeb_005-Ex1-12E-lcwgs-1-3-L2-clmp.r1r2_fastp	55.4536	48.8137	45.2434	46.4061	47.6149	46.6981	46.0464	47.9366	47.1273	46.2435	49.6626	49.2806	48.4573	48.9047	47.827999999999996	48.0409	48.8468	47.9474	48.0673	49.0476	47.8846	48.0973	48.767500000000005	47.7097	47.874100000000006	48.6656	47.603899999999996	48.03	48.7106	47.7975	48.0241	48.815599999999996	47.849599999999995	48.0809	48.7237	47.824	47.9584	48.714800000000004	47.755700000000004	48.0498	48.7289	47.875099999999996	47.983399999999996	48.8067	47.866	48.0538	48.7421	47.8491	47.9916	48.8483	47.9019	48.1472	48.889700000000005	47.8707	48.166399999999996	48.989	47.979699999999994	48.240300000000005	48.992999999999995	48.1211	48.3804	49.1214	48.1934	48.5976	49.2638	48.3149	48.6507	49.4706	48.5741	48.8533	49.7147	48.8834	49.1526	50.0192	49.1401	49.4468	50.3676	49.458800000000004	49.751400000000004	50.761900000000004	49.816700000000004	50.124	51.1525	50.2096	50.559	51.5616	50.5321	50.9717	52.0586	50.9918	51.42020000000001	52.4953	51.427800000000005	51.889399999999995	52.9351	51.89470000000001	52.3871	53.356300000000005	52.2719	52.7936	53.859100000000005	52.6855	53.1555	54.3253	53.163700000000006	53.620400000000004	54.6948	53.5318	53.9972	55.1153	53.9156	54.3671	55.4608	54.218500000000006	54.651700000000005	55.794200000000004	54.4929	54.8945	56.104200000000006	54.7513	55.253099999999996	56.3447	55.043200000000006	55.462999999999994	56.570699999999995	55.2068	55.618500000000004	56.7093	55.4358	55.834799999999994	56.948600000000006	55.5737	55.9751	57.0993	55.709900000000005	56.1615	57.1805	55.813599999999994	56.1952	57.3383	56.027499999999996	56.3652	57.5287	56.052400000000006	56.5349	57.6637	56.099900000000005	56.60269999999999	57.60150000000001	55.803599999999996
Sor-ACeb_005-Ex1-12E-lcwgs-1-3-L3-clmp.r1r2_fastp	55.7985	48.9724	45.3631	46.7248	47.8975	46.9186	46.349000000000004	48.243700000000004	47.3879	46.485	49.9944	49.5205	48.7404	49.1788	48.0261	48.3416	49.114200000000004	48.152	48.4345	49.3204	48.1408	48.3931	49.0316	47.971799999999995	48.1742	48.9546	47.8608	48.3498	48.9695	47.9883	48.3334	49.1179	48.0856	48.4354	48.9487	48.0509	48.2573	48.999900000000004	48.0109	48.3723	48.9993	48.1008	48.2849	49.0428	48.0989	48.349599999999995	48.9823	48.0894	48.2999	49.1146	48.1117	48.4061	49.141400000000004	48.118100000000005	48.4351	49.2433	48.222	48.553200000000004	49.2348	48.3142	48.6322	49.3752	48.4112	48.824	49.4735	48.5747	48.9242	49.7011	48.7785	49.0965	49.9886	49.0431	49.3831	50.2109	49.268299999999996	49.6886	50.537699999999994	49.6445	50.0297	50.961800000000004	49.9551	50.349	51.35039999999999	50.3899	50.807100000000005	51.781	50.6977	51.2228	52.241099999999996	51.149100000000004	51.6937	52.6802	51.567099999999996	52.078599999999994	53.119099999999996	52.032900000000005	52.593999999999994	53.5375	52.40899999999999	53.0606	54.0598	52.8522	53.412000000000006	54.5099	53.2728	53.8149	54.8624	53.6207	54.1913	55.226	54.0339	54.537800000000004	55.70889999999999	54.3901	54.872299999999996	55.950500000000005	54.6531	55.0771	56.3129	54.87	55.469199999999994	56.5608	55.199799999999996	55.664199999999994	56.7121	55.3322	55.936600000000006	56.944300000000005	55.6002	56.01969999999999	57.11540000000001	55.765100000000004	56.2338	57.3721	55.8663	56.4008	57.457	55.976000000000006	56.474599999999995	57.510799999999996	56.15409999999999	56.596500000000006	57.7317	56.32319999999999	56.8909	57.9129	56.3422	56.9187	57.8721	56.1966
Sor-ACeb_006-Ex1-1F-lcwgs-1-3-L2-clmp.r1r2_fastp	46.392	37.3934	39.278	38.9818	39.468399999999995	39.1432	38.7939	39.394600000000004	39.851	38.9395	41.6213	41.5062	40.7814	40.6353	40.543099999999995	40.4217	40.7283	40.4851	40.5142	40.8454	40.686099999999996	40.5322	40.6884	40.4232	40.4856	40.4928	40.3055	40.473	40.61	40.394400000000005	40.6389	40.6617	40.5822	40.5728	40.6081	40.496300000000005	40.5316	40.4148	40.389	40.381699999999995	40.5256	40.3588	40.4249	40.475699999999996	40.512	40.3684	40.4949	40.3317	40.3354	40.4068	40.3818	40.3371	40.5163	40.2466	40.3722	40.5135	40.3792	40.2271	40.4233	40.2278	40.3866	40.300799999999995	40.266600000000004	40.3577	40.390100000000004	40.211999999999996	40.390100000000004	40.3705	40.327600000000004	40.2699	40.4168	40.3283	40.4135	40.347300000000004	40.3823	40.3327	40.4962	40.3647	40.3622	40.546	40.5024	40.2746	40.5903	40.4675	40.442	40.6016	40.4457	40.4988	40.836800000000004	40.4399	40.646100000000004	40.8425	40.6842	40.7214	40.897800000000004	40.7966	40.996500000000005	40.9281	40.8785	41.0595	41.1739	40.9857	41.142	41.4028	41.3048	41.363299999999995	41.5392	41.5183	41.5921	41.824099999999994	41.7066	41.7778	42.229499999999994	42.004999999999995	42.0714	42.5411	42.3034	42.3188	42.8137	42.5577	42.8039	43.173	42.9355	43.1468	43.6997	43.201	43.6378	44.094100000000005	43.7643	44.015	44.425599999999996	44.150600000000004	44.5409	45.0316	44.5971	44.9979	45.5253	45.1878	45.4497	46.1145	45.873799999999996	46.0206	46.7244	46.365899999999996	46.6214	47.295700000000004	46.785	47.2219	47.991	46.7014
Sor-ACeb_006-Ex1-1F-lcwgs-1-3-L3-clmp.r1r2_fastp	46.319500000000005	37.4801	39.2643	39.028	39.5819	39.1753	38.8485	39.4514	39.9005	39.0042	41.6839	41.5824	40.8387	40.665600000000005	40.585100000000004	40.4651	40.787800000000004	40.529700000000005	40.5787	40.901199999999996	40.7529	40.5819	40.7499	40.477999999999994	40.5524	40.5625	40.3717	40.5277	40.6813	40.4279	40.6801	40.7754	40.65	40.6445	40.686	40.5553	40.5669	40.4816	40.4906	40.4229	40.585100000000004	40.4002	40.462399999999995	40.5223	40.5836	40.4073	40.5622	40.381	40.415600000000005	40.4437	40.4455	40.4037	40.5862	40.2976	40.435900000000004	40.578599999999994	40.4583	40.292699999999996	40.5062	40.292899999999996	40.4525	40.3649	40.317	40.4039	40.486	40.2427	40.4208	40.449200000000005	40.389199999999995	40.3408	40.4866	40.388200000000005	40.4529	40.4127	40.468199999999996	40.399	40.5771	40.4118	40.4446	40.5845	40.5847	40.3835	40.6501	40.5619	40.5828	40.6766	40.552	40.5869	40.9244	40.5482	40.7151	40.9128	40.7902	40.8162	41.0097	40.9282	41.0983	41.0377	41.0169	41.1491	41.2924	41.0897	41.2663	41.5895	41.4123	41.5207	41.6758	41.6486	41.7349	41.9547	41.8337	41.9348	42.3987	42.1809	42.275800000000004	42.6835	42.475	42.533300000000004	42.985099999999996	42.7085	43.034499999999994	43.3749	43.1193	43.3469	43.8604	43.4159	43.8548	44.2627	44.015	44.2797	44.6867	44.4201	44.8119	45.2853	44.7678	45.3416	45.785	45.3991	45.818999999999996	46.4184	46.0829	46.403800000000004	46.9916	46.5877	47.1665	47.6871	47.151199999999996	47.599000000000004	48.3663	47.4082
Sor-ACeb_007-Ex1-2F-lcwgs-1-3-L2-clmp.r1r2_fastp	46.7646	37.1916	38.8494	38.547599999999996	39.0274	38.5851	38.3712	38.942	39.3168	38.4475	41.3596	40.982400000000005	40.2906	40.1005	39.975300000000004	39.9121	40.1008	39.9884	39.9066	40.182	40.2057	39.9587	40.1411	39.8761	39.9504	39.9133	39.7557	39.8465	40.0081	39.8277	39.9906	40.106199999999994	40.0334	40.0225	40.0257	39.936899999999994	39.9324	39.8486	39.8016	39.7729	39.9112	39.846	39.8693	39.8651	39.933	39.7893	39.8597	39.782000000000004	39.6464	39.7897	39.838	39.7215	40.0304	39.6211	39.8605	39.8916	39.7939	39.6973	39.877	39.6654	39.8042	39.6697	39.7349	39.804	39.8551	39.6854	39.7679	39.8174	39.7498	39.803399999999996	39.8001	39.7809	39.85	39.8237	39.840599999999995	39.752500000000005	39.9066	39.7524	39.825	39.9345	39.9052	39.8023	39.8492	39.9943	39.8696	40.0385	39.827600000000004	39.894600000000004	40.2188	39.9476	40.0389	40.2161	40.0089	40.1595	40.3082	40.01	40.4908	40.3663	40.274100000000004	40.489000000000004	40.5728	40.3733	40.4607	40.866	40.762100000000004	40.6736	41.0029	40.7779	41.0804	41.131499999999996	41.229	41.1933	41.5107	41.4159	41.394	41.735	41.8413	41.727599999999995	42.2716	41.9524	42.1499	42.560900000000004	42.5531	42.3994	43.2656	42.9469	43.053000000000004	43.8255	43.5006	43.414500000000004	43.8534	44.1575	44.15	44.853500000000004	44.101600000000005	44.4486	45.0316	45.1459	45.111200000000004	45.7434	45.6237	45.638600000000004	46.4644	46.2965	46.8304	47.5753	46.9782	47.0972	47.9537	46.8532
Sor-ACeb_007-Ex1-2F-lcwgs-1-3-L3-clmp.r1r2_fastp	46.475300000000004	37.3121	39.009899999999995	38.667	39.0262	38.6344	38.254	39.0221	39.3558	38.485	41.2598	41.199000000000005	40.2281	40.0941	40.074	39.8725	40.1527	39.8671	40.0439	40.3065	40.2334	40.0211	40.1306	39.8279	39.946	39.931	39.7233	39.936899999999994	40.0932	39.8418	40.1065	40.1356	40.1028	40.042899999999996	40.1097	39.8281	39.949400000000004	39.8637	39.8028	39.8236	40.0229	39.7022	39.8839	39.948	39.815	39.7315	39.9611	39.763	39.756099999999996	39.7692	39.7954	39.8932	39.8855	39.718900000000005	39.8035	39.866099999999996	39.866099999999996	39.6866	39.8456	39.6489	39.805099999999996	39.744	39.7008	39.765499999999996	39.8227	39.7408	39.7958	39.846900000000005	39.683800000000005	39.7199	39.8503	39.774	39.807199999999995	39.8086	39.8241	39.7553	39.997	39.726	39.827600000000004	39.9775	39.950599999999994	39.879799999999996	40.0014	39.893699999999995	39.9228	40.0778	39.9581	39.8617	40.2663	39.9818	40.1898	40.2507	40.036100000000005	40.1019	40.2627	40.4167	40.172999999999995	40.3649	40.1564	40.483999999999995	40.5344	40.2836	40.747699999999995	40.759499999999996	40.8052	40.6165	41.237899999999996	40.9062	40.9241	41.0089	41.1277	41.0543	41.7174	41.344500000000004	41.583	41.877399999999994	41.5487	41.810900000000004	42.3058	41.924499999999995	42.3233	42.8733	42.512499999999996	42.7127	43.1211	42.9616	43.2531	43.722100000000005	43.4037	43.7303	44.0112	43.8622	44.3141	44.6233	44.466	45.0055	45.4447	44.9319	45.6799	45.8847	46.0196	46.232800000000005	46.7344	46.3399	47.0809	47.2851	47.4119	47.787	48.2157	47.037600000000005
Sor-ACeb_008-Ex1-3F-lcwgs-1-3-L2-clmp.r1r2_fastp	45.8613	34.7865	35.848600000000005	34.4929	34.967999999999996	34.4306	34.0694	34.6381	35.0704	34.4726	37.4872	37.1332	36.423100000000005	36.1915	36.074400000000004	35.8656	35.991800000000005	35.9549	36.0406	36.1796	36.2217	36.152	36.1136	35.8855	35.838300000000004	35.747299999999996	35.6971	35.7114	35.7945	35.8142	35.9399	35.9419	35.964800000000004	35.85	35.8262	35.7117	35.6462	35.551	35.5576	35.529500000000006	35.6526	35.6227	35.6517	35.5756	35.510799999999996	35.4061	35.3462	35.2217	35.2564	35.2609	35.3142	35.3447	35.389199999999995	35.282599999999995	35.2881	35.2443	35.2165	35.1148	35.153099999999995	35.0893	35.2189	35.2047	35.1864	35.2028	35.1782	35.098600000000005	35.0992	35.0493	35.0077	35.0233	35.0656	35.0719	35.1066	35.1081	35.0939	35.0326	35.057500000000005	34.9472	34.9354	34.9609	34.9916	34.9422	35.037	34.983599999999996	34.9802	34.9951	34.9052	34.8937	34.945	34.8817	34.9219	34.9918	34.9698	35.0026	35.0133	34.977000000000004	34.9547	34.8949	34.8721	34.860600000000005	34.9356	34.9103	34.9441	35.0399	34.9786	34.9594	34.9481	34.8994	34.9125	34.949799999999996	34.9518	35.0216	35.1212	35.1128	35.160000000000004	35.2142	35.179300000000005	35.1523	35.2019	35.1915	35.254000000000005	35.370000000000005	35.3399	35.4935	35.6357	35.4787	35.6494	35.6519	35.5756	35.6962	35.8926	35.8474	36.0173	36.0659	36.1359	36.2738	36.5043	36.4792	36.524699999999996	36.825599999999994	36.6948	36.9919	37.2818	37.2353	37.4745	37.7474	37.5166	37.8404	38.0059	37.3055
Sor-ACeb_008-Ex1-3F-lcwgs-1-3-L3-clmp.r1r2_fastp	45.604499999999994	34.7578	35.732	34.4345	34.9331	34.3597	34.0004	34.568599999999996	34.9863	34.4258	37.3735	37.0928	36.3226	36.0826	35.9653	35.7752	35.8845	35.8533	35.9807	36.0578	36.1222	36.0825	36.0169	35.8271	35.7344	35.669200000000004	35.6149	35.638999999999996	35.7435	35.7194	35.8516	35.894999999999996	35.8896	35.781800000000004	35.7373	35.6011	35.5779	35.4817	35.5277	35.4512	35.6034	35.562	35.579100000000004	35.5116	35.4338	35.3302	35.274499999999996	35.168	35.1918	35.1867	35.2655	35.292699999999996	35.307100000000005	35.2323	35.218500000000006	35.200900000000004	35.1408	35.042699999999996	35.0876	35.0613	35.1384	35.140100000000004	35.1381	35.1542	35.124	35.010200000000005	35.0074	34.996100000000006	34.9454	34.9415	35.0146	35.013	35.0595	35.0545	35.0458	34.9886	34.9713	34.9013	34.910799999999995	34.9014	34.9453	34.913	34.969899999999996	34.96	34.9391	34.9099	34.869699999999995	34.8414	34.8597	34.821000000000005	34.8929	34.912	34.9261	34.9289	34.9661	34.9146	34.8502	34.8344	34.8028	34.8167	34.8686	34.8916	34.9331	34.9711	34.9287	34.9287	34.9255	34.8698	34.8569	34.9046	34.8422	34.9111	35.0701	35.1207	35.0827	35.172399999999996	35.1062	35.0625	35.1553	35.0694	35.206900000000005	35.3209	35.3716	35.3571	35.5241	35.4849	35.4866	35.6576	35.5067	35.551100000000005	35.7852	35.728500000000004	36.0296	36.105900000000005	36.0816	36.3176	36.3574	36.3491	36.5089	36.666199999999996	36.6927	36.8742	37.1171	37.1302	37.387	37.5314	37.5415	37.8287	38.076100000000004	37.6195
Sor-ACeb_009-Ex1-4F-lcwgs-1-3-L2-clmp.r1r2_fastp	47.0544	36.487700000000004	37.3251	36.1726	37.1372	36.5601	36.3292	36.7202	37.269000000000005	36.732	39.549099999999996	39.1529	38.583600000000004	38.366099999999996	38.2341	38.0417	38.252399999999994	38.0189	38.272099999999995	38.2009	38.3947	38.2669	38.321	38.065	38.0762	37.940200000000004	37.9156	37.9011	38.0591	37.9607	38.0966	38.0049	38.0691	37.976	37.987500000000004	37.778	37.7597	37.5229	37.582300000000004	37.4341	37.6161	37.4869	37.5433	37.4026	37.424	37.2045	37.2183	37.0162	37.1271	37.0025	37.0712	36.9715	37.068200000000004	36.9209	36.9458	36.9715	36.859199999999994	36.7722	36.6973	36.7012	36.7621	36.6699	36.696200000000005	36.6777	36.619099999999996	36.5603	36.5908	36.4677	36.5075	36.497600000000006	36.4342	36.3678	36.451	36.373	36.4786	36.3423	36.4023	36.3776	36.3493	36.2568	36.2926	36.1682	36.3052	36.1783	36.1161	36.2314	36.1096	36.026599999999995	36.1118	36.1012	36.1179	36.1084	36.0545	35.9484	35.8525	36.007099999999994	36.067	35.9821	35.8157	35.8398	36.0095	35.8932	35.8665	36.0688	35.6682	35.8469	35.9493	35.9576	35.8661	35.7609	35.7587	35.7289	35.9078	36.1048	35.8193	35.780499999999996	35.8095	35.8791	35.5869	35.7832	35.829899999999995	35.9938	36.0068	36.113	35.862100000000005	36.0733	36.094	36.0653	35.7474	36.2433	36.297200000000004	36.0133	36.3882	36.2006	36.1607	36.1348	36.1134	36.3241	36.6042	36.532199999999996	36.450500000000005	36.6658	36.6854	36.5652	36.9433	37.345299999999995	36.7993	37.0838	37.099900000000005	36.505900000000004
Sor-ACeb_009-Ex1-4F-lcwgs-1-3-L3-clmp.r1r2_fastp	46.5447	36.4985	37.1203	36.107299999999995	37.1031	36.480000000000004	36.2078	36.5879	37.0748	36.651	39.43	39.0991	38.431599999999996	38.2617	38.1428	37.886399999999995	38.105	37.9506	38.0803	38.172200000000004	38.2695	38.1062	38.189099999999996	37.8831	37.9852	37.8477	37.7932	37.748	37.8784	37.7208	37.933699999999995	37.9499	37.9507	37.8324	37.8068	37.679899999999996	37.5525	37.391600000000004	37.4737	37.3152	37.498599999999996	37.3435	37.3799	37.2892	37.2671	37.056400000000004	37.0257	36.937	36.858999999999995	36.898199999999996	36.8948	36.8131	36.8962	36.805	36.864000000000004	36.7329	36.8072	36.6468	36.5103	36.525400000000005	36.5549	36.5534	36.6107	36.5553	36.511500000000005	36.3862	36.425200000000004	36.3106	36.3518	36.2021	36.363	36.3258	36.262899999999995	36.2676	36.1918	36.2176	36.2123	36.0065	36.0494	36.1172	36.1857	36.049	36.0482	36.125800000000005	36.0261	36.052800000000005	35.8822	35.8613	36.0243	35.8097	35.7772	35.8343	35.7881	35.716	35.8877	35.808800000000005	35.6198	35.762100000000004	35.7036	35.7248	35.5497	35.543400000000005	35.552099999999996	35.714	35.6634	35.6404	35.635600000000004	35.4951	35.3799	35.5304	35.571000000000005	35.4815	35.545500000000004	35.5352	35.551700000000004	35.7447	35.6888	35.4659	35.4831	35.4527	35.368300000000005	35.4964	35.6516	35.414899999999996	35.768699999999995	35.646899999999995	35.5695	35.3322	35.573100000000004	35.4397	35.6857	35.6521	35.4807	35.524	35.3758	35.8111	35.5255	35.836600000000004	35.6765	36.1419	35.8607	35.9993	36.5242	35.982	36.1558	35.5815	35.8744	36.200900000000004	36.0651	35.9026
Sor-ACeb_010-Ex1-5F-lcwgs-1-3-L2-clmp.r1r2_fastp	46.6764	35.8049	38.0805	37.4559	38.0314	37.6618	37.378099999999996	37.885999999999996	38.3541	37.495200000000004	40.5159	40.313500000000005	39.4805	39.359100000000005	39.2831	39.144800000000004	39.3777	39.236599999999996	39.262	39.5708	39.4921	39.4142	39.4805	39.263799999999996	39.2887	39.2766	39.1179	39.2793	39.3681	39.2615	39.4771	39.4812	39.4558	39.4373	39.421	39.3469	39.3476	39.2502	39.2419	39.2375	39.3557	39.2767	39.3083	39.320699999999995	39.3408	39.2374	39.270500000000006	39.1591	39.1406	39.212799999999994	39.192	39.207300000000004	39.3088	39.0929	39.1811	39.2789	39.1669	39.0633	39.1589	39.0456	39.1884	39.093	39.055499999999995	39.1552	39.1176	38.9998	39.1212	39.0891	39.0456	39.0039	39.1006	39.0604	39.0771	39.0591	39.0669	39.0396	39.127	39.0256	38.992599999999996	39.1096	39.1061	38.9522	39.1395	39.0879	39.057900000000004	39.1489	39.0041	39.083600000000004	39.286	39.0195	39.1726	39.3056	39.1905	39.2298	39.352	39.2648	39.3609	39.3023	39.2581	39.4156	39.4588	39.3618	39.4926	39.6866	39.5708	39.629599999999996	39.76	39.7341	39.7879	39.961999999999996	39.8907	39.9588	40.2897	40.1228	40.248400000000004	40.5398	40.3809	40.417199999999994	40.7661	40.5615	40.777	41.0738	40.901399999999995	41.132999999999996	41.5134	41.2188	41.5312	41.8588	41.7012	41.8677	42.1835	41.9763	42.269800000000004	42.7296	42.3966	42.802	43.1364	42.9286	43.221199999999996	43.7357	43.5008	43.7719	44.2266	44.074400000000004	44.356899999999996	44.846399999999996	44.4053	44.8859	45.324799999999996	44.468999999999994
Sor-ACeb_010-Ex1-5F-lcwgs-1-3-L3-clmp.r1r2_fastp	46.265499999999996	35.8874	37.9675	37.4493	38.074400000000004	37.6466	37.3704	37.8846	38.328	37.521	40.5092	40.3327	39.4781	39.3478	39.2617	39.1419	39.3629	39.2254	39.2902	39.5471	39.4741	39.4159	39.4575	39.254	39.2874	39.2686	39.1394	39.293	39.3671	39.2588	39.4625	39.5279	39.4625	39.4653	39.4242	39.3419	39.3488	39.2552	39.2987	39.2326	39.387899999999995	39.2681	39.3146	39.3296	39.339800000000004	39.2451	39.2774	39.157599999999995	39.1552	39.2036	39.1946	39.2121	39.3095	39.1041	39.1966	39.277499999999996	39.1832	39.077	39.171099999999996	39.069900000000004	39.178200000000004	39.0992	39.0642	39.1486	39.1382	38.9981	39.1231	39.0977	39.0467	39.0194	39.1039	39.0745	39.0888	39.062200000000004	39.0599	39.054899999999996	39.1396	39.022400000000005	38.9992	39.1142	39.1055	38.979200000000006	39.156	39.1072	39.0864	39.1493	39.0444	39.114399999999996	39.286	39.0424	39.1693	39.3187	39.2097	39.2472	39.3647	39.2846	39.3761	39.317800000000005	39.2809	39.453700000000005	39.4814	39.3754	39.5175	39.7288	39.6224	39.6652	39.787	39.7401	39.8403	39.9945	39.9066	40.0266	40.326499999999996	40.1804	40.2935	40.5734	40.3931	40.4927	40.8042	40.6278	40.8589	41.1444	40.9657	41.2198	41.599399999999996	41.3249	41.6315	41.938900000000004	41.793400000000005	41.9668	42.2941	42.0935	42.3934	42.8367	42.498599999999996	42.955	43.2798	43.0566	43.378699999999995	43.8674	43.6174	43.9576	44.419399999999996	44.1982	44.575900000000004	45.028400000000005	44.5659	45.1586	45.5315	44.8813
Sor-ACeb_011-Ex1-6F-lcwgs-1-3-L2-clmp.r1r2_fastp	61.598200000000006	50.4645	47.867399999999996	48.7926	50.423700000000004	49.1	48.6593	50.623	49.7286	49.1076	53.195800000000006	52.4702	51.89	52.1259	50.9246	51.232699999999994	51.8883	50.9497	51.2031	51.944599999999994	50.773900000000005	51.1369	51.6714	50.629900000000006	50.91139999999999	51.564600000000006	50.5224	50.9709	51.5535	50.6306	51.001200000000004	51.706799999999994	50.6211	51.0254	51.5648	50.5993	50.9203	51.5563	50.517199999999995	50.926300000000005	51.542699999999996	50.647299999999994	50.9885	51.6259	50.602000000000004	50.99249999999999	51.5842	50.6533	51.00320000000001	51.65	50.7305	51.139599999999994	51.7651	50.830799999999996	51.2316	51.9232	50.908	51.3552	51.9517	51.0907	51.511300000000006	52.1888	51.2475	51.7776	52.37929999999999	51.4675	51.856500000000004	52.6028	51.6085	52.111200000000004	52.8052	51.8351	52.3155	53.0131	52.09930000000001	52.5615	53.2517	52.288999999999994	52.771	53.4959	52.518699999999995	52.9736	53.682399999999994	52.7566	53.23369999999999	53.9486	52.936499999999995	53.454100000000004	54.144499999999994	53.1354	53.6318	54.358700000000006	53.357699999999994	53.852199999999996	54.559999999999995	53.518100000000004	54.0141	54.749	53.7157	54.1975	54.952999999999996	53.928200000000004	54.36729999999999	55.071400000000004	54.026399999999995	54.532199999999996	55.247299999999996	54.2219	54.67100000000001	55.421299999999995	54.3308	54.82169999999999	55.5635	54.476400000000005	54.957699999999996	55.6092	54.56530000000001	55.1055	55.7775	54.689600000000006	55.184	55.8609	54.808	55.264500000000005	55.9608	54.9157	55.39039999999999	56.050999999999995	54.9585	55.3908	56.127300000000005	55.076	55.539300000000004	56.2249	55.101	55.5184	56.271800000000006	55.11899999999999	55.6534	56.2902	55.2855	55.760299999999994	56.4422	55.3222	55.85020000000001	56.5204	55.3655	55.9459	56.49849999999999	55.2071
Sor-ACeb_011-Ex1-6F-lcwgs-1-3-L3-clmp.r1r2_fastp	61.59440000000001	50.26310000000001	47.8296	49.046800000000005	50.6219	49.2515	48.8539	50.8166	49.8762	49.391400000000004	53.385000000000005	52.6543	52.093199999999996	52.3214	51.06230000000001	51.4506	52.072399999999995	51.072799999999994	51.444900000000004	52.099399999999996	50.901799999999994	51.3724	51.8305	50.750499999999995	51.1451	51.716300000000004	50.709199999999996	51.2053	51.7581	50.7687	51.1978	51.8998	50.7668	51.28470000000001	51.73910000000001	50.75150000000001	51.1443	51.7406	50.682	51.15110000000001	51.76	50.78	51.190999999999995	51.7695	50.7105	51.192499999999995	51.7239	50.788900000000005	51.2219	51.805299999999995	50.8544	51.3381	51.892	50.944	51.4116	52.049	51.0275	51.54	52.093199999999996	51.2027	51.6796	52.302499999999995	51.3386	51.9178	52.4958	51.5485	52.0142	52.7027	51.6532	52.2405	52.869	51.9247	52.4555	53.1064	52.1365	52.67699999999999	53.3424	52.322100000000006	52.88739999999999	53.5544	52.5452	53.0562	53.741499999999995	52.763400000000004	53.314499999999995	53.9709	52.9597	53.569599999999994	54.152	53.149	53.7104	54.386599999999994	53.3358	53.937999999999995	54.5684	53.5136	54.065200000000004	54.758799999999994	53.696200000000005	54.279500000000006	54.9646	53.89659999999999	54.4246	55.1203	54.0056	54.6092	55.21939999999999	54.168099999999995	54.762299999999996	55.4258	54.295700000000004	54.8815	55.529700000000005	54.459199999999996	55.0207	55.6347	54.53170000000001	55.22089999999999	55.7773	54.69969999999999	55.2832	55.8929	54.7817	55.350699999999996	55.9879	54.92	55.478300000000004	56.0994	54.9747	55.5427	56.1644	55.0651	55.6443	56.3163	55.1458	55.736799999999995	56.408	55.2275	55.8442	56.447599999999994	55.358700000000006	56.0189	56.6151	55.4215	56.11000000000001	56.713499999999996	55.47260000000001	56.2585	56.7077	55.4292
Sor-ACeb_012-Ex1-7F-lcwgs-1-3-L2-clmp.r1r2_fastp	45.9066	34.7421	36.5041	35.483399999999996	36.0668	35.494	35.213100000000004	35.2862	35.9499	35.437400000000004	38.2254	38.0884	37.3942	37.148199999999996	37.146499999999996	36.9112	37.2086	37.008799999999994	36.9741	37.3909	37.3405	37.2395	37.2378	37.0145	37.0406	36.945699999999995	36.7935	36.958	37.033100000000005	36.9154	37.2259	37.176500000000004	37.2071	37.1362	37.1873	37.0612	37.0843	36.9368	36.9355	36.9266	37.097	36.994899999999994	37.072500000000005	37.037	37.1103	36.9831	36.9695	36.8214	36.8216	36.8661	36.911100000000005	36.9243	37.020599999999995	36.798500000000004	36.9225	36.9572	36.9069	36.728300000000004	36.8387	36.7083	36.8838	36.7347	36.7496	36.8329	36.7701	36.64	36.798700000000004	36.6461	36.6884	36.6246	36.696200000000005	36.6834	36.741099999999996	36.6422	36.7177	36.6597	36.7467	36.6309	36.6014	36.6315	36.7029	36.504999999999995	36.6567	36.668299999999995	36.611900000000006	36.693799999999996	36.5574	36.6103	36.8147	36.547000000000004	36.6834	36.770399999999995	36.7561	36.7385	36.836	36.7616	36.9094	36.7525	36.747099999999996	36.825599999999994	36.8145	36.713499999999996	36.8936	37.0107	36.953	36.9585	37.0502	37.0367	37.0922	37.1601	37.1451	37.1518	37.4675	37.2768	37.412800000000004	37.5991	37.514399999999995	37.4824	37.7991	37.587199999999996	37.7888	37.9805	37.8768	37.9916	38.3476	38.0491	38.4189	38.5627	38.5297	38.625	38.8482	38.6595	38.9266	39.341300000000004	38.9973	39.4133	39.604	39.4737	39.7423	40.0826	40.015	40.2614	40.5769	40.450599999999994	40.8392	41.0553	40.7779	41.3181	41.644	40.7277
Sor-ACeb_012-Ex1-7F-lcwgs-1-3-L3-clmp.r1r2_fastp	45.5828	34.8248	36.3971	35.4696	36.0798	35.4538	35.1697	35.284	35.9188	35.4491	38.2084	38.11	37.3738	37.1339	37.1055	36.902	37.1999	36.979299999999995	37.0001	37.3572	37.3249	37.2128	37.237700000000004	36.9891	37.0347	36.9172	36.793	36.944	37.0222	36.918299999999995	37.2187	37.2059	37.2121	37.1682	37.1586	37.0412	37.0776	36.9132	36.99	36.9274	37.1165	36.9917	37.0506	37.0181	37.0902	36.9778	36.9551	36.813	36.817899999999995	36.850300000000004	36.9107	36.9269	37.0068	36.778499999999994	36.8999	36.9552	36.940400000000004	36.7069	36.835499999999996	36.7141	36.8686	36.716300000000004	36.747	36.8049	36.7669	36.621900000000004	36.7874	36.6708	36.682700000000004	36.6049	36.695	36.6643	36.7227	36.640499999999996	36.7029	36.6417	36.7735	36.5964	36.6172	36.6488	36.7127	36.527300000000004	36.6993	36.6575	36.6274	36.695699999999995	36.585699999999996	36.6454	36.8333	36.5541	36.7095	36.7794	36.7885	36.7401	36.871700000000004	36.7892	36.9469	36.7654	36.786	36.8749	36.839	36.763400000000004	36.9221	37.0726	37.0105	36.9788	37.1167	37.0712	37.1439	37.219	37.1644	37.2281	37.5292	37.3716	37.4917	37.689099999999996	37.5572	37.6372	37.8548	37.648399999999995	37.8685	38.0518	37.9398	38.153999999999996	38.503	38.2226	38.527699999999996	38.719500000000004	38.6622	38.771899999999995	38.948	38.7785	39.06	39.4905	39.077400000000004	39.5405	39.826299999999996	39.6336	39.9304	40.28	40.197	40.455200000000005	40.7705	40.707	41.0393	41.2299	40.8945	41.536899999999996	41.877199999999995	41.388799999999996
Sor-ACeb_013-Ex1-8F-lcwgs-1-3-L2-clmp.r1r2_fastp	51.046899999999994	41.7581	40.86	41.372	42.2774	41.551700000000004	41.119	42.1975	42.0629	41.4437	44.6051	44.3868	43.6848	43.7621	43.0882	43.1769	43.6918	43.0842	43.1985	43.8879	43.2465	43.3894	43.7297	43.0497	43.1635	43.5357	42.8151	43.2465	43.5606	43.0419	43.3738	43.749700000000004	43.1821	43.3711	43.6199	43.1079	43.2584	43.518699999999995	43.0119	43.2304	43.620599999999996	43.1437	43.263	43.6233	43.1635	43.2753	43.5784	43.0357	43.155	43.6081	43.113800000000005	43.3676	43.7782	43.1134	43.3641	43.872699999999995	43.2647	43.4208	43.8608	43.3216	43.6334	43.9765	43.469	43.839299999999994	44.1414	43.5911	43.959399999999995	44.360699999999994	43.8527	44.1027	44.6122	44.156800000000004	44.4594	44.9169	44.4494	44.7391	45.332	44.7404	45.057199999999995	45.6802	45.1686	45.3598	46.0896	45.5668	45.8896	46.5747	45.9407	46.3717	47.1381	46.415800000000004	46.9122	47.6121	47.029700000000005	47.469	48.1871	47.556599999999996	48.070299999999996	48.674299999999995	48.0421	48.5918	49.2983	48.5903	49.1144	49.9682	49.2196	49.6985	50.526	49.756499999999996	50.28	51.124	50.2959	50.8012	51.77460000000001	50.8555	51.405699999999996	52.277499999999996	51.3973	51.870400000000004	52.8393	51.8733	52.4785	53.345600000000005	52.3998	52.8877	53.864000000000004	52.7873	53.42980000000001	54.2673	53.297799999999995	53.759299999999996	54.636700000000005	53.5914	54.145900000000005	55.050399999999996	53.9526	54.4856	55.4007	54.258799999999994	54.8184	55.777699999999996	54.6213	55.169000000000004	56.028	54.845600000000005	55.4867	56.301199999999994	55.1139	55.6865	56.5268	55.111900000000006
Sor-ACeb_013-Ex1-8F-lcwgs-1-3-L3-clmp.r1r2_fastp	51.2686	41.4968	40.7958	41.4508	42.3679	41.525400000000005	41.2063	42.276799999999994	42.1085	41.5717	44.669599999999996	44.457	43.7804	43.8149	43.111	43.2743	43.7645	43.1008	43.357	43.9486	43.2862	43.5235	43.783	43.0832	43.2949	43.5924	42.932500000000005	43.357099999999996	43.666700000000006	43.0919	43.478	43.8861	43.2494	43.5477	43.6869	43.1458	43.3778	43.589800000000004	43.1547	43.3181	43.729800000000004	43.1653	43.377500000000005	43.6934	43.2081	43.3618	43.66	43.0693	43.2624	43.6605	43.1502	43.4656	43.817299999999996	43.13	43.4692	43.9075	43.3042	43.5089	43.905	43.3689	43.716699999999996	43.9984	43.472300000000004	43.886399999999995	44.184	43.5871	44.0313	44.3796	43.839600000000004	44.1516	44.6143	44.1321	44.514900000000004	44.914100000000005	44.423899999999996	44.7949	45.3375	44.7029	45.1109	45.67	45.1398	45.4374	46.1234	45.5702	45.9707	46.5586	45.954299999999996	46.4584	47.114200000000004	46.3713	46.973	47.6086	46.9931	47.529700000000005	48.209999999999994	47.5322	48.1653	48.6917	48.011199999999995	48.6925	49.3208	48.5562	49.223099999999995	50.027699999999996	49.2177	49.810300000000005	50.5677	49.728699999999996	50.4324	51.1772	50.2862	50.9636	51.846599999999995	50.9139	51.556599999999996	52.352900000000005	51.4078	52.0634	52.9173	51.9145	52.688	53.4683	52.430699999999995	53.106500000000004	53.982200000000006	52.867799999999995	53.658300000000004	54.4052	53.37349999999999	54.02869999999999	54.793000000000006	53.649	54.4416	55.237	54.06229999999999	54.8265	55.6468	54.4011	55.22129999999999	56.023500000000006	54.787200000000006	55.5891	56.345800000000004	55.0712	55.9504	56.6673	55.31549999999999	56.207499999999996	56.9139	55.3662
Sor-ACeb_014-Ex1-9F-lcwgs-1-3-L2-clmp.r1r2_fastp	47.1167	36.2025	37.6652	37.065	37.6762	37.175000000000004	36.761500000000005	37.3985	37.8067	37.0652	40.1734	40.0552	39.2212	39.0814	38.881	38.7674	39.0783	38.8344	38.8678	39.3305	39.147	39.1167	39.1639	38.894099999999995	38.892700000000005	38.9551	38.67	38.9112	39.033699999999996	38.873400000000004	39.1058	39.1914	39.062799999999996	39.0614	39.0778	38.9361	38.9304	38.893	38.7978	38.8397	39.0235	38.8805	38.914300000000004	38.977000000000004	38.914500000000004	38.8234	38.8683	38.676	38.6611	38.8278	38.747	38.804899999999996	38.9635	38.6536	38.7478	38.9281	38.710499999999996	38.6134	38.798700000000004	38.6099	38.766099999999994	38.7634	38.6494	38.799499999999995	38.784600000000005	38.5797	38.7447	38.7668	38.6423	38.6843	38.8436	38.7448	38.8189	38.8936	38.8264	38.840799999999994	39.0325	38.8187	38.8361	39.0649	38.9843	38.8983	39.2005	39.0875	39.1253	39.345400000000005	39.1074	39.2571	39.6248	39.2899	39.4542	39.7846	39.591	39.7265	39.9923	39.8109	40.0559	40.115899999999996	39.9549	40.2245	40.4393	40.2204	40.4778	40.8777	40.6687	40.8358	41.164	40.9939	41.221999999999994	41.5546	41.348600000000005	41.5685	42.1283	41.754000000000005	42.0568	42.5413	42.2512	42.451699999999995	42.985800000000005	42.6479	43.0174	43.5312	43.2263	43.5405	44.1649	43.695499999999996	44.1641	44.690999999999995	44.3687	44.6781	45.1997	44.8061	45.276300000000006	45.948899999999995	45.4235	45.921299999999995	46.5606	46.0191	46.5211	47.1628	46.7724	47.193400000000004	47.8887	47.4271	47.8598	48.5491	47.910000000000004	48.4444	49.109	48.075
Sor-ACeb_014-Ex1-9F-lcwgs-1-3-L3-clmp.r1r2_fastp	46.9103	36.2031	37.5705	37.0707	37.7378	37.1471	36.760799999999996	37.413000000000004	37.8072	37.1067	40.1719	40.0951	39.2393	39.074999999999996	38.870900000000006	38.7808	39.0818	38.8277	38.9306	39.3246	39.149499999999996	39.1452	39.1732	38.9089	38.9236	38.9658	38.7307	38.947700000000005	39.0775	38.900400000000005	39.122800000000005	39.2839	39.095	39.1455	39.108900000000006	38.9341	38.9795	38.9214	38.9086	38.8696	39.0968	38.8942	38.9578	39.0125	38.940599999999996	38.8615	38.9131	38.7034	38.7083	38.865100000000005	38.7652	38.8568	38.996399999999994	38.6824	38.7922	38.9447	38.7704	38.6774	38.8395	38.6678	38.7975	38.7945	38.6747	38.8304	38.827	38.6056	38.7725	38.7951	38.6603	38.7187	38.873200000000004	38.7653	38.8568	38.9229	38.8366	38.8778	39.0693	38.8279	38.8657	39.0797	38.986	38.9613	39.2276	39.1359	39.1589	39.353100000000005	39.1649	39.3203	39.642300000000006	39.298100000000005	39.4839	39.791199999999996	39.6002	39.7532	40.0357	39.8283	40.0953	40.123599999999996	39.98	40.271	40.4593	40.2229	40.530899999999995	40.935300000000005	40.6905	40.8948	41.213699999999996	41.0072	41.2824	41.6049	41.3661	41.6376	42.1965	41.8388	42.1631	42.5912	42.308800000000005	42.5628	43.0584	42.7209	43.1643	43.660900000000005	43.3073	43.671	44.2982	43.8311	44.351400000000005	44.8214	44.4751	44.8527	45.3767	44.9313	45.4701	46.1569	45.522400000000005	46.1567	46.7594	46.1821	46.8105	47.3919	46.9068	47.5199	48.1595	47.6122	48.2433	48.8294	48.0976	48.8715	49.4305	48.385600000000004
Sor-ACeb_015-Ex1-10F-lcwgs-1-3-L2-clmp.r1r2_fastp	47.1365	35.8489	37.6674	37.0035	37.5293	37.1554	36.8345	37.4185	37.926300000000005	37.0068	40.1468	39.8792	39.029599999999995	38.8418	38.7435	38.6334	38.887	38.6992	38.726699999999994	39.0318	38.9635	38.8893	38.9106	38.6662	38.7559	38.7002	38.5602	38.7026	38.779	38.683499999999995	38.9371	38.888099999999994	38.887100000000004	38.8011	38.893100000000004	38.7493	38.7888	38.691900000000004	38.656800000000004	38.6587	38.8177	38.6936	38.795	38.786	38.8227	38.7071	38.7474	38.5746	38.5867	38.6925	38.6377	38.6462	38.8023	38.5645	38.6856	38.7553	38.6855	38.537	38.690799999999996	38.492	38.6806	38.5641	38.5742	38.6119	38.6681	38.4923	38.6524	38.6333	38.5835	38.518299999999996	38.6805	38.6096	38.6986	38.6265	38.64	38.6073	38.763	38.6127	38.6074	38.7494	38.7043	38.5929	38.8254	38.723200000000006	38.690200000000004	38.8369	38.6589	38.7971	39.009100000000004	38.7929	38.8943	39.0569	39.0136	39.028400000000005	39.1376	39.0595	39.212799999999994	39.1672	39.162	39.2858	39.345400000000005	39.2435	39.421099999999996	39.576699999999995	39.543299999999995	39.6222	39.717400000000005	39.6921	39.7705	40.0218	39.8349	39.9512	40.3716	40.1868	40.2725	40.645900000000005	40.408899999999996	40.4621	40.9153	40.6715	40.883199999999995	41.2515	41.0555	41.2558	41.8108	41.4122	41.804	42.2039	42.024699999999996	42.3052	42.501	42.2657	42.6236	43.074200000000005	42.5913	43.1757	43.4785	43.1188	43.5896	44.1824	43.7714	44.1212	44.6478	44.5232	44.965500000000006	45.3633	44.9932	45.4984	45.9673	44.7057
Sor-ACeb_015-Ex1-10F-lcwgs-1-3-L3-clmp.r1r2_fastp	46.970600000000005	35.948600000000006	37.6101	37.0627	37.5794	37.2014	36.8652	37.4572	37.932	37.0691	40.1486	39.9572	39.0322	38.862	38.7548	38.652300000000004	38.9033	38.695800000000006	38.792500000000004	39.0667	38.9844	38.931	38.9292	38.7338	38.783899999999996	38.7218	38.561800000000005	38.7521	38.8253	38.7128	38.9363	38.9894	38.940599999999996	38.8977	38.8967	38.7934	38.8145	38.7345	38.736599999999996	38.6988	38.8753	38.7732	38.7988	38.8005	38.837500000000006	38.7103	38.7479	38.634	38.6275	38.6776	38.6813	38.7335	38.8359	38.5772	38.7552	38.7859	38.73	38.5805	38.6858	38.553399999999996	38.743	38.6051	38.6087	38.7021	38.709900000000005	38.542300000000004	38.6936	38.643	38.6316	38.5946	38.6584	38.6673	38.728	38.6731	38.7115	38.6808	38.7668	38.6166	38.6725	38.7827	38.7953	38.6108	38.864599999999996	38.780300000000004	38.812999999999995	38.8828	38.7448	38.8463	39.0766	38.763799999999996	38.9934	39.1206	39.0559	39.0991	39.2432	39.0893	39.3158	39.2111	39.2384	39.3559	39.396300000000004	39.3403	39.5231	39.637499999999996	39.6284	39.6372	39.8544	39.7867	39.9301	40.1131	40.0231	40.0702	40.5014	40.281	40.4398	40.6892	40.6021	40.6691	41.019	40.6698	41.044799999999995	41.3317	41.2235	41.425200000000004	41.9741	41.559400000000004	42.0394	42.2839	41.9805	42.3202	42.7114	42.431999999999995	42.8037	43.325	42.7383	43.332100000000004	43.726	43.357600000000005	43.677899999999994	44.1662	44.217	44.4533	44.9781	44.5466	45.1957	45.6338	45.1342	45.5959	46.1921	45.2613
Sor-ACeb_016-Ex1-11F-lcwgs-1-3-L2-clmp.r1r2_fastp	46.984700000000004	37.7686	39.346399999999996	39.1651	39.4587	39.1633	38.8407	39.7042	40.015299999999996	38.8816	41.903600000000004	41.6811	40.7763	40.6621	40.6102	40.4609	40.7435	40.507	40.598099999999995	40.8852	40.7688	40.674	40.8061	40.5332	40.611599999999996	40.6006	40.44	40.6171	40.694900000000004	40.5363	40.7532	40.789500000000004	40.7341	40.671099999999996	40.7098	40.6327	40.5974	40.5205	40.4791	40.486	40.6354	40.5244	40.5559	40.5975	40.5632	40.4871	40.5548	40.407	40.4129	40.4715	40.4311	40.441700000000004	40.5738	40.3415	40.4319	40.5576	40.4382	40.333000000000006	40.4445	40.2738	40.4387	40.3684	40.329100000000004	40.4095	40.4233	40.2343	40.3692	40.368900000000004	40.315200000000004	40.2437	40.4217	40.3237	40.389	40.378	40.3675	40.338	40.4338	40.289	40.296	40.4396	40.3891	40.2671	40.4857	40.3925	40.4048	40.5145	40.3315	40.4231	40.7029	40.3457	40.5322	40.7047	40.5735	40.6219	40.7601	40.6337	40.7688	40.752	40.6986	40.8615	40.9341	40.791199999999996	40.9352	41.175	41.0667	41.1169	41.3226	41.2303	41.2719	41.519600000000004	41.4142	41.4694	41.8763	41.707300000000004	41.7169	42.1359	41.908899999999996	41.9032	42.3878	42.1295	42.4007	42.7344	42.518499999999996	42.7104	43.1075	42.7947	43.1469	43.5923	43.2825	43.4809	43.9101	43.661	43.9398	44.4585	44.0021	44.3414	44.8697	44.534	44.860699999999994	45.3987	45.2221	45.3241	45.905	45.6291	45.9699	46.597	46.0447	46.3932	47.0553	45.792899999999996
Sor-ACeb_016-Ex1-11F-lcwgs-1-3-L3-clmp.r1r2_fastp	47.009	37.8324	39.363	39.2598	39.5424	39.2266	38.9212	39.7928	40.0597	38.9492	41.9489	41.7776	40.8465	40.7246	40.6227	40.5319	40.761199999999995	40.5599	40.6551	40.9086	40.8358	40.7112	40.8662	40.5771	40.6764	40.6493	40.5115	40.672799999999995	40.7763	40.5877	40.8267	40.8443	40.8005	40.7632	40.753699999999995	40.6749	40.696799999999996	40.563500000000005	40.6053	40.5291	40.6964	40.533500000000004	40.6263	40.645399999999995	40.639199999999995	40.5372	40.6362	40.4654	40.4726	40.5387	40.4863	40.512100000000004	40.6518	40.3827	40.5055	40.6351	40.5214	40.3804	40.5064	40.3726	40.5079	40.4108	40.3759	40.4651	40.4916	40.2964	40.4795	40.450199999999995	40.3575	40.3367	40.468199999999996	40.4073	40.4663	40.4263	40.4129	40.4225	40.5338	40.3518	40.352900000000005	40.5145	40.4957	40.328599999999994	40.5133	40.515	40.470600000000005	40.5837	40.434799999999996	40.5484	40.7717	40.408	40.607	40.760600000000004	40.645399999999995	40.719	40.8497	40.714	40.9178	40.807900000000004	40.8332	40.9839	41.0321	40.8765	41.0709	41.287800000000004	41.192	41.233599999999996	41.4121	41.3842	41.4839	41.682900000000004	41.5107	41.652	42.0184	41.8604	41.8953	42.3145	42.081	42.1421	42.560500000000005	42.2762	42.5631	42.8902	42.7064	42.9016	43.318200000000004	42.9672	43.3603	43.7686	43.526199999999996	43.6994	44.105	43.865500000000004	44.2135	44.6337	44.264700000000005	44.6571	45.1717	44.7577	45.103100000000005	45.6039	45.3654	45.710899999999995	46.150999999999996	45.914	46.3161	46.8667	46.3269	46.8455	47.3142	46.5101
Sor-ACeb_017-Ex1-12F-lcwgs-1-3-L2-clmp.r1r2_fastp	45.6823	37.7451	38.2411	38.224799999999995	38.4959	38.3019	37.878499999999995	38.5252	38.8655	38.0978	40.6988	40.635	39.8322	39.7461	39.578	39.5133	39.6615	39.523399999999995	39.5613	39.894400000000005	39.7526	39.7012	39.7592	39.5797	39.543099999999995	39.598	39.3684	39.5615	39.602	39.5007	39.6753	39.7693	39.6683	39.631899999999995	39.6342	39.5494	39.480599999999995	39.4234	39.3704	39.3878	39.517	39.4368	39.4435	39.5218	39.4444	39.394400000000005	39.3859	39.264700000000005	39.2205	39.3205	39.248	39.3104	39.4183	39.2181	39.2676	39.400800000000004	39.2374	39.1517	39.2656	39.1462	39.2353	39.224199999999996	39.122099999999996	39.266	39.2274	39.1263	39.199600000000004	39.230399999999996	39.1107	39.1198	39.2248	39.1935	39.170899999999996	39.1984	39.1728	39.1347	39.272	39.1952	39.1122	39.3023	39.176100000000005	39.0961	39.2823	39.2147	39.1611	39.346599999999995	39.1055	39.2634	39.4311	39.232299999999995	39.2873	39.5101	39.3246	39.392300000000006	39.5255	39.4697	39.544000000000004	39.5096	39.4544	39.6742	39.704	39.5728	39.6727	39.939400000000006	39.7978	39.8737	40.0011	40.0348	39.970299999999995	40.3249	40.0756	40.2413	40.5492	40.366600000000005	40.4583	40.8847	40.61	40.7032	41.052	40.849999999999994	41.0649	41.4099	41.1637	41.3944	41.7817	41.5199	41.8387	42.1329	41.9211	42.1431	42.430099999999996	42.2179	42.465199999999996	42.9144	42.5387	43.051	43.2861	43.0861	43.419200000000004	43.9516	43.6532	43.9958	44.4309	44.195499999999996	44.441399999999994	45.107	44.574000000000005	44.886199999999995	45.635799999999996	44.441900000000004
Sor-ACeb_017-Ex1-12F-lcwgs-1-3-L3-clmp.r1r2_fastp	45.266600000000004	37.755	38.1063	38.1889	38.4807	38.3159	37.8972	38.4996	38.8463	38.1121	40.639399999999995	40.625	39.7798	39.6881	39.5189	39.4546	39.6491	39.515	39.535	39.8373	39.7063	39.6835	39.7155	39.533699999999996	39.5109	39.543299999999995	39.3339	39.5398	39.5864	39.492399999999996	39.650200000000005	39.7612	39.6332	39.5981	39.6036	39.4987	39.48	39.393899999999995	39.393299999999996	39.323	39.495799999999996	39.364399999999996	39.3947	39.5121	39.4161	39.345	39.365899999999996	39.239200000000004	39.2113	39.3065	39.2137	39.2958	39.3818	39.1966	39.213	39.394800000000004	39.21	39.1155	39.2423	39.1481	39.215	39.161699999999996	39.1117	39.183099999999996	39.2018	39.1208	39.1357	39.1639	39.0737	39.0806	39.1561	39.1304	39.1017	39.1199	39.1282	39.0859	39.224599999999995	39.0846	39.0513	39.2072	39.124199999999995	39.0446	39.1704	39.1872	39.1452	39.3005	39.0993	39.219	39.3808	39.068999999999996	39.2399	39.424	39.299299999999995	39.4169	39.4638	39.3744	39.480900000000005	39.4428	39.3777	39.581300000000006	39.6012	39.4319	39.605000000000004	39.9344	39.702	39.779199999999996	39.9257	39.8422	39.9353	40.146300000000004	39.9983	40.1004	40.4495	40.2793	40.392	40.6838	40.4678	40.56	40.842099999999995	40.677400000000006	40.915400000000005	41.234700000000004	41.07	41.266999999999996	41.5949	41.369699999999995	41.639199999999995	41.997800000000005	41.7618	42.0346	42.3497	42.0289	42.3808	42.8729	42.3823	42.8678	43.3005	42.9463	43.2512	43.8271	43.5516	43.7059	44.2954	44.1494	44.4424	44.9238	44.3763	45.062799999999996	45.434799999999996	44.7183
Sor-ACeb_018-Ex1-1G-lcwgs-1-3-L2-clmp.r1r2_fastp	45.6749	36.2372	38.488499999999995	38.0415	38.3716	38.0868	37.7374	38.2746	38.7619	37.9645	40.5875	40.5464	39.7485	39.6467	39.5805	39.474399999999996	39.6937	39.5746	39.5548	39.9042	39.7866	39.683099999999996	39.7233	39.5367	39.5766	39.5483	39.367200000000004	39.5805	39.642300000000006	39.5403	39.7409	39.7592	39.7187	39.7037	39.688	39.651599999999995	39.6234	39.537800000000004	39.5272	39.5364	39.6303	39.5677	39.5651	39.5965	39.625899999999994	39.516400000000004	39.5571	39.4714	39.4375	39.5135	39.487899999999996	39.4845	39.585300000000004	39.3863	39.4577	39.5958	39.4617	39.318	39.460499999999996	39.3112	39.448299999999996	39.3217	39.297	39.3861	39.341300000000004	39.2196	39.364	39.301700000000004	39.273	39.1976	39.301199999999994	39.2818	39.2627	39.2077	39.2428	39.2062	39.2866	39.1879	39.1475	39.2676	39.2353	39.0528	39.2283	39.1867	39.1071	39.196799999999996	39.042100000000005	39.118700000000004	39.3391	39.0408	39.1603	39.2616	39.1925	39.1486	39.246199999999995	39.1698	39.2431	39.139	39.164300000000004	39.246900000000004	39.2377	39.1419	39.217200000000005	39.3795	39.2859	39.285199999999996	39.3769	39.337	39.380900000000004	39.4669	39.4036	39.4257	39.7136	39.5605	39.6014	39.839	39.7098	39.6354	39.9305	39.7705	39.8729	40.1115	39.976099999999995	40.0735	40.4174	40.1111	40.3675	40.589	40.457100000000004	40.5336	40.7471	40.565400000000004	40.808299999999996	41.0931	40.8742	41.1873	41.424499999999995	41.1883	41.4337	41.809000000000005	41.666599999999995	41.8403	42.2348	42.024	42.2772	42.6108	42.3045	42.6406	43.028800000000004	42.2161
Sor-ACeb_018-Ex1-1G-lcwgs-1-3-L3-clmp.r1r2_fastp	45.6006	36.2666	38.4241	38.0455	38.404500000000006	38.0835	37.7351	38.2849	38.759100000000004	37.9907	40.5852	40.557900000000004	39.767	39.6337	39.5501	39.470499999999994	39.7004	39.5477	39.5884	39.872	39.769	39.6936	39.7239	39.5253	39.5768	39.5379	39.3874	39.5837	39.6554	39.5297	39.732	39.7981	39.7145	39.7336	39.698299999999996	39.6323	39.630500000000005	39.5522	39.598499999999994	39.5353	39.6575	39.5625	39.5673	39.6038	39.6173	39.5229	39.5849	39.4712	39.4399	39.515899999999995	39.5033	39.4884	39.6049	39.3792	39.4702	39.5946	39.4812	39.358599999999996	39.4692	39.3306	39.454699999999995	39.3419	39.3031	39.3972	39.3546	39.2224	39.3607	39.317099999999996	39.277499999999996	39.211	39.3233	39.2936	39.2731	39.231700000000004	39.2594	39.2259	39.2978	39.1889	39.170300000000005	39.2802	39.2577	39.076899999999995	39.271699999999996	39.2117	39.1378	39.202	39.081700000000005	39.1527	39.3488	39.0295	39.1796	39.2885	39.1947	39.190000000000005	39.2791	39.1828	39.2951	39.1873	39.174	39.284400000000005	39.2692	39.1659	39.2616	39.420100000000005	39.3159	39.340399999999995	39.4263	39.3901	39.4473	39.512	39.4525	39.4877	39.7819	39.635999999999996	39.6955	39.908	39.768100000000004	39.715	40.0058	39.832699999999996	39.9923	40.2274	40.0227	40.1866	40.503499999999995	40.216499999999996	40.471000000000004	40.685	40.5402	40.6501	40.8511	40.6554	40.9858	41.2532	40.944199999999995	41.335699999999996	41.5425	41.3179	41.607	41.9494	41.781800000000004	41.982	42.4523	42.214600000000004	42.431799999999996	42.849	42.4633	42.901	43.182500000000005	42.6376
Sor-ACeb_019-Ex1-3G-lcwgs-1-3-L2-clmp.r1r2_fastp	46.5428	35.7517	36.9677	35.5844	36.2883	35.6436	35.5232	35.8395	36.6127	35.6599	38.8224	38.5184	37.424800000000005	37.459399999999995	37.4778	37.1187	37.639	37.400299999999994	37.435	37.5411	38.1185	37.5921	37.4533	37.418600000000005	37.2513	37.0963	36.7188	37.088100000000004	37.2881	37.053399999999996	37.734899999999996	37.3228	37.622699999999995	37.1813	37.683	37.183	37.0189	37.136	36.6146	37.4504	37.0265	37.0948	37.1718	37.1634	37.279	37.183699999999995	36.9846	36.367399999999996	36.3226	37.0317	36.525600000000004	37.2217	37.3606	36.5839	37.1786	36.4501	36.861	36.661	36.836	36.697	37.2199	36.664	36.5246	36.6508	36.675999999999995	37.2063	37.3311	36.771100000000004	36.8515	37.032	36.8979	36.8378	36.6283	36.883300000000006	37.5933	36.6336	36.952600000000004	36.5517	37.0393	36.675999999999995	37.0508	37.3524	36.8687	37.3877	37.430600000000005	37.271100000000004	36.938500000000005	37.063	37.3692	36.2138	37.3682	37.201699999999995	36.9478	37.4484	36.7174	37.0474	37.0846	37.9294	37.6435	37.6367	37.4523	37.7346	37.751200000000004	36.3627	37.1058	37.6805	36.7304	37.8745	37.0175	37.5573	38.3515	36.8546	37.8937	37.4691	38.1978	39.1383	38.2347	39.0811	38.5575	38.404500000000006	37.3455	39.207300000000004	37.898199999999996	39.5729	38.271899999999995	38.8986	40.8619	38.8924	40.335	38.9105	39.8296	39.8833	39.582499999999996	39.811600000000006	37.8378	40.7826	41.6625	38.3775	42.2658	39.7936	40.1086	40.6034	39.7215	38.2725	42.8676	41.0769	39.9027	41.484	41.6667	40.1141
Sor-ACeb_019-Ex1-3G-lcwgs-1-3-L3-clmp.r1r2_fastp	46.6412	35.3286	37.589800000000004	35.9022	36.4296	35.875800000000005	36.106500000000004	35.9483	37.227199999999996	35.5264	39.2511	38.8753	37.629400000000004	37.4975	37.635999999999996	37.167899999999996	37.0031	37.9524	36.798700000000004	37.7151	38.0908	38.1502	37.5305	38.0513	37.458000000000006	37.5437	38.130399999999995	37.5437	37.425000000000004	37.1547	37.3459	37.589800000000004	37.741400000000006	38.278800000000004	36.9991	37.6755	37.3183	38.2829	38.1719	37.0011	37.731300000000005	37.7821	37.3776	37.3203	37.6361	37.4315	37.2765	36.6254	36.7248	35.9926	37.0215	37.2988	37.674	37.127700000000004	37.1925	36.5969	37.7467	37.7943	37.2549	36.912	37.032199999999996	36.9423	37.2153	37.4696	37.249300000000005	38.1884	36.9479	37.2386	36.991800000000005	35.8985	37.7575	36.7045	37.2413	38.012299999999996	37.6888	36.8147	37.7778	37.2542	36.892399999999995	37.8749	37.004	36.129	37.833600000000004	37.3776	37.3615	37.4176	37.9036	37.4979	37.1264	37.0122	37.1241	36.3459	37.4572	36.8134	37.5625	38.2467	38.5291	38.2331	38.615899999999996	37.6815	37.616	37.4781	37.637	37.599	34.970099999999995	37.668600000000005	37.3919	38.6398	36.4205	38.601600000000005	39.5561	37.1494	39.5026	39.596	37.453599999999994	37.877100000000006	40.8533	39.0394	38.8674	39.319700000000005	39.0747	36.5655	40.7925	39.818599999999996	38.7684	37.0337	38.6515	37.108200000000004	41.4424	38.2979	39.627	39.2771	40.9774	41.4021	42.1788	41.6667	40.4871	39.0823	42.389500000000005	41.2781	43.9201	45.0382	41.785	43.3761	39.643699999999995	40.232600000000005	40.146	40.6566	40.6824	40.9222
Sor-ACeb_020-Ex1-2G-lcwgs-1-3-L2-clmp.r1r2_fastp	54.4651	47.503299999999996	44.1392	45.894	46.3897	46.326499999999996	44.275999999999996	47.5454	45.6871	46.315400000000004	48.6307	49.1298	46.9476	49.0427	46.6765	47.8615	47.7822	48.1389	46.6557	49.171	46.7872	48.0231	47.6288	47.943200000000004	46.653800000000004	48.9726	46.6664	47.840700000000005	47.6646	47.9209	46.6969	49.0899	46.5614	47.9338	47.5403	48.0232	46.5183	48.7718	46.637699999999995	47.847	47.6292	47.9478	46.8225	48.851299999999995	46.611799999999995	47.954	47.4075	47.815200000000004	46.888200000000005	48.9514	46.9007	48.1307	47.8072	48.2414	47.0878	49.175000000000004	47.146	48.3602	48.248400000000004	48.510799999999996	47.5964	49.5336	47.7429	48.9336	48.979099999999995	49.1121	48.3996	50.4016	48.5684	49.5708	49.5559	49.7697	49.119800000000005	50.8987	49.4556	50.5923	50.6988	50.7938	50.1864	51.8272	50.5186	51.4493	51.8613	51.766	51.182700000000004	52.817099999999996	51.5904	52.311099999999996	52.90390000000001	52.789500000000004	52.181	54.0092	52.7143	53.1895	54.120900000000006	53.8096	53.602799999999995	54.94	53.5987	54.4247	55.1611	54.68920000000001	54.4219	55.92660000000001	54.7196	55.356700000000004	56.2393	55.2659	55.4647	56.88530000000001	55.3148	56.1538	56.932300000000005	56.101299999999995	56.3812	57.6311	56.521	56.9807	58.307900000000004	56.85059999999999	57.43899999999999	58.604	57.0944	57.44590000000001	58.9648	57.5672	58.3153	58.967999999999996	57.678200000000004	57.998400000000004	59.304	58.191199999999995	58.5406	59.659099999999995	58.3191	58.823800000000006	59.6564	58.8368	58.7597	59.8583	59.053	59.133100000000006	60.6432	59.046699999999994	59.314	60.4682	59.3136	59.099999999999994	60.101000000000006	58.586099999999995
Sor-ACeb_020-Ex1-2G-lcwgs-1-3-L3-clmp.r1r2_fastp	55.6885	47.6162	44.892700000000005	45.6812	47.2459	46.2413	45.1714	47.4037	46.597300000000004	46.139599999999994	49.5216	49.129400000000004	48.2408	48.8767	47.5895	47.8239	48.6933	47.9128	47.7354	48.796099999999996	47.695100000000004	47.7665	48.6315	47.596199999999996	47.365	48.549	47.4906	47.8	48.3991	47.530899999999995	47.664	48.708400000000005	47.6437	47.7212	48.5101	47.639900000000004	47.5143	48.5517	47.2437	47.6624	48.4003	47.4726	47.5478	48.593599999999995	47.402899999999995	47.769099999999995	48.4404	47.5595	47.678799999999995	48.6649	47.6762	48.0347	48.7025	47.88	48.2059	48.8715	48.1483	48.3372	49.0426	48.2936	48.4943	49.399	48.6076	48.794	49.8888	48.8406	49.2127	50.1421	49.2051	49.6701	50.6366	49.6744	50.085800000000006	51.0127	50.259600000000006	50.4463	51.697199999999995	50.6159	51.039	51.9808	51.2248	51.487700000000004	52.3104	51.602599999999995	52.0416	52.8991	52.321600000000004	52.6859	53.5217	52.7172	53.1234	53.8733	53.1793	53.352599999999995	54.525999999999996	53.575700000000005	54.2418	54.838699999999996	54.26800000000001	54.5391	55.267500000000005	54.562900000000006	55.1342	56.1175	55.4247	55.36879999999999	56.5359	55.269400000000005	56.266099999999994	57.0518	55.8462	56.429300000000005	57.0886	56.2751	56.8666	57.5362	56.878499999999995	57.0241	58.3009	56.956399999999995	57.71079999999999	58.755500000000005	57.3658	57.8471	58.8112	57.7626	58.15709999999999	58.674400000000006	57.950199999999995	58.488099999999996	59.5345	58.0546	58.7207	59.3878	58.560500000000005	58.9139	59.748000000000005	58.769499999999994	59.069799999999994	60.1086	58.809900000000006	59.6439	60.1573	58.81999999999999	59.677800000000005	60.754799999999996	59.309999999999995	59.6536	60.8428	59.174800000000005
Sor-ACeb_021-Ex1-4G-lcwgs-1-3-L2-clmp.r1r2_fastp	47.4476	36.7199	38.390800000000006	37.6138	38.324000000000005	37.3883	38.4577	37.7559	39.6775	37.5386	40.5715	40.2039	40.212199999999996	38.6248	39.042500000000004	39.2598	39.042500000000004	38.3491	39.0175	39.6357	39.878	39.3015	39.3015	39.3099	39.5522	39.9449	38.9423	38.4577	39.1762	38.6666	39.543800000000005	39.577200000000005	39.8279	38.8777	39.0563	38.8692	38.417899999999996	39.273	39.3073	39.12	39.131899999999995	37.641000000000005	39.9318	38.8008	39.4718	39.0364	39.2396	39.3973	38.7112	39.0867	38.7347	38.1712	38.425799999999995	38.2803	38.6251	38.7519	38.7446	38.972	39.1194	38.2125	37.805	39.0268	38.2049	39.0289	39.1432	38.2802	37.9666	39.3981	37.1583	39.076100000000004	38.3154	39.2222	39.029599999999995	38.5263	38.0704	38.685900000000004	38.785799999999995	39.6854	39.6624	38.0316	38.452	38.4643	38.3457	39.8233	38.2699	38.9837	38.865300000000005	39.5604	39.4558	38.3639	38.962	38.8313	38.7274	38.080999999999996	38.5767	38.864399999999996	40.409299999999995	38.9627	38.1125	38.9749	37.972899999999996	39.1642	40.9318	38.853500000000004	40.2409	40.8639	39.8834	39.4491	39.5642	41.3515	38.9325	38.0044	40.091100000000004	39.4784	40.0993	41.5304	38.2573	41.7261	42.6426	42.117599999999996	38.549299999999995	39.2157	40.1427	43.0712	41.437000000000005	41.2779	41.9872	41.971199999999996	42.5754	42.3913	41.153800000000004	41.8667	44.0443	42.4419	39.1502	43.125	39.1935	40.6667	43.7931	40.5797	43.3145	41.0959	41.4141	44.181	44.5946	45.5814	45.036300000000004	44.559599999999996	44.9591	42.3077
Sor-ACeb_021-Ex1-4G-lcwgs-1-3-L3-clmp.r1r2_fastp	47.442	36.6508	38.5239	37.21	37.1261	36.9583	36.3433	39.334599999999995	37.7411	37.9368	40.760400000000004	41.6271	38.8873	40.285199999999996	38.2164	38.7476	40.2013	39.3067	41.2077	40.0895	39.670100000000005	39.9776	39.530300000000004	37.5454	37.9368	39.530300000000004	38.5519	39.6981	37.6293	39.2787	38.9992	39.2228	39.3067	38.713300000000004	39.6073	38.1757	39.808	37.6417	38.2186	38.9317	39.9367	39.2588	38.6946	39.2909	39.1932	37.7633	40.2749	37.371900000000004	37.1689	39.1465	39.622099999999996	37.8826	38.792300000000004	39.8592	39.5477	40.2231	38.2284	38.9602	38.6061	38.4161	39.1443	39.2883	39.0859	39.666000000000004	38.1186	38.163000000000004	37.2981	38.759100000000004	38.8751	40.9436	38.9588	37.9417	39.277699999999996	36.9717	38.043	37.6534	39.8792	40.1864	38.8978	39.5514	38.8289	39.2962	38.7681	38.542300000000004	39.9491	39.1047	40.0	38.4292	37.9461	40.436699999999995	39.4127	40.400000000000006	38.5833	41.9355	38.7534	39.0244	38.867200000000004	39.6111	36.9979	39.6667	40.7789	36.147400000000005	41.1619	41.698800000000006	38.6364	40.2507	42.097699999999996	39.1239	41.2226	40.322599999999994	36.0927	38.408300000000004	35.1986	37.5472	38.9105	39.263799999999996	37.6068	40.271499999999996	39.088699999999996	41.8136	40.0	40.7104	36.416199999999996	40.672799999999995	41.6149	39.1586	37.931	42.1818	41.444900000000004	43.4263	38.8664	37.037	41.2017	48.0	39.908300000000004	42.7885	42.5	40.740700000000004	45.3552	39.3258	41.954	37.3494	50.9317	47.4026	44.3709	41.3793	52.5547	37.1212	47.692299999999996	36.3636
Sor-ACeb_022-Ex1-5G-lcwgs-1-3-L2-clmp.r1r2_fastp	53.74250000000001	42.8704	42.156	42.1687	43.2339	42.2241	41.821999999999996	43.1644	42.824200000000005	42.436	45.7808	45.3222	44.6462	44.7077	44.0482	44.210100000000004	44.6525	44.1925	44.3729	44.9079	44.277899999999995	44.372099999999996	44.6384	44.021	44.065599999999996	44.418800000000005	43.8388	44.0933	44.479600000000005	44.0243	44.2086	44.670100000000005	44.0559	44.224000000000004	44.515	44.0171	44.1115	44.5025	43.9367	44.1741	44.581700000000005	44.063	44.1653	44.6229	44.0111	44.1522	44.5158	44.0171	44.159	44.5931	44.1005	44.3761	44.786300000000004	44.2492	44.4302	44.948	44.3304	44.614599999999996	45.0758	44.6647	44.8596	45.382	44.893	45.1911	45.644800000000004	45.1704	45.4796	45.9868	45.465	45.818799999999996	46.339000000000006	45.8861	46.1745	46.7652	46.2886	46.6157	47.191	46.629	47.0509	47.683	47.1359	47.5447	48.1015	47.5931	47.932399999999994	48.6978	48.0164	48.456500000000005	49.077	48.5753	48.951499999999996	49.6594	49.081599999999995	49.5126	50.169200000000004	49.6189	49.9958	50.6725	50.0135	50.4515	51.2247	50.548700000000004	50.971999999999994	51.7224	51.01989999999999	51.5025	52.2226	51.4962	51.885000000000005	52.6711	52.026300000000006	52.388999999999996	53.0857	52.3861	52.7954	53.597899999999996	52.7548	53.1736	53.8918	53.0907	53.5904	54.357699999999994	53.4467	53.9488	54.6428	53.788599999999995	54.2053	54.9516	53.9482	54.490300000000005	55.322700000000005	54.288599999999995	54.751000000000005	55.52629999999999	54.5035	54.95100000000001	55.667100000000005	54.7221	55.1194	55.893499999999996	54.8293	55.3845	56.0069	55.0151	55.54900000000001	56.3118	55.306200000000004	55.7576	56.415800000000004	54.9993
Sor-ACeb_022-Ex1-5G-lcwgs-1-3-L3-clmp.r1r2_fastp	54.0713	43.2817	42.3798	42.5736	43.6329	42.5975	42.1619	43.5728	43.1908	42.817499999999995	46.1603	45.7254	45.0329	45.0976	44.4187	44.6236	45.0484	44.5386	44.7472	45.253	44.6563	44.7657	45.0141	44.3431	44.455	44.809599999999996	44.1924	44.4998	44.8793	44.378299999999996	44.629000000000005	45.0651	44.4108	44.6515	44.9326	44.371	44.4957	44.8392	44.338699999999996	44.5568	44.9768	44.4397	44.5816	45.003	44.3866	44.5779	44.9153	44.343199999999996	44.5411	44.995200000000004	44.4587	44.7507	45.1751	44.6198	44.8297	45.3226	44.7272	45.0185	45.4242	45.0234	45.2262	45.787299999999995	45.2345	45.5804	46.043299999999995	45.4938	45.835100000000004	46.404	45.8699	46.214	46.7109	46.26	46.604099999999995	47.1427	46.6186	47.044399999999996	47.5751	46.9738	47.3591	48.0281	47.4798	47.943599999999996	48.4628	47.964600000000004	48.3063	49.0479	48.3937	48.870000000000005	49.4958	48.9452	49.3558	49.9911	49.417100000000005	49.9108	50.577600000000004	49.956	50.345099999999995	51.105199999999996	50.39320000000001	50.8612	51.5889	50.9505	51.3717	52.0833	51.3834	51.944	52.5745	51.847699999999996	52.3432	53.03099999999999	52.2906	52.8623	53.440799999999996	52.709399999999995	53.1773	53.922599999999996	53.077	53.5305	54.271499999999996	53.4732	53.95140000000001	54.689299999999996	53.760200000000005	54.30970000000001	54.9481	54.0996	54.527300000000004	55.293800000000005	54.257999999999996	54.8479	55.5829	54.640100000000004	55.1491	55.799	54.82599999999999	55.3225	56.0226	55.0034	55.500099999999996	56.218	55.1275	55.8327	56.4565	55.3855	55.964400000000005	56.6246	55.5071	56.0891	56.7403	55.392799999999994
