Sample	1	2	3	4	5	6	7	8	9	10	11	12	13	14	15	16	17	18	19	20	21	22	23	24	25	26	27	28	29	30	31	32	33	34	35	36	37	38	39	40	41	42	43	44	45	46	47	48	49	50	51	52	53	54	55	56	57	58	59	60	61	62	63	64	65	66	67	68	69	70	71	72	73	74	75	76	77	78	79	80	81	82	83	84	85	86	87	88	89	90	91	92	93	94	95	96	97	98	99	100	101	102	103	104	105	106	107	108	109	110	111	112	113	114	115	116	117	118	119	120	121	122	123	124	125	126	127	128	129	130	131	132	133	134	135	136	137	138	139	140	141	142	143	144	145	146	147	148	149	150
Sor-ACeb_001-Ex1-8E-lcwgs-1-3-L2-clmp.r1r2_fastp	0.0736661	0.124341	0.0011243800000000001	3.87717e-05	7.75433e-05	0.0008917479999999999	0.0	0.0	0.00705644	0.00694013	0.000852976	0.0	0.0	0.0	0.00407102	3.87717e-05	0.0	0.0013957800000000001	0.0008917479999999999	0.0	0.0008142049999999999	0.0033343599999999998	0.00015508700000000001	0.0	0.0	0.0	0.0	0.0	0.0	0.013066	0.007715560000000001	0.0	0.000116315	0.0037225099999999996	0.0	0.00213348	0.0017072399999999998	7.76273e-05	0.000310631	0.0	0.0	0.0	0.0	0.0	7.80261e-05	0.000117203	0.0	0.0	7.85963e-05	0.0	0.0	0.0	0.0	0.0	0.00309448	0.0	0.0	0.0	0.0025158199999999998	0.0040333	0.000251729	4.23606e-05	0.000171236	0.000692777	0.0	4.44004e-05	0.0	0.0	0.0	0.00627123	0.000335727	4.88294e-05	0.0	0.0	0.000362417	0.00602719	0.0	0.0	0.000735282	0.00451809	0.00243359	0.000852143	0.0	0.0	0.0	0.0	0.0	0.0	0.0	0.0	0.000157255	0.000162278	0.0	0.0061462800000000005	0.0	0.0	0.0	0.00029718699999999997	0.0	0.0	0.0	0.0	0.0	0.00147059	0.0	0.0	0.0019173999999999999	0.0	0.0	0.0	0.000159077	0.0	0.0	0.0	0.0	0.0	0.00100026	0.0	0.0	0.0	0.000233452	0.00654949	0.00277392	0.00471741	0.00789689	0.0	0.0	0.0	0.0	0.08335229999999999	0.00581554	0.00177588	0.00147408	0.0	0.00039712199999999997	0.009479959999999999	0.0	0.00488741	0.000461625	0.0	0.0	0.0	0.0	0.0	0.0	0.00666255	0.00441437	0.0	0.0	0.0
Sor-ACeb_001-Ex1-8E-lcwgs-1-3-L3-clmp.r1r2_fastp	0.0472591	0.00527271	0.0007323210000000001	0.0017087499999999998	0.0	0.0	0.0030269299999999997	0.00634678	0.0018063900000000002	0.0	0.0	0.08704859999999999	0.0791395	0.0	0.0	0.0	0.0008299640000000001	0.000537035	0.045111	4.88214e-05	0.00034175	0.0008787849999999999	0.0	0.0355908	9.76428e-05	0.0	0.0033198599999999996	0.0480403	0.0	0.0	0.0017575699999999997	0.0937371	4.88214e-05	0.0	0.0	0.0	0.000293122	0.0026877100000000003	0.19636599999999999	9.78074e-05	4.89291e-05	0.0	0.0	0.0	0.0943081	0.0451275	0.0468207	9.86433e-05	0.0	0.0	0.0	0.0	0.0	0.000351625	0.000201869	0.0	0.0445009	0.0018490000000000002	0.0917051	0.0	5.2574099999999995e-05	0.00031838200000000003	0.0	0.0	0.0	5.5532099999999996e-05	0.0	0.0	5.79273e-05	0.0	0.0	0.0919676	0.00130289	0.000632409	0.00025803699999999997	0.0	0.006322619999999999	0.046827	0.0011961699999999999	0.00244902	0.0	0.0	0.00031032300000000004	0.00039824299999999995	0.0	0.00193357	0.129059	0.0454652	0.00293156	0.0012272399999999999	0.00233621	0.0	0.0	0.00278413	0.0424945	0.0	0.0	0.0	0.0	0.0	0.0	0.0	0.00175366	0.000454697	0.0459247	0.0	0.0	0.000351783	0.000913237	0.0018970500000000002	0.0	0.0	0.0	0.0400615	0.00046030699999999997	0.00478437	0.0	0.0	0.0	0.000279486	0.0	0.0	0.0	0.0	0.0380684	0.0448768	0.0	0.0	0.0	0.0	0.0	0.0	0.0	0.0921312	0.045631200000000004	0.0	0.00379424	0.0	0.0	0.0929004	0.0	0.0	0.0422075	0.0	0.0	0.0	0.0690507	0.0466327	0.0	0.0
Sor-ACeb_002-Ex1-9E-lcwgs-1-3-L2-clmp.r1r2_fastp	0.0689526	0.120123	0.00117403	0.0	2.8634800000000002e-05	0.00114539	0.0	0.0	0.00827546	0.00635692	0.0007731389999999999	0.0	0.0	0.0	0.00415205	0.0	0.0	0.00103085	0.00103085	0.0	0.00117403	0.0044670299999999994	0.000200444	0.0	0.0	0.0	0.0	0.0	0.0	0.0144892	0.008475900000000001	0.0	0.000114539	0.00409559	0.0	0.00194872	0.0015481400000000001	2.86831e-05	0.000459194	0.0	0.0	0.0	0.0	0.0	8.66764e-05	0.000202631	0.0	5.8170299999999994e-05	2.91698e-05	0.0	0.0	0.0	0.0	0.0	0.00443244	0.0	0.0	0.0	0.0024634099999999996	0.0038504000000000004	0.00012530900000000002	9.48794e-05	0.000255615	0.0005490919999999999	0.0	3.30672e-05	0.0	0.0	0.0	0.00680826	0.000744363	0.0	0.0	0.0	0.000151329	0.0049660400000000006	0.0	0.0	0.0007324289999999999	0.00510227	0.00308811	0.000949536	0.0	0.0	0.0	0.0	0.0	0.0	0.0	0.0	0.000105184	0.000376918	0.0	0.00565206	0.00011587300000000001	0.0	0.0	0.00031268400000000003	0.0	6.58986e-05	0.0	0.0	0.0	0.00095348	0.0	0.0	0.0016724399999999999	0.0	0.0	0.0	8.904679999999999e-05	0.0	0.0	0.0	0.0	0.0	0.000634093	0.0	0.0	0.0	0.0	0.00488596	0.00113156	0.00323499	0.0055936200000000005	0.0	0.0	0.0	0.000299188	0.0897699	0.00618208	0.0016316000000000002	0.0013434900000000001	0.0	0.000177945	0.006775949999999999	0.0	0.00601563	0.0	0.0	0.0	0.0	0.0	0.0	0.0	0.0054008500000000004	0.00480313	0.0	0.0	0.0
Sor-ACeb_002-Ex1-9E-lcwgs-1-3-L3-clmp.r1r2_fastp	0.0504963	0.00453263	0.000672812	0.00134562	0.0	0.0	0.00315159	0.00786128	0.00138104	0.0	3.54112e-05	0.0921753	0.08218929999999999	3.54112e-05	0.0	0.0	0.000814457	0.000389523	0.0452201	0.0	0.00024787800000000004	0.000779046	0.0	0.0409353	0.0	0.0	0.00276207	0.049646499999999996	0.0	0.0	0.00208926	0.101311	0.000177056	0.0	0.0	0.0	0.000177244	0.00230515	0.209059	7.10072e-05	3.55291e-05	0.0	3.55969e-05	0.000106926	0.09980430000000001	0.047127300000000004	0.049480300000000005	0.00028732599999999997	0.0	0.0	0.000289963	3.6384400000000004e-05	0.0	0.00022029199999999997	0.000184531	3.71177e-05	0.0458301	0.00124094	0.0941801	0.0	0.0	0.000272038	0.0	0.0	0.0	4.05419e-05	0.0	0.0	0.0	0.0	0.0	0.0907667	0.000893158	0.000816761	4.61243e-05	0.0	0.00749306	0.0479514	0.000544237	0.0013607200000000002	0.0	0.0	0.000213666	0.000436093	0.0	0.00113634	0.131829	0.0446108	0.00200058	0.00117787	0.00259986	0.0	0.0	0.00285766	0.0440549	0.0	0.0	0.0	0.0	0.0	0.0	0.0	0.0015375699999999998	0.00043848799999999995	0.0446716	0.0	0.0	0.000683671	0.00100348	0.000825164	0.0	0.0	0.0	0.0413579	0.0007107260000000001	0.0057276	0.0	0.0	0.00039801299999999996	0.000136487	0.000280815	0.0	0.0	0.0	0.0384051	0.041456099999999996	0.0	0.0	0.0	0.0	0.0005600830000000001	0.0	0.0	0.0908003	0.042015899999999995	0.0	0.00154819	0.0	0.00023429699999999998	0.0899168	0.0	0.00025582100000000004	0.0479187	0.000812077	0.0	0.0	0.0893568	0.0400588	0.000312889	0.0
Sor-ACeb_003-Ex1-10E-lcwgs-1-3-L2-clmp.r1r2_fastp	0.06885959999999999	0.12078499999999999	0.0008534449999999999	2.99454e-05	5.9890900000000006e-05	0.00106306	0.0	0.0	0.00775587	0.0062286500000000005	0.00112295	0.0	0.0	0.0	0.0036832899999999997	1.49727e-05	0.0	0.0010930100000000002	0.00122776	0.0	0.000883391	0.00338384	0.00034437300000000003	0.0	0.0	0.0	0.0	4.49182e-05	0.0	0.013026300000000001	0.008010409999999999	0.0	0.0	0.00416674	0.0	0.0020144	0.00164192	0.00010569400000000001	0.000393659	0.0	0.0	0.0	0.0	0.0	0.000124399	0.000187806	1.5761e-05	4.76502e-05	1.60165e-05	0.0	0.0	0.0	0.0	0.0	0.00340713	0.0	0.0	0.0	0.00260157	0.00361007	5.6566299999999994e-05	9.61107e-05	9.808500000000001e-05	0.00048092999999999996	2.04843e-05	0.0	0.0	0.0	0.0	0.00589308	0.000381523	7.35945e-05	0.0	0.0	8.04966e-05	0.00440175	0.0	0.0	0.000824529	0.00436006	0.00323814	0.00149084	0.0	0.0	0.0	0.0	0.0	0.0	0.0	0.0	0.00014415699999999998	0.000501393	0.0	0.005634780000000001	0.00011436500000000001	0.0	0.0	0.000590709	0.0	7.216670000000001e-05	0.0	0.0	0.0	0.0007914360000000001	0.0	0.0	0.00123138	0.000108117	0.0	0.0	0.0	0.0	0.0	0.0	0.0	0.0	0.000702411	0.0	0.0	0.0	0.0	0.00648025	0.00318157	0.00465767	0.00629728	0.0	0.0	0.0	0.0	0.0894011	0.00535393	0.0036396300000000005	0.00042710000000000003	0.00045152999999999995	0.00143242	0.0055464799999999995	0.0	0.00787729	0.0	0.0	0.0	0.0	0.0	0.0	0.0	0.00524999	0.00277739	0.0	0.0	0.0
Sor-ACeb_003-Ex1-10E-lcwgs-1-3-L3-clmp.r1r2_fastp	0.0470676	0.0043546800000000005	0.000444733	0.00118596	0.0	0.0	0.00294636	0.0066154099999999995	0.0013156700000000001	0.0	5.55917e-05	0.0878348	0.0749005	3.7061099999999997e-05	0.0	0.0	0.0008894669999999999	0.000444733	0.044603	1.8530600000000002e-05	0.00037061099999999997	0.0010562400000000002	0.0	0.0368943	3.7061099999999997e-05	1.8530600000000002e-05	0.0029093	0.0461781	0.0	0.000148244	0.0025386899999999997	0.0929307	7.412219999999999e-05	0.0	3.7141299999999996e-05	0.0	0.00044721400000000003	0.00199832	0.194146	7.51175e-05	1.88437e-05	0.0	0.0	5.72794e-05	0.0939216	0.0443481	0.045674700000000006	5.8758399999999996e-05	0.0	0.0	0.00012061299999999999	2.0307700000000002e-05	0.0	0.000249279	0.000168279	8.526599999999999e-05	0.0443645	0.00160218	0.0880967	0.0	2.30799e-05	0.000493802	0.0	2.4476500000000002e-05	2.50037e-05	0.000127865	0.0	0.0	2.74893e-05	0.0	0.0	0.0896834	0.000765966	0.0009147319999999999	0.000130003	0.0	0.00705322	0.0463028	0.000995767	0.00209707	0.0	0.0	0.000380606	0.000526136	0.0	0.00188877	0.130183	0.0423814	0.0024403899999999997	0.0008838269999999999	0.00270566	0.0	0.0	0.00242034	0.0468868	0.0	0.0	0.0	0.0	0.000171933	0.0	0.0	0.00139213	0.000627195	0.0464694	0.0	0.0	0.0005123819999999999	0.0017540499999999998	0.00142204	0.0	0.0	0.0	0.0438442	0.000557532	0.00451615	0.0	0.0	0.0	0.000244849	0.000258789	0.0	0.0	0.0	0.0433678	0.0400486	0.0	0.0	0.0	0.0	0.0	0.0	0.0	0.0939589	0.045167900000000004	0.0	0.00189396	0.0	0.0	0.09088539999999999	0.0	0.0008323209999999999	0.0439533	0.0	0.000978694	0.0	0.0853149	0.043951500000000004	0.0	0.0
Sor-ACeb_004-Ex1-11E-lcwgs-1-3-L2-clmp.r1r2_fastp	0.0698031	0.123069	0.00107417	5.41599e-05	2.708e-05	0.0012186	0.0	0.0	0.00870169	0.00667069	0.00114638	0.0	0.0	0.0	0.00472996	2.708e-05	0.0	0.00124568	0.0009207180000000001	0.0	0.00106514	0.00408907	0.000279826	0.0	0.0	0.0	0.0	2.708e-05	0.0	0.0149662	0.009134970000000001	9.02665e-06	7.22132e-05	0.004425200000000001	0.0	0.00226088	0.0016565199999999999	8.15569e-05	0.00040831099999999996	0.0	0.0	0.0	0.0	0.0	0.000202224	0.000156786	9.25723e-06	0.0	2.80166e-05	0.0	0.0	0.0	0.0	0.0	0.00426291	0.0	3.95446e-05	0.0	0.00264357	0.00419377	0.000113597	0.00018826500000000001	0.00018022	0.000440908	2.18331e-05	2.21808e-05	0.0	1.14746e-05	0.0	0.006822890000000001	0.000485695	6.19641e-05	0.0	0.0	0.000158734	0.00519779	0.0	0.0	0.0007716950000000001	0.00561575	0.00318923	0.0013227999999999998	0.0	0.0	0.0	0.0	0.0	0.0	0.0	0.0	4.1156200000000004e-05	0.00034021699999999997	0.0	0.00554832	9.41403e-05	0.0	0.0	0.000549428	0.0	5.62888e-05	0.0	0.0	0.0	0.000980924	0.0	3.53144e-05	0.00194636	3.81839e-05	0.0	0.0	0.00021493	0.0	0.0	0.0	0.0	0.0	0.0009308529999999999	0.0	0.0	0.0	0.0	0.00496647	0.00244739	0.00495298	0.006296659999999999	0.0	0.0	0.0	0.00035733499999999997	0.0823145	0.00435832	0.00413365	0.00062986	0.0	0.0009095560000000001	0.00662811	0.0	0.00602243	0.0	0.0	0.0	0.0	0.000156469	0.0	0.0	0.00757282	0.00348214	0.0	0.0	0.0
Sor-ACeb_004-Ex1-11E-lcwgs-1-3-L3-clmp.r1r2_fastp	0.050251199999999996	0.00496536	0.000673638	0.0011517	0.0	0.0	0.0032812699999999998	0.00699714	0.00121689	0.0	0.000141247	0.0928099	0.0815428	5.43256e-05	0.0	0.0	0.00106478	0.000478066	0.04914299999999999	0.0	0.000347684	0.00119516	0.0	0.0426891	6.519079999999999e-05	0.0	0.00317262	0.0526415	0.0	2.17303e-05	0.00264023	0.10408800000000001	9.77861e-05	0.0	0.0	0.0	0.00034857700000000003	0.00266056	0.213773	7.65213e-05	3.28461e-05	0.0	0.0	3.30534e-05	0.10259399999999999	0.0513789	0.0515828	0.00013399	0.0	0.0	0.000226586	2.27914e-05	0.0	0.000242533	0.00022111	3.51987e-05	0.047656000000000004	0.00156547	0.0973941	0.0	2.46885e-05	0.000399861	0.0	0.0	1.3021900000000001e-05	0.00011900100000000001	2.6873100000000002e-05	0.0	1.3906300000000001e-05	2.8327200000000002e-05	0.0	0.09142990000000001	0.000976797	0.00112032	0.000109783	0.0	0.00702465	0.0468931	0.00106764	0.00178325	3.62155e-05	0.0	0.000515485	0.000431577	0.0	0.00224145	0.132914	0.047105	0.0028135599999999997	0.00131055	0.00263223	0.0	0.0	0.00274272	0.0448168	0.0	0.0	0.0	3.16743e-05	0.0	0.0	0.0	0.00154103	0.0006476	0.0450705	0.0	4.2723100000000004e-05	0.000710426	0.0012927	0.0017282	0.0	0.0	0.0	0.0442193	0.000644179	0.00554786	6.34859e-05	0.0	0.0	7.16672e-05	7.4627e-05	0.0	0.0	0.0	0.038725800000000005	0.0441755	0.0	0.0	0.0	0.0	0.0	0.0	0.0	0.084929	0.048198700000000004	0.0	0.0019907699999999998	0.0	0.00015395	0.0874926	0.0	0.000173765	0.042118199999999995	0.000563825	0.0	0.00020339999999999998	0.08285630000000001	0.0402516	0.000459143	0.0
Sor-ACeb_005-Ex1-12E-lcwgs-1-3-L2-clmp.r1r2_fastp	0.0656082	0.11383000000000001	0.0011294100000000002	0.0	1.71122e-05	0.00107807	0.0	0.0	0.00997642	0.007700490000000001	0.00121497	0.0	0.0	0.0	0.00521922	1.71122e-05	0.0	0.00107807	0.000889835	0.0	0.000872723	0.0045518500000000005	0.000239571	0.0	0.0	0.0	0.0	1.71122e-05	0.0	0.0174202	0.010951800000000001	3.42244e-05	5.1336600000000006e-05	0.00419295	0.0	0.00243101	0.00195209	6.85138e-05	0.000239879	0.0	0.0	0.0	0.0	0.0	0.000137678	0.000189556	1.7260500000000002e-05	0.0	0.0	0.0	0.0	0.0	0.0	0.0	0.0040674199999999995	0.0	5.35819e-05	0.0	0.00289149	0.0050571900000000005	9.160510000000001e-05	7.38339e-05	0.000130248	0.000337772	0.0	0.0	0.0	0.0	0.0	0.00813446	0.00042360700000000005	0.0	0.0	0.0	0.00021216199999999998	0.00634346	0.0	0.0	0.000515954	0.00712591	0.00305095	0.00122029	0.0	0.0	0.0	0.0	0.0	0.0	0.0	0.0	0.0	0.00035784	0.0	0.00589055	0.0	0.0	0.0	0.000577504	0.0	0.0	0.0	0.0	0.0	0.00107244	0.0	0.000103776	0.0017919	0.00010703999999999999	0.0	0.0	0.000224176	7.587880000000001e-05	0.0	0.0	0.0	0.0	0.00057206	0.0	0.0	0.0	0.0	0.00579838	0.0019607599999999998	0.00565039	0.0065093799999999995	0.0	0.0	0.0	0.000242379	0.0788888	0.0052322	0.00293074	0.000819925	0.0	0.000579681	0.007162679999999999	0.0	0.0063238999999999995	5.5774100000000005e-05	0.0	0.0	0.0	0.0	0.0	0.0	0.00735302	0.00294866	0.0	0.0	0.0
Sor-ACeb_005-Ex1-12E-lcwgs-1-3-L3-clmp.r1r2_fastp	0.049482599999999995	0.00538586	0.000792038	0.00128706	0.0	0.0	0.00332656	0.00730655	0.00170288	0.0	3.96019e-05	0.0926882	0.0848273	5.94028e-05	0.0	0.0	0.0007326349999999999	0.000118806	0.0483539	0.0	0.000178209	0.0008910430000000001	0.0	0.0443541	0.0	0.0	0.00346517	0.055066399999999995	0.0	9.900470000000001e-05	0.0018414899999999999	0.109776	3.96019e-05	0.0	0.0	0.0	0.000178306	0.00247704	0.225558	3.96583e-05	3.9675499999999996e-05	0.0	0.0	0.0	0.10971399999999999	0.052691100000000005	0.057833600000000006	5.99464e-05	0.0	0.0	6.03399e-05	2.01714e-05	0.0	0.000284318	0.00012233899999999998	0.0	0.050494	0.0015512	0.09995609999999999	0.0	4.21233e-05	0.000233306	2.1369e-05	0.0	2.1722899999999998e-05	2.19156e-05	4.42416e-05	0.0	2.2567699999999997e-05	2.28108e-05	0.0	0.0949629	0.000802771	0.0006931999999999999	0.000242056	0.0	0.00745497	0.049068600000000004	0.000817439	0.00209867	0.0	0.0	0.000379055	0.000522198	0.0	0.00189837	0.136144	0.0463849	0.0027613299999999998	0.00138766	0.0027892200000000002	0.0	0.0	0.00302404	0.0428607	0.0	0.0	0.0	3.48608e-05	0.0	0.0	0.0	0.00148636	0.0009436509999999999	0.0432435	0.0	3.95478e-05	0.0008834159999999999	0.00130484	0.00103502	0.0	0.0	0.0	0.042903199999999996	0.000490713	0.00552257	0.0	0.0	0.000236382	9.59266e-05	0.0	4.9339700000000005e-05	0.0	0.0	0.0400337	0.041327699999999995	0.0	0.0	0.0	0.0	0.000223543	0.0	0.0	0.0841148	0.040927599999999995	0.0	0.00151793	6.15643e-05	6.24242e-05	0.0890522	0.0	0.00019548299999999998	0.0456033	0.000804168	6.799699999999999e-05	0.00020712900000000002	0.0829966	0.039671	0.00028906	0.0
Sor-ACeb_006-Ex1-1F-lcwgs-1-3-L2-clmp.r1r2_fastp	0.0688741	0.12147499999999999	0.0010794399999999999	3.42678e-05	3.85513e-05	0.00125934	0.0	0.0	0.009440790000000001	0.007830199999999999	0.00131074	0.0	0.0	0.0	0.005187290000000001	8.56696e-06	8.56696e-06	0.00145638	0.00120794	0.0	0.00087383	0.00422351	0.000265576	0.0	0.0	0.0	0.0	4.28348e-05	0.0	0.0167099	0.010169	4.28348e-06	9.851999999999999e-05	0.00501256	0.0	0.00273471	0.00198531	4.71871e-05	0.00041631900000000006	0.0	0.0	0.0	0.0	0.0	0.000159849	0.000173161	1.7357699999999998e-05	2.17585e-05	4.8024e-05	4.38216e-06	4.400979999999999e-06	4.42247e-06	0.0	0.0	0.004616879999999999	0.0	4.11728e-05	0.0	0.00302904	0.00493038	0.00013811	0.000159068	0.000175799	0.0005792950000000001	5.02476e-06	3.5725699999999996e-05	0.0	0.0	5.37583e-06	0.0077468300000000006	0.0005755539999999999	5.7040500000000004e-05	5.82741e-06	0.0	0.000213307	0.006126349999999999	0.0	0.0	0.000933767	0.0064115000000000005	0.00277524	0.00128012	0.0	0.0	0.0	0.0	0.0	2.5974599999999997e-05	0.0	0.0	0.000114226	0.000363857	0.0	0.006633420000000001	0.000141423	0.0	0.0	0.00068883	0.0	5.1961499999999994e-05	0.0	0.0	0.0	0.0013859	0.0	6.502089999999999e-05	0.0018411200000000001	3.5111e-05	0.0	0.0	0.000157833	4.10405e-05	0.0	0.0	0.0	0.0	0.000925017	0.0	0.0	0.0	0.0	0.00521332	0.0024746800000000004	0.00505219	0.00590884	3.5744099999999995e-05	0.0	0.0	0.00020111	0.08022739999999999	0.00578401	0.00212423	0.0009393089999999999	0.0	0.000405658	0.0062644499999999995	0.0	0.00539359	0.000176894	0.0	6.35297e-05	0.0	0.0	0.0	0.0	0.006960869999999999	0.0028575600000000003	0.0	0.0	0.0
Sor-ACeb_006-Ex1-1F-lcwgs-1-3-L3-clmp.r1r2_fastp	0.048706200000000005	0.00490388	0.000750954	0.0013003099999999998	0.0	0.0	0.00323062	0.00703075	0.00145151	0.0	5.03996e-05	0.0925539	0.0834114	3.02398e-05	0.0	0.0	0.0008366339999999999	0.000367917	0.0504853	0.0	0.000352797	0.00116927	0.0	0.0452034	2.51998e-05	1.51199e-05	0.0033213300000000004	0.0546685	5.03996e-06	6.0479499999999996e-05	0.0026611	0.110476	0.000105839	0.0	1.51251e-05	0.0	0.000322848	0.0027957200000000002	0.22550199999999998	3.5361e-05	7.077010000000001e-05	0.0	0.0	8.62055e-05	0.10925399999999999	0.0527633	0.0552776	0.00011759400000000001	0.0	5.14621e-06	0.00019118300000000002	2.5953800000000002e-05	0.0	0.000246644	0.000237668	5.3189699999999997e-05	0.049074000000000007	0.00202714	0.100571	0.0	3.8986e-05	0.000321158	5.70505e-06	5.78155e-06	5.8643800000000004e-06	0.000148834	2.41967e-05	0.0	3.13052e-05	1.91326e-05	0.0	0.09551470000000001	0.00115135	0.0011278500000000001	0.000191008	0.0	0.00740976	0.048632999999999996	0.000941456	0.0024658899999999997	2.45694e-05	0.0	0.000587546	0.000346423	0.0	0.00230381	0.134442	0.046977899999999996	0.00282886	0.00144313	0.00280408	0.0	0.0	0.0027302100000000003	0.0449439	0.0	0.0	0.0	0.0	2.9768099999999997e-05	0.0	0.0	0.0015279400000000002	0.00099979	0.0448809	0.0	5.7918200000000004e-05	0.000581695	0.00137573	0.0015601299999999999	0.0	0.0	0.0	0.0416198	0.000526998	0.00523482	8.553510000000001e-05	0.0	6.17152e-05	0.000160506	3.34031e-05	0.0	0.0	0.0	0.0395853	0.044764899999999996	0.0	0.0	0.0	0.0	4.9573799999999996e-05	0.0	0.0	0.08315389999999999	0.045635100000000005	0.0	0.00162214	0.0	0.000201805	0.0848556	0.0	0.000226008	0.0434581	0.000729823	0.0	0.0	0.0813943	0.0394455	0.000390599	0.0
Sor-ACeb_007-Ex1-2F-lcwgs-1-3-L2-clmp.r1r2_fastp	0.0708332	0.122144	0.000777438	0.000172764	0.0	0.00120935	0.0	0.0	0.00794714	0.00596036	0.00043191	0.0	0.0	0.0	0.0043191	0.0	0.0	0.00155488	0.000777438	0.0	0.00155488	0.00345528	0.000259146	0.0	0.0	0.0	0.0	0.0	0.0	0.0128709	0.0071697	0.0	0.0	0.0034565299999999998	0.0	0.00181635	0.00155785	8.66184e-05	0.0	0.0	0.0	0.0	0.0	0.0	0.0	8.79381e-05	0.0	0.0	8.90465e-05	0.0	0.0	0.0	0.0	0.0	0.00250843	0.0	0.0	0.0	0.00232844	0.0031456599999999998	0.0	0.0	0.00010279299999999999	0.000522632	0.0	0.0	0.0	0.0	0.0	0.00612896	0.00048256	0.0	0.0	0.0	0.000266757	0.00411004	0.0	0.0	0.0007454390000000001	0.00583337	0.00300513	0.000815395	0.0	0.0	0.0	0.0	0.0	0.0	0.0	0.0	0.0	0.000914769	0.0	0.00517044	0.000511408	0.0	0.0	0.000574739	0.0	0.0	0.0	0.0	0.0	0.000734981	0.0	0.0	0.000417179	0.0	0.0	0.0	0.0	0.0	0.0	0.0	0.0	0.0	0.0	0.0	0.0	0.0	0.0	0.0016031600000000002	0.0008383990000000001	0.00437794	0.000913576	0.0	0.0	0.0	0.0	0.0715267	0.00236798	0.0037009599999999997	0.0	0.0	0.0013984800000000001	0.00437006	0.0	0.00475323	0.0	0.0	0.0	0.0	0.0	0.0	0.0	0.0130822	0.00227077	0.0	0.0	0.0
Sor-ACeb_007-Ex1-2F-lcwgs-1-3-L3-clmp.r1r2_fastp	0.05114269999999999	0.00481469	0.000641958	0.0011769200000000001	0.0	0.0	0.00342378	0.00716854	0.0018188800000000001	0.0	0.0	0.09254899999999999	0.08088680000000001	0.0	0.0	0.0	0.000855945	0.00042797200000000004	0.043974200000000005	0.0	0.000320979	0.000855945	0.0	0.0403364	0.0	0.0	0.00320979	0.0506077	0.0	0.0	0.00256783	0.0945819	0.00010699300000000001	0.0	0.0	0.0	0.00032155700000000004	0.00235993	0.20087	0.00010747	0.0	0.0	0.0	0.0	0.0940385	0.043519300000000004	0.044103	0.00021919300000000001	0.0	0.0	0.00011128800000000001	0.0	0.0	0.00022734499999999997	0.000229276	0.0	0.0411392	0.000945172	0.0897785	0.0	0.000122728	0.000498139	0.0	0.0	0.0	0.0	0.0	0.0	0.0	0.0	0.0	0.09463629999999999	0.000929282	0.00142867	0.0	0.0	0.006179700000000001	0.0446351	0.000544434	0.00130723	0.0	0.0	0.000204187	0.0	0.0	0.00201993	0.131248	0.048925300000000005	0.00297703	0.00154131	0.00266088	0.0	0.0	0.00355693	0.045244099999999995	0.0	0.0	0.0	0.0	0.000373587	0.0	0.0	0.0025301300000000002	0.0	0.047681299999999996	0.0	0.0	0.00156074	0.00162911	0.0011334000000000001	0.0	0.0	0.0	0.043815	0.0	0.00514275	0.0	0.0	0.0	0.0	0.0	0.0	0.0	0.0	0.0347785	0.0385925	0.0	0.0	0.0	0.0	0.0	0.0	0.0	0.0763662	0.0349255	0.0	0.0036188600000000002	0.0	0.0	0.0918499	0.0	0.00221268	0.034547100000000004	0.0	0.0	0.0	0.07000920000000001	0.0280473	0.0	0.0
Sor-ACeb_008-Ex1-3F-lcwgs-1-3-L2-clmp.r1r2_fastp	0.0704167	0.12307699999999999	0.00101402	5.432270000000001e-05	7.243020000000001e-05	0.00131099	0.0	0.0	0.00830413	0.006692549999999999	0.00128564	0.0	0.0	0.0	0.00468624	2.89721e-05	7.2430200000000005e-06	0.0014522299999999999	0.00123131	0.0	0.000948836	0.0039402	0.000322315	0.0	0.0	0.0	0.0	2.89721e-05	0.0	0.014160099999999998	0.00882924	0.0	7.243020000000001e-05	0.00472853	0.0	0.0022852899999999997	0.00181656	9.14443e-05	0.000524712	0.0	0.0	0.0	0.0	0.0	0.00022281599999999998	0.00012166600000000001	7.660480000000001e-06	2.7026700000000003e-05	5.4523399999999994e-05	0.0	0.0	4.01337e-06	0.0	0.0	0.00420124	0.0	5.1397600000000004e-05	0.0	0.00261232	0.00410004	0.000118987	0.000158526	0.00010935500000000001	0.000519204	4.956309999999999e-06	4.0533899999999995e-05	0.0	5.30776e-06	0.0	0.00634636	0.000463564	7.63997e-05	0.0	0.0	0.000198106	0.00498758	0.0	0.0	0.000713497	0.0051023200000000005	0.00257285	0.0013568	0.0	0.0	0.0	0.0	0.0	0.0	0.0	0.0	0.00012048699999999999	0.000261949	0.0	0.0057135	5.14324e-05	0.0	0.0	0.00056958	0.0	0.0	0.0	0.0	0.0	0.00118629	0.0	6.31061e-05	0.0016995900000000002	4.6337699999999995e-05	0.0	0.0	8.0557e-05	2.82247e-05	0.0	0.0	0.0	0.0	0.000582288	0.0	0.0	0.0	0.0	0.00542317	0.00178837	0.0049734	0.00513003	0.0	0.0	0.0	0.000203818	0.0820166	0.0052013	0.00285621	0.00091898	0.0	0.00046252500000000003	0.007201150000000001	0.000102363	0.00506398	0.0	0.0	0.0	0.0	0.0	0.0	0.0	0.00650317	0.00377666	0.0	0.0	0.0
Sor-ACeb_008-Ex1-3F-lcwgs-1-3-L3-clmp.r1r2_fastp	0.049043899999999994	0.0045569799999999995	0.0006408949999999999	0.00141439	0.0	0.0	0.00320447	0.006665309999999999	0.00130389	0.0	0.000132599	0.0917983	0.0807881	4.4199699999999996e-05	0.0	0.0	0.000981232	0.00047293599999999997	0.0479876	0.0	0.000424317	0.00107405	4.4199700000000005e-06	0.0414283	5.3039600000000006e-05	8.83993e-06	0.00308072	0.0498174	4.4199700000000005e-06	9.72392e-05	0.00261662	0.0991663	0.00012817900000000002	0.0	4.43171e-06	0.0	0.000266962	0.00233733	0.202693	5.38587e-05	4.50482e-05	0.0	4.5449499999999996e-06	7.76658e-05	0.0985929	0.0484014	0.049109	0.000131373	0.0	4.77235e-06	0.000178256	2.9203e-05	0.0	0.000243974	0.00018653999999999999	3.0654e-05	0.0455155	0.0015090400000000001	0.0939446	0.0	3.86582e-05	0.000269922	5.7307300000000004e-06	0.0	0.0	0.00014022999999999998	1.87029e-05	0.0	3.9198e-05	1.3391299999999998e-05	0.0	0.0910178	0.000875869	0.00102667	0.00018362699999999998	0.0	0.006883640000000001	0.0457249	0.00105052	0.00182066	9.16581e-06	0.0	0.000537902	0.000384212	0.0	0.00214392	0.131526	0.045544299999999996	0.0026534500000000003	0.00152741	0.0027830999999999997	0.0	0.0	0.0027225	0.0440312	1.5891299999999998e-05	0.0	0.0	0.0	5.6634999999999996e-05	0.0	0.0	0.00170758	0.000792496	0.0417612	0.0	0.0	0.000684701	0.00175426	0.0015710400000000001	0.0	0.0	0.0	0.0427444	0.000933285	0.0044215899999999995	0.0	0.0	0.000143573	0.000151331	0.0	0.0	0.0	0.0	0.0407373	0.039990700000000004	0.0	0.0	0.0	0.0	0.000271449	0.0	0.0	0.0866269	0.0466031	0.0	0.0014892899999999999	0.0	0.000275674	0.0921173	0.0	0.0	0.0400674	0.000359042	0.0	0.000199657	0.085997	0.0384006	0.000475989	0.0
Sor-ACeb_009-Ex1-4F-lcwgs-1-3-L2-clmp.r1r2_fastp	0.07328470000000001	0.117959	0.0008683019999999999	8.68302e-05	8.68302e-05	0.0009551319999999999	0.0	0.0	0.007727889999999999	0.0054703	0.0013892800000000001	0.0	0.0	0.0	0.00399419	0.0	0.0	0.00147611	0.000738057	0.0	0.0012590400000000001	0.00338638	0.000303906	0.0	0.0	0.0	0.0	4.34151e-05	0.0	0.013285	0.00764106	0.0	8.68302e-05	0.0040488699999999996	0.0	0.0018425899999999999	0.0016754900000000002	0.000133049	0.000535739	0.0	0.0	0.0	0.0	0.0	0.000331364	4.7953999999999995e-05	0.0	4.93273e-05	5.009079999999999e-05	0.0	0.0	0.0	0.0	0.0	0.0031813	0.0	5.8205e-05	0.0	0.0022526399999999998	0.0034276500000000004	0.000127718	0.00026185	0.000134327	0.000482677	7.08338e-05	7.28197e-05	0.0	0.0	0.0	0.0049162	0.000338058	0.0	0.0	0.0	0.000192558	0.005578329999999999	0.0	0.0	0.000553401	0.00470481	0.00214297	0.0012355	0.0	0.0	0.0	0.0	0.0	0.0	0.0	0.0	0.0	0.0	0.0	0.00421553	0.0	0.0	0.0	0.00023959300000000002	0.0	0.0	0.0	0.0	0.0	0.0009482329999999999	0.0	0.0	0.000364071	0.0	0.0	0.0	0.0	0.0	0.0	0.0	0.0	0.0	0.0	0.0	0.0	0.0	0.0	0.00454787	0.0031857499999999998	0.00334818	0.007031170000000001	0.0	0.0	0.0	0.0	0.0707325	0.00353328	0.0037169699999999996	0.0	0.0	0.00287195	0.00452291	0.0	0.0033262400000000003	0.0	0.0	0.0	0.0	0.0	0.0	0.0	0.009929750000000001	0.00261124	0.0	0.0	0.0
Sor-ACeb_009-Ex1-4F-lcwgs-1-3-L3-clmp.r1r2_fastp	0.0486186	0.00390788	0.000689626	0.00103444	0.0	0.0	0.0027585	0.00649398	0.00114938	0.0	0.00040228200000000006	0.08838710000000001	0.0755141	5.74689e-05	0.0	0.0	0.000689626	0.000344813	0.0456877	0.0	0.000229875	0.00103444	0.0	0.0406879	0.000114938	0.0	0.00298838	0.046894599999999995	0.0	0.000114938	0.00229875	0.09051340000000001	0.000114938	0.0	0.0	0.0	5.83265e-05	0.00170109	0.18726	0.000118931	0.00011988700000000001	0.0	0.0	0.00012343800000000002	0.0925285	0.0473518	0.0454245	0.00012992899999999998	0.0	0.0	0.000136143	0.0	0.0	0.00028703400000000003	7.31513e-05	7.462650000000001e-05	0.0457197	0.00147901	0.0910318	0.0	8.33356e-05	0.0	0.0	0.0	0.0	0.000284007	0.0	0.0	0.0	0.0	0.0	0.0883278	0.000349745	0.00108317	0.0	0.0	0.0066466	0.043881500000000004	0.000997272	0.0019190499999999998	0.0	0.0	0.0004939650000000001	0.0	0.0	0.0025827199999999997	0.137372	0.040544000000000004	0.00270152	0.00129817	0.0033821800000000003	0.0	0.0	0.00306867	0.0475289	0.0	0.0	0.0	0.0	0.0	0.0	0.0	0.00114913	0.00120337	0.0433077	0.0	0.00046260500000000005	0.000970666	0.000509455	0.0016030200000000001	0.0	0.0	0.0	0.0370409	0.0006832	0.00430932	0.0	0.0	0.0	0.0	0.0	0.0	0.0	0.0	0.029173499999999998	0.0377332	0.0	0.0	0.0	0.0	0.0	0.0	0.0	0.0933707	0.048081399999999996	0.0	0.00204499	0.0	0.0	0.0783234	0.0	0.0	0.0470953	0.0	0.0	0.0	0.067753	0.0142934	0.0	0.0
Sor-ACeb_010-Ex1-5F-lcwgs-1-3-L2-clmp.r1r2_fastp	0.0721045	0.137136	0.0015970000000000001	7.40398e-05	7.81531e-05	0.00202273	0.0	0.0	0.0136254	0.0131472	0.0020885400000000003	0.0	0.0	0.0	0.008201960000000001	2.8793299999999998e-05	1.02833e-06	0.0022613	0.00185099	0.0	0.00144378	0.00696488	0.00045452199999999996	0.0	0.0	0.0	1.02833e-06	5.450149999999999e-05	0.0	0.025198199999999997	0.0165489	1.02833e-06	0.000132655	0.00775787	2.05858e-06	0.00474074	0.0033200300000000003	0.00014649999999999998	0.000660983	0.0	0.0	4.14898e-06	0.0	0.0	0.000256919	0.000297506	2.10235e-05	2.74372e-05	7.313360000000001e-05	4.2604e-06	1.0709e-06	1.07734e-06	0.0	0.0	0.00771147	0.0	6.83346e-05	0.0	0.00459908	0.00813651	0.00021747000000000002	0.000210714	0.000267476	0.000875634	1.7275499999999997e-05	5.26213e-05	0.0	2.58868e-06	1.84375e-05	0.0114557	0.0010722499999999999	8.77224e-05	5.68103e-06	0.0	0.000279804	0.0102548	0.0	0.0	0.00130358	0.010081	0.00501929	0.00224536	0.0	0.0	0.0	5.80296e-06	0.0	8.17918e-06	0.0	0.0	0.00018301399999999998	0.00068086	0.0	0.00909805	0.000103569	0.0	0.0	0.0012785000000000001	2.88004e-06	4.46846e-05	0.0	0.0	0.0	0.00217367	0.0	0.00011765799999999999	0.0030837699999999996	0.000154163	0.0	0.0	0.000264802	7.3275e-05	0.0	0.0	0.0	0.0	0.00101045	0.0	0.0	0.0	3.20847e-05	0.00854779	0.00343086	0.0072603799999999994	0.00891721	3.86977e-05	0.0	0.0	0.00029416100000000003	0.0846142	0.00724411	0.00503076	0.00120145	1.0380900000000001e-05	0.0006456109999999999	0.008898380000000001	1.1557e-05	0.00748495	7.446840000000001e-05	0.0	2.6652700000000003e-05	0.0	2.8619899999999997e-05	1.48112e-05	0.0	0.00920951	0.004090170000000001	0.0	0.0	0.0
Sor-ACeb_010-Ex1-5F-lcwgs-1-3-L3-clmp.r1r2_fastp	0.052728699999999996	0.00750549	0.00101818	0.00172503	0.0	0.0	0.00452013	0.00912328	0.0023142600000000003	0.0	0.000125687	0.10916000000000001	0.103652	6.45732e-05	0.0	0.0	0.00154745	0.000598456	0.06305580000000001	5.76547e-06	0.000582312	0.00148749	2.3061899999999998e-06	0.059461599999999996	4.61237e-05	5.76547e-06	0.00521314	0.0734855	0.0	0.000121075	0.0038940000000000003	0.152444	0.000167199	0.0	5.770029999999999e-06	0.0	0.000473716	0.00414307	0.305813	7.99429e-05	0.00011484300000000001	1.16172e-06	4.6548e-06	0.00015508400000000002	0.14540799999999998	0.0715062	0.07689939999999999	0.000217064	0.0	1.18966e-06	0.000277372	3.00538e-05	1.20945e-06	0.00045048399999999996	0.000354428	5.4387100000000007e-05	0.0628327	0.00252726	0.128601	0.0	5.9708300000000006e-05	0.000528015	1.33007e-06	8.08702e-06	1.64019e-05	0.000224698	4.78921e-05	0.0	6.40522e-05	3.25918e-05	0.0	0.11361399999999999	0.0016566500000000002	0.00158463	0.000274245	0.0	0.00982963	0.060589300000000006	0.00164754	0.00305749	1.4957699999999999e-05	0.0	0.000815419	0.000635006	0.0	0.00316275	0.153691	0.0581047	0.00414107	0.00175331	0.00340097	0.0	0.0	0.00384646	0.0500277	1.71808e-05	0.0	0.0	6.32348e-06	4.90608e-05	1.3540300000000001e-05	3.50467e-06	0.0019311299999999999	0.00128991	0.0480856	0.0	5.02927e-05	0.000986835	0.00235006	0.00264488	0.0	0.0	0.0	0.0450596	0.0009323809999999999	0.00748387	6.70792e-05	0.0	0.000335655	0.00019830599999999998	6.39408e-05	0.0	0.0	0.0	0.0442756	0.0440137	0.0	9.28264e-06	0.0	0.0	0.00024947500000000003	1.07906e-05	0.0	0.0944433	0.0460281	3.75247e-05	0.0029584999999999998	5.38329e-05	0.000279176	0.0854984	0.0	0.000311502	0.052271399999999996	0.000836102	8.663989999999999e-05	8.98505e-05	0.082166	0.0395464	0.000623447	0.0
Sor-ACeb_011-Ex1-6F-lcwgs-1-3-L2-clmp.r1r2_fastp	0.0832293	0.161545	0.0018097	2.53696e-05	1.69131e-05	0.00153909	0.0	0.0	0.016693200000000002	0.0138095	0.0018689	0.0	0.0	0.0	0.00993644	2.53696e-05	0.0	0.00180124	0.00142916	0.0	0.00171668	0.007830759999999999	0.000372088	0.0	0.0	0.0	0.0	5.0739300000000004e-05	0.0	0.0309594	0.0193909	0.0	0.00024524	0.00838196	0.0	0.00431568	0.00282724	0.000160891	0.000372755	0.0	0.0	0.0	0.0	0.0	0.00012774099999999998	0.000213224	1.70882e-05	5.13702e-05	8.58186e-05	0.0	0.0	8.65777e-06	0.0	0.0	0.00796331	0.0	2.65331e-05	0.0	0.00481874	0.00965811	8.14312e-05	0.00010927200000000001	8.25081e-05	0.00050774	2.78972e-05	8.43164e-05	0.0	9.51738e-06	9.59591e-06	0.0145542	0.00110285	5.90757e-05	1.98691e-05	0.0	0.00038448	0.0124196	0.0	0.0	0.00115634	0.014117900000000001	0.007117749999999999	0.00193795	0.0	0.0	0.0	0.0	0.0	0.0	0.0	0.0	0.000118727	0.0007798779999999999	0.0	0.0137879	0.00013626	0.0	0.0	0.00136861	0.0	1.30687e-05	0.0	0.0	0.0	0.0019244599999999998	0.0	8.37099e-05	0.00449936	0.00011408800000000001	0.0	0.0	0.00032427599999999997	7.452919999999999e-05	0.0	0.0	0.0	0.0	0.0013396200000000001	0.0	0.0	0.0	4.94585e-05	0.0128202	0.0049403	0.011580400000000001	0.013972799999999999	1.7449e-05	0.0	0.0	0.000379427	0.110657	0.0116556	0.0075450000000000005	0.00200797	0.0	0.0007759500000000001	0.013705299999999998	0.0	0.010241	0.0001426	0.0	8.35822e-05	0.0	2.14518e-05	0.0	0.0	0.014466500000000002	0.006354680000000001	0.0	0.0	0.0
Sor-ACeb_011-Ex1-6F-lcwgs-1-3-L3-clmp.r1r2_fastp	0.0594691	0.00856813	0.00119104	0.00192968	0.0	0.0	0.0053366099999999994	0.0107748	0.00255751	0.0	2.7698700000000003e-05	0.123518	0.1283	4.6164499999999995e-05	0.0	0.0	0.00115411	0.000590905	0.0704101	9.232900000000001e-06	0.000470878	0.00182811	0.0	0.0728383	1.8465800000000002e-05	0.0	0.005641299999999999	0.0834469	0.0	7.386320000000001e-05	0.0037023900000000003	0.177678	0.000138493	0.0	0.0	0.0	0.000304935	0.00543502	0.356297	6.475340000000001e-05	6.47876e-05	0.0	9.26805e-06	9.27654e-05	0.178852	0.085492	0.10143400000000001	0.00013994000000000002	0.0	9.36984e-06	0.00014091899999999998	3.76892e-05	0.0	0.0005976670000000001	0.000247627	1.9128800000000002e-05	0.0796246	0.0038911600000000003	0.163301	0.0	4.90872e-05	0.000296332	0.0	0.0	0.0	0.00020304999999999998	4.09197e-05	0.0	5.1967999999999994e-05	1.04798e-05	0.0	0.154532	0.00237663	0.0016384200000000002	0.00026278200000000003	0.0	0.0125154	0.0841659	0.00175096	0.0048099300000000005	1.15915e-05	0.0	0.00100495	0.000644858	0.0	0.00426477	0.21259999999999998	0.0796031	0.00573027	0.00259034	0.0046835	0.0	0.0	0.005165	0.06803580000000001	0.0	0.0	0.0	0.0	7.05955e-05	0.0	2.8856e-05	0.0027858600000000002	0.00185787	0.0676505	0.0	3.04745e-05	0.0013095099999999998	0.0036606	0.00359101	0.0	0.0	0.0	0.0624281	0.00161516	0.0115511	6.81168e-05	0.0	0.000452859	0.000158533	5.34522e-05	0.0	0.0	0.0	0.06435460000000001	0.0568149	0.0	0.0	0.0	0.0	0.000359992	2.02391e-05	0.0	0.117541	0.0529625	0.0	0.00444559	2.17372e-05	0.000220055	0.0974883	0.0	0.000640067	0.0703761	0.000656337	9.502350000000001e-05	4.819099999999999e-05	0.09073049999999999	0.040304799999999995	0.000605511	0.0
Sor-ACeb_012-Ex1-7F-lcwgs-1-3-L2-clmp.r1r2_fastp	0.06982759999999999	0.124633	0.00110523	4.01902e-05	6.3156e-05	0.00126025	0.0	0.0	0.009238000000000001	0.00816148	0.00128034	0.0	0.0	0.0	0.00518166	2.29658e-05	2.87073e-06	0.00138943	0.0012516399999999998	0.0	0.0009444690000000001	0.0046247400000000004	0.000269848	0.0	0.0	0.0	2.87073e-06	3.73195e-05	0.0	0.016056	0.0104954	5.74146e-06	0.00011195799999999999	0.00486777	0.0	0.00282591	0.00205981	8.637489999999999e-05	0.000397695	0.0	0.0	2.89235e-06	0.0	0.0	0.000165753	0.000136986	5.844289999999999e-06	2.9306e-05	3.23406e-05	5.90119e-06	0.0	2.97557e-06	0.0	0.0	0.0047354300000000005	0.0	3.37104e-05	0.0	0.00287324	0.00502148	0.000129979	0.00013770999999999998	0.00012627	0.000494633	1.6583900000000002e-05	3.69694e-05	0.0	6.9182399999999995e-06	0.0	0.007404859999999999	0.000668717	5.9210400000000005e-05	0.0	0.0	0.00021590200000000002	0.00596598	0.0	0.0	0.000690699	0.00600623	0.00286395	0.00120069	0.0	0.0	0.0	0.0	0.0	1.63474e-05	0.0	0.0	0.000113449	0.000351283	0.0	0.00569053	9.52459e-05	0.0	0.0	0.000716894	7.81797e-06	7.29239e-05	0.0	0.0	0.0	0.00146453	0.0	4.05189e-05	0.0020208400000000003	6.56456e-05	0.0	0.0	0.00022154599999999998	1.28054e-05	0.0	0.0	0.0	0.0	0.000673012	0.0	0.0	0.0	1.84229e-05	0.0050478400000000005	0.00175964	0.0043541100000000004	0.0055797600000000004	2.26239e-05	0.0	2.4556599999999998e-05	0.00012793	0.0818773	0.00488675	0.0030939699999999997	0.000993797	0.0	0.000653306	0.00731298	3.5413e-05	0.0050139799999999995	7.677879999999999e-05	0.0	0.0	0.0	0.0	4.70439e-05	0.0	0.00704323	0.0038809	0.0	0.0	0.0
Sor-ACeb_012-Ex1-7F-lcwgs-1-3-L3-clmp.r1r2_fastp	0.049179	0.00546132	0.0007331540000000001	0.00136788	0.0	0.0	0.0033195599999999996	0.00719916	0.00165299	0.0	7.46731e-05	0.0957614	0.0853785	4.07308e-05	0.0	0.0	0.0009707499999999999	0.00036657700000000004	0.0519453	0.0	0.00041409600000000003	0.0011947700000000002	0.0	0.0456728	3.3942299999999995e-05	6.788459999999999e-06	0.00361825	0.0564325	0.0	0.00010182700000000001	0.0026237400000000003	0.114212	0.00011201	0.0	3.3968399999999997e-06	0.0	0.000357078	0.00285193	0.2328	7.15956e-05	5.11953e-05	0.0	1.71115e-05	8.56982e-05	0.110868	0.05491819999999999	0.0574581	0.000127985	6.9387999999999995e-06	6.9622e-06	0.000139768	1.05263e-05	0.0	0.000269269	0.00017814800000000002	3.2262000000000004e-05	0.05019440000000001	0.00176281	0.10211	0.0	3.3552e-05	0.00041033899999999996	0.0	0.0	7.78792e-06	9.0714e-05	1.9991e-05	0.0	3.70657e-05	1.25542e-05	0.0	0.0948372	0.00103236	0.00104335	0.00017892899999999998	0.0	0.00727816	0.0487939	0.0009508219999999999	0.00220275	1.5741700000000002e-05	0.0	0.000590352	0.000390752	0.0	0.00221772	0.13583499999999998	0.0473193	0.00267134	0.00121529	0.00257531	0.0	0.0	0.00281847	0.0444414	1.62848e-05	0.0	0.0	0.0	9.3563e-06	0.0	0.0	0.0017107200000000002	0.000855146	0.0452346	0.0	3.6374899999999996e-05	0.000667777	0.0015716200000000001	0.0016747799999999998	0.0	0.0	0.0	0.0424673	0.0004979769999999999	0.00487264	0.0	0.0	0.000136575	0.000121936	4.23402e-05	0.0	0.0	0.0	0.039964900000000005	0.0416728	0.0	2.8224799999999998e-05	2.94138e-05	0.0	0.000127681	0.0	0.0	0.0858757	0.045635499999999996	0.0	0.00216082	0.0	8.84653e-05	0.0894475	0.0	0.00020039800000000001	0.044383900000000004	0.000651319	0.000113001	5.88817e-05	0.0856237	0.041774599999999995	0.00026706799999999997	0.0
Sor-ACeb_013-Ex1-8F-lcwgs-1-3-L2-clmp.r1r2_fastp	0.107845	0.213511	0.0028671599999999997	0.000128297	9.20391e-05	0.0031739599999999995	0.0	0.0	0.0242063	0.0233194	0.00351143	0.0	0.0	0.0	0.0161347	5.85704e-05	5.5781299999999996e-06	0.00379313	0.0029368899999999997	0.0	0.0024153300000000003	0.0123026	0.0008144070000000001	0.0	0.0	0.0	0.0	8.92501e-05	0.0	0.0473806	0.030306000000000003	8.367190000000001e-06	0.000284485	0.0133013	5.58106e-06	0.00781355	0.00542374	0.000248702	0.0008249	0.0	0.0	0.0	0.0	0.0	0.000377687	0.000468984	1.41645e-05	3.1259999999999995e-05	0.000102671	0.0	0.0	5.7818e-06	0.0	0.0	0.013483899999999998	0.0	8.66439e-05	0.0	0.00854685	0.0159779	0.000291015	0.000337775	0.000417232	0.0014734	2.2632999999999998e-05	8.508309999999999e-05	0.0	3.35681e-06	1.02069e-05	0.0216641	0.00202258	0.000173988	1.0814400000000001e-05	0.0	0.000617347	0.020057699999999998	0.0	0.0	0.0023008200000000003	0.0217671	0.00865255	0.004050010000000001	0.0	0.0	0.0	4.50509e-06	0.0	9.35254e-06	0.0	0.0	0.000272235	0.000928271	0.0	0.0187704	0.00024041	0.0	0.0	0.00194559	0.0	4.1113e-05	0.0	0.0	0.0	0.0031745000000000002	0.0	9.18087e-05	0.00642897	0.000135909	0.0	0.0	0.000386496	5.82423e-05	0.0	0.0	0.0	0.0	0.00169901	0.0	0.0	0.0	0.0	0.0158978	0.00637004	0.0162466	0.0168343	3.6226699999999997e-05	0.0	9.31983e-06	0.000519837	0.127202	0.014664300000000002	0.00661024	0.0027064100000000002	1.01226e-05	0.0010156899999999999	0.015098199999999999	1.05373e-05	0.012621600000000002	0.00018397900000000002	0.0	7.78375e-05	0.0	2.28568e-05	0.0	0.0	0.0191302	0.0067969	0.0	0.0	0.0
Sor-ACeb_013-Ex1-8F-lcwgs-1-3-L3-clmp.r1r2_fastp	0.0802357	0.013182800000000001	0.0015909700000000001	0.00273901	0.0	0.0	0.007334149999999999	0.015325199999999999	0.00432998	0.0	0.000144634	0.166239	0.167875	8.7383e-05	0.0	0.0	0.00238345	0.00102148	0.09889350000000001	6.0264099999999994e-06	0.000867804	0.00255219	3.01321e-06	0.10058700000000001	8.13566e-05	3.01321e-06	0.009319850000000001	0.121083	0.0	0.000207911	0.00687614	0.257126	0.00019887199999999998	0.0	6.029020000000001e-06	0.0	0.0008054269999999999	0.007439340000000001	0.5178440000000001	0.000105759	0.000175399	0.0	1.8184299999999998e-05	0.000182109	0.249334	0.12236300000000001	0.141684	0.00036445	3.07249e-06	6.1675e-06	0.000455193	5.59967e-05	3.12707e-06	0.0008145229999999999	0.000474675	8.60214e-05	0.10859699999999999	0.00479026	0.22270800000000002	0.0	8.96932e-05	0.000895851	1.3562e-05	3.42788e-06	1.3869600000000002e-05	0.000435125	7.46161e-05	0.0	0.000120391	8.87785e-05	0.0	0.20261300000000002	0.00307331	0.00297594	0.00043475100000000004	8.10726e-06	0.018049799999999998	0.109124	0.00335056	0.00605496	2.6485500000000002e-05	0.0	0.00154655	0.00139799	0.0	0.0063341000000000005	0.26717	0.10305900000000001	0.00824689	0.0033370500000000003	0.00640499	0.0	0.0	0.00754623	0.0863735	5.8522099999999995e-06	0.0	0.0	1.2396600000000001e-05	0.00010739299999999999	0.0	0.0	0.0034681599999999996	0.00266159	0.08208739999999999	0.0	0.000107856	0.0019398800000000002	0.00414991	0.00480688	0.0	0.0	0.0	0.0779456	0.0017247	0.0150404	3.4103399999999996e-05	0.0	0.000492902	0.000169853	9.98583e-05	1.84344e-05	0.0	0.0	0.08104800000000001	0.06843189999999999	0.0	2.01316e-05	4.08327e-05	0.0	0.000440792	0.0	0.0	0.138765	0.0639387	4.49008e-05	0.00481077	9.2179e-05	0.00032688899999999997	0.112129	0.0	0.000449547	0.0817192	0.00127167	7.58182e-05	0.000102551	0.104382	0.0457454	0.000551733	0.0
Sor-ACeb_014-Ex1-9F-lcwgs-1-3-L2-clmp.r1r2_fastp	0.0902658	0.174601	0.00218854	9.75444e-05	9.04503e-05	0.0026638499999999997	0.0	0.0	0.0190353	0.017944599999999998	0.00286249	0.0	0.0	0.0	0.011622	4.61119e-05	0.0	0.00302565	0.0026266099999999997	0.0	0.0019100999999999999	0.00963207	0.000560437	0.0	0.0	0.0	0.0	6.56208e-05	0.0	0.0349244	0.0232652	5.3206e-06	0.000246521	0.0109426	5.32631e-06	0.00639623	0.004408550000000001	0.000183369	0.000882339	0.0	0.0	0.0	0.0	0.0	0.000299826	0.000340765	1.63786e-05	3.65615e-05	0.000115749	5.54277e-06	0.0	5.61484e-06	0.0	0.0	0.0109245	0.0	8.404650000000001e-05	0.0	0.006639910000000001	0.0119285	0.000290652	0.000300712	0.00042476300000000004	0.00112217	1.7327e-05	9.4605e-05	0.0	6.8228999999999995e-06	1.1572199999999999e-05	0.017301	0.00166606	0.000100326	4.9910399999999996e-06	0.0	0.00035874	0.0156543	0.0	0.0	0.00207643	0.0163531	0.006934630000000001	0.00328876	0.0	0.0	0.0	1.0073399999999999e-05	0.0	1.0605e-05	0.0	0.0	0.000225871	0.0008810519999999999	0.0	0.0144538	0.000132476	0.0	0.0	0.00177711	0.0	7.39026e-05	0.0	0.0	0.0	0.00324271	0.0	0.000158414	0.00509365	0.000149317	0.0	0.0	0.00046195700000000004	6.9951e-05	0.0	0.0	0.0	0.0	0.00151305	0.0	0.0	0.0	3.62862e-05	0.0134642	0.0052023600000000005	0.0121098	0.014114600000000001	3.1298100000000004e-05	0.0	0.0	0.000656432	0.11083499999999999	0.0112317	0.00624994	0.00201274	0.0	0.00129862	0.0130105	0.0	0.0108047	0.000161483	0.0	6.18269e-05	0.0	0.0	1.66729e-05	0.0	0.0142949	0.00628199	0.0	0.0	0.0
Sor-ACeb_014-Ex1-9F-lcwgs-1-3-L3-clmp.r1r2_fastp	0.0630172	0.0105025	0.0013309	0.0021603	0.0	0.0	0.00613758	0.0114824	0.00336004	0.0	0.00017359599999999998	0.134465	0.130914	6.36518e-05	0.0	0.0	0.00188062	0.0007811809999999999	0.0803016	1.92884e-06	0.000713672	0.00188448	3.8576900000000005e-06	0.0761796	4.05057e-05	1.92884e-05	0.007372040000000001	0.0964711	0.0	0.00013309000000000001	0.00524452	0.20168400000000003	0.000217959	0.0	9.65288e-06	0.0	0.0005799830000000001	0.00576448	0.407523	8.92164e-05	0.00011459600000000001	0.0	1.5596400000000002e-05	0.00019541	0.194152	0.0951789	0.106193	0.000289155	0.0	5.99862e-06	0.000369974	4.0464e-05	4.0739300000000005e-06	0.000586903	0.00044477800000000006	7.09504e-05	0.0838823	0.00356351	0.17297	0.0	7.04229e-05	0.000704261	9.03444e-06	4.58093e-06	1.62707e-05	0.000297381	5.27582e-05	0.0	8.185600000000001e-05	3.02985e-05	2.5716700000000003e-06	0.155102	0.00242388	0.00219208	0.00035901600000000003	2.84215e-06	0.0138807	0.0849177	0.0023952599999999998	0.00463153	1.58984e-05	0.0	0.00103068	0.0010016	0.0	0.00480606	0.210353	0.0814186	0.00619553	0.0025151	0.0045490700000000005	0.0	0.0	0.00557497	0.0693053	1.88666e-05	0.0	0.0	5.14302e-06	6.354679999999999e-05	0.0	0.0	0.00288701	0.0019487099999999998	0.0653684	0.0	5.2145500000000004e-05	0.0012089099999999999	0.00339789	0.0039071900000000005	0.0	0.0	0.0	0.06111	0.00145742	0.0123695	8.78908e-05	0.0	0.000512759	0.000201629	0.00012851899999999998	1.01767e-05	0.0	0.0	0.061713899999999995	0.056900799999999994	0.0	0.0	0.0	0.0	0.000354005	1.34726e-05	0.0	0.117829	0.055962899999999996	1.4983799999999999e-05	0.00432234	3.15756e-05	0.000421243	0.102878	0.0	0.000543402	0.0671819	0.0008660619999999999	0.000113385	0.000135757	0.0946049	0.0401179	0.0007816749999999999	0.0
Sor-ACeb_015-Ex1-10F-lcwgs-1-3-L2-clmp.r1r2_fastp	0.0697056	0.122678	0.000959393	0.0	2.0632100000000002e-05	0.0009387610000000001	0.0	0.0	0.00800526	0.00719029	0.00108319	0.0	0.0	0.0	0.00430179	2.0632100000000002e-05	0.0	0.0010728699999999999	0.00100066	0.0	0.0008149679999999999	0.0042399	0.00029916599999999996	0.0	0.0	0.0	0.0	0.0	0.0	0.0139886	0.00853137	0.0	7.221239999999999e-05	0.00413746	0.0	0.00259113	0.0017452499999999998	4.13262e-05	0.000258429	0.0	0.0	0.0	0.0	0.0	0.00013531100000000002	0.000166894	0.0	3.14614e-05	3.15667e-05	0.0	0.0	1.0662099999999999e-05	0.0	0.0	0.00425763	0.0	0.0	0.0	0.00251775	0.0039755	4.5951e-05	6.97789e-05	0.00020031299999999998	0.000513844	0.0	2.4648799999999997e-05	0.0	0.0	0.0	0.00638648	0.0005678640000000001	8.285829999999999e-05	1.41175e-05	0.0	0.000147895	0.00574324	0.0	0.0	0.000638498	0.00575292	0.0029921500000000003	0.00113893	0.0	0.0	0.0	0.0	0.0	0.0	0.0	0.0	0.000118314	0.000244973	0.0	0.0050752	5.45419e-05	0.0	0.0	0.00039651700000000004	0.0	0.0	0.0	0.0	0.0	0.0013878	0.0	0.0	0.0012185899999999999	0.0	0.0	0.0	0.000153981	5.35032e-05	0.0	0.0	0.0	0.0	0.000594298	0.0	0.0	0.0	0.0	0.00464379	0.00203839	0.00478425	0.00452894	0.0	0.0	0.0	0.000218478	0.0881534	0.00558042	0.00371074	0.0012890100000000002	0.0	0.0005595239999999999	0.0042233	0.0	0.0050554	0.000164515	0.0	0.000178413	0.0	0.0	0.0	0.0	0.00654228	0.00113537	0.0	0.0	0.0
Sor-ACeb_015-Ex1-10F-lcwgs-1-3-L3-clmp.r1r2_fastp	0.0481479	0.0050130999999999995	0.000665128	0.00136721	0.0	0.0	0.0031532	0.006355669999999999	0.00151501	0.0	7.390310000000001e-05	0.0901002	0.07943349999999999	2.4634400000000003e-05	0.0	0.0	0.0009853750000000001	0.000369516	0.049453500000000004	0.0	0.000344881	0.000973058	0.0	0.040979299999999996	1.2317200000000001e-05	0.0	0.0033010099999999996	0.05208940000000001	0.0	8.622029999999999e-05	0.0024388	0.10098900000000001	9.85375e-05	0.0	1.23216e-05	0.0	0.00034519899999999997	0.00275034	0.21441	3.7039399999999996e-05	4.94213e-05	0.0	1.23806e-05	7.438510000000001e-05	0.102435	0.0499807	0.0487007	0.000137558	0.0	0.0	0.000214906	0.0	0.0	0.000243994	0.00018096	1.30182e-05	0.048023	0.00185283	0.0973378	0.0	4.0923e-05	0.00041405200000000004	0.0	0.0	0.0	0.000116758	0.0	0.0	4.60825e-05	1.56522e-05	0.0	0.090215	0.000798928	0.000901823	0.000208942	0.0	0.00741723	0.047118099999999996	0.0008266100000000001	0.00223032	0.0	0.0	0.000493387	0.00037544	0.0	0.00229853	0.129396	0.044296100000000005	0.0031723800000000003	0.00103944	0.00272827	0.0	0.0	0.00275135	0.0460089	0.0	0.0	0.0	0.0	0.000152562	0.0	0.0	0.00145618	0.0010692499999999999	0.0465284	0.0	0.0	0.00052281	0.00152462	0.0018152399999999999	0.0	0.0	0.0	0.0386809	0.000697554	0.00530925	0.0	0.0	0.0	8.59677e-05	0.0	0.0	0.0	0.0	0.0366892	0.043668	0.0	0.0	0.0	0.0	0.000136113	0.0	0.0	0.0824016	0.0446015	0.0	0.00156579	0.0	0.000188844	0.091045	0.0	0.00042685900000000003	0.0473095	0.000231039	0.0	0.0	0.085933	0.0438997	0.000282903	0.0
Sor-ACeb_016-Ex1-11F-lcwgs-1-3-L2-clmp.r1r2_fastp	0.0701848	0.122327	0.000962206	7.0234e-06	0.000105351	0.00103946	0.0	0.0	0.00820333	0.00684079	0.00103946	0.0	0.0	0.0	0.00415785	2.80936e-05	0.0	0.00122207	0.0009762519999999999	0.0	0.0009060180000000001	0.00416488	0.000302006	0.0	0.0	0.0	0.0	4.21404e-05	0.0	0.0144893	0.00884948	7.0234e-06	7.725740000000001e-05	0.00416777	0.0	0.00237302	0.0017555500000000003	8.47256e-05	0.000459667	0.0	0.0	0.0	0.0	0.0	0.00012919	0.000172864	0.0	1.45221e-05	4.37674e-05	0.0	0.0	7.41524e-06	0.0	0.0	0.004065539999999999	0.0	7.69736e-06	0.0	0.0023218500000000003	0.004121420000000001	6.41138e-05	0.00010541199999999999	0.00018883	0.000432621	1.68728e-05	6.84897e-05	0.0	8.83571e-06	3.59442e-05	0.00643825	0.00053092	4.74671e-05	0.0	0.0	0.000232154	0.00544659	0.0	0.0	0.000585659	0.00543334	0.00284275	0.0009994869999999999	0.0	0.0	0.0	0.0	0.0	1.4018300000000001e-05	0.0	0.0	0.00010727999999999999	0.000252876	0.0	0.00525137	6.95293e-05	0.0	0.0	0.0007867579999999999	0.0	2.05395e-05	0.0	0.0	0.0	0.0010393499999999999	0.0	2.5372700000000002e-05	0.00176243	5.4549399999999996e-05	0.0	0.0	0.00024349900000000002	0.0	0.0	0.0	0.0	0.0	0.00045614	0.0	0.0	0.0	4.40907e-05	0.00512473	0.0017089800000000001	0.0049253199999999995	0.00597924	0.0	0.0	0.0	0.000236719	0.0800686	0.00451548	0.0032301300000000003	0.0008882199999999999	0.0	0.00058674	0.007672320000000001	0.0	0.00439807	0.0	0.0	0.0	0.0	9.68572e-05	0.0	0.0	0.0064335	0.00366142	0.0	0.0	0.0
Sor-ACeb_016-Ex1-11F-lcwgs-1-3-L3-clmp.r1r2_fastp	0.04914	0.00427231	0.000686621	0.0010256900000000001	0.0	0.0	0.00294993	0.0071629	0.00129695	0.0	6.78144e-05	0.0912274	0.0806314	3.39072e-05	0.0	0.0	0.00100026	0.000372979	0.0473175	0.0	0.000372979	0.000974833	0.0	0.0415957	4.2384e-05	0.0	0.00286516	0.0510134	0.0	0.00013562899999999999	0.00252609	0.102713	0.00011867499999999998	0.0	1.69774e-05	0.0	0.00037427900000000004	0.00246148	0.21180600000000002	6.83486e-05	4.27963e-05	0.0	1.71953e-05	8.62071e-05	0.100149	0.0493163	0.049799	0.000122366	8.77838e-06	0.0	0.000195026	8.914209999999999e-06	0.0	0.000216641	0.000172729	1.83211e-05	0.047885199999999996	0.0015464300000000001	0.09481049999999999	0.0	9.59781e-06	0.000359144	0.0	1.98983e-05	0.0	0.000112486	5.1894399999999996e-05	0.0	1.07155e-05	2.1798700000000002e-05	0.0	0.0916355	0.00076028	0.00108095	9.593319999999999e-05	0.0	0.0071341500000000006	0.0486079	0.000877353	0.00179629	1.3731999999999998e-05	0.0	0.000404083	0.0005034690000000001	0.0	0.00199897	0.13434300000000002	0.044595300000000004	0.00254741	0.0013113	0.00266529	0.0	0.0	0.0027034	0.0440163	0.0	0.0	0.0	0.0	2.39896e-05	0.0	0.0	0.0015414099999999998	0.0007153610000000001	0.045758799999999995	0.0	3.0582999999999995e-05	0.00063387	0.00160973	0.00149821	0.0	0.0	0.0	0.0427457	0.000898206	0.00499681	0.00021968299999999998	0.0	0.000189028	4.901680000000001e-05	0.0	0.0	0.0	0.0	0.0389825	0.0422586	0.0	0.0	0.0	0.0	0.000219381	0.0	0.0	0.0889714	0.0396717	0.0	0.0017159	0.0	9.673710000000001e-05	0.0901998	0.0	0.00032183900000000003	0.0450479	0.000344054	0.0	0.00012266	0.0879559	0.045321	0.000406725	0.0
Sor-ACeb_017-Ex1-12F-lcwgs-1-3-L2-clmp.r1r2_fastp	0.0700133	0.12216	0.00117105	3.44427e-05	5.1664e-05	0.00106772	0.0	0.0	0.00798209	0.006802430000000001	0.0010505	0.0	0.0	0.0	0.00414173	2.5832e-05	0.0	0.00123994	0.00106772	0.0	0.0010246699999999999	0.00427089	0.000309984	0.0	0.0	0.0	0.0	8.61067e-06	0.0	0.013708200000000002	0.00856761	8.61067e-06	7.7496e-05	0.0041281600000000005	0.0	0.00239299	0.0017218799999999999	6.93482e-05	0.00036482	0.0	0.0	0.0	0.0	0.0	0.000185858	0.00019558099999999998	0.0	8.98182e-06	7.22763e-05	0.0	0.0	1.84464e-05	0.0	0.0	0.004202340000000001	0.0	2.89755e-05	0.0	0.00220355	0.00391188	0.00012165699999999999	0.00013364100000000002	0.00013562	0.00041320800000000003	3.23004e-05	8.76001e-05	0.0	0.0	1.1570700000000001e-05	0.00606691	0.000493956	6.152910000000001e-05	0.0	0.0	0.000263348	0.00536664	0.0	0.0	0.000653818	0.00523339	0.00292474	0.0008968019999999999	0.0	0.0	0.0	0.0	0.0	0.0	0.0	0.0	8.21983e-05	0.00038196800000000005	0.0	0.00509904	0.0	0.0	0.0	0.000675102	0.0	5.56775e-05	0.0	0.0	0.0	0.0017671400000000002	0.0	3.4574000000000005e-05	0.0016860399999999998	3.72192e-05	0.0	0.0	8.32498e-05	4.32128e-05	0.0	0.0	0.0	0.0	0.000260832	0.0	0.0	0.0	0.0	0.00478356	0.0016988	0.00440924	0.00556408	7.30905e-05	0.0	0.0	0.00032681999999999996	0.08103099999999999	0.0038679900000000004	0.00446585	0.0005669669999999999	0.0	0.0008120809999999999	0.00578398	0.0	0.00598393	0.0	0.0	0.0	0.0	0.0	0.0	0.0	0.00553254	0.00309621	0.0	0.0	0.0
Sor-ACeb_017-Ex1-12F-lcwgs-1-3-L3-clmp.r1r2_fastp	0.050466300000000006	0.00434793	0.0006489450000000001	0.0010491300000000001	0.0	0.0	0.0033312500000000004	0.00713839	0.0013736	0.0	8.652599999999999e-05	0.0910253	0.0829135	5.40787e-05	0.0	0.0	0.00111402	0.00050834	0.048346400000000005	1.0815699999999999e-05	0.000497524	0.00113565	0.0	0.0423761	4.3262999999999996e-05	3.2447199999999997e-05	0.00307167	0.0511693	1.0815699999999999e-05	5.40787e-05	0.00236865	0.100803	7.571019999999999e-05	0.0	0.0	0.0	0.00041285000000000003	0.00235066	0.20885299999999998	6.55596e-05	6.57165e-05	0.0	0.0	9.947979999999999e-05	0.101069	0.0489711	0.05044169999999999	9.00079e-05	0.0	1.1382e-05	0.000183307	2.30763e-05	1.16266e-05	0.00032824600000000003	0.00018924099999999999	4.77584e-05	0.0473014	0.00159691	0.0964061	0.0	2.52785e-05	0.000422749	1.29927e-05	0.0	0.0	9.53397e-05	0.0	0.0	0.0	1.4653700000000002e-05	0.0	0.09152099999999999	0.0007641109999999999	0.000765286	0.000228335	0.0	0.00692231	0.0473434	0.00111349	0.00187925	0.0	0.0	0.00047886500000000003	0.000410228	0.0	0.00221442	0.13108799999999998	0.0454525	0.00294341	0.00119951	0.00287894	0.0	0.0	0.00305852	0.043995599999999996	0.0	0.0	0.0	0.0	3.40773e-05	3.5296299999999996e-05	0.0	0.00125054	0.000903266	0.0451957	0.0	0.0	0.0008632830000000001	0.00117843	0.0013692700000000001	0.0	0.0	0.0	0.0428648	0.000412691	0.00465281	0.0	0.0	0.0	7.11219e-05	0.0	0.0	0.0	0.0	0.0411735	0.0449758	0.0	0.0	0.0	0.0	0.00010712800000000001	0.0	0.0	0.0893765	0.0435913	0.0	0.0014624199999999999	0.000137777	0.0	0.0915699	0.0	0.000159037	0.041992299999999996	0.000170467	0.000352881	0.0	0.09251799999999999	0.042697200000000005	0.00040638699999999997	0.0
Sor-ACeb_018-Ex1-1G-lcwgs-1-3-L2-clmp.r1r2_fastp	0.0678493	0.125888	0.00130568	5.1003e-05	4.33525e-05	0.00155814	0.0	0.0	0.0111365	0.010162299999999999	0.00151479	0.0	0.0	0.0	0.006342220000000001	2.2951299999999998e-05	2.5501499999999996e-06	0.0016856500000000001	0.0013592300000000001	0.0	0.0011322699999999999	0.00553382	0.00032131900000000003	0.0	0.0	0.0	2.5501499999999996e-06	5.35531e-05	0.0	0.0197254	0.0129038	0.0	9.43555e-05	0.00596597	0.0	0.0036622200000000003	0.00243305	0.00010216699999999999	0.00043443400000000004	0.0	0.0	0.0	0.0	0.0	0.000141371	0.000198244	1.03181e-05	1.03409e-05	5.7018800000000004e-05	0.0	0.0	0.0	0.0	0.0	0.00606616	0.0	4.2957499999999997e-05	0.0	0.00375142	0.0064042199999999995	0.000121761	0.000134044	0.000259445	0.000626927	8.64486e-06	5.24885e-05	0.0	8.97736e-06	3.03457e-06	0.00937034	0.0008943390000000001	5.08386e-05	6.46214e-06	0.0	0.00024771200000000003	0.00799367	0.0	0.0	0.000977272	0.007973280000000001	0.0038151300000000003	0.0018615	0.0	0.0	0.0	4.24483e-06	0.0	4.46472e-06	0.0	0.0	0.000159596	0.00041766400000000005	0.0	0.0077475800000000004	7.58663e-05	0.0	0.0	0.00104993	0.0	1.2625300000000001e-05	0.0	0.0	0.0	0.00170182	0.0	6.138110000000001e-05	0.002888	0.000106691	0.0	0.0	0.000172794	1.88298e-05	0.0	0.0	0.0	0.0	0.000785529	0.0	0.0	0.0	2.58711e-05	0.007734680000000001	0.00257066	0.006250629999999999	0.008196559999999999	1.54742e-05	0.0	0.0	0.00043076299999999997	0.0826766	0.00603381	0.00414232	0.00111268	0.0	0.000959967	0.00808889	0.0	0.00673811	0.000147508	0.0	7.92748e-05	0.0	0.0	0.0	0.0	0.007847149999999999	0.00377451	0.0	0.0	0.0
Sor-ACeb_018-Ex1-1G-lcwgs-1-3-L3-clmp.r1r2_fastp	0.0495997	0.00613306	0.0008585719999999999	0.00129072	0.0	0.0	0.00390936	0.00804196	0.00185738	0.0	9.73048e-05	0.09769119999999999	0.0894517	5.1514299999999996e-05	0.0	0.0	0.00113331	0.0004207	0.0540614	0.0	0.000412114	0.00121059	2.86191e-06	0.049516700000000004	4.29286e-05	5.72381e-06	0.00410111	0.06153960000000001	0.0	0.00012020000000000001	0.00313665	0.125718	0.00012878599999999998	0.0	1.14521e-05	0.0	0.000340902	0.0031008299999999997	0.25882499999999997	5.1636e-05	7.46324e-05	0.0	5.75036e-06	8.05902e-05	0.12424700000000001	0.0609085	0.0656737	0.00016511800000000001	0.0	0.0	0.000210221	2.6365899999999998e-05	0.0	0.000366179	0.000264059	2.38591e-05	0.05565439999999999	0.00212778	0.112382	0.0	3.70307e-05	0.00040462100000000003	9.42444e-06	3.17275e-06	1.6033e-05	0.00019134300000000001	3.2824700000000004e-05	0.0	3.70654e-05	3.41728e-05	0.0	0.103772	0.00119572	0.00121602	0.00028528500000000003	0.0	0.00896061	0.0536027	0.00128747	0.0026570499999999998	1.6676099999999998e-05	0.0	0.000753693	0.000659718	0.0	0.00280457	0.141883	0.0527165	0.00344786	0.00161972	0.00293962	0.0	0.0	0.00372243	0.0472967	1.8384100000000002e-05	0.0	0.0	0.0	7.616739999999999e-05	0.0	3.68927e-05	0.00164612	0.00115748	0.0463518	0.0	3.48033e-05	0.000711047	0.00183463	0.00185046	0.0	0.0	0.0	0.0440692	0.000803763	0.0067702199999999995	4.9320900000000004e-05	0.0	0.00022517099999999998	0.000123556	5.69343e-05	0.0	0.0	0.0	0.0410338	0.042754400000000005	0.0	0.0	1.90371e-05	0.0	0.000245679	2.1227000000000002e-05	0.0	0.088307	0.046081699999999996	2.45248e-05	0.00264461	7.906909999999999e-05	0.00024591799999999997	0.08491409999999999	0.0	0.00018313	0.0482836	0.0006556789999999999	6.79902e-05	0.000105823	0.0833187	0.0357849	0.00027650600000000004	0.0
Sor-ACeb_019-Ex1-3G-lcwgs-1-3-L2-clmp.r1r2_fastp	0.060260299999999996	0.104451	0.0	0.0	0.0	0.0	0.0	0.0	0.0120521	0.00602603	0.0	0.0	0.0	0.0	0.004017349999999999	0.0	0.0	0.0	0.0	0.0	0.0	0.0020086799999999997	0.0	0.0	0.0	0.0	0.0	0.0	0.0	0.0140607	0.0120521	0.0	0.0	0.0040222	0.0	0.0020191799999999998	0.00404752	0.0	0.0	0.0	0.0	0.0	0.0	0.0	0.0	0.0	0.0	0.0	0.0	0.0	0.0	0.0	0.0	0.0	0.0	0.0	0.0	0.0	0.00246002	0.00749813	0.0	0.0	0.0	0.0	0.0	0.0	0.0	0.0	0.0	0.00921234	0.0	0.0	0.0	0.0	0.0	0.0	0.0	0.0	0.0	0.00402641	0.0041502399999999995	0.0	0.0	0.0	0.0	0.0	0.0	0.0	0.0	0.0	0.0	0.0	0.0	0.0	0.0	0.0	0.0	0.0	0.0	0.0	0.0	0.0	0.0	0.0	0.0	0.0	0.0	0.0	0.0	0.0	0.0	0.0	0.0	0.0	0.0	0.0	0.0	0.0	0.0	0.0	0.0	0.0	0.0	0.0	0.0	0.0	0.0	0.0	0.0	0.130336	0.0	0.0356379	0.0	0.0	0.0	0.0	0.0	0.0	0.0	0.0	0.0	0.0	0.0	0.0	0.0	0.0683995	0.0	0.0	0.0	0.0
Sor-ACeb_019-Ex1-3G-lcwgs-1-3-L3-clmp.r1r2_fastp	0.0325521	0.0	0.0	0.0	0.0	0.0	0.00651042	0.00651042	0.0	0.0	0.0	0.0651042	0.0716146	0.0	0.0	0.0	0.0	0.0	0.0455729	0.0	0.0	0.0	0.0	0.019531299999999998	0.0	0.0	0.0	0.058593700000000006	0.0	0.0	0.00651042	0.0651042	0.0	0.0	0.0	0.0	0.0	0.006567709999999999	0.158113	0.0	0.0	0.0	0.0	0.0	0.142653	0.0341857	0.0206427	0.0	0.0	0.0	0.0	0.0	0.0	0.0	0.0	0.0	0.0304553	0.0	0.0392003	0.0	0.0	0.0	0.0	0.0	0.0	0.0	0.0	0.0	0.0	0.0	0.0	0.061337100000000006	0.0	0.0	0.0	0.0	0.0116374	0.0239378	0.0	0.0	0.0	0.0	0.0	0.0	0.0	0.0	0.0951777	0.0327976	0.0	0.0	0.0	0.0	0.0	0.0	0.0423819	0.0	0.0	0.0	0.0	0.0	0.0	0.0	0.0	0.0	0.06449529999999999	0.0	0.0	0.0	0.0	0.0	0.0	0.0	0.0	0.0	0.0	0.0	0.0	0.0	0.0	0.0	0.0	0.0	0.0	0.0	0.0	0.0863558	0.0	0.0	0.0	0.0	0.0	0.0	0.0	0.0	0.0	0.0	0.0	0.0	0.0	0.0	0.0	0.0	0.0	0.0	0.0	0.0	0.0	0.0	0.0	0.0
Sor-ACeb_020-Ex1-2G-lcwgs-1-3-L2-clmp.r1r2_fastp	0.0639063	0.10795799999999998	0.00031022499999999996	0.0	0.0	0.000620449	0.0	0.0	0.00589427	0.00434315	0.0009306739999999999	0.0	0.0	0.0	0.00403292	0.000620449	0.0	0.0012408999999999999	0.000620449	0.0	0.0009306739999999999	0.0034124700000000003	0.00031022499999999996	0.0	0.0	0.0	0.0	0.0	0.0	0.012409000000000002	0.00713517	0.0	0.0	0.0018618	0.0	0.00124191	0.000931819	0.0	0.0	0.0	0.0	0.0	0.0	0.0	0.0	0.000314091	0.0	0.0	0.0	0.0	0.0	0.0	0.0	0.0	0.00392908	0.0	0.0	0.0	0.00135444	0.00444587	0.0	0.0	0.0	0.0	0.0	0.0	0.0	0.0	0.0	0.00429746	0.0	0.0	0.0	0.0	0.0	0.00347696	0.0	0.0	0.000461012	0.00611491	0.0019205300000000002	0.000980483	0.0	0.0	0.0	0.0	0.0	0.0	0.0	0.0	0.0	0.000611408	0.0	0.0038436699999999996	0.0	0.0	0.0	0.00211272	0.0	0.0	0.0	0.0	0.0	0.0008145580000000001	0.0	0.0	0.00263232	0.0	0.0	0.0	0.0019382099999999999	0.0	0.0	0.0	0.0	0.0	0.0	0.0	0.0	0.0	0.0	0.00638154	0.00130996	0.00403096	0.00551253	0.0	0.0	0.0	0.0	0.0830031	0.00160743	0.00329761	0.0	0.0	0.0	0.009185440000000001	0.0	0.007777559999999999	0.0	0.0	0.0	0.0	0.0	0.0	0.0	0.007311539999999999	0.0025155299999999998	0.0	0.0	0.0
Sor-ACeb_020-Ex1-2G-lcwgs-1-3-L3-clmp.r1r2_fastp	0.045316300000000004	0.0048687	0.00074903	0.0011235499999999999	0.0	0.0	0.00374515	0.0101119	0.00074903	0.0	0.000374515	0.0917562	0.0786482	0.0	0.0	0.0	0.000374515	0.0	0.048687	0.0	0.0	0.000374515	0.0	0.0367025	0.0	0.0	0.00262161	0.0483124	0.0	0.0	0.00074903	0.0940033	0.000374515	0.0	0.0	0.0	0.0	0.0015003100000000001	0.192526	0.0	0.0	0.0	0.0	0.0	0.0952259	0.0533868	0.056934399999999996	0.0	0.0	0.0	0.0	0.0	0.0	0.00039079	0.0	0.0	0.0470675	0.000402057	0.0904046	0.0	0.0	0.0	0.0	0.0	0.0	0.00043865399999999996	0.0	0.0	0.0	0.00046423499999999996	0.0	0.09198970000000001	0.000487075	0.000990589	0.0	0.0	0.0041804500000000005	0.048973699999999995	0.00108425	0.000552382	0.0	0.0	0.0	0.000597657	0.0	0.0012435599999999999	0.134619	0.0401903	0.000661756	0.00135233	0.000690799	0.0	0.0	0.0014750899999999999	0.0436862	0.0	0.0	0.0	0.0	0.0	0.0	0.0	0.0	0.0	0.047216100000000004	0.0	0.0	0.00101147	0.0010352900000000001	0.0	0.0	0.0	0.0	0.0430824	0.0	0.00610575	0.0	0.0	0.0	0.0	0.0	0.0	0.0	0.0	0.0258029	0.037364	0.0	0.0	0.0	0.0	0.0	0.0	0.0	0.07034889999999999	0.042896699999999996	0.0	0.0	0.0	0.0	0.0890591	0.0	0.0	0.0241569	0.0	0.0	0.0	0.070434	0.041856199999999996	0.0	0.0
Sor-ACeb_021-Ex1-4G-lcwgs-1-3-L2-clmp.r1r2_fastp	0.0577082	0.09892830000000001	0.0	0.0	0.0	0.0	0.0	0.0	0.0	0.008244020000000001	0.0	0.0	0.0	0.0	0.008244020000000001	0.0	0.0	0.008244020000000001	0.0	0.0	0.0	0.016488	0.0	0.0	0.0	0.0	0.0	0.0	0.0	0.016488	0.016488	0.0	0.0	0.0	0.0	0.0	0.0	0.0	0.0	0.0	0.0	0.0	0.0	0.0	0.0	0.0	0.0	0.0	0.0	0.0	0.0	0.0	0.0	0.0	0.009768490000000001	0.0	0.0	0.0	0.0	0.0105619	0.0	0.0	0.0	0.0	0.0	0.0	0.0	0.0	0.0	0.0	0.0	0.0	0.0	0.0	0.0	0.0150557	0.0	0.0	0.0	0.0	0.0	0.0	0.0	0.0	0.0	0.0	0.0	0.0	0.0	0.0	0.0	0.0	0.0	0.026462000000000003	0.0	0.0	0.0	0.0	0.0	0.0	0.0	0.0	0.0	0.0	0.0	0.0	0.0	0.0	0.0	0.0	0.0	0.0	0.0	0.0	0.0	0.0	0.0	0.0	0.0	0.0	0.0	0.0	0.0	0.0	0.0	0.0	0.0	0.0	0.0	0.0	0.0	0.0	0.0	0.0	0.0	0.0	0.0	0.0	0.0	0.0	0.0	0.0	0.0	0.0	0.0	0.0	0.0	0.0	0.0	0.0
Sor-ACeb_021-Ex1-4G-lcwgs-1-3-L3-clmp.r1r2_fastp	0.0276091	0.0	0.0	0.0	0.0	0.0	0.0	0.0	0.0	0.0	0.0	0.0276091	0.11043599999999999	0.0	0.0	0.0	0.0	0.0	0.0276091	0.0	0.0	0.0	0.0	0.0552181	0.0	0.0	0.0	0.0552181	0.0	0.0	0.0	0.11043599999999999	0.0	0.0	0.0	0.0	0.0	0.0	0.281057	0.0	0.0	0.0	0.0	0.0	0.0872093	0.0292826	0.058979699999999996	0.0	0.0	0.0	0.0	0.0	0.0	0.0	0.0	0.0	0.0327976	0.0	0.03367	0.0	0.0	0.0	0.0	0.0	0.0	0.0	0.0	0.0	0.0	0.0	0.0	0.043365100000000004	0.0	0.0	0.0	0.0	0.0	0.0	0.0	0.0	0.0	0.0	0.0	0.0	0.0	0.0	0.19854400000000003	0.0682594	0.0	0.0	0.0	0.0	0.0	0.0	0.0875657	0.0	0.0	0.0	0.0	0.0	0.0	0.0	0.0	0.0	0.0	0.0	0.0	0.0	0.0	0.0	0.0	0.0	0.0	0.0	0.0	0.0	0.0	0.0	0.0	0.0	0.0	0.0	0.0	0.0	0.0	0.0	0.0	0.0	0.0	0.0	0.0	0.0	0.0	0.0	0.0	0.0	0.0	0.0	0.0	0.0	0.0	0.0	0.588235	0.0	0.0	0.0	0.0	0.0	0.0	0.0
Sor-ACeb_022-Ex1-5G-lcwgs-1-3-L2-clmp.r1r2_fastp	0.0668576	0.118528	0.00102909	0.0	1.65982e-05	0.0010788800000000002	0.0	0.0	0.00871406	0.00723682	0.0011784699999999998	0.0	0.0	0.0	0.00567659	3.31964e-05	0.0	0.00146064	0.000929499	0.0	0.00111208	0.00414955	0.00028216900000000003	0.0	0.0	0.0	0.0	3.31964e-05	0.0	0.0164654	0.00967675	0.0	9.958920000000001e-05	0.0048311	0.0	0.0025084	0.00171174	0.000116393	0.000199658	0.0	0.0	0.0	0.0	0.0	0.000117434	0.00010090899999999999	0.0	1.6927999999999998e-05	1.6997e-05	0.0	0.0	0.0	0.0	0.0	0.00435756	0.0	3.5916699999999994e-05	0.0	0.00285967	0.00502438	9.3828e-05	0.000133022	0.000154073	0.00044919299999999997	0.0	2.0120900000000002e-05	0.0	0.0	0.0	0.007265529999999999	0.000568774	6.68244e-05	0.0	0.0	0.000117849	0.00591224	0.0	0.0	0.000587055	0.006564939999999999	0.00332429	0.00133077	0.0	0.0	0.0	0.0	0.0	0.0	0.0	0.0	0.000132161	0.00013514699999999999	0.0	0.00643177	7.22804e-05	0.0	0.0	0.000580141	0.0	0.0	0.0	0.0	0.0	0.000974282	0.0	0.00013889	0.0023193800000000002	4.83903e-05	0.0	0.0	0.000154979	5.27793e-05	0.0	0.0	0.0	0.0	0.0009969199999999999	0.0	0.0	0.0	6.36313e-05	0.0053231	0.00251665	0.0058097999999999995	0.006199850000000001	0.0	0.0	0.0	0.000148878	0.0821121	0.00533648	0.00291553	0.0012850099999999998	0.0	0.00041663700000000003	0.0065362	0.0	0.00555074	0.00017952	0.0	9.32195e-05	0.0	0.0	0.0	0.0	0.0074974	0.00304104	0.0	0.0	0.0
Sor-ACeb_022-Ex1-5G-lcwgs-1-3-L3-clmp.r1r2_fastp	0.0469846	0.00488687	0.000981299	0.00115793	0.0	0.0	0.0034541700000000003	0.0070260999999999995	0.00133457	0.0	9.81299e-05	0.0910449	0.0822328	3.9252e-05	0.0	0.0	0.000883169	0.00037289399999999997	0.0475734	0.0	0.00029439	0.0009616729999999999	0.0	0.0442173	3.9252e-05	0.0	0.00290464	0.0519107	0.0	7.85039e-05	0.00233549	0.106157	0.00011775599999999999	0.0	3.9267900000000004e-05	0.0	0.000176821	0.00275181	0.21788300000000002	5.9037900000000006e-05	7.878099999999999e-05	0.0	1.97397e-05	3.95405e-05	0.104702	0.054096799999999994	0.0556946	9.983489999999999e-05	0.0	0.0	0.00010109	0.0	2.04477e-05	0.000164661	0.000186608	2.08985e-05	0.048041	0.00180846	0.0984098	0.0	2.19637e-05	0.000222283	0.0	0.0	0.0	0.000164255	0.0	0.0	2.45836e-05	2.49935e-05	0.0	0.0976547	0.0010530799999999999	0.00112588	0.000136532	0.0	0.0072044200000000004	0.0482421	0.0009439	0.0021961199999999998	0.0	0.0	0.000479575	0.000424305	0.0	0.0022123299999999998	0.132671	0.046848	0.00315734	0.00103823	0.00257654	0.0	0.0	0.00266949	0.0460581	0.0	0.0	0.0	0.0	0.0	0.0	0.0	0.0018249000000000002	0.000857037	0.0466289	0.0	5.38105e-05	0.0009897299999999999	0.0019100500000000002	0.00160678	0.0	0.0	0.0	0.0438041	0.00101912	0.0058506800000000005	0.000132702	0.0	0.000207217	0.000281832	0.0	0.0	0.0	0.0	0.0416621	0.0377935	0.0	0.0	0.0	0.0	8.70874e-05	0.0	0.0	0.08900759999999999	0.0455574	0.0	0.0025270500000000003	9.899029999999999e-05	0.00030243699999999996	0.089319	0.0	0.000106578	0.044834399999999996	0.000442185	0.000337981	0.0	0.0850671	0.037301	0.000366709	0.0
