Sample	1	2	3	4	5	6	7	8	9	10	11	12	13	14	15	16	17	18	19	20	21	22	23	24	25	26	27	28	29	30	31	32	33	34	35	36	37	38	39	40	41	42	43	44	45	46	47	48	49	50	51	52	53	54	55	56	57	58	59	60	61	62	63	64	65	66	67	68	69	70	71	72	73	74	75	76	77	78	79	80	81	82	83	84	85	86	87	88	89	90	91	92	93	94	95	96	97	98	99	100	101	102	103	104	105	106	107	108	109	110	111	112	113	114	115	116	117	118	119	120	121	122	123	124	125	126	127	128	129	130	131	132	133	134	135	136	137	138	139	140	141	142	143	144	145	146	147	148	149	150
Sor-ACeb_001-Ex1-8E-lcwgs-1-3-L2-clmp.r1r2_fastp	43.8716	33.3114	33.8331	32.6947	32.8953	32.3164	31.793900000000004	32.2197	32.6993	32.3832	35.092099999999995	34.9932	34.2079	34.0416	33.861200000000004	33.6971	33.7915	33.7461	33.811	34.0381	34.0063	34.0877	33.9117	33.6887	33.5621	33.5959	33.4327	33.5119	33.596599999999995	33.581	33.7144	33.752700000000004	33.767399999999995	33.6967	33.6913	33.5706	33.5879	33.5424	33.5237	33.5382	33.7069	33.73	33.6406	33.717999999999996	33.5548	33.550000000000004	33.4388	33.4721	33.4077	33.5358	33.5407	33.6212	33.6357	33.5814	33.5285	33.5322	33.503899999999994	33.4787	33.4595	33.4404	33.5112	33.5391	33.4664	33.511	33.5209	33.426	33.435199999999995	33.4325	33.3724	33.3936	33.4887	33.4656	33.5527	33.5428	33.524300000000004	33.536300000000004	33.5862	33.5102	33.5019	33.6554	33.554	33.6165	33.6851	33.6188	33.5815	33.7088	33.6556	33.6471	33.8103	33.6808	33.7696	33.921800000000005	33.9362	33.9495	34.0565	34.0073	34.0701	34.1356	33.983799999999995	34.0754	34.2215	34.0711	34.273199999999996	34.484500000000004	34.4189	34.5101	34.5618	34.5094	34.5942	34.8204	34.661500000000004	34.787600000000005	35.1445	34.989	35.0694	35.3908	35.303200000000004	35.3532	35.5483	35.604400000000005	35.7278	35.9822	35.9525	36.0688	36.3385	36.2199	36.5617	36.843599999999995	36.6456	36.886799999999994	37.1305	37.0552	37.2914	37.8169	37.5133	37.9054	38.0769	37.9721	38.5563	38.8023	38.697199999999995	39.1631	39.3984	39.5254	39.731899999999996	40.230900000000005	39.809400000000004	39.730399999999996	40.080799999999996	39.144400000000005
Sor-ACeb_001-Ex1-8E-lcwgs-1-3-L3-clmp.r1r2_fastp	43.8619	32.9113	33.6044	32.3455	32.5866	31.9853	31.489	31.9405	32.3866	32.0765	34.734500000000004	34.641	33.8293	33.7344	33.4928	33.3822	33.442899999999995	33.4465	33.421099999999996	33.8076	33.6657	33.6768	33.669	33.3878	33.2338	33.2351	33.0821	33.143	33.2963	33.2832	33.4332	33.4862	33.456599999999995	33.3783	33.4584	33.2394	33.2342	33.2414	33.2201	33.210699999999996	33.4122	33.4358	33.353	33.4026	33.2624	33.2189	33.1878	33.0418	33.0674	33.1747	33.149	33.2795	33.263	33.240199999999994	33.1904	33.257999999999996	33.1522	33.1993	33.0546	33.0856	33.190799999999996	33.1465	33.1496	33.164300000000004	33.1959	33.0335	33.0291	33.0873	32.9638	33.0684	33.112700000000004	33.0946	33.164100000000005	33.2447	33.1798	33.110299999999995	33.1967	33.0859	33.1064	33.1877	33.2496	33.1894	33.2808	33.2046	33.199600000000004	33.1867	33.18	33.1544	33.3684	33.285	33.2564	33.4889	33.4326	33.4437	33.5599	33.542699999999996	33.507999999999996	33.515	33.5993	33.5704	33.5565	33.648	33.6909	33.9354	33.7747	33.7605	33.9876	33.9076	33.8426	34.1102	34.1301	34.1842	34.376400000000004	34.2863	34.4332	34.5783	34.4638	34.449999999999996	34.7255	34.6845	34.753299999999996	34.9851	35.019800000000004	35.0963	35.284	35.198299999999996	35.4236	35.511700000000005	35.5653	35.7792	35.925200000000004	35.8946	36.0497	36.4748	36.2658	36.5283	36.9657	36.611900000000006	37.1029	37.3521	37.5952	37.6937	38.1812	38.2272	38.3222	38.7771	38.2573	38.6924	38.9777	38.5633
Sor-ACeb_002-Ex1-9E-lcwgs-1-3-L2-clmp.r1r2_fastp	48.2296	37.1209	38.3627	37.6899	38.305499999999995	37.8017	37.3063	37.8662	38.449299999999994	37.6676	40.6833	40.5955	39.8375	39.684999999999995	39.4589	39.1826	39.5274	39.1946	39.266600000000004	39.7059	39.5582	39.515699999999995	39.6203	39.2061	39.266600000000004	39.3116	39.0174	39.230900000000005	39.3992	39.1537	39.4737	39.5075	39.4113	39.3949	39.4861	39.2236	39.3367	39.267	39.2044	39.1947	39.4584	39.2699	39.3463	39.3424	39.359899999999996	39.2036	39.3863	39.1068	39.1604	39.299099999999996	39.2224	39.2221	39.4471	39.1378	39.2595	39.441199999999995	39.245799999999996	39.097100000000005	39.3696	39.0591	39.2805	39.3037	39.1591	39.305299999999995	39.3967	39.1183	39.2632	39.351	39.2762	39.2036	39.4175	39.2683	39.3009	39.4244	39.3576	39.2895	39.557500000000005	39.3707	39.3602	39.5991	39.452999999999996	39.2879	39.6543	39.556599999999996	39.5064	39.6799	39.4586	39.6599	39.9163	39.5689	39.738	39.9662	39.801700000000004	39.8282	40.1216	39.9184	40.0578	40.0142	40.0495	40.0896	40.3427	40.017599999999995	40.240500000000004	40.5387	40.3393	40.3457	40.7647	40.4683	40.609899999999996	40.8601	40.6673	40.7493	41.2892	40.836299999999994	41.0635	41.504400000000004	41.1852	41.1309	41.6804	41.3376	41.565400000000004	41.983399999999996	41.6789	41.7692	42.3971	41.9957	42.3577	42.7256	42.371700000000004	42.478300000000004	42.8324	42.5666	42.863600000000005	43.2153	42.6923	43.173	43.6996	43.1849	43.480999999999995	44.0513	43.576100000000004	43.8167	44.5432	44.1583	44.4004	44.8624	44.4214	44.469500000000004	45.1287	43.9536
Sor-ACeb_002-Ex1-9E-lcwgs-1-3-L3-clmp.r1r2_fastp	48.6512	37.0642	38.3955	37.7292	38.4102	37.857	37.316300000000005	37.9077	38.513799999999996	37.7267	40.7986	40.6969	39.8381	39.725300000000004	39.509499999999996	39.3095	39.5778	39.3158	39.3491	39.7915	39.5066	39.5313	39.738	39.2893	39.3719	39.429700000000004	39.0832	39.2641	39.4791	39.289699999999996	39.526	39.6263	39.4766	39.5205	39.5629	39.3482	39.352900000000005	39.3124	39.211400000000005	39.2135	39.5854	39.3342	39.4113	39.483200000000004	39.3253	39.2959	39.4186	39.189299999999996	39.2015	39.3616	39.3273	39.3456	39.5149	39.1995	39.3582	39.5107	39.324799999999996	39.1978	39.4053	39.1666	39.366299999999995	39.3515	39.2089	39.359899999999996	39.3999	39.2032	39.3604	39.4115	39.2264	39.2748	39.447500000000005	39.339400000000005	39.3699	39.484700000000004	39.396100000000004	39.394	39.643299999999996	39.347	39.400200000000005	39.578799999999994	39.504400000000004	39.323	39.7117	39.571400000000004	39.5285	39.780300000000004	39.5949	39.5999	40.0338	39.6328	39.7699	40.053	39.8395	39.9462	40.1607	39.928999999999995	40.146100000000004	40.1042	40.0107	40.1609	40.3588	40.1635	40.245599999999996	40.461200000000005	40.304	40.4974	40.8171	40.5613	40.703	40.928599999999996	40.7647	40.7576	41.3234	41.0147	41.1409	41.5266	41.2507	41.1477	41.7202	41.4564	41.6503	42.0516	41.7721	41.877199999999995	42.4752	41.9487	42.273300000000006	42.7008	42.43	42.6306	42.9795	42.565599999999996	42.8558	43.4208	42.9369	43.296099999999996	43.765	43.2852	43.7733	44.078	43.9429	44.1389	44.5394	44.2076	44.695499999999996	45.1316	44.338699999999996	44.84	45.3502	44.7209
Sor-ACeb_003-Ex1-10E-lcwgs-1-3-L2-clmp.r1r2_fastp	44.8991	35.3945	36.2507	35.1677	35.8555	35.375099999999996	34.892	35.2646	35.7643	35.346	38.0009	37.7522	37.1744	36.9357	36.784800000000004	36.6375	36.7126	36.7303	36.7902	36.8748	36.9646	36.873	36.8555	36.6708	36.667100000000005	36.5362	36.4523	36.4963	36.593199999999996	36.619099999999996	36.6796	36.6723	36.6764	36.626599999999996	36.5834	36.4755	36.4119	36.3329	36.3103	36.3185	36.4206	36.3759	36.4019	36.314800000000005	36.3002	36.1875	36.1511	36.0441	36.0345	36.0571	36.072900000000004	36.0863	36.1147	36.0464	36.003099999999996	36.0061	35.9854	35.8242	35.8896	35.8406	35.944900000000004	35.9015	35.9471	35.931200000000004	35.9184	35.8327	35.8354	35.7989	35.7942	35.7184	35.7954	35.8274	35.8096	35.7664	35.8577	35.7256	35.7637	35.7217	35.6905	35.7356	35.7308	35.695	35.759800000000006	35.6912	35.745900000000006	35.725699999999996	35.66	35.6982	35.7315	35.631	35.6994	35.701	35.7098	35.789300000000004	35.7834	35.6993	35.761700000000005	35.6267	35.692299999999996	35.6225	35.7165	35.678599999999996	35.6996	35.8033	35.759	35.769600000000004	35.7348	35.7108	35.7339	35.7633	35.788	35.7906	35.9633	36.0786	35.9915	35.9693	36.0871	35.951	36.1338	36.0975	36.1299	36.3438	36.313	36.4137	36.485099999999996	36.6174	36.578	36.6781	36.8346	36.8343	37.1693	36.994	36.920700000000004	37.3691	37.369400000000006	37.41	37.8218	37.5781	37.6193	37.8548	37.8964	38.0158	38.425399999999996	38.478	38.7121	38.5892	38.5409	38.707	38.461	37.7109
Sor-ACeb_003-Ex1-10E-lcwgs-1-3-L3-clmp.r1r2_fastp	44.9923	35.2536	36.2189	35.1454	35.8198	35.350300000000004	34.8861	35.2308	35.7185	35.2794	37.8899	37.7208	37.0897	36.8776	36.794399999999996	36.5623	36.691	36.6447	36.7037	36.8143	36.8902	36.8269	36.824200000000005	36.619800000000005	36.564	36.492200000000004	36.4695	36.4589	36.5859	36.511500000000005	36.652499999999996	36.6754	36.6569	36.586	36.5926	36.4453	36.3438	36.3284	36.2781	36.2624	36.358200000000004	36.2804	36.3489	36.3126	36.1962	36.111399999999996	36.0552	35.9729	35.985299999999995	35.942099999999996	36.0518	36.0228	36.0546	36.0109	35.9885	35.947	35.9227	35.8212	35.7887	35.7945	35.869299999999996	35.8555	35.904399999999995	35.8558	35.8819	35.7929	35.8235	35.7536	35.7278	35.7082	35.769600000000004	35.7522	35.7813	35.7782	35.7762	35.740899999999996	35.7263	35.677	35.6749	35.645700000000005	35.7354	35.7014	35.7676	35.7175	35.6977	35.7095	35.6708	35.644	35.646499999999996	35.668499999999995	35.6933	35.669000000000004	35.701899999999995	35.6241	35.7568	35.674499999999995	35.6844	35.6601	35.5542	35.6523	35.688900000000004	35.6819	35.6619	35.739399999999996	35.7777	35.631800000000005	35.8145	35.6987	35.6623	35.739900000000006	35.8068	35.747299999999996	35.9064	35.932199999999995	35.9593	36.013400000000004	36.0832	35.877199999999995	35.9991	36.0452	36.1081	36.2885	36.2727	36.303000000000004	36.4814	36.464400000000005	36.5313	36.4987	36.5559	36.5564	36.66	36.763	36.9011	37.1372	37.2381	37.3603	37.4209	37.4651	37.681799999999996	37.7539	37.686	37.9039	38.2403	38.210499999999996	38.2219	38.2096	38.541599999999995	38.6357	38.8503	38.597
Sor-ACeb_004-Ex1-11E-lcwgs-1-3-L2-clmp.r1r2_fastp	45.0067	35.611399999999996	36.7324	36.2311	36.601099999999995	36.290800000000004	35.8757	36.4626	36.8944	36.2205	38.8134	38.7417	37.9704	37.790400000000005	37.7127	37.5801	37.8178	37.6228	37.655499999999996	37.99	37.8848	37.8397	37.856899999999996	37.6589	37.6631	37.663799999999995	37.492599999999996	37.636399999999995	37.741400000000006	37.6263	37.829800000000006	37.8604	37.7981	37.7594	37.789699999999996	37.6804	37.6423	37.5683	37.5452	37.5253	37.6507	37.599	37.6168	37.6254	37.6368	37.4839	37.538	37.3939	37.3666	37.4232	37.405699999999996	37.4756	37.544	37.3506	37.437799999999996	37.5045	37.3942	37.2436	37.3679	37.2321	37.3619	37.2862	37.2804	37.3392	37.3164	37.1665	37.3053	37.2313	37.2091	37.1547	37.274	37.2669	37.2792	37.2369	37.2311	37.1605	37.2693	37.1695	37.127300000000005	37.2373	37.236599999999996	37.0635	37.2757	37.180400000000006	37.1722	37.297999999999995	37.096000000000004	37.1766	37.4067	37.1601	37.2868	37.4321	37.3735	37.333800000000004	37.4315	37.3647	37.5347	37.378499999999995	37.3928	37.4563	37.5869	37.4978	37.536199999999994	37.8072	37.664500000000004	37.711800000000004	37.905100000000004	37.7655	37.9002	38.0136	37.9642	38.053399999999996	38.3808	38.2467	38.2871	38.6405	38.5052	38.413599999999995	38.798100000000005	38.6599	38.841	39.1527	39.048500000000004	39.2079	39.6692	39.245400000000004	39.6215	39.913199999999996	39.876	39.9735	40.4084	40.1131	40.3766	40.9163	40.515	40.8489	41.2686	40.932	41.2787	41.947	41.5904	41.8744	42.349399999999996	42.2231	42.4271	42.842999999999996	42.5301	42.9475	43.3299	42.2404
Sor-ACeb_004-Ex1-11E-lcwgs-1-3-L3-clmp.r1r2_fastp	45.2336	35.489	36.7393	36.160599999999995	36.587399999999995	36.2527	35.8328	36.4023	36.8955	36.215399999999995	38.779599999999995	38.7228	37.9043	37.7423	37.6749	37.5565	37.8008	37.5904	37.6293	37.9418	37.8676	37.829800000000006	37.8369	37.6023	37.649	37.6286	37.4819	37.6054	37.7262	37.6449	37.798500000000004	37.8221	37.813900000000004	37.7499	37.758199999999995	37.629200000000004	37.5916	37.5728	37.553399999999996	37.5361	37.6821	37.5886	37.5978	37.6526	37.5748	37.4957	37.4783	37.4226	37.3799	37.4272	37.4021	37.4768	37.5492	37.3352	37.377	37.4771	37.382	37.2492	37.3157	37.2278	37.3663	37.2484	37.256499999999996	37.3341	37.320100000000004	37.1853	37.2938	37.245400000000004	37.1917	37.1238	37.2461	37.1851	37.221	37.2005	37.2254	37.174	37.2989	37.114399999999996	37.1634	37.1992	37.2165	37.0955	37.2691	37.2253	37.1654	37.3003	37.168800000000005	37.1796	37.3836	37.1892	37.2544	37.409	37.3553	37.317	37.5181	37.4073	37.494	37.3831	37.442	37.4829	37.609500000000004	37.4486	37.5916	37.813	37.7407	37.7314	37.8955	37.849500000000006	37.9041	38.0704	37.997	38.0378	38.4538	38.225300000000004	38.3215	38.602799999999995	38.5098	38.467400000000005	38.841	38.6533	38.9131	39.1442	39.0793	39.1695	39.6561	39.3442	39.7219	39.9683	39.8572	39.915299999999995	40.2958	40.1301	40.3399	40.8589	40.563500000000005	40.8568	41.321999999999996	41.026	41.3323	41.9067	41.6431	41.942	42.485	42.2916	42.4465	43.009100000000004	42.6746	43.0578	43.601600000000005	43.0979
Sor-ACeb_005-Ex1-12E-lcwgs-1-3-L2-clmp.r1r2_fastp	55.5782	48.8857	45.313700000000004	46.5011	47.7513	46.8235	46.1094	48.050599999999996	47.232600000000005	46.2735	49.7639	49.378499999999995	48.5209	49.0005	47.9129	48.096	48.94	48.029500000000006	48.114000000000004	49.1357	47.9611	48.1453	48.8576	47.794399999999996	47.9258	48.752	47.6798	48.078700000000005	48.7947	47.8586	48.0569	48.911	47.923500000000004	48.125	48.809599999999996	47.9011	48.0014	48.8051	47.834900000000005	48.1084	48.816700000000004	47.9539	48.0278	48.9021	47.9516	48.1117	48.8354	47.9355	48.0489	48.9354	47.9921	48.2043	48.996	47.9542	48.2224	49.088	48.069	48.2978	49.0895	48.2107	48.4426	49.2129	48.2864	48.6599	49.3712	48.4161	48.715	49.5762	48.6793	48.9205	49.8325	48.9799	49.2244	50.1268	49.2367	49.5169	50.4812	49.5611	49.831599999999995	50.8732	49.9251	50.19519999999999	51.2725	50.3103	50.6301	51.685199999999995	50.6351	51.0375	52.181900000000006	51.097300000000004	51.47239999999999	52.5942	51.542100000000005	51.9455	53.04990000000001	51.9925	52.449	53.474900000000005	52.375400000000006	52.8513	53.9689	52.7797	53.2067	54.4339	53.2512	53.66180000000001	54.8042	53.62519999999999	54.0372	55.222899999999996	54.034400000000005	54.3949	55.5862	54.3066	54.6867	55.8928	54.5775	54.9392	56.2096	54.859899999999996	55.298700000000004	56.4489	55.149499999999996	55.4867	56.6802	55.3125	55.6347	56.806400000000004	55.5411	55.820800000000006	57.036	55.642100000000006	55.9516	57.1932	55.738600000000005	56.0972	57.21079999999999	55.8099	56.1389	57.362500000000004	56.0344	56.2667	57.4847	56.0009	56.3845	57.5631	56.02	56.389900000000004	57.493399999999994	55.923
Sor-ACeb_005-Ex1-12E-lcwgs-1-3-L3-clmp.r1r2_fastp	56.321799999999996	48.839	45.5819	46.7239	48.0124	47.059400000000004	46.3314	48.3539	47.5361	46.4663	50.0973	49.6128	48.7175	49.2907	48.1173	48.3516	49.2271	48.2521	48.4116	49.432700000000004	48.2179	48.416	49.146499999999996	48.046299999999995	48.1869	49.0571	47.9613	48.3572	49.066500000000005	48.080600000000004	48.3467	49.1927	48.1789	48.464200000000005	49.0479	48.156	48.2802	49.1027	48.0396	48.3881	49.0902	48.215599999999995	48.298	49.1557	48.152	48.3538	49.0708	48.1958	48.3215	49.229099999999995	48.2174	48.4258	49.2453	48.228100000000005	48.452	49.3564	48.3121	48.583999999999996	49.3007	48.42	48.6644	49.493900000000004	48.5212	48.8634	49.5922	48.6785	48.9548	49.8202	48.9101	49.1227	50.1019	49.1245	49.4211	50.3316	49.3933	49.7169	50.6585	49.7532	50.0563	51.0898	50.0784	50.3617	51.493	50.5177	50.8328	51.9075	50.7896	51.2158	52.38159999999999	51.2783	51.7033	52.8055	51.6994	52.086	53.243399999999994	52.1678	52.607499999999995	53.662699999999994	52.54410000000001	53.070499999999996	54.1821	52.9941	53.4113	54.627199999999995	53.395	53.818	54.988499999999995	53.744499999999995	54.186299999999996	55.3436	54.1727	54.5362	55.844300000000004	54.5256	54.8539	56.0732	54.797799999999995	55.055200000000006	56.443200000000004	55.0313	55.442400000000006	56.699	55.336	55.6473	56.821	55.469100000000005	55.920899999999996	57.0757	55.7371	55.993	57.2368	55.906	56.18880000000001	57.459199999999996	56.004799999999996	56.36560000000001	57.559099999999994	56.1279	56.435100000000006	57.593799999999995	56.2985	56.5425	57.853500000000004	56.4651	56.830999999999996	58.0267	56.4542	56.8553	58.0167	56.392900000000004
Sor-ACeb_006-Ex1-1F-lcwgs-1-3-L2-clmp.r1r2_fastp	46.5268	37.4249	39.3564	39.1165	39.5824	39.2628	38.8753	39.4885	39.9354	39.0038	41.6977	41.5909	40.8527	40.707100000000004	40.6103	40.4849	40.7945	40.5478	40.569300000000005	40.907900000000005	40.7445	40.5877	40.746300000000005	40.4841	40.5468	40.5534	40.3623	40.531	40.6691	40.4476	40.6889	40.7271	40.639399999999995	40.625099999999996	40.6696	40.563500000000005	40.5874	40.4764	40.4467	40.4393	40.587	40.4215	40.481899999999996	40.5368	40.579100000000004	40.4282	40.5617	40.3971	40.4022	40.4728	40.4516	40.400999999999996	40.5856	40.314299999999996	40.4338	40.5867	40.452799999999996	40.2933	40.5003	40.3001	40.4649	40.3756	40.3441	40.435700000000004	40.467	40.2954	40.4669	40.4539	40.422599999999996	40.3502	40.516200000000005	40.4199	40.5014	40.4404	40.4799	40.4253	40.596900000000005	40.4644	40.464800000000004	40.6471	40.6165	40.3804	40.699000000000005	40.5831	40.5557	40.720099999999995	40.5666	40.6181	40.9709	40.563900000000004	40.7714	40.9782	40.8172	40.8521	41.0403	40.9417	41.1437	41.0758	41.0273	41.208600000000004	41.3284	41.146	41.2941	41.5745	41.4848	41.5352	41.7288	41.7108	41.7748	42.0287	41.9202	41.9816	42.451899999999995	42.2455	42.2976	42.7832	42.5493	42.579899999999995	43.085	42.8575	43.081599999999995	43.4757	43.2525	43.4367	44.005100000000006	43.546600000000005	43.9424	44.431799999999996	44.1224	44.3309	44.7805	44.533699999999996	44.8699	45.4174	44.9679	45.3098	45.8656	45.5119	45.7466	46.4378	46.1801	46.294999999999995	46.9887	46.6195	46.821200000000005	47.5045	47.0151	47.3326	48.0621	46.9178
Sor-ACeb_006-Ex1-1F-lcwgs-1-3-L3-clmp.r1r2_fastp	46.8301	37.2971	39.4054	39.075199999999995	39.626400000000004	39.2525	38.8752	39.5024	39.9775	39.0193	41.7233	41.607499999999995	40.827200000000005	40.7134	40.6179	40.495	40.8316	40.5706	40.5753	40.9499	40.7822	40.6135	40.7986	40.4979	40.5889	40.6086	40.4076	40.5541	40.7272	40.4707	40.7127	40.7902	40.6959	40.6922	40.723	40.6081	40.6034	40.5252	40.4711	40.4621	40.624	40.4477	40.5001	40.5663	40.592600000000004	40.4279	40.5895	40.4316	40.4526	40.488800000000005	40.4926	40.4435	40.638000000000005	40.3484	40.4713	40.6248	40.4973	40.337	40.5273	40.340900000000005	40.5036	40.4116	40.3701	40.4608	40.5374	40.2969	40.4714	40.5043	40.455600000000004	40.387299999999996	40.542899999999996	40.421800000000005	40.504200000000004	40.4752	40.5349	40.4611	40.6369	40.4735	40.5011	40.6555	40.664899999999996	40.4402	40.7309	40.653	40.6419	40.7558	40.5982	40.6448	41.0187	40.6367	40.7915	41.0005	40.8891	40.892	41.0994	41.0257	41.187400000000004	41.138999999999996	41.1285	41.2432	41.4056	41.2151	41.3574	41.706500000000005	41.5272	41.6159	41.7922	41.781600000000005	41.847699999999996	42.092400000000005	41.9957	42.0445	42.5563	42.323100000000004	42.3957	42.8332	42.647400000000005	42.6554	43.156099999999995	42.8897	43.1701	43.5631	43.317499999999995	43.4978	44.0586	43.6118	44.0226	44.4845	44.2478	44.4322	44.909	44.6697	44.9936	45.4957	45.0092	45.5093	46.0209	45.6816	45.976299999999995	46.625499999999995	46.3217	46.5456	47.2221	46.852700000000006	47.321999999999996	47.931400000000004	47.383199999999995	47.7053	48.6108	47.694900000000004
Sor-ACeb_007-Ex1-2F-lcwgs-1-3-L2-clmp.r1r2_fastp	46.8776	37.1937	38.8986	38.626	39.104299999999995	38.6678	38.4287	39.0116	39.372600000000006	38.479400000000005	41.4081	41.0432	40.3452	40.1663	40.0227	39.9659	40.150400000000005	40.0283	39.955	40.226800000000004	40.2492	40.0103	40.1875	39.9223	39.9923	39.9587	39.8038	39.8979	40.0533	39.8699	40.0263	40.1536	40.0643	40.068799999999996	40.0811	39.9878	39.9734	39.910000000000004	39.8431	39.826699999999995	39.955600000000004	39.8941	39.9131	39.9067	39.9791	39.8306	39.917	39.8292	39.7023	39.8356	39.8996	39.7841	40.0938	39.6791	39.911	39.9541	39.8556	39.753	39.9287	39.7296	39.8653	39.741	39.8038	39.8523	39.919399999999996	39.7725	39.831	39.8791	39.82	39.899499999999996	39.881899999999995	39.8637	39.9198	39.8978	39.9247	39.8442	40.0145	39.8459	39.902100000000004	40.0413	40.0053	39.8893	39.9497	40.0813	39.9806	40.1368	39.9257	40.0079	40.3309	40.0531	40.1741	40.3095	40.1021	40.2893	40.4202	40.1297	40.617999999999995	40.4843	40.4433	40.6232	40.7012	40.5154	40.609	41.0182	40.935500000000005	40.8182	41.1723	40.9668	41.2479	41.2998	41.429700000000004	41.3947	41.7207	41.6632	41.6453	41.9942	42.1126	41.9979	42.5053	42.1899	42.3721	42.9141	42.8891	42.7427	43.594	43.284099999999995	43.461	44.1701	43.9161	43.7573	44.1641	44.5028	44.5645	45.1708	44.613	44.8339	45.4454	45.5169	45.4947	46.0938	45.9358	45.9923	46.9403	46.5165	47.051700000000004	47.8829	47.1411	47.181	48.1283	47.0132
Sor-ACeb_007-Ex1-2F-lcwgs-1-3-L3-clmp.r1r2_fastp	47.1778	37.064099999999996	39.129599999999996	38.7015	39.023799999999994	38.694	38.277899999999995	39.057199999999995	39.4246	38.459900000000005	41.302	41.2046	40.2072	40.150000000000006	40.1025	39.8962	40.1807	39.8996	40.037	40.3436	40.2582	40.052	40.1739	39.8472	39.969300000000004	39.9673	39.7532	39.9602	40.1267	39.878099999999996	40.133	40.1231	40.141	40.1026	40.1352	39.8788	39.973	39.8894	39.7905	39.855000000000004	40.0661	39.7429	39.9481	39.975899999999996	39.8182	39.7417	39.9914	39.7981	39.8054	39.8018	39.848800000000004	39.9255	39.9279	39.7668	39.837	39.9183	39.8943	39.7266	39.8605	39.6948	39.846399999999996	39.7967	39.7488	39.8166	39.8671	39.7856	39.839999999999996	39.908300000000004	39.7176	39.7658	39.9046	39.8112	39.8434	39.858399999999996	39.9013	39.8146	40.049600000000005	39.772	39.8845	40.0297	40.0198	39.9179	40.1102	39.963	39.9774	40.1563	40.0053	39.9094	40.3482	40.0585	40.2538	40.3108	40.1406	40.189099999999996	40.3476	40.4931	40.253	40.4522	40.2628	40.5824	40.6445	40.4127	40.8026	40.845	40.929300000000005	40.7387	41.3091	41.0541	41.030100000000004	41.1345	41.2631	41.1639	41.8821	41.524499999999996	41.6975	42.0611	41.7091	41.9615	42.4675	42.1079	42.4606	43.0139	42.7404	42.8268	43.3176	43.095299999999995	43.5104	43.948100000000004	43.6329	43.8676	44.2804	44.032	44.5172	44.889	44.701299999999996	45.1257	45.661	45.1556	45.9266	46.0719	46.3309	46.3159	47.0485	46.5663	47.3569	47.4238	47.5874	48.0535	48.3193	47.2883
Sor-ACeb_008-Ex1-3F-lcwgs-1-3-L2-clmp.r1r2_fastp	45.9698	34.8117	35.9073	34.5805	35.0464	34.516999999999996	34.135	34.7001	35.126200000000004	34.512	37.5393	37.189899999999994	36.4726	36.2416	36.1182	35.9098	36.037400000000005	35.993	36.0847	36.220200000000006	36.2632	36.1976	36.161	35.930299999999995	35.886	35.7947	35.7475	35.7625	35.8447	35.8632	35.987	35.9962	36.017900000000004	35.902899999999995	35.881299999999996	35.7666	35.6999	35.608200000000004	35.6162	35.585499999999996	35.7095	35.6811	35.7083	35.6354	35.5748	35.4672	35.4119	35.2865	35.323100000000004	35.3279	35.383700000000005	35.4157	35.454	35.3533	35.362	35.3178	35.2952	35.1885	35.23	35.165	35.2986	35.2852	35.2746	35.288399999999996	35.2652	35.1869	35.191	35.1396	35.1088	35.1169	35.166	35.1776	35.212199999999996	35.2121	35.2028	35.1436	35.172799999999995	35.0663	35.058099999999996	35.0832	35.1153	35.0692	35.168	35.117599999999996	35.1216	35.1369	35.0555	35.044399999999996	35.1076	35.042699999999996	35.0843	35.1599	35.1444	35.1761	35.2029	35.1592	35.146899999999995	35.1016	35.0862	35.076	35.1674	35.1398	35.1751	35.2918	35.256	35.2462	35.255700000000004	35.2184	35.2515	35.298	35.32	35.4157	35.5494	35.564099999999996	35.6252	35.7133	35.7138	35.7203	35.8071	35.8385	35.9371	36.0954	36.1089	36.2999	36.4854	36.3938	36.611	36.6675	36.6458	36.824	37.088100000000004	37.1044	37.2912	37.4503	37.5606	37.7234	37.9882	37.9934	38.1106	38.3973	38.3472	38.6466	39.0316	39.0005	39.3082	39.5306	39.3846	39.5669	39.392700000000005	38.3827
Sor-ACeb_008-Ex1-3F-lcwgs-1-3-L3-clmp.r1r2_fastp	46.118700000000004	34.5831	35.8448	34.4578	34.9679	34.402	34.0196	34.5992	35.0282	34.4176	37.3998	37.0911	36.3152	36.1062	35.983900000000006	35.7941	35.9091	35.8703	35.9768	36.0839	36.138999999999996	36.1045	36.054	35.833	35.763099999999994	35.6974	35.6461	35.6532	35.782000000000004	35.751	35.8776	35.904399999999995	35.9288	35.8204	35.7716	35.6405	35.611599999999996	35.5193	35.5109	35.4878	35.640699999999995	35.599799999999995	35.6145	35.551100000000005	35.4437	35.3551	35.2986	35.2085	35.2385	35.2248	35.3065	35.3315	35.3549	35.2734	35.2629	35.2431	35.181400000000004	35.0903	35.1049	35.1094	35.1903	35.1902	35.195100000000004	35.2042	35.1835	35.0651	35.063	35.054	35.0064	34.996100000000006	35.0726	35.0478	35.1214	35.116	35.1091	35.0593	35.0396	34.954299999999996	34.9794	34.975	35.017900000000004	34.9893	35.0496	35.0412	35.02	34.996300000000005	34.929100000000005	34.9278	34.9486	34.9133	34.9839	35.0039	35.0301	35.0346	35.073100000000004	35.0234	34.963499999999996	34.9506	34.929	34.9454	35.0018	35.038000000000004	35.0675	35.1297	35.073100000000004	35.0825	35.086099999999995	35.0514	35.0465	35.0971	35.0636	35.1112	35.2933	35.355	35.32	35.4343	35.3939	35.363299999999995	35.4732	35.4201	35.5486	35.7041	35.7715	35.7414	35.9227	35.9419	35.9506	36.1575	36.045300000000005	36.0821	36.3844	36.3616	36.6695	36.7515	36.824200000000005	37.0309	37.152499999999996	37.1468	37.3285	37.492999999999995	37.579499999999996	37.770700000000005	38.0441	38.1031	38.3643	38.5246	38.542100000000005	38.7596	38.872099999999996	38.1597
Sor-ACeb_009-Ex1-4F-lcwgs-1-3-L2-clmp.r1r2_fastp	47.1445	36.4969	37.373400000000004	36.2479	37.2006	36.6321	36.3832	36.783100000000005	37.308400000000006	36.7586	39.6049	39.1952	38.6236	38.4041	38.2782	38.0792	38.2927	38.053399999999996	38.3163	38.2422	38.425599999999996	38.3129	38.3591	38.0982	38.1192	37.982	37.9504	37.9363	38.101400000000005	38.0032	38.1286	38.051	38.1147	38.0135	38.0235	37.8255	37.8021	37.5788	37.6257	37.4797	37.6603	37.5308	37.5856	37.4552	37.4693	37.256699999999995	37.264599999999994	37.0601	37.187799999999996	37.0653	37.1179	37.0248	37.122699999999995	36.9694	36.9992	37.0302	36.9196	36.835499999999996	36.7667	36.7573	36.8301	36.7348	36.7502	36.7363	36.6984	36.6079	36.6732	36.545	36.588100000000004	36.5812	36.5094	36.4323	36.5231	36.4562	36.5548	36.437599999999996	36.4975	36.4658	36.4428	36.3491	36.3944	36.2743	36.4094	36.275600000000004	36.2263	36.344500000000004	36.2134	36.1437	36.2258	36.2527	36.2389	36.254799999999996	36.1806	36.0946	35.9967	36.1322	36.195	36.140899999999995	35.9695	36.0061	36.1832	36.0546	36.038399999999996	36.286699999999996	35.8462	36.1011	36.1424	36.1909	36.1033	36.012499999999996	36.021300000000004	36.0209	36.2208	36.4259	36.1227	36.1794	36.1607	36.2981	35.985499999999995	36.179	36.2939	36.4527	36.586	36.6533	36.418	36.6658	36.7324	36.729	36.5529	36.8831	37.146499999999996	36.836400000000005	37.3006	37.0849	37.143	37.0863	37.1062	37.345299999999995	37.6406	37.589800000000004	37.5739	37.786500000000004	37.7411	37.76	38.2003	38.51	38.0954	38.177699999999994	38.0527	37.180099999999996
Sor-ACeb_009-Ex1-4F-lcwgs-1-3-L3-clmp.r1r2_fastp	47.173500000000004	36.2924	37.2354	36.118	37.1198	36.5086	36.2321	36.6079	37.1153	36.635	39.4671	39.0856	38.4328	38.2771	38.1618	37.902	38.1397	37.960100000000004	38.083800000000004	38.1905	38.2874	38.135999999999996	38.2191	37.8875	38.0199	37.8742	37.8215	37.757600000000004	37.9142	37.743500000000004	37.967800000000004	37.9432	37.9816	37.8675	37.8357	37.7164	37.5806	37.4201	37.460100000000004	37.3309	37.534	37.3682	37.408	37.3288	37.2615	37.078100000000006	37.052099999999996	36.958600000000004	36.8969	36.9278	36.9304	36.826100000000004	36.9386	36.8371	36.907000000000004	36.761700000000005	36.8344	36.666	36.5419	36.5497	36.5898	36.5914	36.6545	36.600500000000004	36.5529	36.412099999999995	36.4801	36.3643	36.379099999999994	36.2404	36.405100000000004	36.3401	36.3033	36.3224	36.2379	36.276399999999995	36.249900000000004	36.0515	36.1008	36.1694	36.2331	36.111900000000006	36.1064	36.192099999999996	36.0802	36.1029	35.9127	35.914	36.1014	35.8705	35.8545	35.902699999999996	35.868	35.8075	35.9409	35.9041	35.735299999999995	35.8173	35.8192	35.8266	35.6569	35.6402	35.692099999999996	35.8396	35.7427	35.7623	35.7862	35.5948	35.5223	35.7056	35.707699999999996	35.6295	35.6651	35.6593	35.7676	35.952	35.9015	35.6816	35.6714	35.7057	35.633900000000004	35.7638	35.9514	35.77	36.0293	35.9951	35.9151	35.6902	35.9276	35.7594	36.0888	36.0988	35.9861	35.9794	35.9186	36.3802	36.1227	36.4084	36.2475	36.6815	36.4471	36.614999999999995	37.0419	36.649300000000004	36.8333	36.3876	36.4071	36.9234	36.6123	36.3215
Sor-ACeb_010-Ex1-5F-lcwgs-1-3-L2-clmp.r1r2_fastp	46.8595	35.8815	38.1853	37.622	38.179	37.8187	37.5023	38.009	38.464	37.589	40.618300000000005	40.4349	39.5812	39.4673	39.3857	39.2378	39.4791	39.3237	39.3481	39.6606	39.5791	39.500099999999996	39.5691	39.3516	39.379799999999996	39.3707	39.205	39.3686	39.4564	39.346599999999995	39.557199999999995	39.5803	39.5464	39.5288	39.5171	39.4453	39.4353	39.3443	39.3328	39.328	39.4444	39.373200000000004	39.399499999999996	39.42	39.439800000000005	39.332899999999995	39.373200000000004	39.2632	39.2446	39.3229	39.3025	39.3085	39.414500000000004	39.2025	39.285199999999996	39.387100000000004	39.277	39.1743	39.271699999999996	39.1607	39.3044	39.2048	39.1798	39.2748	39.2436	39.1279	39.2497	39.217999999999996	39.1863	39.130700000000004	39.2439	39.2009	39.2189	39.2015	39.2138	39.1829	39.286300000000004	39.178200000000004	39.1471	39.2706	39.272600000000004	39.114	39.3133	39.2584	39.235	39.3303	39.192	39.2641	39.4826	39.216899999999995	39.3681	39.5064	39.3936	39.4332	39.563199999999995	39.484	39.578	39.5281	39.487899999999996	39.6428	39.707	39.6077	39.735	39.9396	39.8376	39.899499999999996	40.0408	40.0272	40.0854	40.272999999999996	40.2164	40.2856	40.639199999999995	40.4891	40.6051	40.9263	40.7723	40.831	41.1941	41.0148	41.2307	41.545100000000005	41.4072	41.6238	42.0182	41.7693	42.0579	42.4045	42.2697	42.4182	42.7649	42.6025	42.855199999999996	43.335499999999996	43.0171	43.3676	43.7341	43.507	43.7893	44.3032	44.0644	44.2855	44.7425	44.5791	44.863	45.312000000000005	44.8667	45.226499999999994	45.5291	44.784800000000004
Sor-ACeb_010-Ex1-5F-lcwgs-1-3-L3-clmp.r1r2_fastp	47.1489	35.6168	38.1682	37.507400000000004	38.1217	37.7309	37.4035	37.9443	38.42	37.5234	40.5644	40.3684	39.4779	39.4041	39.3067	39.1774	39.4252	39.2704	39.2924	39.6054	39.510600000000004	39.457300000000004	39.5274	39.272800000000004	39.3375	39.3285	39.1892	39.3268	39.433	39.306000000000004	39.515899999999995	39.5469	39.521699999999996	39.5281	39.4796	39.4096	39.4015	39.311099999999996	39.2836	39.2846	39.4443	39.3306	39.374900000000004	39.3864	39.3547	39.2817	39.3182	39.2199	39.2151	39.2672	39.2652	39.2662	39.381	39.1729	39.250299999999996	39.347100000000005	39.2367	39.1464	39.2029	39.134299999999996	39.2534	39.1683	39.1391	39.2259	39.2137	39.070899999999995	39.2012	39.1783	39.135799999999996	39.0879	39.1885	39.129000000000005	39.169599999999996	39.1472	39.1559	39.1393	39.2303	39.104299999999995	39.088	39.2104	39.2151	39.061099999999996	39.270300000000006	39.2224	39.1795	39.2622	39.134600000000006	39.2078	39.4114	39.1556	39.2808	39.4407	39.338499999999996	39.3622	39.5002	39.423700000000004	39.5037	39.4524	39.4313	39.5878	39.6294	39.5391	39.664100000000005	39.891799999999996	39.7828	39.8169	39.9577	39.9294	40.007799999999996	40.1863	40.1165	40.1948	40.5383	40.3943	40.4818	40.794599999999996	40.631299999999996	40.7007	41.052	40.894200000000005	41.0936	41.415400000000005	41.2591	41.4597	41.8744	41.6221	41.9079	42.2581	42.1254	42.2408	42.6326	42.446	42.7107	43.173899999999996	42.8791	43.2568	43.6479	43.4507	43.6863	44.2125	44.001000000000005	44.2592	44.7893	44.580999999999996	44.885000000000005	45.4168	44.926300000000005	45.4457	45.879599999999996	45.2217
Sor-ACeb_011-Ex1-6F-lcwgs-1-3-L2-clmp.r1r2_fastp	61.917500000000004	50.646100000000004	48.0494	49.0263	50.7575	49.3737	48.832300000000004	50.8771	49.9687	49.229	53.432199999999995	52.7092	52.0554	52.3671	51.1482	51.392700000000005	52.1327	51.161500000000004	51.365	52.170899999999996	50.982099999999996	51.2897	51.90050000000001	50.8292	51.0744	51.796200000000006	50.736000000000004	51.131499999999996	51.790400000000005	50.8333	51.151500000000006	51.94649999999999	50.8378	51.1795	51.810199999999995	50.8239	51.087	51.79280000000001	50.739000000000004	51.0934	51.7897	50.8718	51.171	51.869600000000005	50.834999999999994	51.1599	51.839	50.897400000000005	51.1884	51.904399999999995	50.977700000000006	51.3246	52.0182	51.0703	51.4147	52.1711	51.1509	51.53450000000001	52.2138	51.322500000000005	51.697199999999995	52.4413	51.4853	51.9593	52.6288	51.7135	52.04260000000001	52.87	51.853	52.2863	53.0651	52.0831	52.5137	53.27460000000001	52.351000000000006	52.7392	53.518	52.5327	52.9477	53.75	52.7624	53.1471	53.9363	52.990899999999996	53.413	54.203100000000006	53.1798	53.6197	54.402300000000004	53.383199999999995	53.810500000000005	54.6096	53.5908	54.011900000000004	54.8095	53.7538	54.1785	55.0088	53.9506	54.352900000000005	55.19349999999999	54.1731	54.5289	55.308	54.2736	54.693599999999996	55.5045	54.469699999999996	54.837	55.6944	54.594500000000004	54.9996	55.8399	54.7471	55.1338	55.8894	54.8435	55.297799999999995	56.0878	54.984100000000005	55.3964	56.1476	55.092200000000005	55.466300000000004	56.2428	55.2221	55.590300000000006	56.336299999999994	55.2396	55.553	56.3734	55.3369	55.6701	56.447199999999995	55.3009	55.575399999999995	56.4223	55.227000000000004	55.6775	56.39769999999999	55.349199999999996	55.7076	56.452000000000005	55.3109	55.715599999999995	56.437599999999996	55.320899999999995	55.7235	56.3432	55.4759
Sor-ACeb_011-Ex1-6F-lcwgs-1-3-L3-clmp.r1r2_fastp	62.8985	49.963499999999996	48.297200000000004	49.1112	50.8588	49.5246	48.834	51.0393	50.151599999999995	49.3954	53.627	52.8563	52.123799999999996	52.556099999999994	51.259100000000004	51.544900000000005	52.3074	51.2878	51.4824	52.339800000000004	51.0831	51.4356	52.0827	50.9219	51.221000000000004	51.9664	50.9035	51.27739999999999	52.0023	50.989799999999995	51.2872	52.0879	50.9833	51.3742	51.9846	50.9752	51.2354	51.9755	50.798100000000005	51.241	51.998900000000006	51.0066	51.288900000000005	52.00789999999999	50.88589999999999	51.257600000000004	51.9309	51.024	51.329899999999995	52.044900000000005	51.0912	51.433099999999996	52.1436	51.180099999999996	51.5203	52.2916	51.243700000000004	51.64189999999999	52.289300000000004	51.4289	51.782399999999996	52.5528	51.574299999999994	52.0279	52.7523	51.78	52.1183	52.95910000000001	51.8926	52.3382	53.125699999999995	52.117999999999995	52.5644	53.348	52.3852	52.7687	53.5976	52.5331	52.9963	53.8034	52.79390000000001	53.151	53.9963	53.005	53.413	54.2273	53.163700000000006	53.650299999999994	54.4134	53.403800000000004	53.791599999999995	54.656000000000006	53.6004	54.0142	54.840500000000006	53.7599	54.161300000000004	55.0272	53.952299999999994	54.344800000000006	55.236799999999995	54.163799999999995	54.518299999999996	55.393	54.2471	54.686	55.4677	54.4291	54.840900000000005	55.6905	54.575399999999995	54.9511	55.8048	54.72089999999999	55.092200000000005	55.8952	54.8068	55.293499999999995	56.0716	54.9767	55.3612	56.177600000000005	55.098499999999994	55.41160000000001	56.2534	55.1899	55.5751	56.3797	55.27760000000001	55.6078	56.4377	55.375099999999996	55.705400000000004	56.5515	55.44179999999999	55.815599999999996	56.6799	55.51160000000001	55.903800000000004	56.694900000000004	55.641600000000004	56.066300000000005	56.8821	55.7077	56.149899999999995	56.984	55.7442	56.3124	57.011	55.7952
Sor-ACeb_012-Ex1-7F-lcwgs-1-3-L2-clmp.r1r2_fastp	46.0392	34.7708	36.5736	35.578900000000004	36.1618	35.6013	35.293600000000005	35.3619	36.013400000000004	35.4889	38.2864	38.1587	37.453599999999994	37.2123	37.201499999999996	36.9681	37.2645	37.062200000000004	37.0233	37.4456	37.3915	37.2926	37.2896	37.0689	37.094500000000004	37.0026	36.8457	37.013400000000004	37.0856	36.971	37.272	37.2384	37.2624	37.1909	37.2448	37.1223	37.1381	36.999500000000005	36.9929	36.985	37.156299999999995	37.0563	37.13	37.1017	37.1766	37.0463	37.0351	36.8917	36.8865	36.9363	36.982	36.9921	37.093399999999995	36.8709	36.991099999999996	37.0296	36.980000000000004	36.801	36.916	36.7864	36.9615	36.8132	36.833	36.9124	36.8521	36.7271	36.8839	36.7364	36.783300000000004	36.707699999999996	36.7923	36.7801	36.8368	36.7373	36.8164	36.7588	36.8533	36.7365	36.710300000000004	36.7442	36.816500000000005	36.619600000000005	36.7778	36.7886	36.7322	36.8234	36.687799999999996	36.7348	36.951499999999996	36.6853	36.8219	36.9094	36.9017	36.8834	36.9914	36.9124	37.067	36.9187	36.912800000000004	36.9957	36.9945	36.8929	37.0805	37.2056	37.1486	37.155100000000004	37.2693	37.2566	37.3149	37.395	37.401	37.406800000000004	37.7355	37.5512	37.689499999999995	37.8994	37.8272	37.809599999999996	38.1361	37.9497	38.1574	38.366499999999995	38.289699999999996	38.412400000000005	38.7676	38.5218	38.8765	39.0484	39.0339	39.1311	39.3787	39.228699999999996	39.4757	39.9239	39.5744	39.9856	40.2084	40.0861	40.3352	40.6839	40.625	40.8476	41.1804	41.0761	41.4575	41.6552	41.3641	41.7762	42.0221	41.0739
Sor-ACeb_012-Ex1-7F-lcwgs-1-3-L3-clmp.r1r2_fastp	46.2844	34.624300000000005	36.5643	35.5106	36.106700000000004	35.5176	35.2014	35.3192	35.9828	35.4457	38.2398	38.136199999999995	37.3628	37.1701	37.1409	36.9187	37.244	37.0126	36.9899	37.4013	37.3446	37.2457	37.2847	36.9998	37.0732	36.958400000000005	36.823899999999995	36.9735	37.0672	36.9538	37.2547	37.2187	37.250499999999995	37.215399999999995	37.1958	37.088	37.114399999999996	36.9565	36.9778	36.966100000000004	37.1546	37.037	37.0984	37.0604	37.1008	37.0049	36.9864	36.8557	36.8623	36.896	36.963499999999996	36.9688	37.058	36.83	36.9379	37.013200000000005	36.972899999999996	36.7609	36.86	36.7626	36.9199	36.7675	36.803399999999996	36.8669	36.8197	36.676500000000004	36.8468	36.7305	36.7433	36.658	36.7534	36.6982	36.7815	36.6994	36.7759	36.7035	36.837399999999995	36.6557	36.6849	36.7222	36.790800000000004	36.5856	36.7825	36.7441	36.6935	36.777300000000004	36.640299999999996	36.709399999999995	36.923899999999996	36.638	36.7954	36.864000000000004	36.8853	36.8248	36.959599999999995	36.8936	37.0473	36.8628	36.897999999999996	36.9843	36.9458	36.8884	37.034299999999995	37.1948	37.1263	37.101800000000004	37.2352	37.222100000000005	37.276399999999995	37.359700000000004	37.323499999999996	37.3639	37.7038	37.5255	37.6373	37.8695	37.735800000000005	37.8066	38.0595	37.8626	38.0631	38.2657	38.1734	38.3544	38.7245	38.4622	38.770900000000005	38.9775	38.9262	39.0232	39.224599999999995	39.085	39.353500000000004	39.7746	39.395799999999994	39.8329	40.167199999999994	39.994	40.258300000000006	40.6009	40.533	40.7845	41.1396	41.080600000000004	41.3854	41.604	41.2251	41.8396	42.1825	41.646300000000004
Sor-ACeb_013-Ex1-8F-lcwgs-1-3-L2-clmp.r1r2_fastp	51.4953	42.0875	41.1574	41.7782	42.7242	41.9791	41.4256	42.5615	42.404599999999995	41.677	44.919	44.7356	43.954100000000004	44.073499999999996	43.3815	43.4191	43.99	43.3547	43.4283	44.1713	43.508599999999994	43.6072	44.0041	43.3151	43.3882	43.8088	43.0762	43.4589	43.8296	43.2962	43.567699999999995	44.0311	43.443	43.5843	43.8959	43.385400000000004	43.4783	43.7956	43.2803	43.4587	43.8954	43.415	43.4906	43.9104	43.4507	43.5034	43.8762	43.3284	43.4065	43.9091	43.4114	43.6083	44.079	43.406299999999995	43.614999999999995	44.1762	43.5669	43.675999999999995	44.1738	43.6255	43.9005	44.289699999999996	43.7913	44.1001	44.469300000000004	43.9166	44.236799999999995	44.6973	44.1959	44.3647	44.9594	44.4977	44.7414	45.2652	44.7957	45.014199999999995	45.6878	45.0714	45.3412	46.0267	45.5266	45.6472	46.4449	45.9169	46.1803	46.9258	46.3029	46.640100000000004	47.495599999999996	46.7622	47.1739	47.9471	47.3672	47.717999999999996	48.5182	47.881	48.3137	48.9927	48.3638	48.8116	49.599900000000005	48.885400000000004	49.3191	50.2517	49.5162	49.8865	50.8135	50.0379	50.4607	51.3986	50.5769	50.961800000000004	52.0602	51.153099999999995	51.560399999999994	52.546800000000005	51.688500000000005	52.0436	53.0999	52.1538	52.636300000000006	53.580799999999996	52.689099999999996	53.0096	54.0814	53.0548	53.532500000000006	54.4605	53.5097	53.8061	54.792399999999994	53.7734	54.15370000000001	55.181400000000004	54.0707	54.3872	55.429399999999994	54.26220000000001	54.6771	55.729099999999995	54.5909	54.9238	55.8926	54.701699999999995	55.18769999999999	56.062	54.9404	55.2875	56.1987	55.292300000000004
Sor-ACeb_013-Ex1-8F-lcwgs-1-3-L3-clmp.r1r2_fastp	52.429899999999996	41.4787	41.4296	41.694700000000005	42.7067	41.949	41.3367	42.5897	42.478500000000004	41.6856	44.958	44.751000000000005	43.8679	44.1091	43.3684	43.4333	44.0573	43.3836	43.4474	44.2448	43.519600000000004	43.6669	44.081399999999995	43.3245	43.440200000000004	43.8801	43.2039	43.507600000000004	43.9458	43.3722	43.6269	44.114799999999995	43.5323	43.7274	43.9568	43.4434	43.5359	43.879000000000005	43.3138	43.487500000000004	44.0066	43.4614	43.544	43.9879	43.4268	43.503	43.9024	43.3742	43.4468	43.9623	43.460300000000004	43.641600000000004	44.1247	43.4454	43.6509	44.2143	43.601600000000005	43.7144	44.1601	43.688300000000005	43.9227	44.323299999999996	43.811699999999995	44.0991	44.5185	43.929899999999996	44.235400000000006	44.7337	44.196000000000005	44.3609	44.9696	44.449	44.7299	45.2767	44.8047	45.0211	45.7033	45.0606	45.3382	46.0584	45.5379	45.651599999999995	46.519800000000004	45.9854	46.1935	46.9518	46.324799999999996	46.6687	47.510400000000004	46.7862	47.1841	48.003	47.414	47.7321	48.6227	47.949000000000005	48.3656	49.0777	48.4275	48.8933	49.715900000000005	48.9754	49.3997	50.4201	49.6249	49.967099999999995	50.9428	50.1521	50.5834	51.554	50.7043	51.0677	52.233799999999995	51.2996	51.6652	52.708299999999994	51.808699999999995	52.1481	53.284200000000006	52.3267	52.7744	53.8181	52.859	53.1577	54.297200000000004	53.239999999999995	53.7126	54.7198	53.771100000000004	54.040600000000005	55.109300000000005	54.033	54.4642	55.504799999999996	54.445600000000006	54.8008	55.9368	54.7577	55.1692	56.27029999999999	55.142	55.531	56.625499999999995	55.3929	55.884299999999996	56.9399	55.647800000000004	56.147000000000006	57.2265	55.84139999999999
Sor-ACeb_014-Ex1-9F-lcwgs-1-3-L2-clmp.r1r2_fastp	47.3881	36.3703	37.835	37.3204	37.9161	37.4214	36.9553	37.5996	37.9857	37.210300000000004	40.3345	40.239599999999996	39.3793	39.2457	39.035199999999996	38.9027	39.2326	38.9762	38.994800000000005	39.4713	39.2831	39.2453	39.3073	39.0319	39.028	39.0982	38.8054	39.0449	39.1729	39.0148	39.226299999999995	39.3461	39.2077	39.1983	39.2286	39.0901	39.0663	39.0427	38.9457	38.9786	39.171099999999996	39.0309	39.0533	39.137	39.075500000000005	38.9706	39.033	38.8428	38.8232	39.0043	38.9233	38.9617	39.1366	38.827	38.912	39.104299999999995	38.894099999999995	38.788	38.9841	38.8013	38.9516	38.949600000000004	38.853100000000005	38.9876	38.9945	38.7878	38.9478	38.9861	38.872099999999996	38.8892	39.0778	38.9785	39.0434	39.1262	39.070100000000004	39.0743	39.292100000000005	39.0727	39.088899999999995	39.3328	39.259699999999995	39.1563	39.486399999999996	39.3744	39.400600000000004	39.6399	39.4089	39.5417	39.9418	39.5989	39.7522	40.0997	39.9152	40.0302	40.3241	40.1405	40.378	40.466800000000006	40.306	40.550000000000004	40.8022	40.5761	40.8175	41.248200000000004	41.0507	41.187400000000004	41.5547	41.3942	41.6007	41.9693	41.7865	41.9692	42.574400000000004	42.226200000000006	42.4848	43.0034	42.74	42.916199999999996	43.492	43.181799999999996	43.509100000000004	44.0572	43.796400000000006	44.0533	44.7023	44.281	44.6887	45.226	44.9488	45.179	45.7523	45.3941	45.772	46.4787	45.9657	46.344	47.0291	46.4519	46.908100000000005	47.5387	47.181400000000004	47.4619	48.202600000000004	47.7326	48.0707	48.7303	48.1485	48.4684	49.0694	48.314
Sor-ACeb_014-Ex1-9F-lcwgs-1-3-L3-clmp.r1r2_fastp	47.8352	35.9947	37.877300000000005	37.1886	37.863	37.3193	36.8332	37.532700000000006	37.957800000000006	37.142399999999995	40.2767	40.1885	39.2583	39.1822	38.9608	38.853	39.191700000000004	38.9249	38.9511	39.4377	39.2224	39.2156	39.2893	38.9794	39.001799999999996	39.077400000000004	38.8283	39.0175	39.1877	39.0031	39.204	39.3521	39.208	39.245200000000004	39.2158	39.0594	39.0641	39.0317	38.9345	38.9592	39.2025	39.0162	39.0542	39.1277	39.0044	38.9276	39.0021	38.8265	38.811299999999996	38.9862	38.8956	38.954699999999995	39.128800000000005	38.8154	38.890299999999996	39.0743	38.892900000000004	38.7932	38.9358	38.8067	38.9185	38.9327	38.824	38.9641	38.9782	38.7504	38.9075	38.9501	38.8303	38.8504	39.0367	38.9037	38.9949	39.0911	39.022400000000005	39.0307	39.252199999999995	39.0007	39.0252	39.2763	39.1971	39.114900000000006	39.4433	39.3527	39.3367	39.565	39.372	39.4998	39.873599999999996	39.5332	39.672200000000004	40.031299999999995	39.8505	39.944	40.3038	40.1016	40.311	40.381099999999996	40.2625	40.498400000000004	40.7434	40.5203	40.7579	41.236200000000004	40.9885	41.1163	41.511700000000005	41.330600000000004	41.537	41.9332	41.723	41.8895	42.5541	42.1913	42.423100000000005	42.9271	42.6746	42.8265	43.4307	43.1193	43.4553	44.035000000000004	43.7305	43.9422	44.663199999999996	44.2479	44.650099999999995	45.2072	44.9058	45.130700000000004	45.7802	45.374700000000004	45.7674	46.5376	45.9906	46.4097	47.1704	46.6126	47.0619	47.7515	47.348	47.7376	48.5291	48.0017	48.4626	49.1766	48.4819	49.0512	49.7941	48.8524
Sor-ACeb_015-Ex1-10F-lcwgs-1-3-L2-clmp.r1r2_fastp	47.2583	35.865399999999994	37.728	37.1051	37.6212	37.2532	36.8979	37.4901	37.991	37.056	40.2049	39.954699999999995	39.0805	38.9014	38.794000000000004	38.6812	38.9365	38.746900000000004	38.7653	39.084	39.0124	38.9364	38.9557	38.719	38.8037	38.751799999999996	38.6101	38.7504	38.8305	38.7265	38.980599999999995	38.9414	38.935900000000004	38.852599999999995	38.940000000000005	38.804899999999996	38.836	38.742599999999996	38.7076	38.7111	38.866099999999996	38.7492	38.8457	38.8461	38.879000000000005	38.7608	38.806400000000004	38.6319	38.6466	38.7549	38.6986	38.709700000000005	38.8587	38.6314	38.74	38.8204	38.7465	38.600699999999996	38.7577	38.559	38.7473	38.633	38.6458	38.6801	38.7365	38.570100000000004	38.7235	38.707	38.6646	38.5938	38.756099999999996	38.6973	38.7814	38.711800000000004	38.7321	38.6939	38.8563	38.704	38.7033	38.8453	38.803399999999996	38.6916	38.9193	38.827	38.7928	38.9471	38.7755	38.905499999999996	39.135	38.9092	39.0076	39.179700000000004	39.1331	39.1394	39.2667	39.1894	39.340599999999995	39.3048	39.305099999999996	39.419399999999996	39.4964	39.3897	39.5589	39.725	39.7067	39.7832	39.8879	39.883	39.9538	40.2137	40.0482	40.1541	40.591100000000004	40.4001	40.5052	40.8878	40.6616	40.7359	41.200900000000004	40.958099999999995	41.1645	41.5719	41.371900000000004	41.5533	42.1422	41.780899999999995	42.121399999999994	42.550399999999996	42.3968	42.648599999999995	42.8683	42.6823	42.9968	43.4756	43.0525	43.5642	43.8665	43.5173	43.9489	44.5323	44.188100000000006	44.4668	45.0222	44.8558	45.251799999999996	45.6348	45.286100000000005	45.7365	46.0868	44.9086
Sor-ACeb_015-Ex1-10F-lcwgs-1-3-L3-clmp.r1r2_fastp	47.5554	35.747299999999996	37.7459	37.1026	37.6073	37.2581	36.8865	37.4931	37.9968	37.0593	40.1886	39.9782	39.0194	38.8952	38.7804	38.6737	38.9388	38.724799999999995	38.783899999999996	39.1018	39.0033	38.962	38.9698	38.7481	38.8131	38.759100000000004	38.5932	38.7731	38.861200000000004	38.7448	38.9718	38.9981	38.9794	38.9375	38.931	38.833800000000004	38.8502	38.7645	38.7177	38.7321	38.9086	38.8146	38.832100000000004	38.8316	38.8395	38.7357	38.7751	38.6712	38.6664	38.7198	38.7256	38.7704	38.8808	38.6183	38.7899	38.833	38.7622	38.6181	38.7001	38.5942	38.7951	38.6462	38.655	38.7566	38.7545	38.590999999999994	38.7428	38.6942	38.6848	38.6364	38.7125	38.697199999999995	38.777699999999996	38.7254	38.7731	38.733000000000004	38.8264	38.6633	38.7283	38.849000000000004	38.8615	38.6654	38.9367	38.8537	38.8697	38.9462	38.792	38.908300000000004	39.1588	38.8457	39.0654	39.189099999999996	39.1315	39.1731	39.3229	39.1925	39.4019	39.3047	39.3319	39.4498	39.4931	39.4368	39.609899999999996	39.748	39.724599999999995	39.739000000000004	39.9743	39.9054	40.031499999999994	40.2362	40.1625	40.1755	40.6483	40.4118	40.572399999999995	40.8323	40.752500000000005	40.8001	41.1948	40.8362	41.2143	41.5275	41.4172	41.600500000000004	42.158699999999996	41.7732	42.2201	42.5041	42.2025	42.5171	42.924800000000005	42.6306	42.979800000000004	43.5376	42.9802	43.5297	43.9748	43.593399999999995	43.8959	44.406099999999995	44.4979	44.6646	45.2505	44.830799999999996	45.3891	45.8429	45.3674	45.7706	46.4184	45.4877
Sor-ACeb_016-Ex1-11F-lcwgs-1-3-L2-clmp.r1r2_fastp	47.114200000000004	37.803599999999996	39.416000000000004	39.285599999999995	39.5593	39.278800000000004	38.9218	39.797399999999996	40.097899999999996	38.9409	41.9824	41.768899999999995	40.8444	40.7351	40.6783	40.523199999999996	40.8142	40.5713	40.6535	40.9488	40.8267	40.7303	40.8648	40.591699999999996	40.6683	40.6622	40.4992	40.6691	40.7493	40.5903	40.802	40.8504	40.7923	40.725	40.7718	40.6948	40.650999999999996	40.5788	40.5406	40.5402	40.6959	40.5858	40.6107	40.658100000000005	40.6244	40.544000000000004	40.617999999999995	40.4726	40.4781	40.5396	40.4979	40.5062	40.6413	40.407700000000006	40.4953	40.6277	40.5079	40.3987	40.5165	40.3512	40.5073	40.4458	40.4057	40.48	40.4991	40.3119	40.4446	40.4532	40.402100000000004	40.3219	40.510200000000005	40.4108	40.4721	40.4666	40.458800000000004	40.422999999999995	40.5295	40.382400000000004	40.386300000000006	40.5374	40.5009	40.3628	40.5922	40.501	40.5132	40.629799999999996	40.4441	40.5362	40.827000000000005	40.4718	40.647800000000004	40.8333	40.6991	40.733599999999996	40.8982	40.7703	40.8993	40.8939	40.8358	40.9934	41.082	40.943400000000004	41.0783	41.350500000000004	41.2265	41.2769	41.4942	41.408699999999996	41.443000000000005	41.7089	41.609899999999996	41.659400000000005	42.0987	41.9277	41.9262	42.3707	42.1584	42.1329	42.6575	42.3892	42.6687	43.018	42.810700000000004	42.973	43.4231	43.0913	43.434400000000004	43.9156	43.6216	43.7696	44.2573	44.001000000000005	44.2539	44.8021	44.3553	44.6355	45.2066	44.8356	45.1658	45.6863	45.5073	45.5981	46.2025	45.912	46.1896	46.8171	46.2565	46.535700000000006	47.1729	46.062599999999996
Sor-ACeb_016-Ex1-11F-lcwgs-1-3-L3-clmp.r1r2_fastp	47.4277	37.6721	39.475300000000004	39.313500000000005	39.5933	39.3007	38.949	39.8463	40.135	38.9558	42.001	41.7978	40.844	40.765299999999996	40.6602	40.5629	40.802899999999994	40.6028	40.6534	40.9541	40.8654	40.7452	40.9186	40.5966	40.706199999999995	40.6961	40.5518	40.6928	40.8233	40.6281	40.856700000000004	40.8591	40.846199999999996	40.8025	40.794599999999996	40.7244	40.7298	40.604800000000004	40.590399999999995	40.5623	40.7401	40.576499999999996	40.6635	40.6898	40.647299999999994	40.5553	40.6627	40.5132	40.5138	40.585300000000004	40.5362	40.5477	40.6981	40.4402	40.5399	40.6827	40.5618	40.428	40.525	40.4254	40.5546	40.4578	40.433099999999996	40.5146	40.5485	40.347	40.525800000000004	40.5096	40.4213	40.3868	40.5284	40.4356	40.5159	40.488600000000005	40.4797	40.4777	40.5939	40.409	40.408100000000005	40.5925	40.5752	40.3838	40.590399999999995	40.5941	40.5296	40.6618	40.4816	40.604	40.860800000000005	40.4929	40.6753	40.8545	40.739	40.7881	40.9395	40.8189	40.9936	40.8972	40.939	41.0811	41.134100000000004	40.9998	41.1625	41.3998	41.3041	41.330299999999994	41.5272	41.5278	41.5913	41.8166	41.654	41.7493	42.1751	41.9886	42.0184	42.4613	42.2279	42.2648	42.724000000000004	42.4771	42.705799999999996	43.081	42.904599999999995	43.0423	43.5028	43.1636	43.5174	43.964	43.7325	43.8394	44.3251	44.0766	44.3849	44.8306	44.4903	44.842	45.3909	44.9838	45.2386	45.7966	45.6018	45.87	46.4043	46.1515	46.476600000000005	47.0767	46.5416	46.9772	47.5779	46.820499999999996
Sor-ACeb_017-Ex1-12F-lcwgs-1-3-L2-clmp.r1r2_fastp	45.7997	37.7673	38.298100000000005	38.323499999999996	38.5777	38.3985	37.949	38.6034	38.933099999999996	38.153999999999996	40.7627	40.706399999999995	39.889	39.8104	39.637699999999995	39.5664	39.7216	39.577600000000004	39.6093	39.9493	39.800200000000004	39.7526	39.8113	39.6308	39.5957	39.650999999999996	39.4176	39.6134	39.6517	39.5509	39.7197	39.8289	39.718900000000005	39.6825	39.6837	39.6078	39.5326	39.4793	39.4233	39.4395	39.571400000000004	39.4932	39.4949	39.5869	39.5002	39.448299999999996	39.4525	39.3273	39.284200000000006	39.392500000000005	39.3141	39.3686	39.487100000000005	39.283699999999996	39.3219	39.4692	39.3046	39.217999999999996	39.3355	39.217200000000005	39.303	39.2982	39.198	39.333	39.300200000000004	39.2036	39.2731	39.3114	39.199600000000004	39.190999999999995	39.3073	39.2766	39.2487	39.2845	39.2628	39.224399999999996	39.3685	39.2915	39.2008	39.394	39.2814	39.1942	39.3851	39.326	39.2668	39.4608	39.217200000000005	39.3704	39.551199999999994	39.3523	39.4073	39.631499999999996	39.4562	39.5117	39.6575	39.608399999999996	39.6812	39.6488	39.5982	39.8133	39.8568	39.7227	39.825300000000006	40.0996	39.974199999999996	40.0295	40.1817	40.2104	40.1496	40.504	40.2829	40.4383	40.7666	40.6014	40.6642	41.1188	40.8633	40.9566	41.313100000000006	41.118900000000004	41.3321	41.7165	41.4814	41.683	42.0863	41.8578	42.1581	42.478500000000004	42.2598	42.4595	42.7641	42.6262	42.7973	43.2793	42.9089	43.416399999999996	43.6689	43.4672	43.7423	44.3083	44.0184	44.3408	44.7397	44.5186	44.7245	45.3794	44.858	45.102599999999995	45.839400000000005	44.6878
Sor-ACeb_017-Ex1-12F-lcwgs-1-3-L3-clmp.r1r2_fastp	45.9536	37.5552	38.248599999999996	38.2179	38.5007	38.3718	37.9211	38.5371	38.9129	38.1052	40.676	40.6431	39.774	39.7265	39.5597	39.4677	39.6881	39.5496	39.5268	39.8785	39.7281	39.7117	39.7634	39.5408	39.548	39.5886	39.360299999999995	39.5584	39.6269	39.520300000000006	39.6841	39.7692	39.6656	39.6387	39.6364	39.5478	39.5105	39.4303	39.3725	39.353100000000005	39.5313	39.3974	39.4362	39.5445	39.4168	39.364399999999996	39.395599999999995	39.2795	39.2429	39.3506	39.2607	39.3212	39.429199999999994	39.244299999999996	39.2413	39.4425	39.236	39.158	39.254400000000004	39.1881	39.259899999999995	39.2083	39.1512	39.238	39.2431	39.1675	39.184200000000004	39.217200000000005	39.1251	39.1219	39.211	39.1536	39.1545	39.1714	39.1992	39.135999999999996	39.2816	39.1368	39.1029	39.2682	39.1965	39.0937	39.2499	39.2602	39.1992	39.3725	39.142900000000004	39.2683	39.4651	39.1407	39.311800000000005	39.5022	39.377	39.4923	39.5453	39.4704	39.5624	39.5248	39.4713	39.671099999999996	39.6881	39.5492	39.6921	40.041399999999996	39.8103	39.868700000000004	40.0478	39.961200000000005	40.0328	40.2661	40.134	40.2088	40.5873	40.4067	40.5043	40.8314	40.6117	40.6997	41.004400000000004	40.8435	41.0578	41.398	41.257	41.409099999999995	41.7624	41.558099999999996	41.801500000000004	42.2102	41.9544	42.1901	42.5518	42.254599999999996	42.6022	43.0533	42.6083	43.0478	43.5515	43.1933	43.447	44.0059	43.7845	43.8953	44.5184	44.4035	44.6208	45.1883	44.588899999999995	45.2218	45.675399999999996	45.0367
Sor-ACeb_018-Ex1-1G-lcwgs-1-3-L2-clmp.r1r2_fastp	45.844699999999996	36.296499999999995	38.5897	38.2027	38.5148	38.230799999999995	37.8436	38.3872	38.865	38.0489	40.6789	40.6443	39.8384	39.7325	39.6616	39.5519	39.7769	39.6498	39.6241	39.9808	39.8574	39.7564	39.799	39.6113	39.6536	39.6231	39.4393	39.6553	39.7161	39.6123	39.8084	39.8412	39.7932	39.777	39.764300000000006	39.7329	39.7003	39.6193	39.6072	39.6137	39.7111	39.6451	39.6439	39.6767	39.711800000000004	39.5967	39.6406	39.557500000000005	39.523399999999995	39.6011	39.5751	39.570100000000004	39.6743	39.4747	39.5454	39.684999999999995	39.555299999999995	39.407599999999995	39.553700000000006	39.405	39.5455	39.414100000000005	39.4017	39.4836	39.4449	39.3256	39.4678	39.4094	39.3885	39.3007	39.4191	39.3981	39.3785	39.3256	39.3662	39.326299999999996	39.4182	39.313900000000004	39.2834	39.3954	39.372600000000006	39.189800000000005	39.3684	39.3273	39.2543	39.3508	39.196799999999996	39.2711	39.5012	39.2027	39.3204	39.4266	39.3569	39.3156	39.4169	39.3491	39.4197	39.325500000000005	39.347300000000004	39.4334	39.4335	39.3345	39.4111	39.584	39.4985	39.5005	39.6003	39.5656	39.6139	39.7032	39.6647	39.6764	39.9851	39.842499999999994	39.881	40.1306	40.0238	39.9593	40.2684	40.1279	40.238600000000005	40.489000000000004	40.3719	40.4595	40.8063	40.5398	40.7727	41.0161	40.9	40.9683	41.208	41.0481	41.2626	41.570800000000006	41.364000000000004	41.6419	41.8988	41.6767	41.9051	42.2977	42.1433	42.302800000000005	42.7016	42.521100000000004	42.6975	43.0121	42.7268	42.912800000000004	43.1804	42.4422
Sor-ACeb_018-Ex1-1G-lcwgs-1-3-L3-clmp.r1r2_fastp	46.1777	36.0973	38.5981	38.1131	38.4707	38.1745	37.7658	38.3472	38.8441	38.013400000000004	40.635	40.590900000000005	39.763999999999996	39.682	39.590199999999996	39.508900000000004	39.752700000000004	39.5939	39.5909	39.9287	39.8022	39.7295	39.781	39.5518	39.622099999999996	39.5934	39.435199999999995	39.617799999999995	39.709	39.5793	39.7768	39.8181	39.772200000000005	39.786899999999996	39.7471	39.699400000000004	39.674	39.608399999999996	39.5871	39.583800000000004	39.7108	39.6231	39.616	39.6559	39.6352	39.5505	39.617799999999995	39.534200000000006	39.4915	39.5743	39.563199999999995	39.5386	39.6637	39.4441	39.5162	39.658	39.530300000000004	39.4189	39.4959	39.3921	39.5165	39.400800000000004	39.3693	39.467999999999996	39.4219	39.2894	39.4235	39.391799999999996	39.3549	39.272400000000005	39.3941	39.3421	39.3433	39.3016	39.3436	39.3008	39.3741	39.2618	39.2428	39.3703	39.3498	39.148300000000006	39.3655	39.3123	39.2194	39.298100000000005	39.157	39.2344	39.4527	39.1355	39.2697	39.3967	39.3041	39.2828	39.392300000000006	39.3047	39.399	39.2994	39.2977	39.402300000000004	39.4009	39.3044	39.3834	39.5582	39.4546	39.4611	39.571	39.547399999999996	39.583200000000005	39.6781	39.6284	39.6308	39.9649	39.8089	39.8495	40.0867	39.962599999999995	39.8857	40.2087	40.0587	40.1896	40.4601	40.2748	40.3895	40.7295	40.4672	40.704	40.946	40.814099999999996	40.8805	41.1119	40.9644	41.2566	41.538599999999995	41.2636	41.5795	41.8645	41.6669	41.8806	42.2446	42.1282	42.2623	42.7846	42.566700000000004	42.7194	43.1863	42.783300000000004	43.151	43.4362	42.896
Sor-ACeb_019-Ex1-3G-lcwgs-1-3-L2-clmp.r1r2_fastp	46.6596	35.891	37.0822	35.7063	36.397200000000005	35.7545	35.6359	35.9453	36.6644	35.7404	38.8579	38.6409	37.4759	37.5803	37.566300000000005	37.1384	37.7571	37.3976	37.508	37.6024	38.116699999999994	37.6567	37.5301	37.471900000000005	37.3313	37.1324	36.8733	37.1485	37.3192	37.1565	37.716899999999995	37.4478	37.6727	37.2758	37.769999999999996	37.203399999999995	37.1501	37.1922	36.7196	37.5391	37.0542	37.1726	37.259100000000004	37.215199999999996	37.3942	37.22	37.0336	36.4012	36.3715	37.1113	36.6645	37.2407	37.4423	36.691	37.2991	36.5466	36.8617	36.7991	36.9077	36.8083	37.2737	36.7193	36.6492	36.6449	36.8731	37.350100000000005	37.4366	36.844300000000004	37.0157	37.1288	37.0535	37.006499999999996	36.7398	36.945	37.719500000000004	36.7446	37.047799999999995	36.7149	37.0762	36.7249	37.215199999999996	37.4073	37.001400000000004	37.5389	37.4343	37.449799999999996	36.9752	37.2599	37.4355	36.314099999999996	37.6156	37.2885	37.0676	37.5377	36.8838	37.1708	37.3088	38.1829	37.9197	37.8412	37.6389	37.844699999999996	37.931	36.6408	37.433899999999994	37.6948	36.912299999999995	38.3698	37.376799999999996	37.8142	38.579	37.3405	38.2436	37.748599999999996	38.447700000000005	39.5201	38.3342	39.3239	38.6604	38.8604	37.9377	39.3648	38.476	39.3604	38.8803	39.2617	40.8782	39.5679	40.9344	39.393899999999995	40.0341	40.199600000000004	40.5537	40.4994	38.6661	41.0959	41.9946	39.4082	42.738	40.3085	40.9924	41.193000000000005	41.253	38.913199999999996	42.9319	41.4501	40.8237	41.749	41.5397	40.3384
Sor-ACeb_019-Ex1-3G-lcwgs-1-3-L3-clmp.r1r2_fastp	47.3438	35.1042	37.8841	35.9049	36.3997	36.0417	36.1263	35.963499999999996	37.2656	35.599	39.2318	38.8086	37.6497	37.5326	37.5391	37.2266	37.0508	38.0859	36.8294	37.506499999999996	38.1576	38.2878	37.6302	38.0664	37.6237	37.5195	38.1706	37.617200000000004	37.513000000000005	37.1745	37.486999999999995	37.4023	37.806	38.392900000000004	37.1402	37.54	37.4173	38.2832	38.2436	37.1068	37.8228	37.84	37.4556	37.2992	37.612899999999996	37.5496	37.2944	36.718	36.8053	36.077	37.0571	37.2847	37.6867	37.1666	37.223299999999995	36.6336	37.9016	37.8205	37.365700000000004	36.7168	37.1385	36.9076	37.2579	37.466899999999995	37.5164	37.998599999999996	37.1408	37.3966	36.9834	35.9868	37.6892	36.5672	37.4529	38.065599999999996	37.8411	36.6357	37.8913	37.1993	37.006	37.9118	36.9665	36.1974	37.778099999999995	37.3444	37.4517	37.5403	38.1187	37.668099999999995	37.1863	37.3137	37.3461	36.265	37.5959	36.8066	37.6987	38.4411	38.7783	38.3241	38.7955	37.5393	37.6197	37.6531	37.6889	37.6695	35.2467	37.9542	37.7233	38.475500000000004	37.0118	38.2919	39.8651	37.466699999999996	39.4627	39.7361	37.878	38.2956	40.8451	39.1356	38.6041	39.6608	39.2491	36.4473	41.8398	39.513	38.7654	37.4784	39.2793	37.2249	41.0387	39.3843	39.447500000000005	40.1602	41.736000000000004	41.6877	42.7815	41.2172	41.2356	38.6567	43.0556	40.9756	43.686	45.0805	41.9355	44.2886	40.456399999999995	40.564	40.724	41.647099999999995	40.246900000000004	41.4169
Sor-ACeb_020-Ex1-2G-lcwgs-1-3-L2-clmp.r1r2_fastp	54.51669999999999	47.5317	44.1611	45.974399999999996	46.4887	46.401199999999996	44.3367	47.627900000000004	45.7324	46.3482	48.6864	49.197	46.9736	49.0918	46.725699999999996	47.9145	47.8391	48.2095	46.6919	49.2407	46.8281	48.0777	47.6908	47.9955	46.681400000000004	49.0279	46.710499999999996	47.8807	47.7178	47.9595	46.732600000000005	49.1647	46.6072	47.964400000000005	47.6013	48.079699999999995	46.5403	48.8399	46.699	47.8747	47.688199999999995	47.9914	46.846700000000006	48.942600000000006	46.6671	47.9849	47.4754	47.8562	46.9404	48.9929	46.9681	48.1764	47.879599999999996	48.288199999999996	47.146	49.223	47.2253	48.4037	48.3425	48.5657	47.6449	49.6002	47.8316	49.0037	49.034499999999994	49.1857	48.4926	50.48780000000001	48.6584	49.6584	49.6127	49.8962	49.1916	51.0444	49.538399999999996	50.719300000000004	50.779300000000006	50.9923	50.18899999999999	51.9885	50.5757	51.5764	51.929899999999996	51.9727	51.22409999999999	53.034800000000004	51.653499999999994	52.454699999999995	52.9688	52.9925	52.1898	54.209799999999994	52.7778	53.4353	54.183899999999994	54.0409	53.6312	55.1519	53.6203	54.5748	55.1529	54.8906	54.442299999999996	56.1059	54.720400000000005	55.60699999999999	56.2597	55.43129999999999	55.472	57.0411	55.440599999999996	56.25320000000001	56.9572	56.2303	56.4387	57.8016	56.6272	57.156	58.363299999999995	57.033	57.512600000000006	58.7242	57.123599999999996	57.575500000000005	59.0502	57.6562	58.2827	59.0329	57.7005	57.9393	59.294999999999995	58.255599999999994	58.5104	59.6556	58.2287	58.6913	59.544200000000004	58.6875	58.520300000000006	59.7755	58.9114	58.942099999999996	60.333499999999994	58.869499999999995	59.1016	60.2715	59.01690000000001	58.7631	59.8217	58.6996
Sor-ACeb_020-Ex1-2G-lcwgs-1-3-L3-clmp.r1r2_fastp	55.081	47.8316	44.489000000000004	46.2092	46.713300000000004	46.852199999999996	44.6478	47.9016	46.0833	46.670899999999996	48.9278	49.5221	47.6413	49.3274	47.1057	48.322199999999995	48.1806	48.4652	47.199400000000004	49.3371	47.2016	48.385099999999994	48.0937	48.160399999999996	46.9207	49.1244	47.0668	48.3596	47.9398	48.1304	47.214	49.2749	47.199799999999996	48.3181	48.0779	48.2635	47.096900000000005	49.153999999999996	46.7785	48.2797	47.9617	48.123	47.0961	49.174299999999995	46.9479	48.3526	47.9934	48.2006	47.2113	49.2864	47.2592	48.6051	48.2224	48.4462	47.7328	49.437	47.7096	48.8877	48.5095	48.830600000000004	48.0334	49.8849	48.137	49.3061	49.329	49.392	48.7151	50.6085	48.727599999999995	50.159200000000006	50.0667	50.137299999999996	49.5239	51.483900000000006	49.7167	50.908699999999996	51.107	51.078	50.4969	52.3703	50.6402	51.89319999999999	51.6816	52.1008	51.4069	53.2945	51.6764	53.047999999999995	52.8671	53.167500000000004	52.434400000000004	54.2585	52.53790000000001	53.79429999999999	53.7476	54.1156	53.469	55.216	53.5755	54.8901	54.5876	55.0229	54.26499999999999	56.5405	54.522400000000005	55.7645	55.7231	55.7654	55.378899999999994	57.4445	55.018	56.8121	56.2745	56.7045	55.915000000000006	57.877599999999994	55.9497	57.41309999999999	57.213300000000004	57.471000000000004	56.697399999999995	59.1368	56.399100000000004	58.179700000000004	57.7151	58.125899999999994	57.1007	59.0863	56.96600000000001	58.7593	58.369400000000006	58.4806	57.4372	59.7452	57.3743	59.2147	58.4825	59.282199999999996	57.6747	60.3843	57.5694	59.8505	58.795500000000004	59.302	58.1774	61.073699999999995	58.053900000000006	59.859899999999996	59.387	59.5907
Sor-ACeb_021-Ex1-4G-lcwgs-1-3-L2-clmp.r1r2_fastp	47.601	36.776599999999995	38.4913	37.6092	38.425399999999996	37.452600000000004	38.4584	37.9637	39.637299999999996	37.518499999999996	40.6265	40.313300000000005	40.1896	38.730399999999996	39.1014	39.324	39.1921	38.549099999999996	39.0272	39.6785	39.7197	39.4147	39.357	39.357	39.5466	39.942299999999996	38.952999999999996	38.647999999999996	39.2663	38.681	39.5218	39.6455	39.7939	38.894400000000005	39.0739	38.9014	38.541799999999995	39.4472	39.2277	39.1646	39.0509	37.811	40.1068	38.779	39.469300000000004	38.9559	39.3581	39.344	38.836999999999996	39.2078	38.8811	38.1781	38.5656	38.2455	38.6148	38.8179	38.8604	39.0488	39.1805	38.2869	37.8762	39.074799999999996	38.2438	39.1329	39.3393	38.413399999999996	37.7245	39.4316	37.473099999999995	39.2359	38.3142	39.318599999999996	39.278800000000004	38.4495	38.1217	39.0997	38.9763	39.8856	39.7283	38.0417	38.5786	38.4929	38.5582	39.9812	38.4195	39.0858	38.9097	39.5484	39.5658	38.650400000000005	38.9826	39.2012	38.9286	38.4229	38.664500000000004	39.1416	40.7308	39.076899999999995	38.1394	39.145	38.5175	39.2896	40.9481	39.1824	40.0322	40.6276	40.2868	39.8194	39.8031	41.5205	39.0293	38.0	40.3624	39.760400000000004	40.5131	42.1384	39.0594	41.120200000000004	42.877700000000004	42.0105	38.8629	39.6411	40.0171	43.839299999999994	42.080600000000004	41.4258	42.9293	41.5449	42.3581	42.4689	41.3669	42.394	44.689099999999996	43.3604	39.4922	43.641600000000004	39.7608	41.2943	44.038199999999996	40.969899999999996	42.9809	42.1147	42.3006	44.4664	45.1546	45.1064	46.4602	44.6301	44.9749	41.8283
Sor-ACeb_021-Ex1-4G-lcwgs-1-3-L3-clmp.r1r2_fastp	48.3435	36.6372	38.4318	37.3551	37.4655	37.1894	36.085	39.232499999999995	37.824400000000004	38.0453	41.109899999999996	41.5516	38.984	40.309200000000004	38.5422	38.7907	40.0883	39.7846	40.9718	40.1712	39.7294	39.9779	39.6466	37.714	37.9348	39.5638	38.6251	39.6742	37.4655	39.480900000000005	39.122	39.3153	39.3981	38.8674	39.7397	38.2819	39.9498	37.5315	38.2237	38.8717	40.090900000000005	39.3654	38.952799999999996	39.011	39.3895	37.6867	40.342099999999995	37.6523	37.045899999999996	39.116	39.7984	37.6847	39.0654	39.792100000000005	39.516400000000004	40.3492	38.57	39.0017	38.5859	38.5695	38.9624	39.1858	39.0349	39.6054	38.4301	38.4732	37.0155	39.001200000000004	38.5929	40.8865	39.061800000000005	38.0746	39.3966	37.1637	37.9747	37.8313	39.881499999999996	40.334900000000005	39.1509	39.7642	38.9105	39.0482	39.292	38.2388	40.2113	39.164	39.7088	38.4983	37.8282	40.0881	39.231899999999996	40.5132	38.6235	42.0474	38.966699999999996	38.6921	38.9046	39.9604	37.3851	39.6348	41.2611	36.7277	41.3302	41.5633	39.0464	40.8054	42.2438	39.2442	41.1765	40.2174	35.9873	38.372099999999996	35.2941	38.0866	39.4052	39.9217	38.114799999999995	40.948299999999996	38.6728	42.2062	39.75	40.8854	37.3626	40.2899	41.1765	39.5706	39.4137	41.438399999999994	41.637	42.3221	40.6844	38.5214	40.6504	48.3193	40.0	42.2727	43.3962	41.2935	44.6154	41.0526	41.397800000000004	37.5	52.352900000000005	48.466300000000004	43.125	41.5584	53.0612	37.4101	48.5294	36.5079
Sor-ACeb_022-Ex1-5G-lcwgs-1-3-L2-clmp.r1r2_fastp	53.8825	42.9294	42.237700000000004	42.2724	43.3641	42.35	41.8961	43.2596	42.9141	42.479499999999994	45.863	45.4095	44.7126	44.792300000000004	44.134	44.2653	44.7398	44.2665	44.4348	44.9915	44.3565	44.4357	44.7252	44.108399999999996	44.1377	44.5158	43.933	44.170700000000004	44.5843	44.1156	44.2857	44.7783	44.1596	44.3003	44.6239	44.1191	44.201	44.614599999999996	44.0396	44.254	44.6905	44.1674	44.2541	44.7263	44.1124	44.2344	44.6217	44.1204	44.251400000000004	44.6995	44.2063	44.4535	44.8988	44.350699999999996	44.5095	45.0432	44.4329	44.6889	45.1687	44.752700000000004	44.9462	45.467200000000005	44.9894	45.2602	45.7339	45.2533	45.5525	46.0725	45.5492	45.8662	46.419	45.965	46.239999999999995	46.831	46.3649	46.6646	47.2723	46.6976	47.0706	47.7391	47.19	47.571600000000004	48.1556	47.6277	47.943400000000004	48.7312	48.0425	48.4525	49.1149	48.5832	48.9435	49.6581	49.085	49.482	50.158199999999994	49.6099	49.9459	50.651199999999996	49.9957	50.3853	51.18129999999999	50.503299999999996	50.8862	51.6725	50.9755	51.4324	52.161699999999996	51.442	51.7907	52.613299999999995	51.9863	52.2786	53.021499999999996	52.329499999999996	52.699799999999996	53.5328	52.7153	53.088	53.8422	53.047999999999995	53.4775	54.30160000000001	53.411699999999996	53.8561	54.56569999999999	53.74719999999999	54.1038	54.8817	53.905899999999995	54.3417	55.236799999999995	54.2196	54.5697	55.4363	54.393800000000006	54.7543	55.522499999999994	54.5886	54.9126	55.7284	54.6818	55.1193	55.8096	54.82280000000001	55.3041	56.06680000000001	55.0685	55.4464	56.1341	55.0516
Sor-ACeb_022-Ex1-5G-lcwgs-1-3-L3-clmp.r1r2_fastp	54.7091	43.066900000000004	42.5905	42.597699999999996	43.7252	42.715399999999995	42.1626	43.6512	43.296800000000005	42.799	46.2487	45.7849	45.028	45.1798	44.4829	44.651	45.136700000000005	44.6125	44.750499999999995	45.3354	44.723400000000005	44.7946	45.1131	44.4112	44.4942	44.8992	44.284099999999995	44.5237	44.9822	44.4675	44.6731	45.1306	44.5094	44.7071	45.0264	44.4699	44.5566	44.9435	44.3707	44.602799999999995	45.0765	44.5354	44.6274	45.1028	44.4508	44.6068	45.0062	44.4382	44.5941	45.0847	44.5683	44.7963	45.2737	44.7159	44.8752	45.4164	44.8193	45.057	45.4812	45.1115	45.2697	45.8773	45.332899999999995	45.6235	46.134100000000004	45.5843	45.8716	46.4781	45.9675	46.2348	46.7841	46.3059	46.6195	47.226800000000004	46.698	47.0663	47.6513	47.029199999999996	47.380100000000006	48.0925	47.5447	47.938199999999995	48.5246	48.0358	48.3041	49.086800000000004	48.4033	48.8412	49.5473	49.0006	49.3196	50.0321	49.4713	49.8639	50.5937	50.014199999999995	50.294000000000004	51.1273	50.440200000000004	50.8011	51.62179999999999	50.978100000000005	51.324099999999994	52.107499999999995	51.393100000000004	51.868700000000004	52.5962	51.8785	52.2719	53.042699999999996	52.3435	52.744	53.4646	52.713	53.0751	53.915800000000004	53.102799999999995	53.4431	54.279500000000006	53.5078	53.8219	54.69199999999999	53.8029	54.1731	54.9134	54.130199999999995	54.4268	55.26990000000001	54.2577	54.7221	55.5569	54.661	55.017799999999994	55.763600000000004	54.8481	55.1871	56.03399999999999	54.99079999999999	55.3733	56.17959999999999	55.1458	55.650800000000004	56.458	55.4028	55.8419	56.6357	55.5246	55.992200000000004	56.7932	55.5306
