Sample	1	2	3	4	5	6	7	8	9	10	11	12	13	14	15	16	17	18	19	20	21	22	23	24	25	26	27	28	29	30	31	32	33	34	35	36	37	38	39	40	41	42	43	44	45	46	47	48	49	50	51	52	53	54	55	56	57	58	59	60	61	62	63	64	65	66	67	68	69	70	71	72	73	74	75	76	77	78	79	80	81	82	83	84	85	86	87	88	89	90	91	92	93	94	95	96	97	98	99	100	101	102	103	104	105	106	107	108	109	110	111	112	113	114	115	116	117	118	119	120	121	122	123	124	125	126	127	128	129	130	131	132	133	134	135	136	137	138	139	140	141	142	143	144	145	146	147	148	149	150
Sor-ACeb_001-Ex1-8E-lcwgs-1-3-L2-clmp.r1r2_fastp	45.954	34.0739	34.0818	32.255	32.6373	31.8063	31.310100000000002	32.1603	32.591	32.0271	35.1293	34.8825	34.1211	33.840399999999995	33.7246	33.4906	33.698	33.6045	33.6862	34.014	33.9611	33.9275	33.886300000000006	33.535199999999996	33.4694	33.4256	33.2716	33.375899999999994	33.474599999999995	33.4825	33.6606	33.679700000000004	33.6866	33.5456	33.642300000000006	33.4455	33.4815	33.4507	33.400600000000004	33.5008	33.6751	33.6145	33.6898	33.6429	33.497	33.4632	33.4354	33.3302	33.3057	33.456399999999995	33.4716	33.4963	33.6044	33.4369	33.496900000000004	33.457300000000004	33.420100000000005	33.3461	33.426	33.324799999999996	33.402	33.4676	33.4581	33.4343	33.4162	33.265899999999995	33.2686	33.3117	33.2426	33.2224	33.372299999999996	33.368900000000004	33.3957	33.360299999999995	33.3553	33.366299999999995	33.3439	33.327400000000004	33.336	33.3917	33.4628	33.334	33.5042	33.3926	33.4551	33.5211	33.2937	33.5389	33.5777	33.4196	33.5788	33.6936	33.699	33.7318	33.811	33.7153	33.8082	33.761799999999994	33.7832	33.7224	33.9181	33.8787	33.951100000000004	34.1659	34.1082	34.0411	34.248	34.0099	34.127	34.3084	34.2562	34.3499	34.7119	34.611799999999995	34.6639	34.8177	34.8255	34.8705	35.0107	35.0339	35.0554	35.4227	35.4169	35.4148	35.7911	35.5425	35.842400000000005	36.1183	35.870000000000005	36.187200000000004	36.271	36.2123	36.525	37.15	36.778499999999994	37.0023	37.324600000000004	37.122	37.4074	37.9853	37.7127	37.9168	38.449299999999994	38.5586	38.9039	39.1194	38.8066	39.516400000000004	39.61	38.8882
Sor-ACeb_001-Ex1-8E-lcwgs-1-3-L3-clmp.r1r2_fastp	45.521899999999995	33.7731	33.7816	31.989099999999997	32.31	31.4139	30.9548	31.785000000000004	32.303399999999996	31.7094	34.825	34.602	33.7671	33.5691	33.367999999999995	33.167	33.3674	33.2061	33.3592	33.678599999999996	33.669900000000005	33.6233	33.512	33.224599999999995	33.137499999999996	33.1056	32.9627	33.1105	33.1944	33.205	33.3419	33.394800000000004	33.4207	33.3373	33.3354	33.1666	33.109100000000005	33.1532	33.0949	33.1295	33.3349	33.2969	33.3444	33.4001	33.2094	33.1539	33.1553	33.0046	33.0339	33.0924	33.2633	33.2192	33.3008	33.130500000000005	33.1672	33.1932	33.0869	32.986599999999996	33.1845	33.0873	33.1547	33.1596	33.0982	33.1559	33.1049	32.993	33.0143	32.9911	32.9646	32.9503	33.0927	33.029399999999995	33.054899999999996	33.0336	33.1063	32.9905	33.106700000000004	32.9642	33.019	33.065099999999994	33.011	33.0177	33.1442	33.1069	33.0201	33.104299999999995	32.9975	33.1961	33.1747	33.1528	33.2065	33.3965	33.2904	33.2586	33.4378	33.2954	33.292100000000005	33.4107	33.253	33.3571	33.4356	33.408	33.4827	33.7598	33.4795	33.6006	33.6943	33.5627	33.646	33.942499999999995	33.8104	33.9472	34.0893	34.008500000000005	33.9936	34.2487	34.0497	34.252300000000005	34.281800000000004	34.3192	34.5501	34.6897	34.601	34.6396	35.1365	34.752300000000005	34.8416	35.233599999999996	34.9489	35.0219	35.543400000000005	35.4103	35.4186	35.9277	35.758	35.9422	36.3871	36.1421	36.5418	36.9566	36.7637	36.8736	37.5815	37.2885	37.6781	37.8467	37.7391	37.8976	38.4003	37.8913
Sor-ACeb_002-Ex1-9E-lcwgs-1-3-L2-clmp.r1r2_fastp	50.467099999999995	37.9865	38.6421	37.2638	38.2513	37.3622	36.9496	37.8601	38.3553	37.3361	40.9174	40.6232	39.882400000000004	39.5994	39.417699999999996	39.04	39.5471	39.1308	39.2436	39.6392	39.5391	39.4135	39.656200000000005	39.1193	39.2634	39.212399999999995	38.9647	39.1136	39.3341	39.0672	39.4172	39.4403	39.3557	39.3107	39.5019	39.1195	39.232099999999996	39.1885	39.1647	39.0335	39.482	39.14	39.3131	39.3087	39.2691	39.1618	39.3031	38.9646	39.0464	39.1804	39.217800000000004	39.0863	39.44	39.0057	39.190599999999996	39.3045	39.208999999999996	38.9383	39.307700000000004	38.9394	39.2231	39.1123	39.0616	39.1794	39.2496	38.9503	39.192	39.1738	39.0938	38.9928	39.3298	39.0638	39.211200000000005	39.1933	39.2036	39.1938	39.385	39.156	39.2552	39.284	39.3587	39.1087	39.4955	39.265	39.3303	39.4866	39.346	39.3438	39.7619	39.3328	39.612	39.7885	39.650800000000004	39.6266	39.8614	39.655499999999996	39.851	39.847300000000004	39.7786	39.8458	40.098299999999995	39.8692	39.975500000000004	40.3184	40.0799	40.187400000000004	40.4999	40.2314	40.3852	40.651199999999996	40.518100000000004	40.5809	40.929700000000004	40.7055	40.8121	41.1919	40.997099999999996	41.018	41.4148	41.1126	41.2299	41.7273	41.508	41.6641	42.0761	41.722300000000004	41.9902	42.396699999999996	42.1025	42.2031	42.699	42.1303	42.4518	43.2211	42.467	42.9448	43.5616	42.9681	43.349199999999996	43.8675	43.4745	43.8954	44.332	43.931	44.2764	44.7001	44.2725	44.6594	45.2713	44.251200000000004
Sor-ACeb_002-Ex1-9E-lcwgs-1-3-L3-clmp.r1r2_fastp	50.3035	38.0037	38.5886	37.317499999999995	38.3459	37.278299999999994	36.9127	37.8878	38.3498	37.399	40.9437	40.6845	39.8429	39.6314	39.4361	39.074999999999996	39.5999	39.1615	39.307900000000004	39.6921	39.5805	39.441199999999995	39.7058	39.182	39.3302	39.3538	39.015100000000004	39.1545	39.444	39.103	39.5556	39.5384	39.4497	39.3731	39.571600000000004	39.2308	39.3008	39.2252	39.224399999999996	39.2185	39.5071	39.1863	39.408500000000004	39.3758	39.3546	39.1359	39.421499999999995	39.0567	39.1674	39.2639	39.2357	39.217200000000005	39.522	39.0927	39.3551	39.3743	39.2978	39.048899999999996	39.4058	39.1493	39.3415	39.218599999999995	39.1451	39.2593	39.3864	39.0383	39.2955	39.2607	39.217999999999996	39.0955	39.489999999999995	39.2183	39.354	39.324999999999996	39.326100000000004	39.2237	39.5615	39.1991	39.4019	39.482	39.4311	39.3381	39.6856	39.3768	39.5357	39.626400000000004	39.4313	39.4652	39.890100000000004	39.457300000000004	39.7358	39.900999999999996	39.7532	39.8202	40.069700000000005	39.7787	40.0205	39.9786	39.9448	40.0439	40.183400000000006	40.0259	40.2026	40.4994	40.1487	40.2837	40.6841	40.3159	40.5134	40.7209	40.647	40.678399999999996	41.1873	40.859899999999996	41.0196	41.387	41.205799999999996	41.0152	41.6043	41.2077	41.3988	41.856500000000004	41.754400000000004	41.7311	42.3994	41.7038	42.235	42.5291	42.3403	42.3968	42.9382	42.5492	42.6162	43.2379	42.7218	43.2105	43.4708	43.167100000000005	43.4581	44.065599999999996	43.5212	43.9317	44.4919	44.0417	44.3813	44.9555	44.3206	44.656600000000005	45.412400000000005	44.6179
Sor-ACeb_003-Ex1-10E-lcwgs-1-3-L2-clmp.r1r2_fastp	46.8254	36.366	36.4079	34.7546	35.6633	34.979	34.556599999999996	35.2973	35.6785	35.084199999999996	38.1472	37.729	37.089	36.8466	36.7292	36.4593	36.6886	36.5791	36.6982	36.806	36.9146	36.8212	36.8146	36.534299999999995	36.530499999999996	36.4193	36.4253	36.4071	36.5585	36.5263	36.6648	36.6318	36.6713	36.527100000000004	36.5338	36.3831	36.373	36.2887	36.2971	36.2365	36.402499999999996	36.2506	36.3474	36.291000000000004	36.1819	36.086	36.0925	35.950900000000004	35.9753	35.9713	35.990100000000005	36.009	36.073699999999995	35.917500000000004	35.9493	35.9472	35.9066	35.748799999999996	35.8328	35.7321	35.8668	35.8339	35.821	35.8217	35.836800000000004	35.7106	35.7537	35.6588	35.6834	35.6329	35.7301	35.7247	35.7305	35.739	35.7045	35.6696	35.644999999999996	35.560399999999994	35.5812	35.5832	35.6197	35.524499999999996	35.6078	35.5509	35.5546	35.524899999999995	35.4937	35.4561	35.5355	35.4804	35.5651	35.516799999999996	35.525099999999995	35.5354	35.5725	35.402	35.5006	35.38	35.4126	35.429300000000005	35.4746	35.5246	35.5034	35.565200000000004	35.4359	35.4787	35.477	35.494	35.408	35.4131	35.4713	35.491499999999995	35.592800000000004	35.5154	35.6321	35.6008	35.5195	35.5796	35.5862	35.4944	35.644	35.7858	35.7316	35.8463	35.9752	35.7712	36.0705	35.9121	35.8933	35.966300000000004	36.1555	36.0884	35.9981	36.2704	36.425200000000004	36.3379	36.6374	36.5745	36.7125	36.8417	36.572900000000004	36.987700000000004	37.1575	37.0623	37.4027	37.5638	37.221	37.749700000000004	37.8652	37.5967
Sor-ACeb_003-Ex1-10E-lcwgs-1-3-L3-clmp.r1r2_fastp	46.537299999999995	36.231	36.3387	34.7486	35.6207	34.8003	34.4474	35.2385	35.6421	35.0206	38.115700000000004	37.7184	37.0606	36.765100000000004	36.6617	36.432900000000004	36.6004	36.498999999999995	36.6232	36.778499999999994	36.8072	36.748799999999996	36.7633	36.5072	36.4914	36.397600000000004	36.3519	36.316500000000005	36.502	36.4542	36.6548	36.6145	36.6364	36.4804	36.5385	36.3427	36.3119	36.2674	36.271100000000004	36.2467	36.3401	36.289500000000004	36.283	36.2495	36.1816	36.054	36.044399999999996	35.9293	35.9566	35.9256	36.033	35.9961	36.0892	35.943000000000005	35.9857	35.9084	35.867	35.7539	35.8298	35.8027	35.8606	35.8536	35.866	35.835899999999995	35.8444	35.7325	35.755900000000004	35.6976	35.6593	35.6714	35.7892	35.740100000000005	35.769400000000005	35.7731	35.7442	35.6614	35.7219	35.5687	35.5793	35.632999999999996	35.696600000000004	35.6225	35.719699999999996	35.6398	35.5976	35.565200000000004	35.463899999999995	35.5141	35.5978	35.5169	35.5587	35.4899	35.637299999999996	35.528	35.5572	35.6197	35.565000000000005	35.4831	35.487	35.4931	35.4838	35.5415	35.6132	35.5591	35.626999999999995	35.5531	35.490300000000005	35.4308	35.3944	35.5284	35.6076	35.631	35.702600000000004	35.7671	35.6333	35.7428	35.8127	35.6166	35.6842	35.6797	35.7911	35.822900000000004	35.9739	35.94	36.1317	36.0896	35.9682	36.2604	36.2681	36.0122	36.369099999999996	36.4342	36.3337	36.3889	36.3971	36.8315	36.6976	36.6257	36.890699999999995	37.1521	37.1784	37.0049	37.655899999999995	37.6034	37.8654	37.8519	38.2967	37.8729	38.3855	38.095800000000004
Sor-ACeb_004-Ex1-11E-lcwgs-1-3-L2-clmp.r1r2_fastp	47.382000000000005	36.7309	37.120999999999995	35.818	36.6102	35.8566	35.57	36.49	36.919200000000004	35.9028	39.136700000000005	38.8092	38.0201	37.7248	37.6889	37.4222	37.7954	37.508	37.6578	37.9682	37.9408	37.7597	37.9012	37.589	37.6339	37.5727	37.4646	37.5393	37.716	37.5415	37.8395	37.785000000000004	37.802	37.6675	37.7864	37.5824	37.5907	37.4831	37.5038	37.4271	37.6965	37.4644	37.6019	37.5645	37.5336	37.3703	37.4906	37.2429	37.2682	37.303	37.3997	37.338100000000004	37.522800000000004	37.208999999999996	37.358200000000004	37.3555	37.2953	37.0787	37.2767	37.0406	37.2641	37.1168	37.1463	37.1384	37.1916	36.9775	37.133300000000006	37.0691	37.065	36.9114	37.102000000000004	37.064099999999996	37.0803	36.9893	37.0731	36.960100000000004	37.123400000000004	36.9001	36.9785	36.9724	37.0367	36.8236	37.120599999999996	36.9823	36.9523	37.0056	36.9598	36.8635	37.1903	36.8757	37.0405	37.150800000000004	37.0927	37.0978	37.241099999999996	37.0417	37.2177	37.0978	37.094899999999996	37.1854	37.256699999999995	37.1574	37.2738	37.4972	37.3605	37.3567	37.5906	37.4728	37.5486	37.662600000000005	37.6447	37.674	38.047	37.865300000000005	37.9797	38.1751	38.088100000000004	38.0607	38.4023	38.1589	38.4345	38.691700000000004	38.5992	38.7079	39.1357	38.8086	39.1391	39.461800000000004	39.3412	39.3971	39.8832	39.484700000000004	39.8432	40.2562	40.0462	40.2615	40.8218	40.4182	40.8357	41.363299999999995	41.0481	41.349599999999995	41.9961	41.572199999999995	41.8931	42.580400000000004	42.023500000000006	42.4566	43.1067	42.3118
Sor-ACeb_004-Ex1-11E-lcwgs-1-3-L3-clmp.r1r2_fastp	47.158899999999996	36.6726	37.0225	35.8301	36.5318	35.7361	35.5012	36.473	36.8981	35.9441	39.117200000000004	38.81	37.9801	37.6575	37.6808	37.393	37.7947	37.497	37.6373	37.960899999999995	37.9	37.754599999999996	37.8875	37.5809	37.6288	37.539899999999996	37.471	37.5316	37.756699999999995	37.511	37.8525	37.7658	37.7633	37.6578	37.7766	37.6058	37.575399999999995	37.4237	37.5215	37.4574	37.6886	37.479800000000004	37.5811	37.5645	37.5486	37.3517	37.4805	37.266	37.2919	37.314	37.412600000000005	37.3123	37.4953	37.188700000000004	37.3651	37.3813	37.310700000000004	37.075399999999995	37.2842	37.1091	37.2603	37.1397	37.1689	37.2168	37.2222	36.9861	37.199	37.0988	37.080200000000005	36.9573	37.2396	37.0772	37.1194	37.0827	37.1599	37.0193	37.1684	36.9352	37.0284	37.092999999999996	37.0805	36.86	37.1653	37.0707	36.984	37.076	36.9826	36.9867	37.2747	36.978899999999996	37.1399	37.1714	37.230799999999995	37.125	37.2652	37.1706	37.2992	37.1556	37.182700000000004	37.230799999999995	37.3879	37.2452	37.3545	37.5669	37.5255	37.4655	37.7063	37.5558	37.6913	37.7624	37.7817	37.8142	38.2339	37.9112	38.09	38.3366	38.2078	38.1391	38.570100000000004	38.2639	38.5729	38.8355	38.7801	38.847300000000004	39.2483	39.0713	39.339600000000004	39.588699999999996	39.4905	39.5967	40.003899999999994	39.7806	40.022000000000006	40.5802	40.135	40.6509	40.9727	40.582499999999996	40.9749	41.5565	41.371	41.5482	42.1016	42.001	42.134	42.6935	42.344100000000005	42.7208	43.2703	42.6186
Sor-ACeb_005-Ex1-12E-lcwgs-1-3-L2-clmp.r1r2_fastp	57.1388	49.51	45.597500000000004	46.117799999999995	47.7307	46.4852	45.8598	48.0812	47.2551	46.0214	49.972	49.4043	48.5626	48.9546	47.9124	48.0399	48.9618	47.92	48.1463	49.1112	48.0296	48.0723	48.902	47.7838	47.929899999999996	48.701100000000004	47.6681	47.9879	48.783300000000004	47.7558	48.0253	48.8528	47.9124	48.032000000000004	48.8	47.8216	47.9782	48.705799999999996	47.7815	47.9552	48.7796	47.8214	47.988	48.8059	47.836800000000004	47.9568	48.7767	47.763600000000004	47.9419	48.8093	47.9016	48.0542	48.8913	47.7629	48.1321	48.9413	47.949000000000005	48.1196	49.0102	48.0242	48.303200000000004	49.0633	48.1058	48.4017	49.2147	48.201	48.5543	49.398199999999996	48.518	48.728300000000004	49.7007	48.788399999999996	49.0387	49.9449	49.0716	49.3469	50.3218	49.3486	49.6324	50.6622	49.7413	49.952000000000005	51.1163	50.1367	50.406099999999995	51.558800000000005	50.4999	50.8544	52.0042	50.9278	51.3275	52.4847	51.4886	51.7718	52.925599999999996	51.8532	52.2735	53.34609999999999	52.287499999999994	52.7173	53.8605	52.7052	53.108200000000004	54.3223	53.14529999999999	53.494699999999995	54.7616	53.5289	53.867	55.16	53.9598	54.25919999999999	55.5712	54.2461	54.568799999999996	55.8654	54.5328	54.82939999999999	56.1823	54.8489	55.217000000000006	56.403999999999996	55.08840000000001	55.4067	56.6952	55.2414	55.6362	56.8808	55.455600000000004	55.723800000000004	57.0599	55.6095	55.97689999999999	57.2198	55.871300000000005	56.139300000000006	57.3298	55.9191	56.30650000000001	57.4815	56.117799999999995	56.355599999999995	57.66909999999999	56.189699999999995	56.5982	57.8346	56.298	56.6694	57.815000000000005	56.2374
Sor-ACeb_005-Ex1-12E-lcwgs-1-3-L3-clmp.r1r2_fastp	57.2221	49.7448	45.740199999999994	46.338	47.9791	46.5746	46.0073	48.329299999999996	47.4618	46.2614	50.253	49.675999999999995	48.7991	49.2921	48.1499	48.2837	49.2689	48.1782	48.3906	49.4057	48.2526	48.3072	49.1441	47.9863	48.1681	49.0303	47.910399999999996	48.2851	49.079299999999996	48.0021	48.2883	49.1329	48.1508	48.290499999999994	49.0907	48.0701	48.220800000000004	48.984	48.0536	48.2424	49.085499999999996	48.1184	48.2234	49.0829	48.0877	48.2073	49.0426	48.0549	48.1881	49.095299999999995	48.1557	48.3026	49.161300000000004	48.0327	48.3535	49.2102	48.1965	48.357499999999995	49.257600000000004	48.277	48.5508	49.322	48.3933	48.685	49.422399999999996	48.5017	48.7678	49.6475	48.748599999999996	48.9552	49.9801	49.0645	49.2703	50.1854	49.3166	49.5533	50.5529	49.57	49.8949	50.9081	49.9312	50.16779999999999	51.3432	50.359500000000004	50.6167	51.74999999999999	50.702999999999996	51.104400000000005	52.2523	51.1167	51.53060000000001	52.6687	51.63569999999999	51.957600000000006	53.081	52.0668	52.510999999999996	53.5501	52.48890000000001	52.8571	54.0408	52.911699999999996	53.2577	54.5238	53.3211	53.6573	54.9686	53.664699999999996	54.0223	55.2614	54.0775	54.4381	55.7831	54.3916	54.7504	56.0261	54.728100000000005	54.9492	56.3773	54.9488	55.376999999999995	56.504	55.289500000000004	55.5112	56.8383	55.400499999999994	55.7894	57.0302	55.65330000000001	55.8978	57.182900000000004	55.75	56.092600000000004	57.359899999999996	55.9681	56.245	57.5109	56.108599999999996	56.4201	57.628	56.2418	56.5818	57.881499999999996	56.369499999999995	56.7232	57.985699999999994	56.4365	56.8039	58.0376	56.4242
Sor-ACeb_006-Ex1-1F-lcwgs-1-3-L2-clmp.r1r2_fastp	49.322500000000005	38.6785	39.8797	38.725300000000004	39.638600000000004	38.830999999999996	38.6083	39.535399999999996	39.94	38.6274	42.047000000000004	41.631099999999996	40.8799	40.605000000000004	40.6346	40.292	40.8095	40.379799999999996	40.600500000000004	40.8679	40.765	40.489599999999996	40.8164	40.3956	40.5396	40.4472	40.3521	40.3587	40.672599999999996	40.2746	40.7016	40.623799999999996	40.6107	40.494	40.6824	40.435300000000005	40.5308	40.3393	40.4387	40.2729	40.584900000000005	40.275800000000004	40.469699999999996	40.4683	40.5197	40.2668	40.5501	40.2292	40.3305	40.323100000000004	40.4008	40.261599999999994	40.5612	40.139399999999995	40.408899999999996	40.4488	40.3771	40.0922	40.4843	40.1025	40.381299999999996	40.212199999999996	40.232800000000005	40.231899999999996	40.367599999999996	40.0724	40.3714	40.2612	40.2729	40.0561	40.4018	40.1726	40.309400000000004	40.2061	40.307700000000004	40.1699	40.4499	40.152	40.264	40.334599999999995	40.3735	40.1124	40.521499999999996	40.279399999999995	40.339000000000006	40.446799999999996	40.3337	40.2907	40.777	40.2618	40.5272	40.7051	40.5828	40.523900000000005	40.86	40.624500000000005	40.8148	40.714099999999995	40.8239	40.8287	41.078199999999995	40.7791	41.0661	41.2518	41.1507	41.112500000000004	41.4339	41.3093	41.4345	41.6364	41.627700000000004	41.6076	42.1138	41.7644	41.9611	42.376599999999996	42.180299999999995	42.11	42.7695	42.3157	42.696600000000004	43.0801	42.8733	42.9882	43.6307	43.0499	43.6309	43.9538	43.6496	43.8183	44.4499	43.9896	44.3981	44.900600000000004	44.589800000000004	44.8697	45.476499999999994	45.0976	45.448	46.0019	45.7926	45.9896	46.7217	46.3184	46.6623	47.411500000000004	46.835300000000004	47.2093	48.047200000000004	47.019
Sor-ACeb_006-Ex1-1F-lcwgs-1-3-L3-clmp.r1r2_fastp	49.1811	38.6108	39.8619	38.7274	39.6681	38.6361	38.6077	39.584399999999995	39.9781	38.6263	42.0891	41.6428	40.930699999999995	40.6275	40.6642	40.3357	40.837	40.3904	40.6381	40.8816	40.8158	40.5071	40.8723	40.4035	40.5759	40.4842	40.3903	40.3988	40.7315	40.311	40.7812	40.692299999999996	40.6868	40.529700000000005	40.760600000000004	40.485	40.5677	40.3707	40.5142	40.3708	40.657199999999996	40.3222	40.521499999999996	40.4946	40.5624	40.300399999999996	40.605799999999995	40.2893	40.4146	40.3728	40.472	40.3302	40.6151	40.2089	40.4929	40.5131	40.4396	40.163399999999996	40.557300000000005	40.1793	40.4539	40.254200000000004	40.3076	40.330799999999996	40.4328	40.1337	40.4262	40.3296	40.3099	40.1366	40.5143	40.2665	40.388000000000005	40.2868	40.422000000000004	40.2886	40.5103	40.2395	40.382200000000005	40.4521	40.4784	40.193200000000004	40.6252	40.4136	40.4645	40.5547	40.4442	40.429500000000004	40.8624	40.3446	40.6648	40.787800000000004	40.7057	40.617799999999995	40.9957	40.7402	40.9324	40.8439	40.9136	40.9592	41.2037	40.897299999999994	41.1729	41.4048	41.3269	41.2572	41.605199999999996	41.4683	41.6071	41.8255	41.7868	41.727799999999995	42.255900000000004	41.9444	42.1841	42.5277	42.3327	42.2941	42.896499999999996	42.517500000000005	42.884299999999996	43.3053	43.0561	43.1559	43.8063	43.1449	43.7992	44.1967	43.933499999999995	43.987500000000004	44.7119	44.213	44.6704	45.1899	44.801	45.081500000000005	45.763799999999996	45.278600000000004	45.6925	46.2745	46.0631	46.219300000000004	47.086600000000004	46.4745	46.9916	47.6836	47.1312	47.4871	48.3639	47.370000000000005
Sor-ACeb_007-Ex1-2F-lcwgs-1-3-L2-clmp.r1r2_fastp	49.8469	38.479600000000005	39.4247	38.2875	39.116	38.336999999999996	38.1102	39.1087	39.520300000000006	38.15	41.793400000000005	41.1686	40.3395	40.0403	39.997899999999994	39.8362	40.1931	39.772999999999996	40.0581	40.2633	40.3003	40.0302	40.213100000000004	39.8758	40.0329	39.7963	39.7889	39.825	40.015499999999996	39.7557	40.0514	39.9961	40.0524	39.9854	40.050799999999995	39.861999999999995	39.9175	39.6909	39.8989	39.669	39.9927	39.712199999999996	39.9077	39.9296	39.906000000000006	39.610299999999995	39.9208	39.6858	39.6631	39.664100000000005	39.8028	39.7558	39.8987	39.652	39.7608	39.8585	39.7984	39.544200000000004	39.8493	39.524300000000004	39.8762	39.616	39.665	39.5897	39.778000000000006	39.5258	39.739999999999995	39.633	39.699	39.5148	39.8632	39.5404	39.711	39.6265	39.6549	39.5467	39.809400000000004	39.562999999999995	39.7065	39.7187	39.6916	39.5508	39.8181	39.705200000000005	39.8614	39.8921	39.757999999999996	39.7542	40.0497	39.702	39.9131	39.9758	39.927600000000005	39.9377	40.067099999999996	39.975100000000005	40.2797	40.1703	40.1475	40.2714	40.4726	40.2008	40.3751	40.6489	40.450900000000004	40.5127	40.9782	40.611999999999995	40.7862	40.8045	40.8869	41.1286	41.4377	41.106700000000004	41.485499999999995	41.8018	41.6208	41.5834	42.1632	42.0571	41.9967	42.2811	42.2131	42.4321	42.763400000000004	42.5232	42.8786	43.231700000000004	43.330999999999996	43.382	43.7759	43.6654	44.2603	44.575199999999995	44.1834	44.971	45.143899999999995	44.6295	45.2949	46.1248	45.6854	45.8374	46.212399999999995	46.2619	47.0354	47.129599999999996	46.651900000000005	47.1945	48.1287	46.393699999999995
Sor-ACeb_007-Ex1-2F-lcwgs-1-3-L3-clmp.r1r2_fastp	49.5232	38.4553	39.3688	38.1815	39.1155	38.1255	38.0871	39.2836	39.4275	38.1125	41.748000000000005	41.1639	40.3018	40.1034	40.0585	39.696799999999996	40.196799999999996	39.7949	40.1791	40.200599999999994	40.2106	39.9303	40.2304	39.8283	39.984199999999994	39.9069	39.7233	39.778999999999996	40.1027	39.6776	40.1612	40.050200000000004	40.044999999999995	39.9481	40.1263	39.8358	39.937	39.7424	39.8233	39.7987	40.035399999999996	39.7521	39.903800000000004	39.909800000000004	39.9461	39.705200000000005	39.922000000000004	39.618700000000004	39.7204	39.6661	39.8441	39.7652	39.935900000000004	39.6388	39.8916	39.838499999999996	39.878099999999996	39.5064	39.85	39.5455	39.8231	39.658	39.6932	39.6374	39.7908	39.5638	39.7624	39.7283	39.7497	39.574999999999996	39.8166	39.5861	39.75	39.757	39.6813	39.569900000000004	39.784000000000006	39.7082	39.669900000000005	39.654	39.7039	39.6128	39.9054	39.8696	39.8868	40.003499999999995	39.7889	39.773599999999995	40.0751	39.6126	40.0934	40.1629	40.0552	40.0692	40.124900000000004	40.076499999999996	40.1134	40.240500000000004	40.3899	40.3108	40.5595	40.3155	40.3241	40.676	40.5122	40.5701	40.8609	40.8356	40.8508	41.139900000000004	41.2166	40.7624	41.492000000000004	41.2412	41.6207	41.9321	41.794599999999996	41.6709	42.2425	41.8512	42.099	42.5764	42.5084	42.4201	42.9604	42.5822	43.4717	43.5321	43.6189	43.4324	44.0437	43.9114	44.2204	44.6398	44.0878	44.6073	45.2848	44.7198	45.364900000000006	46.0542	45.5991	45.7952	47.0904	46.0505	46.880500000000005	47.6513	46.9482	47.3171	48.5494	47.246500000000005
Sor-ACeb_008-Ex1-3F-lcwgs-1-3-L2-clmp.r1r2_fastp	48.0352	35.684900000000006	36.0711	34.1975	34.881099999999996	34.06	33.7364	34.6922	35.0069	34.2216	37.6415	37.1528	36.4075	36.1108	35.9799	35.7304	35.9404	35.8547	35.9928	36.119299999999996	36.1631	36.1162	36.0833	35.8379	35.8147	35.7108	35.653600000000004	35.6378	35.7938	35.7516	35.9206	35.9214	35.9556	35.8269	35.828900000000004	35.659400000000005	35.647	35.5415	35.528	35.5095	35.6571	35.5796	35.6537	35.5874	35.4964	35.383199999999995	35.356	35.2144	35.2467	35.2521	35.3107	35.3189	35.3806	35.2728	35.3035	35.2583	35.2179	35.0997	35.1627	35.0624	35.214800000000004	35.167	35.1516	35.182900000000004	35.1701	35.054	35.0694	35.0287	35.0233	34.9712	35.0622	35.035500000000006	35.0743	35.042899999999996	35.0418	35.0058	35.0063	34.9359	34.9373	34.9422	34.9795	34.9165	34.9628	34.9311	34.9592	34.9152	34.8638	34.8444	34.897099999999995	34.8042	34.9123	34.8944	34.9088	34.893800000000006	34.925200000000004	34.8904	34.843	34.8499	34.8107	34.7925	34.8573	34.7894	34.8709	34.964099999999995	34.9159	34.881	34.888000000000005	34.8965	34.853899999999996	34.9466	34.943999999999996	34.893299999999996	35.0627	35.0365	35.056599999999996	35.1227	35.0157	35.019099999999995	35.2095	35.0688	35.2183	35.28	35.292899999999996	35.338300000000004	35.5524	35.4211	35.6015	35.551100000000005	35.5851	35.6669	35.8507	35.7936	35.9341	36.0835	36.0698	36.1605	36.3241	36.3785	36.5005	36.6693	36.5974	36.965199999999996	37.1838	37.062	37.2871	37.6478	37.5368	37.8488	38.0479	37.769999999999996
Sor-ACeb_008-Ex1-3F-lcwgs-1-3-L3-clmp.r1r2_fastp	47.7708	35.481899999999996	35.938900000000004	34.0612	34.7296	33.7953	33.6063	34.5713	34.915400000000005	34.1144	37.5347	37.0467	36.295100000000005	35.9916	35.881800000000005	35.6319	35.8151	35.754200000000004	35.909400000000005	35.9907	36.061	35.9902	35.9827	35.7443	35.7134	35.5955	35.550399999999996	35.5625	35.6827	35.667500000000004	35.8767	35.8334	35.8761	35.7217	35.7443	35.5836	35.56	35.4479	35.4522	35.484300000000005	35.6145	35.5304	35.5792	35.4933	35.4261	35.3233	35.279500000000006	35.1551	35.196600000000004	35.1836	35.2558	35.2632	35.321999999999996	35.2248	35.255199999999995	35.200900000000004	35.174699999999994	35.0373	35.1126	35.0599	35.1396	35.105	35.127900000000004	35.1822	35.1194	35.0103	35.0411	34.9827	34.9809	34.9341	35.031800000000004	34.9835	35.0312	35.0081	35.0348	34.9665	34.9967	34.9065	34.8906	34.940599999999996	34.9379	34.8699	34.9317	34.8982	34.8926	34.9008	34.8237	34.8219	34.9143	34.7884	34.9127	34.8771	34.8905	34.8798	34.938599999999994	34.8431	34.866200000000006	34.7974	34.7599	34.7156	34.842099999999995	34.8063	34.8365	34.917500000000004	34.875299999999996	34.915600000000005	34.893299999999996	34.8059	34.8646	34.890100000000004	34.868700000000004	34.8507	35.0492	34.985	35.044	35.131	34.999	35.0497	35.1349	35.064	35.1515	35.2532	35.22	35.3794	35.4998	35.4126	35.4556	35.635099999999994	35.471799999999995	35.5838	35.7686	35.7579	35.7654	36.021	36.0501	36.0841	36.350500000000004	36.3309	36.373400000000004	36.621500000000005	36.6303	36.905	37.3039	37.019200000000005	37.3583	37.587399999999995	37.3613	37.6533	37.9225	37.695299999999996
Sor-ACeb_009-Ex1-4F-lcwgs-1-3-L2-clmp.r1r2_fastp	49.0286	37.434	37.427	35.8793	36.9902	36.190099999999994	35.9666	36.6873	37.105	36.5145	39.607	39.174	38.5915	38.239200000000004	38.150600000000004	37.9031	38.1512	37.9637	38.1652	38.172200000000004	38.3583	38.1741	38.2381	37.9889	38.087900000000005	37.8938	37.8676	37.8056	37.9848	37.8023	38.0841	38.0287	38.0697	37.938	37.9234	37.758399999999995	37.7481	37.5892	37.546	37.472899999999996	37.621	37.4394	37.4965	37.424099999999996	37.3387	37.222699999999996	37.180400000000006	37.0263	37.0788	36.9825	37.0666	37.0277	37.0518	36.9754	36.9226	36.9776	36.8825	36.716100000000004	36.845	36.6309	36.7607	36.7491	36.6372	36.728100000000005	36.7033	36.525999999999996	36.622	36.449799999999996	36.558	36.4472	36.5201	36.4238	36.4082	36.464600000000004	36.3703	36.3502	36.4435	36.167	36.268499999999996	36.2862	36.3353	36.2115	36.294900000000005	36.2465	36.0955	36.140299999999996	36.0379	36.1184	36.1851	35.9495	35.9687	36.0654	36.0827	35.9886	35.9726	36.032	35.978500000000004	35.9227	35.8788	35.9596	35.8997	36.0003	35.842600000000004	36.044399999999996	35.836800000000004	35.8689	35.797200000000004	35.821799999999996	35.9273	35.6366	35.9344	35.755700000000004	35.6366	35.9677	35.8586	36.0776	35.5835	35.8272	36.1379	35.774499999999996	35.8874	35.837799999999994	35.773700000000005	35.7331	35.8325	35.9944	36.2796	35.9131	35.9401	35.9444	35.8707	36.071799999999996	36.0749	36.100100000000005	36.058800000000005	36.305	36.1429	36.0978	36.5156	36.8068	36.4353	36.4047	36.8071	37.100899999999996	36.7042	37.2054	37.1853	36.6235	37.3825	37.024699999999996
Sor-ACeb_009-Ex1-4F-lcwgs-1-3-L3-clmp.r1r2_fastp	48.7483	37.1789	37.2189	35.7305	36.8595	35.9411	35.774499999999996	36.5732	36.9799	36.3035	39.5021	38.9981	38.353500000000004	38.0398	38.0201	37.7224	37.9809	37.8221	37.9588	38.0109	38.1177	38.0224	38.1916	37.8736	37.8966	37.8207	37.7499	37.6968	37.8126	37.6939	37.998	37.858999999999995	37.8937	37.769999999999996	37.872699999999995	37.5582	37.5894	37.471199999999996	37.453900000000004	37.2939	37.5648	37.2786	37.3667	37.2727	37.2518	37.096000000000004	37.0946	36.9247	36.8987	36.9307	36.8964	36.9496	36.9426	36.798199999999994	36.809999999999995	36.7729	36.7382	36.5839	36.715900000000005	36.6166	36.6269	36.501099999999994	36.6318	36.5534	36.5998	36.4476	36.4497	36.4037	36.3752	36.3452	36.368	36.3491	36.3543	36.188900000000004	36.2854	36.1656	36.1584	36.2029	36.1124	36.010999999999996	36.1435	36.0675	36.1424	35.9947	36.074	35.9439	35.9283	35.9134	35.9724	35.8008	35.7811	35.8155	35.7027	35.9375	35.6667	35.6539	35.6948	35.6456	35.7306	35.4604	35.5037	35.6554	35.6358	35.557100000000005	35.7195	35.6646	35.7289	35.5439	35.3929	35.5438	35.4654	35.5959	35.4429	35.7849	35.6867	35.4965	35.5967	35.4957	35.5469	35.432399999999994	35.5009	35.566700000000004	35.5796	35.4016	35.6622	34.9143	35.6235	35.2172	35.9077	35.7342	35.7481	35.1869	35.7253	35.4906	35.470800000000004	35.7609	35.8351	35.5542	35.956900000000005	35.865	36.0347	35.9141	35.9086	35.577	36.0709	36.214800000000004	35.904599999999995	35.9353	36.3491	35.8087
Sor-ACeb_010-Ex1-5F-lcwgs-1-3-L2-clmp.r1r2_fastp	49.7791	37.021	38.8575	37.355199999999996	38.2746	37.3957	37.2814	38.1543	38.5806	37.2539	41.0332	40.4966	39.644600000000004	39.3973	39.413599999999995	39.0999	39.542	39.1932	39.4165	39.61	39.6131	39.4243	39.6434	39.2574	39.3851	39.266600000000004	39.2029	39.2327	39.4715	39.1895	39.5668	39.4567	39.4865	39.374900000000004	39.5253	39.2804	39.3704	39.1737	39.2886	39.1457	39.3945	39.1538	39.336	39.2729	39.3238	39.099000000000004	39.2948	39.0165	39.121	39.090599999999995	39.183099999999996	39.08	39.299499999999995	38.9613	39.1684	39.1731	39.1122	38.8842	39.161	38.8581	39.122299999999996	38.934999999999995	38.9757	38.9906	39.0547	38.7905	39.0364	38.9186	38.9498	38.7667	39.0249	38.859100000000005	38.9588	38.866299999999995	38.9388	38.8265	39.0031	38.783699999999996	38.8688	38.8957	38.9384	38.7146	39.0098	38.853100000000005	38.8808	38.9236	38.8553	38.817800000000005	39.1412	38.7761	39.009	39.0785	39.0167	38.9772	39.2046	38.989000000000004	39.184400000000004	39.0556	39.1058	39.1306	39.3038	39.09	39.3015	39.4702	39.3806	39.3767	39.6268	39.4913	39.5791	39.7526	39.717999999999996	39.7354	40.117399999999996	39.873	40.061600000000006	40.338	40.1759	40.1661	40.6474	40.3418	40.6405	40.9109	40.8139	40.93	41.4076	41.0252	41.4416	41.6807	41.6068	41.672599999999996	42.1633	41.8293	42.1515	42.5845	42.3089	42.6599	43.119	42.7873	43.1911	43.7051	43.4336	43.6775	44.2877	43.9776	44.3131	44.8141	44.4565	44.8674	45.4403	44.717
Sor-ACeb_010-Ex1-5F-lcwgs-1-3-L3-clmp.r1r2_fastp	49.5913	36.8817	38.771899999999995	37.289899999999996	38.2058	37.128499999999995	37.193599999999996	38.1222	38.5405	37.2038	40.9964	40.4609	39.6082	39.3585	39.380500000000005	39.0596	39.5021	39.1611	39.385799999999996	39.5732	39.5753	39.3912	39.6088	39.2132	39.3609	39.2534	39.1793	39.2237	39.4463	39.1821	39.5873	39.4513	39.4756	39.3794	39.516400000000004	39.2737	39.3704	39.1679	39.2843	39.1823	39.4394	39.1533	39.3356	39.2689	39.315	39.1078	39.2932	39.028800000000004	39.1304	39.1062	39.1888	39.0968	39.299099999999996	38.9713	39.197199999999995	39.177299999999995	39.1233	38.9015	39.163	38.921299999999995	39.1325	38.9566	39.0136	39.047599999999996	39.0715	38.8148	39.048500000000004	38.933299999999996	38.945299999999996	38.7929	39.093	38.8897	38.9865	38.893699999999995	38.9937	38.8582	39.0276	38.817299999999996	38.8955	38.973400000000005	38.9558	38.7612	39.0404	38.9075	38.9166	38.959500000000006	38.8822	38.872800000000005	39.165299999999995	38.8048	39.0655	39.1079	39.051	39.0268	39.237300000000005	39.0374	39.2284	39.1054	39.1604	39.1816	39.338899999999995	39.144800000000004	39.3476	39.5042	39.428200000000004	39.4225	39.6633	39.5362	39.6499	39.801199999999994	39.7616	39.7934	40.1811	39.9208	40.157	40.3938	40.2417	40.2292	40.6885	40.4058	40.7021	40.9719	40.8395	41.0022	41.442299999999996	41.0865	41.4854	41.7693	41.6616	41.7449	42.2369	41.8843	42.2252	42.6706	42.3624	42.723299999999995	43.2049	42.8767	43.2697	43.768	43.5233	43.762	44.379000000000005	44.0512	44.3919	44.8976	44.5351	44.9394	45.5642	44.8502
Sor-ACeb_011-Ex1-6F-lcwgs-1-3-L2-clmp.r1r2_fastp	62.5042	50.922900000000006	48.1819	48.6864	50.5649	48.9302	48.5485	50.6939	49.7854	48.9502	53.33520000000001	52.4232	51.9324	52.1442	50.942699999999995	51.1363	51.971599999999995	50.8814	51.235699999999994	51.971999999999994	50.8217	51.069900000000004	51.8045	50.5745	50.9348	51.583400000000005	50.5437	50.8803	51.6408	50.5509	51.0239	51.70360000000001	50.631099999999996	50.9448	51.6737	50.5408	50.9162	51.5587	50.5374	50.8513	51.670700000000004	50.566	51.0167	51.639900000000004	50.6293	50.899899999999995	51.6868	50.6004	51.0458	51.6822	50.751999999999995	51.0496	51.864900000000006	50.7896	51.2351	51.9217	50.9265	51.2567	52.053000000000004	51.04260000000001	51.4942	52.186699999999995	51.2533	51.67	52.457100000000004	51.3775	51.871900000000004	52.595099999999995	51.6317	51.9953	52.8881	51.7855	52.2891	53.0079	52.085899999999995	52.4516	53.2894	52.239000000000004	52.7316	53.4834	52.4683	52.876999999999995	53.7264	52.681999999999995	53.1563	53.9368	52.9218	53.3346	54.1856	53.1161	53.538399999999996	54.36299999999999	53.3347	53.7668	54.588899999999995	53.482	53.97840000000001	54.7595	53.7133	54.1451	55.010999999999996	53.8639	54.3211	55.1261	54.0061	54.4868	55.298899999999996	54.2022	54.6307	55.4603	54.358200000000004	54.7941	55.6288	54.4693	54.946	55.753299999999996	54.593199999999996	55.058099999999996	55.8643	54.746700000000004	55.224799999999995	56.031	54.856	55.2884	56.142199999999995	54.951499999999996	55.382	56.198899999999995	55.03320000000001	55.4064	56.308800000000005	55.164500000000004	55.561099999999996	56.4122	55.2794	55.6396	56.5387	55.314600000000006	55.754599999999996	56.573499999999996	55.4597	55.9006	56.743900000000004	55.5546	55.99570000000001	56.867599999999996	55.5746	56.1118	56.9041	55.5305
Sor-ACeb_011-Ex1-6F-lcwgs-1-3-L3-clmp.r1r2_fastp	62.5571	50.9818	48.2183	48.7872	50.658899999999996	48.3803	48.5376	50.8414	49.8836	49.0763	53.5096	52.623200000000004	52.09589999999999	52.33330000000001	51.1043	51.2934	52.1514	51.0244	51.3907	52.134499999999996	50.9737	51.2297	51.961999999999996	50.711099999999995	51.0772	51.7502	50.69669999999999	51.055499999999995	51.83259999999999	50.7171	51.196799999999996	51.898999999999994	50.7824	51.1092	51.859100000000005	50.699099999999994	51.0923	51.7187	50.6984	51.0447	51.8606	50.7354	51.166900000000005	51.794	50.769299999999994	51.044500000000006	51.855	50.751900000000006	51.1778	51.856199999999994	50.8837	51.207100000000004	51.9972	50.9342	51.3767	52.0651	51.044999999999995	51.38549999999999	52.21130000000001	51.2027	51.61750000000001	52.3454	51.40090000000001	51.841300000000004	52.595800000000004	51.5091	51.9772	52.72710000000001	51.718399999999995	52.1068	53.0555	51.8948	52.37389999999999	53.1355	52.2009	52.5525	53.4147	52.340399999999995	52.8081	53.6419	52.5587	52.944500000000005	53.82789999999999	52.8038	53.227999999999994	54.0295	52.983599999999996	53.397099999999995	54.2477	53.144000000000005	53.6197	54.4367	53.384	53.8167	54.6746	53.5178	54.0077	54.8277	53.7662	54.171800000000005	55.0593	53.9291	54.36149999999999	55.1555	54.046099999999996	54.49810000000001	55.339499999999994	54.2192	54.6578	55.51859999999999	54.379200000000004	54.768499999999996	55.6692	54.5138	54.9816	55.7707	54.61129999999999	55.0798	55.8963	54.75410000000001	55.230900000000005	56.01429999999999	54.8835	55.2906	56.137499999999996	54.931200000000004	55.37069999999999	56.239	55.0554	55.42209999999999	56.3523	55.1774	55.549499999999995	56.4052	55.278499999999994	55.6252	56.5676	55.2965	55.7461	56.61000000000001	55.4518	55.8825	56.7319	55.549099999999996	55.9815	56.9057	55.5746	56.1299	56.9122	55.6192
Sor-ACeb_012-Ex1-7F-lcwgs-1-3-L2-clmp.r1r2_fastp	48.4071	35.7633	36.991800000000005	35.341499999999996	36.1007	35.1321	34.972500000000004	35.3241	35.945100000000004	35.2145	38.513799999999996	38.1433	37.430600000000005	37.1202	37.2025	36.7814	37.236999999999995	36.8921	37.0349	37.373400000000004	37.344899999999996	37.2018	37.3351	36.9927	37.0527	36.9014	36.8308	36.8935	37.0628	36.859199999999994	37.2485	37.1485	37.1848	37.1124	37.2469	37.0337	37.0867	36.8935	36.9852	36.8444	37.0989	36.910199999999996	37.091	37.0433	37.0784	36.9101	37.0006	36.741099999999996	36.7984	36.7923	36.9375	36.876799999999996	37.0143	36.7403	36.9369	36.9391	36.914	36.6641	36.8797	36.6398	36.8596	36.6687	36.7271	36.761300000000006	36.735800000000005	36.540299999999995	36.801	36.601299999999995	36.6432	36.5013	36.672900000000006	36.560700000000004	36.6608	36.544	36.6596	36.539899999999996	36.7076	36.4933	36.577	36.548199999999994	36.629	36.376999999999995	36.6483	36.54	36.5047	36.5485	36.4846	36.4741	36.7786	36.4474	36.6359	36.6362	36.6454	36.6039	36.7657	36.6161	36.7915	36.620799999999996	36.6802	36.708200000000005	36.7449	36.5712	36.7526	36.8963	36.7962	36.8291	36.9809	36.907000000000004	37.0001	37.0606	37.0503	37.0025	37.385600000000004	37.1588	37.3423	37.4899	37.4158	37.3367	37.7474	37.45	37.6656	37.8747	37.832300000000004	37.9152	38.3058	37.9704	38.4165	38.474399999999996	38.5127	38.487700000000004	38.8035	38.5861	38.8873	39.3224	38.9182	39.362	39.598499999999994	39.4111	39.738800000000005	40.082699999999996	39.9546	40.2236	40.6956	40.366099999999996	40.775299999999994	41.1507	40.7706	41.3247	41.722300000000004	41.0334
Sor-ACeb_012-Ex1-7F-lcwgs-1-3-L3-clmp.r1r2_fastp	48.2476	35.627399999999994	36.9122	35.2645	36.0533	34.9136	34.915400000000005	35.2757	35.9257	35.1566	38.4851	38.1089	37.3955	37.072300000000006	37.1496	36.7387	37.2052	36.8588	37.0037	37.3015	37.312400000000004	37.1477	37.2853	36.9279	37.0365	36.8723	36.7991	36.845800000000004	37.0529	36.816500000000005	37.254	37.1258	37.1622	37.079499999999996	37.2381	37.0079	37.0582	36.8349	36.9871	36.8632	37.1132	36.9058	37.081199999999995	37.0163	37.0757	36.8897	36.993700000000004	36.7493	36.8083	36.782399999999996	36.9427	36.8723	37.0111	36.6989	36.9672	36.931000000000004	36.9186	36.6273	36.897400000000005	36.644	36.8757	36.6433	36.7607	36.7916	36.7323	36.5421	36.790299999999995	36.6125	36.6452	36.4816	36.719	36.6022	36.6703	36.561	36.690400000000004	36.5458	36.7271	36.5157	36.5912	36.6096	36.649100000000004	36.4242	36.6655	36.5706	36.5587	36.587599999999995	36.536	36.510799999999996	36.8006	36.4693	36.7158	36.6871	36.6731	36.669200000000004	36.818	36.6725	36.865700000000004	36.6836	36.761500000000005	36.747600000000006	36.8232	36.6562	36.835	36.9795	36.8724	36.8841	37.0779	36.9761	37.074400000000004	37.1357	37.1365	37.109500000000004	37.4429	37.242	37.4646	37.5942	37.4941	37.4805	37.8108	37.5745	37.7441	37.9957	37.9397	38.0086	38.372299999999996	38.1019	38.5109	38.6378	38.6374	38.577600000000004	38.9714	38.6855	38.977000000000004	39.3811	39.074	39.4563	39.7512	39.5591	39.9062	40.3013	40.091	40.2985	40.799400000000006	40.5604	40.9788	41.232600000000005	41.0143	41.5009	41.8506	41.303
Sor-ACeb_013-Ex1-8F-lcwgs-1-3-L2-clmp.r1r2_fastp	53.205400000000004	42.7054	41.5277	41.2579	42.4916	41.3408	41.0133	42.3996	42.3026	41.3104	45.0181	44.6133	43.813	43.849700000000006	43.2513	43.1686	43.8788	43.1281	43.319	44.0096	43.3704	43.4292	43.898900000000005	43.0868	43.246	43.5637	42.9107	43.2195	43.6415	43.015	43.403000000000006	43.7575	43.2307	43.3273	43.7181	43.091499999999996	43.2549	43.514	43.0647	43.147999999999996	43.6664	43.0689	43.2648	43.6368	43.1587	43.1504	43.6091	42.952400000000004	43.0983	43.5599	43.1436	43.2923	43.7867	43.0364	43.3776	43.8403	43.2318	43.281	43.8767	43.2089	43.559599999999996	43.8872	43.4261	43.6993	44.1089	43.4833	43.8834	44.2699	43.812200000000004	43.9369	44.562200000000004	44.018499999999996	44.330799999999996	44.8033	44.387100000000004	44.589	45.2882	44.6154	44.9429	45.573	45.049499999999995	45.1736	46.076499999999996	45.4467	45.7266	46.4617	45.8499	46.2171	47.0794	46.272999999999996	46.8142	47.5602	46.946	47.3036	48.178	47.4397	47.957899999999995	48.612100000000005	47.9981	48.46	49.3046	48.4732	49.0494	49.9471	49.176500000000004	49.5643	50.575	49.7347	50.2097	51.124	50.3215	50.734100000000005	51.8316	50.8409	51.3604	52.3505	51.4356	51.831700000000005	52.9466	51.8924	52.4785	53.45609999999999	52.4785	52.8921	54.00129999999999	52.872699999999995	53.4925	54.453700000000005	53.3936	53.8108	54.913900000000005	53.7522	54.2662	55.290499999999994	54.1735	54.6313	55.7294	54.516	55.022999999999996	56.077999999999996	54.8979	55.372600000000006	56.4905	55.198499999999996	55.7743	56.786899999999996	55.462900000000005	55.95869999999999	57.0209	55.4809
Sor-ACeb_013-Ex1-8F-lcwgs-1-3-L3-clmp.r1r2_fastp	53.045500000000004	42.567899999999995	41.424299999999995	41.199200000000005	42.4277	40.68	40.8408	42.3908	42.2765	41.287600000000005	45.0304	44.636199999999995	43.8263	43.8816	43.2626	43.1622	43.8818	43.1386	43.3272	44.0196	43.3992	43.448100000000004	43.9312	43.1221	43.2789	43.606899999999996	42.9598	43.2596	43.7031	43.0769	43.4832	43.8247	43.3033	43.3786	43.7946	43.1488	43.2914	43.573499999999996	43.1376	43.2658	43.7893	43.1455	43.3161	43.6948	43.2263	43.1983	43.6655	43.028	43.152699999999996	43.6297	43.1975	43.3421	43.8365	43.0909	43.4491	43.9018	43.2902	43.3245	43.9351	43.3414	43.5931	43.9493	43.5075	43.8081	44.1414	43.5347	43.932300000000005	44.317499999999995	43.8154	43.9693	44.692	44.0857	44.3712	44.8755	44.483	44.6268	45.350699999999996	44.6618	44.989200000000004	45.7192	45.1126	45.2322	46.142300000000006	45.563700000000004	45.7714	46.555600000000005	45.9182	46.294999999999995	47.1576	46.3419	46.9011	47.6265	47.015299999999996	47.3921	48.2424	47.5308	48.005900000000004	48.6962	48.0802	48.5126	49.3659	48.5644	49.0897	50.0505	49.263400000000004	49.6257	50.663199999999996	49.824600000000004	50.2858	51.2494	50.4034	50.8112	51.9265	50.9486	51.4698	52.4424	51.5323	51.9139	53.037800000000004	51.9903	52.561	53.559999999999995	52.556099999999994	52.964800000000004	54.0851	52.9547	53.5232	54.5948	53.492399999999996	53.8642	54.9898	53.8304	54.32599999999999	55.3824	54.2321	54.6891	55.7907	54.5577	55.0663	56.1357	54.97149999999999	55.4027	56.54169999999999	55.2604	55.786100000000005	56.8643	55.5622	56.0146	57.064899999999994	55.63940000000001
Sor-ACeb_014-Ex1-9F-lcwgs-1-3-L2-clmp.r1r2_fastp	49.9963	37.2756	38.3315	36.8958	37.871	36.872	36.6508	37.621	38.040800000000004	36.855900000000005	40.6947	40.255	39.4202	39.1335	39.0669	38.746900000000004	39.2542	38.8356	39.044200000000004	39.3973	39.2939	39.1378	39.3581	38.9168	39.0086	38.961	38.7694	38.8838	39.1364	38.8033	39.2091	39.1916	39.1219	38.9973	39.1949	38.8757	38.972	38.8404	38.867200000000004	38.7516	39.0837	38.7641	38.9664	38.9325	38.8913	38.676500000000004	38.9028	38.5459	38.6216	38.7144	38.7404	38.683099999999996	38.948100000000004	38.5039	38.742900000000006	38.825500000000005	38.6597	38.432500000000005	38.785799999999995	38.4304	38.7044	38.596599999999995	38.5582	38.636199999999995	38.701	38.385999999999996	38.6521	38.5992	38.557900000000004	38.422200000000004	38.7519	38.5499	38.6901	38.6873	38.7023	38.6222	38.9108	38.5855	38.7147	38.8624	38.8143	38.6384	39.095600000000005	38.865	38.921	39.1015	38.9566	39.0174	39.5022	39.0313	39.312599999999996	39.568799999999996	39.4228	39.4899	39.8662	39.6	39.8393	39.8782	39.807500000000005	39.976800000000004	40.2796	39.9816	40.3125	40.6973	40.4874	40.602	41.0687	40.8115	41.0129	41.369699999999995	41.2566	41.361399999999996	42.0097	41.5608	41.9267	42.4325	42.1245	42.24	42.9396	42.507600000000004	42.8791	43.4174	43.1986	43.3959	44.1207	43.6047	44.107600000000005	44.654700000000005	44.3698	44.5049	45.3305	44.7618	45.2189	45.9594	45.452799999999996	45.9022	46.635	46.0376	46.6012	47.272999999999996	46.8434	47.2116	48.1168	47.503	47.9724	48.7751	48.0704	48.5481	49.451699999999995	48.321
Sor-ACeb_014-Ex1-9F-lcwgs-1-3-L3-clmp.r1r2_fastp	49.8238	37.1357	38.2301	36.8126	37.796400000000006	36.4951	36.5218	37.579	37.9949	36.815999999999995	40.6655	40.2287	39.3992	39.095400000000005	39.0371	38.7007	39.217999999999996	38.807199999999995	39.0322	39.3735	39.284400000000005	39.117000000000004	39.334799999999994	38.898500000000006	39.0032	38.9593	38.757799999999996	38.8947	39.1392	38.8236	39.249	39.2058	39.137899999999995	39.0115	39.222699999999996	38.8831	38.9838	38.8523	38.883	38.825500000000005	39.155699999999996	38.7941	38.9999	38.9508	38.919599999999996	38.7068	38.931	38.5859	38.6544	38.7515	38.7801	38.7252	38.9771	38.541799999999995	38.8117	38.864900000000006	38.7034	38.4828	38.8318	38.5294	38.745200000000004	38.6476	38.6377	38.7347	38.7448	38.4327	38.7003	38.636700000000005	38.5677	38.4904	38.871	38.6119	38.7402	38.7494	38.8004	38.675599999999996	38.9692	38.6472	38.763799999999996	38.9771	38.8614	38.7233	39.1524	38.9739	38.999	39.1884	39.0142	39.093	39.5521	39.093	39.4138	39.622299999999996	39.4913	39.570699999999995	39.9164	39.652	39.9049	39.9657	39.8881	40.0364	40.3545	40.0655	40.3812	40.7868	40.5537	40.67	41.1481	40.8845	41.093	41.4601	41.3163	41.4333	42.092800000000004	41.661	42.036	42.5186	42.2039	42.347699999999996	43.0286	42.5963	42.9927	43.519000000000005	43.292500000000004	43.506699999999995	44.2336	43.7044	44.1852	44.791399999999996	44.4697	44.6078	45.4237	44.863	45.3227	46.076299999999996	45.5287	45.9927	46.7487	46.1494	46.7081	47.3992	46.9529	47.326299999999996	48.226200000000006	47.584199999999996	48.066199999999995	48.8901	48.1774	48.661500000000004	49.5892	48.5452
Sor-ACeb_015-Ex1-10F-lcwgs-1-3-L2-clmp.r1r2_fastp	50.0907	36.9627	38.2534	36.809599999999996	37.6231	36.810900000000004	36.6116	37.5931	38.0038	36.7761	40.6029	40.0848	39.1106	38.8824	38.8075	38.5273	38.9527	38.6607	38.78	39.0604	39.0396	38.8962	39.0305	38.7007	38.769999999999996	38.7158	38.5669	38.621100000000006	38.8497	38.5805	38.9705	38.9088	38.880700000000004	38.806200000000004	38.9557	38.7129	38.798700000000004	38.6125	38.6612	38.5934	38.8405	38.638099999999994	38.7945	38.764900000000004	38.7627	38.5996	38.744099999999996	38.4697	38.5249	38.5446	38.6678	38.601600000000005	38.8066	38.481500000000004	38.6685	38.711	38.6136	38.4262	38.658300000000004	38.3645	38.6616	38.4898	38.502900000000004	38.5428	38.6063	38.3513	38.6021	38.5054	38.5137	38.3467	38.6226	38.479200000000006	38.574799999999996	38.5006	38.5955	38.466	38.6582	38.4173	38.5141	38.5456	38.602199999999996	38.3539	38.7119	38.5766	38.5976	38.675599999999996	38.5546	38.5869	38.964	38.5146	38.785599999999995	38.866499999999995	38.8539	38.8236	39.0826	38.8472	39.080799999999996	39.0074	39.0266	39.0617	39.2252	39.013999999999996	39.2716	39.4598	39.366	39.3964	39.68	39.4992	39.6534	39.750099999999996	39.7965	39.745599999999996	40.2613	40.0409	40.2057	40.4514	40.3962	40.278999999999996	40.879599999999996	40.4187	40.780300000000004	41.1229	41.0711	41.1269	41.7495	41.2764	41.598600000000005	42.0803	41.898	41.8962	42.5232	42.150999999999996	42.4184	43.0041	42.6603	43.0457	43.5062	43.2245	43.4625	44.072	43.757400000000004	44.0396	44.6792	44.421	44.7834	45.3246	45.0267	45.334799999999994	46.043099999999995	45.123200000000004
Sor-ACeb_015-Ex1-10F-lcwgs-1-3-L3-clmp.r1r2_fastp	49.9277	36.8757	38.218999999999994	36.8254	37.6147	36.633700000000005	36.6225	37.617	38.0347	36.7746	40.630500000000005	40.082699999999996	39.1451	38.874399999999994	38.8231	38.5329	38.9789	38.6464	38.8697	39.068599999999996	39.054	38.8952	39.0569	38.6749	38.7951	38.704	38.5745	38.6299	38.8835	38.6445	39.0043	38.934000000000005	38.909	38.8517	38.974399999999996	38.717	38.8025	38.6287	38.718799999999995	38.657599999999995	38.9162	38.6305	38.8286	38.8135	38.808	38.618	38.8048	38.4691	38.588899999999995	38.6319	38.6974	38.632	38.860299999999995	38.5101	38.7458	38.7044	38.656	38.475300000000004	38.6663	38.4568	38.6872	38.523	38.5796	38.644400000000005	38.6392	38.4054	38.630900000000004	38.5075	38.5432	38.3874	38.6667	38.504599999999996	38.5992	38.571299999999994	38.624900000000004	38.5234	38.7533	38.4844	38.604	38.649899999999995	38.6757	38.4648	38.8008	38.6328	38.6597	38.6969	38.6862	38.6857	38.9868	38.594899999999996	38.9011	38.9718	38.9102	38.8763	39.134600000000006	38.9631	39.1668	39.057199999999995	39.141	39.162	39.339200000000005	39.124900000000004	39.3498	39.547900000000006	39.4853	39.506099999999996	39.8046	39.6011	39.813700000000004	39.942	39.9285	39.8671	40.3881	40.1206	40.326699999999995	40.640100000000004	40.5109	40.415600000000005	40.9636	40.574	40.846700000000006	41.171	41.1787	41.2459	41.7858	41.3376	41.7705	42.2527	42.0188	42.0647	42.756499999999996	42.3137	42.6727	43.0898	42.796800000000005	43.2432	43.6269	43.2622	43.6961	44.3072	43.9537	44.371	44.8446	44.588699999999996	44.961	45.658300000000004	45.2949	45.4593	46.304899999999996	45.387100000000004
Sor-ACeb_016-Ex1-11F-lcwgs-1-3-L2-clmp.r1r2_fastp	50.2895	38.921	40.024	38.862	39.6098	38.789699999999996	38.6285	39.9841	40.1588	38.4715	42.4668	41.8748	40.9437	40.6725	40.671600000000005	40.3849	40.8593	40.447100000000006	40.6902	40.9184	40.8956	40.647299999999994	40.949999999999996	40.5214	40.6761	40.578199999999995	40.501	40.4979	40.809200000000004	40.450399999999995	40.8333	40.753499999999995	40.7986	40.604800000000004	40.7933	40.5572	40.6388	40.440599999999996	40.5312	40.3731	40.6966	40.3823	40.5749	40.578199999999995	40.56	40.3581	40.6008	40.2805	40.4051	40.381299999999996	40.457100000000004	40.3136	40.5963	40.2035	40.4194	40.4777	40.3871	40.1462	40.4666	40.1231	40.399499999999996	40.216499999999996	40.2325	40.262100000000004	40.3582	40.0762	40.3074	40.2374	40.254400000000004	40.0391	40.3632	40.171800000000005	40.2795	40.206599999999995	40.2424	40.1234	40.3459	40.0736	40.206399999999995	40.2747	40.272999999999996	40.0348	40.4246	40.2094	40.222	40.3218	40.2015	40.1928	40.5946	40.1124	40.4135	40.5722	40.4308	40.3927	40.6481	40.448299999999996	40.638999999999996	40.5452	40.569100000000006	40.6309	40.8593	40.568599999999996	40.7841	41.0127	40.9358	40.8779	41.1931	41.0963	41.1504	41.341899999999995	41.3158	41.3149	41.7855	41.489	41.6345	42.0019	41.774499999999996	41.7431	42.3174	41.9358	42.2614	42.5968	42.402499999999996	42.559999999999995	43.1055	42.6574	43.0361	43.3523	43.2059	43.3077	43.9358	43.5109	43.7947	44.319399999999995	44.0088	44.3234	44.8748	44.4886	44.8128	45.4022	45.0987	45.1934	46.0274	45.5424	45.926	46.6379	46.1765	46.459	47.187200000000004	46.370400000000004
Sor-ACeb_016-Ex1-11F-lcwgs-1-3-L3-clmp.r1r2_fastp	50.158899999999996	38.8722	39.9904	38.8617	39.645	38.6806	38.618900000000004	40.0111	40.1886	38.4712	42.477199999999996	41.914699999999996	40.9698	40.7068	40.7005	40.4102	40.9045	40.4754	40.7683	40.935100000000006	40.931200000000004	40.6765	40.9737	40.5396	40.7314	40.632200000000005	40.557300000000005	40.5788	40.855599999999995	40.4804	40.933	40.7932	40.8243	40.666000000000004	40.881499999999996	40.6142	40.6875	40.4611	40.5954	40.4301	40.7908	40.432	40.649	40.6223	40.610600000000005	40.4109	40.6562	40.3505	40.4576	40.4388	40.5196	40.413700000000006	40.6618	40.2559	40.512	40.5519	40.476800000000004	40.2055	40.5304	40.2121	40.4852	40.2984	40.3246	40.3688	40.4383	40.1683	40.4006	40.3112	40.3367	40.1104	40.4871	40.2532	40.3795	40.2766	40.3329	40.2333	40.4381	40.1592	40.284	40.385799999999996	40.395900000000005	40.1638	40.482800000000005	40.3067	40.347699999999996	40.4154	40.307700000000004	40.297	40.7194	40.2291	40.5133	40.6333	40.5475	40.5434	40.775	40.5314	40.792899999999996	40.6894	40.7399	40.7611	40.9613	40.719100000000005	40.917500000000004	41.2161	41.0561	41.007	41.3854	41.1977	41.2609	41.5302	41.4062	41.437000000000005	41.9399	41.6948	41.8422	42.1682	41.8898	41.943200000000004	42.4655	42.1139	42.4979	42.6942	42.6261	42.7057	43.240899999999996	42.7863	43.2813	43.6216	43.4409	43.5405	44.088300000000004	43.5901	44.0523	44.466899999999995	44.1454	44.5411	45.034800000000004	44.6533	45.0154	45.6056	45.2963	45.460699999999996	46.2868	45.8277	46.103100000000005	46.7756	46.3115	46.6385	47.3311	46.632
Sor-ACeb_017-Ex1-12F-lcwgs-1-3-L2-clmp.r1r2_fastp	48.7788	38.8695	38.779599999999995	37.851	38.6036	37.9022	37.6718	38.7204	38.988299999999995	37.8305	41.1475	40.7874	39.9433	39.757	39.7016	39.3999	39.8172	39.4558	39.7069	39.8945	39.8358	39.7129	39.9094	39.5274	39.6339	39.5613	39.415099999999995	39.4584	39.725	39.4312	39.7761	39.7248	39.6809	39.561099999999996	39.702	39.4677	39.5341	39.3639	39.4263	39.3211	39.5434	39.320899999999995	39.48	39.4807	39.417699999999996	39.2482	39.4298	39.1614	39.231500000000004	39.240199999999994	39.290000000000006	39.224399999999996	39.4157	39.088499999999996	39.2734	39.3138	39.2122	38.9876	39.2898	38.9874	39.1964	39.0804	39.056200000000004	39.1269	39.1727	38.944	39.134600000000006	39.1044	39.0436	38.8952	39.1575	39.0355	39.0436	39.0655	39.0619	38.9487	39.1526	38.9255	39.0393	39.083	39.0543	38.9171	39.2017	39.0322	38.9965	39.1422	39.0252	39.0107	39.388400000000004	38.9887	39.1823	39.301199999999994	39.1845	39.229	39.4579	39.2499	39.3811	39.3448	39.381	39.4534	39.6063	39.354099999999995	39.5519	39.8001	39.677800000000005	39.6414	39.9303	39.7123	39.8868	40.114	39.998400000000004	40.0171	40.4964	40.2061	40.300000000000004	40.767399999999995	40.5054	40.5336	41.0391	40.637499999999996	40.8992	41.2476	41.105599999999995	41.1968	41.7408	41.382600000000004	41.700900000000004	42.0157	41.830099999999995	41.9827	42.3464	42.131600000000006	42.388799999999996	42.873400000000004	42.5442	42.9281	43.4009	42.9829	43.4225	43.9375	43.5779	43.723600000000005	44.4914	44.1082	44.5096	44.9902	44.5234	44.9121	45.619	44.8467
Sor-ACeb_017-Ex1-12F-lcwgs-1-3-L3-clmp.r1r2_fastp	48.5072	38.7347	38.646	37.7943	38.5176	37.7442	37.6185	38.665	38.9497	37.7892	41.083999999999996	40.7152	39.8801	39.6403	39.6028	39.3498	39.7094	39.399499999999996	39.651399999999995	39.8591	39.766600000000004	39.6292	39.846	39.4848	39.589600000000004	39.4841	39.3837	39.4341	39.6667	39.3674	39.7113	39.6928	39.6445	39.537299999999995	39.687400000000004	39.434599999999996	39.5032	39.3304	39.4009	39.2984	39.532000000000004	39.2756	39.417	39.4067	39.378	39.2444	39.3801	39.1404	39.1969	39.219100000000005	39.2198	39.2221	39.395599999999995	39.0614	39.3006	39.266	39.1735	38.9696	39.2419	39.0062	39.2	39.084799999999994	39.0437	39.142500000000005	39.1397	38.9012	39.1287	39.034200000000006	38.996399999999994	38.9003	39.171800000000005	39.0118	39.065	39.0336	39.0399	38.968	39.1275	38.8789	38.985	39.0917	39.0386	38.8618	39.1468	39.009899999999995	38.995400000000004	39.137499999999996	38.9386	38.9424	39.3563	38.9382	39.196799999999996	39.269999999999996	39.130900000000004	39.1554	39.3626	39.1995	39.340399999999995	39.278400000000005	39.2838	39.3774	39.5065	39.3211	39.4692	39.7139	39.6537	39.5891	39.8769	39.6914	39.7761	39.9857	39.9094	39.909	40.4238	40.1328	40.2528	40.6504	40.4076	40.3681	40.897099999999995	40.5458	40.8682	41.1304	40.9117	41.0878	41.625499999999995	41.144999999999996	41.5479	41.8356	41.653	41.8487	42.2544	42.0039	42.2623	42.7213	42.3555	42.7469	43.111	42.7815	43.2153	43.6982	43.3448	43.734	44.4369	43.8695	44.2402	44.845600000000005	44.3119	44.679	45.421299999999995	44.717
Sor-ACeb_018-Ex1-1G-lcwgs-1-3-L2-clmp.r1r2_fastp	48.4065	37.4194	39.2157	37.9326	38.6445	37.8945	37.6521	38.4844	38.9296	37.7045	40.9861	40.6733	39.9086	39.6705	39.6931	39.394400000000005	39.8141	39.482800000000005	39.656200000000005	39.9135	39.854299999999995	39.6492	39.875	39.515299999999996	39.6278	39.523799999999994	39.449	39.5015	39.7197	39.448	39.8061	39.7324	39.7382	39.6407	39.786300000000004	39.5694	39.623000000000005	39.4795	39.5704	39.423	39.6762	39.455600000000004	39.6061	39.5692	39.612700000000004	39.4159	39.6192	39.365	39.4118	39.4373	39.498400000000004	39.3831	39.6075	39.284400000000005	39.4877	39.5059	39.4463	39.189	39.4743	39.1819	39.427	39.1964	39.2572	39.2654	39.3104	39.0816	39.3174	39.1876	39.2183	39.0134	39.2539	39.129000000000005	39.164	39.0804	39.158100000000005	39.0455	39.2156	38.994099999999996	39.0501	39.1071	39.1153	38.8562	39.1452	38.9974	38.961400000000005	39.0037	38.9156	38.9011	39.2482	38.7963	39.0464	39.0846	39.0347	38.9627	39.1122	38.9735	39.1032	38.9364	39.0404	39.0194	39.1055	38.9366	39.0806	39.190799999999996	39.1364	39.0415	39.284	39.163399999999996	39.215	39.3384	39.2944	39.1796	39.603500000000004	39.346199999999996	39.469	39.6824	39.5494	39.4096	39.8361	39.5607	39.7703	39.9664	39.856700000000004	39.9255	40.2426	39.9414	40.2217	40.3871	40.3621	40.3449	40.6706	40.459	40.6767	41.0227	40.803	41.0223	41.3535	41.096199999999996	41.3536	41.7304	41.6158	41.6446	42.2302	41.9554	42.201100000000004	42.625299999999996	42.2849	42.5476	43.129400000000004	42.320600000000006
Sor-ACeb_018-Ex1-1G-lcwgs-1-3-L3-clmp.r1r2_fastp	48.2247	37.3188	39.151599999999995	37.8855	38.5948	37.7049	37.4861	38.4431	38.9024	37.6637	40.955000000000005	40.6565	39.876	39.6337	39.6624	39.3666	39.7956	39.46	39.6207	39.885	39.8275	39.622	39.847100000000005	39.4842	39.6085	39.5221	39.4284	39.4949	39.7157	39.4206	39.813500000000005	39.7285	39.731	39.6417	39.7904	39.577400000000004	39.6203	39.4606	39.5602	39.4629	39.6909	39.4675	39.596199999999996	39.562000000000005	39.6346	39.4098	39.624700000000004	39.3722	39.4238	39.4409	39.502500000000005	39.3864	39.6131	39.2985	39.5088	39.5174	39.4644	39.205400000000004	39.4908	39.2345	39.4245	39.2248	39.3005	39.3361	39.3215	39.1061	39.3358	39.2117	39.2094	39.029799999999994	39.3208	39.1502	39.191900000000004	39.116	39.2181	39.0714	39.248	39.036	39.0832	39.1829	39.1482	38.8951	39.1807	39.0646	39.0163	39.0484	38.960499999999996	38.9634	39.2688	38.8401	39.097300000000004	39.124700000000004	39.0793	39.009100000000004	39.1697	39.0267	39.1443	39.03	39.079	39.0768	39.1453	39.0015	39.1402	39.266	39.1739	39.097300000000004	39.3465	39.217400000000005	39.293499999999995	39.3919	39.3469	39.2877	39.6807	39.4519	39.565	39.750099999999996	39.622	39.494800000000005	39.8825	39.6378	39.858	40.0494	39.9521	40.0063	40.3405	40.0355	40.3221	40.5138	40.4493	40.4515	40.775800000000004	40.5419	40.7693	41.1161	40.9126	41.1302	41.4412	41.1835	41.458099999999995	41.829100000000004	41.6968	41.7711	42.301899999999996	42.078900000000004	42.3176	42.7579	42.4049	42.6992	43.2253	42.5781
Sor-ACeb_019-Ex1-3G-lcwgs-1-3-L2-clmp.r1r2_fastp	48.5279	36.5617	37.351299999999995	35.8701	36.4556	35.0091	35.4702	35.937400000000004	36.673899999999996	35.823100000000004	39.3793	38.857	37.569599999999994	37.7186	37.3554	36.9433	37.7879	36.9249	37.800200000000004	37.1983	37.5717	37.4288	37.3309	37.3676	37.418600000000005	36.7637	37.2085	36.849399999999996	37.333	37.310500000000005	37.537	37.2003	37.608399999999996	37.0492	37.3157	37.1419	37.0449	37.0026	36.9157	36.8626	37.2406	36.9075	37.4087	37.3755	36.944900000000004	37.129400000000004	37.1451	36.7798	36.9409	36.8051	36.9059	36.538900000000005	37.1907	37.0708	37.1695	36.4768	37.018	37.1935	36.998599999999996	36.315799999999996	37.676500000000004	36.8397	36.9249	36.8118	36.8857	36.6262	37.0326	36.6247	36.2491	36.5543	36.9411	36.3242	36.6973	37.0205	36.9393	36.6479	37.3583	36.5044	37.2419	36.6316	36.729299999999995	36.5388	37.138	36.6158	36.8134	37.1721	36.9356	36.5649	37.6258	36.3915	36.8412	37.7855	36.886799999999994	37.2423	37.1396	37.104	36.7498	36.786	37.2564	38.0104	37.109500000000004	37.498799999999996	36.9516	36.445	37.5983	37.675799999999995	37.119	37.1355	36.7887	37.518499999999996	37.505300000000005	37.5352	36.959599999999995	37.9718	37.4936	38.2241	36.832100000000004	38.2755	38.8245	37.7768	37.309	37.8095	37.3093	38.2979	39.5092	37.1577	40.4501	37.878299999999996	38.423	39.7531	38.9856	37.5776	37.6889	39.137899999999995	38.5099	40.0376	40.4035	40.3418	40.2823	41.6146	40.909099999999995	40.1747	43.2983	42.4495	43.4307	40.4726	41.8343	38.41	41.0279	43.268299999999996
Sor-ACeb_019-Ex1-3G-lcwgs-1-3-L3-clmp.r1r2_fastp	49.053999999999995	36.4625	36.7064	36.5284	36.2977	35.6187	35.7901	35.6912	36.4625	36.370200000000004	39.6664	38.0513	38.104	37.9326	38.0711	37.5503	37.781	37.2404	38.117200000000004	37.6689	37.5569	37.866699999999994	37.0822	37.866699999999994	37.6426	37.3459	36.779	36.838300000000004	36.9965	37.247	38.2754	37.8799	37.1086	37.4901	37.492599999999996	37.4189	37.4187	38.0068	37.1402	38.092	37.2063	37.6775	36.9367	37.7971	36.7078	37.5373	37.292199999999994	37.2342	37.0644	37.189299999999996	37.4305	36.6883	37.5368	37.7519	37.459399999999995	37.1112	37.7583	37.4274	37.235800000000005	37.1021	37.034299999999995	37.2881	36.8084	36.7125	37.871	37.227900000000005	36.9343	37.3211	37.3044	37.3709	36.955	37.493500000000004	37.1337	36.4924	37.842999999999996	37.404399999999995	37.1996	37.377700000000004	36.605	37.0452	37.0197	37.1582	37.5907	37.3097	38.038	36.8421	37.2297	36.8863	37.2573	36.4975	36.8024	37.849500000000006	37.5303	37.2401	37.2523	38.055099999999996	37.2204	38.1331	37.3485	36.9131	35.871399999999994	37.595299999999995	37.038199999999996	36.9407	38.696799999999996	37.2222	38.055699999999995	37.593700000000005	37.8378	37.0017	37.5164	38.0295	39.270300000000006	37.993900000000004	37.114000000000004	39.057199999999995	37.309	38.5705	36.463	38.519	38.2102	36.9469	38.4853	37.724999999999994	40.549800000000005	42.0814	38.3962	41.483	40.1064	38.4444	38.934000000000005	39.711200000000005	37.875	39.418	42.2969	40.204699999999995	38.4733	41.2044	39.9345	42.857099999999996	42.5993	44.2125	39.8785	36.6738	40.265499999999996	43.3875	42.7184	40.0504	42.1466	42.329499999999996
Sor-ACeb_020-Ex1-2G-lcwgs-1-3-L2-clmp.r1r2_fastp	56.7511	47.958	45.2924	44.2687	48.3952	44.745200000000004	45.1955	47.2054	46.752300000000005	44.8474	50.7585	47.6275	47.9986	48.4854	47.679100000000005	46.258500000000005	49.5849	46.5768	47.705799999999996	48.6093	47.639399999999995	46.3862	49.5122	46.495	47.5561	48.113099999999996	47.536	46.5447	49.444	46.516400000000004	47.6907	48.387299999999996	47.5938	46.512	49.3446	46.3277	47.6555	48.0927	47.6698	46.4878	49.3465	46.5553	47.5715	48.154799999999994	47.468700000000005	46.2847	49.1901	46.5996	47.7628	48.0781	47.7262	46.7409	49.4071	46.7695	47.928	48.4379	48.0449	47.1723	49.7303	47.4174	48.4556	48.9998	48.813	47.8601	50.183699999999995	47.9487	49.1606	49.6905	49.2803	48.451499999999996	50.6853	48.8463	49.8216	50.4285	50.063599999999994	49.6249	51.720299999999995	49.8299	50.764399999999995	51.522800000000004	50.841300000000004	50.7506	52.50860000000001	50.804700000000004	51.8467	52.3091	51.7978	51.715599999999995	53.675	51.9933	52.886599999999994	53.39319999999999	52.947	52.69540000000001	54.5956	53.2303	53.8612	54.66760000000001	54.160399999999996	53.815400000000004	55.3355	54.21	54.7951	55.3927	54.941300000000005	54.6879	56.281099999999995	54.9392	55.813900000000004	56.743900000000004	55.7767	55.9184	57.4249	55.883	56.8021	57.366499999999995	56.7331	56.6546	58.174400000000006	56.8173	57.213800000000006	58.211800000000004	57.1037	57.4731	58.9701	57.3452	57.86520000000001	58.75939999999999	57.7759	57.808899999999994	59.50299999999999	58.1762	58.514500000000005	59.305699999999995	58.0021	58.830000000000005	60.3255	58.7649	59.0776	60.087999999999994	58.6338	59.1811	60.20720000000001	59.25280000000001	59.1434	60.796499999999995	59.2876	59.6209	60.6934	58.7896
Sor-ACeb_020-Ex1-2G-lcwgs-1-3-L3-clmp.r1r2_fastp	56.4814	49.0764	44.6065	45.175	48.0284	45.7012	44.4857	48.3042	46.1484	45.814	50.239999999999995	48.7818	47.3682	49.8226	46.967999999999996	47.5157	49.135	47.6437	47.2431	49.9263	47.1884	47.544399999999996	49.0517	47.4771	46.9002	49.3307	47.003099999999996	47.517700000000005	48.8396	47.4464	47.144999999999996	49.593399999999995	46.9915	47.4529	48.9348	47.416000000000004	46.861999999999995	49.462	47.029900000000005	47.6338	48.9086	47.4747	47.126400000000004	49.4173	46.9722	47.5736	48.861399999999996	47.5162	47.1871	49.4591	47.1702	47.8033	49.2967	47.8795	47.5816	49.546600000000005	47.454	48.2286	49.418	48.3864	48.0558	50.2162	48.201899999999995	48.7493	49.8206	48.7897	48.7453	50.8088	48.8485	49.5105	50.5288	49.8466	49.5299	51.5275	49.8194	50.5984	51.49979999999999	50.5693	50.4949	52.455600000000004	50.6147	51.3396	52.526399999999995	51.58540000000001	51.552200000000006	53.178000000000004	51.9606	52.556400000000004	53.290099999999995	52.55760000000001	52.5432	54.049400000000006	53.0139	53.423	54.4655	53.8974	53.703199999999995	55.3595	54.2706	54.4829	55.651700000000005	54.63249999999999	54.895700000000005	56.0515	54.688199999999995	55.5007	56.470200000000006	55.579100000000004	55.8161	57.29880000000001	55.614	56.47109999999999	57.24829999999999	55.898199999999996	56.5006	57.7569	56.3912	57.4843	58.1511	57.3191	57.364000000000004	58.7897	57.3105	57.9226	58.60189999999999	57.6891	57.839	58.9267	57.7894	58.1735	59.654300000000006	58.4291	58.2522	59.527300000000004	58.4095	58.78020000000001	59.8403	58.670100000000005	59.416500000000006	59.89	58.48219999999999	59.43429999999999	60.5855	59.103899999999996	59.7499	60.572700000000005	59.466699999999996	59.8994	60.4541	58.921
Sor-ACeb_021-Ex1-4G-lcwgs-1-3-L2-clmp.r1r2_fastp	50.2131	37.689	39.5355	37.405	37.9898	38.2154	36.7199	37.3799	38.8504	37.146	41.0226	40.2874	39.5689	38.5245	40.0702	39.5271	39.6691	39.009100000000004	40.0451	39.3266	39.736	39.1094	39.8279	39.4519	40.0117	38.6916	39.1679	39.1511	39.9114	39.5522	39.2932	39.3934	39.401799999999994	38.8172	39.818599999999996	38.7021	39.3283	39.3376	38.493	39.3497	39.4373	39.5488	39.6993	38.2692	39.0071	37.9283	38.9843	37.8861	39.2676	38.5978	39.0401	37.7378	39.0504	38.1836	38.6183	38.5755	38.2428	37.3961	39.2393	38.1941	38.289699999999996	39.3156	38.1959	39.0997	38.2086	37.745400000000004	39.626099999999994	38.7835	37.9132	38.5204	38.7014	38.5507	38.007600000000004	38.7874	39.5703	37.9834	38.214999999999996	37.6762	36.9609	38.8994	37.687599999999996	38.228899999999996	38.902300000000004	39.2466	39.0375	38.4409	37.649100000000004	38.1298	38.5627	38.4272	39.576699999999995	39.8888	38.9325	37.5203	38.8232	39.0194	39.4456	38.8521	38.643100000000004	39.2722	38.875	38.8109	39.5689	39.793099999999995	38.5542	38.2061	41.0682	37.6284	39.3895	38.7487	41.465999999999994	39.6834	39.5561	38.968	38.757799999999996	39.332499999999996	40.9925	40.4694	41.2294	39.9061	39.4458	40.8198	40.8236	37.218	41.8972	43.1911	38.3547	39.357	40.625	42.1875	42.038199999999996	41.192099999999996	44.9036	41.269800000000004	43.222899999999996	44.135799999999996	44.16	39.504099999999994	43.2247	42.6259	42.1642	47.5822	42.2846	43.5897	43.9732	41.9355	43.6145	45.5013	45.9459	45.786500000000004
Sor-ACeb_021-Ex1-4G-lcwgs-1-3-L3-clmp.r1r2_fastp	50.90860000000001	38.6357	37.880900000000004	38.160500000000006	37.9927	37.2659	35.7842	38.8035	37.0981	36.8745	40.6206	40.0056	39.4465	39.111000000000004	40.6765	39.5583	40.5368	39.7819	39.6422	39.6422	40.0615	39.4185	40.285199999999996	37.6293	39.334599999999995	39.1389	39.2228	38.8873	40.564699999999995	40.0335	39.5024	39.6981	39.5583	39.395599999999995	37.9243	38.6652	37.7684	39.234	40.062599999999996	38.325199999999995	39.528200000000005	39.0725	38.2619	39.2554	37.1833	40.2196	39.4438	38.709700000000005	38.021300000000004	38.3717	38.6547	38.183	37.567099999999996	40.1789	39.3421	39.5082	36.8596	39.4328	37.4701	40.326499999999996	37.5972	38.326100000000004	38.0066	38.709700000000005	38.7693	38.9336	39.5907	37.515100000000004	39.3639	38.7137	37.9549	39.8148	38.075900000000004	39.1628	37.7151	38.6811	38.5779	38.278	38.6803	39.901199999999996	38.9966	38.9542	40.0	38.5185	38.7015	39.393899999999995	38.738099999999996	39.986	37.5364	37.951800000000006	36.0896	41.3738	38.237700000000004	39.913	36.4865	37.3946	39.961	37.998	37.3812	38.1375	41.3043	41.3507	38.471	39.2811	41.1215	38.75	41.5714	40.3298	39.6579	36.3344	40.5272	39.2427	42.010799999999996	40.9774	41.698800000000006	40.1222	38.806000000000004	43.5955	40.38	38.9027	36.9792	40.8108	37.8917	38.5542	42.8135	41.025600000000004	37.415	38.1295	34.0824	40.7115	40.8907	36.6255	36.3248	40.9692	40.724	40.566	39.2157	38.5417	39.0374	34.806599999999996	41.2429	36.9048	40.4908	42.580600000000004	37.5	41.0959	43.1655	47.3684	42.3077	44.1667
Sor-ACeb_022-Ex1-5G-lcwgs-1-3-L2-clmp.r1r2_fastp	55.45290000000001	43.5602	42.4805	41.8733	43.3168	41.9751	41.7452	43.207499999999996	42.9313	42.1781	46.0864	45.2663	44.7043	44.6548	44.0778	44.0431	44.7701	44.0179	44.4334	44.8563	44.3133	44.3077	44.762800000000006	43.8705	44.0683	44.3565	43.8624	43.9526	44.598	43.892399999999995	44.2922	44.6527	44.0518	44.1411	44.6616	43.878499999999995	44.1671	44.4502	43.974000000000004	44.074799999999996	44.6843	43.9516	44.2717	44.569900000000004	44.0448	44.0777	44.6451	43.8809	44.211800000000004	44.5763	44.1629	44.2917	44.8757	44.1495	44.5075	44.9347	44.3811	44.5031	45.1697	44.4846	44.9114	45.3375	44.8673	45.0992	45.6832	45.0259	45.4608	45.9045	45.437	45.642700000000005	46.3681	45.7473	46.124500000000005	46.693	46.214499999999994	46.4861	47.176	46.46	46.9763	47.525600000000004	47.0286	47.3271	48.1102	47.3547	47.8202	48.5221	47.916599999999995	48.2134	49.084	48.3277	48.856300000000005	49.5613	48.9338	49.2883	50.1526	49.4126	49.8143	50.532999999999994	49.905300000000004	50.33840000000001	51.170700000000004	50.4213	50.8278	51.638600000000004	50.859	51.29280000000001	52.1763	51.3022	51.8513	52.6061	51.82449999999999	52.215999999999994	53.111399999999996	52.168899999999994	52.6812	53.542500000000004	52.6273	53.0452	53.931700000000006	53.0011	53.506299999999996	54.4257	53.4083	53.8537	54.6725	53.650200000000005	54.1043	54.9955	53.882799999999996	54.464	55.306	54.2203	54.7628	55.559999999999995	54.5632	54.8699	55.8102	54.7296	55.1862	56.0226	54.941700000000004	55.4323	56.2736	55.144099999999995	55.645199999999996	56.540400000000005	55.3411	55.7904	56.5814	55.3149
Sor-ACeb_022-Ex1-5G-lcwgs-1-3-L3-clmp.r1r2_fastp	55.74400000000001	43.905300000000004	42.715599999999995	42.2099	43.6581	42.2138	41.9849	43.6383	43.2562	42.540800000000004	46.4677	45.6185	45.1025	45.074	44.4165	44.4219	45.143100000000004	44.3965	44.7873	45.2495	44.621	44.6291	45.1496	44.2798	44.446600000000004	44.722699999999996	44.224799999999995	44.3285	44.9743	44.2975	44.6556	45.091300000000004	44.4144	44.5033	45.0626	44.2284	44.4958	44.8481	44.362899999999996	44.4569	45.1004	44.3428	44.6469	44.9888	44.3893	44.432	44.992399999999996	44.2766	44.577600000000004	44.9858	44.5444	44.6255	45.2663	44.5665	44.8678	45.286500000000004	44.7611	44.8488	45.5778	44.8777	45.263	45.7531	45.259899999999995	45.5111	46.076499999999996	45.4237	45.7962	46.2888	45.8015	46.0563	46.8454	46.130500000000005	46.513799999999996	47.1481	46.6142	46.8781	47.6299	46.8594	47.3451	48.0292	47.3596	47.7252	48.5464	47.8009	48.2275	48.958	48.3238	48.6428	49.5176	48.8149	49.2935	50.034800000000004	49.3354	49.7614	50.5827	49.8112	50.2521	51.0282	50.3097	50.753899999999994	51.605000000000004	50.842	51.237100000000005	52.06849999999999	51.282300000000006	51.7259	52.585800000000006	51.733700000000006	52.1846	53.0285	52.238600000000005	52.60510000000001	53.520500000000006	52.600100000000005	53.09739999999999	53.842	53.0049	53.4454	54.299699999999994	53.3443	53.833299999999994	54.76069999999999	53.769800000000004	54.1141	54.9956	54.005	54.4421	55.3469	54.2311	54.6817	55.64059999999999	54.5529	54.9562	55.8782	54.8023	55.144099999999995	56.0686	54.998999999999995	55.424099999999996	56.2391	55.18769999999999	55.6257	56.5858	55.453399999999995	55.8839	56.7367	55.50659999999999	56.016299999999994	56.903099999999995	55.5763
