Sample	1	2	3	4	5	6	7	8	9	10	11	12	13	14	15	16	17	18	19	20	21	22	23	24	25	26	27	28	29	30	31	32	33	34	35	36	37	38	39	40	41	42	43	44	45	46	47	48	49	50	51	52	53	54	55	56	57	58	59	60	61	62	63	64	65	66	67	68	69	70	71	72	73	74	75	76	77	78	79	80	81	82	83	84	85	86	87	88	89	90	91	92	93	94	95	96	97	98	99	100	101	102	103	104	105	106	107	108	109	110	111	112	113	114	115	116	117	118	119	120	121	122	123	124	125	126	127	128	129	130	131	132	133	134	135	136	137	138	139	140	141	142	143	144	145	146	147	148	149	150
Sor-ACeb_001-Ex1-8E-lcwgs-1-3-L2-clmp.r1r2_fastp	39.3126	39.1311	39.2615	39.3888	39.3439	39.4426	39.434	39.4119	39.4367	39.4391	39.4974	39.4797	39.496	39.4865	39.4763	39.5449	39.5556	39.5537	39.5535	39.5547	39.5653	39.5676	39.538	39.5543	39.5486	39.5427	39.5252	39.5226	39.5174	39.5024	39.4854	39.5012	39.5136	39.5032	39.5005	39.4886	39.4894	39.4522	39.465	39.4515	39.4556	39.4522	39.4415	39.437	39.4222	39.3923	39.4212	39.412	39.4057	39.4078	39.4063	39.3883	39.3699	39.3632	39.3613	39.3564	39.3477	39.3353	39.3336	39.3225	39.2895	39.2906	39.295	39.2922	39.2731	39.2727	39.2769	39.2649	39.2476	39.2313	39.2402	39.235	39.2371	39.2221	39.2171	39.2047	39.1925	39.1793	39.1736	39.1757	39.1566	39.15	39.1465	39.1217	39.0995	39.1027	39.0985	39.0837	39.0712	39.0574	39.0435	39.0294	39.0001	38.9873	38.9835	38.9757	38.9572	38.943	38.9128	38.9057	38.8881	38.848	38.8359	38.8263	38.7912	38.7707	38.7336	38.706	38.6781	38.6446	38.6187	38.5955	38.5582	38.5339	38.5021	38.4711	38.4358	38.3946	38.3285	38.3288	38.3096	38.2725	38.2385	38.2067	38.163	38.131	38.0842	38.0667	38.0508	38.0359	37.9856	37.9728	37.9142	37.9002	37.8721	37.8338	37.8329	37.8304	37.8019	37.7771	37.7647	37.7395	37.6879	37.6961	37.6799	37.7011	37.7536	37.87	38.1108	38.7836
Sor-ACeb_001-Ex1-8E-lcwgs-1-3-L3-clmp.r1r2_fastp	39.2631	39.209	39.5048	39.5708	39.5669	39.405	39.7262	39.6339	39.5306	39.5368	39.595	39.5854	39.5983	39.6147	39.6209	39.6656	39.6576	39.6423	39.6446	39.6432	39.6579	39.6755	39.6682	39.6381	39.6326	39.6392	39.6325	39.6204	39.6205	39.5962	39.5724	39.5785	39.574	39.5717	39.5483	39.552	39.5527	39.5552	39.5671	39.5223	39.5121	39.5313	39.5226	39.5235	39.51	39.4991	39.5199	39.5104	39.5012	39.4894	39.4787	39.4758	39.4668	39.4583	39.4361	39.4527	39.4317	39.4221	39.4282	39.4105	39.3987	39.405	39.3934	39.3677	39.3451	39.3542	39.3528	39.3519	39.3409	39.312	39.2967	39.3239	39.3068	39.2983	39.2786	39.2816	39.276	39.2721	39.2556	39.1662	39.2465	39.221	39.2397	39.2171	39.2052	39.2038	39.1789	39.1814	39.1771	39.1542	39.1361	39.1326	39.1263	39.1096	39.1012	39.0862	39.048	39.0667	39.0472	39.0321	39.0367	39.0073	38.9755	38.9702	38.9492	38.9308	38.9272	38.8945	38.8746	38.8622	38.8469	38.8288	38.8239	38.7929	38.7822	38.7495	38.7243	38.6971	38.6661	38.6635	38.6281	38.6225	38.6012	38.5498	38.5342	38.4968	38.468	38.4314	38.4095	38.3718	38.3576	38.3492	38.3106	38.2314	38.1973	38.1874	38.1736	38.0929	38.0979	38.0287	38.0541	38.0215	38.0022	38.0147	37.9804	37.9951	38.0381	38.1309	38.3745	39.0565
Sor-ACeb_002-Ex1-9E-lcwgs-1-3-L2-clmp.r1r2_fastp	39.2775	39.0969	39.2408	39.3624	39.3247	39.4173	39.4113	39.3895	39.4159	39.4154	39.4716	39.4515	39.4726	39.4647	39.4548	39.5287	39.5389	39.5402	39.5406	39.5438	39.5582	39.5597	39.5333	39.55	39.5435	39.543	39.5283	39.5246	39.5182	39.5082	39.4942	39.5133	39.526	39.5191	39.5181	39.5047	39.5074	39.4724	39.4912	39.4839	39.4814	39.4782	39.4728	39.4735	39.4555	39.4376	39.4638	39.4546	39.4548	39.454	39.4547	39.4378	39.4238	39.4151	39.4163	39.4116	39.4097	39.3952	39.4009	39.3893	39.3649	39.3656	39.375	39.373	39.3564	39.3586	39.365	39.3562	39.3424	39.3318	39.3414	39.3423	39.3422	39.3317	39.3253	39.3185	39.3147	39.2988	39.3036	39.3037	39.2898	39.2829	39.2881	39.2717	39.2563	39.2579	39.2586	39.2492	39.2414	39.2346	39.2313	39.2202	39.2026	39.1929	39.1907	39.1978	39.1796	39.1768	39.1521	39.1555	39.1513	39.124	39.1186	39.1208	39.0913	39.0863	39.0734	39.0478	39.032	39.0097	39.0008	38.9978	38.9781	38.9632	38.9451	38.9258	38.908	38.882	38.8332	38.8503	38.8589	38.8364	38.8232	38.8076	38.794	38.7794	38.7609	38.7518	38.7499	38.7447	38.7293	38.7377	38.7212	38.7044	38.6958	38.7066	38.6943	38.7011	38.7091	38.6939	38.7012	38.6934	38.6602	38.6863	38.6876	38.6919	38.7171	38.7712	38.8364	39.1819
Sor-ACeb_002-Ex1-9E-lcwgs-1-3-L3-clmp.r1r2_fastp	39.2437	39.1569	39.4804	39.557	39.5554	39.3541	39.7116	39.6236	39.5218	39.5204	39.5783	39.574	39.5883	39.6057	39.6154	39.6526	39.6479	39.6318	39.6359	39.638	39.6519	39.6694	39.6636	39.6349	39.6315	39.639	39.6352	39.6266	39.6269	39.609	39.5865	39.5908	39.592	39.5877	39.5632	39.569	39.5699	39.5765	39.5859	39.5523	39.5459	39.5615	39.5507	39.5515	39.5445	39.5386	39.5588	39.5529	39.5459	39.5367	39.5324	39.5251	39.5193	39.5154	39.4979	39.513	39.4971	39.4878	39.5001	39.4803	39.4773	39.4772	39.4745	39.4493	39.4341	39.4441	39.4429	39.4466	39.4325	39.4121	39.3992	39.4263	39.4106	39.4077	39.3914	39.4034	39.3997	39.3927	39.3841	39.2983	39.3765	39.3624	39.3766	39.366	39.3529	39.3575	39.3388	39.3414	39.3439	39.3324	39.3156	39.3183	39.3184	39.3067	39.3057	39.2972	39.2762	39.2887	39.2824	39.2694	39.2767	39.2721	39.2361	39.2474	39.2397	39.2279	39.2295	39.2182	39.1967	39.1951	39.1922	39.1861	39.1914	39.1679	39.1713	39.1549	39.1428	39.1328	39.1176	39.1357	39.1103	39.1163	39.0987	39.0887	39.09	39.0751	39.0633	39.0576	39.0458	39.0085	39.047	39.0429	39.0421	38.9893	38.984	38.9892	39.0005	38.9492	38.9801	38.9195	38.9748	38.9591	38.9785	38.9837	38.977	38.989	38.9873	39.0203	39.1048	39.4373
Sor-ACeb_003-Ex1-10E-lcwgs-1-3-L2-clmp.r1r2_fastp	39.3199	39.1326	39.2836	39.4064	39.364	39.4639	39.4559	39.4248	39.4481	39.4585	39.5129	39.4952	39.5164	39.5066	39.4975	39.5632	39.575	39.5745	39.579	39.5782	39.5898	39.5928	39.5717	39.5857	39.5801	39.5791	39.5647	39.5629	39.5613	39.5494	39.5368	39.5533	39.5618	39.5591	39.5603	39.5486	39.552	39.5201	39.5345	39.5276	39.5279	39.5269	39.5213	39.5196	39.5067	39.4849	39.5082	39.505	39.5051	39.5063	39.5032	39.49	39.4762	39.4716	39.4736	39.4721	39.4651	39.4566	39.4572	39.4493	39.4238	39.4274	39.4355	39.4352	39.4206	39.4215	39.4288	39.4178	39.4071	39.3976	39.4061	39.4118	39.4049	39.4	39.3942	39.388	39.3796	39.3716	39.3711	39.3731	39.3621	39.3629	39.3574	39.3436	39.3243	39.3283	39.3294	39.3206	39.3135	39.3039	39.2977	39.2915	39.2698	39.2635	39.265	39.2597	39.2469	39.2365	39.2144	39.2144	39.2085	39.1783	39.1821	39.1673	39.1432	39.1332	39.1056	39.0823	39.0709	39.042	39.0185	39.0054	38.9825	38.971	38.9382	38.921	38.8878	38.8595	38.7976	38.7938	38.7734	38.7471	38.7221	38.6979	38.6533	38.6034	38.5718	38.5477	38.5437	38.5105	38.4687	38.4377	38.3872	38.3629	38.2991	38.2874	38.2567	38.2305	38.1932	38.1552	38.1209	38.0754	38.0087	38.0041	37.9783	37.9819	38.052	38.128	38.3607	38.9482
Sor-ACeb_003-Ex1-10E-lcwgs-1-3-L3-clmp.r1r2_fastp	39.2518	39.1462	39.4889	39.5661	39.5674	39.3832	39.7285	39.635	39.5387	39.5389	39.5947	39.5915	39.6037	39.6203	39.6305	39.668	39.6614	39.6478	39.6511	39.6513	39.6651	39.6836	39.6795	39.6485	39.6499	39.6569	39.6516	39.6433	39.6455	39.6247	39.6095	39.6142	39.6137	39.6059	39.585	39.5933	39.5957	39.6052	39.614	39.5815	39.5744	39.5873	39.582	39.5816	39.5763	39.5718	39.5891	39.5843	39.5773	39.568	39.5609	39.5615	39.55	39.5524	39.5326	39.5511	39.5331	39.5268	39.5368	39.5226	39.5169	39.5207	39.5188	39.4937	39.477	39.4855	39.4895	39.4926	39.4803	39.4598	39.4493	39.472	39.4611	39.4592	39.4391	39.4499	39.4475	39.4398	39.4352	39.3495	39.4286	39.413	39.4313	39.4154	39.4054	39.4114	39.388	39.3927	39.3921	39.3794	39.3646	39.3675	39.3664	39.3564	39.361	39.3486	39.3262	39.3351	39.3314	39.3139	39.3196	39.3169	39.2813	39.2815	39.28	39.2609	39.263	39.2469	39.2254	39.2145	39.2095	39.1958	39.1949	39.1696	39.1668	39.1464	39.1228	39.1105	39.0867	39.0989	39.0551	39.0524	39.0384	39.014	38.9974	38.9606	38.9486	38.9193	38.888	38.8473	38.8542	38.8246	38.8045	38.7281	38.7056	38.7067	38.6582	38.6001	38.6016	38.537	38.5503	38.539	38.5244	38.503	38.4793	38.4711	38.5117	38.5713	38.7337	39.2545
Sor-ACeb_004-Ex1-11E-lcwgs-1-3-L2-clmp.r1r2_fastp	39.2985	39.1235	39.2575	39.3754	39.3399	39.4349	39.4248	39.3949	39.4217	39.4251	39.4814	39.4641	39.4846	39.4736	39.4674	39.536	39.5467	39.546	39.5497	39.5496	39.5631	39.5675	39.5438	39.5564	39.5534	39.5479	39.5354	39.5311	39.5301	39.5179	39.5057	39.5207	39.535	39.5285	39.5261	39.5161	39.519	39.4831	39.5017	39.4933	39.4961	39.4912	39.485	39.4834	39.4694	39.4466	39.4735	39.4664	39.4678	39.4662	39.4658	39.4511	39.4376	39.4322	39.4322	39.4299	39.4229	39.4121	39.4131	39.4046	39.3802	39.3822	39.3893	39.3884	39.3738	39.3745	39.3825	39.3746	39.3603	39.3507	39.3613	39.362	39.3621	39.3525	39.3473	39.341	39.3296	39.3229	39.3253	39.326	39.3123	39.3092	39.3056	39.2939	39.2753	39.2767	39.2791	39.2718	39.2656	39.2544	39.2458	39.2367	39.218	39.2112	39.2058	39.2055	39.188	39.1828	39.1605	39.1646	39.1553	39.125	39.1238	39.1172	39.0969	39.0838	39.0594	39.0407	39.027	39.0003	38.9844	38.9741	38.9523	38.9369	38.92	38.8925	38.8733	38.8487	38.7891	38.8022	38.7929	38.7682	38.753	38.7428	38.7118	38.6856	38.6632	38.6486	38.637	38.6335	38.6151	38.6142	38.5837	38.5645	38.5435	38.5466	38.5379	38.5357	38.5262	38.5243	38.5152	38.496	38.4469	38.4726	38.4699	38.4842	38.4966	38.5742	38.6787	39.1052
Sor-ACeb_004-Ex1-11E-lcwgs-1-3-L3-clmp.r1r2_fastp	39.2476	39.164	39.48	39.5549	39.5577	39.3667	39.716	39.6241	39.5247	39.5229	39.5827	39.5772	39.5902	39.6072	39.6168	39.6558	39.649	39.6359	39.6388	39.6404	39.6531	39.6721	39.6677	39.6392	39.6395	39.6446	39.6392	39.6311	39.6336	39.6141	39.5937	39.5989	39.6016	39.5938	39.5702	39.5787	39.5797	39.5887	39.5995	39.5601	39.5542	39.5711	39.5646	39.5637	39.5586	39.5512	39.569	39.5631	39.5587	39.5457	39.5433	39.5406	39.531	39.5288	39.5105	39.5286	39.5122	39.5041	39.5127	39.4998	39.4917	39.4956	39.4942	39.4684	39.4511	39.4615	39.4659	39.4643	39.4558	39.4341	39.4194	39.4453	39.4344	39.4325	39.4151	39.4218	39.4207	39.4121	39.4056	39.3188	39.3984	39.3848	39.3972	39.3819	39.3753	39.3764	39.3591	39.3614	39.3576	39.3474	39.3297	39.3312	39.3304	39.3206	39.3189	39.3086	39.2893	39.2975	39.2894	39.2757	39.2822	39.275	39.2403	39.2538	39.2394	39.2253	39.2215	39.2088	39.193	39.1819	39.1805	39.1723	39.1673	39.1502	39.1439	39.1282	39.1165	39.0955	39.0786	39.0913	39.0627	39.067	39.045	39.0301	39.0208	38.997	38.9815	38.9777	38.9466	38.9136	38.9456	38.9437	38.917	38.8718	38.8442	38.854	38.8469	38.7961	38.8198	38.776	38.804	38.8005	38.7812	38.7954	38.7865	38.7798	38.8032	38.8658	38.9648	39.3617
Sor-ACeb_005-Ex1-12E-lcwgs-1-3-L2-clmp.r1r2_fastp	39.2912	39.1092	39.2763	39.372	39.3567	39.4309	39.4216	39.4052	39.4224	39.4141	39.4653	39.4535	39.478	39.469	39.4572	39.5277	39.5376	39.5289	39.528	39.5299	39.5424	39.5433	39.5194	39.5294	39.5299	39.52	39.5062	39.5039	39.4986	39.4903	39.4761	39.4903	39.5031	39.4974	39.4931	39.4798	39.4777	39.4425	39.4624	39.456	39.4538	39.4476	39.4412	39.4383	39.4239	39.4082	39.4284	39.4191	39.4185	39.4153	39.4167	39.3955	39.3842	39.3731	39.3747	39.3701	39.3644	39.3591	39.3568	39.3418	39.3206	39.3173	39.3298	39.3221	39.3081	39.3033	39.3113	39.3032	39.2905	39.2793	39.2915	39.2928	39.2872	39.2789	39.2708	39.2623	39.2511	39.2405	39.2425	39.2461	39.2329	39.2269	39.2271	39.213	39.1925	39.1954	39.1978	39.1935	39.188	39.1765	39.1716	39.1626	39.1428	39.1363	39.1334	39.1374	39.1265	39.1209	39.1001	39.1064	39.094	39.0687	39.0692	39.0691	39.0507	39.0384	39.0203	39.0035	38.9959	38.9777	38.959	38.9538	38.939	38.9306	38.9155	38.9049	38.8949	38.8748	38.823	38.8522	38.8539	38.8407	38.8341	38.8286	38.819	38.8083	38.7938	38.7935	38.8121	38.8079	38.8037	38.8149	38.7998	38.7996	38.7956	38.812	38.8164	38.8272	38.8353	38.8305	38.8444	38.848	38.8068	38.8521	38.854	38.8674	38.8749	38.9144	38.9627	39.2515
Sor-ACeb_005-Ex1-12E-lcwgs-1-3-L3-clmp.r1r2_fastp	39.2375	39.1432	39.478	39.5575	39.5659	39.3169	39.705	39.6254	39.5275	39.5231	39.5815	39.5857	39.6014	39.6164	39.6226	39.6595	39.6539	39.6382	39.6389	39.6348	39.659	39.6696	39.6664	39.6317	39.6415	39.6399	39.639	39.6282	39.6309	39.6154	39.5957	39.6019	39.6047	39.595	39.5671	39.5766	39.5724	39.5823	39.594	39.5578	39.5537	39.5654	39.5583	39.5532	39.5547	39.5452	39.5608	39.5551	39.5524	39.543	39.5363	39.5266	39.5159	39.5193	39.5016	39.5156	39.4987	39.497	39.5024	39.4878	39.4816	39.4812	39.4798	39.4555	39.4324	39.4474	39.4498	39.4484	39.4398	39.4154	39.3967	39.4339	39.4165	39.4141	39.396	39.4055	39.4039	39.3952	39.3893	39.3	39.3825	39.3704	39.3831	39.372	39.362	39.3639	39.3486	39.351	39.3484	39.3388	39.3269	39.327	39.3295	39.3208	39.3159	39.3152	39.2942	39.3032	39.2981	39.2885	39.2927	39.2904	39.2621	39.2704	39.2624	39.2523	39.2586	39.2528	39.2304	39.228	39.2317	39.2235	39.2317	39.2129	39.2149	39.2046	39.1927	39.1879	39.1743	39.199	39.1743	39.1844	39.1745	39.1679	39.1667	39.1554	39.1533	39.1445	39.145	39.1207	39.1561	39.1697	39.155	39.1208	39.106	39.1289	39.1331	39.0871	39.1257	39.0835	39.1312	39.1258	39.1342	39.1554	39.1483	39.1424	39.1547	39.1782	39.2227	39.498
Sor-ACeb_006-Ex1-1F-lcwgs-1-3-L2-clmp.r1r2_fastp	39.2605	39.1406	39.2225	39.2634	39.3429	39.4215	39.4329	39.3723	39.3796	39.364	39.4312	39.4335	39.4565	39.4481	39.4394	39.5092	39.5221	39.5192	39.5222	39.5211	39.5296	39.5291	39.5091	39.5193	39.5174	39.5035	39.4936	39.4926	39.4825	39.4786	39.466	39.4823	39.4954	39.4877	39.4865	39.4742	39.4737	39.4392	39.4591	39.4532	39.4546	39.4505	39.4452	39.4418	39.4255	39.4048	39.4314	39.4224	39.4245	39.4222	39.4256	39.4083	39.3955	39.3869	39.3876	39.3848	39.3767	39.3666	39.3677	39.3555	39.3334	39.3343	39.3437	39.3417	39.3245	39.3251	39.3338	39.3251	39.3111	39.3002	39.3173	39.316	39.3154	39.3042	39.3009	39.2939	39.2813	39.2722	39.2747	39.278	39.2632	39.2623	39.2614	39.2465	39.2267	39.2322	39.2329	39.2251	39.2195	39.2088	39.2005	39.1923	39.1727	39.1658	39.1661	39.1657	39.1509	39.1454	39.1272	39.1257	39.1169	39.0891	39.0872	39.0836	39.0627	39.0495	39.0294	39.0067	38.9921	38.9714	38.9541	38.9426	38.924	38.914	38.8923	38.8742	38.8516	38.8306	38.7773	38.7901	38.7853	38.7625	38.7474	38.7395	38.7112	38.6948	38.669	38.6595	38.663	38.6552	38.6365	38.6335	38.603	38.5965	38.577	38.582	38.5783	38.5777	38.5825	38.5757	38.5647	38.5581	38.5044	38.5384	38.5333	38.5589	38.5678	38.6252	38.7184	39.118
Sor-ACeb_006-Ex1-1F-lcwgs-1-3-L3-clmp.r1r2_fastp	39.3463	39.3267	39.4843	39.4837	39.5632	39.2178	39.7149	39.6214	39.5043	39.4962	39.5536	39.5648	39.5828	39.5972	39.6063	39.6406	39.6372	39.6228	39.6264	39.6252	39.6397	39.6557	39.6506	39.6209	39.6202	39.6219	39.6169	39.6103	39.6043	39.5963	39.5775	39.5798	39.5806	39.5704	39.5463	39.5536	39.552	39.5675	39.5769	39.5374	39.5352	39.5477	39.5434	39.5422	39.5342	39.5254	39.5451	39.5362	39.5344	39.5223	39.5194	39.5152	39.5057	39.5052	39.4841	39.5008	39.4831	39.4762	39.4849	39.4687	39.4639	39.4661	39.4645	39.4377	39.4179	39.4286	39.4317	39.4323	39.4209	39.3988	39.3825	39.4147	39.3978	39.3989	39.3789	39.3894	39.3852	39.3746	39.3687	39.2822	39.3633	39.347	39.365	39.3487	39.3416	39.3445	39.3232	39.3263	39.3248	39.3123	39.2934	39.298	39.2971	39.2888	39.2879	39.2781	39.255	39.2648	39.2575	39.2484	39.2532	39.246	39.2128	39.2194	39.2119	39.1926	39.1967	39.1844	39.1667	39.1563	39.1525	39.1449	39.1449	39.1266	39.1236	39.1045	39.0938	39.0809	39.0602	39.0766	39.0419	39.0458	39.0365	39.0198	39.0119	38.9994	38.9812	38.9724	38.9615	38.9258	38.9501	38.955	38.929	38.8865	38.8559	38.8805	38.8784	38.8258	38.8596	38.8044	38.8451	38.8376	38.8407	38.8613	38.8424	38.8483	38.8643	38.9119	39.002	39.3836
Sor-ACeb_007-Ex1-2F-lcwgs-1-3-L2-clmp.r1r2_fastp	39.2678	39.1583	39.2672	39.3151	39.3932	39.4669	39.4754	39.4157	39.4244	39.4158	39.4794	39.4796	39.4948	39.4911	39.4794	39.5483	39.5567	39.5536	39.5592	39.5596	39.566	39.5694	39.5432	39.5535	39.5547	39.5429	39.5375	39.5385	39.5194	39.5208	39.5039	39.5234	39.5319	39.5219	39.5208	39.5124	39.509	39.4742	39.4917	39.4882	39.491	39.4882	39.4837	39.4785	39.4614	39.4418	39.4609	39.4504	39.4542	39.4511	39.4527	39.4306	39.419	39.3953	39.4027	39.4031	39.3972	39.3802	39.3814	39.3674	39.3436	39.3387	39.343	39.3482	39.3277	39.3247	39.32	39.3048	39.2973	39.2817	39.2974	39.293	39.2902	39.2712	39.2672	39.255	39.2436	39.2341	39.2326	39.2308	39.209	39.2152	39.2002	39.1894	39.1765	39.175	39.1752	39.1634	39.1613	39.1513	39.1378	39.1349	39.1047	39.099	39.0882	39.0919	39.0665	39.0767	39.0432	39.0538	39.0336	39.0076	39.0043	38.9925	38.9626	38.9686	38.9351	38.9129	38.8939	38.8736	38.8441	38.8306	38.8226	38.7974	38.7676	38.7587	38.7404	38.7089	38.6194	38.6512	38.6498	38.6168	38.6041	38.5786	38.5504	38.5135	38.5225	38.4819	38.48	38.5044	38.4821	38.4721	38.4099	38.4123	38.4034	38.4015	38.3936	38.4005	38.3902	38.3793	38.4011	38.3692	38.3509	38.3836	38.3744	38.392	38.3737	38.458	38.5587	39.0043
Sor-ACeb_007-Ex1-2F-lcwgs-1-3-L3-clmp.r1r2_fastp	39.3317	39.2671	39.481	39.4957	39.5906	39.2641	39.7288	39.6492	39.5424	39.5335	39.5801	39.5933	39.6068	39.6242	39.6329	39.665	39.6629	39.6447	39.6481	39.6479	39.663	39.6787	39.6666	39.6429	39.6395	39.644	39.6405	39.6304	39.6298	39.6221	39.5973	39.6095	39.6038	39.5904	39.5696	39.578	39.5796	39.5913	39.6007	39.5622	39.5617	39.5763	39.5618	39.5604	39.5528	39.5439	39.5619	39.5502	39.5501	39.5323	39.5276	39.5303	39.5143	39.5093	39.4859	39.5002	39.48	39.475	39.4777	39.4592	39.4512	39.4455	39.4396	39.4136	39.4035	39.3935	39.4006	39.3959	39.378	39.3523	39.3485	39.3714	39.3481	39.3425	39.3259	39.3335	39.3304	39.3224	39.3059	39.22	39.2989	39.2839	39.286	39.2781	39.2632	39.2775	39.2366	39.2453	39.2281	39.2367	39.2185	39.2003	39.1972	39.1978	39.1899	39.1718	39.1484	39.1724	39.1522	39.139	39.1619	39.1437	39.1125	39.1113	39.0968	39.0792	39.0823	39.0835	39.0505	39.0406	39.0289	39.0282	39.0355	39.0031	39.0222	38.9846	38.9649	38.9558	38.9252	38.9587	38.8896	38.918	38.9225	38.892	38.8974	38.8461	38.8443	38.8463	38.8199	38.7842	38.8085	38.8056	38.7936	38.7548	38.7022	38.7538	38.7206	38.6756	38.6979	38.639	38.6848	38.6835	38.6954	38.694	38.6783	38.6592	38.6676	38.749	38.8769	39.3052
Sor-ACeb_008-Ex1-3F-lcwgs-1-3-L2-clmp.r1r2_fastp	39.3041	39.1857	39.2747	39.3121	39.3914	39.4727	39.481	39.4175	39.4244	39.4156	39.4798	39.4791	39.4993	39.4918	39.4798	39.548	39.5571	39.5539	39.5563	39.5552	39.5606	39.5612	39.5376	39.5476	39.5416	39.5288	39.5187	39.5179	39.5057	39.5041	39.4867	39.5044	39.5147	39.5068	39.5059	39.4922	39.4894	39.4564	39.4751	39.4695	39.4673	39.4644	39.4558	39.4543	39.4363	39.4135	39.4383	39.4307	39.4325	39.432	39.429	39.4143	39.3986	39.3922	39.3919	39.3893	39.3792	39.369	39.3691	39.3601	39.3341	39.3365	39.3416	39.342	39.3228	39.3241	39.3292	39.3192	39.3034	39.2924	39.3025	39.3054	39.3025	39.2924	39.2852	39.2776	39.2628	39.2514	39.2522	39.2533	39.2385	39.237	39.2289	39.2128	39.1914	39.1928	39.1904	39.1811	39.1702	39.1595	39.1468	39.136	39.1103	39.101	39.0945	39.0902	39.0706	39.0582	39.0323	39.0307	39.0114	38.9776	38.9702	38.9609	38.9287	38.9081	38.8797	38.8492	38.8231	38.7929	38.7621	38.7403	38.7042	38.6832	38.6467	38.6126	38.5721	38.5309	38.4645	38.4555	38.428	38.3846	38.3457	38.3142	38.2584	38.2136	38.1699	38.1341	38.1092	38.061	38.0152	37.9929	37.9296	37.8922	37.8385	37.8123	37.7787	37.7447	37.7188	37.6843	37.6548	37.6054	37.5254	37.5103	37.4729	37.4641	37.5063	37.6319	37.9049	38.6806
Sor-ACeb_008-Ex1-3F-lcwgs-1-3-L3-clmp.r1r2_fastp	39.3614	39.3248	39.5117	39.5079	39.5975	39.2961	39.738	39.6492	39.5354	39.5345	39.5885	39.5941	39.6094	39.6232	39.6311	39.6624	39.6571	39.6454	39.6514	39.6504	39.6563	39.673	39.6668	39.64	39.6338	39.6369	39.6322	39.6236	39.6187	39.6093	39.588	39.5943	39.592	39.5791	39.5572	39.5688	39.5644	39.576	39.5849	39.5503	39.5428	39.5568	39.5497	39.5511	39.5409	39.5317	39.549	39.5421	39.5368	39.5249	39.5208	39.5178	39.5078	39.5057	39.4849	39.5027	39.4816	39.4751	39.4832	39.4679	39.461	39.4653	39.4589	39.4342	39.417	39.4243	39.4244	39.425	39.4126	39.389	39.3743	39.4026	39.3864	39.3855	39.3636	39.3733	39.3664	39.3587	39.348	39.2619	39.3394	39.3253	39.3379	39.3232	39.3117	39.3138	39.29	39.291	39.2893	39.2732	39.2538	39.2555	39.2528	39.2393	39.2377	39.2226	39.1997	39.2067	39.1927	39.1804	39.1786	39.1688	39.132	39.1355	39.1192	39.1	39.0956	39.0725	39.0502	39.0352	39.0195	39.0034	38.9948	38.969	38.9478	38.9256	38.901	38.8782	38.8456	38.8376	38.7946	38.7804	38.7532	38.7143	38.6848	38.6559	38.6129	38.5867	38.5468	38.4778	38.4815	38.448	38.4008	38.3212	38.2634	38.2492	38.2263	38.1291	38.1283	38.058	38.0697	38.0234	38.0021	37.9712	37.9329	37.9344	37.9622	38.0735	38.3286	39.019
Sor-ACeb_009-Ex1-4F-lcwgs-1-3-L2-clmp.r1r2_fastp	39.2889	39.1645	39.2731	39.3094	39.3949	39.4754	39.4882	39.4201	39.4351	39.4275	39.4921	39.4904	39.5095	39.5024	39.4943	39.559	39.5735	39.5683	39.5719	39.5705	39.5775	39.5795	39.5583	39.5668	39.5629	39.5542	39.5463	39.5426	39.5363	39.5322	39.5181	39.5376	39.5484	39.5405	39.5366	39.5286	39.5255	39.4937	39.5144	39.512	39.5081	39.505	39.5014	39.5012	39.48	39.4586	39.487	39.4806	39.4814	39.4849	39.4811	39.4669	39.4543	39.449	39.4508	39.4513	39.4381	39.429	39.4328	39.4264	39.4004	39.4039	39.413	39.4121	39.3982	39.3973	39.4013	39.3925	39.3809	39.3716	39.3833	39.388	39.38	39.3753	39.3727	39.3696	39.3505	39.3435	39.3478	39.3552	39.3366	39.3315	39.3268	39.3114	39.29	39.2984	39.3002	39.2942	39.2803	39.2796	39.2724	39.2576	39.2322	39.2244	39.2228	39.2158	39.2177	39.2022	39.1791	39.1753	39.165	39.1282	39.1262	39.1296	39.1168	39.0909	39.0613	39.0353	39.027	38.9936	38.982	38.9484	38.927	38.8974	38.8712	38.8676	38.8418	38.8096	38.7493	38.7524	38.7322	38.709	38.6614	38.6504	38.6113	38.5761	38.5526	38.5184	38.5031	38.4703	38.46	38.4335	38.3926	38.3584	38.3378	38.2918	38.2883	38.2477	38.2322	38.247	38.1811	38.1601	38.1112	38.0715	38.1228	38.1108	38.2014	38.2179	38.3796	38.963
Sor-ACeb_009-Ex1-4F-lcwgs-1-3-L3-clmp.r1r2_fastp	39.3293	39.2612	39.4873	39.4914	39.5859	39.2698	39.7349	39.6428	39.5404	39.5358	39.592	39.594	39.6104	39.6264	39.6361	39.6643	39.6611	39.6437	39.6493	39.6509	39.6617	39.6805	39.6722	39.6448	39.6409	39.6467	39.6424	39.6351	39.6304	39.6243	39.605	39.6127	39.6088	39.5932	39.5787	39.5873	39.5814	39.5959	39.6048	39.5735	39.5699	39.5821	39.5748	39.5752	39.5683	39.5612	39.579	39.5727	39.5697	39.5555	39.5521	39.55	39.5398	39.5422	39.5249	39.5458	39.5245	39.5205	39.5256	39.5144	39.504	39.5094	39.5066	39.4833	39.4734	39.4706	39.4792	39.4768	39.4725	39.4451	39.4321	39.4621	39.4518	39.4525	39.4347	39.4367	39.4316	39.4229	39.4194	39.3304	39.4124	39.399	39.4173	39.3874	39.389	39.3911	39.3661	39.3775	39.3713	39.3612	39.3352	39.3421	39.3397	39.3357	39.3376	39.3153	39.3053	39.3122	39.2906	39.2846	39.2809	39.2753	39.2376	39.2522	39.2315	39.2078	39.2155	39.1901	39.1673	39.1694	39.1454	39.1311	39.1403	39.1293	39.1104	39.0869	39.0804	39.0634	39.0129	39.0304	38.9853	38.9759	38.974	38.9381	38.9384	38.9067	38.8963	38.8614	38.8219	38.7698	38.8255	38.7611	38.7497	38.6679	38.6637	38.6641	38.6286	38.5438	38.5892	38.4883	38.5468	38.4479	38.4894	38.4565	38.4626	38.448	38.5325	38.601	38.7285	39.2702
Sor-ACeb_010-Ex1-5F-lcwgs-1-3-L2-clmp.r1r2_fastp	39.2815	39.1347	39.21	39.2396	39.3061	39.3798	39.3858	39.3354	39.3517	39.3317	39.3858	39.3884	39.4075	39.4011	39.3909	39.4474	39.4603	39.4536	39.4527	39.4501	39.4602	39.458	39.4368	39.4402	39.4367	39.4085	39.3937	39.3915	39.3754	39.3739	39.3561	39.3667	39.3781	39.3676	39.3639	39.3499	39.3448	39.311	39.3269	39.3176	39.3171	39.3092	39.3009	39.2967	39.2734	39.2506	39.2757	39.261	39.2642	39.2591	39.2581	39.2376	39.2248	39.2112	39.2063	39.2013	39.1871	39.1774	39.1739	39.1605	39.1333	39.1309	39.1379	39.1336	39.1123	39.1102	39.1182	39.1061	39.0887	39.0744	39.0871	39.0853	39.0842	39.0703	39.0613	39.0525	39.0384	39.0257	39.025	39.0232	39.0086	39.0037	38.9985	38.9819	38.9582	38.96	38.9563	38.9459	38.9345	38.9214	38.9106	38.8983	38.8796	38.8646	38.8613	38.8566	38.8378	38.8267	38.8014	38.7992	38.7855	38.7523	38.7462	38.7384	38.7104	38.6923	38.6678	38.6384	38.621	38.5901	38.5656	38.5498	38.5243	38.5046	38.4781	38.4526	38.4265	38.3991	38.3308	38.342	38.3264	38.3019	38.277	38.2598	38.2283	38.2041	38.173	38.1543	38.1455	38.1327	38.1055	38.1008	38.0659	38.0519	38.027	38.0227	38.0178	38.0118	38.0057	37.9949	37.9916	37.9811	37.9345	37.9654	37.9679	38.004	38.0453	38.1482	38.3381	38.9553
Sor-ACeb_010-Ex1-5F-lcwgs-1-3-L3-clmp.r1r2_fastp	39.3946	39.3136	39.4806	39.4819	39.5644	39.219	39.7149	39.6281	39.5218	39.512	39.5549	39.5656	39.5809	39.5943	39.6016	39.6283	39.6258	39.6139	39.6164	39.6143	39.6257	39.6396	39.6323	39.6051	39.6014	39.5951	39.587	39.5795	39.5727	39.5633	39.5316	39.5449	39.5437	39.5299	39.4976	39.5118	39.5093	39.5187	39.5263	39.4803	39.4762	39.496	39.4903	39.4865	39.4749	39.467	39.4822	39.4731	39.4687	39.4566	39.4523	39.4458	39.4367	39.4328	39.4101	39.4247	39.4045	39.3965	39.4039	39.3856	39.3797	39.3801	39.3751	39.3482	39.3168	39.3364	39.3366	39.3352	39.3236	39.2928	39.2708	39.3097	39.2948	39.2917	39.266	39.2795	39.2712	39.2623	39.2529	39.1502	39.2435	39.2257	39.2399	39.221	39.2141	39.2129	39.1904	39.1909	39.1869	39.1724	39.1517	39.1549	39.1518	39.1412	39.137	39.1258	39.1035	39.1099	39.0979	39.0847	39.0875	39.0776	39.0436	39.049	39.038	39.0175	39.018	39.0003	38.9802	38.9596	38.9602	38.948	38.9474	38.9241	38.9149	38.8986	38.8818	38.8629	38.8425	38.8471	38.8134	38.8112	38.7931	38.772	38.758	38.741	38.7214	38.703	38.6854	38.6376	38.6676	38.6622	38.6373	38.584	38.5483	38.5704	38.5656	38.5022	38.5315	38.4778	38.5193	38.5077	38.5041	38.5145	38.5022	38.5174	38.5448	38.6206	38.7657	39.2781
Sor-ACeb_011-Ex1-6F-lcwgs-1-3-L2-clmp.r1r2_fastp	39.0577	38.8319	38.9482	38.9703	39.0435	39.1417	39.1521	39.1102	39.1269	39.0773	39.1397	39.1506	39.1711	39.1639	39.1459	39.2261	39.2384	39.2245	39.2227	39.2145	39.2268	39.2258	39.1929	39.194	39.1907	39.1542	39.1337	39.1285	39.1038	39.0966	39.0733	39.0833	39.098	39.085	39.0781	39.0511	39.0427	38.9941	39.0145	39.001	38.9916	38.9744	38.9647	38.9532	38.9207	38.8925	38.9179	38.8927	38.8981	38.8846	38.8773	38.8441	38.8183	38.7988	38.7907	38.7736	38.7546	38.7366	38.7279	38.7046	38.6672	38.6521	38.6539	38.6474	38.6121	38.6035	38.6105	38.5878	38.5596	38.5393	38.5518	38.5457	38.5398	38.5117	38.4962	38.4826	38.4593	38.4344	38.4332	38.4271	38.409	38.3999	38.3934	38.3649	38.3331	38.3358	38.3305	38.3214	38.3016	38.2857	38.2737	38.2611	38.2308	38.219	38.216	38.2175	38.1908	38.1826	38.1538	38.1617	38.1442	38.1038	38.1013	38.0968	38.0734	38.0585	38.0275	38.0024	37.9918	37.9609	37.9404	37.9331	37.9064	37.9044	37.8822	37.8677	37.8524	37.8339	37.7582	37.8037	37.8086	37.7988	37.7871	37.7937	37.7794	37.7785	37.7591	37.7695	37.7932	37.8057	37.8022	37.8282	37.8194	37.8268	37.8267	37.8575	37.8774	37.9023	37.9316	37.9407	37.9575	37.9743	37.9453	38.0103	38.0287	38.0669	38.1106	38.1942	38.3353	38.9251
Sor-ACeb_011-Ex1-6F-lcwgs-1-3-L3-clmp.r1r2_fastp	39.2701	39.1589	39.3223	39.3193	39.398	38.915	39.6091	39.5091	39.3895	39.3425	39.3919	39.4076	39.4294	39.4448	39.452	39.4855	39.4844	39.4633	39.4628	39.4559	39.4797	39.4952	39.4839	39.4461	39.4445	39.435	39.4201	39.4109	39.3964	39.3872	39.3531	39.3601	39.3633	39.3424	39.3056	39.3114	39.3096	39.3206	39.3319	39.2683	39.2666	39.2804	39.277	39.2617	39.2555	39.2396	39.2573	39.2419	39.2379	39.2177	39.2113	39.1916	39.1742	39.172	39.1469	39.1559	39.1308	39.1176	39.123	39.0961	39.0873	39.0795	39.068	39.035	38.981	39.0127	39.0117	39.0032	38.9882	38.9418	38.907	38.9622	38.937	38.9325	38.894	38.9153	38.9026	38.884	38.8743	38.7308	38.8591	38.8364	38.8513	38.8255	38.8185	38.8144	38.79	38.787	38.7778	38.7641	38.7371	38.7462	38.7382	38.7291	38.7214	38.7149	38.6881	38.6959	38.6893	38.6748	38.6797	38.6777	38.6322	38.6458	38.6387	38.6176	38.6237	38.6136	38.598	38.5678	38.5813	38.5783	38.5861	38.5623	38.5612	38.5502	38.5384	38.5296	38.5104	38.5399	38.508	38.5211	38.5087	38.5015	38.4978	38.4926	38.477	38.4807	38.482	38.4392	38.4941	38.5116	38.4973	38.4438	38.416	38.4728	38.4857	38.4279	38.4859	38.4246	38.4952	38.498	38.5104	38.5433	38.5391	38.557	38.5826	38.6389	38.7499	39.2507
Sor-ACeb_012-Ex1-7F-lcwgs-1-3-L2-clmp.r1r2_fastp	39.2647	39.135	39.2143	39.2589	39.3369	39.4221	39.4294	39.3685	39.3789	39.3641	39.4296	39.4315	39.4545	39.4464	39.4345	39.5068	39.5177	39.5143	39.5176	39.5168	39.5243	39.5248	39.5023	39.5127	39.5092	39.4937	39.4818	39.4818	39.4709	39.4663	39.4522	39.4689	39.4809	39.4725	39.4709	39.458	39.4545	39.4197	39.4396	39.4331	39.4339	39.4293	39.4226	39.4217	39.4023	39.3802	39.4071	39.398	39.4004	39.3983	39.3979	39.3823	39.3684	39.3597	39.3582	39.3573	39.347	39.3379	39.3386	39.3273	39.3012	39.304	39.3115	39.3117	39.2943	39.2947	39.3013	39.2924	39.2757	39.2653	39.2782	39.2808	39.279	39.2687	39.2642	39.2552	39.2425	39.2338	39.2369	39.2367	39.2224	39.2214	39.2175	39.2031	39.1835	39.1873	39.1883	39.1819	39.1723	39.1603	39.1549	39.1435	39.1234	39.1154	39.1123	39.1135	39.0964	39.0889	39.0692	39.0702	39.0605	39.0294	39.026	39.0231	38.998	38.9845	38.964	38.9383	38.9252	38.9012	38.8791	38.8651	38.8442	38.829	38.8061	38.7837	38.7639	38.734	38.6743	38.6883	38.6809	38.655	38.6348	38.6157	38.5899	38.5672	38.5413	38.5212	38.5185	38.5062	38.4905	38.4851	38.4504	38.4366	38.4143	38.412	38.4093	38.4018	38.3952	38.3837	38.3789	38.3706	38.3064	38.3384	38.3311	38.3599	38.3751	38.4425	38.5608	39.0316
Sor-ACeb_012-Ex1-7F-lcwgs-1-3-L3-clmp.r1r2_fastp	39.3484	39.3167	39.4801	39.4765	39.5621	39.2411	39.713	39.6223	39.5046	39.4964	39.5527	39.5604	39.5786	39.5935	39.6005	39.6352	39.6303	39.6178	39.6243	39.6222	39.6317	39.6499	39.6438	39.6156	39.6102	39.6125	39.6056	39.5983	39.5925	39.5825	39.5613	39.5659	39.5656	39.5532	39.527	39.5383	39.5372	39.5496	39.5569	39.5183	39.5128	39.5293	39.5224	39.5219	39.5109	39.5023	39.5216	39.5147	39.5096	39.4962	39.4927	39.491	39.4818	39.4778	39.4557	39.4751	39.4531	39.4465	39.4565	39.4389	39.4324	39.4367	39.4301	39.4038	39.3866	39.394	39.3965	39.3971	39.385	39.3609	39.3455	39.3769	39.3602	39.3583	39.3368	39.3481	39.3438	39.3362	39.3276	39.2359	39.3195	39.3037	39.3224	39.3042	39.2956	39.3004	39.2748	39.2779	39.2803	39.2649	39.2466	39.2485	39.2465	39.2388	39.2378	39.2242	39.2009	39.2156	39.2029	39.195	39.1964	39.1891	39.1554	39.1622	39.1536	39.1369	39.1383	39.1202	39.1003	39.0929	39.0879	39.08	39.0765	39.0566	39.0512	39.0364	39.0197	39.0011	38.9819	38.9947	38.9608	38.9631	38.9458	38.9249	38.9152	38.8965	38.8786	38.8647	38.8473	38.8086	38.8338	38.8298	38.8083	38.7501	38.7193	38.733	38.726	38.6678	38.6948	38.6377	38.6786	38.6655	38.6625	38.6706	38.6463	38.6563	38.6794	38.7335	38.8567	39.3004
Sor-ACeb_013-Ex1-8F-lcwgs-1-3-L2-clmp.r1r2_fastp	38.9019	38.6195	38.6992	38.7287	38.8153	38.9288	38.9339	38.8841	38.9136	38.8547	38.935	38.9483	38.9768	38.969	38.95	39.035	39.0579	39.0427	39.041	39.0359	39.0554	39.0557	39.0225	39.0254	39.0235	38.9703	38.9425	38.9391	38.9117	38.9111	38.8862	38.897	38.9218	38.9041	38.9017	38.8727	38.8654	38.8112	38.8347	38.8181	38.8177	38.8021	38.7906	38.7791	38.7445	38.713	38.7481	38.7168	38.7272	38.713	38.7081	38.6716	38.6448	38.6234	38.6123	38.5929	38.5741	38.5516	38.5445	38.5164	38.4645	38.4577	38.458	38.451	38.4083	38.4011	38.411	38.3882	38.352	38.3275	38.3402	38.335	38.3252	38.2964	38.2784	38.2645	38.2346	38.2078	38.2039	38.1982	38.1688	38.1602	38.1471	38.1167	38.071	38.0775	38.0648	38.0531	38.0317	38.0086	37.99	37.9737	37.934	37.9152	37.9089	37.9074	37.8788	37.8654	37.8256	37.834	37.812	37.7632	37.7568	37.7544	37.7132	37.6996	37.6621	37.6319	37.6101	37.5731	37.5514	37.5371	37.5053	37.497	37.4754	37.4503	37.4323	37.4058	37.3119	37.3643	37.3669	37.3538	37.3405	37.3503	37.3281	37.3238	37.3045	37.3141	37.3404	37.3533	37.347	37.3762	37.3635	37.3779	37.373	37.4172	37.4342	37.4655	37.4979	37.5126	37.5361	37.5496	37.5064	37.5871	37.6138	37.6571	37.7066	37.8108	37.9912	38.7116
Sor-ACeb_013-Ex1-8F-lcwgs-1-3-L3-clmp.r1r2_fastp	39.1882	39.0762	39.2153	39.1966	39.2946	38.7904	39.5467	39.4196	39.268	39.225	39.2771	39.2956	39.3235	39.3384	39.352	39.3877	39.3878	39.3622	39.3634	39.3575	39.3861	39.4062	39.3951	39.3547	39.3514	39.3366	39.319	39.3071	39.2934	39.2805	39.2316	39.2474	39.2561	39.2373	39.1802	39.2032	39.2031	39.2191	39.2282	39.1419	39.1417	39.1736	39.1724	39.1604	39.1466	39.1313	39.1515	39.1349	39.1305	39.1073	39.1007	39.0823	39.0667	39.0619	39.0267	39.0433	39.0162	38.9985	39.0033	38.9692	38.9579	38.9541	38.9393	38.8955	38.8234	38.8705	38.8682	38.861	38.8381	38.7774	38.7275	38.8007	38.7712	38.7638	38.7135	38.7351	38.7189	38.6993	38.6843	38.4984	38.6593	38.6273	38.6435	38.6086	38.6	38.5926	38.556	38.5571	38.5435	38.5205	38.4852	38.4936	38.4835	38.4695	38.4585	38.4481	38.4109	38.4213	38.4074	38.3916	38.3928	38.3881	38.3321	38.3495	38.333	38.3105	38.313	38.2973	38.2727	38.2348	38.2553	38.2518	38.257	38.2282	38.2265	38.2103	38.1942	38.1823	38.161	38.1916	38.1525	38.1651	38.155	38.1381	38.1343	38.1264	38.1184	38.1136	38.1153	38.0627	38.1289	38.1492	38.1321	38.0701	38.0289	38.1065	38.1176	38.0508	38.1165	38.0465	38.1363	38.1386	38.1542	38.1894	38.1839	38.2075	38.2438	38.32	38.4587	39.0856
Sor-ACeb_014-Ex1-9F-lcwgs-1-3-L2-clmp.r1r2_fastp	39.1899	38.9874	39.0536	39.0803	39.1449	39.2292	39.2314	39.1842	39.2063	39.1736	39.2327	39.2379	39.2565	39.2505	39.2366	39.296	39.3116	39.3025	39.2999	39.2967	39.3084	39.3063	39.2816	39.283	39.2794	39.2359	39.2147	39.2108	39.1888	39.1876	39.1668	39.1738	39.1894	39.1766	39.1716	39.1535	39.1455	39.1051	39.1223	39.1082	39.1072	39.095	39.0837	39.0766	39.0479	39.021	39.0488	39.0247	39.0287	39.0202	39.0153	38.9894	38.9692	38.9508	38.9417	38.9293	38.9094	38.8921	38.8862	38.8624	38.8244	38.8181	38.821	38.8094	38.7777	38.7732	38.7778	38.7595	38.7297	38.7078	38.7172	38.7101	38.7024	38.6788	38.6613	38.6474	38.6267	38.6029	38.5962	38.5881	38.5626	38.5499	38.54	38.5104	38.4736	38.4712	38.4587	38.442	38.4233	38.397	38.3784	38.359	38.3241	38.3021	38.2897	38.2788	38.249	38.2309	38.1891	38.1879	38.1635	38.1141	38.1037	38.0913	38.0463	38.0256	37.9877	37.9506	37.9234	37.8819	37.8489	37.8271	37.789	37.7685	37.7304	37.7023	37.6711	37.6364	37.5492	37.5657	37.5541	37.5259	37.5019	37.4882	37.4598	37.4385	37.4048	37.3974	37.3929	37.3891	37.3713	37.3779	37.3509	37.3445	37.3283	37.3469	37.3511	37.36	37.3765	37.3849	37.3972	37.3972	37.3629	37.4141	37.428	37.4812	37.5429	37.6859	37.9328	38.7255
Sor-ACeb_014-Ex1-9F-lcwgs-1-3-L3-clmp.r1r2_fastp	39.3727	39.2783	39.4158	39.4057	39.4899	39.1159	39.6681	39.5711	39.4522	39.4343	39.4735	39.4847	39.5021	39.5148	39.5236	39.552	39.5492	39.5353	39.5363	39.534	39.548	39.5623	39.5534	39.5232	39.5185	39.507	39.4942	39.485	39.4754	39.4635	39.4213	39.4397	39.4403	39.4268	39.3815	39.4028	39.4012	39.412	39.4174	39.3544	39.3507	39.3768	39.3735	39.3676	39.3533	39.3429	39.3572	39.3449	39.3392	39.3226	39.3172	39.3064	39.2951	39.2885	39.2616	39.2745	39.2504	39.2375	39.2416	39.2163	39.2072	39.2054	39.194	39.1596	39.1091	39.1397	39.1374	39.1314	39.1142	39.0679	39.0301	39.0822	39.0596	39.0523	39.012	39.027	39.0146	38.999	38.9835	38.8389	38.9622	38.9341	38.9452	38.914	38.9067	38.8976	38.8678	38.8629	38.8516	38.8297	38.7987	38.7994	38.7893	38.7712	38.7584	38.7428	38.7097	38.7127	38.6927	38.6758	38.673	38.659	38.6124	38.6175	38.5987	38.5715	38.5667	38.5431	38.52	38.4836	38.4888	38.474	38.4671	38.4368	38.4239	38.4036	38.3824	38.3599	38.3332	38.3385	38.2986	38.3005	38.2743	38.2519	38.2356	38.2164	38.1958	38.1813	38.1653	38.1072	38.1473	38.1524	38.1194	38.0597	38.0141	38.0595	38.0584	37.9914	38.0343	37.9756	38.0361	38.0334	38.0366	38.063	38.0548	38.0858	38.1314	38.2314	38.4288	39.0951
Sor-ACeb_015-Ex1-10F-lcwgs-1-3-L2-clmp.r1r2_fastp	39.2738	39.1492	39.239	39.2781	39.3608	39.4438	39.4532	39.3911	39.4032	39.3884	39.4536	39.4556	39.4807	39.4721	39.4613	39.5308	39.5413	39.5397	39.5428	39.5406	39.549	39.5497	39.5302	39.5386	39.5364	39.5241	39.5139	39.5135	39.502	39.4991	39.4888	39.5049	39.5154	39.5091	39.5081	39.4947	39.492	39.4596	39.4789	39.4719	39.4752	39.4691	39.4623	39.4627	39.4453	39.4224	39.4495	39.4414	39.4447	39.4422	39.4423	39.4268	39.4149	39.4079	39.4071	39.4044	39.3969	39.3885	39.3892	39.3792	39.3559	39.359	39.3655	39.3635	39.35	39.3501	39.3578	39.3503	39.3341	39.3239	39.3395	39.341	39.3405	39.3324	39.3267	39.321	39.3051	39.3003	39.3018	39.3021	39.2915	39.2882	39.2878	39.2749	39.2544	39.2616	39.2616	39.2534	39.2503	39.2355	39.2278	39.2199	39.2023	39.1929	39.1953	39.1921	39.177	39.1678	39.1491	39.1494	39.1374	39.1116	39.1085	39.1055	39.0822	39.0668	39.0459	39.0244	39.0165	38.9953	38.9714	38.9575	38.9401	38.9239	38.9001	38.8808	38.8565	38.8332	38.7789	38.7911	38.7806	38.7594	38.732	38.724	38.6945	38.6789	38.6521	38.6357	38.6289	38.6163	38.6028	38.602	38.5504	38.5476	38.532	38.5269	38.5229	38.5232	38.5123	38.4996	38.4966	38.4772	38.4224	38.457	38.4446	38.476	38.5043	38.5655	38.6728	39.1036
Sor-ACeb_015-Ex1-10F-lcwgs-1-3-L3-clmp.r1r2_fastp	39.3337	39.2916	39.4777	39.481	39.5687	39.25	39.7238	39.6305	39.5216	39.5119	39.568	39.5762	39.5943	39.6087	39.6182	39.6485	39.6452	39.6334	39.6387	39.6358	39.6478	39.665	39.6601	39.6317	39.6278	39.6314	39.6264	39.619	39.614	39.6057	39.5885	39.5902	39.5905	39.579	39.5552	39.5649	39.5633	39.5754	39.5874	39.548	39.5438	39.5582	39.5511	39.5503	39.5416	39.5356	39.5521	39.546	39.5415	39.5328	39.5291	39.5263	39.5181	39.5167	39.4955	39.5129	39.494	39.4878	39.4974	39.4816	39.4756	39.4795	39.4765	39.4525	39.4366	39.4426	39.4459	39.4475	39.4369	39.4161	39.4034	39.4335	39.4163	39.4162	39.3967	39.4057	39.4025	39.3946	39.3886	39.2994	39.3817	39.3694	39.381	39.3688	39.3609	39.363	39.3416	39.3459	39.3482	39.3307	39.3159	39.3171	39.3189	39.3124	39.3092	39.3004	39.2808	39.2907	39.2814	39.2734	39.2746	39.2703	39.2323	39.2453	39.2394	39.2157	39.2186	39.2057	39.1895	39.1809	39.1809	39.1671	39.1621	39.1497	39.1405	39.1282	39.1148	39.103	39.079	39.0945	39.0658	39.0697	39.0509	39.0362	39.0272	39.0061	38.9944	38.9829	38.9616	38.9192	38.9565	38.958	38.926	38.8753	38.8508	38.869	38.8685	38.809	38.8307	38.7841	38.8171	38.8131	38.8118	38.8191	38.7995	38.812	38.8175	38.8646	38.9805	39.3755
Sor-ACeb_016-Ex1-11F-lcwgs-1-3-L2-clmp.r1r2_fastp	39.243	39.1343	39.2299	39.2677	39.3524	39.433	39.4458	39.3808	39.3906	39.3757	39.4438	39.4424	39.4671	39.4586	39.4521	39.5201	39.5329	39.5293	39.5317	39.5326	39.541	39.5422	39.5227	39.5294	39.5291	39.5158	39.5062	39.5085	39.4987	39.4963	39.4807	39.5	39.5099	39.5036	39.5052	39.4909	39.4898	39.4557	39.477	39.4702	39.472	39.4678	39.4617	39.4591	39.4435	39.4241	39.4514	39.4421	39.4445	39.4444	39.4443	39.4315	39.4184	39.4101	39.4124	39.4105	39.4039	39.3923	39.3941	39.3852	39.3639	39.3646	39.3741	39.3745	39.3586	39.3596	39.369	39.3608	39.3482	39.3388	39.3551	39.3563	39.3572	39.3467	39.3444	39.3382	39.3256	39.3194	39.3223	39.3259	39.3122	39.3115	39.3099	39.2975	39.2818	39.2858	39.2845	39.2795	39.2726	39.2642	39.2611	39.2536	39.2355	39.2321	39.2299	39.2309	39.216	39.2135	39.1938	39.1958	39.1893	39.1631	39.1629	39.16	39.1403	39.1296	39.1122	39.0904	39.0796	39.0576	39.0436	39.0346	39.0171	39.0083	38.9899	38.9739	38.9573	38.9366	38.8834	38.9051	38.8979	38.8811	38.8673	38.8682	38.8413	38.8192	38.8075	38.7967	38.7954	38.7949	38.7772	38.7853	38.7534	38.7549	38.7386	38.7478	38.7511	38.7511	38.7518	38.748	38.7451	38.7388	38.6911	38.7244	38.7189	38.7455	38.7432	38.7873	38.8585	39.1911
Sor-ACeb_016-Ex1-11F-lcwgs-1-3-L3-clmp.r1r2_fastp	39.3144	39.28	39.4759	39.4797	39.5695	39.2343	39.7203	39.6279	39.5143	39.5094	39.5659	39.5757	39.5924	39.6086	39.6167	39.6483	39.6437	39.633	39.6374	39.637	39.6488	39.665	39.6602	39.632	39.6296	39.6337	39.6302	39.6232	39.6184	39.6099	39.5925	39.5953	39.5977	39.5845	39.5623	39.5706	39.5703	39.5832	39.5932	39.5566	39.5531	39.5663	39.562	39.5606	39.5544	39.5461	39.563	39.557	39.5532	39.5429	39.5414	39.5387	39.5279	39.5288	39.509	39.5264	39.5082	39.504	39.5122	39.4982	39.4934	39.4973	39.4952	39.4693	39.4533	39.4616	39.4661	39.4694	39.4572	39.436	39.4244	39.4528	39.4393	39.4395	39.4215	39.4303	39.4293	39.4222	39.4148	39.3267	39.412	39.3956	39.4144	39.3991	39.3916	39.3949	39.3764	39.3778	39.3799	39.3683	39.3517	39.3552	39.356	39.3486	39.3496	39.342	39.3206	39.3363	39.3227	39.3113	39.3193	39.3122	39.2815	39.2907	39.2833	39.2668	39.2721	39.2621	39.2443	39.2358	39.2354	39.2303	39.2265	39.2108	39.2075	39.1952	39.1866	39.1732	39.1586	39.1712	39.1438	39.151	39.1327	39.1218	39.1154	39.1014	39.0954	39.0853	39.0792	39.0439	39.0732	39.0743	39.057	39.0186	38.9969	39.0157	39.0177	38.9674	38.9961	38.9498	38.9947	38.996	38.99	38.9998	38.9975	38.9966	39.0112	39.0405	39.1135	39.4418
Sor-ACeb_017-Ex1-12F-lcwgs-1-3-L2-clmp.r1r2_fastp	39.2617	39.1395	39.25	39.2944	39.3801	39.4569	39.4673	39.4067	39.4172	39.409	39.47	39.4694	39.4925	39.4851	39.4741	39.5391	39.5513	39.5472	39.5502	39.5492	39.5554	39.5567	39.5357	39.5443	39.5415	39.5288	39.5201	39.5197	39.5104	39.5077	39.4939	39.5106	39.5208	39.5136	39.5126	39.4999	39.4964	39.4654	39.4848	39.4789	39.4792	39.4741	39.469	39.4679	39.4501	39.4287	39.4551	39.4474	39.4499	39.4488	39.4505	39.4344	39.4227	39.4152	39.4145	39.4137	39.4055	39.3975	39.3963	39.388	39.3626	39.3675	39.3761	39.3751	39.3592	39.3603	39.3677	39.3622	39.3465	39.3376	39.3519	39.354	39.3541	39.3452	39.3397	39.3346	39.3217	39.3136	39.3168	39.3163	39.3043	39.3032	39.3033	39.2899	39.271	39.2756	39.2771	39.2672	39.262	39.2548	39.2451	39.2373	39.2205	39.2135	39.2113	39.2111	39.196	39.1924	39.1709	39.1723	39.1649	39.1377	39.1368	39.1354	39.1101	39.1036	39.0848	39.0596	39.0512	39.0264	39.0085	39.0018	38.9835	38.9676	38.9548	38.938	38.9158	38.8986	38.8412	38.8618	38.8571	38.8407	38.8137	38.8092	38.7839	38.7682	38.7449	38.7361	38.7409	38.7355	38.7122	38.7164	38.6863	38.6859	38.6672	38.6688	38.6699	38.6783	38.6692	38.6587	38.6556	38.6449	38.6056	38.6421	38.6396	38.6628	38.6758	38.7227	38.8088	39.175
Sor-ACeb_017-Ex1-12F-lcwgs-1-3-L3-clmp.r1r2_fastp	39.3331	39.2163	39.4719	39.4903	39.5906	39.2579	39.7354	39.6493	39.5419	39.5432	39.5953	39.6035	39.6172	39.6319	39.6414	39.6664	39.6643	39.6544	39.6577	39.6581	39.667	39.6829	39.6774	39.651	39.6473	39.6494	39.6457	39.6406	39.636	39.6276	39.6083	39.6142	39.6135	39.603	39.5819	39.5896	39.5885	39.5982	39.6091	39.5747	39.571	39.5842	39.5779	39.5772	39.5689	39.5618	39.5812	39.5712	39.57	39.5581	39.5555	39.5548	39.5448	39.5453	39.526	39.5419	39.5236	39.5187	39.5284	39.5139	39.5086	39.5129	39.5102	39.4858	39.4694	39.4784	39.4828	39.4819	39.4746	39.4511	39.4389	39.4692	39.4559	39.4524	39.4355	39.4452	39.441	39.437	39.431	39.3439	39.4248	39.4089	39.4258	39.4096	39.404	39.4052	39.3904	39.3909	39.3885	39.3788	39.363	39.3631	39.368	39.3594	39.3552	39.3484	39.3283	39.3347	39.3286	39.3167	39.3216	39.3178	39.2888	39.2954	39.2886	39.2711	39.2754	39.2628	39.2486	39.2384	39.2367	39.2317	39.2304	39.2112	39.2045	39.194	39.1868	39.1742	39.1527	39.1615	39.131	39.1417	39.1253	39.1109	39.1008	39.0932	39.0783	39.0643	39.0568	39.023	39.0479	39.0493	39.0271	38.9937	38.9612	38.9854	38.9792	38.9276	38.9552	38.9041	38.9467	38.939	38.9421	38.9623	38.941	38.95	38.9634	39.0054	39.0854	39.4271
Sor-ACeb_018-Ex1-1G-lcwgs-1-3-L2-clmp.r1r2_fastp	39.2907	39.14	39.306	39.2978	39.3461	39.3665	39.354	39.3654	39.3885	39.3786	39.4359	39.4295	39.452	39.4425	39.436	39.5007	39.5131	39.5067	39.5092	39.5071	39.5218	39.5242	39.5017	39.5116	39.509	39.4963	39.4796	39.4743	39.4685	39.4569	39.4438	39.4549	39.4708	39.463	39.4611	39.447	39.4501	39.4146	39.4307	39.4194	39.4202	39.4156	39.4077	39.4051	39.3884	39.3676	39.3927	39.3814	39.3816	39.3783	39.3778	39.3595	39.3453	39.3345	39.3338	39.33	39.3201	39.3101	39.3088	39.2954	39.2694	39.2677	39.2746	39.2709	39.2524	39.2517	39.2599	39.2485	39.2332	39.2196	39.231	39.2297	39.2273	39.2157	39.2075	39.1996	39.1869	39.1765	39.176	39.1757	39.1603	39.1565	39.1518	39.1349	39.1132	39.1158	39.1137	39.1037	39.0956	39.0816	39.0717	39.06	39.0392	39.0284	39.0234	39.0203	39.0033	38.9929	38.969	38.9707	38.9577	38.9261	38.9212	38.9144	38.8869	38.8726	38.8503	38.8222	38.8069	38.7789	38.7583	38.7419	38.7181	38.7025	38.6767	38.6551	38.6288	38.6042	38.5432	38.5515	38.5423	38.5185	38.495	38.4772	38.4521	38.4311	38.3998	38.3858	38.3799	38.368	38.3466	38.3396	38.3099	38.3004	38.2725	38.2698	38.2655	38.2618	38.2579	38.2441	38.2348	38.232	38.1746	38.2064	38.2079	38.2298	38.2523	38.3405	38.4907	39.0161
Sor-ACeb_018-Ex1-1G-lcwgs-1-3-L3-clmp.r1r2_fastp	39.3679	39.3241	39.5469	39.508	39.5574	39.2441	39.6749	39.6008	39.5015	39.4879	39.546	39.5507	39.5697	39.5831	39.5934	39.6316	39.6263	39.6102	39.6126	39.6119	39.6307	39.6473	39.6409	39.6113	39.6125	39.6124	39.6058	39.5957	39.5957	39.5773	39.5518	39.5589	39.5617	39.5535	39.5248	39.5346	39.5353	39.545	39.554	39.5079	39.5027	39.5219	39.5161	39.5145	39.5061	39.4983	39.5151	39.5077	39.5031	39.4894	39.4846	39.4772	39.4693	39.4676	39.4446	39.462	39.4428	39.4357	39.4424	39.4248	39.4185	39.4198	39.414	39.3866	39.3636	39.3766	39.3793	39.3793	39.3678	39.341	39.3182	39.3538	39.3364	39.3348	39.3113	39.3234	39.318	39.3082	39.3008	39.2044	39.2913	39.2731	39.2871	39.2685	39.2607	39.2611	39.239	39.2413	39.238	39.224	39.2034	39.2064	39.2022	39.1912	39.1868	39.1778	39.1538	39.1617	39.1514	39.1395	39.1418	39.1328	39.0966	39.1024	39.0903	39.0721	39.0722	39.0538	39.0332	39.021	39.0195	39.0064	39.0051	38.9834	38.9742	38.9585	38.9418	38.9238	38.9053	38.9114	38.8792	38.8812	38.8603	38.8386	38.8291	38.811	38.7921	38.7746	38.7596	38.7167	38.7404	38.7364	38.7117	38.6619	38.6272	38.6453	38.6392	38.5769	38.6061	38.5544	38.5891	38.5766	38.5763	38.5844	38.5671	38.5777	38.6055	38.6669	38.8071	39.292
Sor-ACeb_019-Ex1-3G-lcwgs-1-3-L2-clmp.r1r2_fastp	38.9147	38.8049	39.0447	39.0314	39.0995	39.1321	39.1018	39.1605	39.1941	39.2092	39.2898	39.254	39.3032	39.2687	39.2765	39.3571	39.3763	39.358	39.3802	39.3768	39.4037	39.3768	39.3807	39.4006	39.4007	39.3904	39.3655	39.3626	39.3659	39.3112	39.3234	39.3453	39.3845	39.363	39.3587	39.3559	39.3487	39.313	39.3246	39.3351	39.3233	39.347	39.3065	39.3183	39.2962	39.2851	39.2933	39.278	39.2873	39.3114	39.2843	39.2619	39.2688	39.2427	39.26	39.1981	39.2427	39.2345	39.236	39.2133	39.2171	39.1733	39.2285	39.1902	39.1987	39.1849	39.1832	39.1585	39.211	39.1576	39.1878	39.2017	39.1875	39.1822	39.1688	39.1425	39.1092	39.1321	39.158	39.146	39.145	39.0932	39.1216	39.1337	39.0896	39.1473	39.0963	39.0729	39.086	39.0657	39.0336	39.11	39.0883	39.0554	39.0118	39.043	39.0311	39.0105	38.9599	39.0232	39.033	38.9453	38.9357	38.8992	38.8869	38.9192	38.8297	38.8218	38.8259	38.8279	38.8118	38.8087	38.7583	38.7139	38.6442	38.7066	38.7501	38.6596	38.5715	38.6096	38.445	38.5747	38.4227	38.5888	38.3264	38.4008	38.3911	38.419	38.4521	38.251	38.3015	38.2741	38.1344	38.3002	38.1953	38.0365	38.0243	38.0667	38.1134	38.1103	38.1247	38.1076	37.97	38.1107	38.2331	38.0997	38.0537	38.2906	38.4306	38.8792
Sor-ACeb_019-Ex1-3G-lcwgs-1-3-L3-clmp.r1r2_fastp	39.0124	38.9814	39.3131	39.2987	39.3807	39.0023	39.4186	39.3829	39.277	39.3471	39.3562	39.3672	39.3999	39.4169	39.4176	39.4849	39.4505	39.4585	39.4343	39.4355	39.4974	39.5026	39.512	39.4447	39.4873	39.4675	39.4525	39.4926	39.4372	39.4193	39.4365	39.4055	39.4238	39.3518	39.3706	39.4041	39.3707	39.3697	39.3956	39.3571	39.3195	39.3328	39.3519	39.3658	39.3219	39.3339	39.3823	39.3917	39.3026	39.2576	39.3248	39.2814	39.35	39.3747	39.3222	39.2927	39.2887	39.2948	39.2734	39.2729	39.2787	39.2688	39.2899	39.273	39.2493	39.1688	39.2559	39.19	39.2685	39.2064	39.2083	39.2552	39.1918	39.2083	39.1663	39.1397	39.2829	39.2293	39.1202	39.1862	39.1979	39.2239	39.2296	39.1265	39.0899	39.1479	39.2394	39.1536	39.1003	39.1235	39.1529	39.1269	39.1181	39.2539	39.0945	39.0538	39.0743	39.1056	39.1564	39.1083	39.1341	38.9829	39.1777	39.0408	38.9997	39.1584	38.9459	38.9538	39.0049	39.0326	39.036	39.0688	38.9334	38.9872	39.0304	38.88	39.059	38.7988	38.9919	38.9043	38.8533	38.8131	38.7909	38.6598	38.8672	38.5962	38.7495	38.8217	38.6483	38.7359	38.7078	38.9124	38.6763	38.8238	38.7604	38.6308	38.8345	38.4284	38.5788	38.647	38.7224	38.7138	38.6975	38.563	38.2484	38.5717	38.659	38.8282	38.8947	39.2609
Sor-ACeb_020-Ex1-2G-lcwgs-1-3-L2-clmp.r1r2_fastp	38.9456	38.9488	39.1974	39.2291	39.3356	39.3371	39.3602	39.3506	39.3541	39.3508	39.4083	39.4016	39.4243	39.4091	39.4107	39.5072	39.5085	39.4988	39.5156	39.5081	39.5254	39.5199	39.4891	39.4941	39.5076	39.4949	39.4985	39.4853	39.4821	39.4688	39.4537	39.4593	39.4802	39.4724	39.4666	39.4391	39.4533	39.39	39.4249	39.3967	39.4152	39.3722	39.3874	39.3503	39.3533	39.2811	39.336	39.2656	39.3178	39.2285	39.2862	39.1731	39.2274	39.1074	39.1645	39.0714	39.1261	38.9564	39.0654	38.914	39.0018	38.8317	38.9655	38.8196	38.9357	38.753	38.9084	38.7417	38.8343	38.6699	38.819	38.6552	38.795	38.6297	38.7481	38.5945	38.7076	38.5569	38.6889	38.5459	38.655	38.5298	38.6571	38.4844	38.6025	38.5	38.6082	38.4959	38.6092	38.4879	38.5918	38.4535	38.5811	38.4698	38.581	38.4696	38.5982	38.492	38.5716	38.4933	38.5746	38.4739	38.5589	38.4694	38.5403	38.4469	38.5067	38.4447	38.5003	38.389	38.427	38.3757	38.4248	38.3348	38.4005	38.3658	38.3452	38.328	38.3191	38.3046	38.3478	38.2788	38.3169	38.2945	38.3037	38.275	38.2758	38.2437	38.2792	38.2548	38.3137	38.2999	38.2455	38.2867	38.3149	38.2997	38.3347	38.3568	38.3766	38.383	38.3582	38.3694	38.3834	38.3951	38.4168	38.4187	38.438	38.508	38.5562	39.0644
Sor-ACeb_020-Ex1-2G-lcwgs-1-3-L3-clmp.r1r2_fastp	39.1236	39.0993	39.4	39.4213	39.4797	39.0014	39.5891	39.5618	39.4042	39.4187	39.4452	39.4644	39.4477	39.5078	39.4775	39.5687	39.5173	39.5469	39.5586	39.5533	39.551	39.5931	39.562	39.5389	39.5417	39.5539	39.5427	39.5312	39.5299	39.5249	39.4939	39.4972	39.4807	39.4851	39.4661	39.4455	39.4574	39.4529	39.4711	39.4227	39.4275	39.4048	39.4171	39.3838	39.3786	39.3563	39.3827	39.3426	39.3599	39.294	39.3174	39.2587	39.2683	39.1991	39.2127	39.182	39.1764	39.0998	39.1557	39.0581	39.1002	39.0112	39.0524	38.9156	38.984	38.8921	38.9745	38.8627	38.932	38.7884	38.8509	38.7698	38.8182	38.7199	38.7889	38.6783	38.7557	38.624	38.6979	38.5421	38.6828	38.5462	38.6599	38.5346	38.6424	38.495	38.5816	38.4846	38.5828	38.4371	38.547	38.404	38.5299	38.395	38.4809	38.3663	38.4276	38.333	38.4456	38.3171	38.4384	38.3104	38.3461	38.2691	38.3697	38.2188	38.3527	38.237	38.3074	38.2017	38.2902	38.1574	38.2987	38.1586	38.2606	38.1385	38.2084	38.089	38.1629	38.1194	38.1951	38.0972	38.1899	38.0328	38.1425	38.0543	38.1001	37.9999	38.1254	37.9982	38.1164	38.0629	38.0844	37.9533	38.0265	37.9726	38.047	37.9799	38.0785	37.9945	38.079	38.0524	38.1032	38.1158	38.1012	38.1416	38.1972	38.3207	38.5134	39.1608
Sor-ACeb_021-Ex1-4G-lcwgs-1-3-L2-clmp.r1r2_fastp	39.0829	38.8885	39.1527	39.135	39.1484	39.2028	39.2299	39.1941	39.2542	39.3275	39.3007	39.3447	39.3748	39.4073	39.3452	39.4321	39.4175	39.4382	39.4556	39.4264	39.4772	39.506	39.4262	39.4471	39.459	39.4677	39.4337	39.41	39.4096	39.4307	39.4029	39.4275	39.403	39.399	39.4525	39.4437	39.4241	39.3969	39.4444	39.3567	39.3958	39.3936	39.3748	39.3957	39.3622	39.3208	39.3586	39.3807	39.3292	39.3556	39.3576	39.3641	39.3289	39.3634	39.3052	39.3985	39.3324	39.3688	39.3097	39.3354	39.3629	39.3678	39.3307	39.4094	39.3356	39.3646	39.3387	39.3171	39.2994	39.2504	39.3083	39.3759	39.3343	39.3123	39.3714	39.3661	39.3585	39.3023	39.3392	39.2937	39.2982	39.3557	39.3327	39.2683	39.2856	39.3107	39.2907	39.3162	39.3088	39.2529	39.1514	39.2545	39.2237	39.1993	39.2148	39.2761	39.1595	39.1134	39.1499	39.0529	39.0563	39.1591	39.1777	39.1616	39.0303	39.0638	39.1113	39.1729	39.0226	39.1094	39.0789	39.0297	39.0088	39.0322	39.119	38.9342	38.8937	38.8545	38.7144	39.0702	38.7431	38.7749	38.5964	38.8937	38.6131	38.7286	38.7413	38.7841	38.7984	38.8599	38.6788	38.4855	38.4271	38.5744	38.7799	38.6283	38.4192	38.7091	38.6163	38.8722	38.5573	38.49	38.2849	38.3521	38.2516	38.3996	38.6425	38.2767	38.3852	39.0512
Sor-ACeb_021-Ex1-4G-lcwgs-1-3-L3-clmp.r1r2_fastp	39.1411	39.0483	39.4009	39.4172	39.4094	39.058	39.5837	39.5359	39.3937	39.4205	39.4359	39.4942	39.5398	39.4542	39.4517	39.5367	39.5442	39.5086	39.5433	39.4961	39.5254	39.5572	39.6151	39.5235	39.5839	39.5124	39.5491	39.5232	39.5447	39.5044	39.521	39.4591	39.5006	39.5236	39.4404	39.5075	39.5753	39.5253	39.555	39.4333	39.4042	39.47	39.5162	39.5143	39.4348	39.4573	39.5597	39.4348	39.4341	39.4393	39.4872	39.4632	39.4226	39.4372	39.4006	39.5037	39.3782	39.4454	39.4505	39.39	39.4981	39.3946	39.4143	39.4978	39.3161	39.3532	39.4009	39.3793	39.2944	39.2366	39.3407	39.3967	39.3181	39.2707	39.397	39.2965	39.291	39.3471	39.3281	39.234	39.4009	39.1825	39.2617	39.3036	39.3197	39.2555	39.3011	39.1911	39.4396	39.338	39.3434	39.3359	39.2702	39.2003	39.1409	39.2245	39.1485	39.0466	39.0614	39.1851	39.0522	39.1998	39.173	39.3292	38.8601	39.0783	39.3602	39.2638	39.426	39.0451	39.1659	39.0718	38.8542	39.2246	39.1735	39.1356	38.9609	39.2792	38.7352	39.0167	39.1696	39.0961	38.8324	39.0841	39.1147	38.6369	38.549	38.7448	39.2079	38.6415	38.7846	38.8863	38.9061	39.135	39.1783	38.638	38.6714	38.5198	38.6327	38.3421	38.3011	38.8249	38.7076	38.9325	38.1375	38.7727	38.3767	38.741	38.8467	38.8571
Sor-ACeb_022-Ex1-5G-lcwgs-1-3-L2-clmp.r1r2_fastp	39.2941	39.1485	39.3473	39.3453	39.3958	39.4153	39.4092	39.4227	39.4413	39.4281	39.4782	39.4725	39.4902	39.4809	39.4703	39.5347	39.542	39.533	39.5311	39.5275	39.5368	39.5346	39.5041	39.5115	39.505	39.4922	39.4747	39.4658	39.4577	39.4408	39.4215	39.4363	39.4457	39.4334	39.4287	39.4113	39.4126	39.3697	39.3846	39.3717	39.3702	39.3589	39.3455	39.3427	39.3178	39.2932	39.3168	39.3027	39.2984	39.2915	39.2868	39.2604	39.2461	39.2327	39.2299	39.2169	39.2077	39.1888	39.1865	39.1709	39.1432	39.1346	39.1395	39.1337	39.1123	39.106	39.1127	39.0945	39.0777	39.0589	39.0657	39.0617	39.0553	39.041	39.0339	39.0148	39.0009	38.9881	38.9849	38.9847	38.9683	38.9598	38.9547	38.9299	38.9128	38.9151	38.9077	38.9007	38.8863	38.8751	38.8663	38.8507	38.8319	38.8138	38.8148	38.8073	38.7921	38.7827	38.7625	38.7606	38.7514	38.7179	38.7126	38.714	38.6923	38.6749	38.6495	38.6302	38.6101	38.584	38.5707	38.5514	38.5353	38.5293	38.5027	38.4819	38.4711	38.4404	38.3927	38.4104	38.4095	38.3885	38.3742	38.3709	38.3552	38.3443	38.3205	38.3203	38.334	38.3257	38.3151	38.3258	38.3014	38.3086	38.2996	38.3163	38.3189	38.3285	38.3538	38.3475	38.3611	38.3682	38.33	38.3779	38.3934	38.4338	38.4643	38.5492	38.6756	39.128
Sor-ACeb_022-Ex1-5G-lcwgs-1-3-L3-clmp.r1r2_fastp	39.3626	39.2758	39.5563	39.5399	39.5914	39.2669	39.6907	39.634	39.5445	39.5322	39.585	39.5916	39.6029	39.6184	39.6216	39.659	39.6519	39.639	39.6373	39.6346	39.6482	39.6618	39.6526	39.6236	39.6228	39.6177	39.6098	39.6017	39.5963	39.5798	39.5509	39.5567	39.5545	39.5425	39.5128	39.521	39.516	39.5214	39.5294	39.4907	39.4798	39.4899	39.4821	39.4763	39.4696	39.4566	39.4707	39.4608	39.4527	39.4355	39.4275	39.4188	39.404	39.4027	39.3771	39.3911	39.3682	39.3626	39.3649	39.3454	39.3368	39.3298	39.3244	39.2953	39.2711	39.2807	39.2774	39.2731	39.2638	39.2315	39.2118	39.2434	39.224	39.2163	39.1952	39.1991	39.1945	39.1847	39.1748	39.0807	39.1647	39.1436	39.1602	39.1377	39.1299	39.1283	39.111	39.1067	39.1053	39.0958	39.0773	39.074	39.0734	39.0623	39.0582	39.0468	39.0308	39.0327	39.0324	39.0204	39.0222	39.018	38.985	38.991	38.988	38.9657	38.9714	38.9631	38.9417	38.9302	38.9322	38.9243	38.927	38.9075	38.9088	38.892	38.883	38.8722	38.8595	38.8799	38.8432	38.8501	38.842	38.8287	38.8254	38.8121	38.8091	38.7969	38.7988	38.7661	38.801	38.8073	38.7942	38.7511	38.7252	38.7629	38.7622	38.7221	38.7607	38.7142	38.7798	38.7714	38.775	38.8039	38.8064	38.8165	38.845	38.9021	39.0108	39.3964
