Sample	1	2	3	4	5	6	7	8	9	10	11	12	13	14	15	16	17	18	19	20	21	22	23	24	25	26	27	28	29	30	31	32	33	34	35	36	37	38	39	40	41	42	43	44	45	46	47	48	49	50	51	52	53	54	55	56	57	58	59	60	61	62	63	64	65	66	67	68	69	70	71	72	73	74	75	76	77	78	79	80	81	82	83	84	85	86	87	88	89	90	91	92	93	94	95	96	97	98	99	100	101	102	103	104	105	106	107	108	109	110	111	112	113	114	115	116	117	118	119	120	121	122	123	124	125	126	127	128	129	130	131	132	133	134	135	136	137	138	139	140	141	142	143	144	145	146	147	148	149	150
Sor-ACeb_001-Ex1-8E-lcwgs-1-3-L2-clmp.r1r2_fastp	0.0	0.172844	0.000775433	0.0	0.0006203459999999999	0.0005040309999999999	0.0	0.0	3.87717e-05	0.0	0.0	0.0	0.0	0.0	0.00023263	0.00267524	0.0	0.0	0.000271402	0.0020936699999999997	0.0	0.0	0.0	0.00267524	0.0	0.0	0.0032568199999999997	0.00395471	0.015896399999999998	3.87717e-05	0.00143455	0.0102745	0.0	0.00236534	0.0	0.0	0.0	0.00046575199999999994	0.0	0.0	0.0	0.0	0.000272488	3.89639e-05	0.00015604399999999999	0.0	7.82608e-05	0.006547460000000001	0.0	0.0	0.0	0.0	0.0	0.0	0.0	0.00723218	0.00752091	0.0	0.0	0.0	8.389979999999999e-05	0.0	0.0	0.0031170200000000003	0.0019282099999999999	0.0	0.0	0.0	0.0	0.0	0.0	0.000488275	0.0	0.000101472	0.0102514	0.0	0.0	5.527740000000001e-05	0.0	0.0	0.0	0.0	0.0	0.0	0.00488117	0.000610455	0.0	0.0	0.00148028	0.0	0.0009445250000000001	8.12366e-05	0.0	0.000953586	0.0	0.0	0.0	9.928400000000001e-05	0.0100728	0.0	0.0	0.000228668	0.0	0.0	0.00012762899999999998	0.0	0.0	0.0	0.0	0.0	0.0	0.00116402	0.007086019999999999	0.0	0.0	0.0	0.0	0.00041951900000000003	0.016360100000000002	0.00022690799999999998	0.0	0.0	0.0	0.0	0.0	0.0	0.0	0.000931443	0.000322845	0.0	0.0	0.0	0.00188339	0.00313271	0.0	0.0	0.000439533	0.0	0.0	0.0	0.0	0.0	0.0	0.000579448	0.0	0.0037481000000000003	0.00129777	0.0	0.0	0.0
Sor-ACeb_001-Ex1-8E-lcwgs-1-3-L3-clmp.r1r2_fastp	0.0	0.143242	0.00419864	0.0044427500000000005	0.0	0.038715400000000004	0.0	0.00229461	0.160281	0.00229461	0.000537035	0.0	0.0	0.00034175	0.0	0.0	0.0	0.0	0.0	0.0	0.0	0.0	0.0	0.0	0.0	0.0006346780000000001	0.00029292799999999997	0.0	0.00034175	0.00107407	0.051457800000000005	0.0	0.0	0.0	0.0458057	0.00293052	0.0	0.0	0.0	0.0478755	0.0483402	0.0	0.0	9.80756e-05	0.0	9.830979999999998e-05	0.00457829	0.00429052	0.000395353	0.0	0.000149029	0.00523289	0.0	0.0	0.0	0.000405843	0.00112264	0.0	0.000724043	0.00026061899999999997	0.000788493	0.0019099499999999999	0.0	0.000216742	0.0818033	0.00216526	0.0	0.0	0.0	0.038188099999999996	0.0468537	0.0	0.0	0.0	0.0443701	0.000197464	0.00174848	6.87444e-05	0.0	0.179952	0.0	0.0	0.0	0.000159263	0.0	0.0	0.0022470899999999998	0.0	0.00100765	0.000377613	0.00477011	0.0	0.0	0.0	0.0	0.0	0.00272245	0.0	0.0	0.0	0.0	0.0	0.0	0.0012133299999999999	0.0	0.000163329	0.0	0.0	0.00219404	0.0408321	0.0	0.000205241	0.0008532199999999999	0.0	0.00138329	0.0	0.0	0.0	0.000269519	0.0	0.0	0.00030331900000000003	0.0	0.0	0.0	0.0	0.0	0.0	0.0	0.0842373	0.0008630850000000001	0.0	0.0	0.038830800000000006	0.08278730000000001	0.0	0.0	0.0880842	0.0	0.0813208	0.0006421490000000001	0.0	0.00139525	0.0	0.0	0.0	0.00081658	0.0	0.0	0.0
Sor-ACeb_002-Ex1-9E-lcwgs-1-3-L2-clmp.r1r2_fastp	0.0	0.167657	0.0007731389999999999	0.0	0.0006586	0.000171809	0.0	0.0	0.0	0.0	0.0	0.0	0.0	0.0	0.00048679100000000004	0.0019471699999999998	0.0	0.0	0.000114539	0.00151764	0.0	0.0	0.0	0.00257713	0.0	0.0	0.00289211	0.00380843	0.0147469	5.7269600000000005e-05	0.00114539	0.010050799999999999	0.0	0.00266357	0.0	0.0	0.0	0.000717076	0.0	0.0	0.0	0.0	5.76112e-05	0.0	0.000202245	0.0	2.90113e-05	0.007445890000000001	0.0	0.0	0.0	0.0	0.0	0.0	0.0	0.007835139999999999	0.00627995	0.0	0.0	0.0	9.398679999999999e-05	0.0	0.0	0.00374694	0.00222174	0.0	0.0	0.0	0.0	0.0	0.0	0.00039606300000000005	0.0	0.000186008	0.008968730000000001	0.0	0.0	3.99421e-05	0.0	0.0	0.0	0.0	0.0	0.0	0.004825680000000001	0.000375725	0.0	0.0	0.00125589	0.0	0.000684216	0.000215564	0.0	0.00101837	0.0	0.0	0.0	0.0	0.0106065	0.0	0.0	0.00048728899999999996	7.152619999999999e-05	0.0	7.554090000000001e-05	0.0	0.0	0.0	0.0	0.0	0.0	0.0005513460000000001	0.00529375	0.0	0.0	0.0	0.000106106	0.0010924	0.0184433	0.000231527	0.0	0.0	0.0	0.0	0.0	0.0	0.0	0.000438554	0.0	0.0	0.0	0.0	0.000338563	0.00034871	0.000179486	0.000184775	0.000190254	0.0	0.0	0.0	0.0	0.0	0.0	0.0	0.000240951	0.00397142	0.00204318	0.0	0.0	0.0
Sor-ACeb_002-Ex1-9E-lcwgs-1-3-L3-clmp.r1r2_fastp	0.0	0.143061	0.0043555700000000004	0.0041077	0.0	0.0379254	0.0	0.00134562	0.159315	0.00315159	0.000566579	0.0	0.0	0.000212467	0.0	0.0	0.0	3.54112e-05	0.0	0.0	0.0	0.0	0.0	0.0	0.0	0.000637401	0.000566579	3.54112e-05	0.000389523	0.000991513	0.0556664	0.0	3.54112e-05	0.0	0.0476831	0.0021615700000000002	0.0	0.0	0.0	0.0462953	0.0477496	0.0	3.55954e-05	7.12804e-05	0.0	0.0	0.0030094799999999997	0.004022319999999999	0.000468125	0.0	0.000289949	0.005421	0.0	0.0	0.0	0.000482497	0.00108313	0.0	0.000757646	7.63688e-05	0.000693216	0.0019041800000000001	0.0	0.000158584	0.08356820000000001	0.0016621099999999998	8.2061e-05	4.15597e-05	0.0	0.0397133	0.0489946	0.0	0.0	0.0	0.0449246	0.000281458	0.0018613	4.8582e-05	0.0	0.17906	0.0	0.0	0.00010683	0.000109021	0.0	0.0	0.0018576600000000001	0.0	0.000848803	0.000124	0.00577118	0.0	0.0	6.805360000000001e-05	0.0	0.0	0.00153817	7.51193e-05	0.00015409200000000001	0.0	0.0	0.0	0.0	0.0007018969999999999	0.0	0.000462727	9.50871e-05	0.0	0.00130526	0.040971099999999996	0.0	0.0	0.00156948	0.00011529400000000001	0.0015412000000000002	0.0	0.0	0.0	0.0005312580000000001	0.0	0.0	0.000723201	0.0	0.0	0.0	0.000162191	0.00016687400000000002	0.0	0.0	0.0896388	0.000748278	0.0	0.0	0.0431601	0.0833922	0.0	0.0	0.0841745	0.00117458	0.0853242	0.00199129	0.0002565	0.0036959999999999996	0.000271426	0.00111687	0.0	0.000886829	0.0009120539999999999	0.000626354	0.0
Sor-ACeb_003-Ex1-10E-lcwgs-1-3-L2-clmp.r1r2_fastp	0.0	0.16730499999999998	0.0006887449999999999	0.0	0.0008534449999999999	0.000194645	0.0	1.49727e-05	1.49727e-05	0.0	0.0	0.0	0.0	0.0	0.000254536	0.00235072	0.0	0.0	0.000149727	0.00155716	0.0	0.0	0.0	0.00223094	0.0	0.0	0.0032790299999999996	0.00363837	0.0129364	4.49182e-05	0.00107804	0.0105857	0.0	0.00251803	0.0	0.0	0.0	0.0007096559999999999	0.0	0.0	0.0	0.0	0.000322941	1.5458800000000002e-05	0.00012440000000000002	0.0	9.45652e-05	0.00651221	0.0	0.0	1.63238e-05	0.0	0.0	0.0	0.0	0.006770409999999999	0.00604338	0.0	0.0	0.0	1.88568e-05	0.0	1.96189e-05	0.0034069400000000002	0.00229452	0.0	0.0	0.0	0.0	0.0	0.0	0.000687038	0.0	2.60271e-05	0.00950168	0.0	0.0	0.0	0.0	0.0	0.0	0.0	0.0	0.0	0.00431811	0.000472177	0.0	0.0	0.00155075	0.0	0.00115507	0.000452012	0.0	0.000986618	0.0	0.0	0.0	0.0	0.0113842	0.0	0.0	0.000239459	0.0	0.0	9.29529e-05	0.0	0.0	0.0	0.0	0.0	0.000127576	0.00040394599999999997	0.00568714	0.0	0.0	0.0	0.0	0.00018757300000000001	0.017059900000000003	0.000209798	0.0	0.0	0.0	0.0	0.0	0.0	0.0	0.000662142	0.0	0.0	0.0	0.0	0.000439472	0.000465404	0.00147906	0.00104317	0.0005520470000000001	0.0	0.0	0.0	0.0	0.0	0.0	0.000820459	0.0	0.00275596	0.0	0.0	0.0	0.0
Sor-ACeb_003-Ex1-10E-lcwgs-1-3-L3-clmp.r1r2_fastp	0.0	0.141573	0.00455852	0.00392848	0.0	0.035671299999999996	0.0	0.00174187	0.150839	0.00222367	0.00038914200000000004	0.0	0.0	0.000148244	0.0	0.0	0.0	0.0	0.0	0.0	0.0	0.0	0.0	0.0	0.0	0.000592978	0.00042620299999999994	0.000129714	0.000296489	0.000778283	0.0496989	1.8530600000000002e-05	5.55917e-05	3.70969e-05	0.046204	0.00219472	0.0	0.0	0.0	0.0442447	0.0448113	0.0	0.0	0.000190933	1.91989e-05	7.72609e-05	0.0034999600000000003	0.0032904500000000003	0.00035536199999999996	0.0	0.000201019	0.00497533	4.1060500000000004e-05	2.07737e-05	0.0	0.00053291	0.00140529	0.0	0.000958794	0.000158729	0.0009924460000000001	0.00183416	0.0	0.000122387	0.0762892	0.00135541	2.61725e-05	5.3621599999999995e-05	0.0	0.0370739	0.0452686	0.0	0.0	0.0	0.045313400000000004	0.00020109000000000001	0.00169441	0.0	0.0	0.182139	0.0	0.0	0.000126897	0.0	0.0	0.0	0.0020607299999999998	0.0	0.0007429569999999999	0.00011052100000000001	0.00552873	0.0	0.0	6.54464e-05	6.83846e-05	0.0	0.00164568	0.0	0.0	0.0	0.0	0.0	0.0	0.000837175	0.0	0.00034716500000000003	0.000121793	0.00012828499999999998	0.00162164	0.0367498	0.0	0.0	0.0020068	0.0	0.0016770799999999998	0.0	0.0	0.0	0.00046474	0.0	0.0	0.000549573	0.0	0.0	0.0	0.000344161	0.0	0.0	0.0	0.0878481	0.00136659	0.0	0.0	0.0527849	0.064386	0.0	0.0	0.081543	0.0	0.07605310000000001	0.0007952480000000001	0.0016838799999999998	0.00355733	0.0	0.000990432	0.0	0.00110582	0.0	0.00123865	0.0
Sor-ACeb_004-Ex1-11E-lcwgs-1-3-L2-clmp.r1r2_fastp	0.0	0.169909	0.000785319	0.0	0.0009568249999999999	0.000198586	0.0	2.708e-05	2.708e-05	0.0	0.0	0.0	0.0	0.0	0.000397173	0.0024281700000000003	0.0	0.0	0.000207613	0.0016970099999999999	0.0	0.0	0.0	0.0026809200000000003	0.0	0.0	0.0032134900000000003	0.0045043	0.015850799999999998	2.708e-05	0.0013901	0.011355500000000001	0.0	0.00303442	0.0	0.0	0.0	0.000779325	0.0	0.0	0.0	0.0	0.000237677	0.0	0.000147075	0.0	9.25744e-05	0.00845003	0.0	0.0	2.832e-05	0.0	0.0	1.92682e-05	0.0	0.00878646	0.00744491	0.0	0.0	0.0	4.1313e-05	0.0	1.06025e-05	0.00354926	0.00224917	0.0	0.0	0.0	0.0	0.0	0.0	0.000681771	0.0	0.000116442	0.009884460000000001	0.0	0.0	2.84151e-05	0.0	0.0	0.0	0.0	0.0	0.0	0.00603232	0.000317609	0.0	0.0	0.00146918	0.0	0.000762298	0.000149039	0.0	0.0013891300000000001	0.0	0.0	0.0	2.62156e-05	0.0119352	0.0	0.0	0.00027359	3.15722e-05	0.0	6.819029999999999e-05	0.0	0.0	3.83417e-05	0.0	0.0	0.000129604	0.0009444649999999999	0.00711758	0.0	0.0	0.0	0.0	0.0006894889999999999	0.0170639	0.000436802	0.0	0.0	0.0	0.0	0.0	0.0	0.0	0.0006082279999999999	0.0	0.0	0.0	0.0	0.00138798	0.0014455400000000001	0.000579159	0.000362067	0.000125675	0.000130879	0.0	0.0	0.0	0.0	0.0	0.00016687499999999998	0.00017351699999999999	0.00289144	0.00131493	0.000195518	0.0	0.0
Sor-ACeb_004-Ex1-11E-lcwgs-1-3-L3-clmp.r1r2_fastp	0.0	0.13986700000000002	0.00411788	0.00446557	0.0	0.0369849	0.0	0.00185794	0.16408499999999998	0.0026185	0.000554121	0.0	0.0	0.000282493	0.0	0.0	0.0	4.34605e-05	0.0	0.0	0.0	0.0	0.0	0.0	0.0	0.0009126709999999999	0.000619312	2.17303e-05	0.00036941400000000004	0.000999592	0.0550645	0.0	3.2595399999999996e-05	1.08699e-05	0.05125830000000001	0.00230731	0.0	1.09039e-05	0.0	0.0471696	0.049859999999999995	0.0	4.3965100000000004e-05	0.000220357	1.10482e-05	6.649560000000001e-05	0.00380365	0.00451101	0.000728955	0.0	0.000305896	0.00582333	0.0	0.0	0.0	0.000574937	0.0011956	0.0	0.000953696	0.000219653	0.000999919	0.00203686	0.0	0.000231021	0.0835789	0.00195701	8.06238e-05	0.00012298799999999998	0.0	0.0390517	0.05132	0.0	0.0	0.0	0.045785900000000004	0.00016041	0.0019862400000000002	3.36203e-05	0.0	0.17864	0.0	1.85905e-05	0.000229143	7.848269999999999e-05	0.0	0.0	0.00220146	0.0	0.000794362	0.000140457	0.0059183	0.0	0.0	0.0	0.000137785	0.0	0.00185995	0.0	0.0	0.0	0.0	0.0	0.0	0.0011818199999999999	3.9601600000000004e-05	0.00037035000000000003	8.552539999999999e-05	0.0	0.00198739	0.0390263	0.0	0.0	0.00119071	0.0	0.00129056	0.0	0.0	0.0	0.000551787	0.0	0.0	0.000623101	0.0	0.0	0.0	0.000367009	0.0	0.0	0.0	0.08612099999999999	0.000561766	0.0	0.0	0.045639200000000005	0.0805047	0.0	0.0	0.0840497	0.000619324	0.0814096	0.0010071899999999998	0.0	0.0014555	0.00075658	0.0	0.0	0.0023377999999999997	0.0	0.000460723	0.0
Sor-ACeb_005-Ex1-12E-lcwgs-1-3-L2-clmp.r1r2_fastp	0.0	0.155499	0.000872723	0.0	0.000992508	0.000222459	0.0	1.71122e-05	5.1336600000000006e-05	0.0	0.0	0.0	0.0	0.0	0.000547591	0.00213903	0.0	0.0	0.000119785	0.00208769	0.0	0.0	0.0	0.00277218	0.0	0.0	0.00405559	0.00472297	0.0171807	0.0	0.0016427699999999998	0.013860899999999999	0.0	0.00366241	0.0	0.0	0.0	0.00090781	0.0	0.0	0.0	0.0	0.000309136	0.0	0.000137679	0.0	5.17822e-05	0.00949401	0.0	0.0	0.0	0.0	0.0	1.76085e-05	0.0	0.0101462	0.00825202	0.0	0.0	0.0	0.000146576	0.0	0.0	0.00426005	0.0026511499999999997	0.0	0.0	0.0	0.0	0.0	0.0	0.000530912	0.0	0.000125659	0.010186299999999999	0.0	0.0	2.2116899999999998e-05	0.0	0.0	0.0	0.0	0.0	0.0	0.00769957	0.00034985999999999996	0.0	0.0	0.00136367	0.0	0.000758778	0.000165305	0.0	0.00122488	0.0	0.0	0.0	3.04338e-05	0.012250299999999999	0.0	0.0	0.000357533	0.0	0.0	6.82135e-05	0.0	0.0	0.0	0.0	0.0	0.0	0.00110287	0.00633268	0.0	0.0	0.0	0.0	0.000582221	0.0162885	0.00038536800000000003	0.0	0.0	0.0	0.0	0.0	0.0	0.0	0.000575987	4.8681000000000004e-05	0.0	0.0	0.0	0.00108121	0.0009398610000000001	0.000476605	0.000268594	0.00021795	0.00011055	0.0	0.0	0.0	0.0	0.0	0.000120525	0.0005503880000000001	0.0024221499999999997	0.0023948	0.000511954	0.0	0.0
Sor-ACeb_005-Ex1-12E-lcwgs-1-3-L3-clmp.r1r2_fastp	0.0	0.12939900000000001	0.0043760100000000005	0.0038017800000000003	0.0	0.0345527	0.0	0.00192069	0.158566	0.00257412	0.000534626	0.0	0.0	0.000336616	0.0	0.0	0.0	1.9800900000000002e-05	0.0	0.0	0.0	0.0	0.0	0.0	0.0	0.0009108440000000001	0.000534626	1.9800900000000002e-05	0.000514825	0.0008910430000000001	0.0592246	0.0	1.9800900000000002e-05	5.94083e-05	0.054106900000000006	0.00267405	0.0	1.98163e-05	0.0	0.0516547	0.0548114	0.0	0.0	9.9388e-05	0.0	5.9763200000000004e-05	0.00363083	0.00475582	0.00040041100000000004	0.0	0.00022125200000000002	0.00599112	2.02365e-05	2.03094e-05	0.0	0.000450556	0.0013580999999999999	0.0	0.000935987	8.36996e-05	0.0007161530000000001	0.00195143	0.0	0.000301592	0.0923293	0.00138079	0.000110613	2.234e-05	0.0	0.044210799999999995	0.0574863	0.0	0.0	0.0	0.0452931	0.0001962	0.00193853	5.03851e-05	0.0	0.184193	0.0	2.66814e-05	0.0001354	5.49778e-05	0.0	0.0	0.0022161999999999998	0.0	0.0008612100000000001	0.000241377	0.00603947	0.0	0.0	0.0	0.00013080400000000002	0.0	0.00145225	3.4321e-05	0.0	0.0	0.0	0.0	0.0	0.00109507	3.83521e-05	0.000233753	7.9132e-05	4.01753e-05	0.00155034	0.0445729	0.0	0.0	0.00151709	0.0	0.00151783	0.0	0.0	0.0	0.00066243	0.0	0.0	0.000543243	0.0	0.0	0.0	0.000417902	5.2964400000000004e-05	0.0	0.0	0.08457010000000001	0.00083933	0.0	0.0	0.0412974	0.0838009	0.0	0.0	0.0880398	0.000437606	0.0823375	0.00128587	0.00019577	0.00324335	0.000402679	0.000680987	0.0	0.0023139600000000003	0.000284622	0.000578242	0.0
Sor-ACeb_006-Ex1-1F-lcwgs-1-3-L2-clmp.r1r2_fastp	0.0	0.165604	0.000856696	0.0	0.0008524130000000001	0.00027842599999999997	0.0	4.28348e-05	2.5700900000000003e-05	0.0	0.0	0.0	0.0	0.0	0.00039407999999999994	0.00244158	0.0	0.0	0.000175623	0.00198325	0.0	0.0	0.0	0.00297702	0.0	0.0	0.00372663	0.00486175	0.0172239	1.71339e-05	0.00149065	0.0125592	0.0	0.0031403399999999997	0.0	0.0	0.0	0.0006348759999999999	0.0	0.0	0.0	0.0	0.000275643	0.0	0.00020305100000000002	0.0	5.6412799999999996e-05	0.00905161	0.0	0.0	8.80214e-06	0.0	0.0	3.57929e-05	0.0	0.00957539	0.007937719999999999	0.0	0.0	0.0	4.7629e-05	9.6416e-06	9.767890000000001e-06	0.00370407	0.00271382	0.0	0.0	0.0	0.0	0.0	0.0	0.000781708	0.0	0.000148995	0.0105295	0.0	0.0	2.6214e-05	0.0	0.0	0.0	0.0	0.0	0.0	0.00669448	0.000391626	0.0	0.0	0.0018598599999999999	0.0	0.0010676700000000002	0.00022653499999999999	0.0	0.00141122	0.0	0.0	0.0	0.0	0.0130746	0.0	0.0	0.000294515	7.27986e-05	0.0	0.00021988999999999998	0.0	0.0	0.0	0.0	0.0	7.93584e-05	0.0008669579999999999	0.00672274	0.0	0.0	4.84168e-05	2.51991e-05	0.0009705919999999999	0.0158387	0.000483234	0.0	0.0	0.0	0.0	0.0	0.0	0.0	0.000549261	0.0	0.0	0.0	0.0	0.000574087	0.000696613	0.00036223099999999997	0.000430152	0.000167683	0.0	0.0	0.0	0.0	0.0	0.0	0.000146094	0.000454982	0.00259872	0.00220432	0.00042335500000000004	0.0	0.0
Sor-ACeb_006-Ex1-1F-lcwgs-1-3-L3-clmp.r1r2_fastp	0.0	0.136724	0.00424365	0.00407229	0.0	0.0364288	0.0	0.00200086	0.159288	0.00275182	0.000675355	0.0	0.0	0.00028223800000000003	0.0	0.0	0.0	1.51199e-05	0.0	0.0	0.0	0.0	0.0	0.0	0.0	0.0009475130000000001	0.000645115	5.03996e-05	0.000302398	0.00111887	0.058750800000000006	5.03996e-06	2.51998e-05	5.04071e-05	0.054243200000000005	0.00259709	0.0	0.0	5.04865e-06	0.0504439	0.053905299999999996	0.0	1.01287e-05	0.00011662800000000001	0.0	8.649499999999999e-05	0.0038856600000000004	0.0044633599999999996	0.000723072	0.0	0.000273853	0.00577727	1.56527e-05	1.5743200000000002e-05	0.0	0.000728701	0.00147411	0.0	0.0011293	0.00024794899999999997	0.0008242880000000001	0.00233829	1.71154e-05	0.000271739	0.08877689999999999	0.00178605	8.46913e-05	8.61235e-05	1.8783699999999998e-05	0.0411363	0.0555447	0.0	0.0	0.0	0.0463892	0.00020267	0.00244537	8.350150000000001e-05	0.0	0.183512	0.0	6.72828e-05	0.00024195899999999998	4.44193e-05	0.0	0.0	0.00242148	0.0	0.0010597900000000001	0.00027597099999999996	0.00569755	0.0	0.0	0.0	0.000125005	1.2935e-05	0.00214254	5.5473e-05	5.74773e-05	0.0	0.0	3.20401e-05	0.0	0.000810928	3.5826e-05	0.000167449	7.73133e-05	8.03319e-05	0.00196196	0.0449386	0.0	0.0	0.00122003	5.0758500000000005e-05	0.0017161799999999999	0.0	0.0	0.0	0.000618706	0.0	0.0	0.000766692	3.62747e-05	0.0	0.0	0.00044970700000000004	8.50894e-05	0.000132788	0.0	0.0875912	0.000498132	0.0	0.0	0.0410273	0.08349190000000001	0.0	0.0	0.0855703	0.000609768	0.085913	0.00131556	0.000151926	0.0023650900000000002	0.000245424	0.000339527	0.0	0.00228264	0.00028393200000000003	0.0004911560000000001	0.0
Sor-ACeb_007-Ex1-2F-lcwgs-1-3-L2-clmp.r1r2_fastp	0.0	0.177601	0.000172764	0.0	0.00120935	8.6382e-05	0.0	0.0	0.0	0.0	0.0	0.0	0.0	0.0	0.000345528	0.00224593	0.0	0.0	0.000172764	0.00146849	0.0	0.0	0.0	0.00302337	0.0	0.0	0.00233231	0.00414633	0.0137347	0.0	0.00155488	0.00881096	0.0	0.00233317	0.0	0.0	0.0	0.000779577	0.0	0.0	0.0	0.0	8.723470000000001e-05	0.0	0.000262993	0.0	0.0	0.00638189	0.0	0.0	9.004750000000001e-05	0.0	0.0	0.0	0.0	0.007036519999999999	0.0058769700000000005	0.0	0.0	0.0	9.97125e-05	0.0	0.0	0.0040776599999999994	0.0019159499999999998	0.0	0.0	0.0	0.0	0.0	0.0	0.000988676	0.0	0.0	0.009474139999999999	0.0	0.0	0.0	0.0	0.0	0.0	0.0	0.0	0.0	0.00502831	0.000556762	0.0	0.0	0.00123406	0.0	0.00110451	0.0	0.0	0.00172678	0.0	0.0	0.0	0.0	0.00899777	0.0	0.0	0.00033923499999999996	0.0	0.0	0.0	0.0	0.0	0.0	0.0	0.0	0.0	0.0	0.00380986	0.0	0.0	0.0	0.0	0.0006789049999999999	0.0127651	0.0	0.0	0.0	0.0	0.0	0.0	0.0	0.0	0.0	0.0	0.0	0.0	0.0	0.00131306	0.00137137	0.0	0.0	0.0	0.0	0.0	0.0	0.0	0.0	0.0	0.0	0.0	0.0	0.00468845	0.0	0.0	0.0
Sor-ACeb_007-Ex1-2F-lcwgs-1-3-L3-clmp.r1r2_fastp	0.0	0.136523	0.00320979	0.00449371	0.0	0.0361637	0.0	0.00192588	0.16049	0.00278182	0.000320979	0.0	0.0	0.000320979	0.0	0.0	0.0	0.0	0.0	0.0	0.0	0.0	0.0	0.0	0.0	0.000855945	0.000641958	0.00021398600000000002	0.000320979	0.0011769200000000001	0.0558504	0.0	0.0	0.0	0.0472173	0.0026780000000000003	0.0	0.0	0.0	0.0465345	0.0454106	0.0	0.0	0.00010819599999999999	0.0	0.0	0.0037116799999999998	0.0027399800000000004	0.0006605389999999999	0.0	0.000333871	0.00470358	0.0	0.0	0.0	0.00023139099999999998	0.000701248	0.0	0.00071734	0.0	0.0004909550000000001	0.0016191100000000002	0.0	0.000257074	0.0821381	0.0015979	0.000135712	0.0	0.0	0.0398598	0.0435823	0.0	0.0	0.0	0.0443	0.0	0.00120184	0.0	0.0	0.179693	0.0	0.0	0.000204255	0.0	0.0	0.0	0.00139182	0.0	0.000744579	0.0	0.00452549	0.0	0.0	0.0	0.00030792199999999997	0.0	0.0016614899999999998	0.0	0.0	0.0	0.0	0.0	0.0	0.0	0.0	0.00047901199999999996	0.0	0.0	0.00108788	0.042006299999999996	0.0	0.0	0.00129312	0.0	0.000705363	0.0	0.0	0.0	0.0	0.0	0.0	0.0	0.0	0.0	0.0	0.00114033	0.0	0.0	0.0	0.09748699999999999	0.00424016	0.0	0.0	0.0608867	0.0955126	0.0	0.0	0.113982	0.0	0.0782811	0.00214206	0.0	0.00465744	0.0	0.0	0.0	0.00272376	0.0	0.0	0.0
Sor-ACeb_008-Ex1-3F-lcwgs-1-3-L2-clmp.r1r2_fastp	0.0	0.16944700000000001	0.000825705	0.0	0.000775003	0.00022453400000000003	0.0	3.98366e-05	2.53506e-05	0.0	0.0	0.0	0.0	0.0	0.00040923099999999997	0.00246263	0.0	0.0	0.000173833	0.00174919	0.0	0.0	0.0	0.0027776999999999997	0.0	0.0	0.0034585400000000004	0.00421182	0.0150619	2.1729100000000002e-05	0.00139428	0.0111941	0.0	0.00294444	0.0	0.0	0.0	0.00056329	0.0	0.0	0.0	0.0	0.00027245899999999996	0.0	0.000173718	0.0	4.59621e-05	0.0074361	0.0	0.0	2.7792700000000002e-05	0.0	0.0	1.2329299999999999e-05	0.0	0.00781823	0.006656	0.0	0.0	0.0	5.4919599999999995e-05	9.32564e-06	9.509910000000001e-06	0.0031203800000000003	0.00214632	0.0	0.0	0.0	0.0	0.0	0.0	0.000529063	0.0	0.00011181900000000001	0.00967875	0.0	0.0	6.99191e-06	0.0	0.0	0.0	0.0	0.0	0.0	0.00517042	0.000318835	0.0	0.0	0.00114891	0.0	0.0008999160000000001	0.000171201	0.0	0.00111345	0.0	0.0	0.0	4.39686e-05	0.0114257	0.0	0.0	0.00026297	1.8358799999999998e-05	0.0	0.000181581	0.0	0.0	0.0	0.0	0.0	0.0	0.000712559	0.00701683	0.0	0.0	7.00307e-05	3.69014e-05	0.000739029	0.0163591	0.000216135	0.0	0.0	0.0	0.0	0.0	0.0	0.0	0.00033185800000000003	0.0	0.0	0.0	0.0	0.0007821390000000001	0.00110047	0.00019349700000000002	0.00010204800000000001	0.000107663	0.000340997	0.0	0.0	0.0	0.0	0.0	0.00015723200000000002	0.000662779	0.00297123	0.00239641	0.0	0.0	0.0
Sor-ACeb_008-Ex1-3F-lcwgs-1-3-L3-clmp.r1r2_fastp	0.0	0.14049699999999998	0.00444207	0.00429179	0.0	0.0367785	0.0	0.0016619100000000002	0.16002	0.00247518	0.000605535	0.0	0.0	0.000274038	0.0	0.0	0.0	4.86196e-05	0.0	0.0	0.0	0.0	0.0	0.0	0.0	0.00105195	0.000649735	7.07194e-05	0.000335917	0.00102985	0.0539545	3.09398e-05	5.7459599999999994e-05	3.9826599999999996e-05	0.049307	0.0021842800000000002	0.0	1.7842e-05	4.47341e-06	0.046856699999999994	0.0498049	0.0	3.63591e-05	0.000155329	1.37845e-05	6.4738e-05	0.0037625	0.0041335	0.0006811710000000001	0.0	0.00029869799999999996	0.00556802	4.92089e-06	1.99162e-05	0.0	0.000592635	0.0011657100000000001	0.0	0.0009185350000000001	0.000211701	0.0008504599999999999	0.00194001	0.0	0.000309781	0.08187090000000001	0.00170102	6.23421e-05	6.37924e-05	0.0	0.0387268	0.048990000000000006	0.0	0.0	0.0	0.0454099	0.000181094	0.00195406	4.17666e-05	0.0	0.17862799999999998	0.0	0.0	0.000224967	7.07839e-05	0.0	0.0	0.0020867299999999997	0.0	0.0008686500000000001	0.000175334	0.00582832	0.0	0.0	0.0	0.000152546	1.59009e-05	0.00194078	8.65709e-05	3.61689e-05	1.88965e-05	0.0	2.0670599999999998e-05	0.0	0.000974917	4.7524899999999996e-05	0.000199345	7.84169e-05	5.48841e-05	0.00152746	0.0401845	0.0	0.0	0.00137338	3.70579e-05	0.00167766	0.0	0.0	0.0	0.0007210109999999999	0.0	0.0	0.00045083499999999996	5.9431099999999994e-05	0.0	0.0	0.000418713	0.0	7.7717e-05	0.0	0.0890229	0.00109593	0.0	0.0	0.0423473	0.0836816	0.0	0.0	0.0865001	0.000699834	0.0858047	0.000935922	0.0	0.00243343	0.000549422	0.00019298999999999998	0.0	0.00236291	0.0006813009999999999	0.000482308	0.0
Sor-ACeb_009-Ex1-4F-lcwgs-1-3-L2-clmp.r1r2_fastp	0.0	0.174702	0.000781472	0.0	0.0012156200000000002	0.000303906	0.0	4.34151e-05	0.0	0.0	0.0	0.0	0.0	0.0	0.000260491	0.00178002	0.0	0.0	4.34151e-05	0.00164977	0.0	0.0	0.0	0.0021273399999999997	0.0	0.0	0.00303906	0.00364687	0.0148045	0.0	0.00134587	0.008986929999999999	0.0	0.0031346	0.0	0.0	0.0	0.000399149	0.0	0.0	0.0	0.0	0.00018503	0.0	0.000236693	0.0	0.0	0.00670867	0.0	0.0	0.0	0.0	0.0	5.4713500000000004e-05	0.0	0.0071790299999999994	0.00681054	0.0	0.0	0.0	0.000191602	0.0	0.0	0.0033105499999999998	0.00148797	0.0	0.0	0.0	0.0	0.0	0.0	0.000523702	0.0	0.000279509	0.00789866	0.0	0.0	0.0	0.0	0.0	0.0	0.0	0.0	0.0	0.00596543	0.0	0.0	0.0	0.000814315	0.0	0.0	0.000369269	0.0	0.000603821	0.0	0.0	0.0	0.0	0.00930698	0.0	0.0	0.0	0.0	0.0	0.0	0.0	0.0	0.0	0.0	0.0	0.0	0.0	0.00982569	0.0	0.0	0.0	0.0	0.0018902300000000001	0.0119212	0.000696655	0.0	0.0	0.0	0.0	0.0	0.0	0.0	0.0	0.0	0.0	0.0	0.0	0.0	0.0	0.00148069	0.00155705	0.0016367699999999998	0.0	0.0	0.0	0.0	0.0	0.0	0.0	0.0	0.0	0.00273575	0.0	0.0	0.0
Sor-ACeb_009-Ex1-4F-lcwgs-1-3-L3-clmp.r1r2_fastp	0.0	0.143615	0.00494232	0.00419523	0.0	0.0363778	0.0	0.00137925	0.148097	0.00195394	0.000632157	0.0	0.0	0.000229875	0.0	0.0	0.0	0.000172407	0.0	0.0	0.0	0.0	0.0	0.0	0.0	0.0009195020000000001	0.000747095	5.74689e-05	0.00028734400000000003	0.00103444	0.0472969	5.74689e-05	0.000172407	0.00017287000000000002	0.0469439	0.00208967	0.0	0.0	0.0	0.0444796	0.0447172	0.0	0.00012213399999999998	0.00018515800000000002	0.0	0.0	0.00294709	0.00324816	0.000923138	0.0	0.000340364	0.00470774	0.0	0.0	0.0	0.000597026	0.000914446	0.0	0.00103456	8.14074e-05	0.000666742	0.00145119	0.0	0.0	0.0770468	0.00189376	0.0	0.00010014799999999999	0.0	0.034949	0.0465426	0.0	0.0	0.0	0.0450163	0.0	0.00239303	0.0	0.0	0.182913	0.0	0.00015874000000000001	0.0	0.0	0.0	0.0	0.00230325	0.0	0.0	0.0	0.0047383799999999995	0.0	0.0	0.0	0.0	0.0	0.00145927	0.0	0.0	0.0	0.0	0.0	0.0	0.000401664	0.0	0.0	0.0	0.0	0.0015312199999999998	0.033197899999999995	0.0	0.0	0.00123905	0.0	0.00205579	0.0	0.0	0.0	0.0016713599999999998	0.0	0.0	0.00097161	0.0	0.0	0.0	0.0011863400000000001	0.0	0.0	0.0	0.0944795	0.0	0.0	0.0	0.039116	0.0877914	0.0	0.0	0.102234	0.0	0.11294499999999999	0.0	0.0	0.00561277	0.0	0.0	0.0	0.0034326499999999998	0.0	0.0	0.0
Sor-ACeb_010-Ex1-5F-lcwgs-1-3-L2-clmp.r1r2_fastp	0.0	0.17412	0.00142629	0.0	0.00142527	0.000438069	0.0	4.21616e-05	2.57083e-05	0.0	0.0	0.0	0.0	0.0	0.000626253	0.0038161299999999996	0.0	0.0	0.000311584	0.00353129	0.0	0.0	0.0	0.00470256	0.0	0.0	0.00609183	0.00786467	0.026498999999999998	2.6736599999999997e-05	0.00242583	0.0200432	0.0	0.00530016	0.0	0.0	0.0	0.0012669200000000002	0.0	4.13623e-06	0.0	0.0	0.000463514	5.20822e-06	0.00034674200000000004	0.0	0.00011668400000000001	0.014157	0.0	0.0	2.7844899999999998e-05	0.0	0.0	3.05863e-05	0.0	0.0150361	0.0138119	0.0	0.0	0.0	0.000122787	3.5520600000000004e-06	2.1594599999999998e-05	0.0060299	0.0039818	0.0	0.0	0.0	0.0	1.34134e-06	0.0	0.0012231499999999999	0.0	0.00022772099999999998	0.014947199999999999	0.0	0.0	4.59205e-05	0.0	0.0	0.0	0.0	0.0	0.0	0.0105272	0.000556045	0.0	0.0	0.00247961	0.0	0.001396	0.000458912	0.0	0.0025328	0.0	0.0	0.0	5.0333599999999995e-05	0.0177169	0.0	0.0	0.00043618600000000003	5.64823e-05	0.0	0.000192726	0.0	0.0	0.0	0.0	0.0	4.00668e-05	0.00130339	0.0106943	0.0	0.0	1.6136899999999998e-05	2.2355000000000002e-05	0.0009	0.0215383	0.0006394160000000001	0.0	0.0	2.1096999999999998e-05	0.0	0.0	0.0	0.0	0.000859789	6.1904e-05	0.0	0.0	0.0	0.00127428	0.00142939	0.000542411	0.000424949	0.000405214	9.891919999999999e-05	0.0	0.0	0.0	0.0	0.0	0.000277196	0.000526772	0.00372638	0.0025565799999999997	0.000747713	0.0	0.0
Sor-ACeb_010-Ex1-5F-lcwgs-1-3-L3-clmp.r1r2_fastp	0.0	0.143152	0.00469886	0.00453858	0.0	0.0387728	0.0	0.00259446	0.18313	0.00425722	0.00100319	0.0	0.0	0.000440482	0.0	0.0	0.0	3.57459e-05	0.0	0.0	0.0	0.0	0.0	0.0	0.0	0.00138487	0.000936312	5.65016e-05	0.000553485	0.00163393	0.0813277	2.65212e-05	3.4592800000000005e-05	4.2679500000000004e-05	0.073504	0.00398686	0.0	5.7815099999999995e-06	0.0	0.06969539999999999	0.0723035	0.0	1.74553e-05	0.00022504399999999998	1.0519e-05	0.00010078600000000001	0.006321029999999999	0.006915339999999999	0.000973567	0.0	0.00046985799999999997	0.008607400000000001	1.08851e-05	1.2175299999999998e-05	0.0	0.0009666179999999999	0.00183999	0.0	0.00154222	0.00034403	0.0014213799999999999	0.0033061500000000003	1.99521e-05	0.00045559699999999997	0.11611900000000001	0.00276596	0.000160594	0.000140295	2.91176e-06	0.054355799999999996	0.079059	0.0	0.0	3.19849e-06	0.055557499999999996	0.00021179199999999998	0.0031276499999999996	6.62331e-05	0.0	0.218713	0.0	4.98329e-05	0.00033214999999999997	9.88071e-05	0.0	0.0	0.00332801	0.0	0.00147498	0.00040462	0.00847008	0.0	0.0	1.61273e-05	0.000133186	2.00599e-05	0.0034227299999999997	0.000100993	6.96264e-05	1.9645e-05	0.0	1.4035899999999999e-05	0.0	0.00153652	5.85586e-05	0.00039265999999999997	4.19834e-05	5.22643e-05	0.0026123500000000003	0.059695099999999994	1.46113e-05	1.51708e-05	0.0018958699999999998	4.9094299999999995e-05	0.0018872099999999998	0.0	0.0	0.0	0.000739878	0.0	0.0	0.000481913	5.39401e-05	2.40266e-05	0.0	0.0006747179999999999	0.000179778	0.00014008	0.0	0.0989293	0.00104674	0.0	0.0	0.0433141	0.10731600000000001	0.0	0.0	0.0948204	0.000888286	0.09008290000000001	0.00180601	0.00029933199999999997	0.00308722	0.000676997	0.00073673	0.0	0.0029200000000000003	0.00037101100000000003	0.00038542500000000006	0.0
Sor-ACeb_011-Ex1-6F-lcwgs-1-3-L2-clmp.r1r2_fastp	0.0	0.200378	0.0018773499999999999	0.0	0.0017504999999999999	0.00041437099999999997	0.0	6.76524e-05	1.69131e-05	0.0	0.0	0.0	0.0	0.0	0.000659611	0.00483714	0.0	0.0	0.000262153	0.0034502699999999996	0.0	0.0	0.0	0.00566589	0.0	0.0	0.006900539999999999	0.009336029999999999	0.032507	0.0	0.0028244900000000002	0.0245324	0.0	0.00610669	0.0	0.0	0.0	0.00171892	0.0	0.0	0.0	0.0	0.000382274	0.0	0.000221393	0.0	0.000145232	0.0180201	0.0	0.0	8.628329999999999e-06	0.0	0.0	3.4887999999999995e-05	0.0	0.019579299999999997	0.0159797	0.0	0.0	0.0	9.95142e-05	0.0	1.83332e-05	0.008409199999999999	0.00436091	0.0	0.0	0.0	0.0	0.0	0.0	0.00125062	0.0	0.000371016	0.021334699999999998	0.0	0.0	4.16606e-05	0.0	0.0	0.0	0.0	0.0	0.0	0.015	0.0005754779999999999	0.0	0.0	0.00284071	0.0	0.0016648400000000001	0.000348543	0.0	0.00340152	0.0	0.0	0.0	6.41086e-05	0.0262199	0.0	0.0	0.000589378	8.126269999999999e-05	0.0	0.000207711	0.0	0.0	0.0	0.0	0.0	2.9613699999999997e-05	0.0019319900000000002	0.0154806	0.0	0.0	3.13426e-05	3.17031e-05	0.0012347299999999999	0.0318552	0.00104993	0.0	0.0	1.69816e-05	0.0	0.0	0.0	0.0	0.00118845	0.000127569	0.0	0.0	0.0	0.0017213900000000002	0.00183907	0.000744699	0.0006746219999999999	0.0005022690000000001	0.00016273900000000002	0.0	0.0	0.0	0.0	0.0	0.000153921	0.000847114	0.00567784	0.0036464300000000004	0.0010710799999999999	0.0	0.0
Sor-ACeb_011-Ex1-6F-lcwgs-1-3-L3-clmp.r1r2_fastp	0.0	0.158547	0.00578903	0.00556744	0.0	0.0410033	0.0	0.0027237	0.214554	0.00481957	0.00119104	0.0	0.0	0.00041547999999999997	0.0	0.0	0.0	0.0	0.0	0.0	0.0	0.0	0.0	0.0	0.0	0.00175425	0.000775563	0.000101562	0.0007017	0.00204047	0.0942494	9.232900000000001e-06	1.8465800000000002e-05	7.38735e-05	0.0850896	0.00467426	0.0	0.0	0.0	0.08408940000000001	0.0865113	0.0	0.0	9.27546e-05	0.0	5.57844e-05	0.006974210000000001	0.00873093	0.0010562	0.0	0.000432077	0.0115685	2.83532e-05	1.89701e-05	0.0	0.0008415019999999999	0.00259373	0.0	0.00142646	0.000302498	0.00120727	0.00423657	0.0	0.00041027599999999995	0.17811000000000002	0.003451	0.00019432	6.18475e-05	0.0	0.0796067	0.10531900000000001	0.0	0.0	0.0	0.07612619999999999	0.000254131	0.003959229999999999	2.2519e-05	0.0	0.303862	0.0	8.19417e-05	0.000354664	7.16479e-05	0.0	0.0	0.00504765	0.0	0.0022998	0.00043176300000000005	0.012537999999999999	0.0	0.0	0.0	0.000133881	1.3531100000000002e-05	0.00460902	2.7646e-05	8.38306e-05	2.82502e-05	0.0	4.3306399999999996e-05	0.0	0.0019328199999999998	5.96709e-05	0.00028658199999999996	9.14973e-05	4.6258e-05	0.0037419600000000003	0.09899290000000001	4.7827899999999997e-05	3.22479e-05	0.00277201	9.893289999999999e-05	0.00273452	0.0	0.0	0.0	0.00116895	0.0	0.0	0.0006318970000000001	3.65246e-05	3.6950400000000005e-05	0.0	0.0006049790000000001	1.91255e-05	0.000232215	0.0	0.128332	0.0010428	0.0	0.0	0.055091799999999996	0.168677	0.0	0.0	0.116205	0.0011702700000000002	0.123511	0.0025131100000000003	0.000481767	0.00532063	0.000752831	0.000762919	0.0	0.00404181	0.00047206799999999997	0.00037886	0.0
Sor-ACeb_012-Ex1-7F-lcwgs-1-3-L2-clmp.r1r2_fastp	0.0	0.16872700000000002	0.000964565	0.0	0.000967435	0.000295685	0.0	4.30609e-05	1.43536e-05	0.0	0.0	0.0	0.0	0.0	0.000424868	0.0025693	0.0	0.0	0.00019233899999999998	0.00207267	0.0	0.0	0.0	0.00281331	0.0	0.0	0.00391567	0.0049577499999999995	0.0175229	1.14829e-05	0.00155306	0.0128551	0.0	0.0032107100000000003	0.0	0.0	0.0	0.000682355	0.0	0.0	0.0	0.0	0.000295478	2.90205e-06	0.000177384	0.0	6.42872e-05	0.008589620000000001	0.0	0.0	1.48122e-05	0.0	0.0	6.01252e-06	0.0	0.00898116	0.008308349999999999	0.0	0.0	0.0	8.24314e-05	3.20281e-06	2.26661e-05	0.0036102300000000003	0.00240164	0.0	0.0	0.0	0.0	3.5728099999999998e-06	0.0	0.000803236	0.0	0.000184666	0.00993085	0.0	0.0	2.5159899999999996e-05	0.0	0.0	0.0	0.0	0.0	0.0	0.0061571199999999994	0.000406678	0.0	0.0	0.00136022	0.0	0.0008909009999999999	0.000228363	0.0	0.00134436	0.0	0.0	0.0	2.2691299999999997e-05	0.011709	0.0	0.0	0.000279747	3.62933e-05	0.0	0.00014681200000000002	0.0	0.0	0.0	0.0	0.0	1.23771e-05	0.000811539	0.0067173	0.0	0.0	4.54277e-05	3.15556e-05	0.0008057070000000001	0.0153351	0.00039283899999999997	0.0	0.0	4.04504e-05	0.0	0.0	0.0	0.0	0.00047363699999999995	2.59954e-05	0.0	0.0	0.0	0.0009520689999999999	0.0010888599999999999	0.000467334	0.000313159	0.000253859	3.7799e-05	0.0	0.0	0.0	0.0	0.0	0.0	0.000252813	0.0031633300000000002	0.00235984	0.000400333	0.0	0.0
Sor-ACeb_012-Ex1-7F-lcwgs-1-3-L3-clmp.r1r2_fastp	0.0	0.139421	0.00429031	0.0041613299999999995	0.0	0.0369021	0.0	0.00193811	0.16381900000000002	0.00294959	0.0005973850000000001	0.0	0.0	0.000257962	0.0	0.0	0.0	2.71538e-05	0.0	0.0	0.0	0.0	0.0	0.0	0.0	0.0010080900000000001	0.0006109619999999999	7.127879999999999e-05	0.000363183	0.00105561	0.0605531	1.69712e-05	3.3942299999999995e-05	4.75353e-05	0.0568085	0.002814	0.0	6.806449999999999e-06	0.0	0.05252660000000001	0.0552456	0.0	2.39556e-05	0.000147398	3.43428e-06	9.636359999999999e-05	0.00432264	0.0047388000000000005	0.000683459	0.0	0.00029700099999999997	0.005849	1.76248e-05	7.08587e-06	0.0	0.000691828	0.0013892499999999999	0.0	0.00094874	0.000177322	0.00101402	0.0022738299999999997	7.608810000000001e-06	0.000292399	0.0887284	0.0017511900000000001	7.99652e-05	5.2731699999999995e-05	4.11853e-06	0.041518099999999995	0.0569822	0.0	0.0	0.0	0.0467122	0.000187355	0.00208167	2.9351900000000003e-05	0.0	0.187089	0.0	3.22764e-05	0.00017106	5.66396e-05	0.0	0.0	0.0023182800000000003	0.0	0.000977552	0.000201484	0.00587229	0.0	0.0	0.0	0.00011028400000000002	8.1462e-06	0.00226742	5.23548e-05	5.42209e-05	2.8087099999999997e-05	0.0	1.00642e-05	0.0	0.00102926	0.0	0.000210295	4.85524e-05	5.045599999999999e-05	0.00183583	0.0428788	5.67193e-05	2.9505799999999998e-05	0.00119731	4.79224e-05	0.0015299	0.0	0.0	0.0	0.00072361	0.0	0.0	0.000486573	2.30467e-05	0.0	0.0	0.000391347	0.000108753	0.000113351	0.0	0.0865372	0.00064137	0.0	0.0	0.0427728	0.08109359999999999	0.0	0.0	0.08580009999999999	0.00044545399999999997	0.0797569	0.00135551	0.000202042	0.00236695	0.000328499	0.000456037	0.0	0.00203959	0.000321802	0.000537283	0.0
Sor-ACeb_013-Ex1-8F-lcwgs-1-3-L2-clmp.r1r2_fastp	0.0	0.259787	0.00279464	0.0	0.00235955	0.000766993	0.0	6.97266e-05	3.06797e-05	0.0	0.0	0.0	0.0	0.0	0.00110447	0.00717069	0.0	0.0	0.000451828	0.00591561	0.0	0.0	0.0	0.008339300000000001	0.0	0.0	0.0114603	0.0152757	0.0478492	5.57813e-05	0.00413618	0.037736	0.0	0.00895218	0.0	0.0	0.0	0.00202036	0.0	8.39555e-06	0.0	0.0	0.0007189270000000001	0.0	0.0005890860000000001	0.0	0.00018414199999999999	0.028057899999999997	0.0	0.0	4.02715e-05	0.0	0.0	4.97235e-05	0.0	0.0305258	0.0257507	0.0	0.0	0.0	0.000185782	1.25123e-05	3.47762e-05	0.010945799999999999	0.0075063	0.0	0.0	0.0	0.0	6.90236e-06	0.0	0.00241581	0.0	0.000435919	0.0301823	0.0	0.0	7.43018e-05	0.0	0.0	0.0	0.0	0.0	0.0	0.0229639	0.00101106	0.0	0.0	0.00480523	0.0	0.00270513	0.000784322	0.0	0.00390799	0.0	0.0	0.0	8.52124e-05	0.0354394	0.0	0.0	0.000692578	0.00013115099999999998	0.0	0.00038245600000000004	0.0	0.0	0.0	0.0	0.0	6.49662e-05	0.00231377	0.020011	0.0	0.0	4.71482e-05	3.19564e-05	0.0016158899999999998	0.0413172	0.0011150300000000001	0.0	0.0	1.7567399999999997e-05	0.0	0.0	0.0	0.0	0.0012874800000000001	0.000211311	0.0	0.0	1.00254e-05	0.0018404299999999999	0.00191797	0.000857399	0.000720959	0.0006234459999999999	0.00011987400000000001	0.0	0.0	0.0	0.0	0.0	0.000355163	0.00073228	0.006152830000000001	0.00504074	0.00156847	0.0	0.0
Sor-ACeb_013-Ex1-8F-lcwgs-1-3-L3-clmp.r1r2_fastp	0.0	0.207345	0.007177459999999999	0.00703584	0.0	0.0550031	0.0	0.00404372	0.282678	0.00756014	0.00167836	0.0	0.0	0.000708104	0.0	0.0	0.0	4.21849e-05	0.0	0.0	0.0	0.0	0.0	0.0	0.0	0.00255821	0.00151263	9.642260000000001e-05	0.000885883	0.00271189	0.137312	2.7118900000000002e-05	6.0264100000000005e-05	9.644059999999999e-05	0.124954	0.00748723	0.0	6.035920000000001e-06	3.01963e-06	0.118999	0.12363999999999999	0.0	2.12148e-05	0.000288334	6.08078e-06	0.000158428	0.0115137	0.0123391	0.00188035	0.0	0.0007214950000000001	0.0166031	2.18896e-05	1.88695e-05	0.0	0.00156753	0.0031451400000000003	0.0	0.00262573	0.000562742	0.0023586699999999998	0.0060497500000000004	2.03439e-05	0.0009255680000000001	0.229239	0.00504278	0.00019898699999999997	0.000183583	1.0945499999999999e-05	0.103939	0.151581	0.0	0.0	7.853100000000001e-06	0.0976494	0.000336503	0.0059352	8.802e-05	0.0	0.38991899999999996	0.0	0.00011237600000000001	0.000544654	0.000200443	0.0	0.0	0.00665854	0.0	0.00282031	0.00065735	0.0175034	0.0	0.0	1.1271900000000001e-05	0.000361988	1.1715e-05	0.006556879999999999	0.000127837	0.000167541	6.32483e-06	0.0	3.28392e-05	0.0	0.00310203	6.25108e-05	0.000587142	0.000122459	9.53467e-05	0.00515122	0.128878	3.86593e-05	2.36004e-05	0.0031607799999999998	0.000195315	0.00318586	0.0	0.0	0.0	0.0015101	0.0	0.0	0.0008141009999999999	4.69628e-05	7.62781e-05	0.0	0.000844607	0.00015945	0.000272983	0.0	0.158244	0.0016240999999999998	0.0	0.0	0.0627785	0.21001499999999998	0.0	0.0	0.141508	0.0013741699999999999	0.150617	0.00281017	0.00063581	0.00620642	0.000752808	0.0009790699999999999	0.0	0.00510883	0.0005300680000000001	0.000539186	0.0
Sor-ACeb_014-Ex1-9F-lcwgs-1-3-L2-clmp.r1r2_fastp	0.0	0.21738000000000002	0.00206262	0.0	0.0018905900000000002	0.000569305	0.0	5.49796e-05	2.83766e-05	0.0	0.0	0.0	0.0	0.0	0.0008317880000000001	0.00535962	0.0	0.0	0.000379536	0.00479032	0.0	0.0	0.0	0.00634216	0.0	0.0	0.008697410000000001	0.0112212	0.0366944	4.25648e-05	0.00324912	0.028236400000000002	0.0	0.007349490000000001	0.0	0.0	0.0	0.0016716699999999999	0.0	1.7850800000000002e-06	0.0	0.0	0.000556693	3.6012e-06	0.000424452	0.0	0.000171067	0.0203632	0.0	0.0	3.904e-05	0.0	0.0	4.56191e-05	0.0	0.021902	0.019944299999999998	0.0	0.0	0.0	0.00017810299999999999	1.2445400000000001e-05	2.31352e-05	0.00862293	0.0060247600000000005	0.0	0.0	0.0	0.0	2.35748e-06	0.0	0.0017456600000000002	0.0	0.00035164	0.0227612	0.0	0.0	9.43975e-05	0.0	0.0	0.0	0.0	0.0	0.0	0.016859000000000002	0.000847952	0.0	0.0	0.00397723	0.0	0.00218906	0.0006788440000000001	0.0	0.00362998	0.0	0.0	0.0	5.612049999999999e-05	0.027691499999999997	0.0	0.0	0.000751655	5.9556500000000005e-05	0.0	0.000275752	0.0	0.0	0.0	0.0	0.0	9.61975e-05	0.0022300600000000003	0.0168204	0.0	0.0	3.98791e-05	6.57367e-05	0.00132876	0.0319089	0.0009245589999999999	0.0	0.0	2.93864e-05	1.0081e-05	0.0	0.0	0.0	0.00136669	0.000151012	0.0	2.4553099999999997e-05	0.0	0.00143945	0.0015858	0.0010269600000000002	0.000618844	0.0004768	0.000118726	0.0	0.0	0.0	0.0	0.0	0.00019134000000000002	0.00089239	0.00575385	0.00413672	0.00110177	1.9962799999999998e-05	0.0
Sor-ACeb_014-Ex1-9F-lcwgs-1-3-L3-clmp.r1r2_fastp	3.8576900000000005e-06	0.173185	0.00559943	0.00562643	0.0	0.045742500000000005	1.92884e-06	0.00341019	0.22699399999999997	0.0054702	0.0013270399999999998	0.0	0.0	0.000532361	0.0	0.0	0.0	5.5936399999999995e-05	0.0	0.0	0.0	0.0	0.0	0.0	0.0	0.0018632599999999998	0.00121324	9.25845e-05	0.000694383	0.0022509599999999998	0.107656	3.0861499999999996e-05	6.94383e-05	8.49023e-05	0.0974567	0.00575276	0.0	7.740029999999999e-06	0.0	0.0916407	0.096387	0.0	2.5343600000000002e-05	0.000254027	1.1756300000000001e-05	0.000129725	0.009010480000000001	0.00943693	0.0013647400000000001	0.0	0.000599186	0.0122442	1.62955e-05	1.6416699999999998e-05	0.0	0.00124998	0.0024855299999999997	0.0	0.00211793	0.000374036	0.00188824	0.00471149	1.58106e-05	0.000636762	0.160475	0.0038354	0.00020384599999999999	0.000177995	4.96125e-06	0.07506449999999999	0.114726	0.0	0.0	2.72677e-06	0.0762498	0.00025298599999999997	0.0046237299999999995	8.60988e-05	0.0	0.30495700000000003	0.0	0.00013027400000000002	0.00039036299999999996	0.000140197	0.0	0.0	0.0050696	0.0	0.00230211	0.000563218	0.013306700000000001	0.0	0.0	1.7840300000000003e-05	0.000252347	1.4163799999999998e-05	0.005092149999999999	9.50241e-05	7.7241e-05	1.06052e-05	0.0	1.68768e-05	0.0	0.00234636	6.76707e-05	0.000488092	0.00011759499999999999	8.079059999999999e-05	0.0041560899999999994	0.0917654	4.4215e-05	4.55691e-05	0.00291149	6.45259e-05	0.00283423	0.0	0.0	0.0	0.0010022	0.0	0.0	0.00078784	8.42874e-05	1.08444e-05	0.0	0.000896028	0.000153628	0.000279596	0.0	0.130072	0.00134781	0.0	0.0	0.0552304	0.156267	0.0	0.0	0.11854999999999999	0.00132623	0.11977800000000001	0.00274466	0.000461112	0.00463938	0.000764681	0.000688611	0.0	0.00386355	0.0004958289999999999	0.000617066	0.0
Sor-ACeb_015-Ex1-10F-lcwgs-1-3-L2-clmp.r1r2_fastp	0.0	0.169513	0.000742756	0.0	0.00078402	0.00020632099999999998	0.0	7.221239999999999e-05	1.0316100000000001e-05	0.0	0.0	0.0	0.0	0.0	0.000381694	0.00215605	0.0	0.0	0.000144425	0.00202195	0.0	0.0	0.0	0.00243459	0.0	0.0	0.00319798	0.00394073	0.0163303	1.0316100000000001e-05	0.0011554	0.0109969	0.0	0.00243502	0.0	0.0	0.0	0.000712876	0.0	0.0	0.0	0.0	0.0002905	0.0	0.00018735599999999999	0.0	5.2284700000000004e-05	0.007446	0.0	0.0	2.12197e-05	0.0	0.0	2.15767e-05	0.0	0.007945210000000001	0.007767779999999999	0.0	0.0	0.0	3.44659e-05	1.16309e-05	0.0	0.0035255900000000003	0.00219586	0.0	0.0	0.0	0.0	0.0	0.0	0.0007182950000000001	0.0	0.000158933	0.00847734	0.0	0.0	1.59524e-05	0.0	0.0	0.0	0.0	0.0	0.0	0.0058416399999999995	0.00028122	0.0	0.0	0.00137257	0.0	0.000710871	0.000171737	0.0	0.0011064	0.0	0.0	0.0	0.0	0.0114053	0.0	0.0	0.000321478	0.0	0.0	4.0285e-05	0.0	0.0	0.0	0.0	0.0	0.0	0.00123777	0.00533398	0.0	0.0	0.0	0.0	0.000902635	0.0159385	0.00045359899999999995	0.0	0.0	0.0	0.0	0.0	0.0	0.0	0.000531274	0.0	0.0	0.0	0.0	0.000131201	0.000136788	0.000713106	0.00044586900000000005	0.000154947	0.000161523	0.0	0.0	0.0	0.0	0.0	0.000206894	0.000215438	0.00089759	0.00116755	0.000972365	0.0	0.0
Sor-ACeb_015-Ex1-10F-lcwgs-1-3-L3-clmp.r1r2_fastp	0.0	0.14182	0.00433565	0.0038429600000000003	0.0	0.0366683	0.0	0.00206929	0.153731	0.00232795	0.00048037000000000004	0.0	0.0	0.00030793	0.0	0.0	0.0	2.4634400000000003e-05	0.0	0.0	0.0	0.0	0.0	0.0	0.0	0.0009976920000000001	0.00048037000000000004	3.69516e-05	0.000468053	0.000899155	0.054121699999999995	1.2317200000000001e-05	1.2317200000000001e-05	1.23191e-05	0.0512948	0.00253889	0.0	0.0	0.0	0.0468297	0.0496187	0.0	1.23804e-05	0.000136371	0.0	0.000136864	0.00390352	0.00457693	0.000602137	0.0	0.000366603	0.00577876	0.0	0.0	0.0	0.000546767	0.00136461	0.0	0.000948422	0.000188918	0.00106404	0.00207036	0.0	0.00017002	0.08025070000000001	0.0016931200000000002	0.0001335	0.00012070400000000002	0.0	0.038992900000000004	0.0481311	0.0	0.0	0.0	0.0479749	0.00016048	0.00219249	1.87367e-05	0.0	0.18405100000000002	0.0	4.17108e-05	0.00025745900000000003	8.83539e-05	0.0	0.0	0.0025406400000000003	0.0	0.000773975	0.00026660700000000003	0.00559643	0.0	0.0	0.0	0.000190205	3.28764e-05	0.00221694	7.07983e-05	7.34979e-05	0.0	0.0	0.0	0.0	0.00111502	4.63969e-05	0.000241463	5.0281499999999996e-05	0.0	0.00179952	0.0377249	5.9200299999999996e-05	0.0	0.00115764	0.0	0.00195737	0.0	0.0	0.0	0.0008266320000000001	0.0	0.0	0.00046868599999999995	9.77879e-05	0.0	0.0	0.000443919	0.0	0.000120715	0.0	0.0875201	0.000547134	0.0	0.0	0.0447643	0.0781173	0.0	0.0	0.0917933	0.000190237	0.0750958	0.0008258180000000001	0.0	0.00201593	0.00023305700000000003	0.000485083	0.0	0.00157544	0.000273026	0.000853623	0.0
Sor-ACeb_016-Ex1-11F-lcwgs-1-3-L2-clmp.r1r2_fastp	0.0	0.16925	0.000772574	0.0	0.000849831	0.00024581900000000004	0.0	2.80936e-05	7.0234e-06	0.0	0.0	0.0	0.0	0.0	0.000294983	0.0023949799999999997	0.0	0.0	0.000168562	0.00200167	0.0	0.0	0.0	0.00240903	0.0	0.0	0.0032869500000000003	0.00411571	0.0158448	2.10702e-05	0.00135552	0.011146099999999999	0.0	0.0028464500000000004	0.0	0.0	0.0	0.000607201	0.0	1.41692e-05	0.0	0.0	0.000299612	0.0	0.00011483699999999998	0.0	5.0615199999999996e-05	0.0075227	0.0	0.0	1.47433e-05	0.0	0.0	7.515460000000001e-06	0.0	0.00807483	0.0071822200000000004	0.0	0.0	0.0	8.01513e-05	1.62193e-05	8.21112e-06	0.0036029499999999997	0.0020925699999999998	0.0	0.0	0.0	0.0	0.0	0.0	0.000655253	0.0	0.00012851800000000002	0.00888596	0.0	0.0	0.0	0.0	0.0	0.0	0.0	0.0	0.0	0.00557014	0.000357888	0.0	0.0	0.0014594	0.0	0.0009666900000000001	0.000221551	0.0	0.0009439539999999999	0.0	0.0	0.0	0.0	0.0118157	0.0	0.0	0.00039727899999999995	2.28658e-05	0.0	0.000245568	0.0	0.0	0.0	0.0	0.0	0.0	0.000856725	0.00648769	0.0	0.0	0.0	3.82487e-05	0.000674988	0.0144255	0.00029954799999999996	0.0	0.0	0.0	0.0	0.0	0.0	0.0	0.0005191929999999999	0.0	0.0	0.0	0.0	0.000900656	0.00100562	0.00044678599999999996	0.00030868299999999997	7.996279999999999e-05	8.28454e-05	0.0	0.0	0.0	0.0	0.0	0.000102257	0.000317486	0.00273763	0.00226461	0.000468114	0.0	0.0
Sor-ACeb_016-Ex1-11F-lcwgs-1-3-L3-clmp.r1r2_fastp	0.0	0.139325	0.00442489	0.00397562	0.0	0.036357	0.0	0.00194119	0.16083	0.0027549600000000003	0.000567946	0.0	0.0	0.00020344299999999998	0.0	0.0	0.0	2.54304e-05	0.0	0.0	0.0	0.0	0.0	0.0	0.0	0.000898541	0.000567946	5.93376e-05	0.000406887	0.000890064	0.0541329	2.54304e-05	4.2384e-05	1.69642e-05	0.051212	0.0022345999999999998	0.0	0.0	0.0	0.0472023	0.050507	8.57693e-06	8.59744e-06	0.000155169	0.0	0.000104095	0.0033169600000000003	0.00395933	0.000579364	0.0	0.000248212	0.00508994	8.96789e-06	9.02664e-06	0.0	0.000650399	0.00129294	0.0	0.000987321	0.00021842600000000003	0.000892602	0.00175691	0.0	0.000278578	0.0831983	0.00163619	8.30334e-05	0.000115968	0.0	0.0379534	0.049427	0.0	0.0	0.0	0.044839199999999996	0.000159224	0.0019777	1.27993e-05	0.0	0.182598	0.0	2.81521e-05	0.000173202	2.9620600000000002e-05	0.0	0.0	0.00216725	0.0	0.0006794629999999999	0.00020986300000000002	0.00538619	0.0	0.0	0.0	4.07532e-05	0.0	0.0018909299999999999	2.24572e-05	0.0	0.0	0.0	0.0	0.0	0.0009362260000000001	2.85173e-05	0.000236341	3.0613e-05	0.0	0.0017759899999999999	0.0423416	0.0	0.0	0.00106424	3.9422300000000004e-05	0.00163584	0.0	0.0	0.0	0.0005683250000000001	0.0	0.0	0.000370225	0.0	0.0	0.0	0.000306283	0.0	6.588030000000001e-05	0.0	0.08418679999999999	0.0008809359999999999	0.0	0.0	0.0430501	0.0874162	0.0	0.0	0.08071439999999999	9.72737e-05	0.0813617	0.000729702	0.0	0.00357363	0.000346368	0.000119397	0.0	0.00229585	0.000395238	0.000272421	0.0
Sor-ACeb_017-Ex1-12F-lcwgs-1-3-L2-clmp.r1r2_fastp	0.0	0.16969	0.000723296	0.0	0.00110217	0.000241099	0.0	2.5832e-05	8.61067e-06	0.0	0.0	0.0	0.0	0.0	0.000421923	0.00229905	0.0	0.0	0.000180824	0.00183407	0.0	0.0	0.0	0.0025832	0.0	0.0	0.00308262	0.00382314	0.015559499999999999	3.44427e-05	0.00154992	0.01035	0.0	0.0026372	0.0	0.0	0.0	0.000719497	0.0	0.0	0.0	0.0	0.00028105000000000003	8.81484e-06	0.00021241699999999998	0.0	6.25404e-05	0.0071499400000000005	0.0	0.0	9.15547e-06	0.0	0.0	0.0	0.0	0.00752343	0.006955019999999999	0.0	0.0	0.0	6.08382e-05	0.0	2.0868299999999998e-05	0.0036560200000000003	0.00175537	0.0	0.0	0.0	0.0	0.0	0.0	0.000640149	0.0	0.000128701	0.009168780000000001	0.0	0.0	1.41714e-05	0.0	0.0	0.0	0.0	0.0	0.0	0.00500435	0.000247053	0.0	0.0	0.0011014599999999999	0.0	0.000617363	0.000127515	0.0	0.00122587	0.0	0.0	0.0	2.60222e-05	0.0106425	0.0	0.0	0.00038968700000000005	0.0	0.0	0.00020068	0.0	0.0	3.73711e-05	0.0	0.0	0.0	0.000912106	0.00604539	0.0	0.0	0.0	0.0	0.000545416	0.015300099999999999	0.00041200899999999996	0.0	0.0	0.0	0.0	0.0	0.0	0.0	0.000637039	0.0	0.0	0.0	0.0	0.000958224	0.0008944409999999999	0.000618337	0.00021367199999999998	0.0	0.0	0.0	0.0	0.0	0.0	0.0	0.0	0.000736909	0.0022906899999999997	0.0018961	0.000163535	0.0	0.0
Sor-ACeb_017-Ex1-12F-lcwgs-1-3-L3-clmp.r1r2_fastp	0.0	0.139231	0.00463995	0.00434793	0.0	0.0362436	0.0	0.0019143900000000002	0.161739	0.0027472	0.000627313	0.0	0.0	0.00015142	0.0	0.0	0.0	1.0815699999999999e-05	0.0	0.0	0.0	0.0	0.0	0.0	0.0	0.000930154	0.000540787	0.000108157	0.00035692	0.00105994	0.0557552	1.0815699999999999e-05	3.2447199999999997e-05	2.16492e-05	0.0506883	0.00231073	0.0	0.0	0.0	0.047158900000000004	0.0499772	0.0	0.0	0.000165799	1.10955e-05	0.000111425	0.00370535	0.00426415	0.000656196	0.0	0.000343705	0.00583837	1.16267e-05	0.0	0.0	0.0005373040000000001	0.00141113	0.0	0.000826133	0.000262074	0.00106175	0.0019473100000000003	1.29935e-05	0.000211041	0.08348939999999999	0.00138934	8.31471e-05	0.00011286000000000001	0.0	0.0396411	0.0497947	0.0	0.0	0.0	0.045802800000000005	8.34683e-05	0.00189745	5.25528e-05	0.0	0.184363	0.0	3.88463e-05	0.00023948100000000002	2.0515999999999998e-05	0.0	0.0	0.0018556	0.0	0.000783548	0.000244873	0.00629022	0.0	0.0	2.7817e-05	8.62497e-05	0.0	0.00190629	3.18177e-05	0.0	0.0	0.0	0.0	0.0	0.000746825	8.150960000000001e-05	0.00029586	0.0	0.0	0.00165179	0.0394661	0.0	0.0	0.00136893	0.0	0.00194884	0.0	0.0	0.0	0.000892469	0.0	0.0	0.0007684160000000001	7.97995e-05	0.0	0.0	0.000535984	9.27391e-05	0.0	0.0	0.08956660000000001	0.00075283	0.0	0.0	0.0426073	0.0814975	0.0	0.0	0.0882372	0.000143562	0.0812421	0.000308544	0.0	0.00414408	0.000343252	0.0	0.0	0.00228534	0.00019703999999999997	0.0008166219999999999	0.0
Sor-ACeb_018-Ex1-1G-lcwgs-1-3-L2-clmp.r1r2_fastp	0.0	0.164457	0.0012087699999999999	0.0	0.00107616	0.00034427000000000004	0.0	4.0802399999999994e-05	7.650449999999999e-06	0.0	0.0	0.0	0.0	0.0	0.00050748	0.00284087	0.0	0.0	0.00021421300000000002	0.0026241000000000003	0.0	0.0	0.0	0.00370537	0.0	0.0	0.00487079	0.00608466	0.0215794	2.2951299999999998e-05	0.00185651	0.0160532	0.0	0.00387953	0.0	0.0	0.0	0.000888846	0.0	5.11403e-06	0.0	0.0	0.00033839899999999997	2.56672e-06	0.000208198	0.0	8.77027e-05	0.0108965	0.0	0.0	7.82313e-06	0.0	0.0	3.16827e-05	0.0	0.0116055	0.010976000000000001	0.0	0.0	0.0	9.40944e-05	1.11712e-05	1.12812e-05	0.00451717	0.00334595	0.0	0.0	0.0	0.0	3.07993e-06	0.0	0.0009947839999999999	0.0	0.000174303	0.012523800000000002	0.0	0.0	3.5478699999999996e-05	0.0	0.0	0.0	0.0	0.0	0.0	0.00825055	0.000437637	0.0	0.0	0.00208787	0.0	0.00120602	0.00037351699999999997	0.0	0.0016874499999999998	0.0	0.0	5.767190000000001e-06	2.9736e-05	0.0159506	0.0	0.0	0.0002903	4.1851400000000004e-05	0.0	0.00021613	0.0	0.0	8.24914e-06	0.0	0.0	3.6601e-05	0.00106134	0.00927544	0.0	0.0	6.55241e-05	4.52756e-05	0.0008094630000000001	0.0185971	0.000491745	0.0	0.0	2.8122599999999997e-05	0.0	0.0	0.0	0.0	0.000624565	0.000105057	0.0	1.88384e-05	0.0	0.0007495850000000001	0.0007984730000000001	0.000566585	0.000406762	0.000257844	7.29214e-05	0.0	0.0	0.0	0.0	0.0	0.000151484	0.000565421	0.00358522	0.00216085	0.000735483	0.0	0.0
Sor-ACeb_018-Ex1-1G-lcwgs-1-3-L3-clmp.r1r2_fastp	0.0	0.13670500000000002	0.00430144	0.00433579	0.0	0.0363949	0.0	0.00205771	0.16523200000000002	0.0035087	0.000732648	0.0	0.0	0.00031481	0.0	0.0	0.0	2.00333e-05	0.0	0.0	0.0	0.0	0.0	0.0	0.0	0.0010417299999999998	0.0007698529999999999	3.43429e-05	0.000486524	0.00127641	0.06631039999999999	1.4309499999999999e-05	3.72048e-05	4.00734e-05	0.0622843	0.00320164	0.0	2.86576e-06	0.0	0.0581888	0.0619481	0.0	1.15002e-05	0.00012951300000000002	0.0	9.23507e-05	0.00485674	0.00541962	0.000734528	0.0	0.00028611699999999996	0.0071857299999999995	5.88084e-06	0.0	0.0	0.0007694140000000001	0.0016316000000000002	0.0	0.00118198	0.000260196	0.00104606	0.00249607	1.88479e-05	0.000393401	0.0995666	0.0021630499999999997	0.000141139	8.31104e-05	6.73886e-06	0.0464353	0.06680269999999999	0.0	0.0	0.0	0.0504498	0.00024145100000000003	0.00267549	4.31109e-05	0.0	0.202264	0.0	4.26058e-05	0.00028754999999999997	8.469820000000001e-05	0.0	0.0	0.0029992300000000003	0.0	0.000998226	0.000331254	0.00739586	0.0	0.0	1.1564e-05	0.000124996	1.83917e-05	0.0026027	8.465799999999999e-05	4.02913e-05	2.07855e-05	0.0	2.9535e-05	0.0	0.00142641	4.07258e-05	0.000277916	6.0972600000000006e-05	4.50566e-05	0.0020234899999999998	0.050794200000000005	1.99866e-05	1.0348700000000001e-05	0.0016827799999999998	3.3313200000000005e-05	0.0017257499999999999	0.0	0.0	0.0	0.000690523	0.0	0.0	0.0005329110000000001	3.0710700000000004e-05	1.59248e-05	0.0	0.000582522	8.88691e-05	0.000165907	0.0	0.09323899999999999	0.000720084	0.0	0.0	0.042019600000000004	0.0937153	0.0	0.0	0.0937833	0.000715516	0.0839495	0.00154024	0.00030765800000000004	0.0029986500000000003	0.000264448	0.000479843	0.0	0.00301989	0.00045820100000000004	0.00035699	0.0
Sor-ACeb_019-Ex1-3G-lcwgs-1-3-L2-clmp.r1r2_fastp	0.0	0.170738	0.0	0.0	0.0020086799999999997	0.0	0.0	0.0	0.0	0.0	0.0	0.0	0.0	0.0	0.0	0.0020086799999999997	0.0	0.0	0.0020086799999999997	0.0020086799999999997	0.0	0.0	0.0	0.0020086799999999997	0.0	0.0	0.004017349999999999	0.004017349999999999	0.00602603	0.0	0.0	0.0140607	0.0	0.00201114	0.0	0.0	0.0	0.0	0.0	0.0	0.0	0.0	0.0	0.0	0.0	0.0	0.0	0.0086016	0.0	0.0	0.0	0.0	0.0	0.0	0.0	0.00942019	0.00239069	0.0	0.0	0.0	0.0	0.0	0.0	0.00269157	0.00274499	0.0	0.0	0.0	0.0	0.0	0.0	0.0	0.0	0.0	0.0104621	0.0	0.0	0.0	0.0	0.0	0.0	0.0	0.0	0.0	0.00474136	0.0	0.0	0.0	0.00543685	0.0	0.0	0.0	0.0	0.0	0.0	0.0	0.0	0.0	0.032195800000000004	0.0	0.0	0.0	0.0	0.0	0.0	0.0	0.0	0.0	0.0	0.0	0.0	0.0	0.0	0.0	0.0	0.0	0.0	0.0	0.0	0.0	0.0	0.0	0.0	0.0	0.0	0.0	0.0	0.0	0.0	0.0	0.0	0.0	0.0	0.0	0.0	0.0	0.0	0.0	0.0	0.0	0.0	0.0	0.0	0.0	0.0	0.0	0.0	0.0	0.0	0.0
Sor-ACeb_019-Ex1-3G-lcwgs-1-3-L3-clmp.r1r2_fastp	0.0	0.13671899999999998	0.0	0.0	0.0	0.00651042	0.0	0.0	0.130208	0.0	0.0	0.0	0.0	0.0	0.0	0.0	0.0	0.0	0.0	0.0	0.0	0.0	0.0	0.0	0.0	0.0	0.0	0.0	0.0	0.0	0.0390625	0.0	0.0	0.0	0.0652614	0.0	0.0	0.0	0.0	0.006608950000000001	0.0331939	0.0	0.0	0.0	0.0	0.0	0.00688137	0.0	0.0	0.0	0.0	0.0071756599999999995	0.0	0.0	0.0	0.0	0.0	0.0	0.0	0.0	0.0	0.0	0.0	0.0	0.0523652	0.0	0.0	0.0	0.0	0.038971200000000004	0.009970090000000001	0.0	0.0	0.0	0.0442282	0.0	0.0	0.0	0.0	0.0633874	0.0	0.0	0.0	0.0	0.0	0.0	0.0	0.0	0.0	0.0	0.0	0.0	0.0	0.0	0.0	0.0	0.0	0.0	0.0	0.0	0.0	0.0	0.0	0.0	0.0	0.0	0.0	0.0	0.0	0.0	0.0	0.0	0.0	0.0	0.0515996	0.0	0.0	0.0	0.0	0.0	0.0	0.0	0.0	0.0	0.0	0.0	0.0	0.0	0.0	0.106496	0.0	0.0	0.0	0.253485	0.0	0.0	0.0	0.45248900000000003	0.0	0.0	0.0	0.0	0.0	0.0	0.0	0.0	0.0	0.0	0.0	0.0
Sor-ACeb_020-Ex1-2G-lcwgs-1-3-L2-clmp.r1r2_fastp	0.0	0.160386	0.0015511200000000002	0.0	0.0012408999999999999	0.0	0.0	0.0	0.0	0.0	0.0	0.0	0.0	0.0	0.0	0.0009306739999999999	0.0	0.0	0.0	0.0009306739999999999	0.0	0.0	0.0	0.0015511200000000002	0.0	0.0	0.0031022500000000004	0.0034124700000000003	0.012719200000000002	0.0	0.000620449	0.008686290000000001	0.0	0.00186179	0.0	0.0	0.0	0.000621527	0.0	0.0	0.0	0.0	0.0	0.0	0.0	0.0	0.000314986	0.00568758	0.0	0.0	0.0	0.0	0.0	0.0	0.0	0.00593811	0.00432277	0.0	0.0	0.0	0.0	0.00034958200000000003	0.0	0.00358116	0.000362832	0.0	0.0	0.0	0.0	0.0	0.0	0.0012131400000000001	0.0	0.0	0.00512424	0.0	0.0	0.0	0.0	0.0	0.0	0.0	0.0	0.0	0.00471056	0.0	0.0	0.0	0.0	0.0	0.0005982870000000001	0.0	0.0	0.00192427	0.0	0.0	0.0	0.0	0.0159043	0.0	0.0	0.0	0.0	0.0	0.0	0.0	0.0	0.0	0.0	0.0	0.0	0.0029791500000000003	0.00406839	0.0	0.0	0.0	0.0	0.0	0.00708449	0.0	0.0	0.0	0.0	0.0	0.0	0.0	0.0	0.00148489	0.0	0.0	0.0	0.0	0.00169319	0.00173983	0.0	0.0	0.0	0.0	0.0	0.0	0.0	0.0	0.0	0.0	0.0	0.002446	0.0025223900000000002	0.0	0.0	0.0
Sor-ACeb_020-Ex1-2G-lcwgs-1-3-L3-clmp.r1r2_fastp	0.0	0.126961	0.0044941799999999995	0.00374515	0.0	0.0337064	0.0	0.00149806	0.14044299999999998	0.00337064	0.00074903	0.0	0.0	0.0	0.0	0.0	0.0	0.0	0.0	0.0	0.0	0.0	0.0	0.0	0.0	0.0	0.000374515	0.0	0.000374515	0.00074903	0.0528066	0.0	0.000374515	0.0	0.041963	0.0022486399999999997	0.0	0.0	0.0	0.0446896	0.0469798	0.0	0.0	0.0	0.0	0.0	0.00493531	0.0026651500000000002	0.0	0.0	0.0	0.00580098	0.0	0.0	0.0	0.0	0.0	0.0	0.0012163299999999998	0.0	0.000413416	0.0012534100000000002	0.0	0.0	0.08832240000000001	0.000438695	0.0	0.0	0.0	0.0376083	0.058942499999999995	0.0	0.0	0.0	0.051418799999999994	0.0	0.001568	0.0	0.0	0.168521	0.0	0.0	0.0	0.0	0.0	0.0	0.0012709499999999999	0.0	0.000662423	0.0	0.005533420000000001	0.0	0.0	0.0	0.0	0.0	0.00315554	0.0	0.0	0.0	0.0	0.0	0.0	0.0018499999999999999	0.0	0.0	0.000992123	0.0	0.0	0.0499862	0.0	0.0	0.0	0.0	0.0	0.0	0.0	0.0	0.0	0.0	0.0	0.0	0.0	0.0	0.0	0.0	0.0	0.0	0.0	0.0728509	0.00355587	0.0	0.0	0.0288389	0.108509	0.0	0.0	0.08777	0.0	0.0701977	0.0	0.0	0.0	0.0	0.0	0.0	0.0	0.0	0.0	0.0
Sor-ACeb_021-Ex1-4G-lcwgs-1-3-L2-clmp.r1r2_fastp	0.0	0.181369	0.0	0.0	0.0	0.0	0.0	0.0	0.0	0.0	0.0	0.0	0.0	0.0	0.0	0.0	0.0	0.0	0.0	0.0	0.0	0.0	0.0	0.0	0.0	0.0	0.008244020000000001	0.008244020000000001	0.0247321	0.0	0.0	0.0247321	0.0	0.0	0.0	0.0	0.0	0.0	0.0	0.0	0.0	0.0	0.0	0.0	0.0	0.0	0.0	0.0	0.0	0.0	0.0	0.0	0.0	0.0	0.0	0.0	0.0100492	0.0	0.0	0.0	0.0	0.0	0.0	0.0	0.0	0.0	0.0	0.0	0.0	0.0	0.0	0.0	0.0	0.0	0.0292869	0.0	0.0	0.0	0.0	0.0	0.0	0.0	0.0	0.0	0.0	0.0	0.0	0.0	0.0	0.0	0.0	0.0	0.0	0.0	0.0	0.0	0.0	0.0	0.032030699999999995	0.0	0.0	0.0	0.0	0.0	0.0	0.0	0.0	0.0	0.0	0.0	0.0	0.0	0.0	0.0	0.0	0.0	0.0	0.0	0.0	0.0	0.0	0.0	0.0	0.0	0.0	0.0	0.0	0.0	0.0	0.0	0.0	0.0	0.0	0.0	0.0	0.0	0.0	0.0	0.0	0.0	0.0	0.0	0.0	0.0	0.0	0.0	0.0	0.0	0.0	0.0
Sor-ACeb_021-Ex1-4G-lcwgs-1-3-L3-clmp.r1r2_fastp	0.0	0.22087199999999999	0.0	0.0	0.0	0.0276091	0.0	0.0	0.11043599999999999	0.0	0.0	0.0	0.0	0.0	0.0	0.0	0.0	0.0	0.0	0.0	0.0	0.0	0.0	0.0	0.0	0.0	0.0	0.0	0.0	0.0	0.0276091	0.0	0.0	0.0	0.11080300000000001	0.0	0.0	0.0	0.0	0.056417499999999995	0.0567698	0.0	0.0	0.0	0.0	0.0	0.0	0.0	0.0	0.0	0.0	0.0	0.0	0.0	0.0	0.0	0.0	0.0	0.0	0.0	0.0	0.0	0.0	0.0	0.148754	0.0	0.0	0.0	0.0	0.08271300000000001	0.0851789	0.0	0.0	0.0	0.0	0.0	0.0	0.0	0.0	0.161031	0.0	0.0	0.0	0.0	0.0	0.0	0.0	0.0	0.0	0.0	0.0	0.0	0.0	0.0	0.0	0.0	0.0	0.0	0.0	0.0	0.0	0.0	0.0	0.0	0.0	0.0	0.0	0.0	0.0	0.0	0.0	0.0	0.0	0.0	0.0	0.0	0.0	0.0	0.0	0.0	0.0	0.0	0.0	0.0	0.0	0.0	0.0	0.0	0.0	0.0	0.0	0.0	0.0	0.0	0.0	0.0	0.0	0.0	0.0	0.0	0.0	0.0	0.0	0.0	0.0	0.0	0.0	0.0	0.0	0.0
Sor-ACeb_022-Ex1-5G-lcwgs-1-3-L2-clmp.r1r2_fastp	0.0	0.15881199999999998	0.0008465079999999999	0.0	0.0009129009999999999	0.000199178	0.0	4.9794600000000006e-05	1.65982e-05	0.0	0.0	0.0	0.0	0.0	0.00034856199999999996	0.00268891	0.0	0.0	9.958920000000001e-05	0.00159343	0.0	0.0	0.0	0.00300428	0.0	0.0	0.00346902	0.0055604	0.0164322	1.65982e-05	0.00137765	0.0120337	0.0	0.0030879	0.0	0.0	0.0	0.000665071	0.0	0.0	0.0	0.0	0.000284061	0.0	0.000150968	0.0	6.746640000000001e-05	0.009562900000000001	0.0	0.0	1.7161299999999998e-05	0.0	0.0	1.74994e-05	0.0	0.0100154	0.00755857	0.0	0.0	0.0	5.62826e-05	1.89988e-05	1.9255099999999998e-05	0.00413964	0.0025359700000000002	0.0	0.0	0.0	0.0	0.0	0.0	0.000846461	0.0	0.00018496700000000002	0.0106551	0.0	0.0	0.0	0.0	0.0	0.0	0.0	0.0	0.0	0.00721717	0.000177742	0.0	0.0	0.00148775	0.0	0.000628948	0.00027085200000000003	0.0	0.00148784	0.0	0.0	0.0	0.0	0.012901699999999999	0.0	0.0	0.000297635	0.0	0.0	0.0	0.0	0.0	0.0	0.0	0.0	0.0	0.0006909700000000001	0.00673458	0.0	0.0	0.0	0.0	0.000845457	0.0171422	0.000755259	0.0	0.0	0.0	0.0	0.0	0.0	0.0	0.000517208	0.0	0.0	0.0	0.0	0.000732835	0.00116166	0.00025366399999999996	0.00043086999999999997	0.000439143	0.0	0.0	0.0	0.0	0.0	0.0	0.000501811	0.000306924	0.00271396	0.00234169	0.000543249	0.0	0.0
Sor-ACeb_022-Ex1-5G-lcwgs-1-3-L3-clmp.r1r2_fastp	0.0	0.13045400000000001	0.00404295	0.0038074400000000005	0.0	0.0349146	0.0	0.00166821	0.154339	0.00296352	0.0006280309999999999	0.0	0.0	0.000314016	0.0	0.0	0.0	3.9252e-05	0.0	0.0	0.0	0.0	0.0	0.0	0.0	0.000863543	0.000647657	5.88779e-05	0.000412145	0.00121681	0.056777900000000006	0.0	1.9626e-05	3.9258700000000004e-05	0.05179330000000001	0.00219956	0.0	0.0	0.0	0.0517719	0.053862099999999996	0.0	1.97378e-05	9.884140000000001e-05	1.98052e-05	1.98497e-05	0.00350288	0.00433231	0.0006211669999999999	0.0	0.000262797	0.00554786	0.0	2.05785e-05	0.0	0.000605924	0.0013066599999999999	0.0	0.00116003	0.000195406	0.000680704	0.00200002	0.0	0.00029647	0.0912575	0.00201746	9.52506e-05	4.836780000000001e-05	0.0	0.0418019	0.057349	0.0	0.0	0.0	0.0465179	0.00013909300000000002	0.00209837	0.0	0.0	0.188047	0.0	3.1318e-05	0.000319686	6.52725e-05	0.0	0.0	0.00271197	0.0	0.0009073779999999999	0.000222516	0.00651827	0.0	0.0	4.0460499999999997e-05	8.27236e-05	0.0	0.00224783	0.000132614	0.0	0.0	0.0	0.0	0.0	0.00161519	0.0	0.000105444	0.0	0.00011013900000000001	0.00230713	0.049955	0.0	0.0	0.00202088	0.0	0.00172376	0.0	0.0	0.0	0.000761903	0.0	0.0	0.000588297	7.5021e-05	0.0	0.0	0.000477115	0.000243213	0.000165238	0.0	0.0832624	0.000787139	0.0	0.0	0.0400419	0.0988074	0.0	0.0	0.084286	0.00101354	0.0835097	0.00136694	0.000107173	0.0031658	0.000444648	0.00045306000000000003	0.0	0.00294211	0.000479913	0.000367501	0.0
