Sample	1	2	3	4	5	6	7	8	9	10	11	12	13	14	15	16	17	18	19	20	21	22	23	24	25	26	27	28	29	30	31	32	33	34	35	36	37	38	39	40	41	42	43	44	45	46	47	48	49	50	51	52	53	54	55	56	57	58	59	60	61	62	63	64	65	66	67	68	69	70	71	72	73	74	75	76	77	78	79	80	81	82	83	84	85	86	87	88	89	90	91	92	93	94	95	96	97	98	99	100	101	102	103	104	105	106	107	108	109	110	111	112	113	114	115	116	117	118	119	120	121	122	123	124	125	126	127	128	129	130	131	132	133	134	135	136	137	138	139	140	141	142	143	144	145	146	147	148	149	150
Sor-ACeb_001-Ex1-8E-lcwgs-1-3-L2-fastp	46.050000000000004	34.069300000000005	34.0896	32.1883	32.5824	31.7012	31.254199999999997	32.0725	32.6029	31.9643	35.0831	34.896100000000004	34.0764	33.772600000000004	33.6921	33.452	33.6678	33.5567	33.6162	34.0149	33.948299999999996	33.9416	33.879599999999996	33.521	33.4785	33.4764	33.2312	33.4598	33.4608	33.5253	33.6371	33.693	33.7163	33.6253	33.663199999999996	33.5012	33.517	33.4895	33.4715	33.5198	33.7005	33.6183	33.674	33.671	33.532000000000004	33.5088	33.461800000000004	33.3643	33.2747	33.476	33.4595	33.508900000000004	33.6827	33.457	33.5405	33.5011	33.474599999999995	33.4092	33.415	33.3744	33.3844	33.4253	33.433099999999996	33.4572	33.4183	33.292	33.252900000000004	33.3362	33.259899999999995	33.2166	33.401599999999995	33.3851	33.405	33.3297	33.3849	33.3852	33.3842	33.334599999999995	33.37	33.427099999999996	33.4781	33.3564	33.531800000000004	33.4589	33.5066	33.593	33.360800000000005	33.589999999999996	33.6949	33.5046	33.6721	33.7856	33.774300000000004	33.8233	33.8849	33.883	33.9463	33.8695	33.9047	33.874300000000005	34.0103	33.9926	34.107	34.3308	34.2787	34.2077	34.415600000000005	34.1866	34.3412	34.4983	34.4645	34.5746	34.9508	34.8252	34.9753	35.0627	35.184	35.1572	35.3722	35.348	35.4453	35.822900000000004	35.857299999999995	35.8087	36.260999999999996	36.0003	36.3694	36.6427	36.474000000000004	36.6892	36.9011	36.8539	37.1452	37.7793	37.4493	37.6836	37.9801	37.7732	38.1204	38.636199999999995	38.403999999999996	38.621	39.1505	39.291	39.6868	39.8927	39.6175	40.228	40.1273	39.1845
Sor-ACeb_001-Ex1-8E-lcwgs-1-3-L3-fastp	45.698699999999995	33.761	33.751999999999995	31.9261	32.254599999999996	31.2415	30.8773	31.7193	32.237	31.6402	34.7877	34.5935	33.7543	33.541199999999996	33.3359	33.091	33.3312	33.1539	33.2825	33.7127	33.663	33.6498	33.5076	33.21	33.1665	33.1234	32.9421	33.2055	33.171800000000005	33.260600000000004	33.3046	33.413	33.4439	33.393	33.358900000000006	33.1948	33.1253	33.156200000000005	33.1339	33.1445	33.3573	33.33	33.3549	33.3912	33.2377	33.1932	33.1582	33.0525	33.0065	33.1243	33.2543	33.246700000000004	33.320899999999995	33.116299999999995	33.188	33.230599999999995	33.123200000000004	33.0582	33.179700000000004	33.1125	33.1327	33.1085	33.071400000000004	33.1402	33.0653	32.988800000000005	33.0174	32.9711	32.9773	32.9	33.1104	33.0532	33.054899999999996	33.0561	33.084799999999994	32.9885	33.1575	32.9666	33.040000000000006	33.059	33.019	33.056799999999996	33.1872	33.1613	33.0392	33.1795	33.0505	33.2526	33.2631	33.198899999999995	33.2997	33.4701	33.378600000000006	33.3794	33.5045	33.3945	33.3975	33.5499	33.388600000000004	33.4687	33.5238	33.4862	33.5807	33.8643	33.6128	33.6937	33.8119	33.6877	33.7841	34.1069	33.9345	34.076299999999996	34.2683	34.1361	34.173700000000004	34.4243	34.303	34.464299999999994	34.4623	34.5191	34.8178	34.9009	34.852199999999996	34.919200000000004	35.438399999999994	35.0625	35.198299999999996	35.5429	35.3464	35.422399999999996	35.9355	35.781	35.867599999999996	36.3189	36.1699	36.371199999999995	36.8498	36.6113	36.9955	37.4964	37.3058	37.4708	38.0936	37.873400000000004	38.2096	38.3628	38.2705	38.364	38.8044	38.0695
Sor-ACeb_002-Ex1-9E-lcwgs-1-3-L2-fastp	50.3965	37.5981	38.3992	36.867	37.8279	36.8387	36.5371	37.37	37.9766	36.830600000000004	40.4217	40.2404	39.3757	39.0972	38.920300000000005	38.5175	39.0764	38.6392	38.6664	39.2711	39.0223	39.0211	39.1723	38.6539	38.8947	38.9005	38.4498	38.899899999999995	38.7813	38.6512	38.9395	39.036300000000004	38.9707	39.0751	39.0677	38.7763	38.8446	38.790400000000005	38.8237	38.6534	38.9591	38.695800000000006	38.784600000000005	38.8748	38.9416	38.8138	38.922200000000004	38.6906	38.525	38.7831	38.7658	38.7012	39.0784	38.5736	38.7474	38.900800000000004	38.8324	38.5942	38.8534	38.5984	38.707	38.569700000000005	38.5235	38.7549	38.742599999999996	38.5833	38.725	38.745000000000005	38.6804	38.5324	38.9685	38.711600000000004	38.8031	38.744099999999996	38.8163	38.7438	39.0257	38.7254	38.8487	38.961600000000004	39.004	38.7353	39.1154	39.0031	39.016	39.1678	39.014700000000005	39.0478	39.5601	39.0762	39.3563	39.567099999999996	39.4512	39.3931	39.557900000000004	39.456	39.6765	39.5552	39.576699999999995	39.629	39.8067	39.677800000000005	39.7932	40.168	39.9166	39.9361	40.2853	40.0922	40.2576	40.4902	40.342800000000004	40.4281	40.7932	40.5391	40.758	41.1426	41.0336	40.8947	41.3737	41.0912	41.2123	41.704299999999996	41.588300000000004	41.6685	42.1292	41.7615	42.0557	42.4601	42.2601	42.2834	42.8331	42.2681	42.5774	43.4448	42.6365	43.1383	43.7141	43.1735	43.5277	44.0799	43.683899999999994	44.116499999999995	44.542	44.1819	44.480599999999995	44.939299999999996	44.4957	44.8714	45.4454	44.3361
Sor-ACeb_002-Ex1-9E-lcwgs-1-3-L3-fastp	50.296099999999996	37.5912	38.302	36.8665	37.8413	36.7112	36.489399999999996	37.334	37.878299999999996	36.8764	40.455200000000005	40.284	39.3615	39.1565	38.9469	38.5708	39.1041	38.6944	38.719300000000004	39.3294	39.071099999999994	39.06	39.2034	38.7346	38.9569	39.028800000000004	38.529799999999994	38.9337	38.908	38.6901	39.0516	39.1197	39.049	39.1265	39.1395	38.8755	38.915499999999994	38.8341	38.8793	38.7807	38.9993	38.764700000000005	38.8811	38.9349	38.986	38.7994	39.027699999999996	38.7557	38.6554	38.873999999999995	38.8033	38.8457	39.152300000000004	38.6801	38.8914	38.958999999999996	38.9129	38.7021	38.939299999999996	38.7635	38.823299999999996	38.6627	38.621	38.8572	38.858	38.6329	38.826100000000004	38.815	38.7584	38.634	39.123599999999996	38.8724	38.9725	38.867000000000004	38.9307	38.7966	39.1976	38.7877	38.9812	39.080999999999996	39.055	38.9506	39.2864	39.1277	39.2224	39.320899999999995	39.1202	39.1631	39.6785	39.1993	39.5051	39.6772	39.5079	39.6107	39.7614	39.5764	39.8644	39.650600000000004	39.7601	39.781	39.9142	39.8013	39.961200000000005	40.3381	39.9692	40.0471	40.5125	40.1894	40.4082	40.5259	40.469699999999996	40.4804	41.033500000000004	40.6907	40.946	41.2464	41.1655	40.898	41.504200000000004	41.1663	41.348600000000005	41.829	41.7587	41.7424	42.3868	41.6732	42.2762	42.5495	42.409200000000006	42.4304	42.9985	42.599199999999996	42.6419	43.317499999999995	42.7304	43.3155	43.5985	43.256499999999996	43.5679	44.1591	43.6605	44.099	44.6139	44.2172	44.5377	45.074999999999996	44.4622	44.7214	45.545	44.6737
Sor-ACeb_003-Ex1-10E-lcwgs-1-3-L2-fastp	46.9912	36.4014	36.457499999999996	34.7439	35.673700000000004	34.938599999999994	34.5225	35.2716	35.7042	35.0653	38.1368	37.7478	37.0916	36.8343	36.7205	36.445699999999995	36.6594	36.5576	36.6675	36.8116	36.8966	36.8258	36.8055	36.5103	36.5319	36.4377	36.394	36.4259	36.5419	36.5278	36.6657	36.6282	36.667100000000005	36.5615	36.5499	36.3763	36.379	36.2842	36.316199999999995	36.2232	36.4052	36.254599999999996	36.337599999999995	36.2921	36.2063	36.0923	36.1011	35.954	35.983599999999996	35.993900000000004	35.991	36.03	36.1053	35.9219	35.965599999999995	35.9408	35.9228	35.7704	35.8471	35.748200000000004	35.8677	35.8373	35.8096	35.8236	35.842200000000005	35.7198	35.7757	35.6749	35.7023	35.638999999999996	35.7601	35.7424	35.7597	35.7495	35.717999999999996	35.701100000000004	35.666799999999995	35.5914	35.5953	35.6285	35.646499999999996	35.5636	35.6497	35.5953	35.5724	35.5699	35.5425	35.519099999999995	35.6097	35.5276	35.6289	35.5927	35.6045	35.586400000000005	35.65	35.465	35.6046	35.4541	35.5004	35.516999999999996	35.5478	35.600300000000004	35.5944	35.6881	35.555	35.605399999999996	35.5863	35.614200000000004	35.5323	35.5987	35.6367	35.6389	35.7925	35.700199999999995	35.834500000000006	35.8068	35.7645	35.8106	35.8626	35.8048	35.9652	36.1036	36.1173	36.2149	36.392799999999994	36.1659	36.5295	36.3932	36.4499	36.5339	36.7503	36.71	36.7247	36.9023	37.0944	36.9992	37.405	37.3108	37.565	37.667699999999996	37.3892	37.8881	38.0179	38.0291	38.371300000000005	38.3815	38.1923	38.4963	38.5272	37.8618
Sor-ACeb_003-Ex1-10E-lcwgs-1-3-L3-fastp	46.7979	36.1907	36.3574	34.7476	35.6207	34.616400000000006	34.4119	35.2269	35.5874	35.0148	38.145	37.7442	37.0751	36.782900000000005	36.667	36.424299999999995	36.5559	36.4415	36.5562	36.7746	36.7809	36.7525	36.745400000000004	36.4887	36.4794	36.4233	36.3116	36.3175	36.469699999999996	36.4434	36.6305	36.6012	36.647600000000004	36.4952	36.535000000000004	36.3484	36.3138	36.2645	36.275800000000004	36.233599999999996	36.3294	36.2803	36.288399999999996	36.247099999999996	36.192099999999996	36.0809	36.032199999999996	35.9309	35.9406	35.912	36.0435	35.9892	36.088300000000004	35.9724	35.986200000000004	35.9145	35.882999999999996	35.785	35.8322	35.8161	35.8451	35.829	35.861399999999996	35.8549	35.8215	35.748000000000005	35.7595	35.7111	35.6785	35.6629	35.8054	35.774699999999996	35.7832	35.775600000000004	35.772999999999996	35.6911	35.7561	35.576	35.601699999999994	35.611599999999996	35.7429	35.6597	35.7467	35.698800000000006	35.6495	35.6143	35.5353	35.5562	35.625099999999996	35.5941	35.642	35.5554	35.725699999999996	35.5682	35.6412	35.6778	35.662	35.5623	35.5024	35.588300000000004	35.558800000000005	35.701699999999995	35.701699999999995	35.688199999999995	35.8131	35.72	35.606100000000005	35.668299999999995	35.516799999999996	35.611	35.769	35.8853	35.918499999999995	35.9232	35.8168	35.9617	36.1007	35.902899999999995	35.9806	36.0294	35.923899999999996	36.1375	36.3174	36.397200000000005	36.543	36.4686	36.3418	36.7931	36.9662	36.2475	36.8873	37.0924	36.888799999999996	36.6408	37.216100000000004	37.4537	36.937599999999996	37.236000000000004	37.7741	38.041799999999995	37.9545	37.6313	38.6941	38.7597	38.966499999999996	39.155699999999996	39.9891	38.0945	39.995799999999996	39.3281
Sor-ACeb_004-Ex1-11E-lcwgs-1-3-L2-fastp	47.379599999999996	36.487700000000004	36.9166	35.484700000000004	36.225699999999996	35.432399999999994	35.2395	36.0716	36.6221	35.4888	38.7131	38.5088	37.611	37.3066	37.2655	36.986000000000004	37.3964	37.1006	37.155899999999995	37.6805	37.4911	37.444	37.5114	37.2023	37.3626	37.330799999999996	37.0172	37.3812	37.2664	37.1921	37.420700000000004	37.4439	37.4927	37.4983	37.4261	37.29	37.2818	37.1845	37.2248	37.0973	37.278800000000004	37.0962	37.1912	37.229800000000004	37.286500000000004	37.1293	37.1892	37.0358	36.8546	36.9887	37.057	37.0224	37.2513	36.8465	37.0031	37.0325	36.9929	36.835	36.9229	36.7605	36.8605	36.6761	36.7185	36.8471	36.8186	36.6978	36.7945	36.748799999999996	36.7375	36.5741	36.8338	36.8288	36.795899999999996	36.6658	36.7867	36.6723	36.8884	36.5903	36.6882	36.7538	36.7892	36.5527	36.8566	36.823499999999996	36.756499999999996	36.7917	36.7516	36.7208	37.1145	36.761700000000005	36.916399999999996	37.0396	37.0159	36.945699999999995	37.0734	36.953599999999994	37.1782	36.906800000000004	37.0241	37.072300000000006	37.0838	37.0606	37.1606	37.4291	37.3298	37.208000000000006	37.4799	37.436	37.5036	37.5925	37.5755	37.613600000000005	38.0071	37.8061	37.9764	38.1888	38.142199999999995	38.0635	38.411	38.1913	38.4955	38.7641	38.743100000000005	38.8119	39.3102	38.969300000000004	39.3097	39.6335	39.5743	39.6337	40.0895	39.7068	40.0503	40.5485	40.289	40.5553	41.0735	40.6741	41.142	41.634	41.333	41.6507	42.2943	41.8514	42.295500000000004	42.8489	42.3502	42.775	43.3387	42.3928
Sor-ACeb_004-Ex1-11E-lcwgs-1-3-L3-fastp	47.214800000000004	36.390699999999995	36.7547	35.4605	36.1283	35.229	35.1505	36.0297	36.510799999999996	35.5027	38.6826	38.500499999999995	37.5625	37.2638	37.2539	36.936400000000006	37.384499999999996	37.0706	37.1297	37.6524	37.466	37.4302	37.4901	37.198	37.331900000000005	37.2809	37.0031	37.3661	37.2952	37.1499	37.4076	37.4253	37.4463	37.4874	37.3986	37.2918	37.2504	37.1348	37.230799999999995	37.1026	37.2578	37.1123	37.1722	37.1941	37.2792	37.0977	37.1721	37.012699999999995	36.882	37.009100000000004	37.0636	37.003	37.201699999999995	36.8248	37.026199999999996	37.060900000000004	37.0021	36.8371	36.9251	36.818200000000004	36.8474	36.6952	36.7244	36.8999	36.8133	36.6937	36.8398	36.756499999999996	36.7419	36.6158	36.9332	36.827	36.843599999999995	36.748599999999996	36.8875	36.7258	36.9337	36.619600000000005	36.7391	36.8149	36.8327	36.606899999999996	36.893100000000004	36.9118	36.7837	36.8667	36.7852	36.850100000000005	37.155	36.8393	37.0069	37.0424	37.093199999999996	37.0119	37.0763	37.0767	37.2386	36.979299999999995	37.1023	37.0955	37.1768	37.097	37.2336	37.4767	37.4425	37.3128	37.5847	37.4934	37.6004	37.6834	37.6704	37.6935	38.182500000000005	37.8245	38.0786	38.2967	38.2425	38.088300000000004	38.551	38.284800000000004	38.5899	38.838499999999996	38.8852	38.9029	39.3073	39.0997	39.415	39.7215	39.6429	39.6942	40.1169	39.8916	40.1885	40.765499999999996	40.278000000000006	40.8256	41.157	40.7366	41.181400000000004	41.714400000000005	41.5611	41.7189	42.369299999999996	42.2107	42.3602	42.9418	42.626	42.8898	43.5247	42.6988
Sor-ACeb_005-Ex1-12E-lcwgs-1-3-L2-fastp	55.20739999999999	47.591499999999996	44.056400000000004	44.4139	45.8423	44.6682	44.1678	46.2215	45.5178	44.2608	48.0257	47.700700000000005	46.6628	47.0843	46.1258	46.242	47.131699999999995	46.139599999999994	46.298899999999996	47.388200000000005	46.251599999999996	46.3538	47.0184	46.0388	46.2924	46.9869	45.8894	46.4754	46.921099999999996	46.0631	46.2389	47.1346	46.2753	46.4957	47.0288	46.2057	46.3095	46.9741	46.1183	46.2594	46.9063	46.0908	46.1887	47.0217	46.2375	46.315400000000004	47.0834	46.1719	46.1558	47.037800000000004	46.205	46.337	47.1742	46.0137	46.398	47.188900000000004	46.2493	46.4309	47.1755	46.2581	46.475300000000004	47.1145	46.2594	46.6524	47.323	46.4825	46.777	47.5625	46.8022	46.988600000000005	47.9668	47.1821	47.4075	48.2147	47.515299999999996	47.7256	48.734899999999996	47.7943	48.1008	49.1645	48.2823	48.4698	49.6755	48.8265	49.053999999999995	50.2008	49.1821	49.6269	50.7569	49.7274	50.1599	51.2925	50.3948	50.7228	51.8348	50.8683	51.2965	52.298199999999994	51.382000000000005	51.8022	52.924800000000005	51.84649999999999	52.235299999999995	53.500499999999995	52.3699	52.664699999999996	54.000400000000006	52.8556	53.1669	54.4542	53.3095	53.6076	54.9621	53.6706	54.014300000000006	55.333600000000004	54.0215	54.345	55.6932	54.4462	54.7408	55.9608	54.6836	55.000400000000006	56.301	54.9037	55.2524	56.530499999999996	55.157900000000005	55.415499999999994	56.7504	55.3262	55.6842	56.92359999999999	55.6175	55.852900000000005	57.0805	55.6689	56.0464	57.1918	55.888000000000005	56.1121	57.432399999999994	55.969100000000005	56.3604	57.592600000000004	56.082699999999996	56.4234	57.506299999999996	55.944300000000005
Sor-ACeb_005-Ex1-12E-lcwgs-1-3-L3-fastp	55.474000000000004	47.8896	44.2731	44.731	46.183600000000006	44.7782	44.4181	46.5754	45.767799999999994	44.587199999999996	48.417100000000005	48.043200000000006	47.0502	47.5295	46.4525	46.5636	47.5415	46.4908	46.678999999999995	47.7842	46.5675	46.727999999999994	47.3791	46.36	46.6151	47.4032	46.2337	46.8869	47.3173	46.4067	46.5959	47.5128	46.6057	46.8525	47.389700000000005	46.5474	46.6802	47.3446	46.5196	46.6405	47.3034	46.483200000000004	46.5343	47.4014	46.5863	46.6546	47.442299999999996	46.5723	46.5355	47.4079	46.5644	46.6972	47.541	46.3761	46.746300000000005	47.5409	46.6188	46.7592	47.542699999999996	46.6208	46.8427	47.476600000000005	46.681	47.0394	47.6483	46.8858	47.1068	47.9482	47.1557	47.3439	48.3637	47.5896	47.775600000000004	48.5993	47.8931	48.0935	49.0771	48.1481	48.5079	49.464999999999996	48.627900000000004	48.8203	50.017100000000006	49.1956	49.4347	50.5639	49.5342	49.9967	51.17509999999999	50.0529	50.531099999999995	51.65149999999999	50.6923	51.028099999999995	52.10510000000001	51.2128	51.6831	52.6621	51.7094	52.0841	53.215199999999996	52.1725	52.5038	53.8207	52.6451	52.9982	54.3041	53.0328	53.4222	54.6755	53.540299999999995	53.8787	55.2628	53.8855	54.2705	55.555200000000006	54.3018	54.54520000000001	55.9577	54.58969999999999	55.0116	56.1562	54.908500000000004	55.192699999999995	56.5175	55.03639999999999	55.48459999999999	56.6998	55.3628	55.57769999999999	56.873799999999996	55.464	55.8109	57.080799999999996	55.706100000000006	55.9916	57.241699999999994	55.7643	56.1741	57.3432	56.0171	56.332499999999996	57.628800000000005	56.141799999999996	56.47410000000001	57.7977	56.1976	56.541	57.8034	56.2361
Sor-ACeb_006-Ex1-1F-lcwgs-1-3-L2-fastp	49.2709	38.3376	39.644200000000005	38.3808	39.245200000000004	38.378	38.2544	39.1064	39.6526	38.211800000000004	41.6053	41.3399	40.4619	40.1956	40.1981	39.838	40.4153	39.9758	40.117399999999996	40.5603	40.2994	40.116099999999996	40.376200000000004	39.953300000000006	40.2373	40.1483	39.876	40.1206	40.1761	39.8436	40.2576	40.2422	40.268100000000004	40.2922	40.278000000000006	40.111000000000004	40.1907	40.006	40.1036	39.927600000000005	40.0856	39.8588	40.0006	40.063500000000005	40.218900000000005	39.9863	40.2166	39.9772	39.908300000000004	39.9862	40.0347	39.9073	40.2531	39.7505	40.0173	40.0987	40.0527	39.8164	40.1164	39.7813	39.953300000000006	39.7363	39.7692	39.9067	39.9646	39.7463	39.9914	39.885999999999996	39.9268	39.7196	40.0989	39.942499999999995	40.0105	39.8705	40.024	39.8605	40.21	39.8511	39.9834	40.096399999999996	40.144999999999996	39.8518	40.2566	40.1196	40.1405	40.204499999999996	40.1167	40.0995	40.657900000000005	40.0762	40.3797	40.5522	40.436299999999996	40.3694	40.6561	40.5107	40.7355	40.487899999999996	40.6766	40.681	40.8752	40.658100000000005	40.913199999999996	41.1564	41.042699999999996	40.978300000000004	41.3502	41.287099999999995	41.377399999999994	41.5739	41.5375	41.537400000000005	42.0664	41.7138	41.9415	42.3584	42.196600000000004	42.1033	42.7661	42.3326	42.739399999999996	43.149300000000004	43.0023	43.0425	43.736999999999995	43.133700000000005	43.7688	44.0982	43.8478	43.9958	44.6061	44.2049	44.5843	45.1605	44.793	45.1406	45.7231	45.3662	45.7649	46.3061	46.085300000000004	46.277499999999996	47.0478	46.6738	46.9813	47.7353	47.1665	47.5428	48.348600000000005	47.1791
Sor-ACeb_006-Ex1-1F-lcwgs-1-3-L3-fastp	49.1502	38.234	39.5448	38.3482	39.2247	38.0254	38.2394	39.104299999999995	39.5835	38.1956	41.6309	41.343	40.4874	40.2142	40.2161	39.8699	40.4097	39.976	40.1279	40.5632	40.3455	40.1111	40.4166	39.9561	40.245799999999996	40.176	39.8874	40.152300000000004	40.212199999999996	39.8691	40.2877	40.306	40.3148	40.305400000000006	40.3175	40.1527	40.2049	40.0177	40.1557	39.9855	40.1195	39.8962	40.0376	40.0856	40.2426	40.0096	40.2601	40.0144	39.9839	40.0198	40.0936	39.970099999999995	40.2806	39.811	40.0829	40.1481	40.1038	39.8814	40.1652	39.8581	39.9963	39.781	39.8448	39.9897	40.0034	39.787499999999994	40.0385	39.9366	39.9437	39.7768	40.1894	40.0123	40.0778	39.9403	40.1113	39.9747	40.2711	39.9263	40.0828	40.145399999999995	40.2368	39.9251	40.3655	40.2317	40.228	40.318799999999996	40.2027	40.2459	40.7269	40.1603	40.4996	40.6352	40.5351	40.446799999999996	40.787099999999995	40.6068	40.8635	40.603699999999996	40.7702	40.7904	40.9926	40.7506	41.0057	41.2858	41.1972	41.1177	41.4889	41.4211	41.5171	41.734100000000005	41.665	41.6567	42.215599999999995	41.8508	42.159	42.5	42.3352	42.254599999999996	42.8526	42.509	42.898599999999995	43.3075	43.1194	43.206	43.8414	43.1848	43.8884	44.295899999999996	44.0674	44.0702	44.796	44.371100000000006	44.778400000000005	45.3607	44.8875	45.2996	45.911	45.3989	45.913	46.4797	46.2766	46.4296	47.36	46.7232	47.2224	47.946299999999994	47.3734	47.723	48.6128	47.5236
Sor-ACeb_007-Ex1-2F-lcwgs-1-3-L2-fastp	49.824600000000004	38.2814	39.2758	38.077299999999994	38.901	38.0362	37.896	38.8292	39.3397	37.8546	41.513	40.9599	40.083800000000004	39.793099999999995	39.7709	39.544200000000004	39.9599	39.528	39.7545	40.0783	40.0177	39.7894	39.9249	39.6237	39.8376	39.6215	39.508700000000005	39.6815	39.7266	39.4789	39.826699999999995	39.7609	39.853899999999996	39.861200000000004	39.8178	39.6551	39.7154	39.467400000000005	39.705200000000005	39.4737	39.6646	39.4513	39.6297	39.6646	39.7201	39.4439	39.7275	39.500800000000005	39.4097	39.4413	39.5718	39.5487	39.6796	39.4365	39.5327	39.615899999999996	39.6034	39.3536	39.6477	39.339400000000005	39.5589	39.301	39.366800000000005	39.400200000000005	39.5109	39.3085	39.5019	39.3952	39.463300000000004	39.320699999999995	39.6599	39.3889	39.5218	39.381699999999995	39.4762	39.312599999999996	39.6416	39.3581	39.5214	39.5459	39.5043	39.3565	39.650600000000004	39.5459	39.7436	39.7346	39.5889	39.570899999999995	39.995599999999996	39.5817	39.8299	39.8628	39.812599999999996	39.853699999999996	39.8925	39.9309	40.2061	40.0163	40.0762	40.1617	40.3136	40.1308	40.3169	40.617	40.4453	40.4523	40.9148	40.6215	40.7383	40.7822	40.8864	41.1381	41.4606	41.003099999999996	41.576	41.8756	41.6493	41.6996	42.3017	42.160399999999996	42.1099	42.3673	42.3641	42.629099999999994	42.9333	42.666	43.1203	43.383	43.5369	43.6834	44.0767	44.0685	44.4435	44.7989	44.4369	45.2108	45.446799999999996	44.755	45.569700000000005	46.5088	45.8914	45.9551	46.4474	46.521499999999996	47.1635	47.3758	46.998	47.3475	48.5009	46.4711
Sor-ACeb_007-Ex1-2F-lcwgs-1-3-L3-fastp	49.5612	38.2011	39.1815	37.926300000000005	38.8631	37.6715	37.8784	38.9692	39.1902	37.8294	41.4711	40.9404	40.0572	39.8213	39.848	39.4279	39.923500000000004	39.536	39.8502	39.986	39.9245	39.711600000000004	39.894800000000004	39.584399999999995	39.8083	39.711600000000004	39.422200000000004	39.653	39.7906	39.3709	39.857	39.7903	39.8275	39.820499999999996	39.8772	39.6338	39.7766	39.484399999999994	39.6361	39.537800000000004	39.7349	39.4783	39.5872	39.6248	39.7814	39.5059	39.721000000000004	39.4561	39.4988	39.4431	39.6088	39.5458	39.7543	39.4065	39.6203	39.5942	39.672000000000004	39.334	39.6342	39.3347	39.528200000000005	39.3365	39.3665	39.4244	39.4824	39.3173	39.4571	39.4865	39.4597	39.3306	39.587	39.4409	39.5527	39.468199999999996	39.500099999999996	39.3741	39.6331	39.435700000000004	39.489000000000004	39.407599999999995	39.5541	39.4329	39.7213	39.744800000000005	39.7479	39.828	39.6784	39.637899999999995	39.9709	39.475100000000005	39.9541	39.9834	39.9606	39.9351	39.9889	39.921099999999996	40.0619	40.1008	40.321	40.2039	40.4157	40.2123	40.2845	40.5472	40.568	40.4524	40.8276	40.7808	40.8543	41.0836	41.139399999999995	40.7059	41.503	41.1449	41.7535	41.9944	41.8617	41.6141	42.34	41.8562	42.182199999999995	42.6543	42.5784	42.552299999999995	43.0891	42.7234	43.542500000000004	43.5227	43.7307	43.5411	44.1676	44.0451	44.3455	44.7347	44.2705	44.7479	45.4936	44.8123	45.758700000000005	46.300000000000004	45.8467	46.0131	47.3336	46.2723	46.9696	47.834700000000005	47.1343	47.6163	48.629099999999994	47.354800000000004
Sor-ACeb_008-Ex1-3F-lcwgs-1-3-L2-fastp	48.1597	35.6126	36.0012	34.0854	34.751	33.8866	33.5793	34.557900000000004	34.944900000000004	34.1265	37.5777	37.0892	36.3159	35.998400000000004	35.876599999999996	35.604	35.830600000000004	35.7368	35.8588	36.0378	36.0767	36.0429	35.9941	35.7278	35.7306	35.6353	35.542	35.5816	35.6919	35.6869	35.8459	35.843	35.8956	35.776	35.759299999999996	35.5876	35.5771	35.4701	35.477599999999995	35.4251	35.598200000000006	35.510799999999996	35.5818	35.533300000000004	35.4433	35.347	35.2866	35.1632	35.1685	35.180499999999995	35.2603	35.2786	35.353699999999996	35.2255	35.2541	35.2111	35.177	35.0693	35.1047	35.0277	35.165600000000005	35.1072	35.1025	35.1481	35.1376	35.0304	35.048899999999996	35.0157	35.005900000000004	34.944900000000004	35.0565	35.023700000000005	35.067	35.0312	35.0422	34.9923	35.0342	34.916799999999995	34.9447	34.9563	35.004200000000004	34.9408	34.9925	34.9801	34.9964	34.9557	34.916199999999996	34.8992	34.971999999999994	34.8654	35.0007	34.9733	34.9952	34.997699999999995	35.0074	35.0011	34.9787	34.9439	34.950199999999995	34.9415	34.9944	34.9306	35.0358	35.115	35.1106	35.0657	35.0922	35.1109	35.1055	35.1722	35.1909	35.1498	35.356500000000004	35.3329	35.4112	35.486000000000004	35.405	35.4153	35.647400000000005	35.540699999999994	35.720600000000005	35.807	35.8685	35.932199999999995	36.2004	36.072700000000005	36.3153	36.294	36.3678	36.4815	36.7196	36.6746	36.9075	37.042	37.0726	37.1543	37.3286	37.4349	37.5137	37.7331	37.6665	38.0313	38.2545	38.2468	38.5203	38.8949	38.8553	39.0108	39.081700000000005	38.337900000000005
Sor-ACeb_008-Ex1-3F-lcwgs-1-3-L3-fastp	47.9321	35.3703	35.7977	33.9305	34.584900000000005	33.4701	33.4285	34.4122	34.7592	33.9974	37.4584	36.9764	36.1968	35.881299999999996	35.760799999999996	35.493900000000004	35.687000000000005	35.6281	35.7638	35.9	35.9593	35.913000000000004	35.8804	35.6207	35.6254	35.5126	35.4282	35.488	35.5793	35.5884	35.774699999999996	35.754000000000005	35.796299999999995	35.6593	35.6526	35.5026	35.4761	35.364000000000004	35.3763	35.393	35.5253	35.4548	35.506	35.4142	35.3668	35.273199999999996	35.2041	35.0924	35.103	35.1205	35.201	35.2167	35.2702	35.158899999999996	35.1979	35.1432	35.1308	35.0038	35.0473	35.010799999999996	35.085300000000004	35.0398	35.0687	35.1487	35.0409	34.9692	34.996300000000005	34.949999999999996	34.935	34.8829	34.9968	34.9679	35.0029	34.9821	35.0057	34.9514	34.9775	34.8891	34.8923	34.8814	34.9554	34.873599999999996	34.9335	34.9239	34.9032	34.9299	34.8471	34.8454	34.9556	34.8261	34.9578	34.9273	34.9354	34.9382	34.9736	34.9136	34.9455	34.848	34.8518	34.8082	34.9095	34.9081	34.9337	35.022999999999996	34.9721	35.025099999999995	35.0188	34.940599999999996	35.002100000000006	35.0268	35.0026	34.9953	35.219	35.1722	35.2541	35.3257	35.2255	35.2753	35.3791	35.3451	35.4215	35.5433	35.5587	35.724000000000004	35.8491	35.769600000000004	35.851499999999994	36.0341	35.884899999999995	35.979	36.2553	36.2602	36.286	36.5779	36.5842	36.6749	36.945299999999996	36.9159	37.0082	37.2849	37.3181	37.6112	37.983200000000004	37.711600000000004	38.0593	38.2609	38.0353	38.2734	38.4016	37.933699999999995
Sor-ACeb_009-Ex1-4F-lcwgs-1-3-L2-fastp	49.1879	37.4692	37.4743	35.8838	36.9956	36.1139	35.9359	36.6261	37.1488	36.4658	39.596900000000005	39.144600000000004	38.5724	38.196400000000004	38.101	37.8263	38.122299999999996	37.9236	38.0994	38.1517	38.3297	38.156099999999995	38.2148	37.9288	38.089600000000004	37.917	37.8294	37.823499999999996	37.9558	37.7784	38.0628	37.9899	38.0523	37.9543	37.9144	37.7324	37.763600000000004	37.594	37.5503	37.4714	37.601	37.4097	37.475	37.4006	37.3503	37.2422	37.190200000000004	37.0386	37.0546	36.9743	37.0629	37.034	37.0595	36.9587	36.9158	36.9758	36.8732	36.7234	36.85	36.6501	36.7332	36.714	36.6233	36.6924	36.7071	36.5561	36.6127	36.4684	36.5241	36.4484	36.552800000000005	36.4388	36.418	36.4535	36.3975	36.3525	36.458200000000005	36.1834	36.28	36.29	36.3555	36.2177	36.3113	36.2872	36.131600000000006	36.134	36.0606	36.159200000000006	36.247	35.9844	36.0396	36.1233	36.1122	36.065000000000005	36.052	36.051	36.092600000000004	35.956700000000005	35.951499999999996	36.0559	35.9962	36.040499999999994	35.955999999999996	36.1342	35.8953	36.0209	35.9124	35.9208	35.9994	35.7744	36.1402	35.897800000000004	35.7454	36.1706	36.032	36.2866	35.802299999999995	36.010999999999996	36.3393	36.0538	36.2121	36.1511	36.1721	36.0205	36.1804	36.3437	36.680600000000005	36.4236	36.3599	36.4103	36.3955	36.520599999999995	36.6384	36.7566	36.5619	37.0498	36.9034	36.6859	37.2016	37.459199999999996	37.1534	37.1652	37.3908	37.7434	37.5623	38.0285	37.8661	37.3396	37.7581	37.255300000000005
Sor-ACeb_009-Ex1-4F-lcwgs-1-3-L3-fastp	48.946	37.1357	37.1898	35.7037	36.7954	35.682	35.719	36.4761	36.9028	36.2318	39.4542	38.9598	38.317800000000005	37.9733	37.9624	37.6375	37.9216	37.762499999999996	37.885600000000004	37.9784	38.0663	37.9674	38.1478	37.816	37.885999999999996	37.7991	37.7064	37.6639	37.7673	37.6467	37.941900000000004	37.8077	37.8491	37.7732	37.8258	37.5113	37.5778	37.420700000000004	37.4272	37.2458	37.4977	37.2414	37.3199	37.2156	37.242999999999995	37.0922	37.0808	36.935	36.8461	36.8874	36.8744	36.9073	36.9158	36.739	36.780499999999996	36.7649	36.7119	36.5721	36.6908	36.5835	36.5962	36.4281	36.5526	36.5327	36.5325	36.4019	36.4203	36.3495	36.3767	36.310700000000004	36.3465	36.3272	36.3721	36.1652	36.2494	36.167100000000005	36.1621	36.1697	36.0715	35.9227	36.1376	36.0738	36.166599999999995	36.026	36.0482	35.929100000000005	35.8922	35.9328	36.0085	35.8033	35.8142	35.8137	35.684900000000006	35.9677	35.6706	35.755199999999995	35.7117	35.7063	35.727	35.513	35.466300000000004	35.7203	35.708400000000005	35.5738	35.7861	35.7567	35.806900000000006	35.5724	35.457100000000004	35.6543	35.5918	35.660599999999995	35.5375	35.8513	35.8147	35.576	35.7119	35.6725	35.7175	35.531600000000005	35.6481	35.6823	35.8012	35.5323	35.855399999999996	35.1147	35.8296	35.521	36.0858	35.8648	36.0644	35.4814	36.1007	35.7763	35.7138	36.1962	36.2542	35.808299999999996	36.3785	36.2906	36.3312	36.3288	36.4794	36.0284	36.3977	36.6665	36.2988	36.2809	36.6286	35.8791
Sor-ACeb_010-Ex1-5F-lcwgs-1-3-L2-fastp	49.7569	36.5313	38.4984	36.8662	37.7341	36.8202	36.7602	37.5994	38.1653	36.763600000000004	40.5374	40.132400000000004	39.1507	38.899	38.8989	38.5805	39.0374	38.7187	38.8141	39.236599999999996	39.076	39.008900000000004	39.125	38.7607	38.988099999999996	38.9045	38.636900000000004	38.9591	38.8911	38.733200000000004	39.0462	39.0025	39.0758	39.1059	39.0544	38.8974	38.966899999999995	38.8026	38.8859	38.7358	38.8645	38.7277	38.8352	38.8589	38.9828	38.8021	38.9063	38.7434	38.643100000000004	38.744499999999995	38.7868	38.7328	38.9519	38.5846	38.7653	38.8097	38.7767	38.606899999999996	38.737100000000005	38.5301	38.663799999999995	38.4646	38.5114	38.644099999999995	38.628099999999996	38.467800000000004	38.6447	38.546200000000006	38.5796	38.408300000000004	38.689099999999996	38.5922	38.6214	38.5079	38.6087	38.4988	38.723600000000005	38.448100000000004	38.5218	38.610299999999995	38.644	38.4065	38.690999999999995	38.6308	38.6057	38.6449	38.5533	38.5789	38.9355	38.5329	38.7672	38.8288	38.7832	38.752199999999995	38.8759	38.7937	38.9925	38.7252	38.8655	38.8677	38.9663	38.833800000000004	39.006299999999996	39.2044	39.123200000000004	39.080799999999996	39.3275	39.2789	39.333400000000005	39.4932	39.4146	39.459300000000006	39.8508	39.616800000000005	39.8157	40.0881	39.989799999999995	39.9105	40.370400000000004	40.1288	40.4182	40.661500000000004	40.644999999999996	40.7031	41.1789	40.823100000000004	41.2702	41.5171	41.4941	41.5234	41.9532	41.6898	41.985499999999995	42.471399999999996	42.1216	42.559799999999996	42.9108	42.6798	43.0544	43.5773	43.3229	43.5691	44.1138	43.8639	44.1803	44.6197	44.2944	44.6709	45.1601	44.324999999999996
Sor-ACeb_010-Ex1-5F-lcwgs-1-3-L3-fastp	49.6092	36.41	38.3782	36.8221	37.6985	36.5114	36.7166	37.581900000000005	38.0805	36.7408	40.5224	40.1122	39.1392	38.884800000000006	38.8841	38.568000000000005	39.022800000000004	38.7104	38.8143	39.231500000000004	39.0682	39.0019	39.118900000000004	38.748	38.9771	38.8976	38.6273	38.960699999999996	38.9013	38.738099999999996	39.0656	39.0192	39.075900000000004	39.113	39.0466	38.8977	38.9733	38.7978	38.8942	38.765699999999995	38.8892	38.7506	38.8501	38.8574	38.9828	38.8063	38.907599999999995	38.756299999999996	38.67	38.765	38.799499999999995	38.751999999999995	38.9517	38.597	38.7963	38.8293	38.7996	38.6254	38.7569	38.590799999999994	38.6956	38.496399999999994	38.5452	38.7075	38.6316	38.492599999999996	38.666	38.5629	38.5814	38.4301	38.7507	38.6346	38.6658	38.5472	38.652300000000004	38.5469	38.7611	38.4953	38.5625	38.6323	38.6899	38.4696	38.728899999999996	38.704499999999996	38.6572	38.702799999999996	38.611000000000004	38.639	38.9737	38.5921	38.8383	38.8981	38.836	38.806000000000004	38.934400000000004	38.8675	39.0666	38.8027	38.9587	38.9316	39.0327	38.9186	39.08	39.288000000000004	39.1938	39.163399999999996	39.414300000000004	39.353	39.441199999999995	39.5698	39.503899999999994	39.5526	39.9442	39.679700000000004	39.9526	40.1779	40.064	39.9975	40.4291	40.205	40.5053	40.7563	40.691100000000006	40.7767	41.2371	40.8744	41.3012	41.565200000000004	41.5411	41.5482	42.0104	41.7289	42.0241	42.4897	42.1006	42.566700000000004	42.9728	42.668	43.114000000000004	43.5508	43.3797	43.6201	44.163000000000004	43.917699999999996	44.1918	44.6978	44.3571	44.7632	45.2999	44.5778
Sor-ACeb_011-Ex1-6F-lcwgs-1-3-L2-fastp	63.4439	51.7224	48.7543	49.456	51.4391	49.7601	49.2976	51.605999999999995	50.657700000000006	49.8271	54.31700000000001	53.4258	52.894	53.1633	51.8656	52.0641	52.9293	51.780499999999996	52.111399999999996	52.923500000000004	51.678900000000006	51.9837	52.7077	51.450700000000005	51.828799999999994	52.536899999999996	51.399300000000004	51.7892	52.5706	51.4493	51.8926	52.66030000000001	51.5193	51.8584	52.6187	51.44220000000001	51.8186	52.523399999999995	51.4178	51.7757	52.584399999999995	51.4378	51.8648	52.599700000000006	51.4834	51.8289	52.5956	51.469699999999996	51.8747	52.5996	51.544500000000006	51.8729	52.6752	51.6066	51.9856	52.725500000000004	51.624	51.977799999999995	52.7796	51.6941	52.1423	52.861599999999996	51.8328	52.268899999999995	53.0454	51.9363	52.3536	53.1496	52.081900000000005	52.464200000000005	53.3403	52.1938	52.6601	53.4107	52.4247	52.784299999999995	53.6111	52.531099999999995	52.9743	53.790499999999994	52.666900000000005	53.0831	53.933600000000006	52.8627	53.324099999999994	54.0933	53.0305	53.4482	54.2965	53.197	53.5966	54.4513	53.3483	53.7937	54.6315	53.4713	53.9585	54.764599999999994	53.679	54.1192	54.9659	53.8235	54.2261	55.035599999999995	53.9118	54.3775	55.199600000000004	54.12630000000001	54.5296	55.3652	54.2476	54.671899999999994	55.5194	54.3782	54.787699999999994	55.621900000000004	54.494	54.9477	55.724799999999995	54.6194	55.081199999999995	55.8786	54.7346	55.157199999999996	55.98570000000001	54.8207	55.2423	56.0536	54.9492	55.3126	56.177699999999994	55.0582	55.4493	56.2823	55.1848	55.529399999999995	56.452000000000005	55.2284	55.63940000000001	56.4498	55.345299999999995	55.7807	56.6102	55.447500000000005	55.8346	56.7271	55.45569999999999	55.9617	56.770399999999995	55.396
Sor-ACeb_011-Ex1-6F-lcwgs-1-3-L3-fastp	63.59160000000001	51.895100000000006	48.8679	49.6496	51.673500000000004	49.5851	49.483700000000006	51.8824	50.8085	50.060300000000005	54.6014	53.6875	53.154900000000005	53.4272	52.1188	52.3304	53.215500000000006	52.029	52.3787	53.1945	51.918299999999995	52.24100000000001	52.96619999999999	51.7131	52.09310000000001	52.827	51.6672	52.0898	52.8617	51.7226	52.16	52.9549	51.783699999999996	52.1417	52.89660000000001	51.7011	52.114799999999995	52.7856	51.684200000000004	52.026399999999995	52.8757	51.72330000000001	52.14339999999999	52.8684	51.7432	52.0798	52.86149999999999	51.7369	52.146499999999996	52.886	51.8095	52.1413	52.936899999999994	51.8482	52.2484	52.99660000000001	51.873599999999996	52.2574	53.069100000000006	51.9703	52.39509999999999	53.1326	52.0923	52.5413	53.2853	52.183800000000005	52.600199999999994	53.4212	52.2884	52.691900000000004	53.5981	52.4358	52.9011	53.66610000000001	52.6462	53.01090000000001	53.8603	52.7424	53.2087	53.952299999999994	52.91479999999999	53.3192	54.1667	53.09739999999999	53.550200000000004	54.343399999999995	53.241499999999995	53.654900000000005	54.498999999999995	53.3836	53.819300000000005	54.66609999999999	53.5635	53.997099999999996	54.837	53.6593	54.1494	54.972100000000005	53.8639	54.3128	55.157900000000005	54.024499999999996	54.4314	55.256099999999996	54.1102	54.5964	55.391999999999996	54.2903	54.711600000000004	55.5342	54.42320000000001	54.833	55.706599999999995	54.5315	54.973099999999995	55.800000000000004	54.6446	55.1049	55.9126	54.7678	55.2436	56.0454	54.88420000000001	55.2899	56.1535	54.9733	55.387299999999996	56.2256	55.088300000000004	55.384100000000004	56.3195	55.1862	55.5574	56.381499999999996	55.262299999999996	55.6391	56.5733	55.2729	55.767500000000005	56.538	55.4814	55.876599999999996	56.7312	55.537800000000004	55.9616	56.9101	55.5608	56.1223	56.9411	55.627
Sor-ACeb_012-Ex1-7F-lcwgs-1-3-L2-fastp	48.595699999999994	35.5008	36.8082	34.9865	35.701899999999995	34.6637	34.6131	34.861	35.6749	34.7759	38.1222	37.8486	37.048199999999994	36.6888	36.7876	36.2998	36.8495	36.4737	36.5112	37.0937	36.925599999999996	36.9289	36.938500000000005	36.5923	36.797999999999995	36.6862	36.3644	36.7633	36.6051	36.523	36.829499999999996	36.7969	36.8959	36.9669	36.9146	36.7444	36.7965	36.5972	36.7304	36.4857	36.6954	36.5622	36.6768	36.6833	36.8413	36.676500000000004	36.6745	36.5257	36.3337	36.4658	36.5828	36.5653	36.7644	36.384499999999996	36.5818	36.5966	36.6469	36.4204	36.5023	36.3498	36.4607	36.211	36.3064	36.459399999999995	36.359399999999994	36.2682	36.449	36.276599999999995	36.337599999999995	36.135099999999994	36.4152	36.3294	36.3851	36.2081	36.388799999999996	36.2365	36.4979	36.1793	36.2877	36.3392	36.4099	36.1362	36.4071	36.4142	36.3337	36.393	36.3125	36.3447	36.723299999999995	36.3489	36.559000000000005	36.5404	36.5919	36.4917	36.6247	36.573499999999996	36.813	36.46	36.6448	36.626599999999996	36.5762	36.5079	36.66	36.8603	36.766799999999996	36.705	36.9311	36.8909	36.9888	37.0231	36.9965	36.9441	37.3976	37.1175	37.3927	37.5224	37.5413	37.3598	37.7867	37.5284	37.784	37.9711	38.0491	38.0546	38.4684	38.1295	38.6389	38.6969	38.8153	38.730399999999996	39.0672	38.8671	39.163	39.640100000000004	39.1602	39.7	39.906000000000006	39.719100000000005	40.106700000000004	40.4154	40.3078	40.5717	41.024100000000004	40.7552	41.1192	41.503499999999995	41.1767	41.681400000000004	42.0275	41.1364
Sor-ACeb_012-Ex1-7F-lcwgs-1-3-L3-fastp	48.4446	35.342600000000004	36.6593	34.9039	35.6299	34.3099	34.5398	34.793400000000005	35.564499999999995	34.7152	38.0691	37.7981	37.0092	36.6377	36.7399	36.2642	36.8049	36.437599999999996	36.471199999999996	37.042	36.8799	36.8839	36.8988	36.5453	36.7639	36.6463	36.3272	36.714	36.5853	36.4963	36.8113	36.7795	36.864799999999995	36.9332	36.8827	36.7111	36.75	36.5474	36.707499999999996	36.4983	36.674	36.560500000000005	36.6736	36.6421	36.834	36.6507	36.6533	36.5227	36.3339	36.452400000000004	36.5854	36.5663	36.7302	36.3546	36.6096	36.5822	36.6418	36.3904	36.5078	36.3745	36.4585	36.1927	36.3421	36.481700000000004	36.3319	36.2646	36.4344	36.283	36.3086	36.1111	36.4391	36.3705	36.3787	36.2347	36.3954	36.2446	36.519400000000005	36.2034	36.3002	36.3322	36.4054	36.1775	36.4094	36.436	36.3647	36.422	36.3595	36.351299999999995	36.7369	36.3647	36.6126	36.5719	36.5938	36.5496	36.6738	36.5958	36.862899999999996	36.4929	36.6898	36.6504	36.617	36.5712	36.7106	36.8944	36.809799999999996	36.7365	36.993700000000004	36.9255	37.0258	37.052800000000005	37.044399999999996	36.9883	37.400299999999994	37.1248	37.4723	37.5616	37.5441	37.413999999999994	37.795899999999996	37.5762	37.7615	37.9869	38.047399999999996	38.053599999999996	38.4338	38.1359	38.6045	38.7328	38.8126	38.6826	39.0979	38.8279	39.1034	39.5645	39.2004	39.6656	39.8966	39.709	40.1277	40.5186	40.314899999999994	40.511	41.038000000000004	40.7826	41.207100000000004	41.436499999999995	41.2586	41.7252	42.0295	41.382400000000004
Sor-ACeb_013-Ex1-8F-lcwgs-1-3-L2-fastp	52.437900000000006	41.5897	40.6297	40.215	41.4268	40.2679	40.0076	41.2964	41.346199999999996	40.277499999999996	43.9621	43.7746	42.815	42.849	42.2391	42.1209	42.875	42.1509	42.2436	43.169200000000004	42.3612	42.5847	42.9317	42.154399999999995	42.4035	42.7718	41.917500000000004	42.5659	42.6371	42.140100000000004	42.427	42.8998	42.4346	42.6714	42.7932	42.2839	42.4193	42.7004	42.294	42.2911	42.6877	42.231	42.3547	42.7797	42.450700000000005	42.403200000000005	42.7974	42.2436	42.138999999999996	42.7322	42.2503	42.4425	42.9752	42.1444	42.4492	42.916399999999996	42.375	42.4369	42.8538	42.247299999999996	42.4622	42.7329	42.2868	42.6828	42.9529	42.4819	42.7484	43.129400000000004	42.6973	42.8054	43.418099999999995	42.9636	43.1951	43.6171	43.2501	43.4035	44.113400000000006	43.4211	43.7043	44.380399999999995	43.8645	43.9435	44.7956	44.3216	44.5188	45.2378	44.6335	45.042100000000005	45.901399999999995	45.0784	45.5917	46.3159	45.7615	46.0895	46.8669	46.3087	46.794799999999995	47.2794	46.7941	47.225899999999996	47.943799999999996	47.2932	47.787400000000005	48.7041	48.0101	48.3221	49.3416	48.6234	49.051899999999996	49.9879	49.1776	49.6225	50.71489999999999	49.7974	50.3165	51.2949	50.476299999999995	50.838499999999996	51.9381	50.978500000000004	51.5436	52.553000000000004	51.6501	52.0458	53.1486	52.098	52.696200000000005	53.699799999999996	52.7532	53.1019	54.1879	53.1366	53.605199999999996	54.660799999999995	53.555299999999995	54.03	55.106100000000005	53.9616	54.443200000000004	55.5296	54.365399999999994	54.8476	55.94	54.70739999999999	55.2188	56.2809	55.0151	55.477900000000005	56.5219	55.0304
Sor-ACeb_013-Ex1-8F-lcwgs-1-3-L3-fastp	52.6731	41.8451	40.7965	40.483200000000004	41.722500000000004	40.2327	40.265	41.633900000000004	41.5844	40.5777	44.2943	44.099	43.1369	43.1951	42.5545	42.4392	43.2121	42.4746	42.571799999999996	43.5038	42.6786	42.9155	43.269800000000004	42.4662	42.7198	43.1019	42.234100000000005	42.8878	42.9899	42.4681	42.7556	43.2595	42.7702	42.990899999999996	43.1327	42.599399999999996	42.7365	43.0477	42.6156	42.638799999999996	43.047200000000004	42.5653	42.6935	43.1066	42.7643	42.7243	43.1366	42.5689	42.4814	43.0869	42.5886	42.7737	43.312	42.4761	42.804700000000004	43.2759	42.6983	42.7674	43.213499999999996	42.6197	42.8111	43.1023	42.646	43.0617	43.2923	42.82	43.1012	43.4978	43.0109	43.1418	43.810500000000005	43.317899999999995	43.5505	44.0015	43.601800000000004	43.764399999999995	44.4973	43.7778	44.0707	44.7372	44.230399999999996	44.323	45.1956	44.709500000000006	44.8907	45.6355	44.9982	45.4225	46.2899	45.4517	45.9833	46.706399999999995	46.1205	46.479	47.2627	46.6798	47.167500000000004	47.6732	47.165800000000004	47.5908	48.322700000000005	47.6619	48.137	49.114200000000004	48.368100000000005	48.6893	49.728	48.977900000000005	49.413000000000004	50.3443	49.5302	49.9739	51.092999999999996	50.1292	50.6624	51.655499999999996	50.7972	51.1716	52.2756	51.2911	51.849599999999995	52.88699999999999	51.93449999999999	52.3427	53.4421	52.36110000000001	52.9469	54.0016	52.984500000000004	53.3072	54.4569	53.3407	53.833299999999994	54.900800000000004	53.738	54.263099999999994	55.317400000000006	54.1153	54.6817	55.705499999999994	54.5824	55.05989999999999	56.1727	54.88889999999999	55.424099999999996	56.492	55.20080000000001	55.7059	56.7486	55.325599999999994
Sor-ACeb_014-Ex1-9F-lcwgs-1-3-L2-fastp	49.563	36.5106	37.690400000000004	36.1326	37.066700000000004	36.03	35.869	36.7758	37.3359	36.0969	39.8848	39.6473	38.6586	38.3677	38.2653	37.9432	38.4828	38.0835	38.161699999999996	38.817299999999996	38.4979	38.5271	38.589400000000005	38.195299999999996	38.375	38.3959	37.9511	38.431599999999996	38.3208	38.1423	38.4512	38.5282	38.506099999999996	38.5342	38.4872	38.2747	38.351600000000005	38.2614	38.2655	38.1373	38.3567	38.1631	38.2857	38.335	38.3838	38.2072	38.3467	38.1046	37.9543	38.2026	38.1745	38.2117	38.480199999999996	37.9898	38.1882	38.3147	38.1806	38.026700000000005	38.2175	37.9764	38.104	37.9987	37.9408	38.1659	38.1187	37.9511	38.1034	38.093700000000005	38.038	37.9388	38.2778	38.1631	38.2073	38.1961	38.231500000000004	38.150800000000004	38.478699999999996	38.0931	38.2047	38.4148	38.365500000000004	38.172200000000004	38.577	38.5041	38.4656	38.656800000000004	38.4921	38.606	39.1	38.629799999999996	38.874399999999994	39.108900000000006	39.0158	39.045	39.3038	39.1879	39.4452	39.319900000000004	39.334599999999995	39.466699999999996	39.6349	39.4838	39.7152	40.135799999999996	39.9484	40.0014	40.4727	40.2921	40.4326	40.785199999999996	40.6402	40.7651	41.3728	40.9714	41.335	41.8207	41.5989	41.6434	42.290499999999994	41.928	42.322500000000005	42.8272	42.6919	42.8017	43.5489	43.0579	43.5561	44.1269	43.91	44.051	44.770900000000005	44.305299999999995	44.709500000000006	45.4889	44.934000000000005	45.4371	46.0958	45.6191	46.1284	46.8394	46.4016	46.7558	47.599799999999995	47.0841	47.5224	48.3031	47.6524	48.1396	48.9846	47.8304
Sor-ACeb_014-Ex1-9F-lcwgs-1-3-L3-fastp	49.5021	36.4675	37.6313	36.148799999999994	37.0919	35.7937	35.887	36.8193	37.321799999999996	36.1427	39.945	39.7022	38.711600000000004	38.428200000000004	38.3072	37.993700000000004	38.5335	38.149699999999996	38.2256	38.8746	38.5616	38.5897	38.6481	38.2461	38.4262	38.4619	38.0077	38.501999999999995	38.3973	38.205	38.5185	38.6049	38.5832	38.6038	38.5606	38.3427	38.4103	38.3254	38.3349	38.2365	38.444	38.2521	38.3697	38.4007	38.4538	38.276700000000005	38.4159	38.189	38.0364	38.2935	38.2618	38.2999	38.5558	38.069399999999995	38.2887	38.406800000000004	38.2759	38.114599999999996	38.3186	38.089	38.2059	38.0981	38.048	38.2998	38.206	38.041000000000004	38.196799999999996	38.1923	38.1068	38.0319	38.4154	38.2749	38.3126	38.330799999999996	38.3451	38.2873	38.601200000000006	38.2168	38.324200000000005	38.5315	38.4908	38.324799999999996	38.709700000000005	38.6719	38.635799999999996	38.8245	38.630199999999995	38.7592	39.2326	38.773	39.0512	39.275999999999996	39.158	39.224399999999996	39.4648	39.352599999999995	39.622600000000006	39.505	39.511	39.6415	39.8281	39.671	39.9069	40.354099999999995	40.1212	40.2163	40.6754	40.466800000000006	40.6481	40.9872	40.8499	40.971000000000004	41.6228	41.1834	41.5681	42.052800000000005	41.808800000000005	41.873599999999996	42.5356	42.150999999999996	42.533	43.0608	42.910399999999996	43.0558	43.7739	43.2628	43.7821	44.3899	44.1182	44.2132	44.9774	44.5154	44.9259	45.7196	45.0866	45.656600000000005	46.3354	45.7881	46.3717	47.0386	46.6419	46.9938	47.8533	47.3078	47.7565	48.5608	47.894	48.4024	49.263	48.2529
Sor-ACeb_015-Ex1-10F-lcwgs-1-3-L2-fastp	50.1201	36.6996	38.0668	36.492599999999996	37.2456	36.371700000000004	36.2922	37.1882	37.750699999999995	36.359	40.2044	39.778200000000005	38.7338	38.48	38.416	38.0908	38.5839	38.2504	38.2937	38.8092	38.622299999999996	38.5778	38.6563	38.3253	38.5081	38.479600000000005	38.1325	38.4868	38.4035	38.2206	38.5744	38.569199999999995	38.6176	38.6318	38.623400000000004	38.420100000000005	38.514700000000005	38.3245	38.3916	38.2625	38.413599999999995	38.2753	38.3729	38.4082	38.5338	38.3587	38.460699999999996	38.2545	38.1183	38.2567	38.3189	38.3012	38.5361	38.1219	38.317	38.3743	38.3431	38.1824	38.2889	38.077	38.2382	38.018800000000006	38.0653	38.244	38.2284	38.063599999999994	38.2436	38.1449	38.1921	38.0039	38.3471	38.2636	38.2895	38.1736	38.2932	38.164	38.4312	38.1027	38.2213	38.3142	38.3632	38.0853	38.434200000000004	38.429	38.391999999999996	38.4621	38.3656	38.417699999999996	38.8713	38.3545	38.6512	38.7207	38.7142	38.667	38.8664	38.7687	38.9994	38.7906	38.913399999999996	38.9195	39.019999999999996	38.8955	39.1305	39.397	39.2835	39.271699999999996	39.585	39.4515	39.617200000000004	39.6689	39.674	39.6905	40.2305	39.9592	40.2341	40.426	40.4651	40.252900000000004	40.8851	40.4459	40.8808	41.1644	41.2017	41.2333	41.9172	41.4307	41.7819	42.2587	42.126200000000004	42.1153	42.758	42.3733	42.6711	43.3269	42.938700000000004	43.3639	43.839	43.535000000000004	43.7835	44.3768	44.1022	44.426100000000005	45.0005	44.7822	45.1397	45.7196	45.3374	45.677299999999995	46.306999999999995	45.2055
Sor-ACeb_015-Ex1-10F-lcwgs-1-3-L3-fastp	49.9829	36.5642	37.9542	36.4671	37.2121	36.049	36.2794	37.1624	37.6986	36.3486	40.2152	39.7582	38.7361	38.4476	38.4212	38.0888	38.5907	38.244699999999995	38.3523	38.7862	38.6398	38.576899999999995	38.6577	38.2727	38.5065	38.439800000000005	38.1263	38.4684	38.4154	38.2687	38.5535	38.5957	38.629200000000004	38.661699999999996	38.6191	38.4073	38.484899999999996	38.3206	38.420500000000004	38.289699999999996	38.4614	38.2585	38.3874	38.4298	38.5586	38.3536	38.502199999999995	38.2481	38.1682	38.3138	38.347500000000004	38.312000000000005	38.5703	38.1421	38.3839	38.3592	38.3682	38.2278	38.2982	38.1579	38.2506	38.035999999999994	38.1327	38.3236	38.23	38.1003	38.2544	38.1237	38.1949	38.0143	38.3687	38.2749	38.3087	38.2058	38.3258	38.1998	38.514199999999995	38.161899999999996	38.2945	38.3335	38.4113	38.155899999999995	38.5204	38.4456	38.440200000000004	38.474799999999995	38.459500000000006	38.4704	38.8637	38.4411	38.7276	38.779799999999994	38.7553	38.708999999999996	38.8919	38.847500000000004	39.0694	38.826	39.0262	38.992599999999996	39.1066	38.980399999999996	39.1794	39.4358	39.3518	39.3232	39.6692	39.5004	39.7168	39.815	39.792300000000004	39.7343	40.2909	39.9997	40.2953	40.58	40.5324	40.3268	40.9241	40.5142	40.8632	41.164699999999996	41.2444	41.2134	41.8534	41.3584	41.911100000000005	42.2778	42.100500000000004	42.1344	42.8334	42.4121	42.7493	43.19	42.863	43.3763	43.7697	43.3689	43.8255	44.4081	44.1657	44.547399999999996	45.0274	44.7355	45.156	45.8268	45.469300000000004	45.6621	46.4482	45.4437
Sor-ACeb_016-Ex1-11F-lcwgs-1-3-L2-fastp	50.3376	38.6751	39.8447	38.5948	39.259899999999995	38.414500000000004	38.321600000000004	39.618900000000004	39.9405	38.109700000000004	42.1095	41.6238	40.6006	40.3086	40.3046	40.0233	40.523399999999995	40.0922	40.2534	40.645399999999995	40.5024	40.2977	40.5802	40.134100000000004	40.4168	40.3223	40.0898	40.325	40.375699999999995	40.0783	40.456599999999995	40.415099999999995	40.5148	40.4153	40.454	40.267599999999995	40.367999999999995	40.1323	40.245	40.0622	40.2753	40.023199999999996	40.172999999999995	40.2336	40.3074	40.1143	40.2997	40.070499999999996	40.0407	40.0994	40.1251	40.0247	40.3234	39.8458	40.0856	40.1662	40.1012	39.896300000000004	40.1147	39.8321	39.9954	39.785399999999996	39.8196	39.97	40.0212	39.774	39.9788	39.8934	39.9185	39.7295	40.073100000000004	39.9501	40.012100000000004	39.8767	39.9733	39.8369	40.111200000000004	39.7832	39.9174	40.0308	40.0404	39.765299999999996	40.1629	40.031099999999995	39.9953	40.085100000000004	39.981100000000005	40.0149	40.454	39.9334	40.239799999999995	40.4125	40.225100000000005	40.219	40.4015	40.313300000000005	40.5262	40.305600000000005	40.4162	40.470299999999995	40.63	40.422000000000004	40.606500000000004	40.9106	40.791	40.7022	41.0615	40.9987	41.0781	41.2328	41.1777	41.2236	41.6907	41.4165	41.5694	41.9463	41.7781	41.6628	42.2767	41.942	42.288	42.569	42.458800000000004	42.565999999999995	43.149100000000004	42.6819	43.081399999999995	43.4289	43.3308	43.424800000000005	44.0381	43.634299999999996	43.899899999999995	44.5069	44.1171	44.488699999999994	45.0441	44.6465	44.9554	45.5955	45.2521	45.3993	46.2289	45.7482	46.152100000000004	46.800799999999995	46.339200000000005	46.686499999999995	47.3383	46.4025
Sor-ACeb_016-Ex1-11F-lcwgs-1-3-L3-fastp	50.2273	38.5816	39.7368	38.5597	39.2621	38.1216	38.2924	39.6132	39.856	38.0943	42.1049	41.6358	40.598800000000004	40.3233	40.321600000000004	40.0114	40.5518	40.1091	40.301700000000004	40.6617	40.5282	40.3157	40.602199999999996	40.1507	40.4678	40.3513	40.122600000000006	40.3671	40.4127	40.0978	40.522999999999996	40.4472	40.5298	40.455200000000005	40.5055	40.3048	40.3866	40.1438	40.2924	40.0894	40.343	40.062999999999995	40.2431	40.2507	40.3401	40.145399999999995	40.3484	40.143499999999996	40.085	40.1527	40.1939	40.1096	40.3598	39.907199999999996	40.1777	40.2317	40.1772	39.9396	40.177600000000005	39.915299999999995	40.0959	39.8578	39.9135	40.069700000000005	40.0581	39.8583	40.0675	39.9508	40.0038	39.777	40.184999999999995	40.0328	40.098299999999995	39.9591	40.0604	39.9583	40.2098	39.8653	39.9982	40.0872	40.1477	39.881899999999995	40.1899	40.1428	40.123	40.1626	40.0944	40.0947	40.5668	40.0389	40.3331	40.4848	40.3451	40.366	40.5468	40.394200000000005	40.6673	40.449	40.5848	40.578599999999994	40.753099999999996	40.554899999999996	40.7282	41.0821	40.9239	40.835300000000004	41.2526	41.081	41.1685	41.3825	41.2757	41.3045	41.8557	41.5691	41.8042	42.0918	41.848400000000005	41.8985	42.3992	42.067	42.4649	42.6661	42.648599999999995	42.685	43.241800000000005	42.776399999999995	43.314	43.654399999999995	43.4885	43.5447	44.1564	43.6598	44.1108	44.557900000000004	44.2051	44.6574	45.150800000000004	44.6967	45.1654	45.7132	45.4312	45.610800000000005	46.4445	45.9709	46.2382	46.908100000000005	46.461999999999996	46.813300000000005	47.4603	46.736
Sor-ACeb_017-Ex1-12F-lcwgs-1-3-L2-fastp	48.7244	38.6282	38.5486	37.548500000000004	38.2213	37.477700000000006	37.3506	38.299299999999995	38.7137	37.4324	40.7428	40.4942	39.549	39.3774	39.2877	38.978699999999996	39.4364	39.0788	39.236	39.6124	39.434799999999996	39.3729	39.504	39.1417	39.3453	39.3222	38.9831	39.2614	39.2761	39.0471	39.3482	39.3763	39.378	39.3831	39.372099999999996	39.1818	39.2487	39.0788	39.1368	39.0133	39.1202	38.9383	39.0604	39.1245	39.1689	39.0189	39.132400000000004	38.9515	38.8627	38.939800000000005	38.969	38.9183	39.1388	38.7463	38.9258	38.9928	38.927	38.7346	38.9337	38.7087	38.7922	38.6385	38.6359	38.8016	38.7878	38.6373	38.784600000000005	38.7352	38.6909	38.5559	38.8957	38.784	38.7652	38.7135	38.8014	38.6147	38.894800000000004	38.6207	38.7199	38.818000000000005	38.7896	38.628099999999996	38.9312	38.839	38.7689	38.8806	38.7828	38.8033	39.228	38.8114	39.021699999999996	39.1153	39.0313	39.0468	39.236	39.111200000000004	39.273599999999995	39.126	39.2175	39.2734	39.361200000000004	39.1829	39.3592	39.677	39.5504	39.4708	39.7888	39.6628	39.7959	40.0051	39.8993	39.8868	40.387699999999995	40.0833	40.260200000000005	40.727799999999995	40.5124	40.4671	41.011900000000004	40.617599999999996	40.9048	41.2503	41.1858	41.219	41.7812	41.4218	41.7929	42.1282	41.9895	42.1186	42.475699999999996	42.2966	42.560700000000004	43.0318	42.7326	43.1044	43.6055	43.1984	43.6296	44.148700000000005	43.8094	43.9551	44.7475	44.331900000000005	44.731	45.284600000000005	44.7016	45.0831	45.791399999999996	44.836999999999996
Sor-ACeb_017-Ex1-12F-lcwgs-1-3-L3-fastp	48.5153	38.4442	38.3799	37.4576	38.1349	37.1496	37.2811	38.2305	38.6027	37.3896	40.6736	40.4183	39.4968	39.2682	39.1988	38.9137	39.3234	39.008199999999995	39.1714	39.577200000000005	39.3717	39.292300000000004	39.4645	39.0957	39.3082	39.240700000000004	38.9421	39.228	39.2071	39.006099999999996	39.271	39.3516	39.3436	39.3552	39.3293	39.1546	39.2085	39.015499999999996	39.1181	38.9692	39.0903	38.9091	39.036	39.0522	39.1347	38.988499999999995	39.0974	38.9272	38.8246	38.9317	38.8914	38.9159	39.0983	38.7175	38.9662	38.947900000000004	38.8702	38.7268	38.907199999999996	38.7209	38.7884	38.6397	38.6187	38.818799999999996	38.729	38.6219	38.777499999999996	38.689499999999995	38.6575	38.5508	38.8923	38.7682	38.7825	38.6845	38.751200000000004	38.650800000000004	38.875	38.583600000000004	38.7062	38.7843	38.772099999999995	38.6055	38.8701	38.8479	38.7718	38.9024	38.7352	38.7571	39.201	38.7594	39.0312	39.116800000000005	38.9642	38.9917	39.176100000000005	39.062599999999996	39.2356	39.0261	39.1543	39.2059	39.284400000000005	39.1619	39.3071	39.5979	39.5127	39.433099999999996	39.7532	39.6052	39.6902	39.8709	39.8098	39.7901	40.353899999999996	40.0253	40.239000000000004	40.5779	40.4035	40.3328	40.8232	40.5779	40.840900000000005	41.1242	40.9636	41.0463	41.6522	41.1636	41.5572	41.886	41.7722	41.9139	42.329	42.0792	42.3399	42.837199999999996	42.4058	42.9054	43.222899999999996	42.870999999999995	43.4072	43.847500000000004	43.517	43.8756	44.5795	44.032	44.4545	45.0005	44.4741	44.8404	45.555	44.865300000000005
Sor-ACeb_018-Ex1-1G-lcwgs-1-3-L2-fastp	48.343599999999995	37.053799999999995	38.9519	37.573499999999996	38.2343	37.453900000000004	37.268299999999996	38.063399999999994	38.6168	37.3044	40.5555	40.3983	39.5014	39.273	39.2696	38.971000000000004	39.4267	39.102399999999996	39.1765	39.62	39.4067	39.3011	39.431	39.1258	39.3283	39.2385	38.9845	39.3124	39.2511	39.0561	39.3746	39.3954	39.4196	39.4656	39.408	39.2832	39.3095	39.1772	39.2636	39.0899	39.203900000000004	39.0918	39.1666	39.2413	39.3486	39.1889	39.3165	39.156600000000005	39.034	39.1477	39.1745	39.0837	39.3305	38.9518	39.143299999999996	39.2038	39.1869	38.9542	39.1442	38.9013	39.0254	38.7762	38.853500000000004	38.9761	38.9416	38.823299999999996	38.987300000000005	38.870599999999996	38.9218	38.7065	38.9913	38.9102	38.8909	38.793299999999995	38.9054	38.801	38.9933	38.7288	38.7872	38.9096	38.8936	38.6255	38.9036	38.8345	38.768	38.8164	38.7163	38.7604	39.1301	38.6572	38.9192	38.937	38.899699999999996	38.8293	38.921299999999995	38.8821	39.0135	38.7148	38.9063	38.8859	38.9042	38.811499999999995	38.9165	39.0651	39.006600000000006	38.8759	39.1587	39.0955	39.1389	39.2316	39.1434	39.0794	39.5004	39.233000000000004	39.4063	39.5703	39.517	39.338	39.755	39.513799999999996	39.7307	39.909099999999995	39.8979	39.8741	40.2352	39.9568	40.2577	40.401900000000005	40.42	40.434599999999996	40.700599999999994	40.5704	40.7416	41.0835	40.870400000000004	41.1405	41.4083	41.1739	41.476800000000004	41.8491	41.7298	41.7929	42.2997	42.0715	42.3217	42.7382	42.4075	42.629	43.1636	42.1977
Sor-ACeb_018-Ex1-1G-lcwgs-1-3-L3-fastp	48.196	36.942099999999996	38.8564	37.5176	38.1828	37.201499999999996	37.1197	38.0231	38.5251	37.2639	40.531099999999995	40.379	39.474199999999996	39.2558	39.250600000000006	38.9469	39.4052	39.0847	39.1551	39.603100000000005	39.3947	39.285399999999996	39.423	39.1052	39.3108	39.2331	38.9743	39.3009	39.2549	39.0509	39.3662	39.398300000000006	39.424	39.4704	39.4007	39.2882	39.307199999999995	39.1699	39.2545	39.1136	39.2212	39.1096	39.171099999999996	39.2217	39.362399999999994	39.1738	39.328	39.1599	39.0451	39.1699	39.1878	39.0882	39.3229	38.9631	39.1734	39.2076	39.1953	38.9737	39.143	38.9521	39.0312	38.8089	38.9026	39.044000000000004	38.9218	38.8439	38.996700000000004	38.907199999999996	38.9038	38.716699999999996	39.0428	38.9405	38.908100000000005	38.8258	38.9434	38.8264	39.0429	38.7669	38.8134	38.928000000000004	38.9405	38.662800000000004	38.9469	38.9164	38.821099999999994	38.8538	38.768	38.8184	39.157199999999996	38.708999999999996	38.9524	38.9805	38.9642	38.875	38.9699	38.9272	39.0524	38.8046	38.9602	38.9425	38.9557	38.870599999999996	38.9774	39.134	39.051	38.9321	39.2223	39.1594	39.2106	39.2733	39.2131	39.1744	39.5689	39.353300000000004	39.4951	39.6421	39.5723	39.39	39.7986	39.5897	39.786899999999996	39.9516	39.9714	39.9289	40.295700000000004	39.988	40.3005	40.482600000000005	40.4902	40.4329	40.751799999999996	40.563	40.738400000000006	41.1271	40.8972	41.1782	41.4333	41.1541	41.5124	41.8591	41.742000000000004	41.8207	42.342200000000005	42.1375	42.379099999999994	42.7989	42.459599999999995	42.753	43.236200000000004	42.4969
Sor-ACeb_019-Ex1-3G-lcwgs-1-3-L2-fastp	48.6026	36.5704	37.4504	35.8393	36.483399999999996	34.969	35.357699999999994	35.9863	36.713499999999996	35.8219	39.2937	38.8623	37.5239	37.7947	37.4176	36.9147	37.8005	36.9824	37.8624	37.251200000000004	37.4118	37.492999999999995	37.3054	37.3092	37.5529	36.7503	37.1042	36.9553	37.3112	37.375	37.6168	37.235800000000005	37.5259	37.0551	37.282900000000005	37.2188	37.072300000000006	37.0361	36.934400000000004	36.8334	37.333	36.9675	37.3635	37.2544	36.9554	37.292500000000004	37.1122	36.875099999999996	36.8946	36.777100000000004	36.9266	36.5033	37.2295	37.0611	37.2124	36.509	36.987700000000004	37.2373	37.0173	36.322500000000005	37.579499999999996	36.9371	36.8024	36.8027	36.9571	36.728100000000005	36.9677	36.5975	36.2097	36.6725	36.8969	36.3625	36.6705	36.9468	36.9486	36.7128	37.400800000000004	36.4671	37.2441	36.812400000000004	36.7894	36.617	37.1027	36.8899	36.8532	37.1694	36.815799999999996	36.8155	37.586000000000006	36.413000000000004	36.8875	37.7033	36.9423	37.3642	37.2603	36.8461	36.832300000000004	36.7108	37.2819	37.8218	37.1031	37.6749	37.065799999999996	36.8731	37.4899	37.6526	37.273	37.418099999999995	37.303599999999996	37.544	37.788	37.7126	37.3673	38.0952	37.7112	38.374	37.4758	38.4009	39.2461	38.0657	37.9441	38.1683	38.054700000000004	38.8031	40.0304	37.87	40.8243	38.3562	39.3838	40.1157	40.1885	37.6321	38.4672	39.4279	39.1075	41.1215	40.6667	41.198499999999996	40.882400000000004	42.527	41.8329	40.3262	43.9976	42.625	43.725500000000004	41.4169	43.3908	39.4895	41.692800000000005	43.120799999999996
Sor-ACeb_019-Ex1-3G-lcwgs-1-3-L3-fastp	49.256499999999996	36.4896	36.6675	36.4514	36.216300000000004	35.5109	35.733399999999996	35.7143	36.3371	36.2926	39.559	38.027499999999996	38.0592	38.0402	38.1228	37.4174	37.8305	37.1823	38.1546	37.7796	37.5191	37.8622	37.080600000000004	37.8622	37.4682	37.1632	36.712	36.9281	37.0107	37.322100000000006	38.1673	37.805	37.2204	37.5254	37.4419	37.441	37.2826	38.1465	37.234	38.056200000000004	37.0903	37.6529	37.0239	37.7008	36.6841	37.5525	37.4002	37.242999999999995	37.004999999999995	37.0926	37.473099999999995	36.8999	37.3435	37.7803	37.5715	37.3195	37.9697	37.3155	37.3299	37.2806	37.0938	37.472899999999996	36.7723	36.7292	37.8365	37.2609	37.058099999999996	37.4841	37.279	37.3097	36.8267	37.46	37.1993	36.8404	37.6176	37.6636	37.1627	37.284800000000004	36.8117	37.1464	36.8946	37.4259	37.166199999999996	37.5964	37.9642	36.891200000000005	37.2686	36.8827	37.1988	36.8018	37.1867	37.981300000000005	37.5435	37.1033	37.2112	38.337700000000005	37.1195	38.3393	37.290600000000005	36.6958	36.314800000000005	37.4231	36.9907	37.0426	38.8046	37.2316	38.7152	37.513400000000004	37.662800000000004	37.1305	37.3394	37.8934	39.3525	38.2508	37.7082	38.980399999999996	37.2016	38.963300000000004	36.1094	38.8318	37.961099999999995	38.082	38.791799999999995	38.0108	40.5493	42.6633	38.6726	41.5414	40.4192	38.75	38.4365	40.8784	38.3353	39.8515	41.3072	39.8363	39.604	41.5565	41.3374	43.131	42.0436	43.9367	40.0	37.9921	40.3259	44.0171	41.071400000000004	40.509299999999996	42.475699999999996	41.7989
Sor-ACeb_020-Ex1-2G-lcwgs-1-3-L2-fastp	56.691100000000006	48.396	45.3275	44.0841	49.0269	44.4558	45.0869	47.5966	46.746300000000005	44.601400000000005	51.363400000000006	47.428799999999995	47.9441	48.856	47.6152	45.9729	50.223099999999995	46.3525	47.6233	49.0088	47.5495	46.1322	50.062799999999996	46.148	47.416599999999995	48.5424	47.4874	46.3219	49.9693	46.2954	47.6226	48.7122	47.4734	46.2669	49.8884	46.0991	47.5971	48.498200000000004	47.5931	46.2862	49.8422	46.293800000000005	47.4364	48.5286	47.3074	46.0436	49.6951	46.3845	47.553200000000004	48.5365	47.535	46.584599999999995	49.9064	46.4863	47.806	48.818	47.9321	47.0944	50.148700000000005	47.2709	48.4592	49.4016	48.7613	47.8134	50.489700000000006	47.9977	49.2032	50.0433	49.38	48.5236	51.1738	48.9041	49.9855	50.7094	50.2004	49.7592	52.1451	49.9756	51.0772	51.771699999999996	51.1308	50.9073	53.0101	50.9957	52.261100000000006	52.5663	52.169399999999996	51.87199999999999	54.161899999999996	52.1493	53.2776	53.63099999999999	53.4315	52.9852	55.042199999999994	53.55	54.249700000000004	54.931	54.6079	54.090199999999996	55.848299999999995	54.378400000000006	55.3908	55.6891	55.3215	54.9269	56.684999999999995	55.344800000000006	56.339600000000004	57.2213	56.330499999999994	56.2593	57.895799999999994	56.104	57.3193	57.7396	57.3094	57.100899999999996	58.6776	57.1522	57.6445	58.4537	57.8434	57.8383	59.611000000000004	57.6695	58.4866	58.943999999999996	58.2997	58.1253	59.9899	58.5117	59.160999999999994	59.5603	58.586499999999994	59.2045	60.9127	59.1189	59.452099999999994	60.4774	59.020300000000006	59.3395	60.77550000000001	59.0801	59.68	60.9958	59.37	59.7166	61.214999999999996	58.763600000000004
Sor-ACeb_020-Ex1-2G-lcwgs-1-3-L3-fastp	56.896899999999995	48.3448	45.5516	44.1785	49.424800000000005	44.4706	45.3468	47.6601	47.06	44.8117	51.5288	47.619099999999996	48.2378	49.1457	47.8338	46.3506	50.4799	46.5119	48.1588	49.329499999999996	48.0441	46.476800000000004	50.4074	46.3247	47.7582	48.693	47.9297	46.453	50.2359	46.3438	47.9815	48.9659	47.8239	46.3578	50.2331	46.299600000000005	47.7418	48.9039	47.81	46.5656	50.20099999999999	46.4321	47.8675	48.879	47.636	46.522999999999996	50.1139	46.437200000000004	47.9482	48.9881	47.8634	46.7777	50.3766	46.8795	48.2583	49.0541	48.1233	47.2798	50.499	47.5288	48.796	49.6599	48.8425	47.8723	50.692400000000006	48.0039	49.4706	50.2686	49.5784	48.7376	51.4737	49.1437	50.1662	50.991699999999994	50.458800000000004	49.9911	52.330200000000005	49.979800000000004	51.2694	51.8833	51.2737	50.79559999999999	53.3681	51.12330000000001	52.229000000000006	52.804899999999996	52.617000000000004	52.1365	53.9512	52.1799	53.2559	53.673300000000005	53.6969	52.9978	55.1021	53.459	54.381	55.0837	55.0905	54.238299999999995	56.391999999999996	54.230199999999996	55.6778	55.655699999999996	55.307399999999994	55.2732	57.07410000000001	55.313	56.6707	57.07299999999999	56.306900000000006	56.1603	58.0238	55.7369	57.149300000000004	57.489999999999995	57.174400000000006	57.511199999999995	58.802600000000005	57.154700000000005	58.059000000000005	58.7757	58.0272	57.8653	59.3193	57.5162	58.4909	58.894400000000005	58.328199999999995	58.0709	60.359899999999996	58.484199999999994	58.775	59.4811	58.770599999999995	58.816900000000004	60.2414	58.34819999999999	59.7531	59.8481	58.682500000000005	59.3101	60.7908	58.6871	60.019999999999996	60.399800000000006	59.7738	59.8264	60.64960000000001	58.857899999999994
Sor-ACeb_021-Ex1-4G-lcwgs-1-3-L2-fastp	50.195299999999996	37.6246	39.521699999999996	37.4412	37.8318	38.1905	36.6042	37.5528	38.8521	37.1303	40.685500000000005	40.2949	39.6413	38.4137	40.0638	39.6174	39.721000000000004	38.9558	40.0638	39.4022	39.7051	39.2188	39.8007	39.6094	40.0239	38.5333	39.4101	39.163	40.1594	39.2906	39.2985	39.4261	39.5855	38.8063	39.9087	38.705	39.3131	39.313700000000004	38.5028	39.246900000000004	39.543299999999995	39.4848	39.6008	38.1718	38.7681	37.9823	38.7792	38.0062	39.1784	38.6828	39.0025	38.087900000000005	38.942	38.468	38.6814	38.4586	38.392900000000004	37.398900000000005	39.2581	38.4482	38.061099999999996	39.3167	38.2394	38.9005	38.1426	37.918400000000005	39.3936	38.7016	37.8719	38.567299999999996	38.9017	38.6983	38.2641	38.2527	39.521	38.0035	38.2823	37.6943	37.1864	38.6282	37.7412	38.092	38.8181	39.317	39.006800000000005	38.567	38.0085	38.2316	38.811099999999996	38.76	39.6349	39.7267	39.102399999999996	37.4036	39.1571	39.0122	39.1869	39.134299999999996	38.5546	39.2151	39.1392	39.032	40.0073	39.835	38.7931	38.2927	41.1839	37.5659	38.932	39.307700000000004	41.1504	39.7646	39.8508	39.1907	38.7022	39.1941	41.1653	40.3311	41.2709	39.5197	40.4223	40.981	41.659800000000004	37.120599999999996	41.8414	43.5393	39.0533	39.3878	41.0886	42.3034	42.204	42.195100000000004	45.1777	41.6778	43.9499	44.0171	43.9706	40.7576	44.357400000000005	42.295100000000005	43.7288	47.2028	42.4955	44.230799999999995	44.6	41.2371	44.827600000000004	45.2656	45.1456	46.5473
Sor-ACeb_021-Ex1-4G-lcwgs-1-3-L3-fastp	51.2321	38.667699999999996	38.2345	37.8012	37.9366	37.0972	35.8516	38.424	37.0972	36.691	40.7528	39.805	38.9385	39.2635	40.3466	39.5884	40.725699999999996	39.5343	39.8592	39.8592	40.0487	39.4801	40.211200000000005	37.6929	39.3718	39.0468	39.317600000000006	38.6948	40.536100000000005	40.2924	39.5613	39.6155	39.6967	39.4309	38.169	38.3965	37.9273	39.291599999999995	39.9118	38.1637	39.6494	38.8453	38.455	39.4274	37.076100000000004	40.3846	39.589400000000005	38.6364	37.7909	38.8179	38.4362	38.333800000000004	37.5687	39.9815	39.6256	39.8415	36.8049	39.334599999999995	37.4257	40.0939	37.789899999999996	38.5362	37.6014	38.7258	39.1178	38.9115	39.8254	37.7812	39.841	38.3617	38.0952	39.3965	38.3544	39.6328	37.7706	38.7417	38.9428	37.9741	38.9691	39.7787	39.4204	39.265499999999996	40.2907	38.361000000000004	39.2289	39.202	38.8021	39.8658	37.5961	37.6717	36.6197	41.4242	38.6454	39.8502	36.864799999999995	37.6565	40.4651	37.5244	37.6636	38.5593	41.0929	41.1765	38.5429	40.0	40.382200000000005	39.3899	41.7237	40.6609	39.881	37.2129	40.6593	39.5731	41.979499999999994	40.2135	40.4762	39.8844	39.7177	43.4322	39.9103	39.9061	36.9193	41.2214	39.353100000000005	38.920500000000004	44.0922	41.994	38.7821	38.1757	35.789500000000004	40.9594	40.9774	36.7816	36.254999999999995	40.3292	41.1017	40.9692	38.9908	38.6473	38.3085	35.897400000000005	39.7906	37.3626	40.909099999999995	42.857099999999996	37.5758	40.8805	43.0464	46.5278	40.8451	44.2748
Sor-ACeb_022-Ex1-5G-lcwgs-1-3-L2-fastp	55.8269	43.8718	42.6746	42.1046	43.638	42.2609	41.978	43.5714	43.2642	42.5295	46.469100000000005	45.690799999999996	45.0791	45.0504	44.4587	44.4255	45.1457	44.3846	44.7738	45.2505	44.6541	44.6874	45.1334	44.231700000000004	44.435599999999994	44.7301	44.2174	44.3452	44.9701	44.2753	44.6485	45.0728	44.3969	44.5384	45.057399999999994	44.283699999999996	44.5197	44.8567	44.3491	44.451499999999996	45.0504	44.337700000000005	44.6409	44.9909	44.4034	44.4636	45.0177	44.2606	44.529999999999994	44.9701	44.5049	44.649499999999996	45.2362	44.4831	44.8333	45.2701	44.672	44.822	45.4542	44.7657	45.1692	45.6036	45.0997	45.3532	45.9049	45.2747	45.651599999999995	46.1146	45.629799999999996	45.8662	46.5591	45.9407	46.284	46.883399999999995	46.3677	46.6225	47.3315	46.6013	47.071200000000005	47.653600000000004	47.1427	47.3763	48.1566	47.4217	47.863099999999996	48.576	47.991099999999996	48.2198	49.1035	48.3649	48.8646	49.5745	48.978	49.304199999999994	50.16890000000001	49.396499999999996	49.7982	50.5197	49.8714	50.298500000000004	51.0775	50.366	50.7559	51.565799999999996	50.788500000000006	51.2551	52.1378	51.245	51.7729	52.5536	51.756	52.1441	53.0485	52.097899999999996	52.5866	53.4957	52.58239999999999	52.96959999999999	53.915400000000005	52.959999999999994	53.42209999999999	54.3748	53.372299999999996	53.812000000000005	54.647999999999996	53.65069999999999	54.0881	54.9778	53.877900000000004	54.4605	55.3147	54.256400000000006	54.7571	55.514399999999995	54.5986	54.8342	55.80310000000001	54.7323	55.1905	55.9992	54.966899999999995	55.3959	56.194500000000005	55.120000000000005	55.5601	56.50039999999999	55.27140000000001	55.687	56.4791	55.130100000000006
Sor-ACeb_022-Ex1-5G-lcwgs-1-3-L3-fastp	56.0858	44.1751	42.8683	42.4182	43.9589	42.3814	42.2181	43.9449	43.5317	42.8824	46.815400000000004	45.966	45.4461	45.4226	44.7866	44.78	45.4828	44.7228	45.1062	45.6118	44.927	44.9918	45.502900000000004	44.5788	44.7799	45.0899	44.5164	44.72	45.3399	44.6532	44.9648	45.4544	44.7271	44.872299999999996	45.4121	44.5763	44.8283	45.219	44.7102	44.7969	45.4206	44.722899999999996	44.991	45.3363	44.7179	44.7738	45.3258	44.595400000000005	44.8789	45.315	44.856	44.971	45.6138	44.89	45.1521	45.6265	45.0097	45.1454	45.8251	45.155	45.508900000000004	46.0237	45.475100000000005	45.7461	46.2577	45.6254	46.0128	46.487	45.9542	46.191700000000004	46.9683	46.3301	46.6525	47.2868	46.6959	47.016200000000005	47.7282	46.9763	47.4375	48.0647	47.426899999999996	47.7787	48.605399999999996	47.8743	48.2729	49.006499999999996	48.3603	48.678	49.5191	48.8153	49.298500000000004	50.0297	49.2978	49.7318	50.5718	49.775999999999996	50.20440000000001	50.9158	50.2568	50.687599999999996	51.53060000000001	50.7897	51.177099999999996	51.969	51.229499999999994	51.6251	52.4436	51.605900000000005	52.10900000000001	52.883500000000005	52.1077	52.459199999999996	53.4378	52.4871	52.9539	53.761	52.928399999999996	53.3758	54.169500000000006	53.250299999999996	53.6908	54.63249999999999	53.6538	53.961000000000006	54.84909999999999	53.8758	54.2826	55.215199999999996	54.1419	54.482600000000005	55.522099999999995	54.4326	54.850699999999996	55.657900000000005	54.690099999999994	55.017	55.90389999999999	54.8195	55.291999999999994	56.007200000000005	55.047000000000004	55.417	56.373799999999996	55.311299999999996	55.66	56.568200000000004	55.3068	55.799	56.70889999999999	55.428599999999996
