Sample	1	2	3	4	5	6	7	8	9	10	11	12	13	14	15	16	17	18	19	20	21	22	23	24	25	26	27	28	29	30	31	32	33	34	35	36	37	38	39	40	41	42	43	44	45	46	47	48	49	50	51	52	53	54	55	56	57	58	59	60	61	62	63	64	65	66	67	68	69	70	71	72	73	74	75	76	77	78	79	80	81	82	83	84	85	86	87	88	89	90	91	92	93	94	95	96	97	98	99	100	101	102	103	104	105	106	107	108	109	110	111	112	113	114	115	116	117	118	119	120	121	122	123	124	125	126	127	128	129	130	131	132	133	134	135	136	137	138	139	140	141	142	143	144	145	146	147	148	149	150
Sor-ACeb_001-Ex1-8E-lcwgs-1-3-L2-fastp	0.0721721	0.127359	0.00104126	3.25393e-05	0.000846021	0.00292853	0.0	6.50785e-05	0.007874500000000001	0.00816736	0.0016595	0.0	0.0	0.0	0.004718190000000001	9.761780000000001e-05	3.25393e-05	0.00244045	0.00260314	0.0	0.0008785599999999999	0.00357932	0.00042301000000000003	0.0	6.50785e-05	0.0	0.00048808900000000004	0.000748403	0.0	0.0130808	0.0101848	3.25393e-05	9.761780000000001e-05	0.0061173799999999995	6.50785e-05	0.00208251	0.00331901	0.000780942	0.0018547400000000001	3.25393e-05	0.0	0.000227775	6.50785e-05	9.761780000000001e-05	0.00136665	0.000715864	6.50785e-05	0.0015944199999999998	0.000227775	6.50785e-05	9.761780000000001e-05	6.50785e-05	0.00042301000000000003	9.761780000000001e-05	0.00598723	0.0	0.000130157	6.50785e-05	0.00344916	0.00543406	0.00126903	0.000780942	0.00162696	0.00296107	0.000162696	0.000162696	0.00045555	0.0018222	0.000195236	0.007353869999999999	0.00318885	0.00130157	0.000130157	9.761780000000001e-05	0.00100872	0.0072888	3.25393e-05	0.000130157	0.0038396299999999997	0.006540390000000001	0.00299361	0.0032539300000000004	3.25393e-05	6.50785e-05	0.000130157	0.00195236	0.000292853	0.000520628	0.0	0.0	0.00110634	0.00042301000000000003	0.000650785	0.0102824	0.0	0.000813482	0.000846021	0.00283092	0.00146427	0.0	9.761780000000001e-05	3.25393e-05	3.25393e-05	0.00244045	0.00120395	0.0016920400000000001	0.0042301	0.00048808900000000004	0.000553168	3.25393e-05	0.000260314	0.00299361	0.0	3.25393e-05	6.50785e-05	0.00214759	0.00322139	0.000130157	0.000130157	0.0	0.000195236	0.00780942	0.00719118	0.00784196	0.009045919999999999	0.000683325	0.0	0.00126903	0.00279838	0.0868148	0.00933877	0.00432772	0.0034817000000000003	0.0008785599999999999	0.00123649	0.010347499999999999	0.00162696	0.011811799999999999	0.00100872	0.000130157	0.000227775	3.25393e-05	0.000195236	0.000195236	0.000846021	0.00907846	0.00556421	0.000390471	3.25393e-05	0.000227775
Sor-ACeb_001-Ex1-8E-lcwgs-1-3-L3-fastp	0.050711599999999996	0.0054319	0.000704903	0.0016586	0.0	0.0	0.0033586600000000003	0.006924639999999999	0.00211471	0.0	0.000829298	0.08529329999999999	0.076793	0.000124395	0.000290254	0.0	0.00248789	0.00211471	0.0429991	0.000456114	0.0019488500000000002	0.000953693	0.0	0.0343744	0.000746368	0.000207325	0.00468553	0.044823600000000005	0.0007878329999999999	0.000746368	0.00410503	0.0855836	0.00103662	0.00016586000000000001	0.000870763	0.0	0.000663438	0.0038977000000000005	0.183524	0.0007878329999999999	0.000124395	0.0	4.14649e-05	0.000663438	0.08865200000000001	0.0429576	0.0432894	0.00207325	0.0	0.000124395	0.00107809	0.00140981	4.14649e-05	0.00124395	0.0015756700000000002	4.14649e-05	0.0427918	0.0029025400000000003	0.0903106	0.000290254	0.000746368	0.00124395	0.000373184	0.0017415299999999998	4.14649e-05	0.00016586000000000001	0.00111955	0.0	8.29298e-05	0.0	0.0007878329999999999	0.0900618	0.0014512700000000002	0.0031928000000000004	0.0017000600000000002	0.000456114	0.00978572	0.0455285	0.00252936	0.0031098700000000003	0.0014512700000000002	0.000207325	0.00211471	0.00451967	4.14649e-05	0.00451967	0.13078	0.0454041	0.00539044	0.00252936	0.0031513300000000004	0.00140981	0.000539044	0.0033586600000000003	0.0415893	0.000870763	0.0	0.0	4.14649e-05	0.00207325	0.0014512700000000002	0.0	0.0023220299999999997	0.0015756700000000002	0.0442431	0.0	0.0015341999999999999	0.00294401	0.0036903799999999996	0.00414649	4.14649e-05	0.000580509	4.14649e-05	0.0418381	0.0028196099999999997	0.00841738	0.000124395	0.000207325	0.0031928000000000004	0.00203178	0.00207325	0.0015341999999999999	0.000248789	4.14649e-05	0.0388526	0.0442845	4.14649e-05	0.00016586000000000001	0.00211471	0.0015756700000000002	0.000580509	0.0015341999999999999	0.0	0.0904764	0.0455285	0.000456114	0.00294401	0.000704903	0.0025708199999999997	0.0870348	0.0	0.0015756700000000002	0.0427503	0.0013268800000000001	0.000124395	0.000704903	0.08852760000000001	0.0437455	0.000539044	0.187421
Sor-ACeb_002-Ex1-9E-lcwgs-1-3-L2-fastp	0.0685033	0.12322399999999999	0.000964533	8.57363e-05	0.0007930610000000001	0.00336515	0.0	8.57363e-05	0.00891657	0.00748049	0.00162899	0.0	0.0	0.0	0.004822669999999999	4.2868100000000004e-05	2.14341e-05	0.00216484	0.0025935199999999998	0.0	0.000985967	0.004158210000000001	0.0007930610000000001	0.0	4.2868100000000004e-05	0.0	0.000600154	0.000600154	2.14341e-05	0.0134177	0.0106099	0.0	8.57363e-05	0.006323049999999999	0.00010717	0.0019290700000000002	0.00330085	0.000985967	0.0019505	6.43022e-05	0.0	0.000278643	4.2868100000000004e-05	0.00010717	0.00115744	0.0014146500000000002	0.00010717	0.0014575200000000001	0.000235775	2.14341e-05	4.2868100000000004e-05	8.57363e-05	0.000771626	4.2868100000000004e-05	0.0070518099999999995	2.14341e-05	0.000150038	0.00010717	0.00340802	0.00522991	0.00132891	0.00068589	0.00147895	0.00278643	0.00010717	0.000214341	0.000514418	0.00203624	0.000278643	0.00793061	0.00379383	0.0010074	0.000192907	0.00010717	0.000985967	0.006301619999999999	0.0	0.00012860400000000002	0.00420108	0.0068803399999999995	0.0038795699999999997	0.0036652300000000002	0.0	2.14341e-05	0.00012860400000000002	0.0019505	0.000428681	0.00047154900000000003	0.0	0.0	0.00105027	0.000771626	0.00057872	0.00934525	0.00012860400000000002	0.000535852	0.0009002309999999999	0.00272213	0.00126461	4.2868100000000004e-05	0.000257209	0.0	2.14341e-05	0.0019719299999999998	0.0008787970000000001	0.00173616	0.0041153399999999994	0.000514418	0.000514418	0.0	0.000557286	0.00265782	0.0	0.0	4.2868100000000004e-05	0.00233631	0.00342945	0.000235775	0.00010717	0.00010717	0.000385813	0.006408789999999999	0.007544790000000001	0.00808064	0.00713754	0.0009002309999999999	0.0	0.00105027	0.00261496	0.0900445	0.009130909999999999	0.00531565	0.0033437099999999997	0.0008573630000000001	0.00117887	0.00925952	0.00139321	0.0121102	0.000814495	2.14341e-05	0.000150038	2.14341e-05	0.00036437899999999996	0.000278643	0.0008787970000000001	0.00934525	0.00568003	0.000257209	2.14341e-05	0.000278643
Sor-ACeb_002-Ex1-9E-lcwgs-1-3-L3-fastp	0.0525931	0.00477875	0.000617479	0.0013960399999999999	0.0	0.0	0.00343641	0.00778561	0.00187928	0.0	0.000751714	0.0885143	0.0785004	0.000134235	0.000134235	0.0	0.00225514	0.00150343	0.042445	0.000563785	0.00142289	0.0011007200000000001	0.0	0.036914499999999996	0.00104703	0.000214775	0.00418812	0.0442706	0.00042955099999999997	0.000536939	0.004080729999999999	0.08765519999999999	0.0011007200000000001	0.00010738800000000001	0.000187928	0.0	0.0006443260000000001	0.0028189300000000003	0.18553899999999998	0.00112757	2.68469e-05	0.0	0.000134235	0.000483245	0.0888633	0.043491999999999996	0.0428477	0.00212091	2.68469e-05	2.68469e-05	0.00136919	0.00112757	2.68469e-05	0.0013155	0.00120811	2.68469e-05	0.0447001	0.00201352	0.0895077	0.00042955099999999997	0.000671173	0.000993336	0.0006443260000000001	0.00142289	2.68469e-05	0.000187928	0.0008322550000000001	8.05408e-05	0.000187928	2.68469e-05	0.000590632	0.0867156	0.000939642	0.00330217	0.00120811	0.00032216300000000004	0.009047409999999999	0.046337800000000005	0.00190613	0.00271154	0.000993336	8.05408e-05	0.00246992	0.0039733500000000005	0.00010738800000000001	0.00445659	0.129698	0.0429551	0.005262	0.00182559	0.0032484799999999998	0.00150343	0.000375857	0.00252361	0.0452908	0.000536939	0.0	0.0	0.000187928	0.00236253	0.0010201799999999999	2.68469e-05	0.0019598299999999996	0.0013960399999999999	0.0444854	0.0	0.00118126	0.0028726199999999998	0.0027920799999999997	0.0028726199999999998	2.68469e-05	0.000483245	5.3693900000000004e-05	0.0434652	0.00222829	0.0078393	8.05408e-05	8.05408e-05	0.00316794	0.00147658	0.00115442	0.0016645100000000001	0.000295316	0.00010738800000000001	0.0400556	0.043491999999999996	0.000134235	0.000134235	0.0016376599999999998	0.000912796	0.000617479	0.00115442	0.0	0.0869304	0.0435189	0.000536939	0.00212091	0.000778561	0.0016645100000000001	0.09783019999999999	0.0	0.00118126	0.0455055	0.00120811	8.05408e-05	0.0006443260000000001	0.0885949	0.0425792	0.000590632	0.190076
Sor-ACeb_003-Ex1-10E-lcwgs-1-3-L2-fastp	0.069331	0.122794	0.0007667339999999999	9.09684e-05	0.0007797300000000001	0.0027420499999999998	0.0	6.497749999999999e-05	0.00814817	0.007511390000000001	0.00153347	0.0	0.0	0.0	0.00440547	0.000181937	0.00014295	0.0020273	0.00245615	0.0	0.000896689	0.00348279	0.000805721	1.29955e-05	0.00019493199999999998	0.0	0.00031189200000000003	0.0006237840000000001	2.5991e-05	0.0129305	0.0101885	5.1982e-05	0.0	0.00609489	2.5991e-05	0.00209227	0.00306694	0.000753739	0.0018453599999999999	0.0	1.29955e-05	0.000272905	0.00012995499999999998	0.00011695899999999999	0.00105263	0.000935675	9.09684e-05	0.00129955	0.000246914	6.497749999999999e-05	0.00016894099999999998	0.000181937	0.00048083299999999995	5.1982e-05	0.00645876	2.5991e-05	0.00025990999999999997	0.000207928	0.00330085	0.00514621	0.0009226799999999999	0.0006367790000000001	0.00131254	0.00250813	0.00025990999999999997	0.00022092299999999999	0.000363874	0.0018453599999999999	0.00028590099999999997	0.00696558	0.0031578999999999995	0.00109162	0.00019493199999999998	0.000103964	0.000714752	0.00609489	9.09684e-05	0.000207928	0.00409358	0.00631581	0.00359975	0.00359975	3.8986500000000004e-05	0.000246914	0.00015594600000000001	0.0018193700000000003	0.00025990999999999997	0.00046783800000000004	0.0	0.0	0.000935675	0.0006237840000000001	0.0005198199999999999	0.00946072	9.09684e-05	0.000558806	0.000727748	0.00239117	0.00122158	0.000103964	0.00011695899999999999	3.8986500000000004e-05	0.00011695899999999999	0.0020143	0.000831711	0.00153347	0.0038726600000000004	0.000441847	0.000649775	0.0	0.000532815	0.00254712	0.0	0.0	6.497749999999999e-05	0.0021702500000000003	0.00337883	0.000272905	0.000207928	9.09684e-05	0.000415856	0.006484750000000001	0.00704356	0.007797299999999999	0.00726448	0.000818716	0.0	0.0009746620000000001	0.0023391899999999997	0.0919431	0.00888892	0.00502926	0.00302795	0.0007797300000000001	0.00113061	0.00868099	0.00150748	0.0110332	0.0007667339999999999	9.09684e-05	0.000272905	0.00014295	0.000246914	0.000350878	0.000701757	0.008655	0.00513322	0.000272905	0.00014295	0.00022092299999999999
Sor-ACeb_003-Ex1-10E-lcwgs-1-3-L3-fastp	0.049569	0.0049746600000000005	0.000452242	0.00129212	0.0	0.0	0.00350488	0.00739739	0.00193818	0.0	0.000549151	0.0852638	0.0721488	0.000274576	0.00014536399999999999	0.0	0.00214815	0.00138903	0.043173	0.000500697	0.0014697900000000001	0.0012759700000000002	0.0	0.0351134	0.0008237269999999999	0.00014536399999999999	0.00423169	0.0439159	0.000339182	0.000613757	0.004134779999999999	0.08597439999999999	0.00111445	4.8454499999999995e-05	0.00032303	0.0	0.0008075749999999999	0.00289112	0.184208	0.000936787	3.2303e-05	0.0	4.8454499999999995e-05	0.000500697	0.0890432	0.0432214	0.042640000000000004	0.0020673899999999997	4.8454499999999995e-05	0.00011306100000000001	0.00101754	0.00122751	3.2303e-05	0.00113061	0.00096909	8.07575e-05	0.043576699999999996	0.0020673899999999997	0.0878965	0.000355333	0.000436091	0.0010337	0.0005653030000000001	0.0013082699999999998	4.8454499999999995e-05	0.000306879	0.0007914240000000001	0.00014536399999999999	0.00011306100000000001	1.61515e-05	0.000613757	0.087202	0.000888333	0.00324645	0.00116291	0.000226121	0.00935172	0.0457087	0.00192203	0.00292342	0.00085603	8.07575e-05	0.00229351	0.0037633	4.8454499999999995e-05	0.00465163	0.130052	0.044029	0.00521693	0.00192203	0.0033918200000000003	0.00140518	0.00019381799999999998	0.00281036	0.046064100000000004	0.000549151	0.0	0.0	0.000129212	0.00226121	0.00100139	1.61515e-05	0.00192203	0.00135673	0.0444651	0.0	0.00096909	0.00292342	0.00247118	0.0031656899999999997	8.07575e-05	0.000500697	3.2303e-05	0.044788100000000004	0.00200279	0.007348929999999999	9.690899999999999e-05	0.00011306100000000001	0.00289112	0.0013082699999999998	0.000920636	0.00148594	0.00032303	0.00019381799999999998	0.034968	0.043673699999999996	0.000177667	0.000177667	0.00135673	0.000888333	0.0007914240000000001	0.000904484	0.0	0.083374	0.0460479	0.000759121	0.00247118	0.0008237269999999999	0.0016313	0.101254	1.61515e-05	0.000888333	0.0439482	0.00125982	8.07575e-05	0.000597606	0.0860229	0.0396358	0.00064606	0.203396
Sor-ACeb_004-Ex1-11E-lcwgs-1-3-L2-fastp	0.0706622	0.123717	0.000862732	7.55678e-05	0.000636029	0.00299122	0.0	5.6675800000000004e-05	0.00856435	0.00700261	0.00178844	0.0	0.0	0.0	0.00483004	0.00016373	0.000113352	0.00216628	0.00241187	0.0	0.00101387	0.00372171	0.000724191	0.0	0.000144838	0.0	0.00040302799999999994	0.000554164	0.0	0.0129347	0.010145	3.77839e-05	5.6675800000000004e-05	0.00621545	4.40812e-05	0.00195217	0.0029597399999999998	0.0008501369999999999	0.00191438	3.14866e-05	0.0	0.000207811	0.000113352	9.44597e-05	0.00125946	0.0009634889999999999	4.40812e-05	0.00125946	0.000233001	6.29731e-05	0.000132244	0.000144838	0.000560461	2.51893e-05	0.0064610399999999995	1.88919e-05	0.000188919	0.00016373	0.0035013099999999997	0.00490561	0.0011587099999999999	0.0009760839999999999	0.00135392	0.00250633	0.000239298	0.00021410899999999998	0.00041562299999999995	0.00171287	0.000295974	0.00766383	0.00334387	0.00110203	0.000207811	0.000119649	0.000944597	0.00602653	7.55678e-05	0.000125946	0.00394212	0.00659329	0.00338795	0.0037532	3.14866e-05	0.000188919	0.000132244	0.00185141	0.000340055	0.00048489299999999997	0.0	0.0	0.00128465	0.0007178940000000001	0.000799759	0.00935151	5.037849999999999e-05	0.000812353	0.0008501369999999999	0.00250633	0.0013161400000000001	6.92704e-05	0.000107054	2.51893e-05	7.55678e-05	0.0022670299999999997	0.0009068129999999999	0.001631	0.00363985	0.000440812	0.0005730560000000001	0.0	0.000478596	0.00240557	6.29731e-06	0.0	1.88919e-05	0.0021096	0.0036965200000000004	0.00020151399999999997	0.000176325	8.81624e-05	0.000377839	0.00634769	0.00728599	0.007959800000000001	0.00733637	0.0006423259999999999	0.0	0.00103906	0.00243706	0.0901083	0.00905554	0.00486153	0.00340685	0.000692704	0.00122168	0.009445970000000001	0.00152395	0.0116311	0.000761975	6.29731e-05	0.000207811	0.00010075699999999998	0.000233001	0.000340055	0.000755678	0.00927594	0.005283449999999999	0.00021410899999999998	8.81624e-05	0.000226703
Sor-ACeb_004-Ex1-11E-lcwgs-1-3-L3-fastp	0.0519911	0.0049674	0.000650954	0.00113917	0.0	0.0	0.00375848	0.0070675	0.00172813	0.0	0.000821442	0.0863521	0.0743405	0.000240233	0.00022473399999999998	0.0	0.00225509	0.0019063600000000002	0.0436759	0.00038747200000000003	0.0018986200000000002	0.0013096599999999998	7.74945e-06	0.036778899999999996	0.0008756879999999999	0.000333226	0.00428545	0.0446058	0.000480466	0.000736198	0.00406071	0.0863599	0.000891187	3.87472e-05	0.000472716	0.0	0.000689701	0.0032470199999999998	0.183274	0.00105393	3.87472e-05	7.74945e-06	2.32483e-05	0.000619956	0.0887467	0.0450553	0.0435132	0.00189087	1.54989e-05	0.000170488	0.00106942	0.0010771700000000001	5.4246099999999996e-05	0.00117017	0.0014724	6.9745e-05	0.0441641	0.00213885	0.0896224	0.000371974	0.000581209	0.00115467	0.000519213	0.00143365	7.74945e-06	0.000255732	0.000782694	0.00010074300000000001	9.29934e-05	3.09978e-05	0.000751697	0.0873595	0.00102293	0.00319277	0.00163513	0.00038747200000000003	0.0091521	0.0446136	0.00231709	0.00261156	0.00130191	0.00014724	0.00232483	0.00395997	3.09978e-05	0.00462642	0.131896	0.045125	0.00553311	0.00248757	0.0036112399999999995	0.00148014	0.000364224	0.00289054	0.0450243	0.000743947	0.0	0.0	8.52439e-05	0.0022240899999999997	0.00127866	3.87472e-05	0.0021156	0.00189087	0.0439936	0.0	0.00133291	0.0029137900000000003	0.0034950000000000003	0.0034872500000000003	8.52439e-05	0.00056571	3.87472e-05	0.0432032	0.0029137900000000003	0.00768745	5.4246099999999996e-05	0.00013949	0.00278205	0.0018211199999999999	0.0013406499999999999	0.0014878900000000002	0.00041847	0.000123991	0.0391425	0.0445981	0.00013949	0.000209235	0.00159639	0.00130191	0.000619956	0.00130191	0.0	0.0862824	0.0468067	0.000635455	0.00228609	0.000790444	0.00209235	0.095171	7.74945e-06	0.0013251600000000001	0.0439161	0.00106942	0.000123991	0.000759446	0.0888707	0.0407931	0.0006587030000000001	0.190629
Sor-ACeb_005-Ex1-12E-lcwgs-1-3-L2-fastp	0.0712232	0.120629	0.0008565229999999999	5.6474e-05	0.000696513	0.0028425300000000002	0.0	6.58864e-05	0.00870641	0.00729456	0.00172246	0.0	0.0	0.0	0.00481912	0.000112948	8.47111e-05	0.0021460100000000003	0.00233426	0.0	0.0007624	0.00350139	0.000668276	9.412339999999999e-06	0.000103536	1.88247e-05	0.00026354600000000003	0.0006306269999999999	9.412339999999999e-06	0.0137514	0.0105606	6.58864e-05	4.70617e-05	0.00601449	3.76494e-05	0.00204248	0.0031813699999999998	0.000687101	0.0017318700000000002	3.76494e-05	1.88247e-05	0.000244721	0.000103536	8.47111e-05	0.00117654	0.000960059	5.6474e-05	0.00127067	0.000169422	6.58864e-05	8.47111e-05	9.41234e-05	0.000489442	5.6474e-05	0.0062780299999999995	1.88247e-05	0.00020707100000000002	0.00020707100000000002	0.0034354999999999998	0.0051579600000000005	0.00103536	0.000771812	0.00116713	0.0023625	0.000150597	0.000169422	0.00039531799999999997	0.00161892	0.00020707100000000002	0.00752987	0.0030778400000000005	0.00101653	0.000150597	6.58864e-05	0.0007812240000000001	0.0060427200000000006	6.58864e-05	0.000169422	0.00383082	0.00672041	0.0033507899999999998	0.00362375	4.70617e-05	0.00016000999999999998	0.000169422	0.00163775	0.00019765899999999999	0.000451792	0.0	0.0	0.00112007	0.000649451	0.000649451	0.00922409	3.76494e-05	0.0007341629999999999	0.000658864	0.0024942700000000003	0.00127067	8.47111e-05	8.47111e-05	4.70617e-05	6.58864e-05	0.00220249	0.000969471	0.00164716	0.0040190700000000005	0.0005270909999999999	0.00044238	1.88247e-05	0.0005270909999999999	0.00263546	0.0	1.88247e-05	2.8237e-05	0.0019201199999999998	0.00350139	0.00019765899999999999	0.00012236000000000001	7.52987e-05	0.000348257	0.00673924	0.00696513	0.008160500000000001	0.00764282	0.0007906370000000001	0.0	0.00109183	0.0025789800000000002	0.0864618	0.00870641	0.0050355999999999995	0.00328491	0.0007624	0.00119537	0.009346450000000001	0.0015059700000000001	0.0112007	0.0008094609999999999	5.6474e-05	0.00020707100000000002	7.52987e-05	0.000188247	0.00031060699999999996	0.000715338	0.00981707	0.00506384	0.000244721	6.58864e-05	0.000178834
Sor-ACeb_005-Ex1-12E-lcwgs-1-3-L3-fastp	0.051776	0.00467082	0.000700623	0.0013662099999999999	0.0	0.0	0.0032345399999999997	0.007134680000000001	0.0015764	0.0	0.0008524250000000001	0.087286	0.0769401	0.000280249	0.00016347899999999998	0.0	0.0020551600000000003	0.00131951	0.0433802	0.00043205100000000003	0.00147131	0.00113267	0.0	0.0376118	0.000770685	0.000245218	0.00393517	0.0443494	0.0005137900000000001	0.0008173939999999999	0.00343305	0.0854994	0.000875779	7.00623e-05	0.000502113	0.0	0.000630561	0.00287255	0.181345	0.000875779	3.5031200000000004e-05	1.1677099999999999e-05	8.17394e-05	0.000502113	0.08862880000000001	0.0435904	0.0438006	0.0016815	1.1677099999999999e-05	0.000140125	0.000887456	0.00110932	3.5031200000000004e-05	0.0010275800000000002	0.0012611200000000001	4.67082e-05	0.0448866	0.00200845	0.0885588	0.00039702	0.000665592	0.00121441	0.000490436	0.00138957	3.5031200000000004e-05	0.000186833	0.000735654	0.000116771	0.00021018700000000003	1.1677099999999999e-05	0.000875779	0.08664369999999999	0.00091081	0.00274411	0.00140125	0.000280249	0.00948177	0.0446414	0.00220696	0.00241715	0.00110932	0.00010509299999999999	0.00186833	0.00384175	8.17394e-05	0.00398187	0.130853	0.0448866	0.00496275	0.0020201299999999998	0.0031061	0.001121	0.000268572	0.0032345399999999997	0.043427	0.000665592	0.0	0.0	0.00016347899999999998	0.0018566499999999998	0.00115603	1.1677099999999999e-05	0.0018800099999999999	0.00173988	0.0437072	0.0	0.00140125	0.00267404	0.00281417	0.0033046100000000004	9.34164e-05	0.000490436	2.33541e-05	0.0430766	0.00237044	0.00734487	0.000140125	0.000128448	0.0025105699999999997	0.0015180200000000001	0.00155305	0.00130783	0.00035031200000000003	0.000140125	0.039328300000000004	0.044314400000000004	0.000151802	0.000151802	0.00149466	0.000969195	0.000688946	0.00115603	0.0	0.0876713	0.0460076	0.000653915	0.0019851	0.000700623	0.00149466	0.0940353	0.0	0.00134286	0.042551200000000004	0.00114435	0.000128448	0.000607207	0.08750780000000001	0.041441900000000004	0.000361989	0.18542
Sor-ACeb_006-Ex1-1F-lcwgs-1-3-L2-fastp	0.0709664	0.123504	0.000877816	6.01618e-05	0.000757492	0.00282761	2.73463e-06	5.46926e-05	0.00845821	0.00728232	0.00173102	0.0	0.0	0.0	0.004771930000000001	0.00011211999999999999	8.477349999999999e-05	0.00226701	0.00234631	0.0	0.000741085	0.0035249400000000003	0.000585211	2.73463e-06	7.93043e-05	0.0	0.000347298	0.0007028000000000001	1.3673100000000001e-05	0.0133723	0.010367	4.37541e-05	6.563109999999999e-05	0.0061201	3.55502e-05	0.00205097	0.00309013	0.000686392	0.00190057	2.73463e-05	0.0	0.000281667	9.02428e-05	8.477349999999999e-05	0.00124973	0.000943447	5.7427200000000005e-05	0.00129348	0.00021056600000000003	6.83657e-05	9.29774e-05	0.000101181	0.000563334	4.92233e-05	0.0063361400000000005	1.91424e-05	0.000172282	0.00019142400000000002	0.00331437	0.00515478	0.00109112	0.00080945	0.00121418	0.00252133	0.00018322	0.000202363	0.00041839800000000006	0.00173649	0.00024064700000000003	0.00756399	0.0032378	0.00114854	0.00016681200000000001	7.65696e-05	0.000894224	0.00607635	5.46926e-05	0.00013399699999999998	0.0039788900000000006	0.00651115	0.0031202099999999996	0.00355775	3.55502e-05	0.00013673100000000002	0.000150405	0.00172829	0.000257055	0.0004977030000000001	0.0	0.0	0.0011294	0.000612557	0.000694596	0.009311409999999999	9.571200000000001e-05	0.0007903079999999999	0.000732881	0.00258422	0.00133997	5.1958000000000006e-05	0.000123058	2.1877e-05	6.01618e-05	0.00223146	0.00102549	0.00157241	0.0040253699999999995	0.000445745	0.000549661	5.46926e-06	0.00041839800000000006	0.00259516	2.73463e-06	5.46926e-06	2.1877e-05	0.00204003	0.00341008	0.00013673100000000002	0.000117589	5.7427200000000005e-05	0.00027893199999999996	0.00656038	0.00722216	0.00786753	0.00749288	0.000735615	0.0	0.00111573	0.00249672	0.0880441	0.0088602	0.00447659	0.0031831100000000003	0.000746554	0.00113214	0.009464549999999999	0.0015040499999999998	0.0112202	0.0007903079999999999	4.92233e-05	0.00022697399999999999	7.11004e-05	0.00016134300000000002	0.00033909399999999996	0.0006645150000000001	0.00944268	0.00522861	0.00020783200000000003	6.01618e-05	0.00022423999999999998
Sor-ACeb_006-Ex1-1F-lcwgs-1-3-L3-fastp	0.0511925	0.00447885	0.0006812060000000001	0.00124723	0.0	0.0	0.0033862899999999997	0.00689104	0.00156974	0.0	0.0008523309999999999	0.0861282	0.074755	0.00019416000000000002	0.00019086900000000003	0.0	0.0019547699999999998	0.00159277	0.0438572	0.000414647	0.0016651699999999999	0.00112218	6.5817e-06	0.037528900000000004	0.000826004	0.00025339599999999997	0.00401813	0.0445088	0.00045742799999999996	0.000608808	0.0036791700000000003	0.0859307	0.0009675110000000001	5.26536e-05	0.000513373	0.0	0.000641716	0.00315593	0.181477	0.000898403	5.92353e-05	0.0	2.9617700000000003e-05	0.000628553	0.0898271	0.044025	0.0432155	0.00186591	2.3036e-05	0.000111889	0.0010037099999999999	0.00114522	3.29085e-05	0.0011156	0.0013657	5.92353e-05	0.0440744	0.00235625	0.0907518	0.00038503	0.000575899	0.00117483	0.00047717399999999997	0.00150063	3.61994e-05	0.00025339599999999997	0.0008918209999999999	9.21439e-05	0.000102016	2.3036e-05	0.0008654940000000001	0.0881224	0.00103004	0.0029124	0.00151708	0.000296177	0.00890176	0.0451373	0.00224436	0.00279393	0.0011518000000000001	0.000148088	0.0020403300000000004	0.003985219999999999	6.5817e-05	0.0042452	0.132473	0.0443903	0.00498893	0.00217854	0.00335338	0.00126698	0.000319213	0.00278735	0.0457758	0.000668043	0.0	0.0	9.872559999999999e-05	0.0019778	0.0012242000000000002	3.29085e-05	0.00201729	0.00164872	0.0449004	0.0	0.00139203	0.00262281	0.00315922	0.00364297	5.92353e-05	0.000549572	4.6071899999999995e-05	0.042797499999999995	0.00247801	0.0075327599999999995	0.00010859799999999999	0.000141507	0.0026162299999999998	0.0016651699999999999	0.00146114	0.0012933	0.000342249	0.000128343	0.038911	0.045305200000000004	0.000141507	0.00016783300000000002	0.0015894799999999999	0.00103662	0.000608808	0.00113534	0.0	0.0857267	0.0471711	0.00065817	0.00245498	0.000704242	0.00190211	0.0941282	6.5817e-06	0.0013295	0.0433438	0.00115838	0.000134925	0.000645007	0.0871516	0.0407835	0.0005693170000000001	0.191324
Sor-ACeb_007-Ex1-2F-lcwgs-1-3-L2-fastp	0.07070960000000001	0.124277	0.000714238	0.000142848	0.000999934	0.0034997699999999997	0.0	7.14238e-05	0.00857086	0.00785662	0.0012856299999999998	0.0	0.0	0.0	0.00499967	0.000214271	7.14238e-05	0.00264268	0.0025712599999999997	0.0	0.00135705	0.0032140700000000003	0.000857086	0.0	0.000214271	0.0	0.0005713910000000001	0.000785662	0.0	0.0124277	0.0100708	7.14238e-05	0.0	0.0059996	0.000142848	0.00192844	0.00357119	0.000999934	0.0014999	7.14238e-05	0.0	0.000428543	7.14238e-05	0.000142848	0.00114278	0.000999934	0.000142848	0.00185702	0.000357119	0.0	0.000214271	0.000214271	0.000857086	0.0	0.00578533	0.0	0.000357119	0.000285695	0.00357119	0.005213939999999999	0.00092851	0.0005713910000000001	0.00135705	0.0032140700000000003	0.000285695	0.000285695	0.000428543	0.00228556	0.000357119	0.00735665	0.0034997699999999997	0.000999934	0.000214271	0.0	0.000999934	0.00607103	0.000142848	0.000142848	0.00392831	0.00707096	0.00414258	0.0032140700000000003	0.0	0.000142848	0.000142848	0.00199987	0.000428543	0.000499967	0.0	0.0	0.000857086	0.00114278	0.000357119	0.009570790000000001	0.000214271	0.000642814	0.000999934	0.0032855000000000002	0.0014999	7.14238e-05	0.000285695	0.0	7.14238e-05	0.0017141699999999999	0.00114278	0.00185702	0.00392831	0.000499967	0.000499967	0.0	0.0005713910000000001	0.00307122	0.0	0.0	0.0	0.00249983	0.0031426500000000003	0.000214271	0.000214271	0.000142848	0.000499967	0.0067138399999999996	0.00707096	0.00892798	0.007642350000000001	0.00121421	0.0	0.00121421	0.0032855000000000002	0.08606570000000001	0.0100708	0.00528536	0.00285695	0.00107136	0.00114278	0.009427950000000001	0.00142848	0.010785000000000001	0.00107136	0.000142848	0.000357119	0.000142848	0.000357119	0.000499967	0.000785662	0.00921367	0.005142519999999999	0.000285695	0.000142848	0.000428543
Sor-ACeb_007-Ex1-2F-lcwgs-1-3-L3-fastp	0.0523276	0.0052327599999999995	0.000620836	0.00141905	0.0	0.0	0.0034589399999999998	0.00736134	0.00203989	0.0	0.000709527	0.0908194	0.07840269999999999	8.86909e-05	0.000177382	0.0	0.00257203	0.00133036	0.042748999999999995	0.0008869090000000001	0.00133036	0.0009755990000000001	0.0	0.0376049	0.0011529799999999998	0.0	0.00443454	0.0472722	0.000266073	0.000620836	0.00470062	0.0864736	0.0009755990000000001	0.000177382	0.000354763	0.0	0.0010642899999999999	0.0032815599999999998	0.187138	0.00141905	0.0	0.0	0.000177382	0.00044345399999999997	0.0878926	0.042305499999999996	0.041507300000000004	0.0023059599999999997	8.86909e-05	0.000177382	0.00133036	0.0010642899999999999	0.0	0.00159644	0.0009755990000000001	0.0	0.0426603	0.00150774	0.0856754	0.0005321449999999999	0.00044345399999999997	0.00141905	0.0008869090000000001	0.0009755990000000001	8.86909e-05	0.000354763	0.0005321449999999999	0.000266073	0.000266073	0.0	0.0009755990000000001	0.09241590000000001	0.0011529799999999998	0.0038137099999999997	0.0009755990000000001	0.000177382	0.00895778	0.045321	0.00186251	0.0023059599999999997	0.000798218	0.0	0.00239465	0.00310418	0.000177382	0.00541014	0.134455	0.0462079	0.00549883	0.0019512	0.00319287	0.00168513	0.000354763	0.00283811	0.0470948	0.0008869090000000001	0.0	0.0	0.000177382	0.0023059599999999997	0.0009755990000000001	0.0	0.0019512	0.00141905	0.042571599999999994	0.0	0.0009755990000000001	0.00319287	0.0029268000000000002	0.00274942	0.0	0.0005321449999999999	0.0	0.041241200000000006	0.00257203	0.00647443	0.0	0.000177382	0.00301549	0.0011529799999999998	0.0008869090000000001	0.00177382	0.0005321449999999999	0.000266073	0.037427499999999995	0.0447889	8.86909e-05	0.000177382	0.00177382	0.0008869090000000001	0.0008869090000000001	0.000798218	0.0	0.0868283	0.0491347	0.000798218	0.00150774	0.000709527	0.00150774	0.0940123	0.0	0.0008869090000000001	0.0429264	0.00141905	8.86909e-05	0.0008869090000000001	0.0852319	0.0392014	0.000620836	0.17880100000000002
Sor-ACeb_008-Ex1-3F-lcwgs-1-3-L2-fastp	0.0712369	0.124096	0.000867886	9.549560000000001e-05	0.000766773	0.00291261	0.0	8.98782e-05	0.00828003	0.007238	0.00171892	0.0	0.0	0.0	0.004906789999999999	0.000143243	8.42608e-05	0.0023003200000000002	0.00236211	0.0	0.000893164	0.00371871	0.000637573	0.0	0.000115156	5.61739e-06	0.000334234	0.0006263390000000001	8.42608e-06	0.0129565	0.0103669	3.0895599999999996e-05	8.14521e-05	0.00627462	3.0895599999999996e-05	0.0020363	0.0030474300000000003	0.000727452	0.00194642	4.49391e-05	2.80869e-06	0.000230313	8.98782e-05	0.00013481700000000002	0.0012274	0.000991469	8.14521e-05	0.00123302	0.000233122	5.6173899999999994e-05	0.00012077399999999999	0.000140435	0.000511182	2.52782e-05	0.006482460000000001	1.12348e-05	0.00021065200000000003	0.00015447800000000002	0.00332549	0.00521574	0.00114595	0.0008060949999999999	0.00114595	0.00260085	0.00020784299999999998	0.000227504	0.00042973	0.0017554299999999999	0.000238739	0.007308220000000001	0.00336481	0.0011543699999999998	0.0001938	8.98782e-05	0.000873504	0.0060948600000000006	7.58347e-05	0.00017694800000000001	0.00399677	0.00651336	0.00320753	0.0036316399999999998	3.3704299999999995e-05	0.000162904	0.00012077399999999999	0.00180037	0.00024154799999999999	0.00047186	0.0	0.0	0.0012049299999999999	0.000567356	0.000690938	0.00951585	7.02173e-05	0.000763965	0.000693747	0.00273005	0.00136783	5.6173899999999994e-05	8.70695e-05	2.24695e-05	8.70695e-05	0.00217674	0.000954956	0.0016880200000000001	0.004038900000000001	0.000511182	0.0005476950000000001	5.61739e-06	0.000446582	0.00265702	5.61739e-06	5.61739e-06	3.6513e-05	0.00215427	0.0035586100000000002	0.00017133	0.000146052	8.14521e-05	0.000328617	0.00654145	0.007364389999999999	0.00783906	0.0073335	0.000749921	0.0	0.00108416	0.00262051	0.0905719	0.00899905	0.0046203	0.00316821	0.000733069	0.00124144	0.00935295	0.00152512	0.0116814	0.000738686	5.6173899999999994e-05	0.00020784299999999998	8.14521e-05	0.00023593	0.000325808	0.000690938	0.0092715	0.00524102	0.00021065200000000003	8.42608e-05	0.00020784299999999998
Sor-ACeb_008-Ex1-3F-lcwgs-1-3-L3-fastp	0.051215	0.00469836	0.0006064649999999999	0.00138023	0.0	0.0	0.0035865100000000002	0.00695692	0.00173226	0.0	0.000756339	0.0872299	0.0754875	0.000202155	0.000205641	0.0	0.00208429	0.00169741	0.0439513	0.000411281	0.00180197	0.00111882	6.97087e-06	0.0371477	0.000860902	0.000285806	0.00417555	0.0440628	0.00051933	0.000714514	0.0037956400000000003	0.0860066	0.0009375820000000001	4.53106e-05	0.000522815	0.0	0.00064132	0.0031996299999999997	0.181277	0.0009654650000000001	4.18252e-05	0.0	5.22815e-05	0.000658747	0.089255	0.0447669	0.0438049	0.001795	3.1368900000000004e-05	0.000139417	0.0010038	0.0010909399999999999	6.62232e-05	0.00114671	0.00139766	3.48543e-05	0.0442615	0.00225159	0.0895791	0.000425223	0.00072497	0.00104214	0.000474019	0.00157542	3.48543e-05	0.000306718	0.000815591	0.00011153399999999999	0.000139417	1.7427199999999998e-05	0.000773766	0.0883488	0.0009410670000000001	0.00294519	0.00159633	0.000348543	0.008947110000000001	0.0457254	0.00230387	0.00256179	0.0012094500000000002	0.000174272	0.00207035	0.0040082500000000005	6.273780000000001e-05	0.00428011	0.13215	0.0452479	0.00504691	0.00244677	0.00329373	0.00125824	0.000362485	0.0029277599999999997	0.045335	0.000805135	0.0	0.0	0.00012198999999999999	0.00202852	0.0013000700000000002	4.53106e-05	0.0019378999999999998	0.0019100200000000001	0.0439827	0.0	0.0013349199999999999	0.00270121	0.0032066	0.0034401199999999996	9.06213e-05	0.00068663	3.83398e-05	0.0437004	0.0026837799999999998	0.00770978	8.71358e-05	0.000156845	0.00262802	0.0017287700000000001	0.00149177	0.00135235	0.00040431	0.000163815	0.0384827	0.0439757	0.000167301	0.000195184	0.0016799800000000002	0.00116413	0.000637834	0.0012442999999999998	0.0	0.0851526	0.0461262	0.000721485	0.0024293500000000003	0.000773766	0.0019065299999999998	0.0953719	3.4854299999999997e-06	0.0013662899999999998	0.043546999999999995	0.0011501900000000002	0.00017775699999999999	0.0007110279999999999	0.0887112	0.0408214	0.000630863	0.191333
Sor-ACeb_009-Ex1-4F-lcwgs-1-3-L2-fastp	0.073308	0.121247	0.000831756	7.56142e-05	0.000982985	0.0026465	0.0	3.78071e-05	0.00854441	0.00661624	0.00207939	0.0	0.0	0.0	0.00438562	0.000151228	7.56142e-05	0.00200378	0.0017013199999999999	0.0	0.00120983	0.00393194	0.000680528	0.0	0.000226843	0.0	0.00026465	0.000642721	0.0	0.01293	0.0100189	7.56142e-05	7.56142e-05	0.00567107	7.56142e-05	0.0018525500000000001	0.00302457	0.0005293	0.00223062	0.0	0.0	0.000302457	0.000151228	0.000151228	0.0015500899999999998	0.000756142	0.0	0.00132325	0.000226843	0.000113421	0.000189036	0.000189036	0.000718335	7.56142e-05	0.00620037	0.0	0.000226843	0.000151228	0.00381852	0.00506615	0.000793949	0.0011342099999999999	0.00128544	0.00200378	0.00026465	0.000226843	0.00026465	0.00177693	0.000151228	0.00733458	0.0030623800000000004	0.000831756	0.000189036	3.78071e-05	0.000642721	0.00635159	0.000113421	0.000189036	0.00344045	0.006162559999999999	0.00325141	0.00378071	7.56142e-05	0.000226843	0.000113421	0.00162571	7.56142e-05	0.000415878	0.0	0.0	0.00139886	0.00045368499999999995	0.000907371	0.00873344	0.000113421	0.000718335	0.000604914	0.00260869	0.0013610599999999999	7.56142e-05	0.0	3.78071e-05	0.000151228	0.00207939	0.000982985	0.00143667	0.00393194	0.000831756	0.000415878	0.0	0.0005293	0.0026465	0.0	0.0	0.0	0.00196597	0.0035916800000000003	0.000226843	0.000226843	7.56142e-05	0.000415878	0.0069187	0.0071077399999999995	0.00706993	0.00805291	0.000869564	0.0	0.0011342099999999999	0.00245746	0.0904724	0.0079773	0.0046124700000000005	0.00336483	0.000869564	0.00128544	0.0101323	0.00128544	0.011228700000000001	0.000756142	7.56142e-05	0.000340264	0.000151228	0.000378071	0.000340264	0.000491492	0.00967862	0.005293	0.000189036	0.000151228	0.000226843
Sor-ACeb_009-Ex1-4F-lcwgs-1-3-L3-fastp	0.0510408	0.00427035	0.000762562	0.00101675	0.0	0.0	0.0034569500000000003	0.007218919999999999	0.0016268	0.0	0.000711724	0.08566109999999999	0.0730534	0.000101675	0.000152512	0.0	0.0022368500000000003	0.00152512	0.0447878	0.000305025	0.0016268	0.0012201	0.0	0.0388398	0.00116926	0.000152512	0.0037619700000000003	0.0449403	0.000254187	0.000610049	0.0039653200000000005	0.08632200000000001	0.000813399	0.0	0.000355862	0.0	0.000355862	0.00264355	0.179812	0.0012709400000000001	0.000152512	0.0	0.000101675	0.000559212	0.0905923	0.0467196	0.0436694	0.00183015	0.000101675	0.000152512	0.000864237	0.00101675	0.0	0.0014234500000000001	0.00111842	0.000101675	0.0454487	0.00238936	0.09201580000000001	0.000457537	0.000559212	0.000813399	0.000305025	0.0014234500000000001	0.000101675	0.0004067	0.000762562	0.0	0.00020335	5.08374e-05	0.000559212	0.085051	0.000813399	0.00310108	0.0014234500000000001	0.000254187	0.0090999	0.043466000000000005	0.00177931	0.00305025	0.00101675	0.00020335	0.00228769	0.00340611	0.000101675	0.00477872	0.12867	0.0449403	0.00554128	0.00238936	0.0034569500000000003	0.00152512	0.000457537	0.00274522	0.0474313	0.000711724	0.0	0.0	0.000101675	0.00213517	0.00101675	0.0	0.00238936	0.0016268	0.045652000000000005	0.0	0.00116926	0.0028977300000000003	0.00269438	0.00310108	0.0	0.000610049	5.08374e-05	0.0410767	0.0019826600000000002	0.00686306	5.08374e-05	0.000152512	0.00305025	0.0016268	0.0012709400000000001	0.0015759600000000002	0.000355862	5.08374e-05	0.0371622	0.0445336	5.08374e-05	0.000355862	0.00193182	0.000965911	0.000355862	0.000965911	0.0	0.08571190000000001	0.0459571	0.000915074	0.00254187	0.000762562	0.0012709400000000001	0.09633699999999999	0.0	0.00137261	0.0443811	0.000762562	0.00020335	0.000762562	0.08601700000000001	0.0390432	0.000508374	0.19486
Sor-ACeb_010-Ex1-5F-lcwgs-1-3-L2-fastp	0.0708226	0.123514	0.000830002	8.16653e-05	0.0008197939999999999	0.00290265	0.0	9.18734e-05	0.008359700000000001	0.007578380000000001	0.00173853	0.0	0.0	0.0	0.0045972	0.000139381	8.00948e-05	0.00214842	0.00243975	0.0	0.000806837	0.00380489	0.000708289	2.35573e-06	0.00011935699999999999	3.9262100000000005e-06	0.000364353	0.000690621	6.281939999999999e-06	0.012960000000000001	0.010426099999999999	4.00474e-05	6.75309e-05	0.00611076	4.00474e-05	0.00216884	0.00327093	0.000762471	0.0019100999999999999	3.33728e-05	3.9262100000000005e-06	0.000277976	0.00010561500000000001	0.000118572	0.00129251	0.00104948	6.67456e-05	0.00133099	0.000243425	5.73227e-05	0.000120535	0.000142129	0.000556737	4.3188399999999995e-05	0.00653283	1.29565e-05	0.000197096	0.000194348	0.00331844	0.0052623	0.00113075	0.000828431	0.00125639	0.00248765	0.00021594200000000003	0.00023439499999999998	0.00042992000000000003	0.00181077	0.000323913	0.007400519999999999	0.0034130600000000003	0.00109306	0.000202593	9.03029e-05	0.000870834	0.00634555	6.79235e-05	0.000183354	0.00395448	0.00635458	0.0035120000000000004	0.0036184	3.76917e-05	0.00015626300000000002	0.000139381	0.00182569	0.00028308	0.000486851	3.92621e-07	1.96311e-06	0.00119278	0.000714964	0.0007075040000000001	0.00930513	7.10645e-05	0.000739699	0.00072635	0.00255322	0.00139773	5.37891e-05	0.00010011799999999999	3.37654e-05	7.10645e-05	0.0022768099999999998	0.0010090400000000001	0.00162663	0.0040510699999999995	0.0005056959999999999	0.000564197	7.067189999999999e-06	0.00043384699999999995	0.00273304	1.1778600000000001e-06	9.03029e-06	3.76917e-05	0.00210131	0.00349394	0.000185317	0.0001543	0.00010600799999999999	0.000322342	0.006748380000000001	0.00723483	0.0077515200000000005	0.007599969999999999	0.000770323	7.852429999999999e-07	0.00113703	0.00241619	0.0878781	0.00893371	0.00486458	0.00315118	0.0007408769999999999	0.0011484199999999998	0.00948613	0.00143189	0.011449599999999999	0.000757367	5.8108e-05	0.00021044499999999997	8.24505e-05	0.000202593	0.000373383	0.0006607820000000001	0.009272929999999999	0.00537263	0.00020337800000000002	7.81317e-05	0.000199844
Sor-ACeb_010-Ex1-5F-lcwgs-1-3-L3-fastp	0.050998199999999994	0.00463707	0.000646854	0.00128458	4.80575e-07	0.0	0.00353992	0.00698564	0.0016690399999999999	1.9223e-06	0.000774207	0.087346	0.0764927	0.00021289500000000003	0.00017396799999999999	0.0	0.0021597	0.00166135	0.043846199999999995	0.000455585	0.00178438	0.00111205	6.247479999999999e-06	0.037906300000000004	0.0008881030000000001	0.00025710800000000003	0.004030580000000001	0.0440192	0.00045943000000000004	0.0006867420000000001	0.003773	0.086827	0.00092751	5.7188399999999996e-05	0.000463755	0.0	0.0006756889999999999	0.00317228	0.181535	0.00101161	7.20863e-05	3.8446e-06	6.05525e-05	0.000628592	0.0889968	0.044818000000000004	0.0434291	0.0018425300000000002	2.9795700000000003e-05	0.00011822099999999999	0.0010048799999999999	0.0010721600000000002	3.89266e-05	0.00122162	0.00141577	6.00719e-05	0.0444402	0.00228321	0.0895196	0.000409931	0.0006382040000000001	0.00110436	0.000517099	0.0015387999999999999	3.12374e-05	0.00031766	0.000834279	0.00011197400000000001	0.000146095	3.12374e-05	0.0008217840000000001	0.0875185	0.0009693200000000001	0.00295025	0.00156668	0.00031766	0.00914823	0.0455182	0.00218469	0.00271861	0.00120144	0.00014705599999999998	0.00209387	0.00386046	6.34359e-05	0.00428481	0.13215	0.0447737	0.00513447	0.0022909000000000002	0.0032756000000000005	0.00135282	0.000339286	0.00284837	0.0446301	0.000696834	4.80575e-07	0.0	0.000104765	0.00204244	0.0012346	3.02762e-05	0.00212703	0.00172671	0.044360500000000004	0.0	0.00130236	0.00275946	0.00322898	0.0034116000000000003	8.74647e-05	0.000584379	2.7392800000000003e-05	0.0430961	0.0025979899999999997	0.00743306	8.9387e-05	0.000129275	0.0027066	0.0017175799999999998	0.00143596	0.00140905	0.000335922	0.00017396799999999999	0.039240899999999995	0.0435882	0.000166279	0.000177813	0.00168394	0.00112791	0.000671844	0.00124661	0.0	0.0867011	0.0464841	0.000725669	0.00238798	0.0008015990000000001	0.00189683	0.0928317	3.8446e-06	0.00132735	0.044456600000000006	0.00118894	0.0001336	0.000688664	0.08826049999999999	0.0416774	0.000592069	0.185529
Sor-ACeb_011-Ex1-6F-lcwgs-1-3-L2-fastp	0.07154429999999999	0.123572	0.0008040160000000001	6.10093e-05	0.00085413	0.00277375	0.0	9.36929e-05	0.00794864	0.00750197	0.00170608	0.0	0.0	0.0	0.004667210000000001	0.000161239	9.151399999999999e-05	0.0023445	0.00228131	0.0	0.000734291	0.0035930099999999998	0.000623167	6.5367099999999995e-06	0.000154702	4.35781e-06	0.000313762	0.0006972489999999999	2.1789e-06	0.012981900000000001	0.0104108	5.66515e-05	8.93351e-05	0.006035560000000001	3.26836e-05	0.00216147	0.0032901499999999995	0.0006863549999999999	0.0019261499999999997	3.0504700000000003e-05	8.71562e-06	0.00030068900000000003	0.00012201899999999998	0.000145987	0.00128337	0.00099358	7.40827e-05	0.0013117	0.000289794	6.10093e-05	0.000141629	0.000174312	0.0005578	4.79359e-05	0.0063624	1.08945e-05	0.00021789	0.00020481700000000001	0.00325964	0.00528602	0.00108292	0.0008475940000000001	0.00118315	0.00247524	0.000250574	0.000274542	0.00043796000000000004	0.00180413	0.00031812	0.00716206	0.0032944999999999997	0.00106984	0.00023967899999999997	0.000108945	0.00093475	0.00625346	9.151399999999999e-05	0.00022224800000000003	0.00383487	0.0063515099999999994	0.0033337200000000005	0.00352982	5.66515e-05	0.00018302799999999998	0.000154702	0.00171044	0.000248395	0.000549084	0.0	0.0	0.00119404	0.00065585	0.00069507	0.00918626	7.84406e-05	0.0007887629999999999	0.000679818	0.00262558	0.0014053899999999999	5.22937e-05	8.93351e-05	6.10093e-05	0.00010676599999999999	0.00225734	0.00102409	0.00152305	0.00407891	0.00046628599999999995	0.0005185789999999999	8.71562e-06	0.000355161	0.00279336	0.0	4.35781e-06	5.66515e-05	0.00200459	0.00344485	0.000156881	0.000176491	0.00012201899999999998	0.00025929	0.00662605	0.00707708	0.007661029999999999	0.007578229999999999	0.000738649	0.0	0.0011330300000000001	0.00233796	0.0848792	0.00892479	0.00448636	0.0031398	0.000721217	0.0009914009999999998	0.00953489	0.00146422	0.0109991	0.0007582590000000001	6.318819999999999e-05	0.000270184	0.00010676599999999999	0.00015906	0.000407455	0.0006667450000000001	0.00911	0.0054102199999999994	0.00019610099999999998	0.00011112400000000002	0.00022224800000000003
Sor-ACeb_011-Ex1-6F-lcwgs-1-3-L3-fastp	0.0504576	0.00433474	0.00063769	0.00128829	0.0	0.0	0.00345437	0.00720564	0.0015722800000000001	2.58174e-06	0.0007306330000000001	0.08796770000000001	0.0788954	0.000196212	0.000154905	0.0	0.00204732	0.0017297699999999998	0.0436263	0.000456968	0.0018278699999999999	0.0010378599999999998	7.74523e-06	0.0384473	0.0008726290000000001	0.00023752000000000002	0.0038597	0.044137499999999996	0.000420824	0.0006092910000000001	0.0035111699999999997	0.08741	0.000981062	4.90531e-05	0.00043373300000000006	0.0	0.0006635079999999999	0.00317038	0.17954699999999998	0.000965571	4.90531e-05	0.0	4.38896e-05	0.000632527	0.088324	0.044529900000000004	0.0435566	0.00187693	2.32357e-05	0.000134251	0.00100946	0.00113597	4.1307900000000005e-05	0.00121858	0.00142512	4.90531e-05	0.0443079	0.00218932	0.0888429	0.00041566	0.00057831	0.001074	0.000521512	0.00159293	1.54905e-05	0.000330463	0.000908773	0.00011101500000000001	0.00011101500000000001	2.83992e-05	0.0008029220000000001	0.0862921	0.0010043	0.00278312	0.0015826100000000001	0.000273665	0.008798579999999999	0.045033300000000005	0.00209896	0.00269792	0.00119793	0.000149741	0.00207056	0.00384163	3.87261e-05	0.00404817	0.132508	0.0440445	0.00476848	0.00231066	0.00311874	0.0013012	0.000314973	0.00284508	0.0437915	0.000735796	2.58174e-06	0.0	8.0034e-05	0.00201634	0.00132185	3.87261e-05	0.00198794	0.0017400900000000001	0.0437941	0.0	0.00123407	0.00262821	0.0033407700000000003	0.00333045	9.81062e-05	0.000573147	1.80722e-05	0.042986	0.00266694	0.00736055	9.552439999999999e-05	0.000123924	0.00255592	0.0017478399999999999	0.00137865	0.0013502499999999999	0.00040791499999999996	0.000180722	0.0404481	0.0437037	0.000191049	0.00016523099999999998	0.00171944	0.00111789	0.0006944890000000001	0.00119535	0.0	0.0874797	0.045072	0.0007254690000000001	0.00239586	0.000826157	0.00180722	0.08974649999999999	7.74523e-06	0.00134767	0.044831899999999994	0.00125473	0.000147159	0.000704816	0.0871803	0.0418784	0.000547329	0.181401
Sor-ACeb_012-Ex1-7F-lcwgs-1-3-L2-fastp	0.0707184	0.123945	0.000841198	5.95698e-05	0.0008069	0.0028774	0.0	9.9283e-05	0.00824049	0.0075437099999999995	0.00170586	0.0	0.0	0.0	0.00468074	0.000146217	7.76213e-05	0.00220589	0.00246402	0.0	0.000754551	0.00376192	0.000644437	1.8051500000000002e-06	0.00012816500000000002	3.6102899999999997e-06	0.000402548	0.000700397	3.6102899999999997e-06	0.012621600000000002	0.0104879	5.59595e-05	8.6647e-05	0.0060634899999999995	3.42978e-05	0.00215173	0.00320955	0.000687761	0.00192429	2.88823e-05	7.220579999999999e-06	0.000265356	0.00011733400000000001	0.000137191	0.00131234	0.00100005	5.95698e-05	0.0013592699999999999	0.000272577	4.87389e-05	0.00012816500000000002	0.000157048	0.000505441	3.79081e-05	0.00653282	1.08309e-05	0.000184125	0.00020037099999999997	0.0032817600000000003	0.00525839	0.00110475	0.000848419	0.00130693	0.0025272000000000003	0.00023827900000000001	0.000263551	0.000429625	0.00183583	0.000263551	0.00727654	0.00339728	0.00112822	0.000223838	0.00011552899999999998	0.000945897	0.00618624	7.04007e-05	0.00018232	0.00391897	0.00646242	0.0032962	0.00359224	3.79081e-05	0.000175099	0.000137191	0.0018593	0.000294239	0.000523492	0.0	3.6102899999999997e-06	0.00117696	0.000624581	0.000711228	0.009206240000000001	8.12316e-05	0.0007852390000000001	0.000779823	0.00252901	0.00135566	5.59595e-05	0.000111919	2.88823e-05	8.12316e-05	0.00236835	0.000991025	0.0016246300000000002	0.00408144	0.000476559	0.000541544	5.41544e-06	0.000420599	0.00274382	0.0	1.08309e-05	5.2349200000000004e-05	0.00214451	0.0034731	0.000155243	0.000164268	9.74779e-05	0.000296044	0.006595999999999999	0.0072025299999999995	0.007686310000000001	0.00742998	0.000758161	0.0	0.0010903100000000002	0.00239543	0.08898829999999999	0.00866109	0.00455438	0.0031463700000000003	0.0007383050000000001	0.0011643200000000002	0.00942467	0.00151091	0.0112984	0.000761772	7.58161e-05	0.000218423	9.56727e-05	0.000202176	0.000391717	0.000662489	0.00902212	0.00544432	0.000220228	9.56727e-05	0.00020578699999999997
Sor-ACeb_012-Ex1-7F-lcwgs-1-3-L3-fastp	0.0507525	0.00491055	0.000668828	0.00129844	0.0	0.0	0.0035358499999999997	0.00686692	0.00181695	0.0	0.000834401	0.0871785	0.0746298	0.000183002	0.000178645	0.0	0.00220256	0.0016274100000000001	0.0438463	0.000440076	0.00182348	0.00112633	2.17859e-06	0.0369315	0.000936795	0.00023528799999999997	0.00428311	0.044513000000000004	0.00044443300000000005	0.000703685	0.0038887899999999996	0.0867668	0.000993438	8.49651e-05	0.00046621900000000003	0.0	0.000705864	0.00325046	0.183052	0.0011023699999999999	5.8821999999999993e-05	6.53578e-06	5.8821999999999993e-05	0.00064922	0.0892482	0.044903	0.0443452	0.0019149800000000002	3.26789e-05	0.000115465	0.00102612	0.00110672	3.4857499999999996e-05	0.00126358	0.00141608	5.8821999999999993e-05	0.0445391	0.0022461300000000003	0.08997369999999999	0.00038343200000000007	0.000677542	0.00118951	0.000540291	0.00153591	3.70361e-05	0.000233109	0.000847472	7.84293e-05	0.000143787	3.70361e-05	0.0008736149999999999	0.08746179999999999	0.000965116	0.00304567	0.0015773	0.000328967	0.00911305	0.045347399999999996	0.00218731	0.00279078	0.0011938699999999999	0.000159037	0.00223959	0.00400643	6.75364e-05	0.00438986	0.132463	0.0450751	0.00514366	0.00230713	0.00322867	0.00141826	0.000320253	0.00285831	0.0445631	0.000716757	0.0	0.0	0.000113287	0.00215898	0.0012548700000000002	3.4857499999999996e-05	0.0021633399999999997	0.00175812	0.044598	0.0	0.00128319	0.00283871	0.0031371700000000003	0.00346396	6.100060000000001e-05	0.00057297	2.83217e-05	0.0432276	0.0025075600000000003	0.0073941400000000004	7.84293e-05	0.00013942999999999998	0.00277553	0.00170584	0.00145966	0.00148362	0.000376896	0.000126358	0.0391624	0.0447592	0.000119823	0.00019171600000000003	0.00175377	0.00111326	0.000675364	0.00124398	0.0	0.08554679999999999	0.0461012	0.00064922	0.00236377	0.000760329	0.0019237	0.095394	0.0	0.0012875500000000002	0.044245	0.0011219700000000001	0.000183002	0.000673185	0.0886774	0.041349699999999996	0.000684078	0.19101700000000002
Sor-ACeb_013-Ex1-8F-lcwgs-1-3-L2-fastp	0.07122339999999999	0.123777	0.000849727	6.43654e-05	0.0008159869999999999	0.00283519	0.0	7.21515e-05	0.00819568	0.007460670000000001	0.0017570700000000001	0.0	0.0	0.0	0.00472722	0.00013496	8.35712e-05	0.00221178	0.00238411	0.0	0.000709576	0.00371087	0.0005896699999999999	2.59538e-06	0.000114197	1.5572299999999999e-06	0.00036231500000000004	0.000688294	4.67168e-06	0.0131326	0.010418400000000001	4.77549e-05	7.318960000000001e-05	0.00603892	2.95873e-05	0.00210641	0.00322969	0.0006945230000000001	0.0018686699999999998	2.85492e-05	1.5572299999999999e-06	0.000264729	9.91434e-05	0.00010848699999999999	0.00129457	0.0009249929999999999	4.46405e-05	0.00133195	0.000245004	5.65792e-05	0.00011731099999999999	0.00013496	0.000536205	2.64729e-05	0.00645107	1.0381499999999999e-05	0.000153127	0.00017596700000000002	0.0033729500000000004	0.00528834	0.00110875	0.000848169	0.00125253	0.00247495	0.00021801199999999999	0.000232027	0.00041007000000000006	0.0017908099999999999	0.000239813	0.0073251900000000005	0.0033252	0.00109421	0.00019724899999999998	8.980010000000001e-05	0.000879314	0.0063368700000000005	5.8655499999999994e-05	0.000164028	0.003956390000000001	0.00644069	0.00302932	0.0036818	4.1525999999999995e-05	0.000147937	0.000130807	0.0017902900000000002	0.000275629	0.000470801	0.0	5.19076e-07	0.0012021800000000002	0.000554373	0.000720477	0.00915909	8.51284e-05	0.000762003	0.000749026	0.0025009100000000003	0.00139631	4.1007e-05	0.00010796800000000001	2.85492e-05	6.9037e-05	0.0022574599999999998	0.00100389	0.0015136199999999998	0.00414067	0.00042927499999999996	0.00052219	3.6335299999999996e-06	0.00038152000000000005	0.00274591	1.5572299999999999e-06	3.6335299999999996e-06	3.47781e-05	0.0020571	0.00357747	0.000155723	0.000139112	8.77238e-05	0.000280301	0.00665091	0.007127939999999999	0.00782766	0.0076382	0.000716843	0.0	0.00112587	0.00238152	0.0850905	0.008818570000000001	0.00422683	0.0032400700000000003	0.000730339	0.0010594299999999999	0.00948818	0.0014902700000000001	0.0110169	0.000742278	7.42278e-05	0.00020192000000000002	7.83804e-05	0.00016714199999999998	0.00035141400000000003	0.000655592	0.00911704	0.00530495	0.000217493	7.47469e-05	0.00019724899999999998
Sor-ACeb_013-Ex1-8F-lcwgs-1-3-L3-fastp	0.0513934	0.00444893	0.000582693	0.00125423	6.12716e-07	0.0	0.0032780300000000004	0.00706278	0.0016555600000000001	0.0	0.0008143	0.0870621	0.0773609	0.000197295	0.000170948	0.0	0.00208262	0.00168619	0.043739400000000005	0.00042828900000000005	0.0017750399999999999	0.0010894099999999999	6.73988e-06	0.0385043	0.000867606	0.000246312	0.00402922	0.0437694	0.000424	0.000661121	0.00370448	0.086798	0.000898242	6.12716e-05	0.000452797	0.0	0.0006654100000000001	0.00304091	0.180381	0.000966866	5.94335e-05	3.06358e-06	6.73988e-05	0.000618231	0.0883212	0.044515	0.0434924	0.00176278	3.4924799999999995e-05	0.000114578	0.0009497099999999999	0.00103304	4.35028e-05	0.00113843	0.00136513	6.67861e-05	0.044455	0.00218372	0.0888408	0.000400716	0.0006341610000000001	0.00115742	0.000490173	0.00148645	3.73757e-05	0.000306358	0.0007769239999999999	9.864730000000001e-05	0.000145826	3.6763e-05	0.000835745	0.0874818	0.000955837	0.00286261	0.00156733	0.00029778	0.00897384	0.045078099999999996	0.00225357	0.00264387	0.00116722	0.000155017	0.00201522	0.0038625599999999997	6.2497e-05	0.00421855	0.13237100000000002	0.0441823	0.00499976	0.00218495	0.00331663	0.0012609700000000001	0.000311872	0.00287548	0.044341	0.000687467	1.22543e-06	0.0	0.000109063	0.0019803	0.00120215	2.75722e-05	0.0020287	0.0017578799999999999	0.0437516	0.0	0.0013381699999999999	0.0026745099999999997	0.00321798	0.0034551100000000004	7.59768e-05	0.000550219	2.8797699999999997e-05	0.043577	0.0025409300000000003	0.00753457	7.352590000000001e-05	0.000124381	0.00259363	0.00172051	0.0014368200000000001	0.0013105999999999999	0.000367017	0.00015563	0.0403094	0.044129	0.000167271	0.00017585	0.00164821	0.00111821	0.000666022	0.00120889	0.0	0.086559	0.045969	0.0006647970000000001	0.0023577299999999997	0.0007732479999999999	0.0018442799999999998	0.09150910000000001	2.45086e-06	0.0013204	0.044110699999999996	0.00125423	0.000147665	0.000712589	0.0875945	0.0419821	0.000519583	0.183829
Sor-ACeb_014-Ex1-9F-lcwgs-1-3-L2-fastp	0.0708436	0.12370599999999998	0.0008360409999999999	8.722290000000001e-05	0.000796141	0.0028644399999999998	9.279039999999999e-07	9.27904e-05	0.00827968	0.0073545600000000004	0.0017064100000000002	0.0	0.0	0.0	0.004560649999999999	0.00013733000000000001	8.258339999999999e-05	0.00213789	0.00248168	0.0	0.000783615	0.00374316	0.000646285	4.17557e-06	0.000115988	2.31976e-06	0.000383224	0.000662059	2.31976e-06	0.0128324	0.0103573	4.4075399999999995e-05	8.58311e-05	0.00617334	3.20127e-05	0.0021239699999999998	0.0031511599999999996	0.000758097	0.00185442	3.98999e-05	3.71161e-06	0.000275123	0.000103461	0.00012805099999999998	0.00122762	0.000989145	7.237650000000001e-05	0.00136355	0.000239399	5.38184e-05	0.00011645199999999999	0.00013129800000000002	0.000573444	4.1291699999999996e-05	0.00655286	1.06709e-05	0.00020645899999999998	0.00018882800000000002	0.00326065	0.00516471	0.00110049	0.000791038	0.00132969	0.00252065	0.000208778	0.0002278	0.00042776399999999997	0.00183957	0.00029507299999999997	0.007381939999999999	0.00342628	0.00107034	0.00019717999999999998	9.27904e-05	0.000836969	0.00628608	6.912880000000001e-05	0.0001879	0.00401272	0.00638862	0.00332561	0.00359563	3.8044100000000004e-05	0.00015588800000000002	0.000147537	0.0018938499999999999	0.000297857	0.000489933	4.6395199999999997e-07	9.279039999999999e-07	0.00113668	0.0006365419999999999	0.00065974	0.00933935	6.58812e-05	0.000738611	0.000769232	0.00250627	0.00134453	5.5674199999999996e-05	0.00011413199999999998	2.9228999999999997e-05	7.37683e-05	0.00224274	0.000965948	0.0015788299999999998	0.00397931	0.000516378	0.000546071	6.49533e-06	0.00041245299999999996	0.0026654	1.85581e-06	7.42323e-06	4.45394e-05	0.00208778	0.0034026200000000003	0.000163311	0.000141505	9.69659e-05	0.00029507299999999997	0.00666652	0.00726131	0.00776609	0.007567979999999999	0.000735364	0.0	0.0010824	0.00235966	0.0886287	0.00893015	0.004681739999999999	0.00311451	0.000754386	0.0012262199999999999	0.009491059999999999	0.00148325	0.0114912	0.0007859340000000001	7.60881e-05	0.000218985	8.35113e-05	0.00019393199999999999	0.00035817099999999996	0.000727476	0.00922058	0.00533916	0.000238935	7.979970000000001e-05	0.000226872
Sor-ACeb_014-Ex1-9F-lcwgs-1-3-L3-fastp	0.0511611	0.00471972	0.000634351	0.00127037	0.0	0.0	0.00355916	0.00690149	0.0017564500000000001	1.11485e-06	0.000814957	0.0865448	0.07617560000000001	0.00018841000000000002	0.000183951	0.0	0.0021366099999999997	0.0016951300000000002	0.0437696	0.00042866	0.0017938	0.0010351400000000001	6.1316799999999995e-06	0.0373888	0.0009030300000000001	0.000250284	0.0041762299999999995	0.044139199999999996	0.00045040000000000005	0.000696225	0.0038244999999999998	0.086624	0.0009091619999999999	4.73812e-05	0.00048719	0.0	0.00065832	0.0031823399999999996	0.182084	0.000999465	5.6857399999999995e-05	3.34456e-06	5.51852e-05	0.0006527460000000001	0.0891246	0.0445768	0.0435573	0.00182223	2.6198999999999998e-05	0.000114272	0.0010356999999999999	0.00105521	4.06921e-05	0.00121129	0.001456	5.6857399999999995e-05	0.044244	0.00224531	0.0896201	0.000405806	0.000637138	0.00111875	0.000531227	0.00152456	2.89861e-05	0.000310486	0.000806595	0.00010981299999999999	0.000127093	2.73139e-05	0.000835024	0.0872243	0.0009554279999999999	0.00299449	0.0016293599999999998	0.000311044	0.00914847	0.0455172	0.00222246	0.0026801	0.0012296800000000001	0.00016611300000000001	0.00207808	0.00392205	5.51852e-05	0.00436632	0.131966	0.0446348	0.0051311099999999995	0.00227653	0.0031578200000000004	0.00136123	0.000329439	0.00282949	0.045006000000000004	0.000670026	5.57426e-07	0.0	9.25327e-05	0.00209425	0.00124473	3.4003e-05	0.00208477	0.00173973	0.0441933	0.0	0.001325	0.00275814	0.00322025	0.0034153499999999997	9.14178e-05	0.000561885	3.73475e-05	0.0429357	0.00259593	0.007520789999999999	8.97456e-05	0.00015162	0.0027570299999999997	0.00177261	0.00143872	0.0014141899999999998	0.000345604	0.00015719399999999999	0.039429	0.0438928	0.00017113	0.000174474	0.00171464	0.00113659	0.000650516	0.00128765	0.0	0.0860699	0.0461989	0.000741376	0.0023267	0.0007960039999999999	0.00194096	0.094288	3.9019799999999995e-06	0.0013071600000000001	0.0440667	0.0011460700000000001	0.000144931	0.00068006	0.087881	0.0411943	0.0006036920000000001	0.189727
Sor-ACeb_015-Ex1-10F-lcwgs-1-3-L2-fastp	0.0694912	0.124304	0.0007948339999999999	4.54191e-05	0.0008705319999999999	0.0026418799999999997	0.0	0.000128687	0.00788778	0.00794077	0.00151397	0.0	0.0	0.0	0.00442079	0.00013625699999999998	3.78492e-05	0.0018848899999999997	0.00255104	0.0	0.000764555	0.00394389	0.000862963	0.0	9.8408e-05	0.0	0.00041634200000000005	0.000764555	7.569849999999999e-06	0.0122404	0.010083	6.0558799999999994e-05	5.2988900000000004e-05	0.00582878	4.54191e-05	0.00224824	0.00343671	0.000681286	0.00163509	1.5139699999999998e-05	0.0	0.00037092200000000004	0.000128687	0.000174106	0.00119604	0.00116576	5.2988900000000004e-05	0.00153668	0.00020438600000000003	2.27095e-05	0.00010597800000000001	0.00013625699999999998	0.000711566	3.78492e-05	0.00660848	1.5139699999999998e-05	0.000151397	0.00020438600000000003	0.00295224	0.005238329999999999	0.0010295	0.000635867	0.00146098	0.00259646	0.000174106	0.000181676	0.00047690000000000005	0.00204386	0.00038606199999999995	0.00681286	0.00368652	0.0009613709999999999	0.000174106	9.08382e-05	0.0007721239999999999	0.006570630000000001	8.326830000000001e-05	0.00021952600000000003	0.00391361	0.00615429	0.0036411	0.00334587	6.0558799999999994e-05	0.00010597800000000001	0.00013625699999999998	0.00196816	0.000317934	0.00045419100000000006	0.0	0.0	0.00098408	0.000847823	0.000537459	0.009061109999999999	7.56985e-05	0.0006207270000000001	0.000855393	0.00221797	0.00145341	2.27095e-05	0.000113548	6.0558799999999994e-05	7.56985e-05	0.00221797	0.0011127700000000001	0.00146855	0.00401959	0.00047690000000000005	0.00047690000000000005	7.569849999999999e-06	0.00050718	0.0027857000000000003	0.0	7.569849999999999e-06	6.81286e-05	0.0021574100000000002	0.00291439	0.000174106	0.00013625699999999998	0.000128687	0.00033307300000000003	0.007092950000000001	0.0069491200000000005	0.00769853	0.00794834	0.0009083820000000001	0.0	0.0011809	0.0021801200000000002	0.0928442	0.00900812	0.00500367	0.00282355	0.0008781020000000001	0.0013474300000000002	0.00967426	0.00146098	0.0114002	0.0008705319999999999	7.56985e-05	0.000189246	8.326830000000001e-05	0.000249805	0.00033307300000000003	0.000756985	0.00859935	0.00566982	0.00024223500000000001	8.326830000000001e-05	0.00021195600000000002
Sor-ACeb_015-Ex1-10F-lcwgs-1-3-L3-fastp	0.050560299999999996	0.0049755400000000005	0.000612797	0.00118901	0.0	0.0	0.00357617	0.0066493	0.0019664400000000003	0.0	0.0009603529999999999	0.0855263	0.0733161	0.000182924	0.00014634	0.0	0.00215851	0.0016280300000000001	0.044286	0.0004938960000000001	0.0017743700000000002	0.00102438	0.0	0.0361001	0.000795721	0.000237802	0.00471945	0.044505499999999996	0.000429872	0.000685966	0.00369507	0.0849318	0.000978645	3.6584899999999996e-05	0.000429872	0.0	0.000649382	0.00334752	0.184927	0.0009603529999999999	5.4877300000000004e-05	0.0	2.74387e-05	0.000649382	0.088947	0.044404900000000004	0.0416793	0.0019207100000000002	1.82924e-05	0.000118901	0.00107011	0.00112498	5.4877300000000004e-05	0.0010884	0.0014451	2.74387e-05	0.0445329	0.00233229	0.0910872	0.000402434	0.0005670660000000001	0.0013262	0.000466457	0.0015365600000000002	2.74387e-05	0.000237802	0.000814013	7.316979999999999e-05	0.000128047	2.74387e-05	0.0008963290000000001	0.0866055	0.0009512069999999999	0.0029085	0.0015914400000000002	0.000329264	0.00935658	0.0453378	0.00235058	0.00271643	0.00117986	0.000137193	0.0018749700000000001	0.00432616	2.74387e-05	0.00418897	0.128834	0.0444781	0.00527737	0.00203961	0.00339325	0.00131706	0.000310971	0.00301825	0.0462799	0.0005304810000000001	0.0	0.0	4.57311e-05	0.00207619	0.00135364	7.316979999999999e-05	0.00210363	0.0018383899999999999	0.0461793	0.0	0.00149998	0.00268899	0.0030731300000000003	0.00379568	6.40235e-05	0.000612797	1.82924e-05	0.0414872	0.0026707	0.0077377	8.2316e-05	0.000109755	0.00268899	0.0016829000000000002	0.00154571	0.00136279	0.000256094	0.000118901	0.0375544	0.0432616	0.00014634	7.316979999999999e-05	0.0017377800000000002	0.0010792500000000001	0.000713405	0.0012073	0.0	0.0830202	0.0470939	0.000667674	0.00238716	0.000695113	0.0019755800000000002	0.0990261	0.0	0.00134449	0.0434628	0.00109755	0.000182924	0.000704259	0.0898707	0.039566500000000004	0.000512188	0.20218599999999998
Sor-ACeb_016-Ex1-11F-lcwgs-1-3-L2-fastp	0.07038660000000001	0.123397	0.0007731480000000001	6.52657e-05	0.000868537	0.00291186	0.0	4.01635e-05	0.00794234	0.00743025	0.00154128	0.0	0.0	0.0	0.00442301	0.000175715	5.5224899999999994e-05	0.00216883	0.00230438	0.0	0.00079825	0.00376533	0.000597433	1.0040899999999999e-05	0.000135552	0.0	0.00035645100000000003	0.0008082909999999999	5.02044e-06	0.0129778	0.0105078	6.52657e-05	5.5224899999999994e-05	0.00601449	2.5102199999999998e-05	0.0020935199999999998	0.00321308	0.0006978409999999999	0.00194291	3.01227e-05	0.0	0.000306247	8.03271e-05	9.0368e-05	0.00121997	0.0009739659999999999	6.0245300000000004e-05	0.00146597	0.000235961	4.01635e-05	0.000130531	0.00015061300000000002	0.000597433	5.0204399999999997e-05	0.006446250000000001	5.02044e-06	0.000170695	0.000210859	0.00308757	0.0051811	0.00102417	0.0006978409999999999	0.00141074	0.00247006	0.000240981	0.000246002	0.00038657400000000004	0.0018927100000000001	0.00023093999999999998	0.007058739999999999	0.00346913	0.0010392300000000001	0.000215879	6.0245300000000004e-05	0.000858496	0.00645127	8.03271e-05	0.000120491	0.0038556999999999997	0.00629061	0.00349925	0.00339382	4.01635e-05	0.000130531	0.000125511	0.0019278499999999998	0.00029118600000000003	0.000497024	0.0	0.0	0.0010994800000000001	0.000617514	0.000617514	0.0090368	0.00011546999999999999	0.000632576	0.000753066	0.00252528	0.00144589	6.52657e-05	6.0245300000000004e-05	3.51431e-05	6.52657e-05	0.00227426	0.0010794	0.00142079	0.00404648	0.000471922	0.000497024	0.0	0.00038155400000000004	0.00268594	5.02044e-06	1.0040899999999999e-05	2.5102199999999998e-05	0.0021186300000000003	0.00320806	0.000130531	0.000140572	7.530659999999999e-05	0.00029118600000000003	0.00668221	0.0071842500000000005	0.007711399999999999	0.00757083	0.000743025	0.0	0.00116474	0.00218891	0.0894844	0.00852973	0.00462885	0.0028968	0.0007580870000000001	0.00106433	0.00931794	0.00147601	0.0114918	0.0008032709999999999	6.0245300000000004e-05	0.000205838	9.0368e-05	0.000140572	0.00041669699999999994	0.000707882	0.009197450000000001	0.00526142	0.000210859	8.03271e-05	0.000235961
Sor-ACeb_016-Ex1-11F-lcwgs-1-3-L3-fastp	0.0513063	0.00449642	0.000650309	0.00108385	0.0	0.0	0.0033568300000000003	0.007258689999999999	0.001697	0.0	0.000755597	0.08632390000000001	0.0745254	0.000148642	0.00021677	0.0	0.00224202	0.0016041	0.0428708	0.00048928	0.0017836999999999998	0.00100333	0.0	0.0367455	0.0008546920000000001	0.00024154300000000001	0.00406288	0.044444	0.00040876599999999997	0.000687469	0.0039514	0.0870918	0.0011148199999999999	6.812760000000001e-05	0.0004707	0.0	0.000767984	0.00317103	0.184335	0.00102811	4.954729999999999e-05	6.19342e-06	4.954729999999999e-05	0.000656502	0.0888012	0.0446298	0.0434035	0.00205002	2.47737e-05	9.909469999999999e-05	0.0010343000000000001	0.0012262999999999998	3.0967100000000004e-05	0.00113959	0.00130062	3.0967100000000004e-05	0.045633099999999996	0.00210576	0.0895568	0.00042734600000000005	0.000625535	0.00115198	0.000545021	0.00151119	2.47737e-05	0.000328251	0.0009723669999999999	0.000123868	0.000130062	4.33539e-05	0.0007865640000000001	0.088281	0.000929013	0.00316484	0.00149881	0.000309671	0.009283930000000001	0.0463391	0.00210576	0.0026817499999999997	0.00106527	0.000173416	0.0021677	0.004137200000000001	4.954729999999999e-05	0.004440680000000001	0.13400700000000001	0.0447908	0.00513434	0.00218008	0.0030533500000000002	0.00138733	0.000297284	0.00284897	0.045057099999999996	0.000712243	0.0	0.0	0.000111482	0.00218008	0.00125107	2.47737e-05	0.00203763	0.0017836999999999998	0.0453234	0.0	0.0012634599999999999	0.0028242000000000002	0.00316484	0.00332587	8.05144e-05	0.000600761	3.0967100000000004e-05	0.0434964	0.0024464	0.00735778	0.000117675	0.000117675	0.00286755	0.00166603	0.00142449	0.00140591	0.00039637900000000003	0.000173416	0.0377303	0.0443573	0.000191996	0.000173416	0.0016350599999999998	0.0010466899999999999	0.0006936630000000001	0.00112101	0.0	0.0864106	0.045373000000000004	0.000712243	0.00242163	0.0008608849999999999	0.00177751	0.09573169999999999	0.0	0.00138733	0.044221	0.0013625500000000001	0.000185803	0.00076179	0.08706710000000001	0.0413473	0.00048928	0.190497
Sor-ACeb_017-Ex1-12F-lcwgs-1-3-L2-fastp	0.0702122	0.122827	0.0009617289999999999	9.557560000000001e-05	0.000890047	0.00270001	0.0	6.57082e-05	0.00783122	0.00753852	0.0016188099999999998	0.0	0.0	0.0	0.00438453	0.000191151	7.16817e-05	0.00212058	0.00233563	0.0	0.000890047	0.00387081	0.00070487	0.0	0.000179204	0.0	0.000304647	0.000764604	0.0	0.0123113	0.0100593	7.765510000000001e-05	6.57082e-05	0.00593166	2.3893900000000002e-05	0.00209072	0.00320775	0.0005854	0.00192943	4.18143e-05	0.0	0.000328541	0.000125443	0.000131416	0.00137987	0.000979649	6.57082e-05	0.0013081899999999999	0.000268806	2.98674e-05	0.000167257	0.000173231	0.000597347	1.79204e-05	0.0064394	0.0	0.000244912	0.000203098	0.00305244	0.00520289	0.000925888	0.0008064190000000001	0.00107522	0.0023177099999999997	0.00027478	0.000286727	0.00041217	0.00182191	0.000298674	0.00686949	0.0031838599999999997	0.00102146	0.000256859	0.000101549	0.000919915	0.006296039999999999	9.557560000000001e-05	0.000215045	0.00384692	0.00625423	0.0037812099999999997	0.00323165	6.57082e-05	0.000173231	0.000107522	0.0016247800000000001	0.000221018	0.0005555330000000001	0.0	0.0	0.00118275	0.0008064190000000001	0.00072279	0.00904981	6.57082e-05	0.000734737	0.000651108	0.00248496	0.0013739	7.16817e-05	5.3761199999999996e-05	4.7787800000000003e-05	0.00011946899999999999	0.00235952	0.00108717	0.00143961	0.00400223	0.000561506	0.000489825	5.973469999999999e-06	0.000388276	0.00268209	0.0	5.973469999999999e-06	2.98674e-05	0.00183386	0.00326749	0.000149337	0.000197125	8.36286e-05	0.00027478	0.00664847	0.007078559999999999	0.0072756900000000005	0.007729669999999999	0.0008303130000000001	0.0	0.0011708	0.00227589	0.0908804	0.00875114	0.00539405	0.00296882	0.0007765509999999999	0.00112899	0.00935446	0.00130222	0.0115467	0.000680976	3.58408e-05	0.0002927	0.00011946899999999999	0.000244912	0.00042411699999999995	0.0005256659999999999	0.00904981	0.0054716999999999995	0.000173231	0.000125443	0.000143363
Sor-ACeb_017-Ex1-12F-lcwgs-1-3-L3-fastp	0.0520203	0.00456117	0.000620933	0.0010348900000000001	0.0	0.0	0.0037639199999999996	0.00739753	0.0018398	0.0	0.000751252	0.0857193	0.0758151	0.000229975	0.000153317	0.0	0.00248373	0.00169415	0.0433886	0.000482948	0.0018168	0.00124187	7.66583e-06	0.0369953	0.00109621	0.000191646	0.00408589	0.044170499999999994	0.000406289	0.000620933	0.00417788	0.0855814	0.000774249	8.43242e-05	0.000490613	0.0	0.0007359199999999999	0.00311999	0.182363	0.00124953	6.13267e-05	7.66583e-06	6.89925e-05	0.000590269	0.0888853	0.0441782	0.0437566	0.00183213	3.83292e-05	9.965580000000001e-05	0.00112688	0.0009045680000000001	2.2997499999999998e-05	0.00141051	0.00144118	6.13267e-05	0.0446918	0.0023304099999999998	0.0899509	0.000390958	0.000597935	0.00106555	0.000590269	0.00137218	2.2997499999999998e-05	0.00026830399999999997	0.000743586	6.89925e-05	0.000145651	3.06633e-05	0.000781915	0.0870455	0.000935232	0.00323498	0.0016481500000000001	0.00026830399999999997	0.00934465	0.045719	0.0021081	0.00293601	0.0012188700000000002	0.000137985	0.00240707	0.0036796	5.36608e-05	0.00479115	0.13136899999999999	0.0444388	0.0056650500000000005	0.00236108	0.00329631	0.00160983	0.000291302	0.00276737	0.0447455	0.000659262	0.0	0.0	0.000114988	0.00251439	0.0011575399999999999	4.5994999999999996e-05	0.00216943	0.0016251599999999998	0.044684100000000004	0.0	0.00117287	0.0030663300000000004	0.00311233	0.00340363	7.665829999999999e-05	0.000490613	3.06633e-05	0.0426604	0.00240707	0.00747419	6.13267e-05	0.000122653	0.0030663300000000004	0.00179381	0.0012188700000000002	0.0016404899999999999	0.000337297	0.000137985	0.0386588	0.0440019	0.00016098300000000001	0.00016098300000000001	0.00178614	0.00108088	0.000666928	0.00130319	0.0	0.0863939	0.0461866	0.000812578	0.00237641	0.000835576	0.00190879	0.0956926	0.0	0.0011575399999999999	0.0433963	0.0012188700000000002	0.00010732200000000001	0.0006745929999999999	0.0879808	0.0420088	0.000528943	0.188419
Sor-ACeb_018-Ex1-1G-lcwgs-1-3-L2-fastp	0.0705959	0.12367299999999999	0.000848627	7.37936e-05	0.000757615	0.0029788	1.22989e-06	6.27246e-05	0.00831408	0.0074322500000000005	0.0017070899999999999	0.0	0.0	0.0	0.00460103	0.000130369	8.36328e-05	0.0022088900000000002	0.00255203	0.0	0.000787132	0.00377085	0.0005915790000000001	2.45979e-06	0.00010946099999999999	4.91958e-06	0.000391106	0.000662913	1.22989e-06	0.0129594	0.010465200000000001	4.4276199999999995e-05	5.53452e-05	0.00628353	2.82876e-05	0.0021535400000000002	0.00314853	0.000719488	0.0019247799999999999	4.05865e-05	7.37936e-06	0.000241059	0.00011069	0.00010946099999999999	0.0012754	0.000945788	5.65751e-05	0.0013578	0.00023736999999999999	7.37936e-05	0.00011069	0.000136518	0.000530084	4.6736e-05	0.0067373599999999995	1.1068999999999999e-05	0.000179564	0.000170955	0.0033526899999999998	0.00522582	0.00110813	0.0008338680000000001	0.00137625	0.00258032	0.000194323	0.00022630000000000003	0.000420624	0.00179442	0.00023982900000000002	0.007395349999999999	0.00345723	0.0010983	0.000200473	9.71616e-05	0.000837558	0.006289680000000001	6.27246e-05	0.00015373699999999998	0.00415458	0.00632288	0.0032001800000000004	0.00375733	4.05865e-05	0.000147587	0.000130369	0.00187067	0.000295175	0.000480888	0.0	2.45979e-06	0.00121145	0.0005891189999999999	0.000721948	0.00942099	7.37936e-05	0.000774833	0.00080558	0.00258401	0.0013565699999999999	4.91958e-05	0.000103311	3.07473e-05	7.62534e-05	0.00228145	0.0009617769999999999	0.0015693400000000002	0.00405127	0.000562061	0.000519015	1.2298899999999998e-05	0.000376347	0.00264058	3.68968e-06	1.1068999999999999e-05	3.93566e-05	0.0022088900000000002	0.00352611	0.000157426	0.000138978	7.748330000000001e-05	0.000282876	0.006732439999999999	0.00740642	0.007761860000000001	0.00767577	0.00069612	1.22989e-06	0.0010933800000000001	0.0024438	0.0893788	0.008945020000000001	0.00451002	0.0032641400000000004	0.0007649940000000001	0.00117086	0.00970386	0.00149924	0.0115093	0.0007563849999999999	7.62534e-05	0.000222611	7.62534e-05	0.00016111600000000002	0.000334531	0.0007121089999999999	0.00905325	0.00545827	0.000249668	7.87132e-05	0.00023859899999999998
Sor-ACeb_018-Ex1-1G-lcwgs-1-3-L3-fastp	0.0509211	0.00457493	0.00063949	0.00122312	0.0	0.0	0.00343561	0.00707702	0.0016259199999999999	1.47009e-06	0.0008056100000000001	0.0864091	0.0746425	0.000194052	0.00019846200000000003	0.0	0.0021551599999999997	0.00162151	0.0435971	0.000391045	0.001745	0.00107023	8.82055e-06	0.037094800000000004	0.0009143970000000001	0.00026902699999999997	0.00400747	0.0441807	0.00043367700000000004	0.000695354	0.0038560499999999998	0.0860621	0.000923218	4.99831e-05	0.0005115920000000001	0.0	0.000671832	0.00298282	0.182171	0.00103789	5.88037e-05	0.0	5.1453200000000004e-05	0.0005953870000000001	0.0891361	0.0445688	0.0437779	0.00179939	3.2342e-05	0.000126428	0.000968791	0.00105994	4.26327e-05	0.00123635	0.00137013	6.61541e-05	0.04456	0.00218456	0.0889773	0.000399865	0.000563045	0.0011746	0.000510122	0.0014980199999999999	4.7042899999999996e-05	0.000295489	0.000830602	9.261580000000001e-05	0.000102906	3.08719e-05	0.000827662	0.0880218	0.000879115	0.00298135	0.00156859	0.00032195	0.00933067	0.0450686	0.00217574	0.00273584	0.0011848899999999999	0.00016318	0.0021198700000000003	0.00381636	5.73336e-05	0.00436617	0.131917	0.0449966	0.00508064	0.00225953	0.0031945100000000002	0.00130691	0.00032489	0.00295489	0.044964199999999996	0.00064096	1.47009e-06	0.0	9.114569999999999e-05	0.002089	0.0012157700000000001	3.82224e-05	0.00206548	0.00162445	0.0444482	0.0	0.00132749	0.00277553	0.0031415899999999997	0.0034179600000000003	7.20345e-05	0.000516002	5.29233e-05	0.043507399999999995	0.0024785799999999998	0.00755627	8.08551e-05	0.00016171	0.00270644	0.0016626700000000002	0.00142011	0.0013833600000000001	0.000296959	0.000148479	0.0384267	0.044214500000000004	0.000147009	0.000189642	0.0016553199999999998	0.00108346	0.000693883	0.00120695	0.0	0.0852404	0.0463211	0.000746807	0.00232716	0.0008673540000000001	0.0018199700000000002	0.0947445	1.02906e-05	0.00129662	0.0437661	0.00125252	0.000169061	0.0007232849999999999	0.0890817	0.040723	0.000604208	0.190449
Sor-ACeb_019-Ex1-3G-lcwgs-1-3-L2-fastp	0.057308700000000004	0.107223	0.0	0.0	0.0	0.0	0.0	0.0	0.011092	0.011092	0.0	0.0	0.0	0.0	0.00369734	0.0	0.0	0.0	0.0	0.0	0.0	0.00184867	0.0	0.0	0.0	0.0	0.0	0.0	0.0	0.0129407	0.014789299999999998	0.0	0.0	0.00369734	0.0	0.00369734	0.007394669999999999	0.0	0.0	0.0	0.0	0.0	0.0	0.0	0.0	0.0	0.0	0.0	0.0	0.0	0.0	0.0	0.0	0.0	0.0	0.0	0.0	0.0	0.00184867	0.009243340000000001	0.0	0.0	0.0	0.0	0.0	0.0	0.0	0.0	0.0	0.009243340000000001	0.0	0.0	0.0	0.0	0.0	0.007394669999999999	0.0	0.0	0.0	0.005546	0.005546	0.0	0.0	0.0	0.0	0.0	0.0	0.0	0.0	0.0	0.0	0.0	0.0	0.009243340000000001	0.0	0.0	0.0	0.0	0.00369734	0.0	0.0	0.0	0.0	0.00369734	0.0	0.0	0.007394669999999999	0.0	0.0	0.0	0.00184867	0.007394669999999999	0.0	0.0	0.0	0.0	0.0	0.0	0.0	0.0	0.00184867	0.005546	0.00369734	0.007394669999999999	0.00369734	0.0	0.0	0.00369734	0.00184867	0.125709	0.011092	0.009243340000000001	0.0	0.0	0.00184867	0.007394669999999999	0.00184867	0.005546	0.0	0.0	0.0	0.0	0.0	0.0	0.00184867	0.009243340000000001	0.0	0.0	0.0	0.0
Sor-ACeb_019-Ex1-3G-lcwgs-1-3-L3-fastp	0.0306072	0.0	0.0	0.0	0.0	0.0	0.00612145	0.00612145	0.0	0.0	0.0	0.061214500000000005	0.0673359	0.0	0.0	0.0	0.0	0.0	0.0428501	0.0	0.0	0.0	0.0	0.0367287	0.0	0.0	0.0	0.055093	0.0	0.0	0.00612145	0.0673359	0.0	0.0	0.0	0.0	0.0	0.00612145	0.159158	0.0	0.0	0.0	0.0	0.0	0.140793	0.0367287	0.0244858	0.0	0.0	0.0	0.0	0.0	0.0	0.0	0.0	0.0	0.0244858	0.0	0.0489716	0.0	0.0	0.0	0.0	0.0	0.0	0.0	0.0	0.0	0.0	0.0	0.0	0.0918217	0.0	0.00612145	0.0	0.0	0.0122429	0.0428501	0.0	0.0	0.0	0.0	0.0	0.0	0.0	0.00612145	0.116308	0.0428501	0.00612145	0.0	0.0	0.0	0.0	0.0	0.07957879999999999	0.0	0.0	0.0	0.0	0.00612145	0.0	0.0	0.0	0.0	0.055093	0.0	0.0	0.0	0.0	0.0	0.0	0.0	0.0	0.0183643	0.0	0.00612145	0.0	0.0	0.00612145	0.0	0.0	0.0	0.0	0.0	0.0428501	0.0244858	0.0	0.0	0.0	0.0	0.0	0.0	0.0	0.0673359	0.0367287	0.0	0.0	0.0	0.0	0.16527899999999998	0.0	0.0	0.0367287	0.0	0.0	0.0	0.0857003	0.0244858	0.0	0.342801
Sor-ACeb_020-Ex1-2G-lcwgs-1-3-L2-fastp	0.0682795	0.113799	0.000247389	0.000247389	0.000494779	0.00296867	0.0	0.0	0.00593735	0.00568996	0.000989558	0.0	0.0	0.0	0.00395823	0.000494779	0.0	0.0017317300000000001	0.0012369500000000001	0.0	0.000742168	0.0032160599999999998	0.000742168	0.0	0.0	0.0	0.000247389	0.000247389	0.0	0.0118747	0.009895580000000001	0.0	0.0	0.00445301	0.0	0.00148434	0.0024738900000000003	0.000494779	0.00197912	0.0	0.0	0.000247389	0.0	0.0	0.000247389	0.00197912	0.000247389	0.000494779	0.0	0.0	0.0	0.0	0.000494779	0.0	0.00643213	0.0	0.000247389	0.000247389	0.00148434	0.0049477900000000005	0.000742168	0.000247389	0.000494779	0.0012369500000000001	0.0	0.0	0.0	0.00148434	0.000494779	0.00519518	0.0032160599999999998	0.000494779	0.0	0.0	0.0	0.00445301	0.0	0.0	0.0034634500000000003	0.00568996	0.0022265	0.0017317300000000001	0.0	0.0	0.0	0.0012369500000000001	0.000247389	0.0	0.0	0.0	0.000247389	0.000742168	0.0	0.00643213	0.0	0.000247389	0.000247389	0.0024738900000000003	0.000494779	0.000494779	0.000247389	0.0	0.0	0.00148434	0.000494779	0.000742168	0.0032160599999999998	0.000247389	0.000742168	0.0	0.000494779	0.00148434	0.0	0.0	0.0	0.00197912	0.0017317300000000001	0.0	0.0	0.000247389	0.0	0.0047003999999999995	0.00643213	0.00568996	0.005442570000000001	0.000494779	0.0	0.000494779	0.00197912	0.0925236	0.00593735	0.0034634500000000003	0.00197912	0.000742168	0.000742168	0.007669069999999999	0.0024738900000000003	0.009400799999999999	0.0012369500000000001	0.0	0.000742168	0.0	0.000247389	0.000247389	0.000494779	0.00667951	0.00519518	0.000494779	0.0	0.000247389
Sor-ACeb_020-Ex1-2G-lcwgs-1-3-L3-fastp	0.0489077	0.006641790000000001	0.0015095	0.000905699	0.0	0.0	0.0048303899999999995	0.00966079	0.0018114	0.0	0.0021133	0.0908718	0.0766825	0.0	0.00030189999999999997	0.0	0.0015095	0.000603799	0.044983	0.000603799	0.000905699	0.00030189999999999997	0.0	0.0350203	0.000603799	0.0	0.00603799	0.044681099999999994	0.00030189999999999997	0.00030189999999999997	0.0021133	0.0854376	0.000905699	0.0	0.000603799	0.0	0.000603799	0.0021133	0.190801	0.0012075999999999999	0.0	0.0	0.0	0.000603799	0.0896642	0.0516248	0.0516248	0.0018114	0.0	0.00030189999999999997	0.000603799	0.000905699	0.00030189999999999997	0.0015095	0.000603799	0.0	0.044983	0.000905699	0.0917775	0.0	0.000603799	0.0021133	0.000603799	0.0018114	0.0	0.00030189999999999997	0.0012075999999999999	0.0	0.0	0.00030189999999999997	0.0015095	0.08936229999999999	0.000603799	0.0024151999999999997	0.000603799	0.00030189999999999997	0.00694369	0.0519267	0.00362279	0.0018114	0.000603799	0.00030189999999999997	0.0012075999999999999	0.00543419	0.0	0.00362279	0.133742	0.042265899999999995	0.0033209	0.0018114	0.000603799	0.000905699	0.00030189999999999997	0.0024151999999999997	0.0416621	0.000603799	0.0	0.0	0.0	0.0018114	0.000905699	0.0	0.0018114	0.000603799	0.0477001	0.0	0.0024151999999999997	0.0021133	0.0018114	0.00392469	0.0	0.00030189999999999997	0.0	0.043171600000000004	0.000905699	0.00875509	0.00030189999999999997	0.0	0.0021133	0.000905699	0.0024151999999999997	0.000905699	0.00030189999999999997	0.0	0.033209	0.042869700000000004	0.0	0.0	0.0021133	0.000603799	0.00030189999999999997	0.000603799	0.0	0.0839281	0.039850699999999996	0.000905699	0.000905699	0.000603799	0.000603799	0.0890604	0.0	0.0015095	0.0380393	0.0012075999999999999	0.000603799	0.00030189999999999997	0.07909769999999999	0.0416621	0.0	0.197744
Sor-ACeb_021-Ex1-4G-lcwgs-1-3-L2-fastp	0.052954100000000004	0.105908	0.0	0.0	0.0	0.0	0.0	0.0	0.0	0.00756487	0.0	0.0	0.0	0.0	0.00756487	0.0	0.0	0.00756487	0.0	0.0	0.0	0.0151297	0.0	0.0	0.0	0.0	0.0	0.0	0.0	0.0151297	0.0151297	0.0	0.0	0.0	0.0	0.0	0.0	0.0	0.0	0.0	0.0	0.0	0.0	0.0	0.0	0.0	0.0	0.0	0.0	0.0	0.0	0.0	0.0	0.0	0.00756487	0.0	0.0	0.0	0.0	0.00756487	0.0	0.0	0.0	0.00756487	0.0	0.0	0.0	0.0	0.0	0.0	0.0	0.00756487	0.0	0.0	0.0	0.00756487	0.0	0.0	0.0	0.00756487	0.0	0.0	0.0	0.0	0.0	0.0	0.0	0.0	0.0	0.0	0.0	0.0	0.0	0.0151297	0.0	0.0	0.0	0.00756487	0.0	0.0	0.0	0.0	0.0	0.0	0.0	0.0	0.0	0.0	0.0	0.0	0.0	0.0	0.0	0.0	0.0	0.0	0.0	0.0	0.0	0.0	0.0	0.00756487	0.0	0.00756487	0.00756487	0.0	0.0	0.0	0.00756487	0.0605189	0.00756487	0.0	0.0	0.0	0.0	0.00756487	0.0	0.0151297	0.0	0.0	0.0	0.0	0.0	0.0	0.0	0.0151297	0.0	0.0	0.0	0.0
Sor-ACeb_021-Ex1-4G-lcwgs-1-3-L3-fastp	0.051773200000000005	0.0	0.0	0.0	0.0	0.0	0.0	0.0	0.0	0.0	0.0	0.025886600000000003	0.103546	0.0	0.0	0.0	0.0	0.0	0.025886600000000003	0.0	0.0	0.0	0.0	0.051773200000000005	0.0	0.0	0.0	0.051773200000000005	0.0	0.0	0.0	0.103546	0.0	0.0	0.0	0.0	0.0	0.0	0.258866	0.0	0.0	0.0	0.0	0.0	0.0776598	0.025886600000000003	0.051773200000000005	0.0	0.0	0.0	0.0	0.0	0.0	0.0	0.0	0.0	0.025886600000000003	0.0	0.051773200000000005	0.0	0.0	0.0	0.0	0.0	0.0	0.0	0.0	0.0	0.0	0.0	0.0	0.051773200000000005	0.0	0.0	0.0	0.0	0.0	0.0776598	0.0	0.0	0.0	0.0	0.0	0.0	0.0	0.0	0.15532	0.051773200000000005	0.0	0.0	0.0	0.0	0.0	0.0	0.051773200000000005	0.0	0.0	0.0	0.0	0.0	0.0	0.0	0.0	0.025886600000000003	0.0	0.0	0.0	0.0	0.0	0.0	0.0	0.0	0.0	0.025886600000000003	0.0	0.0	0.0	0.0	0.0	0.0	0.0	0.0	0.0	0.0	0.025886600000000003	0.051773200000000005	0.0	0.0	0.0	0.0	0.0	0.0	0.0	0.025886600000000003	0.103546	0.0	0.0	0.0	0.0	0.103546	0.0	0.0	0.051773200000000005	0.0	0.0	0.0	0.0776598	0.025886600000000003	0.0	0.284753
Sor-ACeb_022-Ex1-5G-lcwgs-1-3-L2-fastp	0.0718838	0.123868	0.000886839	6.975139999999999e-05	0.000886839	0.00282991	9.964480000000001e-06	7.97159e-05	0.00788191	0.00751322	0.0016840000000000002	0.0	0.0	0.0	0.00501214	0.000239148	0.000139503	0.00239148	0.00238151	0.0	0.0008968040000000001	0.0035772499999999997	0.000687549	0.0	0.000179361	0.0	0.00037865	0.000637727	9.964480000000001e-06	0.013013599999999998	0.010373	8.968040000000001e-05	6.975139999999999e-05	0.00633741	3.98579e-05	0.00218222	0.0032982399999999996	0.000767265	0.0019331099999999998	9.964480000000001e-06	0.0	0.000338792	0.000129538	0.00015943200000000001	0.00139503	0.000976519	3.98579e-05	0.0013153099999999999	0.000269041	6.975139999999999e-05	0.00019929	0.00020925400000000003	0.000597869	1.9929000000000002e-05	0.00656659	9.964480000000001e-06	0.000279006	0.000249112	0.00331817	0.00554025	0.0010263400000000002	0.0008968040000000001	0.0012356	0.00241141	0.000328828	0.000269041	0.000428473	0.00187332	0.000308899	0.006935279999999999	0.0032783200000000004	0.00101638	0.000249112	6.975139999999999e-05	0.0008768749999999999	0.00617798	0.00010960899999999999	0.000279006	0.00405554	0.00674596	0.0033680000000000003	0.0036171099999999998	5.97869e-05	0.00028897	0.000119574	0.00186336	0.00021921900000000002	0.00048825999999999996	0.0	0.0	0.00127545	0.000637727	0.000797159	0.00925701	6.975139999999999e-05	0.0007772300000000001	0.000757301	0.00267048	0.00147474	3.98579e-05	8.968040000000001e-05	2.98935e-05	0.000129538	0.00238151	0.0010562400000000002	0.0014647800000000002	0.00427476	0.00047829499999999995	0.000528118	9.964480000000001e-06	0.00038861500000000003	0.00283988	0.0	9.964480000000001e-06	9.964480000000001e-06	0.0020526800000000003	0.00338792	0.000149467	0.00020925400000000003	0.00010960899999999999	0.00028897	0.00631748	0.00730397	0.00833031	0.0072342199999999995	0.0008370169999999999	0.0	0.00117581	0.00259077	0.0876376	0.00886839	0.00484274	0.0032085600000000005	0.000797159	0.00127545	0.009366610000000001	0.0014647800000000002	0.011459200000000001	0.0008071230000000001	4.98224e-05	0.00025907699999999997	0.000149467	0.00021921900000000002	0.000458366	0.000697514	0.00965558	0.005331000000000001	0.000189325	0.000139503	0.00019929
Sor-ACeb_022-Ex1-5G-lcwgs-1-3-L3-fastp	0.0527908	0.00461109	0.000797594	0.00127117	0.0	0.0	0.00376365	0.0073154399999999994	0.00162011	0.0	0.000897294	0.088209	0.0771049	0.000224323	0.000162011	0.0	0.002156	0.00169489	0.0434066	0.000274173	0.00181951	0.00113408	2.49248e-05	0.0376739	0.000785132	0.000224323	0.0039505799999999995	0.0436808	0.000486034	0.0008349820000000001	0.00366395	0.0864767	0.000822519	2.49248e-05	0.000573271	0.0	0.0005358839999999999	0.00346455	0.18044300000000002	0.000884831	6.23121e-05	0.0	6.23121e-05	0.000747745	0.08781019999999999	0.0454006	0.0442166	0.0016450400000000002	3.73872e-05	0.00011216199999999999	0.0008599059999999999	0.000959606	3.73872e-05	0.00105931	0.00143318	1.24624e-05	0.0444908	0.0022930800000000003	0.0885205	0.00026171100000000003	0.000785132	0.001159	0.00041126000000000004	0.0015951899999999998	3.73872e-05	0.000236786	0.00077267	2.49248e-05	0.00018693600000000001	3.73872e-05	0.000822519	0.0889318	0.00105931	0.00292867	0.0015951899999999998	0.00029909800000000003	0.008786	0.0448398	0.00234293	0.00244263	0.00123378	0.000224323	0.00198152	0.0040627499999999995	4.98496e-05	0.00418737	0.131915	0.0437057	0.00503481	0.0022432299999999997	0.0030657500000000003	0.0012587	0.000398797	0.00277912	0.0449021	0.000797594	0.0	0.0	0.00014954900000000001	0.00190675	0.0013085500000000001	6.23121e-05	0.00219338	0.00176966	0.0442166	0.0	0.0014581	0.00261711	0.00327761	0.00350194	2.49248e-05	0.000685433	2.49248e-05	0.0428582	0.00274173	0.0074276	8.72369e-05	0.00012462400000000002	0.00256726	0.00178212	0.00148303	0.00129609	0.000386335	6.23121e-05	0.0388329	0.0436434	0.00011216199999999999	0.000162011	0.0016325799999999998	0.00109669	0.0004984960000000001	0.00120885	0.0	0.0853426	0.0467465	0.0006231209999999999	0.0022930800000000003	0.00077267	0.00211861	0.0937423	0.0	0.00139579	0.043768	0.00129609	0.00018693600000000001	0.000760207	0.08842080000000001	0.0415123	0.00072282	0.18390800000000002
