Sample	1	2	3	4	5	6	7	8	9	10	11	12	13	14	15	16	17	18	19	20	21	22	23	24	25	26	27	28	29	30	31	32	33	34	35	36	37	38	39	40	41	42	43	44	45	46	47	48	49	50	51	52	53	54	55	56	57	58	59	60	61	62	63	64	65	66	67	68	69	70	71	72	73	74	75	76	77	78	79	80	81	82	83	84	85	86	87	88	89	90	91	92	93	94	95	96	97	98	99	100	101	102	103	104	105	106	107	108	109	110	111	112	113	114	115	116	117	118	119	120	121	122	123	124	125	126	127	128	129	130	131	132	133	134	135	136	137	138	139	140	141	142	143	144	145	146	147	148	149	150
Sor-ACeb_001-Ex1-8E-lcwgs-1-3-L2-fastp	0.0723188	0.12221800000000001	0.00100536	3.3512e-05	6.70239e-05	0.000804287	0.0	0.0	0.00663537	0.00603215	0.0007372629999999999	0.0	0.0	0.0	0.0035522699999999997	3.3512e-05	0.0	0.00120643	0.000804287	0.0	0.0007372629999999999	0.00298256	0.000134048	0.0	0.0	0.0	0.0	0.0	0.0	0.011930300000000001	0.006702389999999999	0.0	0.00010053600000000001	0.00335156	0.0	0.00184401	0.00147558	6.70931e-05	0.000268474	0.0	0.0	0.0	0.0	0.0	6.744220000000001e-05	0.00010131099999999999	0.0	0.0	6.796470000000001e-05	0.0	0.0	0.0	0.0	0.0	0.00268012	0.0	0.0	0.0	0.00225496	0.00350265	0.00021875600000000002	7.36758e-05	0.000149023	0.000603397	0.0	3.87441e-05	0.0	0.0	0.0	0.0059088000000000005	0.000294536	4.28899e-05	0.0	0.0	0.000319503	0.00546004	0.0	0.0	0.00065146	0.00405956	0.00226721	0.000812115	0.0	0.0	0.0	0.0	0.0	0.0	0.0	0.0	0.00014146	0.000146164	0.0	0.00570564	0.0	0.0	0.0	0.000269507	0.0	0.0	0.0	0.0	0.0	0.00134172	0.0	0.0	0.00175445	0.0	0.0	0.0	0.00014604899999999998	0.0	0.0	0.0	0.0	0.0	0.0009229199999999999	0.0	0.0	0.0	0.000215998	0.00606401	0.00257015	0.00486041	0.007578949999999999	0.0	0.0	0.0	0.0	0.07999730000000001	0.00541238	0.0019840400000000003	0.0013727799999999999	0.0	0.000370206	0.00884003	0.0	0.00455966	0.00043071099999999996	0.0	0.0	0.0	0.0	0.0	0.0	0.00734957	0.00411854	0.0	0.0	0.0
Sor-ACeb_001-Ex1-8E-lcwgs-1-3-L3-fastp	0.0468788	0.00470484	0.000678175	0.0015682799999999998	0.0	0.0	0.00275509	0.00593403	0.0015682799999999998	0.0	0.0	0.0846023	0.07654899999999999	0.0	0.0	0.0	0.000720561	0.000508631	0.043021699999999996	4.2385900000000004e-05	0.000296702	0.000847719	0.0	0.033824	8.47719e-05	0.0	0.00288224	0.0438694	0.0	0.0	0.00152589	0.0853653	4.2385900000000004e-05	0.0	0.0	0.0	0.000254475	0.00241817	0.180572	8.491e-05	4.24767e-05	0.0	0.0	0.0	0.0880577	0.0418701	0.0430045	8.56579e-05	0.0	0.0	0.0	0.0	0.0	0.000305717	0.00017558	0.0	0.0418915	0.00174455	0.0868563	0.0	4.58685e-05	0.000277971	0.0	0.0	0.0	4.8637099999999996e-05	0.0	0.0	5.0883699999999995e-05	0.0	0.0	0.0897429	0.00114946	0.000558556	0.000228174	0.0	0.00614122	0.0461361	0.00112539	0.00237094	0.0	0.0	0.000277072	0.000355995	0.0	0.00173281	0.129754	0.045080100000000005	0.00271928	0.00110519	0.00219411	0.0	0.0	0.00290615	0.0421934	0.0	0.0	0.0	0.0	0.0	0.0	0.0	0.00160159	0.000415635	0.0437454	0.0	0.0	0.000322728	0.00100614	0.0019172	0.0	0.0	0.0	0.039582099999999995	0.000424672	0.0044171900000000005	0.0	0.0	0.0	0.000258717	0.0	0.0	0.0	0.0	0.0369166	0.0446352	0.0	0.0	0.0	0.0	0.0	0.0	0.0	0.0912019	0.0462496	0.0	0.00454683	0.0	0.0	0.09286	0.0	0.0	0.039994800000000004	0.0	0.0	0.0	0.06737320000000001	0.0481604	0.0	0.0
Sor-ACeb_002-Ex1-9E-lcwgs-1-3-L2-fastp	0.0686197	0.11825	0.000984115	0.0	2.23663e-05	0.000939383	0.0	0.0	0.0072914	0.00496531	0.000603889	0.0	0.0	0.0	0.00328784	0.0	0.0	0.0008051849999999999	0.0008051849999999999	0.0	0.000984115	0.0038022599999999996	0.00017893	0.0	0.0	0.0	0.0	0.0	0.0	0.011898800000000001	0.00666514	0.0	8.9465e-05	0.00331078	0.0	0.00152199	0.00120908	2.24003e-05	0.000358597	0.0	0.0	0.0	0.0	0.0	6.76947e-05	0.000158271	0.0	4.54502e-05	2.2796499999999998e-05	0.0	0.0	0.0	0.0	0.0	0.00352017	0.0	0.0	0.0	0.00205777	0.00303025	9.87273e-05	7.48397e-05	0.000201871	0.000434211	0.0	2.6224899999999997e-05	0.0	0.0	0.0	0.00613224	0.000595348	0.0	0.0	0.0	0.000152502	0.0041674	0.0	0.0	0.0005953250000000001	0.00422351	0.00265885	0.000776761	0.0	0.0	0.0	0.0	0.0	0.0	0.0	0.0	8.774649999999999e-05	0.000315119	0.0	0.00498349	9.752059999999999e-05	0.0	0.0	0.000264825	0.0	5.60392e-05	0.0	0.0	0.0	0.0008171109999999999	0.0	0.0	0.00144128	0.0	0.0	0.0	7.72873e-05	0.0	0.0	0.0	0.0	0.0	0.0005558490000000001	0.0	0.0	0.0	0.0	0.00431457	0.00111187	0.00286476	0.00495967	0.0	0.0	0.0	0.00026651	0.0866546	0.00608645	0.0016044899999999999	0.00135249	0.0	0.00015950800000000002	0.006571489999999999	0.0	0.0057534100000000005	0.000179588	0.0	0.0	0.0	0.0	0.0	0.0	0.00487034	0.00433087	0.0	0.0	0.0
Sor-ACeb_002-Ex1-9E-lcwgs-1-3-L3-fastp	0.0490443	0.0036936	0.000527657	0.0013608000000000001	0.0	0.0	0.00263829	0.00683177	0.00108309	0.0	2.7771400000000003e-05	0.0880076	0.0780932	5.5542800000000006e-05	0.0	0.0	0.000638743	0.000333257	0.0422403	0.0	0.00019439999999999998	0.0007775999999999999	0.0	0.0364916	0.0	0.0	0.00216617	0.0430179	0.0	0.0	0.0016940599999999998	0.0876744	0.000138857	0.0	0.0	0.0	0.000138989	0.00186317	0.182788	5.56765e-05	2.7857900000000003e-05	0.0	2.7911999999999996e-05	8.384480000000001e-05	0.0888182	0.042373999999999995	0.0434209	0.00022541100000000001	0.0	0.0	0.00022767300000000001	2.85795e-05	0.0	0.00017320999999999998	0.000145181	2.9223600000000003e-05	0.0433527	0.00109726	0.0875281	0.0	0.0	0.00021540800000000002	0.0	0.0	0.0	3.22676e-05	0.0	0.0	0.0	0.0	0.0	0.0865717	0.000719628	0.000659348	3.73053e-05	0.0	0.006782129999999999	0.0446294	0.00044367999999999995	0.0011939000000000001	0.0	0.0	0.000219561	0.000359218	0.0	0.000940089	0.12978099999999998	0.042476	0.0018168099999999999	0.000982464	0.00270311	0.0	0.0	0.00246049	0.0429457	0.0	0.0	0.0	0.0	0.0	0.0	0.0	0.00131649	0.000451329	0.044117	0.0	0.0	0.0007593950000000001	0.0009552699999999999	0.000715309	0.0	0.0	0.0	0.0424217	0.000724697	0.005226870000000001	0.0	0.0	0.000349951	0.00012018300000000001	0.000247575	0.0	0.0	0.0	0.0383578	0.0423872	0.0	0.0	0.0	0.0	0.000499513	0.0	0.0	0.0902602	0.0415236	0.0	0.00138719	0.0	0.000210122	0.09150989999999999	0.0	0.000229839	0.0470851	0.000729989	0.0	0.0	0.0890904	0.0422735	0.000281047	0.0
Sor-ACeb_003-Ex1-10E-lcwgs-1-3-L2-fastp	0.0693609	0.11898399999999999	0.000770382	2.6564900000000004e-05	5.312980000000001e-05	0.000943054	0.0	0.0	0.00722565	0.00555206	0.00102275	0.0	0.0	0.0	0.00326748	1.32824e-05	0.0	0.000969619	0.0010891599999999998	0.0	0.000796947	0.00304168	0.000305496	0.0	0.0	0.0	0.0	3.98473e-05	0.0	0.0118081	0.00714596	0.0	0.0	0.00374936	0.0	0.0017867699999999998	0.0014562800000000001	9.37397e-05	0.000349118	0.0	0.0	0.0	0.0	0.0	0.000110358	0.00016663799999999999	1.39877e-05	4.23002e-05	1.4222899999999999e-05	0.0	0.0	0.0	0.0	0.0	0.0030799900000000003	0.0	0.0	0.0	0.00240468	0.00322655	5.0597800000000005e-05	0.00010325300000000001	8.788800000000001e-05	0.000431319	1.83882e-05	0.0	0.0	0.0	0.0	0.00552523	0.000366053	6.65245e-05	0.0	0.0	7.298029999999999e-05	0.00401945	0.0	0.0	0.000750344	0.00400034	0.0029522800000000003	0.00139138	0.0	0.0	0.0	0.0	0.0	0.0	0.0	0.0	0.00013248899999999998	0.000461147	0.0	0.0054422	0.000105414	0.0	0.0	0.000545456	0.0	6.67078e-05	0.0	0.0	0.0	0.000733135	0.0	0.0	0.00114225	0.00010034	0.0	0.0	0.0	0.0	0.0	0.0	0.0	0.0	0.000653871	0.0	0.0	0.0	0.0	0.00625666	0.00296613	0.00434339	0.006128420000000001	0.0	0.0	0.0	0.0	0.0868258	0.00499827	0.0033989999999999997	0.00039891700000000004	0.000421699	0.00133783	0.00565161	0.0	0.00735681	0.0	0.0	0.0	0.0	0.0	0.0	0.0	0.0048999199999999994	0.00259083	0.0	0.0	0.0
Sor-ACeb_003-Ex1-10E-lcwgs-1-3-L3-fastp	0.0467917	0.0039102600000000005	0.000410742	0.00111722	0.0	0.0	0.00272733	0.0062761299999999996	0.00116651	0.0	4.9289e-05	0.08518780000000001	0.0720277	3.28593e-05	0.0	0.0	0.0008050539999999999	0.000410742	0.0428322	1.64297e-05	0.000345023	0.00100221	0.0	0.0348966	3.28593e-05	1.64297e-05	0.00259589	0.0429143	0.0	0.000131437	0.00226729	0.0857957	6.57187e-05	0.0	3.29274e-05	0.0	0.00039643	0.0018043700000000002	0.181736	6.65767e-05	1.67007e-05	0.0	0.0	5.07705e-05	0.0889394	0.0421073	0.042603	5.21102e-05	0.0	0.0	0.00010705899999999999	1.80319e-05	0.0	0.00022153600000000001	0.000149629	7.58599e-05	0.0432285	0.0015054	0.08544349999999999	0.0	2.0602199999999997e-05	0.00044113700000000003	0.0	2.19006e-05	2.23912e-05	0.00011460300000000001	0.0	0.0	2.47022e-05	0.0	0.0	0.0879616	0.000690965	0.00088297	0.000117507	0.0	0.0066684	0.0452652	0.0009032990000000001	0.0020771099999999996	0.0	0.0	0.000384912	0.000479287	0.0	0.00180953	0.130821	0.042404	0.00232826	0.0009097939999999999	0.00268818	0.0	0.0	0.00246037	0.0461757	0.0	0.0	0.0	0.0	0.00015823900000000001	0.0	0.0	0.0014660200000000002	0.00057811	0.0463909	0.0	0.0	0.00047282800000000006	0.0016187900000000002	0.00131248	0.0	0.0	0.0	0.0438953	0.000514824	0.00453251	0.0	0.0	0.0	0.000226012	0.00023881399999999998	0.0	0.0	0.0	0.0420468	0.0397266	0.0	0.0	0.0	0.0	0.0	0.0	0.0	0.0904712	0.043394	0.0	0.00172917	0.0	0.0	0.092174	0.0	0.000754922	0.044565799999999996	0.0	0.0008822620000000001	0.0	0.0824791	0.0403961	0.0	0.0
Sor-ACeb_004-Ex1-11E-lcwgs-1-3-L2-fastp	0.07071090000000001	0.119205	0.000846837	3.96955e-05	1.98477e-05	0.0009129959999999999	0.0	0.0	0.00717826	0.00492885	0.0008732999999999999	0.0	0.0	0.0	0.00349982	1.98477e-05	0.0	0.0009129959999999999	0.0006814389999999999	0.0	0.0009063799999999999	0.00324841	0.00020509300000000002	0.0	0.0	0.0	0.0	1.98477e-05	0.0	0.0116837	0.006821	6.6159099999999995e-06	5.9543199999999996e-05	0.00334904	0.0	0.00165672	0.0012269899999999999	5.9751300000000005e-05	0.000299118	0.0	0.0	0.0	0.0	0.0	0.000148152	0.00012164399999999999	6.785059999999999e-06	0.0	2.05481e-05	0.0	0.0	0.0	0.0	0.0	0.0032243499999999995	0.0	2.91731e-05	0.0	0.00216398	0.0031207900000000005	8.42408e-05	0.000139824	0.000134061	0.000328528	1.62979e-05	1.65888e-05	0.0	8.616450000000001e-06	0.0	0.00578343	0.000367146	4.6951e-05	0.0	0.0	0.000151438	0.00408036	0.0	0.0	0.000606063	0.00438531	0.00267195	0.00106383	0.0	0.0	0.0	0.0	0.0	0.0	0.0	0.0	3.26671e-05	0.000270698	0.0	0.00470894	7.54523e-05	0.0	0.0	0.00044351400000000005	0.0	4.56388e-05	0.0	0.0	0.0	0.000829244	0.0	2.90156e-05	0.0016025999999999998	3.15059e-05	0.0	0.0	0.000178429	0.0	0.0	0.0	0.0	0.0	0.000782103	0.0	0.0	0.0	0.0	0.00449826	0.00231796	0.0042802100000000004	0.00589039	0.0	0.0	0.0	0.00030711000000000003	0.0820023	0.0042599199999999995	0.0036577	0.0006357719999999999	0.0	0.0008879049999999999	0.006582009999999999	0.0	0.00569366	0.0	0.0	0.0	0.0	0.000136997	0.0	0.0	0.00695212	0.0032162600000000003	0.0	0.0	0.0
Sor-ACeb_004-Ex1-11E-lcwgs-1-3-L3-fastp	0.0486289	0.00392585	0.000589686	0.00103397	0.0	0.0	0.00281918	0.00610689	0.000920879	0.0	0.000105013	0.0864657	0.0740743	5.6545199999999995e-05	0.0	0.0	0.0008320230000000001	0.000371583	0.0436045	0.0	0.00025849200000000003	0.00101781	0.0	0.036714000000000004	4.8467299999999996e-05	0.0	0.00241529	0.0438064	0.0	1.61558e-05	0.00205178	0.08631230000000001	7.270100000000001e-05	0.0	0.0	0.0	0.000259082	0.00204214	0.180224	5.6862699999999993e-05	2.4406900000000002e-05	0.0	0.0	2.45631e-05	0.0883032	0.0441401	0.0435462	9.96536e-05	0.0	0.0	0.000168736	1.69825e-05	0.0	0.00021545400000000001	0.00016513200000000002	2.63126e-05	0.0432976	0.0012892	0.0878677	0.0	1.85684e-05	0.000301183	0.0	0.0	9.85699e-06	0.00010026900000000001	2.04186e-05	0.0	1.06096e-05	2.16591e-05	0.0	0.087155	0.000751999	0.000923812	8.49261e-05	0.0	0.0065448400000000006	0.0442133	0.0008338900000000001	0.0015758400000000002	2.8421500000000002e-05	0.0	0.00046666899999999996	0.00034109799999999997	0.0	0.00196141	0.131314	0.0447687	0.00248613	0.00127576	0.00260007	0.0	0.0	0.00249936	0.0452158	0.0	0.0	0.0	2.59223e-05	0.0	0.0	0.0	0.00130229	0.000661713	0.0442786	0.0	3.55577e-05	0.000703548	0.00123451	0.00144685	0.0	0.0	0.0	0.0439576	0.000544543	0.00480193	5.3878699999999996e-05	0.0	0.0	0.000122306	6.37933e-05	0.0	0.0	0.0	0.0377857	0.0445477	0.0	0.0	0.0	0.0	0.0	0.0	0.0	0.0846558	0.0481836	0.0	0.00211642	0.0	0.00013504	0.0882039	0.0	0.000152786	0.0416645	0.000496316	0.0	0.000179221	0.0815863	0.0410992	0.000404426	0.0
Sor-ACeb_005-Ex1-12E-lcwgs-1-3-L2-fastp	0.0713067	0.11510400000000001	0.0008562379999999999	0.0	9.95625e-06	0.000677025	0.0	0.0	0.007039070000000001	0.00453009	0.000736763	0.0	0.0	0.0	0.00316609	9.95625e-06	0.0	0.000627244	0.000527681	0.0	0.000617288	0.00301674	0.000169256	0.0	0.0	0.0	0.0	9.95625e-06	0.0	0.0120272	0.00658108	1.99125e-05	4.97813e-05	0.00260873	0.0	0.00142417	0.00114548	3.98508e-05	0.000139511	0.0	0.0	0.0	0.0	0.0	8.00005e-05	0.000110127	1.00259e-05	0.0	0.0	0.0	0.0	0.0	0.0	0.0	0.00251397	0.0	3.10981e-05	0.0	0.00185752	0.0029697300000000003	5.32457e-05	4.29439e-05	7.5815e-05	0.00019679	1.10439e-05	1.11618e-05	0.0	0.0	0.0	0.0056161	0.000249655	0.0	0.0	0.0	0.000189495	0.00396785	0.0	0.0	0.000324436	0.00469316	0.00221464	0.000785359	0.0	0.0	0.0	0.0	0.0	0.0	0.0	0.0	0.0	0.00022550800000000002	0.0	0.00447967	0.0	0.0	0.0	0.000371988	0.0	0.0	0.0	0.0	0.0	0.000705495	0.0	6.872579999999999e-05	0.00119054	7.134289999999999e-05	0.0	0.0	0.0001508	5.11975e-05	0.0	0.0	0.0	0.0	0.00047547700000000003	0.0	0.0	0.0	0.0	0.0045061	0.0015167800000000001	0.00421735	0.00540611	0.0	0.0	0.0	0.000170491	0.07870289999999999	0.0043273899999999995	0.00225177	0.000653586	0.0	0.000449592	0.0065845800000000005	0.0	0.0053406799999999996	0.000119649	0.0	4.11355e-05	0.0	0.0	0.0	0.0	0.005880450000000001	0.00280644	0.0	0.0	0.0
Sor-ACeb_005-Ex1-12E-lcwgs-1-3-L3-fastp	0.048387099999999995	0.00369106	0.000611103	0.00109998	0.0	0.0	0.00262774	0.00611103	0.00106332	0.0	2.4444100000000002e-05	0.0872043	0.07640000000000001	3.66662e-05	0.0	0.0	0.000501104	7.33323e-05	0.043205	0.0	0.000122221	0.000708879	0.0	0.0374239	0.0	0.0	0.00219997	0.0436327	0.0	7.33323e-05	0.00130776	0.0852488	2.4444100000000002e-05	0.0	0.0	0.0	0.000110041	0.0016631200000000001	0.178093	2.4469899999999998e-05	2.44783e-05	0.0	0.0	0.0	0.0882865	0.0424031	0.0439221	3.69551e-05	0.0	0.0	3.7187699999999996e-05	1.24312e-05	0.0	0.00020026699999999999	7.540759999999999e-05	0.0	0.0440784	0.00110993	0.0865388	0.0	2.6021700000000002e-05	0.000144228	1.3220699999999999e-05	0.0	1.3467500000000001e-05	1.3603899999999999e-05	2.75026e-05	0.0	1.40756e-05	1.42536e-05	0.0	0.08674140000000001	0.0005495200000000001	0.000527529	0.000198924	0.0	0.006775079999999999	0.0437614	0.000538779	0.00157779	0.0	0.0	0.00024516399999999997	0.000392267	0.0	0.00142427	0.131409	0.0437205	0.00217196	0.00107686	0.0024595	0.0	0.0	0.00282125	0.0425508	0.0	0.0	0.0	2.37059e-05	0.0	0.0	0.0	0.00125278	0.00078124	0.0435769	0.0	2.7509800000000002e-05	0.0007281599999999999	0.0010550199999999998	0.000754592	0.0	0.0	0.0	0.0439468	0.000347982	0.00437532	0.0	0.0	0.000169076	0.00010312599999999999	0.0	3.54972e-05	0.0	0.0	0.0391529	0.0446471	0.0	0.0	0.0	0.0	0.00016309999999999998	0.0	0.0	0.086031	0.041668500000000004	0.0	0.00129419	4.52959e-05	4.59698e-05	0.09050720000000001	0.0	0.00019245700000000002	0.0426895	0.000594811	5.03308e-05	0.000153415	0.0855435	0.0428568	0.000267928	0.0
Sor-ACeb_006-Ex1-1F-lcwgs-1-3-L2-fastp	0.0712483	0.119048	0.000820788	2.24873e-05	2.52983e-05	0.000854519	0.0	0.0	0.00724936	0.0052086300000000006	0.000910737	0.0	0.0	0.0	0.00346586	5.62184e-06	5.62184e-06	0.0009557120000000001	0.000806733	0.0	0.00067462	0.00305266	0.00018833100000000002	0.0	0.0	0.0	0.0	2.81092e-05	0.0	0.0121122	0.00688675	2.81092e-06	6.7462e-05	0.00344946	0.0	0.0017999399999999999	0.0013109600000000001	3.37701e-05	0.00027309299999999997	0.0	0.0	0.0	0.0	0.0	0.00010763200000000002	0.000113521	1.13788e-05	1.42634e-05	3.43439e-05	2.87285e-06	2.88543e-06	2.8998899999999997e-06	0.0	0.0	0.00314477	0.0	2.7041600000000002e-05	0.0	0.00214815	0.00328174	9.09598e-05	0.000117568	0.00011600300000000001	0.000382677	3.3233100000000003e-06	3.0419e-05	0.0	0.0	3.57684e-06	0.00587572	0.00039553099999999996	3.81638e-05	3.90658e-06	0.0	0.000192825	0.00430994	0.0	0.0	0.000652295	0.00452732	0.00210991	0.00090977	0.0	0.0	0.0	0.0	0.0	1.7996100000000002e-05	0.0	0.0	7.96916e-05	0.00025446	0.0	0.00522242	9.961530000000001e-05	0.0	0.0	0.0005059499999999999	0.0	3.7052600000000005e-05	0.0	0.0	0.0	0.0010196200000000002	0.0	4.70502e-05	0.00139677	2.55332e-05	0.0	0.0	0.00011562000000000001	3.01345e-05	0.0	0.0	0.0	0.0	0.000706076	0.0	0.0	0.0	0.0	0.00428863	0.00203366	0.0039193200000000004	0.00499842	2.71511e-05	0.0	0.0	0.000184592	0.0815827	0.00518026	0.00181044	0.000870101	3.77514e-05	0.000432374	0.00592961	0.0	0.00464883	0.000184265	0.0	4.980770000000001e-05	0.0	0.0	0.0	0.0	0.00586067	0.00257275	0.0	0.0	0.0
Sor-ACeb_006-Ex1-1F-lcwgs-1-3-L3-fastp	0.0477956	0.00355421	0.0006343210000000001	0.00108741	0.0	0.0	0.0027118100000000003	0.00596396	0.0009732969999999999	0.0	3.3562e-05	0.08602939999999999	0.0742894	3.0205799999999998e-05	0.0	0.0	0.000587334	0.000271852	0.043654	0.0	0.000245002	0.000906173	0.0	0.0373108	1.6781e-05	1.00686e-05	0.00223858	0.0437044	3.3562e-06	4.02744e-05	0.00182913	0.085781	7.38363e-05	0.0	1.00713e-05	0.0	0.000214951	0.00197549	0.178794	2.35383e-05	4.71055e-05	0.0	0.0	5.73677e-05	0.0895396	0.042951699999999995	0.0433012	7.82496e-05	0.0	3.42488e-06	0.00012724900000000001	1.7277500000000002e-05	0.0	0.00017825799999999999	0.000161872	3.54536e-05	0.043262999999999996	0.00158721	0.0882637	0.0	2.6076400000000003e-05	0.00021501099999999998	3.8232e-06	3.8786500000000005e-06	3.9390700000000006e-06	0.000104105	1.62973e-05	0.0	2.11519e-05	1.29497e-05	0.0	0.0885679	0.0007974379999999999	0.00080689	0.000130523	0.0	0.006502829999999999	0.0440486	0.000659365	0.0019669699999999997	1.69985e-05	0.0	0.00042024099999999996	0.000241211	0.0	0.00180179	0.131267	0.042889000000000004	0.00224401	0.00127226	0.00255479	0.0	0.0	0.00242377	0.045297399999999995	0.0	0.0	0.0	0.0	2.1466299999999998e-05	0.0	0.0	0.00131416	0.0007900560000000001	0.0447824	0.0	4.24177e-05	0.000559453	0.00110392	0.00119795	0.0	0.0	0.0	0.0414332	0.000471199	0.004256579999999999	6.40027e-05	0.0	4.63832e-05	0.000120874	2.52064e-05	0.0	0.0	0.0	0.0398004	0.0459608	0.0	0.0	0.0	0.0	0.00011450499999999999	0.0	0.0	0.0844347	0.0470181	0.0	0.00145646	0.0	0.000157487	0.08830199999999999	0.0	0.00023612099999999997	0.0418862	0.000700701	0.0	6.874e-05	0.0840756	0.0422524	0.000307638	0.0
Sor-ACeb_007-Ex1-2F-lcwgs-1-3-L2-fastp	0.0706514	0.118968	0.000744482	0.000148896	0.0	0.00111672	0.0	0.0	0.00722148	0.0051369300000000005	0.00044668899999999995	0.0	0.0	0.0	0.00372241	0.0	0.0	0.00134007	0.000670034	0.0	0.00134007	0.00297793	0.000223345	0.0	0.0	0.0	0.0	0.0	0.0	0.0111672	0.006179199999999999	0.0	0.0	0.0031278800000000004	0.0	0.0015653000000000002	0.00134248	7.463990000000001e-05	0.0	0.0	0.0	0.0	0.0	0.0	0.0	7.578299999999999e-05	0.0	0.0	0.00015354800000000001	0.0	0.0	0.0	0.0	0.0	0.00216659	0.0	0.0	0.0	0.00201553	0.0027245999999999998	0.0	0.0	8.92415e-05	0.00045405799999999997	0.0	0.0	0.0	0.0	0.0	0.00545828	0.000422064	0.0	0.0	0.0	0.000234362	0.00361487	0.0	0.0	0.000657681	0.00515219	0.00265715	0.0007218039999999999	0.0	0.0	0.0	0.0	0.0	0.0	0.0	0.0	0.0	0.000817546	0.0	0.00485049	0.00045838400000000005	0.0	0.0	0.000516374	0.0	0.0	0.0	0.0	0.0	0.0006630879999999999	0.0	0.0	0.000377232	0.0	0.0	0.0	0.0	0.0	0.0	0.0	0.0	0.0	0.0	0.0	0.0	0.0	0.0	0.0021939299999999998	0.000765088	0.0039968700000000005	0.000834509	0.0	0.0	0.0	0.0	0.0717047	0.00216783	0.00338853	0.0	0.0	0.00128159	0.0040047	0.0	0.00435743	0.0	0.0	0.0	0.0	0.0	0.0	0.0	0.0119863	0.00207922	0.0	0.0	0.0
Sor-ACeb_007-Ex1-2F-lcwgs-1-3-L3-fastp	0.049691700000000005	0.00430906	0.000550093	0.0010084999999999998	0.0	0.0	0.0031171899999999997	0.0066011099999999994	0.0015586	0.0	0.0	0.0904903	0.07820490000000001	0.0	0.0	0.0	0.000733457	0.000458411	0.042357099999999995	0.0	0.000275046	0.0008251389999999999	0.0	0.0369479	0.0	0.0	0.00275046	0.0456577	0.0	0.0	0.00220037	0.0858145	9.16821e-05	0.0	0.0	0.0	0.000275512	0.0020219	0.184694	9.20719e-05	0.0	0.0	0.0	0.0	0.087534	0.041481899999999995	0.041627	0.000187851	0.0	0.0	9.542699999999999e-05	0.0	0.0	0.000195149	0.000196893	0.0	0.040484400000000004	0.00101607	0.0847727	0.0	0.00010577000000000001	0.000429631	0.0	0.0	0.0	0.0	0.0	0.0	0.0	0.0	0.0	0.0931781	0.0008099060000000001	0.00124653	0.0	0.0	0.00555793	0.0440484	0.000477502	0.00131172	0.0	0.0	0.000179867	0.0	0.0	0.0019831899999999997	0.132284	0.0477737	0.00263827	0.0015952800000000001	0.00259882	0.0	0.0	0.0031671000000000004	0.045807299999999995	0.0	0.0	0.0	0.0	0.000334494	0.0	0.0	0.00227108	0.0	0.045750400000000004	0.0	0.0	0.0014064	0.00195846	0.00102244	0.0	0.0	0.0	0.044493700000000004	0.0	0.00465785	0.0	0.0	0.0	0.0	0.0	0.0	0.0	0.0	0.0365638	0.0361432	0.0	0.0	0.0	0.0	0.0	0.0	0.0	0.0797494	0.0378908	0.0	0.00329609	0.0	0.0	0.0893056	0.0	0.00201649	0.0335718	0.0	0.0	0.0	0.07358529999999999	0.028076300000000002	0.0	0.0
Sor-ACeb_008-Ex1-3F-lcwgs-1-3-L2-fastp	0.071297	0.12010499999999999	0.000845808	4.3449000000000004e-05	5.7932099999999994e-05	0.00105436	0.0	0.0	0.0071864699999999995	0.00537609	0.00104278	0.0	0.0	0.0	0.00378586	2.31728e-05	5.79321e-06	0.00117023	0.000993535	0.0	0.000808152	0.0033195099999999995	0.000260694	0.0	0.0	0.0	0.0	2.31728e-05	0.0	0.0118529	0.00711985	0.0	7.24151e-05	0.00385697	0.0	0.0018272100000000001	0.0014550799999999999	7.30887e-05	0.000422258	0.0	0.0	0.0	0.0	0.0	0.00018108300000000001	9.725100000000001e-05	6.1250199999999995e-06	2.1617599999999998e-05	4.36302e-05	0.0	0.0	3.21745e-06	0.0	0.0	0.00346742	0.0	4.14081e-05	0.0	0.00219197	0.00332687	9.637279999999999e-05	0.00012859499999999998	8.88488e-05	0.000426484	4.04049e-06	3.3102600000000004e-05	0.0	4.3505e-06	0.0	0.00557492	0.000396282	6.31052e-05	0.0	0.0	0.000175217	0.00423958	0.0	0.0	0.000603434	0.00434874	0.00228498	0.0011625	0.0	0.0	0.0	0.0	0.0	0.0	0.0	0.0	0.000103091	0.00022450800000000003	0.0	0.00519952	4.42978e-05	0.0	0.0	0.00049288	0.0	1.38411e-05	0.0	0.0	0.0	0.00105218	0.0	5.522790000000001e-05	0.00148947	4.0662200000000005e-05	0.0	0.0	7.09555e-05	2.4890499999999998e-05	0.0	0.0	0.0	0.0	0.0005164610000000001	0.0	0.0	0.0	0.0	0.004877	0.0015960800000000002	0.00444329	0.0046863799999999995	0.0	0.0	0.0	0.00018294	0.0820384	0.004745060000000001	0.00257065	0.0008278	0.0	0.00041739300000000006	0.00676698	9.25205e-05	0.004775000000000001	0.0	0.0	0.0	0.0	0.0	0.0	0.0	0.00619907	0.00358413	0.0	0.0	0.0
Sor-ACeb_008-Ex1-3F-lcwgs-1-3-L3-fastp	0.0483521	0.0037592100000000002	0.000542641	0.00127806	0.0	0.0	0.00279174	0.0060618700000000005	0.00105672	0.0	0.0001071	0.0870581	0.0750558	3.57e-05	0.0	0.0	0.0008068210000000001	0.0003927	0.0436826	0.0	0.00034985999999999996	0.000953191	3.57e-06	0.0368674	4.284e-05	7.140009999999999e-06	0.00250257	0.0432042	3.57e-06	7.85401e-05	0.00214914	0.0858729	0.0001071	0.0	3.5786799999999996e-06	0.0	0.000215516	0.0019226199999999999	0.178676	4.34618e-05	3.63487e-05	0.0	3.66698e-06	6.26648e-05	0.0888449	0.0437648	0.0437542	0.000106078	0.0	3.85641e-06	0.00014412099999999998	2.36253e-05	0.0	0.00021782100000000001	0.000159425	2.48777e-05	0.0431208	0.00137688	0.0880514	0.0	3.15553e-05	0.000220624	4.69064e-06	0.0	0.0	0.000120319	1.54038e-05	0.0	3.23927e-05	1.1085299999999999e-05	0.0	0.0880845	0.000728859	0.000880646	0.000172508	0.0	0.00653629	0.044020399999999994	0.000890593	0.00164579	7.73363e-06	0.0	0.000488502	0.000334388	0.0	0.00196229	0.131716	0.0439758	0.00243341	0.00140431	0.00275464	0.0	0.0	0.0026859	0.0445673	1.37302e-05	0.0	0.0	0.0	4.9209099999999996e-05	0.0	0.0	0.0015270799999999999	0.000711825	0.0415325	0.0	0.0	0.000648783	0.0016418799999999999	0.00138137	0.0	0.0	0.0	0.0428657	0.0008936580000000001	0.0040206800000000004	0.0	0.0	0.00012739700000000001	0.000134392	0.0	0.0	0.0	0.0	0.0408356	0.0398311	0.0	0.0	0.0	0.0	0.00024313400000000002	0.0	0.0	0.0871393	0.046349800000000003	0.0	0.00133836	0.0	0.000247957	0.0912514	0.0	0.0	0.0386917	0.000323339	0.0	0.00017981100000000002	0.08615679999999999	0.0393747	0.000427739	0.0
Sor-ACeb_009-Ex1-4F-lcwgs-1-3-L2-fastp	0.0727964	0.11697199999999999	0.0007895490000000001	7.89549e-05	7.89549e-05	0.000868503	0.0	0.0	0.00730332	0.005013630000000001	0.00126328	0.0	0.0	0.0	0.0036714	0.0	0.0	0.00134223	0.000671116	0.0	0.00114485	0.0031581900000000004	0.000276342	0.0	0.0	0.0	0.0	3.9477399999999996e-05	0.0	0.0124354	0.00694803	0.0	7.89549e-05	0.0036812900000000003	0.0	0.00167511	0.00152302	0.00012093	0.00048691599999999994	0.0	0.0	0.0	0.0	0.0	0.000301327	4.36167e-05	0.0	4.48955e-05	4.56093e-05	0.0	0.0	0.0	0.0	0.0	0.00295608	0.0	5.32128e-05	0.0	0.00211761	0.0031394099999999996	0.00011704400000000001	0.00024012399999999998	0.00012326199999999999	0.00044323400000000003	6.50881e-05	6.69592e-05	0.0	0.0	0.0	0.00475919	0.000311878	0.0	0.0	0.0	0.00017810500000000002	0.00516271	0.0	0.0	0.000513006	0.004364	0.0020994	0.00114734	0.0	0.0	0.0	0.0	0.0	0.0	0.0	0.0	0.0	0.0	0.0	0.00412095	0.0	0.0	0.0	0.00022382	0.0	0.0	0.0	0.0	0.0	0.000887306	0.0	0.0	0.000340898	0.0	0.0	0.0	0.0	0.0	0.0	0.0	0.0	0.0	0.0	0.0	0.0	0.0	0.0	0.00426403	0.00298688	0.0031395	0.006592389999999999	0.0	0.0	0.0	0.0	0.0705427	0.00331283	0.0034851300000000003	0.0	0.0	0.0026913199999999997	0.004238840000000001	0.0	0.00311726	0.0	0.0	0.0	0.0	0.0	0.0	0.0	0.00929454	0.00244445	0.0	0.0	0.0
Sor-ACeb_009-Ex1-4F-lcwgs-1-3-L3-fastp	0.048873099999999996	0.0035889500000000005	0.000686124	0.0010027999999999999	0.0	0.0	0.0026389399999999998	0.00649179	0.00105557	0.0	0.00036945099999999997	0.0862405	0.0731513	5.2778700000000003e-05	0.0	0.0	0.000633345	0.000316672	0.0443869	0.0	0.000211115	0.0010027999999999999	0.0	0.0388979	0.00010555699999999999	0.0	0.00274449	0.0442286	0.0	0.00010555699999999999	0.00211115	0.085871	0.00010555699999999999	0.0	0.0	0.0	5.35487e-05	0.0015616200000000001	0.178723	0.00010917099999999999	0.00011004699999999999	0.0	0.0	0.000113337	0.089212	0.046047	0.043733	0.000119395	0.0	0.0	0.00012522099999999999	0.0	0.0	0.000330416	6.73974e-05	6.87847e-05	0.044618899999999996	0.00150817	0.0893198	0.0	7.701129999999999e-05	0.0	0.0	0.0	0.0	0.000263174	0.0	0.0	0.0	0.0	0.0	0.0861184	0.000325418	0.00100846	0.0	0.0	0.006322500000000001	0.043386299999999996	0.0009310700000000001	0.00206812	0.0	0.0	0.00046203499999999996	0.0	0.0	0.0024192199999999997	0.13447299999999998	0.0408061	0.00272787	0.00121774	0.0033847000000000005	0.0	0.0	0.00288205	0.0484225	0.0	0.0	0.0	0.0	0.0	0.0	0.0	0.00108142	0.00113263	0.0423546	0.0	0.00043549999999999996	0.000913864	0.000479704	0.00150949	0.0	0.0	0.0	0.0367438	0.0006438160000000001	0.00406094	0.0	0.0	0.0	0.0	0.0	0.0	0.0	0.0	0.0274775	0.037769399999999995	0.0	0.0	0.0	0.0	0.0	0.0	0.0	0.08787489999999999	0.0469647	0.0	0.00192308	0.0	0.0	0.0802693	0.0	0.0	0.046808	0.0	0.0	0.0	0.0729348	0.0133676	0.0	0.0
Sor-ACeb_010-Ex1-5F-lcwgs-1-3-L2-fastp	0.07116610000000001	0.118932	0.0008088840000000001	3.0318e-05	3.07222e-05	0.0008319260000000001	0.0	0.0	0.0070645	0.00527412	0.000884477	0.0	0.0	0.0	0.0033147700000000003	1.13187e-05	4.0424e-07	0.000890541	0.000745014	0.0	0.000738142	0.00328526	0.000193631	0.0	0.0	0.0	4.0424e-07	2.14247e-05	0.0	0.011765	0.0068102300000000004	8.0848e-07	6.62954e-05	0.00330618	8.0888e-07	0.00186553	0.0013101999999999999	5.83158e-05	0.000260561	0.0	0.0	1.6254000000000001e-06	0.0	0.0	0.000101265	0.000116229	8.20684e-06	1.0701499999999999e-05	3.34569e-05	1.6588299999999999e-06	4.166e-07	4.18741e-07	0.0	0.0	0.0032150699999999996	0.0	2.81998e-05	0.0	0.00203085	0.00319111	8.41233e-05	8.74692e-05	0.000107673	0.00033895100000000004	1.0037100000000001e-05	2.7683799999999997e-05	0.0	1.00583e-06	7.174229999999999e-06	0.0057231999999999995	0.00043998599999999996	3.43211e-05	2.22752e-06	0.0	0.000183702	0.004337140000000001	0.0	0.0	0.000542732	0.00428064	0.00251105	0.00097904	0.0	0.0	0.0	2.3582599999999997e-06	0.0	4.18183e-06	0.0	0.0	7.74753e-05	0.000284287	0.0	0.00471726	4.98088e-05	0.0	0.0	0.0005748989999999999	1.22821e-06	1.91387e-05	0.0	0.0	0.0	0.000971494	0.0	5.1770899999999996e-05	0.00141728	7.72603e-05	0.0	0.0	0.000121355	3.3194899999999996e-05	0.0	0.0	0.0	0.0	0.000544099	0.0	0.0	0.0	1.5237400000000001e-05	0.004838749999999999	0.00191278	0.00377888	0.00540001	1.8890800000000002e-05	0.0	0.0	0.000171794	0.0806778	0.00443567	0.0031823199999999998	0.0007469200000000001	5.296829999999999e-06	0.00042503699999999996	0.00650402	5.992210000000001e-06	0.00523621	4.55077e-05	0.0	2.11476e-05	0.0	1.52834e-05	7.94632e-06	0.0	0.00586734	0.00284476	0.0	0.0	0.0
Sor-ACeb_010-Ex1-5F-lcwgs-1-3-L3-fastp	0.0477915	0.0036504700000000003	0.000585075	0.00113833	0.0	0.0	0.00276283	0.00605197	0.000998299	0.0	5.33667e-05	0.087184	0.0760832	3.4761799999999996e-05	0.0	0.0	0.00071433	0.000281032	0.0435819	2.44801e-06	0.000257531	0.00086219	9.79205e-07	0.0375985	1.95841e-05	2.44801e-06	0.00227567	0.043111000000000003	0.0	5.5325099999999997e-05	0.00182181	0.0866317	7.39299e-05	0.0	2.4491e-06	0.0	0.000203421	0.00192533	0.178903	3.38809e-05	4.8652499999999995e-05	4.9194e-07	1.97018e-06	6.75796e-05	0.0886437	0.0438094	0.043453399999999996	9.26038e-05	0.0	5.01421e-07	0.00011683300000000001	1.2651000000000001e-05	5.088020000000001e-07	0.00024008500000000002	0.000156672	2.49218e-05	0.0435383	0.00145328	0.087595	0.0	2.50597e-05	0.00022825999999999999	5.58492e-07	3.3973e-06	6.89475e-06	0.00010619999999999999	2.31339e-05	0.0	2.7041600000000002e-05	1.37802e-05	0.0	0.08732129999999999	0.000726909	0.0007771879999999999	0.000139371	0.0	0.00664135	0.0443293	0.000744423	0.00177234	6.476469999999999e-06	0.0	0.000419876	0.000281495	0.0	0.00177176	0.13142500000000001	0.043657	0.00234522	0.00114631	0.00258533	0.0	0.0	0.00260963	0.044023599999999996	7.76809e-06	0.0	0.0	2.88801e-06	2.24866e-05	6.2277699999999995e-06	1.61778e-06	0.00138232	0.000727388	0.04358	0.0	2.36481e-05	0.000677161	0.0014363099999999999	0.00137616	0.0	0.0	0.0	0.042597	0.000562069	0.00438414	3.58016e-05	0.0	0.000168858	0.00011180999999999999	3.53491e-05	0.0	0.0	0.0	0.0382649	0.043470999999999996	0.0	4.75949e-06	0.0	0.0	0.000151183	5.628e-06	0.0	0.0863389	0.044733300000000004	1.99016e-05	0.00201095	3.59862e-05	0.00020233799999999999	0.08811669999999999	0.0	0.000211396	0.0455232	0.000621825	4.75395e-05	6.923340000000001e-05	0.0850115	0.0424812	0.000355541	0.0
Sor-ACeb_011-Ex1-6F-lcwgs-1-3-L2-fastp	0.0716981	0.11779799999999999	0.000784575	6.70577e-06	4.4705100000000005e-06	0.00044705099999999996	0.0	0.0	0.00601284	0.00380217	0.000547638	0.0	0.0	0.0	0.00274266	6.70577e-06	0.0	0.000478345	0.00038893500000000003	0.0	0.0006504600000000001	0.00289689	0.000113998	0.0	0.0	0.0	0.0	1.34115e-05	0.0	0.0110712	0.0057602600000000006	0.0	8.717499999999999e-05	0.00244103	0.0	0.00114469	0.000751275	4.24878e-05	0.00010288	0.0	0.0	0.0	0.0	0.0	3.36089e-05	5.60467e-05	4.48681e-06	1.34714e-05	2.6968699999999998e-05	0.0	0.0	2.25607e-06	0.0	0.0	0.002412	0.0	6.84166e-06	0.0	0.00141346	0.00258593	2.0803499999999998e-05	3.48159e-05	2.33154e-05	0.000128856	7.06502e-06	2.8416000000000004e-05	0.0	2.397e-06	2.41274e-06	0.00494905	0.00030589699999999996	1.4794599999999999e-05	4.97057e-06	0.0	0.000189509	0.0034056700000000004	0.0	0.0	0.00029613299999999996	0.0038072799999999997	0.0023218799999999997	0.000512802	0.0	0.0	0.0	0.0	0.0	0.0	0.0	0.0	2.9803e-05	0.000205102	0.0	0.0042783100000000004	4.06924e-05	0.0	0.0	0.000370787	0.0	3.3397100000000003e-06	0.0	0.0	0.0	0.000511307	0.0	2.5384699999999998e-05	0.00126502	4.1031599999999995e-05	0.0	0.0	8.56869e-05	1.97645e-05	0.0	0.0	0.0	0.0	0.000404407	0.0	0.0	0.0	1.35663e-05	0.00428762	0.0015709399999999998	0.0036452000000000003	0.00515784	9.76317e-06	0.0	0.0	0.00014836099999999998	0.07856300000000001	0.00445196	0.0029084199999999997	0.000703166	0.0	0.00038258099999999995	0.00651666	0.0	0.00470383	8.396759999999999e-05	0.0	4.33725e-05	0.0	1.2812799999999999e-05	0.0	0.0	0.00578586	0.00294248	0.0	0.0	0.0
Sor-ACeb_011-Ex1-6F-lcwgs-1-3-L3-fastp	0.0463817	0.0030570600000000003	0.000528349	0.0010856099999999999	0.0	0.0	0.00254974	0.0059984700000000005	0.000799095	0.0	7.8858e-06	0.0877848	0.0779117	1.3143000000000001e-05	0.0	0.0	0.00037589000000000003	0.00019977400000000003	0.043398200000000005	2.6286e-06	0.000139316	0.0007517800000000001	0.0	0.0379596	5.2572e-06	0.0	0.00179533	0.043256300000000004	0.0	2.10288e-05	0.00120653	0.0871197	4.20576e-05	0.0	0.0	0.0	8.67675e-05	0.00179338	0.176299	1.84121e-05	2.10464e-05	0.0	2.6321e-06	2.63301e-05	0.0880161	0.0434638	0.043532299999999996	3.95848e-05	0.0	2.64386e-06	3.97041e-05	1.0602000000000001e-05	0.0	0.000226029	7.7268e-05	5.34049e-06	0.0433449	0.00137419	0.0865874	0.0	1.3551700000000001e-05	8.7062e-05	0.0	0.0	0.0	7.48331e-05	2.22951e-05	0.0	1.4102700000000001e-05	8.51668e-06	0.0	0.0861922	0.00067273	0.000505487	7.36259e-05	0.0	0.00604592	0.043994599999999995	0.000484564	0.00171897	3.10364e-06	0.0	0.000344797	0.000188476	0.0	0.00152879	0.13113999999999998	0.042754	0.00206621	0.0011431500000000001	0.00237055	0.0	0.0	0.00236151	0.0433182	0.0	0.0	0.0	0.0	1.91648e-05	0.0	7.86487e-06	0.00130677	0.000657919	0.0431966	0.0	8.40091e-06	0.000596103	0.00142869	0.00112458	0.0	0.0	0.0	0.043008500000000005	0.0005773569999999999	0.0041471799999999994	3.86396e-05	0.0	0.00013423	9.07799e-05	1.5353700000000002e-05	0.0	0.0	0.0	0.039415	0.043210399999999996	0.0	0.0	0.0	0.0	0.00013660999999999998	6.03159e-06	0.0	0.0868727	0.0432869	0.0	0.00167913	6.60921e-06	8.0546e-05	0.0858222	0.0	0.00023228200000000002	0.0436497	0.00034865899999999997	5.169219999999999e-05	4.5068400000000004e-05	0.085682	0.0425755	0.00029218	0.0
Sor-ACeb_012-Ex1-7F-lcwgs-1-3-L2-fastp	0.07082469999999999	0.119364	0.000816524	2.5921400000000002e-05	4.07336e-05	0.00083504	0.0	0.0	0.0069932300000000005	0.00530278	0.000862813	0.0	0.0	0.0	0.00340496	1.48122e-05	1.85153e-06	0.00089614	0.000816524	0.0	0.000679511	0.00323277	0.000192559	0.0	0.0	0.0	1.85153e-06	2.40699e-05	0.0	0.0113647	0.0069061999999999995	5.55459e-06	8.517030000000001e-05	0.00329491	0.0	0.0018315500000000001	0.00132814	6.125839999999999e-05	0.000256396	0.0	0.0	1.8647499999999998e-06	0.0	0.0	0.000108787	8.83821e-05	3.77203e-06	1.89229e-05	2.6592e-05	3.8149e-06	0.0	1.9267200000000002e-06	0.0	0.0	0.00318486	0.0	2.1970099999999998e-05	0.0	0.00203622	0.0033037300000000004	8.53808e-05	9.489080000000001e-05	8.76227e-05	0.000327373	1.10072e-05	3.3561e-05	0.0	4.6360400000000004e-06	0.0	0.00564162	0.000470259	4.02686e-05	0.0	0.0	0.00019455499999999998	0.0042679599999999995	0.0	0.0	0.000498438	0.00442211	0.00226918	0.0008935939999999999	0.0	0.0	0.0	0.0	0.0	1.18806e-05	0.0	0.0	8.347770000000001e-05	0.000264096	0.0	0.00471423	7.63305e-05	0.0	0.0	0.000542663	5.94027e-06	5.5621e-05	0.0	0.0	0.0	0.0011407099999999999	0.0	3.15853e-05	0.00158073	5.15299e-05	0.0	0.0	0.000175683	1.01878e-05	0.0	0.0	0.0	0.0	0.0005821880000000001	0.0	0.0	0.0	1.5084e-05	0.00446068	0.00151507	0.0036480399999999995	0.0049275	1.87907e-05	0.0	2.05096e-05	0.000149977	0.0819868	0.00439432	0.0028064599999999998	0.000866298	0.0	0.000583105	0.006896179999999999	3.0232999999999997e-05	0.00466814	6.58188e-05	0.0	0.0	0.0	0.0	4.0679e-05	0.0	0.00641747	0.00364505	0.0	0.0	0.0
Sor-ACeb_012-Ex1-7F-lcwgs-1-3-L3-fastp	0.0474271	0.0038123700000000003	0.0005995	0.00112129	0.0	0.0	0.00266888	0.00586178	0.00109242	0.0	4.88481e-05	0.0870141	0.07437350000000001	2.88648e-05	0.0	0.0	0.000670552	0.000253122	0.0435903	0.0	0.000277546	0.000908131	0.0	0.0367715	2.22037e-05	4.44074e-06	0.00239578	0.0435881	0.0	6.66111e-05	0.00183625	0.0865678	7.32722e-05	0.0	2.22181e-06	0.0	0.00023352800000000002	0.00196294	0.180369	4.68163e-05	3.3476800000000004e-05	0.0	1.1190399999999999e-05	5.82931e-05	0.0888868	0.0437856	0.0444087	8.38078e-05	4.54603e-06	4.56399e-06	9.16877e-05	6.910910000000001e-06	0.0	0.00021210699999999998	0.000124377	2.36428e-05	0.0434079	0.00143087	0.0879499	0.0	2.23281e-05	0.000273684	0.0	0.0	5.23404e-06	6.91164e-05	1.89209e-05	0.0	2.52224e-05	1.14306e-05	0.0	0.0873825	0.0007249860000000001	0.000794893	0.000137274	0.0	0.0065378599999999995	0.0441068	0.000689907	0.00178534	1.12185e-05	0.0	0.000459803	0.00028186	0.0	0.0018169199999999999	0.131742	0.0437651	0.00220545	0.0010962600000000002	0.00240825	0.0	0.0	0.0025551700000000003	0.0434858	1.2314999999999998e-05	0.0	0.0	0.0	7.17971e-06	0.0	0.0	0.00150478	0.00074975	0.0442167	0.0	2.85937e-05	0.000625997	0.00137816	0.00137242	0.0	0.0	0.0	0.0430289	0.000441444	0.00414851	0.0	0.0	0.000111386	0.00013298	3.47291e-05	0.0	0.0	0.0	0.0382715	0.0420615	0.0	2.35846e-05	2.4638e-05	0.0	0.000134335	0.0	0.0	0.08591649999999999	0.045439	0.0	0.00191086	0.0	7.56601e-05	0.09015060000000001	0.0	0.00017218	0.0439367	0.000561193	0.000146215	5.0842200000000006e-05	0.0871222	0.0434066	0.000230848	0.0
Sor-ACeb_013-Ex1-8F-lcwgs-1-3-L2-fastp	0.0714931	0.11857300000000001	0.00081857	2.66809e-05	1.7609399999999998e-05	0.000664888	0.0	0.0	0.00660085	0.00460032	0.000740662	0.0	0.0	0.0	0.0032033100000000004	1.1205999999999999e-05	1.06724e-06	0.000726788	0.000585379	0.0	0.000644077	0.00311686	0.00017022400000000002	0.0	0.0	0.0	0.0	1.70758e-05	0.0	0.0116628	0.006331379999999999	2.13447e-06	7.20384e-05	0.0028235400000000003	1.06738e-06	0.00150302	0.00104467	4.80507e-05	0.00015913300000000002	0.0	0.0	0.0	0.0	0.0	7.38962e-05	9.11162e-05	2.68289e-06	6.447589999999999e-06	2.31407e-05	0.0	0.0	1.08344e-06	0.0	0.0	0.0028384499999999997	0.0	1.76711e-05	0.0	0.0018479699999999998	0.00302069	5.3210899999999996e-05	6.61763e-05	7.708879999999999e-05	0.000267626	7.03516e-06	2.1921e-05	0.0	6.06432e-07	1.8427e-06	0.00540752	0.00038389800000000003	3.14001e-05	1.95251e-06	0.0	0.00018828899999999999	0.00397356	0.0	0.0	0.000437815	0.00424615	0.0020537	0.0008189299999999999	0.0	0.0	0.0	8.327359999999999e-07	0.0	2.60946e-06	0.0	0.0	5.49151e-05	0.00018383400000000002	0.0	0.004443760000000001	6.03023e-05	0.0	0.0	0.000399539	0.0	8.06063e-06	0.0	0.0	0.0	0.000651104	0.0	2.12552e-05	0.0013791	3.34189e-05	0.0	0.0	8.20728e-05	1.22138e-05	0.0	0.0	0.0	0.0	0.00043682599999999997	0.0	0.0	0.0	0.0	0.00433794	0.0017017800000000002	0.00400483	0.0050853899999999995	8.22365e-06	0.0	2.13786e-06	0.00016344	0.07707939999999999	0.0044871	0.0020881	0.000812123	2.38991e-06	0.000362494	0.00605958	2.51973e-06	0.0046321900000000004	5.73726e-05	0.0	2.1588500000000002e-05	0.0	5.58401e-06	2.8381e-06	0.0	0.00594106	0.0026154499999999996	0.0	0.0	0.0
Sor-ACeb_013-Ex1-8F-lcwgs-1-3-L3-fastp	0.0477172	0.00331157	0.000503134	0.00107369	0.0	0.0	0.00242765	0.00602949	0.000945717	0.0	2.99633e-05	0.086898	0.0768391	2.43452e-05	0.0	0.0	0.000572424	0.000251567	0.043466199999999997	1.24847e-06	0.000192889	0.000806513	6.24236e-07	0.0381383	1.68544e-05	6.24236e-07	0.00208245	0.0429412	0.0	4.61935e-05	0.00161989	0.0865903	4.43207e-05	0.0	1.24862e-06	0.0	0.000169222	0.00173992	0.177406	2.1866800000000002e-05	3.74962e-05	0.0	3.75255e-06	3.94234e-05	0.087975	0.0434678	0.0434956	7.72613e-05	6.29069e-07	1.2603099999999999e-06	9.3453e-05	1.2025699999999999e-05	6.34663e-07	0.000213916	0.000105421	1.79615e-05	0.0436369	0.0013580299999999999	0.0866089	0.0	1.78082e-05	0.00018271000000000002	2.67873e-06	6.75456e-07	2.72697e-06	0.00010121799999999999	2.0879400000000002e-05	0.0	2.35145e-05	2.0930300000000002e-05	0.0	0.0873241	0.000624152	0.000675821	0.000114948	1.57903e-06	0.00636794	0.0439673	0.0006868999999999999	0.0017005300000000002	5.17644e-06	0.0	0.000370294	0.000292654	0.0	0.00169507	0.13083	0.0428273	0.00226475	0.00107359	0.0025187	0.0	0.0	0.00260901	0.043781400000000005	1.1849e-06	0.0	0.0	2.5377e-06	2.3370100000000002e-05	0.0	0.0	0.0013821200000000001	0.000751073	0.0433482	0.0	2.28389e-05	0.00067428	0.00133745	0.00116873	0.0	0.0	0.0	0.0435587	0.000553236	0.00421649	1.8918500000000002e-05	0.0	0.000116328	9.054500000000001e-05	2.25807e-05	6.2815800000000004e-06	0.0	0.0	0.040070600000000005	0.04351	0.0	9.39312e-06	9.56636e-06	0.0	0.000119019	0.0	0.0	0.085646	0.0434905	1.0814400000000001e-05	0.0016247	2.51523e-05	9.94364e-05	0.0856473	0.0	0.000146248	0.042969900000000005	0.0005637789999999999	4.38258e-05	6.36573e-05	0.08490769999999999	0.042826	0.00020030000000000002	0.0
Sor-ACeb_014-Ex1-9F-lcwgs-1-3-L2-fastp	0.0713076	0.11901500000000001	0.0008165630000000001	2.86681e-05	2.43679e-05	0.000764483	0.0	0.0	0.00694055	0.00495146	0.000836153	0.0	0.0	0.0	0.0032218200000000002	1.2422799999999999e-05	0.0	0.0008170409999999999	0.0007248249999999999	0.0	0.000711447	0.00321274	0.000164842	0.0	0.0	0.0	0.0	1.76787e-05	0.0	0.0115403	0.00666056	1.9112100000000003e-06	8.40931e-05	0.0032242900000000003	1.43398e-06	0.00172748	0.0011924	4.9286e-05	0.00023841799999999998	0.0	0.0	0.0	0.0	0.0	8.093340000000001e-05	9.121880000000001e-05	4.35312e-06	9.69766e-06	3.25803e-05	1.46358e-06	0.0	1.47516e-06	0.0	0.0	0.00309744	0.0	2.4300699999999996e-05	0.0	0.00198306	0.0031263999999999997	7.44277e-05	8.474120000000001e-05	0.000109805	0.000285159	7.138979999999999e-06	2.67217e-05	0.0	1.72068e-06	2.91446e-06	0.00570637	0.000435626	2.5198400000000003e-05	1.2530000000000001e-06	0.0	0.000156549	0.00424992	0.0	0.0	0.000544932	0.00436736	0.00227141	0.000902493	0.0	0.0	0.0	2.54659e-06	0.0	2.68983e-06	0.0	0.0	6.05862e-05	0.000231494	0.0	0.00466645	3.86149e-05	0.0	0.0	0.00048544800000000003	0.0	1.94302e-05	0.0	0.0	0.0	0.000882259	0.0	4.59579e-05	0.0014467	4.58384e-05	0.0	0.0	0.000133759	1.95076e-05	0.0	0.0	0.0	0.0	0.000492831	0.0	0.0	0.0	1.06928e-05	0.004779380000000001	0.0018538699999999999	0.00394982	0.0054557600000000005	1.2702100000000002e-05	0.0	0.0	0.000259974	0.0809761	0.0043759	0.00265255	0.000765152	0.0	0.000555425	0.00670708	0.0	0.0052222200000000005	7.75103e-05	0.0	2.57739e-05	0.0	0.0	5.6441299999999994e-06	0.0	0.00596743	0.0031402999999999995	0.0	0.0	0.0
Sor-ACeb_014-Ex1-9F-lcwgs-1-3-L3-fastp	0.0477943	0.00360548	0.000564863	0.0011127	0.0	0.0	0.00273235	0.0059688200000000005	0.00102073	0.0	5.10932e-05	0.08637700000000001	0.0757451	2.55466e-05	0.0	0.0	0.000618227	0.00025944	0.0434911	5.67702e-07	0.000220836	0.0008004599999999999	1.1354e-06	0.0370448	1.19217e-05	5.677020000000001e-06	0.0022674	0.0433003	0.0	4.08745e-05	0.00172922	0.0863883	6.52857e-05	0.0	2.8395200000000002e-06	0.0	0.000172742	0.0018901	0.179352	2.6175799999999998e-05	3.4735100000000006e-05	0.0	4.56379e-06	5.82583e-05	0.0887874	0.0435469	0.043562800000000006	8.689340000000001e-05	0.0	2.31504e-06	0.00010744300000000001	1.22442e-05	1.17129e-06	0.000226591	0.000137887	2.26249e-05	0.0432796	0.0014140399999999999	0.0876953	0.0	1.9826e-05	0.00019900099999999997	2.53028e-06	1.27984e-06	4.53514e-06	9.58371e-05	2.2632e-05	0.0	2.26414e-05	9.06552e-06	7.093200000000001e-07	0.08706799999999999	0.000697329	0.000725077	0.000120843	7.806249999999999e-07	0.006539639999999999	0.0445561	0.000691303	0.00176292	4.3605200000000006e-06	0.0	0.000344071	0.000290801	0.0	0.0017526199999999999	0.130553	0.043255	0.0022915500000000003	0.00113255	0.00242441	0.0	0.0	0.0025817	0.0442397	6.5706e-06	0.0	0.0	1.44343e-06	2.08644e-05	0.0	0.0	0.00144412	0.000726654	0.0433761	0.0	1.5015200000000002e-05	0.000586229	0.0013494400000000001	0.00125879	0.0	0.0	0.0	0.042197399999999996	0.000547003	0.004587529999999999	3.4316e-05	0.0	0.000158308	0.00010239300000000001	4.54024e-05	3.13119e-06	0.0	0.0	0.0384637	0.043491800000000004	0.0	0.0	0.0	0.0	0.000135058	4.35837e-06	0.0	0.0855781	0.0438136	4.94209e-06	0.0018145600000000002	1.5767e-05	0.00017877	0.0885399	0.0	0.00020772000000000002	0.0424657	0.000433936	7.7681e-05	5.9979500000000004e-05	0.08586579999999999	0.0419333	0.000355822	0.0
Sor-ACeb_015-Ex1-10F-lcwgs-1-3-L2-fastp	0.0698076	0.11973299999999999	0.0007834830000000001	0.0	1.5514500000000002e-05	0.0007369400000000001	0.0	0.0	0.006671239999999999	0.00546111	0.0008222689999999999	0.0	0.0	0.0	0.0032658099999999996	1.5514500000000002e-05	0.0	0.000806755	0.000760211	0.0	0.000674881	0.00337441	0.000240475	0.0	0.0	0.0	0.0	0.0	0.0	0.011123899999999999	0.00648507	0.0	5.430080000000001e-05	0.0031887200000000004	0.0	0.0019482599999999998	0.00131219	3.88382e-05	0.00019428899999999997	0.0	0.0	0.0	0.0	0.0	0.00010173	0.000125487	0.0	3.1550999999999997e-05	2.37478e-05	0.0	0.0	8.02938e-06	0.0	0.0	0.00331009	0.0	0.0	0.0	0.0019655799999999998	0.00303876	3.48652e-05	5.30126e-05	0.000152385	0.000391443	0.0	1.88377e-05	0.0	0.0	0.0	0.00536715	0.00044866499999999995	6.40899e-05	1.09454e-05	0.0	0.000115194	0.00457877	0.0	0.0	0.000514926	0.004640399999999999	0.00248701	0.0009020370000000001	0.0	0.0	0.0	0.0	0.0	0.0	0.0	0.0	9.57391e-05	0.000198713	0.0	0.00447976	4.45653e-05	0.0	0.0	0.000326357	0.0	0.0	0.0	0.0	0.0	0.00115774	0.0	0.0	0.0010597999999999998	0.0	0.0	0.0	0.000130409	4.5406e-05	0.0	0.0	0.0	0.0	0.0005096079999999999	0.0	0.0	0.0	0.0	0.00402069	0.00184189	0.00415833	0.00402435	0.0	0.0	0.0	0.000191611	0.08785950000000001	0.00553771	0.0032707599999999997	0.00113803	0.0	0.000495472	0.0038738900000000005	0.0	0.005056349999999999	0.000146453	0.0	0.00015918399999999999	0.0	0.0	0.0	0.0	0.00586181	0.00101756	0.0	0.0	0.0
Sor-ACeb_015-Ex1-10F-lcwgs-1-3-L3-fastp	0.0470497	0.00395571	0.0005677610000000001	0.00111691	0.0	0.0	0.0027085	0.0056403799999999995	0.0011448300000000001	0.0	5.58453e-05	0.0851735	0.0730271	2.7922700000000003e-05	0.0	0.0	0.0007818349999999999	0.000288534	0.0439503	0.0	0.00026991900000000003	0.0008190649999999999	0.0	0.0357503	9.30756e-06	0.0	0.00254096	0.0437455	0.0	6.51529e-05	0.00189874	0.0845592	7.44605e-05	0.0	9.31045e-06	0.0	0.000260824	0.0021246	0.182128	2.79835e-05	3.73378e-05	0.0	9.35346e-06	5.61989e-05	0.08880500000000001	0.043248100000000005	0.0414982	0.000103974	0.0	0.0	0.000162583	0.0	0.0	0.000184863	0.000146988	9.87678e-06	0.043587999999999995	0.0015288899999999998	0.0887512	0.0	3.1204900000000003e-05	0.0003161	0.0	0.0	0.0	8.96579e-05	0.0	0.0	3.5583799999999996e-05	1.21113e-05	0.0	0.0854184	0.000622287	0.000757195	0.000177134	0.0	0.0068366899999999994	0.044408	0.00065292	0.0018439399999999999	0.0	0.0	0.000393401	0.000300055	0.0	0.00203405	0.128162	0.042622	0.0027528	0.000993756	0.00246314	0.0	0.0	0.0026763100000000003	0.0464387	0.0	0.0	0.0	0.0	0.000126533	0.0	0.0	0.00135892	0.0008945860000000001	0.0460905	0.0	0.0	0.000441255	0.0013356800000000001	0.00153837	0.0	0.0	0.0	0.0381317	0.000596985	0.004927	0.0	0.0	0.0	7.429850000000001e-05	0.0	0.0	0.0	0.0	0.0371808	0.043859600000000006	0.0	0.0	0.0	0.0	0.000119898	0.0	0.0	0.08311310000000001	0.0439098	0.0	0.0013903700000000001	0.0	0.00016805	0.09022490000000001	0.0	0.000380928	0.0468192	0.000206518	0.0	0.0	0.0866995	0.0431689	0.000253109	0.0
Sor-ACeb_016-Ex1-11F-lcwgs-1-3-L2-fastp	0.0705908	0.118838	0.0007695569999999999	5.34414e-06	8.01621e-05	0.0008069660000000001	0.0	0.0	0.0068832599999999996	0.00521054	0.0008390299999999999	0.0	0.0	0.0	0.0032011400000000003	2.13766e-05	0.0	0.000929881	0.000742836	0.0	0.0007321480000000001	0.00330268	0.00022979800000000002	0.0	0.0	0.0	0.0	3.20649e-05	0.0	0.011725000000000001	0.006888600000000001	1.06883e-05	5.8785599999999995e-05	0.00324587	0.0	0.00180524	0.00133537	6.44412e-05	0.000349595	0.0	0.0	0.0	0.0	0.0	9.82857e-05	0.00013154399999999999	0.0	1.1057599999999999e-05	3.33391e-05	0.0	0.0	5.65717e-06	0.0	0.0	0.00317795	0.0	5.89635e-06	0.0	0.00191494	0.00317388	4.9342199999999997e-05	8.12354e-05	0.00014573100000000002	0.000334377	1.3061900000000001e-05	5.31077e-05	0.0	6.87653e-06	2.8026699999999997e-05	0.00545164	0.000415637	3.72388e-05	0.0	0.0	0.000223162	0.00440836	0.0	0.0	0.00047535700000000004	0.0043922499999999995	0.0024325099999999997	0.000811137	0.0	0.0	0.0	0.0	0.0	1.13928e-05	0.0	0.0	8.77538e-05	0.00020729199999999998	0.0	0.00451726	5.736289999999999e-05	0.0	0.0	0.000653203	0.0	1.71214e-05	0.0	0.0	0.0	0.0008731660000000001	0.0	2.1395500000000002e-05	0.00148891	4.6168700000000004e-05	0.0	0.0	0.000233081	0.0	0.0	0.0	0.0	0.0	0.000424701	0.0	0.0	0.0	3.81279e-05	0.0046365	0.0015233599999999999	0.00427779	0.00542296	0.0	0.0	0.0	0.0002587	0.0800334	0.00406954	0.00289273	0.000840362	0.0	0.0005811589999999999	0.007296640000000001	0.0	0.00409808	0.0	0.0	0.0	0.0	8.57946e-05	0.0	0.0	0.00598978	0.0033451	0.0	0.0	0.0
Sor-ACeb_016-Ex1-11F-lcwgs-1-3-L3-fastp	0.0482453	0.00348001	0.0005919279999999999	0.000904153	0.0	0.0	0.00254334	0.00627703	0.000995219	0.0	5.20376e-05	0.0860572	0.07448529999999999	2.60188e-05	0.0	0.0	0.000787069	0.000292711	0.0425928	0.0	0.000292711	0.0008456109999999999	0.0	0.0366475	3.25235e-05	0.0	0.0022115999999999998	0.0435294	0.0	0.000104075	0.00201646	0.0869808	9.10658e-05	0.0	1.30258e-05	0.0	0.000287118	0.00192732	0.181595	5.2422599999999995e-05	3.28239e-05	0.0	1.31894e-05	6.61292e-05	0.0881644	0.0434273	0.0431609	9.39485e-05	6.74205e-06	0.0	0.00014992	6.85605e-06	0.0	0.00017379	0.000133119	1.4131399999999998e-05	0.0445269	0.00132468	0.0873178	0.0	7.44293e-06	0.000278866	0.0	1.54934e-05	0.0	8.78596e-05	4.06017e-05	0.0	8.4143e-06	1.71501e-05	0.0	0.0880075	0.000601734	0.000885196	7.62388e-05	0.0	0.006642739999999999	0.0457448	0.000713705	0.00159366	1.10535e-05	0.0	0.000350008	0.000419884	0.0	0.0017152299999999999	0.132852	0.0432286	0.0023636	0.0011474999999999999	0.0025167	0.0	0.0	0.00252999	0.0435911	0.0	0.0	0.0	0.0	2.00794e-05	0.0	0.0	0.0014315699999999998	0.0006263390000000001	0.0448143	0.0	2.59229e-05	0.000592048	0.00153668	0.0012762799999999999	0.0	0.0	0.0	0.0431563	0.0008762449999999999	0.00462394	0.000189157	0.0	0.000163228	4.2386e-05	0.0	0.0	0.0	0.0	0.0376131	0.0423484	0.0	0.0	0.0	0.0	0.00019224999999999998	0.0	0.0	0.0893969	0.040588799999999994	0.0	0.00151091	0.0	8.52926e-05	0.0911494	0.0	0.000284209	0.044117	0.000304074	0.0	0.00010842600000000001	0.0872641	0.0461808	0.00035916699999999997	0.0
Sor-ACeb_017-Ex1-12F-lcwgs-1-3-L2-fastp	0.0706187	0.11864899999999999	0.000960083	2.63036e-05	3.9455499999999995e-05	0.0008417160000000001	0.0	0.0	0.006766610000000001	0.00526073	0.000808837	0.0	0.0	0.0	0.00320247	1.97277e-05	0.0	0.000946931	0.0008417160000000001	0.0	0.0008154130000000001	0.0034326199999999995	0.000243309	0.0	0.0	0.0	0.0	6.575910000000001e-06	0.0	0.0111067	0.00662194	6.575910000000001e-06	5.9183200000000006e-05	0.0032641999999999997	0.0	0.00182698	0.0013210399999999999	5.2931899999999994e-05	0.000278436	0.0	0.0	0.0	0.0	0.0	0.000141894	0.00014935599999999998	0.0	6.86391e-06	5.52577e-05	0.0	0.0	1.41273e-05	0.0	0.0	0.00333535	0.0	2.22925e-05	0.0	0.00181375	0.00304413	9.40771e-05	0.000103493	0.000105186	0.000320984	2.5134199999999997e-05	6.828570000000001e-05	0.0	0.0	9.072049999999999e-06	0.00524877	0.0003889	4.8551500000000004e-05	0.0	0.0	0.00020919799999999998	0.00434781	0.0	0.0	0.00055901	0.00430026	0.00251519	0.000736456	0.0	0.0	0.0	0.0	0.0	0.0	0.0	0.0	6.7646e-05	0.000315015	0.0	0.0044856	0.0	0.0	0.0	0.000563703	0.0	4.66739e-05	0.0	0.0	0.0	0.00149259	0.0	2.93073e-05	0.00146215	3.16615e-05	0.0	0.0	7.11834e-05	3.70109e-05	0.0	0.0	0.0	0.0	0.00022523	0.0	0.0	0.0	0.0	0.00432681	0.0015940899999999998	0.00384724	0.0049838700000000005	6.39391e-05	0.0	0.0	0.00028696099999999997	0.07868280000000001	0.00394568	0.00401469	0.000500025	0.0	0.0007175759999999999	0.00558143	0.0	0.0055012	0.0	0.0	0.0	0.0	0.0	0.0	0.0	0.0051883599999999995	0.00275495	0.0	0.0	0.0
Sor-ACeb_017-Ex1-12F-lcwgs-1-3-L3-fastp	0.0493892	0.0034814000000000004	0.0005580229999999999	0.000949472	0.0	0.0	0.00291505	0.006546359999999999	0.00106607	0.0	6.66296e-05	0.0856857	0.07590780000000001	4.16435e-05	0.0	0.0	0.000874514	0.000391449	0.0434009	8.3287e-06	0.00038312	0.00096613	0.0	0.0370711	3.33148e-05	2.49861e-05	0.00239034	0.0434508	8.3287e-06	4.16435e-05	0.0019239300000000001	0.0851277	5.83009e-05	0.0	0.0	0.0	0.00031778899999999996	0.00185945	0.179659	5.045e-05	5.8997200000000005e-05	0.0	0.0	7.65627e-05	0.0884984	0.0429365	0.0437261	6.93401e-05	0.0	8.77626e-06	0.000141416	1.78133e-05	8.98111e-06	0.000289999	0.000155569	3.69842e-05	0.0436145	0.00140955	0.0883505	0.0	1.96904e-05	0.000329747	1.01487e-05	0.0	0.0	8.55088e-05	0.0	0.0	0.0	2.31733e-05	0.0	0.0878481	0.0006079670000000001	0.0006482910000000001	0.000195465	0.0	0.0064458300000000005	0.0450678	0.000911708	0.0016663	0.0	0.0	0.000486448	0.0003341	0.0	0.00202424	0.12880999999999998	0.0433954	0.00261729	0.0011303300000000001	0.0027124600000000003	0.0	0.0	0.00286596	0.0433942	0.0	0.0	0.0	0.0	2.8648299999999998e-05	2.97271e-05	0.0	0.0012811	0.000797873	0.0449152	0.0	0.0	0.000735628	0.00112653	0.00117046	0.0	0.0	0.0	0.0430168	0.00035543200000000004	0.00411822	5.489420000000001e-05	0.0	0.0	6.1679e-05	0.0	0.0	0.0	0.0	0.0422038	0.0460451	0.0	0.0	0.0	0.0	9.40301e-05	0.0	0.0	0.0873829	0.0446108	0.0	0.0014068	0.00012156000000000001	0.0	0.09238360000000001	0.0	0.000140562	0.0416363	0.000150748	0.000312046	0.0	0.09316580000000001	0.0439669	0.000358893	0.0
Sor-ACeb_018-Ex1-1G-lcwgs-1-3-L2-fastp	0.0706407	0.11859800000000001	0.000798994	2.5324699999999998e-05	2.1526e-05	0.000801527	0.0	0.0	0.00690604	0.0051181199999999994	0.0007977279999999999	0.0	0.0	0.0	0.0032213	1.13961e-05	1.2662299999999998e-06	0.000839514	0.000691364	0.0	0.000698962	0.00320611	0.000170942	0.0	0.0	0.0	1.2662299999999998e-06	2.7857199999999998e-05	0.0	0.0116012	0.006697119999999999	0.0	5.4448100000000005e-05	0.00318242	0.0	0.0018204400000000002	0.00120885	5.19679e-05	0.000215552	0.0	0.0	0.0	0.0	0.0	7.13186e-05	9.819390000000001e-05	5.1091e-06	5.118559999999999e-06	2.9495700000000003e-05	0.0	0.0	0.0	0.0	0.0	0.00318744	0.0	2.11953e-05	0.0	0.00205435	0.00319477	6.004209999999999e-05	6.88555e-05	0.00012934400000000001	0.000310657	5.68781e-06	3.0231400000000003e-05	0.0	4.4377e-06	1.50135e-06	0.00568367	0.00045270299999999994	2.52377e-05	3.2123500000000003e-06	0.0	0.00017191100000000001	0.004198390000000001	0.0	0.0	0.000503424	0.00418223	0.00227916	0.000996839	0.0	0.0	0.0	2.1630900000000002e-06	0.0	2.28613e-06	0.0	0.0	8.73538e-05	0.000221282	0.0	0.00478059	4.24394e-05	0.0	0.0	0.000581575	0.0	6.700009999999999e-06	0.0	0.0	0.0	0.0009277210000000001	0.0	3.7456399999999996e-05	0.00163306	6.28078e-05	0.0	0.0	0.000105662	1.04601e-05	0.0	0.0	0.0	0.0	0.000490308	0.0	0.0	0.0	1.49402e-05	0.00506167	0.0016758	0.0038518	0.0056611199999999995	9.13852e-06	0.0	0.0	0.000278483	0.081536	0.00422515	0.0030011200000000003	0.000774703	0.0	0.000655536	0.006506700000000001	0.0	0.00525685	0.000107539	0.0	4.9921e-05	0.0	0.0	0.0	0.0	0.00557576	0.00303527	0.0	0.0	0.0
Sor-ACeb_018-Ex1-1G-lcwgs-1-3-L3-fastp	0.0476081	0.00358462	0.000569392	0.00106066	0.0	0.0	0.00267569	0.00611609	0.000996061	0.0	5.10801e-05	0.0862787	0.0743005	3.0047100000000002e-05	0.0	0.0	0.000646013	0.000244884	0.043412	0.0	0.00023136300000000003	0.000817281	3.0047100000000005e-06	0.0368437	2.25353e-05	3.0047100000000005e-06	0.0022159700000000003	0.043355	0.0	6.46013e-05	0.00179982	0.0858415	6.7606e-05	0.0	6.01091e-06	0.0	0.000178896	0.00176387	0.179642	2.7086300000000002e-05	3.91432e-05	0.0	3.0148800000000004e-06	4.37534e-05	0.0886853	0.0435801	0.0437916	8.64725e-05	0.0	0.0	0.000110009	1.37938e-05	0.0	0.00023626500000000002	0.000142707	1.40308e-05	0.0435331	0.00139593	0.0870704	0.0	1.93539e-05	0.00021476200000000001	4.927560000000001e-06	1.65943e-06	8.38941e-06	0.000112061	1.71963e-05	0.0	1.94507e-05	1.79514e-05	0.0	0.08811329999999999	0.0006437109999999999	0.000715143	0.000170455	0.0	0.006791159999999999	0.0441619	0.000715185	0.0017435099999999998	8.909579999999999e-06	0.0	0.00044396699999999997	0.00036411	0.0	0.0017757800000000002	0.13025	0.0442089	0.0022751900000000003	0.00119175	0.00253533	0.0	0.0	0.00279342	0.0445143	1.01624e-05	0.0	0.0	0.0	4.2585999999999995e-05	0.0	2.07513e-05	0.00140179	0.0007932769999999999	0.0442	0.0	2.48598e-05	0.00065535	0.00134461	0.0011791899999999999	0.0	0.0	0.0	0.042711	0.000539329	0.00450796	4.37495e-05	0.0	0.000142025	8.20756e-05	4.27061e-05	0.0	0.0	0.0	0.0383594	0.0435949	0.0	0.0	1.17643e-05	0.0	0.000178427	1.3262200000000002e-05	0.0	0.0858615	0.0458845	1.55395e-05	0.00190816	5.04469e-05	0.00015740399999999999	0.088813	0.0	0.00017748	0.0440051	0.0005753900000000001	8.86351e-05	6.91599e-05	0.08861379999999999	0.0399186	0.00020728299999999997	0.0
Sor-ACeb_019-Ex1-3G-lcwgs-1-3-L2-fastp	0.058023700000000004	0.10444300000000001	0.0	0.0	0.0	0.0	0.0	0.0	0.011604699999999999	0.005802369999999999	0.0	0.0	0.0	0.0	0.00386825	0.0	0.0	0.0	0.0	0.0	0.0	0.0019341200000000001	0.0	0.0	0.0	0.0	0.0	0.0	0.0	0.0135389	0.011604699999999999	0.0	0.0	0.00387274	0.0	0.0019440500000000001	0.00389666	0.0	0.0	0.0	0.0	0.0	0.0	0.0	0.0	0.0	0.0	0.0	0.0	0.0	0.0	0.0	0.0	0.0	0.0	0.0	0.0	0.0	0.00236569	0.00721102	0.0	0.0	0.0	0.0	0.0	0.0	0.0	0.0	0.0	0.00886892	0.0	0.0	0.0	0.0	0.0	0.0	0.0	0.0	0.0	0.0038831899999999995	0.00400416	0.0	0.0	0.0	0.0	0.0	0.0	0.0	0.0	0.0	0.0	0.0	0.0	0.0	0.0	0.0	0.0	0.0	0.0	0.0	0.0	0.0	0.0	0.0	0.0	0.0	0.0	0.0	0.0	0.0	0.0	0.0	0.0	0.0	0.0	0.0	0.0	0.0	0.0	0.0	0.0	0.0	0.0	0.0	0.0	0.0	0.0	0.0	0.0	0.126103	0.0	0.0344828	0.0	0.0	0.0	0.0	0.0	0.0	0.0	0.0	0.0	0.0	0.0	0.0	0.0	0.06596310000000001	0.0	0.0	0.0	0.0
Sor-ACeb_019-Ex1-3G-lcwgs-1-3-L3-fastp	0.0317743	0.0	0.0	0.0	0.0	0.0	0.0063548599999999995	0.0063548599999999995	0.0	0.0	0.0	0.0635486	0.06990339999999999	0.0	0.0	0.0	0.0	0.0	0.044484	0.0	0.0	0.0	0.0	0.0254194	0.0	0.0	0.0	0.0571937	0.0	0.0	0.0063548599999999995	0.06990339999999999	0.0	0.0	0.0	0.0	0.0	0.006409429999999999	0.154311	0.0	0.0	0.0	0.0	0.0	0.139147	0.0333422	0.020132900000000002	0.0	0.0	0.0	0.0	0.0	0.0	0.0	0.0	0.0	0.0297089	0.0	0.038238	0.0	0.0	0.0	0.0	0.0	0.0	0.0	0.0	0.0	0.0	0.0	0.0	0.0599341	0.0	0.0	0.0	0.0	0.011380399999999999	0.023410999999999998	0.0	0.0	0.0	0.0	0.0	0.0	0.0	0.0	0.0931966	0.0481773	0.0	0.0	0.0	0.0	0.0	0.0	0.0415196	0.0	0.0	0.0	0.0	0.0	0.0	0.0	0.0	0.0	0.0631313	0.0	0.0	0.0	0.0	0.0	0.0	0.0	0.0	0.0	0.0	0.0	0.0	0.0	0.0	0.0	0.0	0.0	0.0	0.0	0.0	0.0845309	0.0	0.0	0.0	0.0	0.0	0.0	0.0	0.0	0.0	0.0	0.0	0.0	0.0	0.0	0.0	0.0	0.0	0.0	0.0	0.0	0.0	0.0	0.0	0.0
Sor-ACeb_020-Ex1-2G-lcwgs-1-3-L2-fastp	0.0674645	0.10921600000000001	0.00025458299999999996	0.0	0.0	0.0005091659999999999	0.0	0.0	0.0053462499999999994	0.0035641600000000002	0.000763749	0.0	0.0	0.0	0.0033095800000000003	0.0005091659999999999	0.0	0.00101833	0.0005091659999999999	0.0	0.000763749	0.0028004099999999997	0.00025458299999999996	0.0	0.0	0.0	0.0	0.0	0.0	0.0109471	0.00585541	0.0	0.0	0.00178247	0.0	0.0010190800000000001	0.000764604	0.0	0.0	0.0	0.0	0.0	0.0	0.0	0.0	0.000257577	0.0	0.0	0.0	0.0	0.0	0.0	0.0	0.0	0.00321693	0.0	0.0	0.0	0.00110767	0.0036354499999999997	0.0	0.0	0.0	0.0	0.0	0.0	0.0	0.0	0.0	0.00383282	0.0	0.0	0.0	0.0	0.0	0.00284349	0.0	0.0	0.000376984	0.00500077	0.0015704400000000002	0.000801802	0.0	0.0	0.0	0.0	0.0	0.0	0.0	0.0	0.0	0.00049836	0.0	0.0036488000000000002	0.0	0.0	0.0	0.00171437	0.0	0.0	0.0	0.0	0.0	0.000658722	0.0	0.0	0.00212394	0.0	0.0	0.0	0.0015626700000000002	0.0	0.0	0.0	0.0	0.0	0.0	0.0	0.0	0.0	0.0	0.00512631	0.0010523800000000001	0.0032385499999999998	0.004428649999999999	0.0	0.0	0.0	0.0	0.0792423	0.0012911700000000001	0.00264999	0.0	0.0	0.0	0.00739251	0.0	0.0062636	0.0	0.0	0.0	0.0	0.0	0.0	0.0	0.0059098200000000005	0.00203438	0.0	0.0	0.0
Sor-ACeb_020-Ex1-2G-lcwgs-1-3-L3-fastp	0.0453357	0.00431768	0.000925218	0.000925218	0.0	0.0	0.00339247	0.00894377	0.000616812	0.0	0.000308406	0.0906713	0.0774099	0.0	0.0	0.0	0.000308406	0.0	0.0444105	0.0	0.0	0.000308406	0.0	0.035466700000000004	0.0	0.0	0.00215884	0.044101999999999995	0.0	0.0	0.000616812	0.0863537	0.000308406	0.0	0.0	0.0	0.0	0.0012353800000000001	0.183862	0.0	0.0	0.0	0.0	0.0	0.0911294	0.050171099999999996	0.05248	0.0	0.0	0.0	0.0	0.0	0.0	0.000321293	0.0	0.0	0.0445831	0.000330386	0.08727570000000001	0.0	0.0	0.0	0.0	0.0	0.0	0.000360443	0.0	0.0	0.0	0.000381881	0.0	0.0867347	0.000400993	0.000815601	0.0	0.0	0.00473509	0.052617	0.000893148	0.000455085	0.0	0.0	0.0	0.0004924770000000001	0.0	0.00102465	0.139669	0.0405924	0.000545134	0.00167042	0.00056865	0.0	0.0	0.0012131099999999999	0.0408735	0.0	0.0	0.0	0.0	0.0	0.0	0.0	0.000739596	0.0	0.0479913	0.0	0.0	0.0008284179999999999	0.0016954000000000001	0.0	0.0	0.0	0.0	0.043784899999999995	0.0	0.00499092	0.0	0.0	0.0	0.0	0.0	0.0	0.0	0.0	0.021093399999999998	0.0420136	0.0	0.0	0.0	0.0	0.0	0.0	0.0	0.0730608	0.0414587	0.0	0.0	0.0	0.0	0.08927600000000001	0.0	0.0	0.029690599999999998	0.0	0.0	0.0	0.0711807	0.043539	0.0	0.0
Sor-ACeb_021-Ex1-4G-lcwgs-1-3-L2-fastp	0.0557991	0.103627	0.0	0.0	0.0	0.0	0.0	0.0	0.0	0.0079713	0.0	0.0	0.0	0.0	0.0079713	0.0	0.0	0.0079713	0.0	0.0	0.0	0.0159426	0.0	0.0	0.0	0.0	0.0	0.0	0.0	0.0159426	0.0159426	0.0	0.0	0.0	0.0	0.0	0.0	0.0	0.0	0.0	0.0	0.0	0.0	0.0	0.0	0.0	0.0	0.0	0.0	0.0	0.0	0.0	0.0	0.0	0.00943218	0.0	0.0	0.0	0.0	0.010204099999999999	0.0	0.0	0.0	0.0	0.0	0.0	0.0	0.0	0.0	0.0	0.0	0.0	0.0	0.0	0.0	0.014579400000000001	0.0	0.0	0.0	0.0	0.0	0.0	0.0	0.0	0.0	0.0	0.0	0.0	0.0	0.0	0.0	0.0	0.0	0.025667399999999996	0.0	0.0	0.0	0.0	0.0	0.0	0.0	0.0	0.0	0.0	0.0	0.0	0.0	0.0	0.0	0.0	0.0	0.0	0.0	0.0	0.0	0.0	0.0	0.0	0.0	0.0	0.0	0.0	0.0	0.0	0.0	0.0	0.0	0.0	0.0	0.0	0.0	0.0	0.0	0.0	0.0	0.0	0.0	0.0	0.0	0.0	0.0	0.0	0.0	0.0	0.0	0.0	0.0	0.0	0.0	0.0
Sor-ACeb_021-Ex1-4G-lcwgs-1-3-L3-fastp	0.0541565	0.0	0.0	0.0	0.0	0.0	0.0	0.0	0.0	0.0	0.0	0.027078300000000003	0.108313	0.0	0.0	0.0	0.0	0.0	0.027078300000000003	0.0	0.0	0.0	0.0	0.0541565	0.0	0.0	0.0	0.0541565	0.0	0.0	0.0	0.108313	0.0	0.0	0.0	0.0	0.0	0.0	0.275558	0.0	0.0	0.0	0.0	0.0	0.0855188	0.0287109	0.057836900000000004	0.0	0.0	0.0	0.0	0.0	0.0	0.0	0.0	0.0	0.0321647	0.0	0.0330033	0.0	0.0	0.0	0.0	0.0	0.0	0.0	0.0	0.0	0.0	0.0	0.0	0.0425532	0.0	0.0	0.0	0.0	0.0	0.0	0.0	0.0	0.0	0.0	0.0	0.0	0.0	0.0	0.195312	0.0671141	0.0	0.0	0.0	0.0	0.0	0.0	0.0862069	0.0	0.0	0.0	0.0	0.0	0.0	0.0	0.0	0.0	0.0	0.0	0.0	0.0	0.0	0.0	0.0	0.0	0.0	0.0	0.0	0.0	0.0	0.0	0.0	0.0	0.0	0.0	0.0	0.0	0.0	0.0	0.0	0.0	0.0	0.0	0.0	0.0	0.0	0.0	0.0	0.0	0.0	0.0	0.0	0.0	0.0	0.0	0.5714290000000001	0.0	0.0	0.0	0.0	0.0	0.0	0.0
Sor-ACeb_022-Ex1-5G-lcwgs-1-3-L2-fastp	0.07206069999999999	0.11871099999999998	0.0008730280000000001	0.0	1.02709e-05	0.000698422	0.0	0.0	0.006367970000000001	0.0045397400000000004	0.000739506	0.0	0.0	0.0	0.0035948200000000003	2.05418e-05	0.0	0.0009038399999999999	0.000575171	0.0	0.0008216729999999999	0.00298884	0.000174606	0.0	0.0	0.0	0.0	2.05418e-05	0.0	0.0116986	0.00627553	0.0	7.189639999999999e-05	0.0030611699999999998	0.0	0.0015517699999999998	0.0010588	7.19829e-05	0.000123454	0.0	0.0	0.0	0.0	0.0	7.24469e-05	6.221349999999999e-05	0.0	1.0420199999999999e-05	1.04528e-05	0.0	0.0	0.0	0.0	0.0	0.00282117	0.0	2.18547e-05	0.0	0.00180123	0.00312123	5.67267e-05	8.02957e-05	9.28555e-05	0.00027029800000000003	0.0	1.2072499999999998e-05	0.0	0.0	0.0	0.0050818600000000005	0.000339212	3.98185e-05	0.0	0.0	0.00012611099999999999	0.0036696899999999998	0.0	0.0	0.000363481	0.00414172	0.0023974	0.0007891160000000001	0.0	0.0	0.0	0.0	0.0	0.0	0.0	0.0	7.85446e-05	0.00012056	0.0	0.004420830000000001	4.3099399999999996e-05	0.0	0.0	0.000347075	0.0	0.0	0.0	0.0	0.0	0.000587833	0.0	8.40784e-05	0.00143531	2.9398100000000002e-05	0.0	0.0	9.46981e-05	3.23168e-05	0.0	0.0	0.0	0.0	0.000652798	0.0	0.0	0.0	3.96714e-05	0.00385249	0.0015755	0.00394166	0.00459046	0.0	0.0	0.0	0.00014154100000000002	0.0811165	0.00438027	0.0024116100000000002	0.000974876	0.0	0.000374097	0.00550877	0.0	0.00471622	0.00011598000000000001	0.0	6.04049e-05	0.0	0.0	0.0	0.0	0.0057617300000000005	0.0023277000000000003	0.0	0.0	0.0
Sor-ACeb_022-Ex1-5G-lcwgs-1-3-L3-fastp	0.049027	0.0033837999999999997	0.000737822	0.00105585	0.0	0.0	0.00281136	0.00638598	0.000865033	0.0	6.36053e-05	0.0879026	0.07622459999999999	2.5442099999999998e-05	0.0	0.0	0.0006106109999999999	0.000267142	0.0430481	0.0	0.00019081599999999998	0.000788706	0.0	0.0373236	2.5442099999999998e-05	0.0	0.0019336	0.04287	0.0	5.0884300000000003e-05	0.00166646	0.0860962	8.90475e-05	0.0	2.5449299999999997e-05	0.0	0.000114575	0.0019484099999999998	0.177476	3.82374e-05	5.10141e-05	0.0	1.2775099999999999e-05	2.55804e-05	0.0876877	0.0442279	0.0443208	6.44466e-05	0.0	0.0	6.50962e-05	0.0	1.3139599999999999e-05	0.00013211	0.00011962699999999998	1.33804e-05	0.0435084	0.00134499	0.08664709999999999	0.0	1.3965399999999998e-05	0.00014113599999999998	0.0	0.0	0.0	0.000118523	0.0	0.0	1.5463700000000002e-05	1.5703e-05	0.0	0.089244	0.000709256	0.00080546	8.540320000000001e-05	0.0	0.006254050000000001	0.0440011	0.000607386	0.00161367	0.0	0.0	0.000338606	0.000304953	0.0	0.00161097	0.127942	0.0421642	0.0023286699999999997	0.000854746	0.00247942	0.0	0.0	0.0023218600000000002	0.0453249	0.0	0.0	0.0	0.0	0.0	0.0	0.0	0.00151936	0.000666293	0.043822099999999996	0.0	3.3988699999999995e-05	0.0007997810000000001	0.00156537	0.00112812	0.0	0.0	0.0	0.0428113	0.000772788	0.00411537	0.000127482	0.0	0.000133114	0.000181335	0.0	0.0	0.0	0.0	0.0393691	0.0407075	0.0	0.0	0.0	0.0	0.00011403200000000001	0.0	0.0	0.0876392	0.0483333	0.0	0.0018613	6.54489e-05	0.000266932	0.0967645	0.0	0.000141621	0.042242100000000005	0.0005153169999999999	0.000225317	7.66918e-05	0.08802890000000001	0.0427291	0.00032647899999999996	0.0
