Sample	1	2	3	4	5	6	7	8	9	10	11	12	13	14	15	16	17	18	19	20	21	22	23	24	25	26	27	28	29	30	31	32	33	34	35	36	37	38	39	40	41	42	43	44	45	46	47	48	49	50	51	52	53	54	55	56	57	58	59	60	61	62	63	64	65	66	67	68	69	70	71	72	73	74	75	76	77	78	79	80	81	82	83	84	85	86	87	88	89	90	91	92	93	94	95	96	97	98	99	100	101	102	103	104	105	106	107	108	109	110	111	112	113	114	115	116	117	118	119	120	121	122	123	124	125	126	127	128	129	130	131	132	133	134	135	136	137	138	139	140	141	142	143	144	145	146	147	148	149	150
Sor-ACeb_001-Ex1-8E-lcwgs-1-3-L2-fastp	39.3118	39.135	39.2681	39.3994	39.3532	39.4526	39.4458	39.4225	39.4463	39.4507	39.5109	39.4917	39.5083	39.4999	39.4905	39.5598	39.5707	39.569	39.5705	39.572	39.5826	39.5845	39.557	39.5732	39.5667	39.5648	39.5479	39.5449	39.5408	39.5276	39.5111	39.5277	39.5402	39.5306	39.5291	39.5172	39.5182	39.4823	39.4954	39.4838	39.487	39.4853	39.4739	39.4718	39.4567	39.4291	39.4578	39.4498	39.444	39.4463	39.4439	39.4278	39.4112	39.4043	39.4018	39.399	39.3906	39.3785	39.3767	39.3668	39.3351	39.3365	39.341	39.3397	39.3209	39.322	39.3252	39.3137	39.2974	39.2812	39.2906	39.2869	39.2882	39.2736	39.2687	39.2562	39.244	39.2319	39.2266	39.2291	39.2091	39.2026	39.1987	39.1763	39.153	39.157	39.1549	39.138	39.1275	39.1137	39.1013	39.0866	39.0583	39.0466	39.0424	39.0366	39.0188	39.0033	38.9735	38.9687	38.9518	38.9111	38.9002	38.8915	38.8555	38.8386	38.8018	38.7748	38.7487	38.7172	38.692	38.6704	38.6365	38.6107	38.5807	38.5506	38.5168	38.4756	38.4137	38.4125	38.3971	38.3571	38.3255	38.2944	38.2552	38.2238	38.178	38.1612	38.1445	38.1315	38.082	38.0691	38.0154	38.0007	37.9753	37.9387	37.9381	37.9379	37.9065	37.8839	37.8745	37.85	37.7999	37.8083	37.7915	37.8084	37.8599	37.9677	38.1947	38.8252
Sor-ACeb_001-Ex1-8E-lcwgs-1-3-L3-fastp	39.2525	39.1994	39.504	39.5735	39.5681	39.4095	39.7294	39.6369	39.5334	39.5408	39.6004	39.5908	39.6035	39.6204	39.6264	39.6711	39.6625	39.6479	39.651	39.6511	39.6649	39.683	39.676	39.6465	39.6406	39.6495	39.6425	39.632	39.6332	39.6085	39.5868	39.5938	39.5891	39.5874	39.5653	39.5678	39.5689	39.5722	39.5833	39.5423	39.5307	39.5498	39.54	39.5416	39.5298	39.5196	39.5399	39.5314	39.5238	39.5125	39.5001	39.4984	39.4908	39.4826	39.4606	39.4785	39.458	39.4491	39.4564	39.4384	39.4278	39.4345	39.4231	39.3975	39.378	39.3845	39.3841	39.3831	39.3735	39.3446	39.3311	39.3573	39.3403	39.332	39.313	39.3167	39.3095	39.3064	39.2912	39.2022	39.2806	39.257	39.2752	39.2542	39.2411	39.241	39.2168	39.2188	39.2163	39.1944	39.1765	39.1718	39.1642	39.1485	39.1427	39.1282	39.0902	39.1077	39.0893	39.0752	39.0792	39.0523	39.0209	39.0181	38.9954	38.979	38.9736	38.9439	38.9242	38.9126	38.8966	38.8812	38.8751	38.8438	38.8359	38.8029	38.7786	38.7521	38.7234	38.7239	38.6884	38.6812	38.6611	38.6147	38.5945	38.5623	38.5348	38.5016	38.4814	38.4432	38.4337	38.4234	38.3849	38.3124	38.2791	38.2746	38.2559	38.1824	38.1845	38.1203	38.1459	38.1133	38.1002	38.1112	38.0731	38.0882	38.1298	38.2168	38.4504	39.0898
Sor-ACeb_002-Ex1-9E-lcwgs-1-3-L2-fastp	39.2881	39.1144	39.2617	39.3865	39.3491	39.4419	39.439	39.4161	39.4407	39.4435	39.5001	39.4793	39.5014	39.4938	39.4838	39.5578	39.5675	39.5695	39.5716	39.5763	39.5884	39.5904	39.5654	39.5821	39.5753	39.5791	39.5643	39.5625	39.5582	39.5479	39.5353	39.5549	39.5671	39.5619	39.5617	39.5481	39.5522	39.5192	39.5368	39.5306	39.5282	39.5268	39.5202	39.5221	39.5069	39.4894	39.5146	39.5068	39.5074	39.5075	39.5078	39.4932	39.4805	39.4719	39.4749	39.4693	39.468	39.4554	39.4604	39.4504	39.427	39.4277	39.4377	39.4372	39.4203	39.4228	39.4289	39.4202	39.4073	39.3973	39.4066	39.4093	39.4079	39.3967	39.3918	39.3853	39.3794	39.3665	39.3695	39.3702	39.3567	39.3514	39.3543	39.3382	39.3238	39.3241	39.3256	39.317	39.3088	39.3032	39.2996	39.2886	39.2706	39.2602	39.2596	39.2644	39.2467	39.2445	39.2213	39.224	39.2206	39.192	39.1889	39.1886	39.1605	39.1572	39.1431	39.1186	39.1031	39.0817	39.0721	39.0685	39.0508	39.0365	39.0181	38.9987	38.982	38.9563	38.9083	38.9238	38.9306	38.9102	38.8959	38.881	38.864	38.8518	38.8335	38.8232	38.8226	38.8158	38.8003	38.8088	38.7902	38.7741	38.765	38.7743	38.7679	38.7684	38.7775	38.7603	38.7672	38.7612	38.7294	38.7531	38.751	38.7585	38.778	38.8304	38.8824	39.2
Sor-ACeb_002-Ex1-9E-lcwgs-1-3-L3-fastp	39.2358	39.1503	39.4865	39.565	39.566	39.3682	39.7208	39.6329	39.5301	39.5329	39.5921	39.5865	39.6011	39.6192	39.6284	39.6665	39.6611	39.6454	39.6511	39.6526	39.6658	39.6845	39.6799	39.6513	39.6471	39.6586	39.6528	39.6457	39.6461	39.6285	39.6099	39.6142	39.6145	39.6116	39.5892	39.5953	39.5955	39.6016	39.6115	39.5819	39.5727	39.5885	39.578	39.5793	39.5729	39.5667	39.5877	39.5826	39.5764	39.567	39.5629	39.5587	39.5531	39.5485	39.5308	39.5474	39.5327	39.5243	39.5373	39.5179	39.5146	39.5136	39.5124	39.4894	39.4743	39.485	39.4836	39.4868	39.4728	39.4533	39.4425	39.4675	39.4525	39.4495	39.4331	39.4451	39.4419	39.4354	39.4264	39.3429	39.4189	39.4066	39.4187	39.4084	39.3954	39.4012	39.3812	39.3841	39.3854	39.3757	39.3594	39.3608	39.3618	39.3512	39.3495	39.3408	39.3197	39.3341	39.3262	39.316	39.3218	39.3154	39.2807	39.2918	39.2842	39.2711	39.2739	39.2632	39.2436	39.2414	39.2372	39.232	39.2353	39.215	39.2164	39.2024	39.1885	39.1784	39.1634	39.1812	39.1555	39.1611	39.1455	39.1342	39.1366	39.1216	39.1085	39.1056	39.0911	39.0558	39.0948	39.0896	39.0897	39.0404	39.0327	39.0375	39.0481	38.9969	39.0276	38.9677	39.0262	39.0091	39.025	39.0336	39.0276	39.0365	39.0323	39.0607	39.138	39.4502
Sor-ACeb_003-Ex1-10E-lcwgs-1-3-L2-fastp	39.3145	39.1274	39.2832	39.4093	39.3685	39.4679	39.4619	39.4302	39.4536	39.4656	39.5203	39.5019	39.5233	39.5141	39.5052	39.5718	39.5836	39.5835	39.5888	39.5886	39.5995	39.6027	39.5816	39.5969	39.5911	39.5916	39.5777	39.5761	39.575	39.5633	39.551	39.5682	39.5768	39.5742	39.5756	39.5645	39.5679	39.5359	39.5511	39.5443	39.5447	39.5447	39.5383	39.5372	39.5247	39.5034	39.5267	39.5243	39.5237	39.525	39.5225	39.5095	39.4956	39.4915	39.4935	39.4928	39.4861	39.4774	39.4782	39.4703	39.4456	39.4492	39.4571	39.4568	39.442	39.4437	39.4499	39.439	39.4292	39.4194	39.4282	39.4341	39.4273	39.4222	39.4163	39.4105	39.4012	39.3935	39.3938	39.3954	39.3841	39.3854	39.3791	39.3665	39.3483	39.3525	39.3527	39.3442	39.3369	39.3284	39.3223	39.3167	39.2947	39.2877	39.29	39.2855	39.2728	39.2624	39.2419	39.2417	39.2356	39.2063	39.2104	39.1966	39.1747	39.1648	39.1369	39.1145	39.1048	39.0759	39.0541	39.0416	39.0192	39.0074	38.9757	38.9601	38.9278	38.9011	38.8395	38.8371	38.8184	38.7936	38.7717	38.7473	38.7058	38.6559	38.6279	38.6051	38.6016	38.5695	38.531	38.5038	38.4522	38.4308	38.3712	38.3629	38.3318	38.309	38.2755	38.2389	38.2084	38.1681	38.0971	38.0972	38.076	38.0755	38.1419	38.2178	38.4314	38.9844
Sor-ACeb_003-Ex1-10E-lcwgs-1-3-L3-fastp	39.2366	39.1299	39.4842	39.5642	39.5663	39.3823	39.7292	39.634	39.5376	39.5384	39.5959	39.5923	39.6046	39.6214	39.6315	39.67	39.664	39.6502	39.6534	39.6539	39.6682	39.6868	39.683	39.6517	39.6526	39.6614	39.6564	39.648	39.6504	39.6298	39.6169	39.6196	39.6196	39.6126	39.5928	39.6003	39.6019	39.6121	39.6211	39.5898	39.5824	39.5953	39.5895	39.5886	39.5846	39.5792	39.5969	39.5929	39.586	39.576	39.57	39.5699	39.5594	39.5614	39.542	39.5611	39.5429	39.5371	39.547	39.5323	39.527	39.5307	39.529	39.5038	39.4888	39.4966	39.4999	39.5034	39.491	39.4713	39.4609	39.4833	39.4729	39.4703	39.4507	39.4612	39.4594	39.4511	39.4472	39.3614	39.44	39.4248	39.4424	39.427	39.4178	39.4234	39.4004	39.4058	39.405	39.3934	39.3777	39.3824	39.3808	39.3714	39.3756	39.3631	39.3415	39.3509	39.3455	39.3299	39.3362	39.3341	39.2976	39.2988	39.2992	39.2814	39.2804	39.2662	39.2465	39.237	39.2311	39.2181	39.2185	39.1939	39.1916	39.1718	39.1505	39.1381	39.1157	39.1306	39.0882	39.0876	39.0744	39.0548	39.0355	39.0028	38.9914	38.9647	38.9354	38.9015	38.9095	38.8827	38.8659	38.7928	38.7733	38.7747	38.7337	38.6825	38.6801	38.6259	38.6399	38.6281	38.6179	38.6088	38.5866	38.5792	38.6188	38.6713	38.8222	39.297
Sor-ACeb_004-Ex1-11E-lcwgs-1-3-L2-fastp	39.306	39.1372	39.2778	39.4009	39.3652	39.4608	39.453	39.4225	39.4476	39.4541	39.5121	39.4925	39.5143	39.5048	39.4975	39.5676	39.5774	39.5789	39.5831	39.5842	39.5971	39.6022	39.5796	39.593	39.5894	39.5892	39.577	39.5741	39.5745	39.5628	39.5522	39.5689	39.5828	39.5774	39.5763	39.5654	39.5696	39.5352	39.5537	39.5465	39.5498	39.5462	39.5407	39.5401	39.5277	39.5059	39.532	39.5269	39.5286	39.5268	39.5274	39.5147	39.5028	39.4976	39.4988	39.4971	39.4911	39.4813	39.4827	39.4742	39.4513	39.4547	39.462	39.4612	39.4472	39.4488	39.455	39.448	39.4345	39.4249	39.4358	39.437	39.4368	39.4271	39.4218	39.4162	39.4049	39.3987	39.4007	39.4017	39.3885	39.3857	39.3817	39.3709	39.3522	39.3551	39.3567	39.3497	39.3446	39.3337	39.3261	39.3163	39.2989	39.2921	39.2871	39.2872	39.2708	39.2647	39.2444	39.2485	39.2393	39.2099	39.2084	39.2039	39.1847	39.1714	39.1496	39.1303	39.1186	39.0935	39.0793	39.0682	39.0479	39.0345	39.0171	38.9912	38.972	38.9483	38.8935	38.9055	38.8964	38.8736	38.8551	38.8468	38.8169	38.7949	38.7722	38.7561	38.7458	38.7422	38.7275	38.7241	38.6941	38.676	38.6543	38.6576	38.6513	38.6452	38.636	38.635	38.6261	38.6084	38.5581	38.5828	38.5771	38.5921	38.6034	38.6705	38.7578	39.14
Sor-ACeb_004-Ex1-11E-lcwgs-1-3-L3-fastp	39.235	39.1515	39.4869	39.566	39.5686	39.3823	39.7259	39.6329	39.5337	39.5367	39.5983	39.5914	39.6042	39.6223	39.6312	39.6708	39.6627	39.6511	39.6545	39.6575	39.6699	39.6902	39.6861	39.6578	39.6564	39.6643	39.6595	39.653	39.6554	39.6376	39.6225	39.6248	39.6276	39.6215	39.6021	39.6069	39.6088	39.6172	39.6276	39.5927	39.5875	39.6024	39.5954	39.5969	39.5907	39.5845	39.6018	39.5976	39.594	39.5809	39.5788	39.5787	39.5699	39.5684	39.5509	39.5683	39.5534	39.5453	39.5542	39.542	39.5353	39.5387	39.538	39.5128	39.4983	39.5068	39.511	39.5104	39.5013	39.4817	39.4692	39.4923	39.4819	39.4786	39.4619	39.4706	39.4682	39.4608	39.4538	39.3696	39.4467	39.4335	39.447	39.4314	39.4252	39.4263	39.4082	39.4123	39.4094	39.3981	39.382	39.3832	39.3825	39.3742	39.3726	39.363	39.3426	39.3516	39.3437	39.3305	39.3365	39.3311	39.2963	39.3086	39.2951	39.2818	39.2803	39.2674	39.2506	39.2429	39.2407	39.2321	39.2279	39.2117	39.2054	39.1911	39.1804	39.1596	39.1456	39.1575	39.1295	39.1317	39.1116	39.0972	39.0882	39.0666	39.0515	39.0478	39.0195	38.9865	39.0169	39.0186	38.9921	38.9466	38.9214	38.9317	38.9247	38.8746	38.8976	38.8554	38.8856	38.878	38.8643	38.8801	38.8672	38.8608	38.8799	38.9344	39.0229	39.3902
Sor-ACeb_005-Ex1-12E-lcwgs-1-3-L2-fastp	39.2762	39.1009	39.29	39.4047	39.3878	39.4643	39.4616	39.4397	39.4573	39.4571	39.5127	39.4988	39.5234	39.5149	39.5039	39.5787	39.5878	39.5837	39.586	39.5877	39.6	39.6022	39.5788	39.5914	39.5898	39.5896	39.5784	39.5782	39.5748	39.5659	39.553	39.5719	39.5845	39.5808	39.5778	39.5658	39.5656	39.5292	39.5518	39.5465	39.5456	39.5422	39.5363	39.5352	39.5234	39.5071	39.5282	39.5233	39.5225	39.5218	39.5217	39.5053	39.4937	39.4865	39.4892	39.4865	39.4846	39.4788	39.4789	39.4675	39.4453	39.4464	39.4578	39.4533	39.4402	39.4385	39.4445	39.4371	39.4265	39.4154	39.4281	39.4321	39.4273	39.4172	39.4113	39.4032	39.3918	39.3835	39.3862	39.3902	39.377	39.372	39.37	39.3594	39.3405	39.3424	39.3452	39.3418	39.3346	39.3264	39.32	39.3129	39.2924	39.2887	39.2863	39.2907	39.279	39.2727	39.2545	39.259	39.2483	39.2258	39.2242	39.2266	39.2078	39.1952	39.1779	39.1619	39.1558	39.1365	39.122	39.1147	39.1005	39.0941	39.0784	39.0665	39.0573	39.0354	38.9865	39.0125	39.0163	39.0019	38.9945	38.9911	38.9762	38.9682	38.9523	38.9503	38.9686	38.9659	38.9564	38.9705	38.9505	38.9494	38.9459	38.9584	38.9647	38.9752	38.9804	38.9703	38.9829	38.9829	38.9415	38.9854	38.9842	38.9946	38.9987	39.0253	39.0525	39.2867
Sor-ACeb_005-Ex1-12E-lcwgs-1-3-L3-fastp	39.1856	39.0869	39.4759	39.57	39.5787	39.3365	39.722	39.637	39.5341	39.5392	39.604	39.605	39.6212	39.6363	39.6447	39.6833	39.675	39.661	39.6637	39.6612	39.6837	39.696	39.693	39.6602	39.6674	39.6699	39.6695	39.6619	39.6649	39.6503	39.636	39.6404	39.641	39.6338	39.6122	39.6182	39.6147	39.6234	39.6365	39.6061	39.6009	39.6115	39.6037	39.5992	39.6003	39.5933	39.6108	39.6053	39.6022	39.594	39.5893	39.5829	39.572	39.5755	39.5582	39.5739	39.5597	39.5568	39.5621	39.55	39.545	39.5453	39.5443	39.5218	39.5056	39.5152	39.5177	39.5181	39.509	39.489	39.4753	39.5054	39.4908	39.4877	39.47	39.4814	39.4781	39.471	39.4657	39.3787	39.46	39.4473	39.4614	39.4499	39.4403	39.4432	39.427	39.4297	39.428	39.4192	39.4073	39.4079	39.4089	39.4026	39.3986	39.3966	39.3756	39.3852	39.3807	39.372	39.3764	39.3745	39.3442	39.3526	39.347	39.3362	39.3432	39.3372	39.3143	39.3165	39.3164	39.3087	39.315	39.3005	39.2997	39.2914	39.2804	39.2736	39.2604	39.2876	39.2603	39.2706	39.2611	39.2556	39.2548	39.2445	39.2406	39.2335	39.2337	39.2099	39.2439	39.2574	39.2464	39.2108	39.1996	39.2191	39.2216	39.1752	39.2126	39.1717	39.2205	39.2125	39.2221	39.2417	39.235	39.2286	39.2351	39.2503	39.2844	39.5241
Sor-ACeb_006-Ex1-1F-lcwgs-1-3-L2-fastp	39.2537	39.1423	39.2348	39.2808	39.3691	39.4501	39.4636	39.3988	39.4031	39.3915	39.4631	39.4639	39.4897	39.4819	39.4729	39.5477	39.5593	39.5577	39.562	39.5622	39.5704	39.5711	39.5513	39.563	39.5613	39.5542	39.5452	39.5468	39.5388	39.5348	39.523	39.5428	39.5558	39.5495	39.5489	39.5375	39.5374	39.504	39.5249	39.5202	39.5228	39.5206	39.5153	39.5133	39.499	39.4799	39.5062	39.4997	39.5013	39.5003	39.5041	39.4897	39.477	39.4706	39.4718	39.4711	39.4652	39.456	39.4577	39.4474	39.4255	39.4281	39.4381	39.4374	39.4211	39.423	39.4302	39.4226	39.409	39.3986	39.4155	39.4161	39.4151	39.4054	39.4025	39.395	39.3826	39.3748	39.3777	39.3816	39.3667	39.3667	39.3654	39.3527	39.334	39.3394	39.3414	39.334	39.3292	39.3195	39.3121	39.3048	39.2862	39.2807	39.2815	39.2828	39.2685	39.2629	39.2463	39.2469	39.2384	39.2126	39.2117	39.21	39.1901	39.1784	39.1614	39.1405	39.1278	39.108	39.0919	39.0829	39.0657	39.0564	39.037	39.0197	38.9996	38.9804	38.9284	38.9434	38.9403	38.918	38.9047	38.896	38.8705	38.8527	38.8301	38.8211	38.8265	38.8195	38.8	38.7991	38.7683	38.7618	38.7442	38.7481	38.7485	38.7455	38.7493	38.7418	38.7304	38.7204	38.669	38.7035	38.6983	38.7162	38.722	38.7647	38.8298	39.1648
Sor-ACeb_006-Ex1-1F-lcwgs-1-3-L3-fastp	39.3191	39.3072	39.4839	39.4846	39.5701	39.2363	39.7236	39.6254	39.505	39.5041	39.566	39.577	39.5964	39.6117	39.6213	39.6571	39.6517	39.638	39.6428	39.643	39.6561	39.6742	39.6702	39.64	39.6379	39.6453	39.6399	39.6354	39.6296	39.6233	39.6097	39.609	39.6103	39.6012	39.5817	39.5863	39.5848	39.5989	39.6107	39.5765	39.5744	39.5851	39.5802	39.5802	39.5718	39.5648	39.5851	39.5777	39.5754	39.5646	39.5618	39.5604	39.5516	39.5516	39.5317	39.5491	39.5324	39.5263	39.5362	39.5207	39.5163	39.5196	39.5186	39.4926	39.4771	39.4845	39.4877	39.4894	39.4776	39.4586	39.4468	39.4746	39.4584	39.4595	39.4412	39.4512	39.4477	39.4389	39.4323	39.3498	39.4276	39.4127	39.4307	39.4161	39.4089	39.4122	39.3911	39.3957	39.3961	39.3838	39.3668	39.3712	39.3715	39.3641	39.3632	39.3538	39.3312	39.343	39.3363	39.3264	39.333	39.3265	39.2942	39.3024	39.2957	39.2782	39.2827	39.2712	39.2541	39.2489	39.2453	39.2368	39.2381	39.2211	39.2198	39.202	39.1914	39.1804	39.1605	39.1787	39.1455	39.152	39.1428	39.1278	39.1222	39.1107	39.0958	39.0869	39.0784	39.0433	39.0681	39.0745	39.0542	39.0105	38.9843	39.0067	39.0075	38.9528	38.9865	38.9365	38.9762	38.9673	38.9723	38.9922	38.9741	38.9774	38.986	39.0234	39.0944	39.4244
Sor-ACeb_007-Ex1-2F-lcwgs-1-3-L2-fastp	39.2635	39.1593	39.2702	39.3179	39.4018	39.4753	39.4882	39.4244	39.432	39.4261	39.4915	39.49	39.5086	39.5057	39.4944	39.5621	39.5715	39.5684	39.5762	39.5758	39.5813	39.5843	39.5595	39.5692	39.5719	39.5623	39.5569	39.5581	39.5406	39.5416	39.5266	39.5462	39.5539	39.5449	39.5445	39.5362	39.5333	39.4995	39.5177	39.5134	39.5164	39.5143	39.5071	39.5047	39.4889	39.4675	39.4883	39.4784	39.4812	39.4777	39.4809	39.4598	39.448	39.4251	39.4324	39.4337	39.4275	39.4115	39.4127	39.3987	39.374	39.3706	39.3751	39.3802	39.3602	39.3562	39.3493	39.3372	39.3297	39.3123	39.3278	39.3243	39.3226	39.3022	39.2989	39.2879	39.2744	39.2667	39.2647	39.2632	39.2423	39.2495	39.2354	39.2217	39.2104	39.2058	39.2104	39.1977	39.1934	39.1826	39.1723	39.1672	39.141	39.1341	39.125	39.1296	39.1041	39.1141	39.0802	39.0924	39.0738	39.0465	39.0408	39.0354	39.0034	39.0083	38.9797	38.9571	38.9374	38.9181	38.8883	38.877	38.8702	38.8464	38.8196	38.8135	38.79	38.7578	38.6683	38.6994	38.7016	38.6702	38.6558	38.6367	38.6062	38.5727	38.5713	38.5425	38.5423	38.56	38.5382	38.5304	38.4725	38.4783	38.4663	38.4678	38.46	38.467	38.4579	38.449	38.4716	38.4347	38.4232	38.459	38.4397	38.4556	38.4489	38.5303	38.6123	39.0401
Sor-ACeb_007-Ex1-2F-lcwgs-1-3-L3-fastp	39.3203	39.2521	39.4778	39.4942	39.5903	39.2655	39.7297	39.6473	39.5384	39.5344	39.5841	39.5951	39.6099	39.6283	39.6372	39.6698	39.6665	39.6503	39.6549	39.6541	39.668	39.6837	39.6732	39.65	39.6445	39.6531	39.6488	39.6386	39.6386	39.6317	39.6094	39.6188	39.6145	39.6011	39.5831	39.5902	39.591	39.6016	39.6126	39.5771	39.5743	39.5888	39.5745	39.5728	39.5656	39.5583	39.5741	39.5637	39.5636	39.5455	39.5412	39.5435	39.5295	39.5231	39.4993	39.5141	39.494	39.4889	39.4928	39.4744	39.4658	39.4598	39.4544	39.4255	39.4172	39.4109	39.4142	39.4118	39.3929	39.368	39.3639	39.3882	39.3638	39.3582	39.3418	39.3486	39.3459	39.3372	39.322	39.2388	39.311	39.3021	39.3033	39.2933	39.2788	39.293	39.2521	39.2608	39.248	39.2523	39.2371	39.2204	39.2188	39.2167	39.206	39.1909	39.1696	39.192	39.1734	39.1596	39.1835	39.167	39.136	39.1346	39.124	39.109	39.1082	39.1066	39.0784	39.0725	39.0562	39.0609	39.0647	39.0303	39.0479	39.0176	38.9916	38.985	38.9617	38.9948	38.9304	38.9556	38.9529	38.9271	38.932	38.8881	38.8903	38.8817	38.8673	38.8248	38.8592	38.8566	38.8356	38.8088	38.7507	38.8073	38.7714	38.7244	38.7541	38.6914	38.7419	38.7322	38.7445	38.7469	38.729	38.7111	38.724	38.7965	38.9177	39.3217
Sor-ACeb_008-Ex1-3F-lcwgs-1-3-L2-fastp	39.2984	39.1843	39.2791	39.3204	39.4031	39.4862	39.4952	39.4304	39.4369	39.4298	39.496	39.4946	39.5158	39.5081	39.4967	39.5669	39.5758	39.5733	39.5765	39.5762	39.5814	39.5825	39.5601	39.5708	39.5651	39.5556	39.5468	39.5467	39.5361	39.5339	39.5183	39.537	39.5471	39.5404	39.5399	39.5271	39.5248	39.4927	39.5124	39.5072	39.5055	39.5034	39.4957	39.4948	39.4785	39.4562	39.4812	39.4752	39.4762	39.4767	39.4742	39.4606	39.4456	39.4401	39.4402	39.4384	39.4289	39.4194	39.4198	39.4112	39.3861	39.3891	39.394	39.3952	39.376	39.3777	39.3828	39.3732	39.3576	39.3466	39.3568	39.36	39.357	39.347	39.3405	39.333	39.3184	39.3076	39.3081	39.3097	39.2951	39.2937	39.2858	39.2701	39.2499	39.2513	39.2495	39.2404	39.2299	39.2198	39.2078	39.1972	39.1734	39.1642	39.158	39.1545	39.1356	39.1239	39.1	39.0989	39.0803	39.0481	39.0417	39.0338	39.0032	38.9839	38.9573	38.9282	38.9043	38.8751	38.847	38.8276	38.7931	38.7741	38.7397	38.7074	38.6686	38.6324	38.568	38.5623	38.5377	38.4965	38.4578	38.4299	38.3779	38.3371	38.2957	38.2622	38.2405	38.1963	38.1559	38.1348	38.0742	38.0401	37.989	37.9666	37.9378	37.9084	37.883	37.851	37.8242	37.7778	37.7025	37.6896	37.6567	37.6493	37.6851	37.8001	38.0442	38.7501
Sor-ACeb_008-Ex1-3F-lcwgs-1-3-L3-fastp	39.3444	39.3081	39.5074	39.5054	39.5991	39.3014	39.7398	39.6502	39.5362	39.5371	39.5929	39.5986	39.6146	39.6282	39.6365	39.6686	39.6634	39.6518	39.6581	39.6576	39.6634	39.6805	39.6754	39.6488	39.6423	39.6477	39.6438	39.6355	39.6315	39.6225	39.6047	39.6089	39.6069	39.5944	39.5754	39.5851	39.5813	39.593	39.6026	39.5705	39.5636	39.5761	39.5686	39.571	39.5613	39.5524	39.5703	39.5641	39.5589	39.5478	39.5438	39.5421	39.5327	39.531	39.5106	39.5282	39.5078	39.5017	39.5103	39.4956	39.4887	39.4929	39.4875	39.4629	39.4473	39.4534	39.4541	39.4551	39.442	39.4204	39.4077	39.4336	39.4179	39.417	39.396	39.4058	39.399	39.391	39.3815	39.2963	39.3732	39.3593	39.3729	39.3582	39.3467	39.3494	39.3254	39.3272	39.3265	39.3109	39.2913	39.2938	39.2915	39.2788	39.278	39.2635	39.2405	39.2486	39.2352	39.2234	39.2226	39.2133	39.1763	39.1818	39.1661	39.1477	39.1435	39.122	39.1018	39.0885	39.0741	39.0586	39.0516	39.0266	39.009	38.9866	38.9644	38.9425	38.9126	38.9071	38.8668	38.8552	38.8304	38.7944	38.768	38.7416	38.7015	38.6777	38.6403	38.5765	38.583	38.5547	38.5118	38.436	38.3815	38.3696	38.3514	38.2565	38.2603	38.1912	38.2075	38.1642	38.1466	38.122	38.0844	38.0857	38.1097	38.2123	38.4437	39.0769
Sor-ACeb_009-Ex1-4F-lcwgs-1-3-L2-fastp	39.2861	39.1629	39.274	39.3132	39.401	39.4819	39.4946	39.4279	39.4394	39.4346	39.5	39.4982	39.5167	39.5102	39.5026	39.568	39.5817	39.5771	39.5814	39.5806	39.5875	39.5893	39.5683	39.577	39.5738	39.5654	39.5581	39.5555	39.5484	39.5458	39.5309	39.5521	39.5614	39.5553	39.5501	39.5426	39.5398	39.5089	39.5293	39.5266	39.524	39.521	39.5168	39.5175	39.4972	39.4759	39.504	39.4981	39.4986	39.5023	39.4986	39.4842	39.4728	39.467	39.4693	39.4697	39.457	39.4477	39.4515	39.4455	39.4199	39.4235	39.4324	39.4318	39.418	39.4176	39.4216	39.4133	39.4008	39.3922	39.4037	39.4081	39.401	39.3963	39.393	39.3892	39.3715	39.3639	39.3698	39.3755	39.3582	39.3516	39.3478	39.3332	39.3126	39.3192	39.3211	39.3165	39.3012	39.3018	39.2943	39.2807	39.2572	39.2493	39.2467	39.2424	39.2423	39.2288	39.2037	39.202	39.1923	39.1559	39.1523	39.1584	39.1457	39.1193	39.0924	39.0646	39.0594	39.0295	39.0156	38.9825	38.9618	38.9332	38.9098	38.9083	38.8828	38.8475	38.7913	38.7949	38.7767	38.7504	38.703	38.6973	38.664	38.6278	38.6078	38.5726	38.561	38.5269	38.5202	38.4958	38.458	38.4253	38.4088	38.3524	38.3617	38.3204	38.3083	38.3161	38.259	38.2433	38.1949	38.1548	38.2078	38.1977	38.2846	38.2958	38.4487	38.9956
Sor-ACeb_009-Ex1-4F-lcwgs-1-3-L3-fastp	39.3235	39.2536	39.4843	39.4894	39.5857	39.2711	39.7348	39.6432	39.5401	39.5366	39.5938	39.5965	39.6125	39.6288	39.6373	39.6675	39.6633	39.6464	39.6521	39.654	39.6635	39.6838	39.6756	39.6475	39.6434	39.6499	39.6464	39.6391	39.6343	39.6284	39.6101	39.6164	39.6138	39.5988	39.5847	39.5926	39.5864	39.6013	39.6105	39.5808	39.5761	39.589	39.5808	39.5812	39.5754	39.5673	39.5853	39.5788	39.5762	39.5629	39.5597	39.5579	39.5475	39.5496	39.5325	39.5533	39.5321	39.5288	39.5338	39.5225	39.5125	39.5171	39.5141	39.4914	39.4821	39.4785	39.4876	39.4849	39.4796	39.455	39.442	39.471	39.4597	39.4605	39.443	39.4464	39.4408	39.4314	39.4286	39.3382	39.42	39.4079	39.4261	39.396	39.3987	39.4006	39.3765	39.3865	39.3807	39.3723	39.3475	39.3518	39.3502	39.3476	39.3492	39.3264	39.3181	39.3224	39.3038	39.2984	39.2944	39.2876	39.2527	39.2657	39.2481	39.2237	39.2304	39.2063	39.1827	39.1878	39.1639	39.1485	39.1593	39.1501	39.13	39.1068	39.1045	39.0863	39.036	39.0555	39.012	39.005	39.0048	38.9666	38.9698	38.9346	38.9278	38.8995	38.8568	38.8024	38.8655	38.8063	38.7954	38.71	38.7084	38.7099	38.6803	38.5912	38.6408	38.5401	38.6008	38.5088	38.5523	38.5199	38.5174	38.5054	38.5863	38.6564	38.7642	39.2949
Sor-ACeb_010-Ex1-5F-lcwgs-1-3-L2-fastp	39.2816	39.1745	39.2758	39.3204	39.4038	39.4827	39.4957	39.4337	39.4432	39.4348	39.4982	39.4975	39.5215	39.515	39.5042	39.5708	39.5818	39.5791	39.5831	39.5831	39.5902	39.5905	39.5704	39.5802	39.5767	39.5686	39.559	39.5609	39.5518	39.5489	39.5355	39.554	39.5641	39.5578	39.5565	39.5452	39.5427	39.5109	39.5301	39.5258	39.5267	39.5241	39.5168	39.5167	39.5	39.4799	39.505	39.4991	39.5001	39.4997	39.5007	39.4865	39.4753	39.4678	39.4673	39.467	39.4604	39.4527	39.4527	39.4443	39.4213	39.4242	39.4331	39.4332	39.4165	39.4176	39.4233	39.4156	39.4016	39.3915	39.4053	39.4078	39.4072	39.3979	39.3925	39.3851	39.3721	39.3651	39.367	39.3688	39.3557	39.3552	39.3525	39.3406	39.3223	39.3265	39.3272	39.3205	39.3132	39.3048	39.2979	39.2894	39.2732	39.2658	39.2654	39.2658	39.252	39.246	39.2272	39.2285	39.2206	39.1945	39.1928	39.1918	39.1704	39.1586	39.1409	39.1183	39.1077	39.0856	39.0687	39.0597	39.0419	39.0294	39.0103	38.9915	38.9724	38.9502	38.8958	38.9109	38.9033	38.8836	38.8663	38.8534	38.8305	38.8109	38.7866	38.7736	38.7717	38.7623	38.7419	38.741	38.71	38.6989	38.6802	38.6789	38.6787	38.6715	38.6678	38.6547	38.6489	38.635	38.5885	38.618	38.6159	38.6358	38.6491	38.7023	38.7889	39.1585
Sor-ACeb_010-Ex1-5F-lcwgs-1-3-L3-fastp	39.3338	39.2697	39.4932	39.5035	39.5986	39.2807	39.7427	39.6535	39.5441	39.5473	39.6017	39.6109	39.6277	39.6422	39.6501	39.68	39.6757	39.6642	39.67	39.6693	39.6791	39.6949	39.6899	39.6637	39.659	39.6649	39.6593	39.6542	39.6499	39.6425	39.6262	39.6303	39.6289	39.618	39.5988	39.6052	39.6027	39.6125	39.6227	39.5923	39.5876	39.5998	39.5922	39.5918	39.583	39.5769	39.5944	39.5879	39.5842	39.575	39.5716	39.5708	39.5625	39.5599	39.5396	39.5576	39.5399	39.5343	39.5438	39.5298	39.5248	39.5276	39.5254	39.5018	39.4864	39.494	39.4951	39.4973	39.4858	39.4667	39.4563	39.483	39.4688	39.4676	39.4493	39.4604	39.4549	39.448	39.4413	39.3565	39.4358	39.4233	39.4398	39.4242	39.4169	39.4207	39.3997	39.4035	39.404	39.392	39.3765	39.3801	39.3802	39.3739	39.3732	39.364	39.3442	39.3549	39.3459	39.3364	39.3431	39.3365	39.3062	39.3143	39.308	39.2921	39.2956	39.2834	39.265	39.2598	39.2563	39.2485	39.2497	39.2323	39.2289	39.2173	39.2042	39.191	39.1752	39.1876	39.1577	39.1634	39.1495	39.134	39.1269	39.1151	39.1017	39.0905	39.078	39.0414	39.0724	39.0725	39.0539	39.0079	38.9861	39.0005	39.0015	38.9435	38.9737	38.9249	38.9667	38.9545	38.9537	38.9658	38.9512	38.955	38.9661	39.0056	39.0868	39.4262
Sor-ACeb_011-Ex1-6F-lcwgs-1-3-L2-fastp	39.2776	39.1354	39.2862	39.3374	39.4162	39.4822	39.4993	39.4489	39.4538	39.4362	39.4935	39.4972	39.5198	39.5139	39.5005	39.5782	39.5867	39.581	39.583	39.5811	39.5884	39.5897	39.5652	39.574	39.5734	39.5663	39.5595	39.5588	39.5498	39.5455	39.53	39.5507	39.561	39.5544	39.5527	39.5383	39.5337	39.5011	39.5212	39.518	39.516	39.5103	39.5044	39.5009	39.4874	39.4684	39.4898	39.4828	39.4848	39.4818	39.4817	39.4639	39.4482	39.4444	39.4424	39.4396	39.4352	39.4281	39.428	39.4194	39.3967	39.3959	39.4026	39.4035	39.3879	39.3873	39.3911	39.383	39.3707	39.3618	39.3754	39.3767	39.374	39.3624	39.3579	39.3503	39.337	39.3292	39.3315	39.334	39.3233	39.3216	39.3204	39.3099	39.2906	39.2964	39.2994	39.2941	39.2865	39.2797	39.275	39.2685	39.2523	39.2475	39.2494	39.2546	39.2394	39.2373	39.2221	39.227	39.2183	39.195	39.1959	39.197	39.1827	39.1725	39.156	39.1391	39.1326	39.1132	39.1019	39.0972	39.0806	39.0797	39.0637	39.0523	39.0429	39.0247	38.976	39.0039	39.0058	38.9937	38.9868	38.9856	38.9719	38.9639	38.949	38.9466	38.9635	38.9639	38.9563	38.9677	38.9506	38.9508	38.9444	38.9577	38.9691	38.9747	38.9851	38.9822	38.9836	38.9843	38.9455	38.988	38.9897	39.0014	39.0073	39.0302	39.0565	39.2894
Sor-ACeb_011-Ex1-6F-lcwgs-1-3-L3-fastp	39.3241	39.2454	39.4881	39.5164	39.5936	39.2194	39.7254	39.6411	39.5303	39.5273	39.5971	39.6073	39.624	39.6408	39.646	39.6778	39.6747	39.6592	39.6622	39.6584	39.6759	39.6886	39.684	39.6527	39.6567	39.6591	39.6571	39.6496	39.6452	39.6411	39.6252	39.6287	39.6279	39.6123	39.5952	39.5975	39.592	39.6044	39.6185	39.5875	39.5853	39.5913	39.5836	39.5764	39.5784	39.5685	39.5859	39.5796	39.5759	39.5674	39.5641	39.5537	39.5411	39.5464	39.5268	39.5419	39.5259	39.5207	39.5286	39.5148	39.5105	39.5086	39.5078	39.4838	39.4716	39.4755	39.4768	39.4778	39.4683	39.4494	39.437	39.4686	39.4502	39.451	39.4333	39.446	39.4412	39.4327	39.4267	39.3409	39.423	39.4117	39.4282	39.4158	39.407	39.4122	39.3927	39.3958	39.3962	39.3886	39.3741	39.3792	39.379	39.3755	39.3737	39.3702	39.3508	39.3618	39.3599	39.3482	39.3563	39.3544	39.3247	39.3351	39.3326	39.3188	39.3265	39.3197	39.3037	39.3014	39.3007	39.2982	39.3016	39.2882	39.2889	39.281	39.2736	39.2644	39.2514	39.2799	39.2484	39.2632	39.2563	39.2474	39.2464	39.242	39.2326	39.2336	39.2336	39.2051	39.2417	39.2524	39.243	39.2018	39.1938	39.2154	39.2229	39.1761	39.2132	39.1684	39.2169	39.2142	39.2211	39.2408	39.2308	39.2309	39.2359	39.2494	39.2883	39.5219
Sor-ACeb_012-Ex1-7F-lcwgs-1-3-L2-fastp	39.2832	39.1682	39.2559	39.3028	39.3854	39.4703	39.4796	39.4174	39.4261	39.4151	39.4829	39.4827	39.5065	39.4989	39.4874	39.5606	39.5703	39.5686	39.5734	39.5746	39.5804	39.5819	39.5609	39.5728	39.5681	39.5608	39.5511	39.5521	39.5442	39.5394	39.5278	39.5466	39.5585	39.5522	39.5511	39.5396	39.5371	39.5042	39.5248	39.5201	39.5215	39.5188	39.5117	39.512	39.4959	39.4746	39.5008	39.4953	39.498	39.4965	39.4964	39.4832	39.4717	39.4643	39.4634	39.463	39.4555	39.4467	39.4475	39.4378	39.4132	39.4169	39.4244	39.4245	39.4087	39.4096	39.4142	39.4059	39.3893	39.3795	39.3917	39.3937	39.3926	39.3819	39.3766	39.3682	39.3549	39.3478	39.3498	39.3492	39.3339	39.334	39.3295	39.3163	39.2966	39.2993	39.3004	39.294	39.2854	39.2738	39.2676	39.2562	39.2372	39.2304	39.2266	39.2281	39.2107	39.2041	39.185	39.1857	39.1768	39.1467	39.1439	39.1412	39.117	39.1039	39.0842	39.0599	39.0471	39.0253	39.0043	38.9918	38.9709	38.9576	38.9351	38.913	38.8931	38.8638	38.8057	38.8201	38.8124	38.788	38.7667	38.749	38.7228	38.7001	38.6739	38.6555	38.6514	38.6411	38.6233	38.6186	38.5835	38.5699	38.5482	38.5462	38.5436	38.5345	38.5265	38.5143	38.5117	38.4984	38.4375	38.4671	38.46	38.4842	38.4962	38.5532	38.6507	39.0717
Sor-ACeb_012-Ex1-7F-lcwgs-1-3-L3-fastp	39.3456	39.318	39.4975	39.4947	39.5847	39.279	39.7285	39.6403	39.5238	39.5224	39.581	39.5874	39.6055	39.6207	39.6281	39.6634	39.6572	39.6457	39.654	39.6533	39.6615	39.6799	39.6751	39.6481	39.6408	39.6487	39.6423	39.6366	39.6318	39.6227	39.6085	39.6102	39.6101	39.6004	39.5798	39.5876	39.5864	39.5977	39.6063	39.574	39.5692	39.5826	39.5747	39.5758	39.5657	39.5581	39.5771	39.5717	39.5681	39.5559	39.552	39.5528	39.5448	39.5417	39.5201	39.5389	39.5195	39.5131	39.5232	39.5072	39.5005	39.5048	39.5002	39.4744	39.4611	39.4662	39.4676	39.4693	39.4563	39.4349	39.4232	39.4497	39.433	39.431	39.4107	39.4218	39.4172	39.4103	39.4014	39.3138	39.3925	39.3783	39.3953	39.3783	39.3686	39.3733	39.3489	39.3525	39.3546	39.3404	39.3225	39.3232	39.3221	39.3151	39.3137	39.3011	39.277	39.2917	39.28	39.2714	39.2747	39.2671	39.2332	39.2406	39.2323	39.2151	39.2175	39.2002	39.1813	39.1756	39.1702	39.1617	39.1596	39.141	39.1357	39.1204	39.1038	39.0872	39.0689	39.0823	39.0481	39.0516	39.0355	39.0142	39.006	38.9871	38.9715	38.9588	38.9415	38.9043	38.9282	38.9269	38.906	38.8509	38.8206	38.834	38.8291	38.7709	38.7971	38.7404	38.7827	38.7691	38.7656	38.7753	38.7504	38.7589	38.7759	38.8218	38.9299	39.3334
Sor-ACeb_013-Ex1-8F-lcwgs-1-3-L2-fastp	39.2788	39.1581	39.2598	39.3073	39.3906	39.4679	39.4804	39.4211	39.424	39.4116	39.4796	39.4811	39.5075	39.501	39.4889	39.5658	39.5764	39.5733	39.5769	39.5777	39.5849	39.587	39.5657	39.5767	39.5748	39.5694	39.5601	39.5632	39.5546	39.5522	39.5396	39.5605	39.5733	39.5678	39.5672	39.5536	39.5514	39.5194	39.5398	39.5356	39.5369	39.5349	39.5277	39.5272	39.5139	39.4955	39.5205	39.5141	39.5172	39.5155	39.5174	39.5035	39.4907	39.486	39.4852	39.4836	39.4815	39.4734	39.4745	39.4663	39.4427	39.4468	39.4547	39.4563	39.4402	39.4417	39.4474	39.4404	39.4277	39.4177	39.4316	39.4349	39.4324	39.4226	39.4186	39.4115	39.3992	39.3922	39.3946	39.3968	39.3832	39.3833	39.3811	39.3702	39.3514	39.3572	39.3583	39.3534	39.3468	39.3393	39.3322	39.3255	39.3084	39.3023	39.3036	39.3061	39.2927	39.2886	39.2717	39.2766	39.2696	39.2451	39.244	39.2457	39.2279	39.2183	39.2007	39.1853	39.1747	39.1562	39.1452	39.1382	39.1225	39.1182	39.1027	39.088	39.0767	39.0569	39.0058	39.0335	39.0341	39.0199	39.0108	39.0086	38.9927	38.9837	38.9659	38.9626	38.9768	38.9768	38.9654	38.9764	38.9579	38.9577	38.9495	38.9646	38.9717	38.9782	38.9877	38.9829	38.9864	38.9813	38.9388	38.9822	38.9859	38.9985	39.0022	39.0256	39.0499	39.2781
Sor-ACeb_013-Ex1-8F-lcwgs-1-3-L3-fastp	39.3455	39.3229	39.5071	39.5069	39.5883	39.2602	39.7246	39.6317	39.5098	39.5168	39.5852	39.5916	39.6115	39.6278	39.636	39.6703	39.6641	39.6507	39.6565	39.6553	39.6691	39.6855	39.6809	39.6522	39.6496	39.657	39.6526	39.6477	39.6432	39.6373	39.6224	39.6254	39.6271	39.6165	39.5964	39.6017	39.599	39.6111	39.6228	39.5902	39.5873	39.5988	39.5908	39.5896	39.5847	39.5769	39.5967	39.5909	39.5882	39.5776	39.5747	39.5723	39.5623	39.564	39.5429	39.5615	39.5468	39.5403	39.5497	39.5359	39.531	39.5336	39.5327	39.5079	39.4934	39.5003	39.503	39.5061	39.4946	39.4747	39.4633	39.494	39.4773	39.4761	39.4583	39.4697	39.466	39.459	39.4523	39.3659	39.447	39.4342	39.4518	39.438	39.4301	39.4347	39.414	39.4183	39.4191	39.4093	39.394	39.398	39.398	39.3941	39.3927	39.3863	39.3653	39.3783	39.3726	39.3634	39.3699	39.3679	39.3359	39.3479	39.3418	39.3276	39.335	39.3275	39.3086	39.3076	39.3065	39.3046	39.307	39.2915	39.2938	39.2838	39.2749	39.2662	39.2521	39.2807	39.2492	39.2625	39.2554	39.2443	39.2436	39.2379	39.2329	39.231	39.2302	39.202	39.2375	39.2508	39.2394	39.1998	39.1889	39.2124	39.2186	39.1718	39.2092	39.1643	39.2176	39.2104	39.218	39.2388	39.228	39.2292	39.2352	39.2498	39.2855	39.5198
Sor-ACeb_014-Ex1-9F-lcwgs-1-3-L2-fastp	39.2861	39.178	39.2689	39.3137	39.3956	39.4771	39.4885	39.4269	39.4352	39.4239	39.4904	39.4891	39.5133	39.5067	39.495	39.5643	39.5748	39.5724	39.5765	39.5771	39.5837	39.5848	39.5635	39.5746	39.571	39.5633	39.5536	39.5558	39.5469	39.5439	39.531	39.5502	39.561	39.556	39.5545	39.5432	39.5405	39.5088	39.5282	39.5237	39.5246	39.5221	39.5146	39.5149	39.4994	39.4794	39.5054	39.4992	39.5008	39.5003	39.5012	39.4881	39.4755	39.4696	39.4691	39.4683	39.4631	39.4543	39.4555	39.446	39.4231	39.4269	39.4352	39.435	39.4184	39.4212	39.4262	39.4191	39.4053	39.3948	39.4081	39.4112	39.4103	39.4004	39.3951	39.3879	39.3762	39.3692	39.3708	39.3719	39.3579	39.3574	39.3551	39.3429	39.3246	39.3282	39.329	39.3231	39.3164	39.3059	39.2998	39.2914	39.2732	39.2669	39.2649	39.2657	39.2516	39.2452	39.2259	39.2289	39.2202	39.1934	39.1923	39.1913	39.1687	39.159	39.1398	39.1201	39.1085	39.087	39.0711	39.0622	39.0435	39.0335	39.0125	38.9974	38.9795	38.9574	38.9043	38.9211	38.9171	38.8977	38.8834	38.8744	38.8552	38.8397	38.8186	38.811	38.8117	38.8078	38.7933	38.7961	38.7714	38.7653	38.7531	38.7609	38.7638	38.7626	38.768	38.7619	38.7615	38.7514	38.712	38.7487	38.7491	38.7683	38.7769	38.8234	38.887	39.2025
Sor-ACeb_014-Ex1-9F-lcwgs-1-3-L3-fastp	39.3425	39.3018	39.5023	39.5055	39.5974	39.2946	39.7385	39.6501	39.5377	39.5406	39.5972	39.6025	39.62	39.6348	39.643	39.6752	39.6688	39.6576	39.664	39.6638	39.6729	39.6893	39.684	39.6581	39.6519	39.6593	39.6538	39.6487	39.6442	39.6367	39.6208	39.625	39.6237	39.6153	39.5946	39.6019	39.5999	39.611	39.6202	39.5889	39.5839	39.5965	39.5892	39.5903	39.5812	39.5748	39.5931	39.5871	39.5834	39.5732	39.5697	39.5705	39.562	39.5602	39.54	39.5578	39.5413	39.5352	39.5442	39.53	39.5247	39.5287	39.5265	39.5023	39.4868	39.4947	39.4966	39.4989	39.4875	39.4673	39.4564	39.4841	39.4693	39.4681	39.4494	39.4593	39.4558	39.4491	39.4418	39.356	39.4357	39.4222	39.4386	39.4231	39.4166	39.4196	39.3992	39.4032	39.4034	39.3916	39.3761	39.3791	39.379	39.3726	39.3703	39.3616	39.3407	39.3524	39.3434	39.334	39.3398	39.3336	39.3036	39.3122	39.304	39.2892	39.2929	39.281	39.2646	39.2595	39.256	39.2497	39.2499	39.2331	39.2312	39.2178	39.2072	39.1939	39.1793	39.1954	39.1655	39.1743	39.1603	39.1463	39.1413	39.1302	39.1212	39.1149	39.1055	39.0707	39.1025	39.1093	39.0902	39.0482	39.0317	39.0489	39.0513	38.9999	39.0325	38.9869	39.0333	39.0252	39.0295	39.0474	39.0346	39.0404	39.0509	39.0821	39.1532	39.4563
Sor-ACeb_015-Ex1-10F-lcwgs-1-3-L2-fastp	39.2758	39.1603	39.2545	39.2972	39.3836	39.4671	39.4782	39.4144	39.425	39.4132	39.4808	39.4816	39.5081	39.5001	39.4898	39.56	39.5705	39.5694	39.5737	39.5731	39.5812	39.5824	39.5634	39.5727	39.569	39.5623	39.5525	39.5536	39.5439	39.5409	39.5314	39.5495	39.5598	39.555	39.554	39.542	39.5394	39.5081	39.527	39.5217	39.5243	39.5208	39.5138	39.515	39.499	39.477	39.5042	39.4976	39.5013	39.4995	39.4996	39.4862	39.4752	39.4683	39.4688	39.4669	39.4611	39.4527	39.454	39.4451	39.4219	39.4259	39.4332	39.4316	39.4183	39.419	39.4266	39.4183	39.4031	39.394	39.4087	39.4103	39.4102	39.4012	39.3959	39.3903	39.3752	39.3702	39.3716	39.3715	39.3605	39.3584	39.3576	39.3449	39.3262	39.3325	39.3326	39.3244	39.3216	39.307	39.3012	39.2921	39.2761	39.2675	39.2687	39.2662	39.2516	39.2431	39.2243	39.2246	39.2136	39.1888	39.1855	39.1831	39.1605	39.1471	39.127	39.1052	39.0972	39.0772	39.0551	39.042	39.0253	39.0103	38.9858	38.9674	38.945	38.9214	38.8694	38.881	38.8719	38.8504	38.822	38.8155	38.7885	38.771	38.7434	38.7314	38.7232	38.7096	38.6971	38.6967	38.6465	38.6426	38.6276	38.6239	38.6175	38.6186	38.6075	38.595	38.5898	38.5709	38.5154	38.5518	38.5383	38.5716	38.5918	38.6436	38.7371	39.134
Sor-ACeb_015-Ex1-10F-lcwgs-1-3-L3-fastp	39.3217	39.2805	39.4799	39.4848	39.5763	39.2648	39.73	39.6357	39.5263	39.5216	39.5794	39.587	39.6062	39.6206	39.631	39.6624	39.6576	39.647	39.6528	39.6517	39.6633	39.6803	39.6765	39.6482	39.6429	39.6506	39.6441	39.6389	39.634	39.627	39.6138	39.6141	39.6142	39.6051	39.5835	39.592	39.5908	39.601	39.6133	39.579	39.5745	39.588	39.5796	39.5795	39.5712	39.5659	39.5832	39.5772	39.5738	39.5651	39.5618	39.561	39.5536	39.5526	39.5308	39.5485	39.5319	39.5255	39.5363	39.5206	39.5149	39.5191	39.5166	39.4934	39.479	39.4853	39.4881	39.4895	39.4781	39.4591	39.4495	39.4766	39.4609	39.4598	39.4408	39.4502	39.4462	39.4395	39.4329	39.3467	39.4266	39.4136	39.4275	39.4136	39.4064	39.4088	39.3879	39.3934	39.394	39.3775	39.3646	39.3639	39.3668	39.3602	39.357	39.3484	39.3282	39.3392	39.3305	39.3218	39.3234	39.3184	39.2821	39.2949	39.2892	39.2674	39.2709	39.2579	39.2418	39.2358	39.2343	39.2209	39.2168	39.2051	39.1968	39.1851	39.1707	39.1591	39.1353	39.1508	39.1227	39.1285	39.1091	39.0945	39.0865	39.0672	39.0551	39.0454	39.0243	38.9829	39.0192	39.0191	38.993	38.9404	38.9201	38.9352	38.9359	38.8776	38.9002	38.853	38.8863	38.8838	38.8825	38.8894	38.8669	38.8782	38.8845	38.9222	39.0281	39.3969
Sor-ACeb_016-Ex1-11F-lcwgs-1-3-L2-fastp	39.2535	39.1512	39.2525	39.2931	39.3809	39.4611	39.4751	39.4094	39.417	39.4059	39.474	39.4724	39.4984	39.4909	39.4832	39.5531	39.5644	39.5621	39.5657	39.5668	39.5747	39.5765	39.5575	39.5656	39.5647	39.5566	39.5473	39.5498	39.542	39.5393	39.5251	39.5456	39.5558	39.5501	39.5516	39.5379	39.538	39.5054	39.5271	39.5206	39.5228	39.5197	39.5142	39.5127	39.4982	39.4794	39.5058	39.498	39.5007	39.5006	39.5017	39.4898	39.4772	39.4704	39.4724	39.4714	39.4664	39.4557	39.4581	39.4498	39.4284	39.4298	39.439	39.4407	39.4245	39.4261	39.4343	39.4272	39.414	39.405	39.42	39.4221	39.4228	39.4131	39.4105	39.4037	39.3919	39.386	39.3885	39.392	39.3777	39.3773	39.3753	39.3637	39.3481	39.3521	39.3519	39.3455	39.3393	39.3313	39.3285	39.32	39.3026	39.2992	39.297	39.2988	39.283	39.281	39.2618	39.2639	39.258	39.2319	39.2322	39.2299	39.211	39.1994	39.1834	39.1623	39.1526	39.1316	39.1172	39.1089	39.0923	39.0822	39.0651	39.0501	39.0319	39.0124	38.9618	38.9817	38.975	38.9578	38.9453	38.9456	38.9188	38.8978	38.886	38.8747	38.8744	38.874	38.856	38.862	38.8325	38.8319	38.8152	38.8258	38.8272	38.8251	38.8264	38.8213	38.8194	38.8108	38.7626	38.7983	38.7932	38.8167	38.8122	38.8508	38.9105	39.2136
Sor-ACeb_016-Ex1-11F-lcwgs-1-3-L3-fastp	39.3066	39.2722	39.4807	39.4859	39.579	39.252	39.7281	39.635	39.5215	39.5201	39.5788	39.5881	39.6054	39.6214	39.6303	39.6625	39.6573	39.6469	39.6517	39.6521	39.6633	39.6802	39.676	39.6486	39.6452	39.6523	39.6484	39.6425	39.639	39.6315	39.617	39.6181	39.6207	39.6087	39.5896	39.5949	39.5956	39.6074	39.6185	39.5854	39.5821	39.5942	39.5896	39.5895	39.5823	39.5749	39.5924	39.5868	39.5828	39.5741	39.5722	39.5717	39.5621	39.5622	39.5431	39.5607	39.5438	39.5391	39.5485	39.5352	39.5299	39.5338	39.5324	39.5079	39.4931	39.4999	39.5048	39.5075	39.4956	39.4767	39.4666	39.4933	39.479	39.4789	39.4618	39.4713	39.4692	39.4624	39.4551	39.3703	39.4525	39.4365	39.454	39.4399	39.4328	39.4361	39.4178	39.4188	39.421	39.4102	39.3939	39.3976	39.3982	39.3908	39.3921	39.3842	39.3637	39.3782	39.3653	39.3542	39.3631	39.3555	39.3263	39.334	39.3277	39.3113	39.3162	39.3069	39.2891	39.2836	39.2825	39.2769	39.2727	39.2575	39.2554	39.2427	39.2346	39.2209	39.2081	39.2203	39.193	39.2016	39.1833	39.1714	39.1646	39.1533	39.1478	39.1389	39.1305	39.0969	39.1263	39.1289	39.1123	39.0731	39.0506	39.0705	39.0738	39.0215	39.0519	39.0068	39.0525	39.0507	39.0473	39.0584	39.0533	39.049	39.0646	39.0881	39.1546	39.4601
Sor-ACeb_017-Ex1-12F-lcwgs-1-3-L2-fastp	39.2692	39.1545	39.2708	39.3171	39.4059	39.4828	39.4944	39.4329	39.4421	39.437	39.4988	39.4972	39.5215	39.5151	39.5043	39.5699	39.5812	39.5784	39.5823	39.5823	39.5883	39.5893	39.5693	39.5786	39.5754	39.5672	39.5593	39.5598	39.5516	39.5488	39.5368	39.5551	39.5648	39.5588	39.5578	39.546	39.5433	39.5125	39.5324	39.5282	39.5283	39.5248	39.519	39.5195	39.5033	39.4822	39.5075	39.5021	39.5037	39.5041	39.5054	39.4911	39.4805	39.4737	39.4737	39.4733	39.4669	39.4592	39.4582	39.4509	39.4265	39.4317	39.4405	39.4398	39.4246	39.4255	39.4322	39.4267	39.4118	39.4032	39.4167	39.4192	39.4191	39.4105	39.4055	39.4003	39.3873	39.3801	39.3824	39.3825	39.3702	39.3689	39.3683	39.3564	39.3373	39.3426	39.344	39.335	39.3307	39.322	39.3132	39.3054	39.2885	39.2824	39.2805	39.2806	39.265	39.2624	39.2418	39.2426	39.2355	39.2089	39.2073	39.2074	39.1832	39.1763	39.1587	39.1361	39.1274	39.1035	39.0857	39.0789	39.0625	39.0471	39.0348	39.0183	38.9961	38.9787	38.923	38.9441	38.9402	38.9234	38.8968	38.8914	38.867	38.8526	38.8278	38.8196	38.824	38.8191	38.7969	38.8005	38.7708	38.7694	38.7527	38.7541	38.7553	38.7613	38.7526	38.7419	38.7375	38.7268	38.6887	38.724	38.7218	38.7407	38.7513	38.7933	38.8682	39.1998
Sor-ACeb_017-Ex1-12F-lcwgs-1-3-L3-fastp	39.3239	39.2036	39.4739	39.4935	39.5995	39.2704	39.7418	39.6551	39.5479	39.5536	39.6067	39.6143	39.6291	39.6445	39.6539	39.6804	39.6767	39.6672	39.6711	39.6724	39.6812	39.6969	39.6923	39.6659	39.6615	39.6667	39.6628	39.6585	39.6538	39.6466	39.6317	39.6354	39.6351	39.6261	39.6073	39.6133	39.6127	39.6221	39.6323	39.6012	39.5981	39.6102	39.6032	39.6035	39.595	39.5896	39.6078	39.5991	39.5982	39.5875	39.5847	39.586	39.5767	39.5755	39.5579	39.5737	39.5575	39.5524	39.5621	39.5485	39.5435	39.5478	39.5455	39.5215	39.5069	39.5156	39.5194	39.5186	39.5107	39.489	39.4789	39.506	39.493	39.4901	39.4738	39.4834	39.4803	39.4745	39.4696	39.3848	39.4629	39.4485	39.4649	39.4494	39.444	39.4454	39.4296	39.4308	39.429	39.4193	39.4042	39.4045	39.408	39.3999	39.3968	39.3897	39.3697	39.3767	39.3705	39.3596	39.3655	39.3608	39.3333	39.3391	39.3321	39.3163	39.3197	39.3074	39.2945	39.2847	39.2835	39.278	39.2769	39.2596	39.2529	39.2418	39.2348	39.2222	39.2011	39.2107	39.1826	39.1909	39.1772	39.1631	39.1533	39.1455	39.1326	39.1179	39.1114	39.0808	39.1039	39.1077	39.0849	39.0527	39.0218	39.044	39.0401	38.9889	39.0183	38.9666	39.0097	39.002	39.0053	39.0246	39.0044	39.0105	39.0226	39.0596	39.1323	39.4464
Sor-ACeb_018-Ex1-1G-lcwgs-1-3-L2-fastp	39.256	39.1256	39.3261	39.3234	39.3802	39.4019	39.3896	39.3986	39.4185	39.4175	39.4851	39.4748	39.5003	39.4909	39.483	39.5588	39.5701	39.5687	39.5739	39.5746	39.5874	39.593	39.5703	39.5847	39.5819	39.5819	39.5688	39.5665	39.5654	39.5524	39.5407	39.5597	39.5737	39.5692	39.5692	39.5579	39.5616	39.5271	39.5455	39.5382	39.54	39.5391	39.5327	39.532	39.5191	39.4999	39.5258	39.5203	39.5203	39.5194	39.5206	39.5069	39.493	39.4875	39.489	39.4887	39.4834	39.4746	39.4761	39.466	39.4423	39.4444	39.4528	39.4523	39.4367	39.4386	39.4455	39.4375	39.4242	39.4133	39.4265	39.4279	39.427	39.4182	39.4124	39.4063	39.3939	39.3877	39.3896	39.3916	39.3776	39.3767	39.3736	39.3607	39.3423	39.346	39.3474	39.3411	39.3352	39.3259	39.3184	39.3096	39.2912	39.2849	39.2821	39.2842	39.2691	39.2635	39.244	39.2485	39.2384	39.2124	39.2108	39.2088	39.186	39.1748	39.1568	39.1341	39.123	39.1015	39.086	39.0754	39.057	39.0452	39.0242	39.0056	38.9852	38.9628	38.9092	38.9228	38.9177	38.8979	38.8772	38.8629	38.8418	38.8222	38.7959	38.7848	38.7829	38.7722	38.754	38.7498	38.7205	38.7137	38.6897	38.6891	38.6868	38.6812	38.6787	38.6635	38.6538	38.6464	38.591	38.6218	38.6191	38.6336	38.6427	38.6959	38.7772	39.1419
Sor-ACeb_018-Ex1-1G-lcwgs-1-3-L3-fastp	39.3092	39.2864	39.558	39.5161	39.5683	39.2619	39.6947	39.6101	39.5031	39.502	39.5702	39.5726	39.5926	39.607	39.6178	39.6597	39.6527	39.6371	39.6421	39.643	39.6606	39.6795	39.6745	39.6441	39.6451	39.6535	39.6483	39.6406	39.6416	39.6251	39.6086	39.6113	39.6136	39.6073	39.5876	39.5922	39.593	39.6034	39.6141	39.5786	39.5733	39.588	39.5811	39.5822	39.5751	39.5691	39.5882	39.5825	39.5787	39.5661	39.5624	39.5607	39.5522	39.5522	39.5314	39.5512	39.5342	39.5281	39.5372	39.522	39.5163	39.5197	39.5163	39.4908	39.4775	39.4835	39.4871	39.4903	39.4787	39.4583	39.4451	39.4727	39.4565	39.4556	39.4375	39.448	39.4448	39.4376	39.4313	39.3457	39.4249	39.4096	39.4256	39.4101	39.4021	39.406	39.3849	39.39	39.3908	39.378	39.3612	39.3643	39.3634	39.3551	39.3527	39.3447	39.323	39.3354	39.326	39.3176	39.3223	39.3156	39.282	39.2904	39.2817	39.2651	39.2692	39.2546	39.2364	39.2327	39.2287	39.2195	39.2202	39.2016	39.1969	39.1836	39.1709	39.1552	39.1401	39.1522	39.1231	39.1288	39.1112	39.0941	39.089	39.074	39.0596	39.0473	39.0353	38.9979	39.0251	39.0242	39.004	38.9578	38.9341	38.9473	38.9435	38.8864	38.9149	38.8673	38.9052	38.8915	38.8922	38.9023	38.8866	38.8879	38.9026	38.9415	39.0314	39.3966
Sor-ACeb_019-Ex1-3G-lcwgs-1-3-L2-fastp	38.9176	38.8079	39.0483	39.0325	39.1068	39.1401	39.1091	39.1671	39.2003	39.2156	39.2943	39.2609	39.3048	39.2725	39.281	39.3647	39.3844	39.3652	39.3884	39.3831	39.4099	39.3833	39.3911	39.4091	39.4146	39.4013	39.3727	39.3736	39.375	39.3183	39.3366	39.3574	39.3933	39.3718	39.3641	39.3672	39.3578	39.3219	39.3373	39.3444	39.3343	39.359	39.3171	39.33	39.3067	39.2903	39.3064	39.2921	39.3003	39.3206	39.2943	39.2808	39.2845	39.2567	39.2722	39.2136	39.2551	39.2484	39.2474	39.2275	39.2283	39.19	39.2468	39.2061	39.2133	39.2006	39.2016	39.1786	39.2304	39.1783	39.2059	39.2194	39.2038	39.1992	39.1826	39.1606	39.127	39.1519	39.1745	39.1659	39.1643	39.1105	39.139	39.1451	39.1098	39.1642	39.1169	39.089	39.1083	39.0784	39.0546	39.1272	39.1013	39.0792	39.0281	39.0623	39.0456	39.0283	38.9774	39.0429	39.0603	38.9505	38.9585	38.9182	38.9128	38.9303	38.8565	38.8415	38.8465	38.8547	38.835	38.8374	38.7719	38.7427	38.6693	38.726	38.7645	38.6761	38.5987	38.6201	38.4774	38.6021	38.4436	38.619	38.3611	38.4413	38.3913	38.4515	38.4884	38.2938	38.3262	38.3034	38.1722	38.3193	38.2337	38.0599	38.0667	38.1063	38.1422	38.1613	38.1159	38.1524	38.0373	38.1556	38.2641	38.1587	38.0927	38.3213	38.4694	38.9262
Sor-ACeb_019-Ex1-3G-lcwgs-1-3-L3-fastp	39.009	38.9837	39.3214	39.3094	39.3794	39.0109	39.4255	39.3895	39.2883	39.3435	39.3624	39.3732	39.4072	39.4197	39.4234	39.4901	39.4606	39.4684	39.4427	39.4398	39.5013	39.5125	39.5186	39.4488	39.4894	39.4731	39.4596	39.5027	39.4426	39.425	39.4448	39.4106	39.4305	39.3572	39.3765	39.4143	39.3746	39.3767	39.4051	39.3665	39.3299	39.3428	39.3583	39.37	39.3333	39.3419	39.389	39.4035	39.3113	39.2641	39.3337	39.2904	39.3548	39.3811	39.332	39.3043	39.2942	39.3061	39.2876	39.2808	39.295	39.2814	39.3044	39.2836	39.2632	39.1819	39.2627	39.2035	39.2802	39.2176	39.2234	39.2643	39.2021	39.2245	39.178	39.1514	39.2897	39.2443	39.1299	39.1976	39.2129	39.2338	39.2394	39.1318	39.1015	39.1609	39.2428	39.166	39.1113	39.139	39.1648	39.1355	39.1331	39.2595	39.1097	39.0629	39.0938	39.1203	39.1658	39.1225	39.1389	38.9947	39.1898	39.0511	39.0057	39.1767	38.9529	38.9704	39.0201	39.0343	39.0439	39.0752	38.9489	38.9875	39.0515	38.9049	39.0527	38.8061	39.0024	38.9063	38.8779	38.8284	38.8173	38.6877	38.878	38.626	38.7761	38.8449	38.6607	38.7469	38.7372	38.9369	38.687	38.8515	38.7686	38.6221	38.8642	38.4699	38.5912	38.6837	38.732	38.7241	38.7364	38.6083	38.3055	38.6175	38.7009	38.8634	38.8519	39.2804
Sor-ACeb_020-Ex1-2G-lcwgs-1-3-L2-fastp	38.9548	38.9484	39.2034	39.2352	39.336	39.3404	39.3647	39.353	39.3611	39.3605	39.413	39.4104	39.4355	39.4189	39.4213	39.5188	39.5213	39.5136	39.53	39.5239	39.5379	39.5361	39.5046	39.5115	39.5258	39.5151	39.5185	39.5073	39.5037	39.4913	39.4739	39.4841	39.506	39.4986	39.492	39.4678	39.4818	39.418	39.4535	39.4312	39.4408	39.4057	39.4176	39.3882	39.387	39.3188	39.3702	39.3111	39.3496	39.2781	39.324	39.2246	39.2673	39.1654	39.1999	39.1314	39.1633	39.0147	39.104	38.9828	39.0371	38.9025	39.0086	38.8901	38.9838	38.8358	38.9631	38.8281	38.8991	38.7547	38.8845	38.7462	38.8661	38.7301	38.8287	38.7	38.7981	38.6709	38.7813	38.6694	38.7614	38.6638	38.7638	38.6251	38.719	38.6385	38.7265	38.6419	38.7351	38.638	38.7197	38.6093	38.7108	38.6282	38.7155	38.6195	38.732	38.6445	38.7051	38.6469	38.7168	38.6251	38.6999	38.6353	38.6847	38.6084	38.6433	38.6015	38.6446	38.544	38.5885	38.5331	38.5711	38.5027	38.5519	38.5277	38.5054	38.489	38.4747	38.4559	38.5053	38.4369	38.4814	38.4485	38.4544	38.4341	38.4369	38.4001	38.4253	38.4193	38.4541	38.4478	38.3867	38.4417	38.4477	38.4287	38.475	38.4916	38.5196	38.5179	38.5005	38.5076	38.5137	38.5303	38.5341	38.5172	38.5571	38.6088	38.6457	39.0924
Sor-ACeb_020-Ex1-2G-lcwgs-1-3-L3-fastp	39.1002	39.0752	39.4017	39.4191	39.4724	38.9891	39.5956	39.5524	39.4041	39.4116	39.4436	39.4682	39.4564	39.5029	39.4891	39.5729	39.5189	39.553	39.5656	39.5549	39.5591	39.598	39.5677	39.5514	39.5536	39.5545	39.5551	39.5424	39.5386	39.5365	39.5112	39.5085	39.4945	39.495	39.4746	39.4615	39.4726	39.4695	39.4897	39.4414	39.4399	39.4272	39.4322	39.4036	39.3991	39.3721	39.398	39.3682	39.3746	39.3162	39.3361	39.2833	39.2841	39.2277	39.2271	39.2084	39.1883	39.1225	39.1727	39.0876	39.1142	39.0432	39.0708	38.9461	39.0038	38.9277	38.9959	38.9048	38.9554	38.8359	38.8831	38.8246	38.858	38.7796	38.8386	38.749	38.8091	38.7049	38.7602	38.6242	38.7605	38.6392	38.745	38.6465	38.7304	38.615	38.6843	38.6074	38.6883	38.573	38.6589	38.5441	38.6553	38.543	38.6172	38.5249	38.5688	38.5017	38.5943	38.4867	38.594	38.4871	38.5003	38.4527	38.5353	38.4142	38.5236	38.424	38.4782	38.3969	38.4746	38.3651	38.4816	38.3625	38.4489	38.3469	38.3988	38.2965	38.3573	38.3275	38.397	38.3072	38.393	38.2575	38.3485	38.2838	38.3349	38.2286	38.3278	38.2227	38.3289	38.2858	38.3073	38.186	38.2486	38.207	38.2666	38.1963	38.2785	38.207	38.2719	38.2582	38.316	38.3184	38.3162	38.3332	38.3736	38.4819	38.627	39.2148
Sor-ACeb_021-Ex1-4G-lcwgs-1-3-L2-fastp	39.0703	38.8951	39.163	39.1434	39.1703	39.2177	39.2325	39.2105	39.2637	39.3346	39.3075	39.3435	39.3853	39.4042	39.3454	39.4419	39.4253	39.4441	39.4635	39.4377	39.4855	39.5134	39.4312	39.4615	39.4718	39.4776	39.4397	39.4193	39.4177	39.4356	39.415	39.4337	39.4125	39.4088	39.4655	39.452	39.428	39.4029	39.4566	39.3732	39.4019	39.3984	39.3881	39.4031	39.3788	39.3281	39.3697	39.3896	39.348	39.3694	39.3611	39.3771	39.3418	39.3794	39.3172	39.4114	39.3401	39.3746	39.3221	39.3498	39.3744	39.3788	39.3413	39.4171	39.3469	39.3782	39.355	39.325	39.313	39.2692	39.3289	39.3859	39.3536	39.3278	39.3894	39.3792	39.3742	39.3225	39.3525	39.3133	39.3118	39.3752	39.3498	39.2843	39.2985	39.3283	39.2961	39.3169	39.319	39.2681	39.1618	39.2767	39.2432	39.2152	39.2342	39.2811	39.1672	39.1415	39.1718	39.0775	39.081	39.1807	39.1984	39.1823	39.0607	39.0935	39.1391	39.1854	39.0543	39.1389	39.1101	39.0629	39.0442	39.0488	39.1506	38.9518	38.9322	38.8735	38.7249	39.1033	38.7775	38.8078	38.6332	38.9211	38.649	38.7612	38.7387	38.8112	38.842	38.9003	38.7268	38.539	38.481	38.6218	38.8206	38.6296	38.475	38.7561	38.6661	38.9148	38.5864	38.5507	38.3562	38.425	38.3	38.4062	38.6724	38.3603	38.4248	39.0997
Sor-ACeb_021-Ex1-4G-lcwgs-1-3-L3-fastp	39.1191	39.0406	39.3994	39.411	39.4121	39.059	39.5873	39.5361	39.3926	39.4186	39.4425	39.4996	39.5313	39.4346	39.4622	39.5283	39.5399	39.5137	39.5391	39.4972	39.5302	39.5483	39.6139	39.5283	39.5876	39.5218	39.5408	39.5324	39.5491	39.5053	39.5259	39.4695	39.5102	39.5328	39.4338	39.5127	39.566	39.5302	39.5593	39.4358	39.416	39.4759	39.5213	39.515	39.4366	39.4679	39.5497	39.4411	39.4401	39.4452	39.4829	39.4639	39.4337	39.448	39.4119	39.5081	39.3902	39.4459	39.4614	39.4023	39.4973	39.3958	39.4205	39.4968	39.3237	39.3662	39.4066	39.3918	39.2775	39.2384	39.3404	39.3944	39.3239	39.2772	39.4007	39.2947	39.3041	39.3588	39.3402	39.2313	39.4117	39.1774	39.2733	39.3147	39.3305	39.2571	39.3125	39.2047	39.4375	39.3485	39.3536	39.3461	39.2813	39.213	39.1404	39.237	39.1628	39.0468	39.0604	39.1981	39.0667	39.1934	39.1857	39.3202	38.879	39.0517	39.3707	39.2514	39.4345	39.0352	39.179	39.0608	38.8737	39.2384	39.1593	39.1522	38.9194	39.2606	38.722	38.9977	39.1858	39.1145	38.8544	39.1023	39.1326	38.6133	38.5769	38.7703	39.1123	38.6716	38.7519	38.8506	38.9323	39.1564	39.1992	38.674	38.7018	38.5556	38.6667	38.3846	38.2618	38.8571	38.7443	38.9643	38.1939	38.7107	38.4305	38.7847	38.7746	38.9008
Sor-ACeb_022-Ex1-5G-lcwgs-1-3-L2-fastp	39.237	39.0966	39.3319	39.3398	39.4003	39.4208	39.4169	39.4272	39.4447	39.4396	39.4966	39.4879	39.5086	39.5005	39.4887	39.5636	39.5707	39.5648	39.566	39.5644	39.5745	39.5745	39.5448	39.5575	39.552	39.5485	39.5352	39.5283	39.5248	39.5082	39.4911	39.5113	39.5209	39.5122	39.509	39.4948	39.4961	39.4562	39.4741	39.4644	39.4639	39.4556	39.4456	39.444	39.4237	39.4014	39.427	39.4178	39.4155	39.411	39.4079	39.3867	39.3716	39.362	39.3625	39.3558	39.3496	39.337	39.3364	39.3251	39.2988	39.2956	39.3035	39.2999	39.2832	39.2813	39.2877	39.274	39.2608	39.2462	39.257	39.2566	39.2533	39.2421	39.2379	39.2241	39.2111	39.2024	39.204	39.2062	39.1923	39.1881	39.185	39.1679	39.1519	39.1556	39.1536	39.1484	39.1385	39.1315	39.1244	39.1131	39.0971	39.0839	39.0884	39.0859	39.0728	39.067	39.0512	39.0531	39.0439	39.0162	39.0123	39.0166	38.9971	38.9849	38.9619	38.946	38.9314	38.9084	38.8987	38.8832	38.8695	38.8634	38.8429	38.8236	38.8164	38.7871	38.7412	38.7652	38.7642	38.7446	38.7341	38.7304	38.7168	38.7016	38.684	38.6823	38.6969	38.6902	38.6773	38.6882	38.665	38.6665	38.6573	38.671	38.6778	38.6825	38.7041	38.693	38.6987	38.7044	38.6604	38.7075	38.7139	38.7425	38.758	38.8123	38.8858	39.2081
Sor-ACeb_022-Ex1-5G-lcwgs-1-3-L3-fastp	39.2865	39.2043	39.5421	39.5268	39.5841	39.252	39.695	39.6279	39.5314	39.5266	39.5903	39.5944	39.6078	39.6235	39.6276	39.668	39.6609	39.6468	39.6471	39.6459	39.6608	39.6753	39.6683	39.6377	39.6389	39.6395	39.6356	39.6274	39.6249	39.6088	39.586	39.5907	39.5891	39.5776	39.5537	39.5595	39.5544	39.563	39.5724	39.5395	39.5291	39.5379	39.5283	39.5251	39.5199	39.5094	39.5273	39.5196	39.5122	39.4971	39.4914	39.4835	39.4694	39.4709	39.4474	39.4637	39.4437	39.4394	39.445	39.4275	39.4201	39.4161	39.413	39.3862	39.3714	39.3762	39.3754	39.3756	39.3657	39.3402	39.326	39.3562	39.3362	39.3323	39.3148	39.3221	39.3185	39.3103	39.3035	39.2164	39.2984	39.2814	39.2989	39.2811	39.2736	39.2747	39.2565	39.2588	39.2598	39.2531	39.2348	39.2355	39.2388	39.2292	39.2272	39.2187	39.2025	39.21	39.2087	39.1988	39.2042	39.2009	39.1686	39.1767	39.1758	39.1566	39.1626	39.1557	39.1349	39.1335	39.1335	39.1277	39.1289	39.1131	39.115	39.1022	39.0915	39.0806	39.071	39.0951	39.0575	39.0711	39.0636	39.0531	39.0496	39.0377	39.0333	39.0266	39.0251	38.995	39.0336	39.0421	39.0303	38.9873	38.9707	38.9986	38.9996	38.9561	38.9939	38.9475	39.0061	38.9982	39.0038	39.0296	39.0267	39.032	39.0491	39.0846	39.16	39.462
