Sample	1	2	3	4	5	6	7	8	9	10	11	12	13	14	15	16	17	18	19	20	21	22	23	24	25	26	27	28	29	30	31	32	33	34	35	36	37	38	39	40	41	42	43	44	45	46	47	48	49	50	51	52	53	54	55	56	57	58	59	60	61	62	63	64	65	66	67	68	69	70	71	72	73	74	75	76	77	78	79	80	81	82	83	84	85	86	87	88	89	90	91	92	93	94	95	96	97	98	99	100	101	102	103	104	105	106	107	108	109	110	111	112	113	114	115	116	117	118	119	120	121	122	123	124	125	126	127	128	129	130	131	132	133	134	135	136	137	138	139	140	141	142	143	144	145	146	147	148	149	150
Sor-ACeb_001-Ex1-8E-lcwgs-1-3-L2-fastp	43.8598	33.265299999999996	33.7333	32.5653	32.7534	32.1855	31.7245	32.1113	32.6173	32.2824	34.975699999999996	34.9326	34.1035	33.9298	33.766400000000004	33.5764	33.7002	33.6332	33.6748	33.995599999999996	33.9405	34.041199999999996	33.8584	33.6392	33.5372	33.5805	33.3552	33.5338	33.5247	33.562599999999996	33.642	33.7235	33.7385	33.6924	33.6617	33.5485	33.5585	33.524300000000004	33.538000000000004	33.4725	33.6663	33.694	33.594	33.6726	33.537299999999995	33.5319	33.3931	33.4585	33.3215	33.4829	33.4707	33.577200000000005	33.636300000000006	33.5346	33.4846	33.4699	33.4636	33.441700000000004	33.3683	33.392500000000005	33.421099999999996	33.427800000000005	33.389799999999994	33.447700000000005	33.4193	33.3596	33.3458	33.380700000000004	33.3104	33.29	33.4154	33.3894	33.4709	33.433	33.4511	33.453	33.5206	33.406400000000005	33.419	33.6299	33.500600000000006	33.5387	33.6012	33.5811	33.5298	33.6687	33.5728	33.6169	33.8074	33.6391	33.7415	33.898	33.9352	33.8985	33.9878	33.993	34.049099999999996	34.0709	33.954299999999996	34.0581	34.128	34.0005	34.21	34.4329	34.3564	34.4004	34.4685	34.4557	34.515499999999996	34.726099999999995	34.599999999999994	34.7193	35.0958	34.8973	35.0075	35.307100000000005	35.2374	35.2603	35.4462	35.5227	35.635099999999994	35.8935	35.8863	35.9962	36.2597	36.1694	36.495400000000004	36.7463	36.5805	36.8337	37.0267	37.0024	37.251	37.7399	37.3889	37.8011	38.0009	37.875	38.4901	38.6929	38.6058	39.0653	39.2851	39.4229	39.6518	40.1439	39.726299999999995	39.6196	39.9878	39.000800000000005
Sor-ACeb_001-Ex1-8E-lcwgs-1-3-L3-fastp	43.8544	32.9056	33.5173	32.2504	32.4939	31.893500000000003	31.434299999999997	31.842399999999998	32.3333	32.0009	34.6597	34.6015	33.7553	33.650200000000005	33.4645	33.321	33.3814	33.3638	33.3187	33.8158	33.6017	33.6897	33.6137	33.366800000000005	33.217200000000005	33.2365	33.0218	33.19	33.2545	33.2947	33.3626	33.4578	33.4284	33.4047	33.447500000000005	33.2513	33.2567	33.2345	33.254099999999994	33.1876	33.4029	33.4328	33.3437	33.4043	33.2622	33.223200000000006	33.159	33.0511	33.0258	33.1395	33.1441	33.2605	33.2813	33.2061	33.1695	33.2433	33.1276	33.2082	33.028800000000004	33.0711	33.1443	33.0782	33.074	33.1295	33.102199999999996	33.001599999999996	32.9681	33.034400000000005	32.9199	32.9758	33.0689	33.055099999999996	33.1274	33.1923	33.127	33.067	33.1796	33.0319	33.0548	33.1755	33.2341	33.1625	33.2389	33.1675	33.1936	33.1662	33.1432	33.1588	33.3921	33.2859	33.2747	33.5007	33.4794	33.449600000000004	33.5425	33.5665	33.528000000000006	33.495000000000005	33.597100000000005	33.577600000000004	33.5291	33.644200000000005	33.6689	33.9168	33.7488	33.7521	33.9863	33.8732	33.7971	34.0874	34.105999999999995	34.1332	34.359	34.2222	34.4152	34.5283	34.4809	34.449999999999996	34.7023	34.6613	34.731899999999996	34.9754	34.975	35.096199999999996	35.2919	35.1739	35.3966	35.4563	35.5631	35.7731	35.9095	35.9119	36.0376	36.4412	36.2443	36.5388	36.9521	36.538399999999996	37.100100000000005	37.4015	37.570100000000004	37.6357	38.208	38.1632	38.2971	38.8345	38.258900000000004	38.7076	38.9687	38.6137
Sor-ACeb_002-Ex1-9E-lcwgs-1-3-L2-fastp	47.993900000000004	36.7071	37.9985	37.2035	37.7622	37.2547	36.86	37.3132	37.972899999999996	37.1163	40.1075	40.1419	39.265899999999995	39.1129	38.9091	38.5859	38.9657	38.6306	38.6357	39.2729	38.992900000000006	39.077400000000004	39.0722	38.7183	38.8412	38.9232	38.463	38.9337	38.7999	38.6915	38.927800000000005	39.0588	38.9576	39.0905	38.9984	38.8361	38.884800000000006	38.8404	38.808	38.743	38.9038	38.7924	38.8213	38.8542	38.9827	38.838899999999995	38.9455	38.770900000000005	38.5935	38.825500000000005	38.756	38.7684	39.005	38.645	38.730199999999996	38.966699999999996	38.788	38.6718	38.8559	38.6263	38.6965	38.6911	38.6032	38.8304	38.8361	38.655899999999995	38.7376	38.836	38.7886	38.7111	38.987500000000004	38.8373	38.8299	38.9024	38.9092	38.8083	39.1328	38.8518	38.8913	39.210499999999996	39.0009	38.856	39.2088	39.203900000000004	39.1123	39.2675	39.0592	39.2895	39.596599999999995	39.2602	39.4422	39.6459	39.502900000000004	39.5398	39.7461	39.633	39.7973	39.6125	39.738099999999996	39.759699999999995	39.9388	39.7197	39.914300000000004	40.257	40.0193	40.0382	40.472	40.1849	40.3433	40.5809	40.4053	40.4457	41.0026	40.5571	40.8456	41.266000000000005	41.004000000000005	40.923700000000004	41.4435	41.1505	41.3718	41.7887	41.5745	41.57	42.2278	41.8041	42.2241	42.603	42.3012	42.3576	42.6806	42.4617	42.7688	43.1639	42.6148	43.1047	43.6344	43.149	43.4271	44.0152	43.5093	43.773	44.4921	44.128499999999995	44.3971	44.8833	44.426500000000004	44.4763	45.1329	43.9173
Sor-ACeb_002-Ex1-9E-lcwgs-1-3-L3-fastp	48.3792	36.6672	38.0184	37.241800000000005	37.894299999999994	37.3328	36.904900000000005	37.3651	38.0594	37.1968	40.2478	40.259699999999995	39.3033	39.1821	38.9995	38.7269	39.0203	38.7654	38.750800000000005	39.3537	38.9906	39.0939	39.2188	38.832699999999996	38.9423	39.0557	38.5762	38.9898	38.9079	38.8159	38.9903	39.1892	39.0525	39.2205	39.1217	38.952	38.9484	38.9153	38.8635	38.784	39.044000000000004	38.867000000000004	38.8934	39.0255	38.9707	38.960899999999995	39.0083	38.8419	38.6653	38.913599999999995	38.887100000000004	38.8973	39.098699999999994	38.7489	38.8629	39.0472	38.8889	38.8101	38.940000000000005	38.7595	38.7919	38.7616	38.6717	38.9014	38.8414	38.7905	38.872800000000005	38.9296	38.7665	38.8015	39.0523	38.912600000000005	38.9226	38.988	38.9451	38.9553	39.239000000000004	38.8943	38.945	39.204899999999995	39.0728	38.914	39.273	39.2539	39.1496	39.4101	39.2288	39.2729	39.727000000000004	39.3093	39.4785	39.7447	39.5392	39.6414	39.8059	39.684000000000005	39.8983	39.738600000000005	39.726	39.876400000000004	40.003499999999995	39.8511	39.949400000000004	40.1802	40.083	40.1678	40.5644	40.300599999999996	40.4396	40.6813	40.4895	40.4884	41.1072	40.7492	40.9846	41.3175	41.1017	40.9081	41.504999999999995	41.267199999999995	41.4702	41.911100000000005	41.6747	41.7404	42.3884	41.8292	42.146899999999995	42.567899999999995	42.3787	42.5302	42.8797	42.5148	42.7753	43.4083	42.836200000000005	43.2522	43.6574	43.2725	43.737300000000005	44.023	43.931	44.1511	44.5702	44.2196	44.7555	45.185199999999995	44.345800000000004	44.8617	45.385999999999996	44.7722
Sor-ACeb_003-Ex1-10E-lcwgs-1-3-L2-fastp	44.9489	35.3874	36.1884	35.104800000000004	35.7797	35.2966	34.832800000000006	35.2114	35.7166	35.295	37.9519	37.7241	37.1107	36.8709	36.7325	36.553000000000004	36.6539	36.6705	36.7196	36.8429	36.9086	36.8413	36.8006	36.6153	36.6263	36.507600000000004	36.3985	36.463699999999996	36.5364	36.567	36.6334	36.6357	36.6285	36.6098	36.5373	36.4392	36.3823	36.2939	36.294900000000005	36.2674	36.3703	36.337599999999995	36.369800000000005	36.2798	36.27	36.1659	36.106300000000005	36.0178	35.976200000000006	36.010999999999996	36.0418	36.0534	36.083	35.9908	35.952	35.9705	35.9454	35.7984	35.8372	35.814800000000005	35.8799	35.836	35.8793	35.8807	35.8668	35.798	35.7913	35.7602	35.7563	35.6767	35.7676	35.777300000000004	35.7744	35.706500000000005	35.8346	35.6827	35.7255	35.684900000000006	35.6665	35.6953	35.7095	35.667100000000005	35.7229	35.66	35.7233	35.7166	35.61	35.6847	35.725899999999996	35.6312	35.679300000000005	35.6819	35.6981	35.7597	35.7855	35.6846	35.7386	35.5914	35.6768	35.6012	35.700199999999995	35.6707	35.652699999999996	35.785	35.7474	35.7348	35.693200000000004	35.7108	35.7023	35.7558	35.7232	35.766	35.9319	36.0286	35.9522	35.914699999999996	36.0708	35.9083	36.093399999999995	36.0832	36.0692	36.3367	36.253800000000005	36.3575	36.410199999999996	36.592200000000005	36.527	36.6437	36.7839	36.7814	37.1389	36.9312	36.8786	37.3018	37.3011	37.3722	37.7456	37.539699999999996	37.5101	37.781	37.8658	37.9403	38.3616	38.4251	38.672200000000004	38.5575	38.400400000000005	38.649499999999996	38.3063	37.6596
Sor-ACeb_003-Ex1-10E-lcwgs-1-3-L3-fastp	45.0152	35.299	36.1549	35.1196	35.7958	35.313	34.8782	35.2093	35.7238	35.2076	37.8459	37.7203	37.0826	36.8076	36.782900000000005	36.4802	36.6176	36.5682	36.6159	36.757600000000004	36.8639	36.8192	36.7896	36.5854	36.5416	36.4742	36.404399999999995	36.4623	36.5475	36.4829	36.619299999999996	36.634899999999995	36.6363	36.5933	36.553000000000004	36.4309	36.323	36.2943	36.2883	36.2309	36.3214	36.2579	36.3085	36.2939	36.1823	36.112100000000005	36.0304	35.951499999999996	35.9472	35.923	36.0359	36.0155	36.0432	35.9761	35.9653	35.9204	35.9191	35.815599999999996	35.7639	35.7901	35.8346	35.803000000000004	35.8675	35.8353	35.8266	35.789100000000005	35.7992	35.7309	35.7129	35.6971	35.782199999999996	35.734700000000004	35.7565	35.754200000000004	35.759	35.7186	35.734500000000004	35.6704	35.6854	35.6588	35.7404	35.7081	35.788399999999996	35.7238	35.7031	35.7266	35.7151	35.66	35.678599999999996	35.6915	35.7402	35.6713	35.7442	35.6299	35.7841	35.7183	35.7376	35.7024	35.568	35.7012	35.6909	35.729499999999994	35.6763	35.7431	35.8356	35.6827	35.912	35.766	35.77	35.754599999999996	35.9197	35.8146	35.958800000000004	36.0	36.0073	36.119	36.2735	35.9719	36.094100000000005	36.0688	36.326	36.3763	36.484100000000005	36.468	36.5899	36.6888	36.647	36.6065	37.0441	36.815	36.6832	36.9208	37.121900000000004	37.3211	37.8758	37.445699999999995	37.4071	37.9231	37.7052	38.2102	38.2004	38.3795	38.7507	38.432100000000005	39.0683	38.2466	39.077400000000004	39.0174	39.4108	39.4262
Sor-ACeb_004-Ex1-11E-lcwgs-1-3-L2-fastp	44.8842	35.3746	36.4319	35.8352	36.1545	35.8252	35.5233	36.013400000000004	36.525800000000004	35.762100000000004	38.3451	38.4022	37.4938	37.2885	37.250499999999995	37.0555	37.3515	37.133	37.112	37.625	37.4114	37.453900000000004	37.4233	37.2455	37.3198	37.331199999999995	37.019200000000005	37.3959	37.2665	37.2237	37.3662	37.480799999999995	37.439	37.5242	37.3683	37.3414	37.2946	37.2138	37.2413	37.1513	37.1929	37.2116	37.1725	37.256499999999996	37.3419	37.1911	37.204100000000004	37.127300000000005	36.904199999999996	37.0556	37.0179	37.0973	37.2102	36.9269	37.0246	37.120599999999996	37.039100000000005	36.9145	36.9637	36.8607	36.8959	36.773	36.8067	36.946400000000004	36.883500000000005	36.8023	36.8939	36.8595	36.8255	36.7526	36.9431	36.9232	36.9066	36.8346	36.911300000000004	36.8033	36.9741	36.7672	36.7811	36.972699999999996	36.9118	36.722500000000004	36.9634	36.9305	36.8911	37.0085	36.816700000000004	36.963	37.217800000000004	36.9273	37.0722	37.2265	37.19	37.095299999999995	37.1722	37.1983	37.3522	37.0895	37.175200000000004	37.2224	37.2801	37.2524	37.2991	37.607800000000005	37.459199999999996	37.4408	37.674099999999996	37.5751	37.7009	37.7814	37.7278	37.7812	38.2098	38.0028	38.1243	38.4225	38.3576	38.2062	38.620599999999996	38.4236	38.6595	38.9639	38.9518	38.9938	39.5123	39.0451	39.4849	39.8187	39.783699999999996	39.8348	40.2634	39.984700000000004	40.189	40.8115	40.3575	40.7281	41.1237	40.8144	41.1939	41.8388	41.4813	41.8139	42.2656	42.1058	42.3333	42.7595	42.4613	42.8611	43.317699999999995	42.1481
Sor-ACeb_004-Ex1-11E-lcwgs-1-3-L3-fastp	45.0852	35.2695	36.464400000000005	35.7896	36.1463	35.8213	35.5051	35.980000000000004	36.5368	35.7729	38.3262	38.4043	37.446600000000004	37.2753	37.2266	37.0705	37.351099999999995	37.135400000000004	37.107099999999996	37.6024	37.413000000000004	37.4472	37.420700000000004	37.21	37.3168	37.3093	37.033300000000004	37.378499999999995	37.256299999999996	37.2478	37.3656	37.46	37.4651	37.5244	37.3716	37.3191	37.267	37.2535	37.2637	37.1706	37.2342	37.2117	37.1605	37.3152	37.302	37.214999999999996	37.1556	37.1588	36.9362	37.079	37.0337	37.1114	37.2373	36.9444	36.995400000000004	37.1105	37.0362	36.9237	36.927	36.876799999999996	36.896499999999996	36.763	36.802600000000005	36.9693	36.8941	36.8308	36.9047	36.8726	36.8285	36.7397	36.937999999999995	36.859199999999994	36.877900000000004	36.8136	36.9203	36.8326	37.0224	36.7323	36.8337	36.931999999999995	36.916900000000005	36.753	36.955799999999996	36.9871	36.9034	37.042500000000004	36.9043	36.973800000000004	37.217099999999995	36.9676	37.053599999999996	37.22	37.1695	37.1178	37.270399999999995	37.2487	37.3337	37.1301	37.2299	37.2649	37.3046	37.2248	37.3607	37.6224	37.5316	37.4979	37.6851	37.6678	37.7361	37.84	37.777100000000004	37.7943	38.2921	37.9918	38.185	38.4029	38.3825	38.246	38.6817	38.495400000000004	38.7653	39.0071	39.0247	39.019999999999996	39.5526	39.1889	39.6751	39.8657	39.787099999999995	39.829	40.239599999999996	40.0548	40.2455	40.7771	40.4791	40.7589	41.2451	40.9619	41.3029	41.8707	41.5816	41.9336	42.4641	42.252	42.4528	43.007600000000004	42.6923	43.0237	43.5878	43.106899999999996
Sor-ACeb_005-Ex1-12E-lcwgs-1-3-L2-fastp	53.3882	46.8895	43.6478	44.6901	45.7287	44.9487	44.338899999999995	46.109899999999996	45.4112	44.4703	47.7408	47.5647	46.5307	46.990500000000004	46.022400000000005	46.1505	46.9936	46.1277	46.211200000000005	47.2661	46.143699999999995	46.335	46.921400000000006	45.9935	46.186899999999994	46.897	45.8717	46.4208	46.8806	46.0817	46.2286	47.139399999999995	46.2453	46.4897	46.9715	46.2353	46.2875	47.019800000000004	46.141	46.3278	46.9047	46.2078	46.231	47.0644	46.286899999999996	46.4254	47.0795	46.2829	46.2705	47.1016	46.2232	46.4356	47.1958	46.1439	46.4207	47.260400000000004	46.3061	46.510200000000005	47.1965	46.3534	46.5458	47.190799999999996	46.3864	46.765499999999996	47.443000000000005	46.6228	46.8934	47.6895	46.9053	47.110600000000005	48.0595	47.2806	47.5578	48.341499999999996	47.608200000000004	47.8612	48.8139	47.9073	48.2263	49.3049	48.443999999999996	48.638999999999996	49.7615	48.9059	49.228699999999996	50.2849	49.2757	49.7468	50.873900000000006	49.8515	50.2842	51.38549999999999	50.3967	50.8039	51.883900000000004	50.956100000000006	51.412400000000005	52.3729	51.3612	51.880700000000004	52.9663	51.8296	52.3022	53.559599999999996	52.4058	52.8122	53.9717	52.827	53.272600000000004	54.481199999999994	53.27889999999999	53.714099999999995	54.930299999999995	53.62949999999999	54.043	55.309200000000004	54.0169	54.3531	55.6647	54.3446	54.7702	55.9739	54.67340000000001	55.0311	56.249700000000004	54.8642	55.242000000000004	56.3825	55.1328	55.426500000000004	56.6596	55.256899999999995	55.5968	56.80650000000001	55.3821	55.79769999999999	56.8786	55.470200000000006	55.8355	57.0318	55.712300000000006	55.9559	57.1966	55.700799999999994	56.069	57.3365	55.74210000000001	56.1096	57.230599999999995	55.495000000000005
Sor-ACeb_005-Ex1-12E-lcwgs-1-3-L3-fastp	54.157900000000005	47.0732	44.0309	45.0462	46.1173	45.2913	44.6871	46.5349	45.8185	44.7632	48.1649	47.9049	46.855999999999995	47.414	46.36	46.5486	47.3738	46.4592	46.6387	47.6785	46.4957	46.7179	47.3534	46.356700000000004	46.550200000000004	47.2903	46.2586	46.7949	47.2825	46.3908	46.6149	47.5147	46.610800000000005	46.9217	47.3142	46.607	46.6729	47.396899999999995	46.4523	46.7154	47.2861	46.5717	46.605799999999995	47.4367	46.6142	46.762	47.4184	46.646300000000004	46.6148	47.4935	46.5785	46.7607	47.5541	46.5376	46.7363	47.644	46.6681	46.9	47.5377	46.7012	46.8934	47.6002	46.753099999999996	47.1357	47.774899999999995	46.9882	47.2539	48.0573	47.2634	47.4691	48.455799999999996	47.576	47.85	48.6884	47.9091	48.217999999999996	49.1248	48.26	48.5747	49.6736	48.7166	48.946400000000004	50.1152	49.2614	49.5525	50.6514	49.5625	50.0875	51.231899999999996	50.19670000000001	50.632299999999994	51.7205	50.743	51.1038	52.2235	51.2699	51.7302	52.7158	51.6779	52.2469	53.290400000000005	52.174299999999995	52.644999999999996	53.8404	52.6711	53.109399999999994	54.269	53.098299999999995	53.560300000000005	54.712	53.5712	53.9448	55.2361	53.9605	54.2749	55.5382	54.3263	54.595000000000006	55.949099999999994	54.603199999999994	55.0011	56.2529	54.9728	55.232899999999994	56.405899999999995	55.0979	55.5527	56.691100000000006	55.395	55.65560000000001	56.9045	55.597300000000004	55.8542	57.1186	55.669000000000004	56.049099999999996	57.2506	55.798	56.1168	57.267100000000006	56.0227	56.2511	57.51969999999999	56.1482	56.574400000000004	57.722300000000004	56.218500000000006	56.58109999999999	57.7202	56.098000000000006
Sor-ACeb_006-Ex1-1F-lcwgs-1-3-L2-fastp	46.355000000000004	37.0773	39.0355	38.6861	39.1016	38.7738	38.4888	39.035599999999995	39.5672	38.5375	41.2117	41.2454	40.3582	40.2083	40.1241	39.9551	40.3338	40.0592	40.0521	40.522999999999996	40.2334	40.143699999999995	40.2473	40.0133	40.1631	40.1678	39.8457	40.2127	40.1203	39.9383	40.1828	40.299600000000005	40.2408	40.323	40.207	40.197500000000005	40.1993	40.0799	40.085300000000004	40.0264	40.041199999999996	39.9592	39.9659	40.0995	40.2372	40.0768	40.191900000000004	40.082699999999996	39.9379	40.0685	40.035399999999996	39.978	40.1979	39.8521	39.9824	40.1791	40.0631	39.919399999999996	40.082	39.8968	39.9637	39.8452	39.8359	40.0142	39.9872	39.8727	40.0055	40.022999999999996	40.0073	39.9216	40.156	40.097300000000004	40.1138	40.021699999999996	40.1294	40.0487	40.2925	40.065400000000004	40.0967	40.3396	40.291399999999996	40.0242	40.3516	40.315	40.2351	40.3908	40.2508	40.347899999999996	40.7459	40.294799999999995	40.5208	40.7228	40.571400000000004	40.5781	40.7553	40.729	40.9267	40.7231	40.7661	40.942499999999995	41.0058	40.8808	41.0329	41.326800000000006	41.2305	41.2391	41.4967	41.4919	41.564299999999996	41.7929	41.6705	41.759299999999996	42.2398	41.999399999999994	42.1239	42.5742	42.3738	42.356500000000004	42.8722	42.627700000000004	42.884	43.2761	43.1462	43.2484	43.8503	43.3487	43.8341	44.309599999999996	43.998799999999996	44.1969	44.6562	44.3975	44.7703	45.3346	44.8401	45.2356	45.7577	45.4401	45.7223	46.4046	46.1662	46.2599	47.0314	46.6111	46.887499999999996	47.5464	47.0811	47.396	48.147600000000004	46.8958
Sor-ACeb_006-Ex1-1F-lcwgs-1-3-L3-fastp	46.6051	37.0066	39.0907	38.6653	39.171	38.7891	38.5079	39.062200000000004	39.6218	38.5633	41.2555	41.286899999999996	40.3583	40.251599999999996	40.1552	40.0003	40.386	40.1016	40.0728	40.58	40.2866	40.1889	40.3236	40.0415	40.219300000000004	40.2281	39.9082	40.2494	40.1883	39.9803	40.2111	40.376	40.2944	40.4006	40.281800000000004	40.247899999999994	40.2293	40.1405	40.1223	40.0606	40.0858	40.0007	39.9963	40.1348	40.2699	40.0891	40.2409	40.117599999999996	40.0004	40.096	40.0835	40.0348	40.2501	39.896	40.0197	40.2229	40.1079	39.9658	40.1119	39.9514	40.017399999999995	39.8766	39.881499999999996	40.0499	40.068	39.8829	40.0338	40.0858	40.047700000000006	39.9702	40.2012	40.0915	40.1224	40.0722	40.1966	40.0743	40.3444	40.0719	40.144800000000004	40.360600000000005	40.3521	40.0843	40.3883	40.3872	40.3275	40.4449	40.2868	40.373	40.8074	40.3859	40.5614	40.7665	40.6555	40.6388	40.819100000000006	40.8279	40.9978	40.8078	40.8871	40.958600000000004	41.117	40.9735	41.1124	41.4788	41.2856	41.351	41.599799999999995	41.5858	41.6559	41.8982	41.751599999999996	41.8432	42.3911	42.1273	42.2633	42.6763	42.5164	42.4727	43.0001	42.7344	43.0491	43.4096	43.278	43.3695	43.9321	43.4904	43.975500000000004	44.3943	44.1991	44.3748	44.8254	44.6288	44.9288	45.4677	44.9441	45.522600000000004	45.974199999999996	45.6345	46.0004	46.6693	46.4028	46.6009	47.2821	46.9153	47.3798	48.0116	47.4704	47.7604	48.7217	47.8028
Sor-ACeb_007-Ex1-2F-lcwgs-1-3-L2-fastp	46.7287	36.9615	38.6714	38.3325	38.777699999999996	38.3589	38.1709	38.7189	39.1406	38.182	41.0738	40.8124	40.0229	39.8323	39.698299999999996	39.5972	39.867799999999995	39.713	39.6115	40.0147	39.8888	39.7385	39.8597	39.612	39.7442	39.716499999999996	39.4863	39.6928	39.684000000000005	39.5357	39.7315	39.8958	39.8352	39.888200000000005	39.7939	39.7603	39.7102	39.6889	39.5948	39.575900000000004	39.6114	39.5691	39.5956	39.6341	39.7781	39.6014	39.6733	39.616099999999996	39.4094	39.5636	39.629	39.5232	39.8724	39.3859	39.6371	39.6888	39.602900000000005	39.515899999999995	39.6539	39.4564	39.5501	39.394	39.4438	39.6126	39.623000000000005	39.4776	39.527499999999996	39.603300000000004	39.510600000000004	39.6443	39.6483	39.6698	39.6499	39.6125	39.688	39.6149	39.780300000000004	39.616	39.6761	39.8352	39.7778	39.621	39.7449	39.875	39.77	39.9064	39.688	39.8208	40.1614	39.843	40.0251	40.1421	39.9358	40.0876	40.2168	39.9995	40.4394	40.2157	40.305400000000006	40.435300000000005	40.5043	40.3642	40.449600000000004	40.8658	40.7787	40.634100000000004	40.936099999999996	40.799099999999996	41.0325	41.2158	41.2099	41.2849	41.5535	41.4853	41.5206	41.882999999999996	41.9546	41.8728	42.2846	42.0111	42.2316	42.7663	42.7837	42.625	43.4103	43.1922	43.2693	44.0837	43.8181	43.6817	44.054700000000004	44.393100000000004	44.544200000000004	45.1396	44.481500000000004	44.6671	45.3273	45.4799	45.4108	46.0009	45.787299999999995	45.9279	46.8605	46.5189	47.0183	47.783500000000004	47.1088	47.1404	48.0547	46.9205
Sor-ACeb_007-Ex1-2F-lcwgs-1-3-L3-fastp	47.0347	36.8557	38.8534	38.4318	38.7076	38.4025	38.0421	38.7835	39.2004	38.1747	41.0195	40.966	39.9155	39.841300000000004	39.8005	39.5703	39.9088	39.5929	39.7367	40.1231	39.9441	39.7841	39.8782	39.5905	39.7404	39.7426	39.4443	39.8294	39.7763	39.5636	39.8401	39.866099999999996	39.9036	39.9137	39.846900000000005	39.6568	39.7343	39.6814	39.5741	39.5987	39.7234	39.4859	39.6287	39.727000000000004	39.6211	39.5367	39.7361	39.614399999999996	39.5221	39.5636	39.6038	39.6568	39.713	39.5014	39.5563	39.6635	39.6707	39.498	39.5643	39.4638	39.5527	39.4619	39.415800000000004	39.5787	39.5563	39.5401	39.5543	39.6364	39.4447	39.5098	39.661	39.6241	39.6115	39.644800000000004	39.6913	39.6105	39.8574	39.4951	39.6457	39.8375	39.8091	39.6972	39.878099999999996	39.802	39.8024	39.9505	39.8242	39.7424	40.1822	39.9252	40.1218	40.2123	40.0098	40.043800000000005	40.111799999999995	40.372	40.1129	40.2318	40.0666	40.4009	40.464299999999994	40.3014	40.660000000000004	40.7251	40.7821	40.543800000000005	41.1555	40.8854	40.8843	41.063100000000006	41.1076	41.0334	41.788199999999996	41.3585	41.6246	41.997800000000005	41.6085	41.8763	42.4066	42.0584	42.3763	42.9184	42.7852	42.7049	43.2856	43.03	43.4444	43.9104	43.594300000000004	43.8615	44.1796	43.9105	44.304	44.8235	44.5157	45.1074	45.6146	44.983200000000004	45.8694	46.0631	46.2313	46.2665	47.0111	46.6228	47.457	47.44	47.604800000000004	47.9849	48.464200000000005	47.2907
Sor-ACeb_008-Ex1-3F-lcwgs-1-3-L2-fastp	46.0032	34.7098	35.7418	34.3889	34.8615	34.3209	33.9746	34.5314	34.9992	34.3808	37.4284	37.0768	36.332	36.0815	35.9665	35.734500000000004	35.8792	35.8362	35.9081	36.0972	36.1245	36.0836	36.0217	35.7808	35.7583	35.6623	35.5907	35.6494	35.6993	35.738	35.850300000000004	35.8677	35.8855	35.792699999999996	35.7637	35.6329	35.5759	35.4809	35.497499999999995	35.459	35.5853	35.5625	35.5885	35.5088	35.470800000000004	35.3647	35.2776	35.1686	35.181400000000004	35.2029	35.2589	35.3036	35.3529	35.2261	35.235699999999994	35.1976	35.174499999999995	35.071000000000005	35.1018	35.0634	35.179	35.1494	35.158899999999996	35.1741	35.1552	35.0896	35.0821	35.035500000000006	34.9967	35.010999999999996	35.078199999999995	35.0938	35.127900000000004	35.1045	35.1201	35.0478	35.092600000000004	34.965	34.9803	34.9993	35.043400000000005	34.982600000000005	35.0885	35.057500000000005	35.0611	35.0721	34.997299999999996	34.9891	35.068	34.9919	35.0415	35.1145	35.105399999999996	35.1288	35.147800000000004	35.1184	35.1196	35.0497	35.0458	35.0362	35.1028	35.1011	35.1281	35.2373	35.216300000000004	35.184599999999996	35.2003	35.1582	35.1924	35.2335	35.2868	35.3533	35.4962	35.5034	35.5549	35.6348	35.646899999999995	35.651500000000006	35.7332	35.7613	35.8611	36.013099999999994	36.0211	36.202600000000004	36.409200000000006	36.2928	36.5037	36.5577	36.549	36.709599999999995	36.9435	36.9782	37.1193	37.3289	37.418	37.5726	37.843900000000005	37.858000000000004	37.9386	38.235200000000006	38.175	38.4833	38.8819	38.8339	39.1064	39.3632	39.2111	39.4097	39.225	38.2736
Sor-ACeb_008-Ex1-3F-lcwgs-1-3-L3-fastp	46.1441	34.5087	35.7072	34.2968	34.804899999999996	34.23	33.8713	34.4542	34.9207	34.303200000000004	37.308099999999996	36.99	36.2069	35.9694	35.862899999999996	35.648	35.7783	35.7359	35.822500000000005	35.9895	36.0158	36.01	35.9398	35.7087	35.6481	35.5997	35.511199999999995	35.5576	35.6592	35.639700000000005	35.7664	35.7942	35.8147	35.7312	35.6607	35.5325	35.5081	35.4062	35.4165	35.376000000000005	35.5293	35.4952	35.506	35.4461	35.3541	35.267199999999995	35.185300000000005	35.1172	35.1132	35.1192	35.198499999999996	35.2352	35.275800000000004	35.1748	35.1661	35.1389	35.084199999999996	35.001	35.001599999999996	35.0197	35.0925	35.0764	35.1025	35.122	35.0906	34.9934	34.9885	34.9674	34.9152	34.9061	34.9988	34.981	35.0478	35.0281	35.044	34.988200000000006	34.9852	34.881	34.922599999999996	34.9207	34.963100000000004	34.9378	34.9958	34.9987	34.970800000000004	34.9446	34.8799	34.901199999999996	34.9222	34.8847	34.9611	34.9792	35.001	35.0023	35.039500000000004	35.0113	34.948499999999996	34.9146	34.9174	34.9257	34.9656	35.008	35.038399999999996	35.1108	35.0572	35.0528	35.051100000000005	35.0295	35.017700000000005	35.0618	35.0488	35.0666	35.266	35.3042	35.2984	35.4014	35.375299999999996	35.3315	35.4462	35.397	35.5252	35.6705	35.727199999999996	35.7305	35.8861	35.8878	35.910199999999996	36.106899999999996	36.016799999999996	36.0426	36.352000000000004	36.3378	36.621700000000004	36.7064	36.7783	36.9693	37.109500000000004	37.0796	37.2473	37.4392	37.4975	37.6988	37.980199999999996	38.0447	38.311	38.4024	38.4745	38.6719	38.806400000000004	38.127
Sor-ACeb_009-Ex1-4F-lcwgs-1-3-L2-fastp	47.1917	36.4754	37.3044	36.1661	37.092000000000006	36.530699999999996	36.3277	36.6984	37.2699	36.69	39.5248	39.132600000000004	38.5472	38.3163	38.2095	37.992799999999995	38.2301	37.9701	38.2187	38.2011	38.3438	38.2699	38.295	38.027100000000004	38.0676	37.9439	37.8799	37.9035	38.0041	37.9431	38.049699999999994	37.9773	38.0772	37.993900000000004	37.979	37.7695	37.76	37.5372	37.5885	37.4225	37.5841	37.4655	37.5043	37.379400000000004	37.4356	37.2206	37.209199999999996	37.0342	37.105700000000006	37.0219	37.0644	36.97	37.0672	36.905100000000004	36.930099999999996	36.9579	36.8615	36.7888	36.6985	36.740899999999996	36.7441	36.6462	36.7027	36.681799999999996	36.634899999999995	36.554500000000004	36.619600000000005	36.4868	36.5328	36.5161	36.451899999999995	36.3989	36.4645	36.4005	36.4794	36.3713	36.4643	36.4022	36.4059	36.2769	36.3549	36.2089	36.3666	36.2162	36.174499999999995	36.2785	36.1735	36.086600000000004	36.208	36.196600000000004	36.211	36.2431	36.114200000000004	36.0625	35.938900000000004	36.086600000000004	36.146499999999996	36.0885	35.9315	35.9952	36.1098	36.0445	35.9799	36.2195	35.829100000000004	36.046800000000005	36.0714	36.111900000000006	36.0296	35.9687	35.944900000000004	35.9694	36.1282	36.3213	36.0762	36.0881	36.121199999999995	36.2545	35.9268	36.1535	36.2114	36.3999	36.543	36.546099999999996	36.342999999999996	36.6548	36.6715	36.7057	36.4593	36.809599999999996	37.0971	36.7519	37.1641	37.0518	37.186	36.974000000000004	36.9711	37.283899999999996	37.508399999999995	37.5032	37.400800000000004	37.689	37.5969	37.750099999999996	38.1143	38.3121	37.959900000000005	38.0242	37.862	37.1194
Sor-ACeb_009-Ex1-4F-lcwgs-1-3-L3-fastp	47.2134	36.263400000000004	37.1651	36.0426	37.0375	36.408699999999996	36.1793	36.527	37.0543	36.5594	39.404	39.034400000000005	38.3598	38.2049	38.0859	37.817	38.054100000000005	37.8875	37.985400000000006	38.148199999999996	38.2151	38.0716	38.1594	37.8178	37.9521	37.8567	37.7473	37.7312	37.809799999999996	37.6817	37.8995	37.8754	37.9087	37.832300000000004	37.7647	37.668600000000005	37.5469	37.3821	37.4203	37.2844	37.4619	37.2996	37.347	37.2658	37.206	37.033	37.0106	36.9398	36.8255	36.8738	36.8687	36.7705	36.8829	36.8018	36.8143	36.7191	36.797000000000004	36.621700000000004	36.4762	36.4919	36.5226	36.521	36.583	36.527	36.496	36.3716	36.4201	36.316199999999995	36.319	36.1853	36.3529	36.3207	36.2823	36.2664	36.1761	36.2158	36.2166	35.9979	36.0151	36.1466	36.1755	36.0536	36.068099999999994	36.1794	36.0651	36.072500000000005	35.8735	35.869099999999996	36.091	35.8545	35.808	35.8602	35.822900000000004	35.747299999999996	35.9019	35.8534	35.7198	35.7731	35.791000000000004	35.759	35.6454	35.5772	35.647	35.787	35.673700000000004	35.7407	35.7964	35.5689	35.5206	35.6908	35.6246	35.6362	35.658899999999996	35.6347	35.7324	35.9014	35.8652	35.6153	35.6128	35.7018	35.687000000000005	35.7068	36.0144	35.702600000000004	35.986000000000004	35.8876	35.832300000000004	35.6402	35.8546	35.7178	36.0234	36.0558	35.9602	35.9193	35.8062	36.3761	36.1077	36.3046	36.276399999999995	36.6541	36.4089	36.5448	37.0017	36.751400000000004	36.7724	36.2712	36.3311	36.851299999999995	36.648399999999995	36.1963
Sor-ACeb_010-Ex1-5F-lcwgs-1-3-L2-fastp	46.7036	35.3547	37.7738	37.0355	37.5931	37.1906	36.9761	37.425799999999995	38.0055	37.019000000000005	40.092299999999994	39.993	39.022800000000004	38.870900000000006	38.823	38.6277	38.9225	38.7435	38.7204	39.1873	38.9955	38.9834	39.0065	38.7814	38.8978	38.8713	38.6	38.9675	38.8301	38.7801	38.9822	39.0552	39.0586	39.130199999999995	38.985	38.9696	38.949600000000004	38.854	38.886700000000005	38.8126	38.8326	38.8587	38.833400000000005	38.9024	39.0204	38.892900000000004	38.907799999999995	38.8532	38.6797	38.8263	38.8039	38.815	38.9655	38.6811	38.7637	38.8872	38.818999999999996	38.7123	38.7595	38.6659	38.724	38.583800000000004	38.606899999999996	38.7672	38.6858	38.6376	38.7191	38.7014	38.6857	38.6046	38.772800000000004	38.7602	38.728899999999996	38.6796	38.7502	38.695800000000006	38.8558	38.662	38.663799999999995	38.825900000000004	38.8256	38.6164	38.832	38.8465	38.785199999999996	38.8574	38.7417	38.8241	39.097300000000004	38.7646	38.9521	39.0505	38.9845	38.9798	39.085300000000004	39.0664	39.1702	38.963	39.0385	39.135	39.1487	39.1098	39.2278	39.431	39.3393	39.3249	39.5158	39.5187	39.561099999999996	39.710499999999996	39.647	39.6872	40.0607	39.8835	40.0532	40.3116	40.2292	40.186899999999994	40.5616	40.3585	40.5927	40.8542	40.813100000000006	40.9336	41.3575	41.0674	41.4265	41.7171	41.644999999999996	41.7452	42.0259	41.8711	42.1372	42.6218	42.2744	42.6736	42.983399999999996	42.8059	43.1125	43.5944	43.388	43.62	44.056400000000004	43.9433	44.2123	44.648700000000005	44.263400000000004	44.664500000000004	44.9902	44.0762
Sor-ACeb_010-Ex1-5F-lcwgs-1-3-L3-fastp	46.916000000000004	35.253	37.802400000000006	37.0234	37.6128	37.195299999999996	36.9668	37.4373	38.0314	37.0306	40.1072	39.998	38.9863	38.8845	38.8175	38.6392	38.9389	38.7607	38.7346	39.1958	39.003	39.0062	39.022600000000004	38.7847	38.9121	38.8907	38.634	38.9798	38.863	38.797399999999996	38.9975	39.0745	39.085300000000004	39.1673	39.0044	38.9874	38.9655	38.8727	38.886199999999995	38.825700000000005	38.8808	38.8664	38.8532	38.9315	38.9976	38.898700000000005	38.9123	38.8641	38.7005	38.8424	38.8237	38.8275	38.9859	38.7008	38.7809	38.905699999999996	38.8287	38.734	38.742900000000006	38.6907	38.7319	38.6048	38.6208	38.774300000000004	38.7066	38.641	38.737300000000005	38.717	38.7019	38.622099999999996	38.793299999999995	38.7442	38.746199999999995	38.6965	38.762299999999996	38.7138	38.873400000000004	38.6644	38.676	38.8446	38.8392	38.635999999999996	38.8635	38.8708	38.8116	38.8876	38.7403	38.8391	39.1152	38.7965	38.9562	39.0837	39.0141	39.008900000000004	39.1034	39.103300000000004	39.206	38.9965	39.0704	39.1788	39.1796	39.150400000000005	39.251799999999996	39.4849	39.3836	39.3785	39.5745	39.555299999999995	39.603500000000004	39.7703	39.6814	39.7444	40.111799999999995	39.945	40.0935	40.3725	40.252900000000004	40.2293	40.599000000000004	40.4165	40.651199999999996	40.925	40.8696	40.974199999999996	41.4049	41.138400000000004	41.4853	41.762899999999995	41.7022	41.7728	42.1235	41.9675	42.223699999999994	42.6969	42.3608	42.766	43.120799999999996	42.9375	43.2385	43.6975	43.5044	43.7958	44.2682	44.1064	44.4011	44.9365	44.4656	44.968799999999995	45.4061	44.8052
Sor-ACeb_011-Ex1-6F-lcwgs-1-3-L2-fastp	62.7762	51.374399999999994	48.5698	49.534	51.4473	49.9923	49.448	51.613	50.680899999999994	49.9083	54.278800000000004	53.4933	52.8691	53.1764	51.892	52.1365	52.92790000000001	51.8613	52.113600000000005	52.92980000000001	51.678999999999995	51.991699999999994	52.668099999999995	51.5069	51.8147	52.5376	51.4213	51.8359	52.559999999999995	51.509899999999995	51.8724	52.680899999999994	51.51989999999999	51.8681	52.5864	51.4812	51.80329999999999	52.5548	51.42679999999999	51.771699999999996	52.5617	51.519400000000005	51.877399999999994	52.5984	51.4957	51.8333	52.5572	51.5335	51.8486	52.5774	51.5635	51.902800000000006	52.670700000000004	51.6126	51.9818	52.7461	51.661699999999996	52.0365	52.7494	51.7466	52.1423	52.8647	51.8506	52.2903	53.025299999999994	52.0065	52.337999999999994	53.1634	52.0898	52.505599999999994	53.28580000000001	52.251599999999996	52.6859	53.431700000000006	52.45269999999999	52.808	53.6467	52.5429	52.9983	53.787	52.733	53.0946	53.9319	52.9026	53.346000000000004	54.118100000000005	53.0506	53.4529	54.2845	53.2063	53.6417	54.4368	53.3565	53.798199999999994	54.5901	53.505	53.952	54.7691	53.6885	54.0942	54.944	53.8444	54.252599999999994	55.0521	53.947100000000006	54.3913	55.1947	54.1313	54.5311	55.3886	54.2551	54.665	55.4906	54.379200000000004	54.799299999999995	55.546099999999996	54.482299999999995	54.9563	55.7034	54.630199999999995	55.01239999999999	55.776199999999996	54.712799999999994	55.0832	55.9026	54.833299999999994	55.2187	55.9941	54.9161	55.20739999999999	56.0833	54.9988	55.3605	56.17060000000001	55.038399999999996	55.380700000000004	56.229	55.0578	55.47299999999999	56.247400000000006	55.2225	55.6073	56.3595	55.2042	55.6361	56.4291	55.259899999999995	55.7298	56.4079	55.0805
Sor-ACeb_011-Ex1-6F-lcwgs-1-3-L3-fastp	63.404	51.3761	48.8301	49.783300000000004	51.717	50.255	49.6848	51.924099999999996	50.9722	50.19630000000001	54.5737	53.732800000000005	53.0795	53.4761	52.136700000000005	52.3972	53.2168	52.1134	52.3598	53.2355	51.9313	52.2776	52.95720000000001	51.7478	52.085300000000004	52.8338	51.699600000000004	52.1047	52.867200000000004	51.782300000000006	52.1433	52.9478	51.786500000000004	52.1638	52.8794	51.7584	52.093199999999996	52.845600000000005	51.6316	52.074600000000004	52.856	51.7895	52.12290000000001	52.880799999999994	51.7027	52.0948	52.8411	51.800999999999995	52.122299999999996	52.8768	51.8406	52.1788	52.947599999999994	51.8648	52.245	53.0068	51.8953	52.298100000000005	52.980199999999996	52.0107	52.402800000000006	53.134899999999995	52.0968	52.547399999999996	53.276999999999994	52.24569999999999	52.5736	53.4213	52.3344	52.738600000000005	53.53790000000001	52.4405	52.9116	53.6887	52.666900000000005	53.033699999999996	53.881299999999996	52.743300000000005	53.223200000000006	54.0093	52.973400000000005	53.3084	54.148300000000006	53.1162	53.546499999999995	54.352199999999996	53.2253	53.6672	54.505199999999995	53.4311	53.825900000000004	54.656800000000004	53.56419999999999	54.0117	54.791999999999994	53.692499999999995	54.1346	55.0002	53.87070000000001	54.3014	55.1716	54.066199999999995	54.461999999999996	55.2753	54.11709999999999	54.5801	55.3691	54.3119	54.7202	55.5733	54.4422	54.849599999999995	55.6763	54.533500000000004	54.9636	55.762299999999996	54.654	55.152	55.9083	54.8187	55.230999999999995	55.994200000000006	54.9104	55.2691	56.0937	55.0088	55.4237	56.211	55.1208	55.454899999999995	56.2898	55.17959999999999	55.585300000000004	56.389900000000004	55.2355	55.6509	56.527899999999995	55.3272	55.7423	56.53359999999999	55.510099999999994	55.911699999999996	56.704699999999995	55.559099999999994	55.9975	56.8256	55.5578	56.173700000000004	56.8719	55.65219999999999
Sor-ACeb_012-Ex1-7F-lcwgs-1-3-L2-fastp	46.075	34.5261	36.2827	35.1502	35.6736	35.1106	34.8926	34.8906	35.6623	35.0075	37.8412	37.819900000000004	36.9806	36.701699999999995	36.7367	36.4275	36.8024	36.5651	36.4548	37.1037	36.9126	36.9589	36.8555	36.65	36.758	36.6912	36.3519	36.8083	36.573899999999995	36.5942	36.7871	36.8693	36.8896	36.9767	36.852000000000004	36.8	36.7753	36.6698	36.6968	36.586800000000004	36.687599999999996	36.684	36.6747	36.7125	36.881	36.7333	36.641200000000005	36.6028	36.3648	36.5456	36.5606	36.6008	36.765	36.4479	36.5549	36.6209	36.6212	36.4495	36.4771	36.4313	36.4752	36.276399999999995	36.3579	36.5217	36.394	36.375800000000005	36.4592	36.3547	36.396	36.283300000000004	36.4566	36.4593	36.4537	36.3311	36.462	36.363099999999996	36.565999999999995	36.3331	36.3444	36.4722	36.4923	36.2765	36.4585	36.5576	36.466300000000004	36.554500000000004	36.4274	36.5105	36.7837	36.4754	36.6237	36.7132	36.7188	36.661	36.7607	36.7584	36.9216	36.6201	36.7322	36.7742	36.6831	36.688900000000004	36.8339	37.0227	36.9454	36.8728	37.0697	37.0704	37.1169	37.1792	37.1527	37.1339	37.533300000000004	37.2931	37.5181	37.6946	37.6778	37.555699999999995	37.9097	37.7529	37.9429	38.1613	38.1741	38.1849	38.5969	38.3241	38.7208	38.891	38.9103	38.960499999999996	39.2226	39.077400000000004	39.3035	39.8063	39.3785	39.8295	40.0073	39.915299999999995	40.197500000000005	40.544000000000004	40.460499999999996	40.7184	41.072399999999995	40.9339	41.3226	41.530699999999996	41.2725	41.6838	41.924499999999995	40.958099999999995
Sor-ACeb_012-Ex1-7F-lcwgs-1-3-L3-fastp	46.2705	34.415800000000004	36.2821	35.1138	35.6541	35.0872	34.8508	34.8783	35.652899999999995	34.9895	37.8174	37.8297	36.9315	36.6903	36.7023	36.4065	36.7991	36.550399999999996	36.449999999999996	37.1019	36.8963	36.948100000000004	36.8737	36.615700000000004	36.751	36.675799999999995	36.3502	36.7955	36.5731	36.6056	36.784099999999995	36.8686	36.901	37.0044	36.8195	36.7861	36.775000000000006	36.6489	36.6939	36.5898	36.692099999999996	36.6838	36.6649	36.709399999999995	36.8257	36.7164	36.6246	36.5935	36.3605	36.5225	36.5629	36.5978	36.7489	36.4489	36.5278	36.6244	36.6323	36.4448	36.4419	36.4202	36.450900000000004	36.2511	36.3442	36.5026	36.3881	36.3599	36.4474	36.3747	36.376599999999996	36.2568	36.4367	36.398	36.4176	36.318400000000004	36.445100000000004	36.3382	36.5771	36.274	36.3489	36.4718	36.4927	36.254799999999996	36.4864	36.5378	36.451699999999995	36.5392	36.4008	36.5033	36.7868	36.4512	36.6264	36.6756	36.721199999999996	36.641600000000004	36.7415	36.7714	36.932700000000004	36.6053	36.745400000000004	36.7814	36.668299999999995	36.705	36.8203	37.0131	36.937799999999996	36.8626	37.0629	37.060900000000004	37.114200000000004	37.1719	37.1151	37.1307	37.5216	37.3006	37.5085	37.703900000000004	37.6179	37.5964	37.8907	37.6931	37.9122	38.1063	38.1182	38.185599999999994	38.6045	38.2881	38.695800000000006	38.8752	38.8705	38.9276	39.0977	38.969300000000004	39.2192	39.698699999999995	39.2708	39.7401	40.028000000000006	39.900400000000005	40.196	40.5054	40.4454	40.726600000000005	41.0949	41.0028	41.3292	41.577	41.1854	41.793200000000006	42.1377	41.626999999999995
Sor-ACeb_013-Ex1-8F-lcwgs-1-3-L2-fastp	50.3584	40.7583	40.1119	40.4193	41.3699	40.632000000000005	40.2532	41.2548	41.2502	40.4446	43.655899999999995	43.6377	42.7209	42.808800000000005	42.1862	42.1732	42.7943	42.1358	42.1975	43.079499999999996	42.323699999999995	42.5512	42.8333	42.1582	42.3317	42.713699999999996	41.9013	42.5511	42.6197	42.1746	42.4049	42.9337	42.4097	42.6667	42.7656	42.3326	42.4406	42.7391	42.2856	42.3594	42.6941	42.3326	42.3784	42.8117	42.4679	42.4871	42.8095	42.3054	42.2115	42.775200000000005	42.2783	42.4764	42.973299999999995	42.2028	42.4149	42.949799999999996	42.3646	42.4609	42.856300000000005	42.3163	42.5102	42.8118	42.38	42.727199999999996	43.000699999999995	42.5566	42.7915	43.2323	42.778	42.912	43.5229	43.0649	43.278299999999994	43.7058	43.3313	43.508	44.1685	43.5294	43.7993	44.511	43.9814	44.0737	44.8565	44.4243	44.6426	45.345400000000005	44.7556	45.1447	45.9623	45.2334	45.6772	46.3924	45.869	46.2058	46.952	46.4063	46.8611	47.3869	46.8823	47.3296	48.0041	47.4075	47.8473	48.78	48.0963	48.445	49.3989	48.671	49.1264	50.0523	49.2396	49.666700000000006	50.757200000000005	49.9046	50.37049999999999	51.3344	50.541199999999996	50.8996	51.965399999999995	51.025	51.5729	52.5645	51.6974	52.0707	53.1236	52.104099999999995	52.70740000000001	53.6493	52.7263	53.050200000000004	54.07690000000001	53.0706	53.493100000000005	54.593	53.4945	53.9421	54.937400000000004	53.8228	54.283300000000004	55.364000000000004	54.2211	54.667500000000004	55.6476	54.466800000000006	55.00580000000001	55.9511	54.7696	55.2122	56.1838	54.662
Sor-ACeb_013-Ex1-8F-lcwgs-1-3-L3-fastp	51.114599999999996	40.952	40.4653	40.7173	41.726200000000006	40.9539	40.5605	41.6256	41.6187	40.7646	44.026700000000005	43.9713	43.0293	43.1711	42.5227	42.513	43.1684	42.4808	42.54	43.4441	42.6568	42.892	43.2043	42.4846	42.6771	43.0791	42.253099999999996	42.8749	43.0021	42.511700000000005	42.7611	43.2796	42.7571	43.0297	43.1327	42.6668	42.783500000000004	43.0916	42.592999999999996	42.6961	43.0758	42.6639	42.7263	43.1714	42.7597	42.8044	43.1485	42.6429	42.5525	43.136	42.6177	42.8033	43.3296	42.541000000000004	42.7598	43.2971	42.7004	42.8117	43.1912	42.659000000000006	42.855	43.1721	42.7128	43.0653	43.364399999999996	42.895	43.1334	43.5911	43.0963	43.2575	43.8761	43.3651	43.6186	44.068000000000005	43.6716	43.8608	44.5372	43.8491	44.144	44.8787	44.3325	44.427299999999995	45.2358	44.792	44.997	45.710499999999996	45.0797	45.498	46.327400000000004	45.5782	46.0287	46.7631	46.2141	46.550799999999995	47.3178	46.7656	47.2157	47.759800000000006	47.239599999999996	47.684	48.389500000000005	47.7639	48.2102	49.162099999999995	48.4366	48.8077	49.7677	49.000899999999994	49.4771	50.426899999999996	49.5873	50.00940000000001	51.1289	50.238099999999996	50.711	51.6834	50.854200000000006	51.2088	52.291900000000005	51.3618	51.907000000000004	52.9135	52.0139	52.379	53.457600000000006	52.4175	53.01050000000001	53.9803	53.024	53.3972	54.4289	53.3958	53.8406	54.8968	53.7965	54.2971	55.321299999999994	54.210499999999996	54.671099999999996	55.7145	54.615100000000005	55.0886	56.0925	54.8955	55.4382	56.464999999999996	55.187200000000004	55.718199999999996	56.741699999999994	55.362
Sor-ACeb_014-Ex1-9F-lcwgs-1-3-L2-fastp	46.7317	35.4675	37.1167	36.371900000000004	37.0017	36.4548	36.135600000000004	36.6858	37.2176	36.3327	39.446799999999996	39.4893	38.505	38.3207	38.1682	37.9848	38.3759	38.1013	38.0668	38.7459	38.4171	38.4812	38.455099999999995	38.191399999999994	38.2705	38.3417	37.9174	38.412600000000005	38.2735	38.2011	38.3762	38.5572	38.4704	38.5498	38.4236	38.3335	38.332100000000004	38.296400000000006	38.2519	38.2049	38.3291	38.2854	38.277499999999996	38.3833	38.4343	38.3003	38.3356	38.2014	38.0034	38.2797	38.191900000000004	38.265100000000004	38.4953	38.083299999999994	38.1693	38.3676	38.213	38.1122	38.2382	38.0822	38.1336	38.1011	38.0357	38.2615	38.1868	38.0674	38.1712	38.2164	38.141799999999996	38.1287	38.3805	38.2853	38.3024	38.361000000000004	38.3441	38.3179	38.5951	38.2622	38.3081	38.609	38.5095	38.353500000000004	38.6978	38.6796	38.6511	38.8569	38.6411	38.7943	39.2225	38.8285	38.9963	39.297	39.1756	39.2335	39.4673	39.3889	39.6129	39.5136	39.4678	39.6554	39.8143	39.676	39.8839	40.3183	40.1248	40.2008	40.5914	40.4475	40.6333	40.9693	40.775	40.9103	41.5438	41.1936	41.492200000000004	41.9597	41.7647	41.8361	42.408	42.1	42.430800000000005	42.9553	42.7934	42.9311	43.621500000000005	43.208400000000005	43.688700000000004	44.1944	43.9688	44.1884	44.743300000000005	44.3768	44.7688	45.563500000000005	44.9932	45.4646	46.1026	45.6173	46.102399999999996	46.7418	46.3868	46.7413	47.4487	47.0132	47.4493	48.1315	47.5704	47.986200000000004	48.7034	47.5482
Sor-ACeb_014-Ex1-9F-lcwgs-1-3-L3-fastp	47.0658	35.4445	37.2138	36.4278	37.0967	36.5257	36.1954	36.778800000000004	37.3131	36.4026	39.5273	39.5667	38.5415	38.4092	38.2416	38.0696	38.4585	38.1837	38.136199999999995	38.8303	38.4895	38.5691	38.554300000000005	38.2611	38.3517	38.4374	38.022600000000004	38.4872	38.3768	38.277899999999995	38.4598	38.6565	38.5554	38.651	38.5122	38.4054	38.424	38.3813	38.3255	38.2889	38.428200000000004	38.3685	38.3501	38.475300000000004	38.4936	38.3632	38.4189	38.2831	38.094899999999996	38.3705	38.2627	38.3496	38.5741	38.1732	38.2523	38.457	38.297399999999996	38.2046	38.302	38.1731	38.217	38.1909	38.112	38.346599999999995	38.286500000000004	38.1478	38.251200000000004	38.3181	38.2203	38.2143	38.4733	38.3438	38.390299999999996	38.4622	38.4397	38.4185	38.7098	38.3513	38.405499999999996	38.7108	38.612	38.466499999999996	38.818200000000004	38.7961	38.756800000000005	38.973400000000005	38.7532	38.9061	39.3378	38.9508	39.1203	39.4341	39.285599999999995	39.3565	39.6149	39.5381	39.7514	39.651399999999995	39.616600000000005	39.8046	39.9697	39.820100000000004	40.0425	40.5248	40.279399999999995	40.3636	40.7875	40.6117	40.8213	41.1496	40.9618	41.099000000000004	41.765	41.383199999999995	41.6941	42.1579	41.9499	42.0243	42.6151	42.3164	42.6596	43.2321	42.9949	43.1716	43.8712	43.4521	43.9237	44.4647	44.2012	44.425399999999996	45.0214	44.630399999999995	45.018299999999996	45.8434	45.2411	45.763799999999996	46.4433	45.9426	46.423700000000004	47.0955	46.7001	47.1192	47.8785	47.402699999999996	47.857	48.601299999999995	47.9287	48.5056	49.265	48.3926
Sor-ACeb_015-Ex1-10F-lcwgs-1-3-L2-fastp	47.1439	35.5745	37.4332	36.6944	37.1849	36.8117	36.551	37.056	37.641799999999996	36.6113	39.7449	39.6177	38.6251	38.4221	38.3438	38.1952	38.5004	38.284099999999995	38.2515	38.7389	38.5528	38.5559	38.5301	38.2991	38.4569	38.4178	38.145	38.5263	38.3451	38.3168	38.5264	38.5718	38.5989	38.6325	38.5479	38.4865	38.4785	38.422	38.4071	38.3515	38.3894	38.3682	38.393100000000004	38.465199999999996	38.5899	38.4774	38.4623	38.3735	38.1872	38.3821	38.3127	38.3426	38.5319	38.2187	38.3437	38.435900000000004	38.413599999999995	38.2533	38.3414	38.2098	38.282	38.135400000000004	38.1488	38.3221	38.2994	38.190200000000004	38.3011	38.3207	38.2913	38.1961	38.4172	38.388099999999994	38.3899	38.312000000000005	38.3775	38.3349	38.5683	38.318000000000005	38.3371	38.5669	38.4762	38.332699999999996	38.575199999999995	38.5862	38.4903	38.6426	38.487500000000004	38.6608	38.9487	38.6488	38.794200000000004	38.9534	38.913799999999995	38.891799999999996	38.9888	38.995000000000005	39.1509	38.9816	39.073600000000006	39.1772	39.1905	39.1487	39.3103	39.5	39.475	39.5133	39.7067	39.669	39.753899999999994	39.9921	39.7901	39.921800000000005	40.3794	40.173500000000004	40.3382	40.6707	40.53	40.5511	40.9775	40.778	40.9892	41.411	41.301700000000004	41.3858	42.0162	41.6345	42.0207	42.4105	42.3163	42.572500000000005	42.743700000000004	42.5981	42.8654	43.400800000000004	42.9216	43.5164	43.7828	43.4221	43.922200000000004	44.5169	44.1077	44.4782	44.9793	44.865300000000005	45.2044	45.6588	45.298500000000004	45.7755	46.1181	44.9129
Sor-ACeb_015-Ex1-10F-lcwgs-1-3-L3-fastp	47.4045	35.4769	37.4473	36.712	37.1831	36.8285	36.5406	37.089299999999994	37.6537	36.6291	39.7483	39.6511	38.5714	38.435900000000004	38.3568	38.2031	38.5042	38.2718	38.282	38.7614	38.5525	38.6108	38.5578	38.3506	38.489200000000004	38.4476	38.1273	38.5719	38.3726	38.3406	38.5432	38.6447	38.6312	38.7226	38.5537	38.5098	38.5198	38.4442	38.4116	38.3854	38.436	38.4336	38.3823	38.468999999999994	38.5524	38.463	38.4577	38.4242	38.2203	38.357200000000006	38.323499999999996	38.4012	38.5721	38.2337	38.3751	38.4499	38.414300000000004	38.2928	38.318000000000005	38.2487	38.323299999999996	38.1426	38.1751	38.3925	38.3044	38.225300000000004	38.3258	38.317099999999996	38.309599999999996	38.2496	38.3878	38.398199999999996	38.4131	38.3286	38.4237	38.3812	38.550200000000004	38.2809	38.3755	38.5786	38.5428	38.3264	38.588	38.616099999999996	38.5841	38.6433	38.5201	38.6736	38.973600000000005	38.6231	38.848	38.9761	38.9375	38.9386	39.0462	39.006800000000005	39.2155	39.0051	39.109899999999996	39.1934	39.1892	39.1899	39.3671	39.5439	39.5002	39.5028	39.776	39.7081	39.8252	40.0497	39.9354	39.9553	40.4551	40.2023	40.3997	40.704299999999996	40.5861	40.6008	41.030699999999996	40.6858	41.0711	41.409	41.347	41.438	42.038799999999995	41.640100000000004	42.1618	42.4242	42.1543	42.451899999999995	42.8551	42.5972	42.8947	43.5139	42.8952	43.4841	43.9312	43.571	43.8731	44.3735	44.4776	44.6768	45.2722	44.8673	45.4307	45.8662	45.3735	45.8364	46.4781	45.5377
Sor-ACeb_016-Ex1-11F-lcwgs-1-3-L2-fastp	47.0139	37.5383	39.1441	38.9167	39.133	38.8768	38.5789	39.3976	39.7814	38.5291	41.5702	41.463699999999996	40.4212	40.2843	40.2448	40.0684	40.4097	40.1406	40.1643	40.610099999999996	40.375299999999996	40.3275	40.4351	40.1757	40.338	40.3021	40.048899999999996	40.395900000000005	40.2688	40.1524	40.371	40.469300000000004	40.4567	40.4475	40.3821	40.3564	40.312	40.231899999999996	40.2097	40.178799999999995	40.2235	40.1898	40.1702	40.283	40.3288	40.2412	40.2781	40.1937	40.070699999999995	40.184999999999995	40.1237	40.1427	40.2977	39.9933	40.1018	40.2547	40.1592	40.050799999999995	40.1356	39.9841	40.047700000000006	39.9441	39.957300000000004	40.1085	40.0867	39.933099999999996	40.029399999999995	40.0576	40.0246	39.937400000000004	40.1616	40.0948	40.1135	40.069700000000005	40.122099999999996	40.078399999999995	40.2169	40.0235	40.035399999999996	40.2483	40.177600000000005	40.0144	40.2485	40.2298	40.2086	40.3021	40.1312	40.2685	40.5864	40.1928	40.3851	40.5656	40.4253	40.4876	40.5737	40.5326	40.6806	40.5488	40.5571	40.7003	40.7567	40.6677	40.800799999999995	41.1006	40.968900000000005	40.99	41.2246	41.1779	41.2072	41.4524	41.3555	41.3842	41.8663	41.6716	41.7196	42.1275	41.9582	41.918	42.4317	42.168499999999995	42.4441	42.7938	42.6616	42.769	43.2294	42.9003	43.310900000000004	43.736999999999995	43.4887	43.5909	44.0986	43.8457	44.0927	44.6798	44.2297	44.5314	45.0681	44.7322	45.079	45.5503	45.4413	45.5274	46.110600000000005	45.8467	46.1095	46.735	46.2175	46.466	47.1411	45.997
Sor-ACeb_016-Ex1-11F-lcwgs-1-3-L3-fastp	47.3139	37.4595	39.2078	38.9754	39.1944	38.908100000000005	38.646	39.4611	39.8319	38.5667	41.5927	41.5123	40.441300000000005	40.3425	40.2524	40.1312	40.4125	40.1938	40.186699999999995	40.6289	40.4436	40.3524	40.5065	40.2065	40.381499999999996	40.3615	40.1228	40.4241	40.359899999999996	40.2049	40.4433	40.4952	40.5244	40.5364	40.42	40.3974	40.4046	40.2764	40.2628	40.2142	40.273900000000005	40.1918	40.2355	40.3144	40.3693	40.265699999999995	40.3417	40.256	40.1266	40.2362	40.1894	40.1744	40.3532	40.0451	40.1668	40.3206	40.2138	40.090399999999995	40.1616	40.0533	40.1175	39.9777	39.9998	40.1544	40.1354	39.9864	40.1416	40.1201	40.0621	40.0048	40.2076	40.142	40.169399999999996	40.1068	40.1611	40.1364	40.2935	40.0606	40.0992	40.3156	40.267199999999995	40.0406	40.280300000000004	40.328900000000004	40.2335	40.348800000000004	40.1918	40.3373	40.6438	40.245	40.4516	40.6098	40.4833	40.535900000000005	40.6534	40.5898	40.7788	40.5903	40.6956	40.8009	40.8444	40.7424	40.8936	41.1833	41.056	41.0667	41.3163	41.3189	41.374100000000006	41.6049	41.415800000000004	41.5007	41.9495	41.781800000000004	41.8504	42.276399999999995	42.0488	42.0673	42.5251	42.3013	42.5505	42.9425	42.821999999999996	42.8812	43.370599999999996	43.024499999999996	43.4029	43.8464	43.6615	43.7593	44.2124	43.9987	44.2819	44.7618	44.4097	44.7564	45.3059	44.939	45.1834	45.734399999999994	45.568599999999996	45.8291	46.3968	46.1242	46.4621	47.0783	46.571	46.9521	47.5733	46.8253
Sor-ACeb_017-Ex1-12F-lcwgs-1-3-L2-fastp	45.6351	37.4949	37.985400000000006	37.936	38.1154	37.9586	37.601	38.168800000000005	38.5833	37.7193	40.3093	40.376200000000004	39.4204	39.347100000000005	39.1816	39.0606	39.2685	39.1116	39.0955	39.563199999999995	39.3449	39.3554	39.3789	39.2011	39.2576	39.3224	38.9584	39.3436	39.1522	39.1071	39.264900000000004	39.453700000000005	39.3604	39.434000000000005	39.2936	39.286500000000004	39.2122	39.1359	39.1003	39.069700000000005	39.0921	39.0897	39.0536	39.1863	39.217200000000005	39.1428	39.1269	39.066	38.8854	39.0276	38.9374	38.9968	39.1461	38.874199999999995	38.9094	39.0943	38.948899999999995	38.8555	38.955400000000004	38.8637	38.8272	38.7789	38.7369	38.9089	38.859700000000004	38.8089	38.859100000000005	38.8922	38.8135	38.794000000000004	38.9714	38.9363	38.8922	38.8623	38.9027	38.8362	39.049099999999996	38.9037	38.8372	39.0783	38.9435	38.8143	39.0388	39.0268	38.941199999999995	39.135999999999996	38.891799999999996	39.0788	39.299299999999995	39.082499999999996	39.1515	39.3557	39.1835	39.2367	39.3469	39.3734	39.4418	39.3022	39.326899999999995	39.527699999999996	39.4988	39.4362	39.5298	39.8323	39.7046	39.725300000000004	39.9238	39.9912	39.9032	40.2531	40.0345	40.157900000000005	40.509	40.318799999999996	40.466800000000006	40.881699999999995	40.6679	40.7142	41.083999999999996	40.8782	41.1146	41.478	41.338	41.4445	41.8995	41.6437	41.9792	42.315999999999995	42.1232	42.3263	42.5928	42.4736	42.6338	43.1777	42.729	43.2933	43.4989	43.3282	43.6612	44.163599999999995	43.9031	44.210300000000004	44.630399999999995	44.425	44.6353	45.2683	44.8009	44.9858	45.7607	44.6055
Sor-ACeb_017-Ex1-12F-lcwgs-1-3-L3-fastp	45.765899999999995	37.3294	37.951	37.8562	38.0834	37.9443	37.598	38.1511	38.5767	37.702400000000004	40.258500000000005	40.3495	39.3516	39.3016	39.1328	39.0019	39.263799999999996	39.0946	39.0544	39.5389	39.312999999999995	39.334799999999994	39.359	39.1492	39.2333	39.2839	38.9223	39.3138	39.1619	39.098	39.2471	39.4125	39.3309	39.4152	39.2684	39.245400000000004	39.2061	39.1217	39.069199999999995	39.021	39.0886	39.035599999999995	39.034	39.1719	39.158100000000005	39.1067	39.094699999999996	39.0451	38.860499999999995	39.0094	38.8989	38.9922	39.1018	38.8654	38.8829	39.103300000000004	38.8981	38.8246	38.8922	38.864	38.8164	38.7216	38.7126	38.8681	38.831700000000005	38.7988	38.799099999999996	38.845800000000004	38.7597	38.7515	38.9118	38.841	38.8358	38.785599999999995	38.8685	38.7891	39.0021	38.7832	38.7662	38.9889	38.883	38.744299999999996	38.945	39.006099999999996	38.9058	39.0812	38.853500000000004	39.0276	39.2433	38.9088	39.0789	39.2562	39.1471	39.2504	39.2807	39.2628	39.3657	39.2067	39.2245	39.4283	39.3758	39.3023	39.4049	39.7961	39.6007	39.607	39.832	39.7564	39.8294	40.0607	39.914300000000004	39.9685	40.396	40.199	40.355799999999995	40.6738	40.469699999999996	40.5032	40.8339	40.6588	40.8691	41.2487	41.1502	41.2506	41.6315	41.442099999999996	41.7433	42.1027	41.8889	42.0946	42.4272	42.181000000000004	42.505500000000005	42.985600000000005	42.5188	43.0022	43.4527	43.1653	43.4277	43.9781	43.752	43.9067	44.474399999999996	44.3755	44.634	45.2057	44.6032	45.2274	45.6388	45.0542
Sor-ACeb_018-Ex1-1G-lcwgs-1-3-L2-fastp	45.624199999999995	35.8961	38.279	37.7446	38.053599999999996	37.7371	37.4465	37.9443	38.4996	37.5873	40.2156	40.293099999999995	39.366299999999995	39.2437	39.1926	39.0504	39.34	39.1674	39.1191	39.6032	39.3693	39.3285	39.327600000000004	39.1547	39.2753	39.218599999999995	38.9514	39.3592	39.1928	39.136900000000004	39.320899999999995	39.429199999999994	39.4101	39.4822	39.3386	39.3647	39.318999999999996	39.2416	39.2415	39.2017	39.1945	39.2044	39.1597	39.264500000000005	39.369	39.2774	39.2791	39.2557	39.0777	39.2228	39.185199999999995	39.1841	39.3167	39.048300000000005	39.1266	39.278200000000005	39.1986	39.0509	39.1478	39.013999999999996	39.0597	38.8824	38.9235	39.0796	38.981100000000005	38.9277	39.033	39.0	38.997	38.886199999999995	39.0666	39.039	38.997	38.9162	38.996900000000004	38.9332	39.1048	38.908	38.9168	39.094699999999996	39.0304	38.8056	39.0096	39.021499999999996	38.9253	38.9984	38.8703	38.9637	39.2451	38.8829	39.043499999999995	39.129999999999995	39.0775	39.021899999999995	39.0803	39.0851	39.1551	38.9447	39.051399999999994	39.0988	39.0393	39.0152	39.068599999999996	39.257	39.1698	39.1271	39.2686	39.2652	39.2954	39.3695	39.318599999999996	39.3206	39.6466	39.4863	39.576899999999995	39.774100000000004	39.7138	39.5933	39.9065	39.7428	39.8879	40.0914	40.0607	40.044999999999995	40.4493	40.1254	40.456399999999995	40.6604	40.5998	40.645900000000005	40.8176	40.6835	40.859899999999996	41.2348	40.9632	41.2712	41.4709	41.2801	41.5793	41.9055	41.7775	41.9323	42.344100000000005	42.1483	42.3399	42.6682	42.4041	42.6021	42.9365	42.0319
Sor-ACeb_018-Ex1-1G-lcwgs-1-3-L3-fastp	45.9019	35.8137	38.3029	37.7268	38.0573	37.7314	37.4451	37.9447	38.5263	37.589299999999994	40.225	40.277499999999996	39.330999999999996	39.245200000000004	39.181	39.0625	39.3547	39.1682	39.137499999999996	39.589999999999996	39.3657	39.35	39.3469	39.155	39.2807	39.2446	38.9719	39.356700000000004	39.230900000000005	39.144	39.3405	39.4504	39.4144	39.5256	39.3542	39.372099999999996	39.331500000000005	39.2675	39.2611	39.2121	39.231300000000005	39.2235	39.169	39.2802	39.3397	39.265	39.2954	39.2656	39.079	39.224399999999996	39.2064	39.1818	39.3311	39.046	39.123200000000004	39.301700000000004	39.1922	39.0801	39.122	39.028	39.0702	38.9105	38.927800000000005	39.0927	38.9993	38.9225	39.0305	39.003	38.9985	38.8844	39.073600000000006	39.0248	38.9997	38.9293	39.0109	38.9508	39.0992	38.897999999999996	38.911699999999996	39.1116	39.0439	38.800000000000004	39.0439	39.0538	38.934400000000004	39.0045	38.8735	38.9768	39.2419	38.882600000000004	39.043099999999995	39.1553	39.0679	39.0401	39.096399999999996	39.0983	39.1767	38.9666	39.0582	39.1244	39.074	39.015899999999995	39.1067	39.301199999999994	39.189800000000005	39.1609	39.3108	39.2948	39.3428	39.404	39.3417	39.339200000000005	39.712399999999995	39.5248	39.629	39.8138	39.7119	39.5941	39.9289	39.8052	39.9178	40.2026	40.0711	40.1028	40.488	40.1767	40.484500000000004	40.6981	40.6029	40.672399999999996	40.8597	40.730199999999996	40.9642	41.302699999999994	40.987	41.3381	41.5821	41.3858	41.6742	41.971399999999996	41.8737	42.0442	42.5231	42.311	42.4733	42.9514	42.545	42.9148	43.2516	42.7119
Sor-ACeb_019-Ex1-3G-lcwgs-1-3-L2-fastp	46.6201	35.843199999999996	37.0385	35.580099999999995	36.338300000000004	35.7078	35.5569	35.8857	36.5975	35.583999999999996	38.8063	38.628299999999996	37.3247	37.471700000000006	37.504599999999996	37.0095	37.6671	37.359500000000004	37.4137	37.580000000000005	38.080999999999996	37.6574	37.4234	37.392399999999995	37.235800000000005	37.0694	36.789	37.0868	37.2087	37.0772	37.6342	37.3963	37.5394	37.2635	37.6826	37.1625	37.1274	37.141400000000004	36.7029	37.421	37.0495	37.100300000000004	37.1477	37.2199	37.3067	37.1693	36.9221	36.3896	36.3259	37.0831	36.637100000000004	37.1969	37.2864	36.646499999999996	37.1776	36.513	36.8159	36.7701	36.848	36.7714	37.1173	36.681999999999995	36.5833	36.5681	36.8115	37.310900000000004	37.3198	36.825599999999994	36.9353	37.042500000000004	37.045	36.7966	36.5921	36.7445	37.789899999999996	36.6376	36.9967	36.6533	36.9912	36.7505	37.0786	37.4535	36.9786	37.3867	37.4285	37.4379	36.8532	37.2927	37.4245	36.3281	37.6182	37.230999999999995	36.8437	37.6865	36.7336	37.094	37.1676	38.0686	37.7614	37.7239	37.4915	37.8159	37.8503	36.7166	37.3317	37.581199999999995	36.8214	38.2847	37.272	37.9496	38.325700000000005	37.2974	38.2548	37.6743	38.5565	39.574999999999996	38.3583	39.352599999999995	38.8583	38.6751	37.897999999999996	39.3283	38.4283	39.176	38.776500000000006	39.3015	40.8057	39.3696	41.018	39.4073	39.8484	40.3793	40.6227	40.3701	38.5652	41.1107	41.7678	39.6905	42.6058	40.4287	41.1396	40.8497	41.0755	38.7681	43.046800000000005	41.2269	40.8774	41.6971	41.8014	40.4437
Sor-ACeb_019-Ex1-3G-lcwgs-1-3-L3-fastp	47.331	35.091499999999996	37.8305	35.7715	36.4133	35.9431	36.1591	35.924	37.1823	35.5935	39.1078	38.7456	37.5381	37.614399999999996	37.4555	37.1823	37.0361	37.932100000000005	36.6929	37.6017	38.1927	38.148199999999996	37.6906	37.9957	37.6271	37.411	38.199	37.5635	37.4809	37.1187	37.4936	37.3793	37.716100000000004	38.352399999999996	37.1425	37.532700000000006	37.438500000000005	38.219500000000004	38.185599999999994	37.095299999999995	37.8587	37.7025	37.5098	37.2918	37.616	37.5167	37.306200000000004	36.722100000000005	36.7442	36.1235	37.055	37.2638	37.6786	37.181999999999995	37.2337	36.6576	37.804500000000004	37.7053	37.289699999999996	36.615700000000004	37.135400000000004	36.906	37.1931	37.3603	37.4362	37.8639	37.2027	37.373	36.9737	35.930800000000005	37.5888	36.559799999999996	37.433499999999995	37.9897	37.7903	36.541000000000004	37.9083	37.1181	36.9296	37.9169	37.064	36.1506	37.784099999999995	37.310900000000004	37.4454	37.4625	38.0864	37.6104	37.3726	37.4218	37.3583	36.4484	37.541000000000004	36.775600000000004	37.6791	38.4082	38.9128	38.1977	38.766	37.8469	37.5503	37.3884	37.881	37.5792	35.2904	37.8868	37.6841	38.4369	36.859700000000004	38.4374	39.9011	37.5652	39.4379	39.656000000000006	37.8134	38.3966	40.793800000000005	39.3395	38.4988	39.616600000000005	39.278600000000004	36.4014	41.4369	39.5385	38.4367	37.3626	39.3298	37.148199999999996	40.7777	39.6677	39.7408	40.1566	41.9767	41.2054	43.0789	41.430499999999995	41.1765	38.372099999999996	42.857099999999996	40.8228	43.4494	45.7391	41.8819	44.5525	40.442699999999995	40.6316	41.5385	42.1053	39.8082	41.1141
Sor-ACeb_020-Ex1-2G-lcwgs-1-3-L2-fastp	54.4138	47.6956	44.312200000000004	45.8476	46.6995	46.4018	44.2992	47.775600000000004	45.8598	46.2012	48.9291	49.1834	46.9344	49.1898	46.762100000000004	47.7506	48.031400000000005	48.1315	46.584900000000005	49.2718	46.842299999999994	47.8973	47.8517	47.903400000000005	46.551500000000004	49.1221	46.7173	47.6651	47.874100000000006	47.8662	46.611399999999996	49.2975	46.589000000000006	47.7855	47.8341	48.003	46.4008	48.9794	46.6732	47.7061	47.938399999999994	47.928599999999996	46.678799999999995	49.017300000000006	46.673700000000004	47.754400000000004	47.6295	47.821799999999996	46.876400000000004	49.1352	47.0324	47.9733	47.9559	48.2178	47.066599999999994	49.267300000000006	47.2908	48.2308	48.4977	48.5201	47.6387	49.687	47.929100000000005	48.8969	49.2524	49.0653	48.5106	50.5857	48.828700000000005	49.6683	49.9165	49.9078	49.3335	51.1759	49.709599999999995	50.7997	51.105199999999996	51.0975	50.4545	52.1192	50.955	51.70740000000001	52.1277	52.0495	51.5279	53.1808	51.9829	52.6525	53.2964	53.1884	52.5019	54.319300000000005	53.0391	53.6822	54.406600000000005	54.2532	54.0671	55.4246	53.914899999999996	54.8355	55.357299999999995	55.1331	54.9175	56.3682	55.0447	55.883	56.456399999999995	55.562	55.925599999999996	57.2368	55.677200000000006	56.4137	57.174800000000005	56.443799999999996	56.7399	57.9393	56.78339999999999	57.4377	58.6006	57.139700000000005	57.69220000000001	58.8203	57.3956	57.6991	59.18560000000001	57.813	58.522200000000005	59.1693	57.80309999999999	58.220400000000005	59.6483	58.3408	58.65129999999999	59.9054	58.377	58.8769	59.7079	58.827799999999996	58.85320000000001	60.1373	59.217200000000005	59.2067	60.676300000000005	59.1079	59.485299999999995	60.483	59.349	59.0771	59.9369	58.73930000000001
Sor-ACeb_020-Ex1-2G-lcwgs-1-3-L3-fastp	54.874	48.1721	44.490899999999996	46.1696	46.9119	46.9027	44.532	48.1628	46.1017	46.4928	49.113600000000005	49.4304	47.3807	49.4942	47.0951	48.1563	48.2945	48.491	46.9912	49.5158	47.1072	48.2331	48.146499999999996	48.091899999999995	46.7334	49.2247	47.010000000000005	48.2045	48.0762	48.0626	47.0933	49.4082	47.0612	48.1229	48.202600000000004	48.1667	46.8313	49.3428	46.687200000000004	48.1167	48.087999999999994	48.001599999999996	46.8722	49.309799999999996	46.8498	48.2076	48.121	48.171	47.0076	49.462	47.247	48.4161	48.2792	48.409600000000005	47.5484	49.5191	47.6276	48.7211	48.6216	48.755700000000004	47.8923	50.032399999999996	48.092800000000004	49.1372	49.508799999999994	49.344	48.6269	50.803399999999996	48.8716	50.082899999999995	50.3478	50.187099999999994	49.5383	51.6691	49.9	50.8417	51.4093	51.105199999999996	50.699099999999994	52.552299999999995	50.803	51.876999999999995	52.0006	52.2085	51.6587	53.5671	52.0255	53.224700000000006	53.259100000000004	53.2796	52.7281	54.4112	52.9415	53.8431	54.0669	54.2183	53.8642	55.489	53.839800000000004	55.0992	54.9659	55.23780000000001	54.6924	56.745999999999995	54.890499999999996	56.0584	56.104699999999994	55.8321	55.783	57.652499999999996	55.387	56.9576	56.6443	56.8509	56.341300000000004	58.0963	56.2071	57.593799999999995	57.6121	57.5363	57.1602	59.3083	56.767900000000004	58.2866	58.0986	58.1621	57.4427	59.195600000000006	57.25	59.080600000000004	58.794000000000004	58.495200000000004	57.8112	59.98759999999999	57.684999999999995	59.2517	59.0074	59.408300000000004	58.221199999999996	60.509100000000004	57.8673	59.8961	59.1279	59.357000000000006	58.449799999999996	61.0456	58.4394	59.9808	59.5835	59.7972
Sor-ACeb_021-Ex1-4G-lcwgs-1-3-L2-fastp	47.692299999999996	36.7637	38.4456	37.4572	38.3579	37.385400000000004	38.4934	37.839800000000004	39.5456	37.249900000000004	40.558	40.2471	40.0399	38.613	39.0036	39.1311	39.171	38.636900000000004	38.860099999999996	39.7609	39.6811	39.3623	39.3304	39.3065	39.513799999999996	39.8804	38.9239	38.6289	39.346399999999996	38.5492	39.5935	39.6174	39.752900000000004	38.9901	39.1559	38.7162	38.3759	39.4641	39.089400000000005	39.104499999999994	39.0633	37.703399999999995	40.0899	38.567800000000005	39.494299999999996	39.0395	39.2771	39.3908	38.6246	39.2386	38.7528	38.1186	38.5429	38.192	38.4927	38.6822	38.7519	39.098699999999994	38.9958	38.3571	37.661	38.8519	38.1286	39.1028	39.374700000000004	38.292	37.6296	39.208	37.4419	39.228699999999996	38.2924	39.332899999999995	39.1544	38.4224	38.0521	38.9853	38.9013	39.6986	39.8542	37.9209	38.6291	38.4801	38.414	39.5879	38.460100000000004	38.945299999999996	38.9102	39.562000000000005	39.6389	38.566	39.1786	39.0909	38.8174	38.629400000000004	38.5394	39.218399999999995	40.7887	39.034600000000005	38.2972	39.048899999999996	38.4641	38.993100000000005	40.8598	39.3951	39.9922	40.4781	40.421099999999996	39.7117	39.7279	41.686299999999996	38.6719	38.0589	40.285900000000005	39.879	40.138	42.2937	39.0044	41.106700000000004	42.46	42.33	38.6347	40.062799999999996	40.0823	43.4222	42.0054	41.8367	43.2749	41.994	42.8421	42.1858	41.5029	42.5993	44.806000000000004	43.2503	40.1091	43.575399999999995	40.1154	41.010400000000004	44.0184	41.062799999999996	42.0	41.9966	43.416399999999996	44.0454	45.4724	45.5285	46.4135	45.2273	45.2153	41.7323
Sor-ACeb_021-Ex1-4G-lcwgs-1-3-L3-fastp	48.4159	36.8264	38.3428	37.2326	37.6117	37.3138	36.1224	39.128099999999996	37.7471	38.0991	40.9152	41.510999999999996	38.9115	40.1571	38.6407	38.6948	39.9133	39.5343	40.8069	40.2924	39.6967	40.0487	39.425900000000006	37.6929	37.9908	39.7509	38.5594	39.7509	37.3409	39.236399999999996	38.8573	39.1552	39.3989	39.1222	39.516600000000004	38.2225	39.9125	37.5686	38.3577	38.9657	39.9109	39.3217	38.804300000000005	38.9566	39.4812	37.5825	40.2834	37.6166	36.9956	39.1743	39.8442	37.651	38.9856	39.7404	39.463	40.3108	38.4046	39.1517	38.7789	38.4306	38.8263	39.070100000000004	39.0967	39.4916	38.548500000000004	38.2593	36.8921	38.834999999999994	38.3911	40.820499999999996	39.3141	37.829800000000006	39.4428	37.3602	37.7819	37.5414	39.9709	40.3587	39.1662	39.7159	38.7555	38.9955	39.1405	37.9822	40.0612	39.0506	39.8438	38.5906	37.919000000000004	40.2457	38.917699999999996	40.352199999999996	38.6762	41.881800000000005	39.137899999999995	38.695299999999996	38.9044	39.786	37.2864	39.6406	41.503299999999996	37.204100000000004	41.4035	41.269800000000004	39.417	41.1609	42.3706	39.255	41.456199999999995	40.367	35.8934	38.398700000000005	35.2041	37.766	39.4161	39.5393	38.5542	40.9283	39.3258	41.8824	39.951	40.8163	36.9272	40.340900000000005	40.9222	39.759	39.616600000000005	41.2752	41.8118	41.7582	40.8922	38.022800000000004	40.873	48.7705	40.254200000000004	42.477900000000005	43.778800000000004	40.7767	45.0	41.025600000000004	41.3613	38.674	51.4286	49.4048	42.4242	41.5094	52.6316	36.8056	49.6454	35.877900000000004
Sor-ACeb_022-Ex1-5G-lcwgs-1-3-L2-fastp	54.1755	43.1511	42.3935	42.4256	43.6209	42.5418	42.0913	43.529	43.1944	42.721599999999995	46.184	45.710899999999995	45.015100000000004	45.1008	44.4475	44.5572	45.0592	44.5528	44.7002	45.3106	44.6391	44.6922	45.0287	44.379999999999995	44.439299999999996	44.7998	44.1901	44.4366	44.876599999999996	44.4043	44.5616	45.0822	44.4332	44.587700000000005	44.9211	44.4106	44.4863	44.9048	44.3402	44.5438	45.0036	44.4287	44.541	45.023	44.4159	44.5282	44.9224	44.3912	44.4857	44.9578	44.453900000000004	44.6995	45.1664	44.5612	44.7396	45.2764	44.6231	44.9118	45.3552	44.9129	45.0977	45.6706	45.150800000000004	45.4281	45.877	45.4059	45.6894	46.211200000000005	45.6604	45.9824	46.5244	46.0685	46.3359	46.880500000000005	46.4445	46.7506	47.3497	46.7481	47.1231	47.796699999999994	47.2643	47.5819	48.202600000000004	47.646300000000004	47.9528	48.741	48.0774	48.4535	49.1053	48.5772	48.9305	49.6457	49.0854	49.4149	50.1551	49.5707	49.8671	50.62910000000001	49.9266	50.3021	51.1187	50.456900000000005	50.8262	51.6154	50.928399999999996	51.359100000000005	52.0602	51.363800000000005	51.7285	52.5305	51.888999999999996	52.208200000000005	52.9718	52.2273	52.628699999999995	53.47539999999999	52.6264	52.968199999999996	53.712700000000005	52.9204	53.3845	54.169900000000005	53.2874	53.7675	54.477399999999996	53.6077	53.97070000000001	54.7612	53.7725	54.24060000000001	55.0952	54.1183	54.4546	55.307399999999994	54.3184	54.737199999999994	55.4344	54.498000000000005	54.7808	55.611	54.5818	55.0215	55.7038	54.7375	55.1864	55.964400000000005	54.95100000000001	55.342400000000005	56.0484	54.7613
Sor-ACeb_022-Ex1-5G-lcwgs-1-3-L3-fastp	54.913000000000004	43.377700000000004	42.745400000000004	42.7485	43.9653	42.9055	42.3906	43.9278	43.5878	43.0535	46.5537	46.074799999999996	45.336	45.4511	44.7926	44.9452	45.4592	44.9244	45.026500000000006	45.6234	45.0176	45.0494	45.417699999999996	44.6887	44.7727	45.2058	44.553799999999995	44.7928	45.2673	44.744099999999996	44.9502	45.4397	44.7941	44.9851	45.3305	44.7637	44.837900000000005	45.2346	44.6792	44.890299999999996	45.3438	44.8195	44.8932	45.3775	44.7348	44.891999999999996	45.267	44.7222	44.8253	45.3205	44.813199999999995	45.0259	45.5075	44.9519	45.111200000000004	45.6569	45.0297	45.2554	45.6755	45.283	45.4445	46.0435	45.5062	45.7907	46.291700000000006	45.7384	46.0186	46.6054	46.0868	46.336	46.9041	46.4196	46.7042	47.2905	46.791	47.1227	47.7183	47.079	47.4397	48.101699999999994	47.604	47.9818	48.5801	48.024699999999996	48.301500000000004	49.0713	48.399	48.8307	49.537	48.9443	49.2872	49.9768	49.444500000000005	49.837900000000005	50.5436	49.976	50.2301	51.0308	50.3795	50.7118	51.556000000000004	50.9078	51.199099999999994	52.0146	51.306799999999996	51.756899999999995	52.499300000000005	51.7877	52.173	52.904300000000006	52.233	52.6711	53.3367	52.5918	52.95419999999999	53.7961	53.0057	53.3081	54.1338	53.34759999999999	53.69930000000001	54.5742	53.6841	53.9958	54.778999999999996	54.017700000000005	54.3133	55.1145	54.160399999999996	54.5829	55.41779999999999	54.49	54.8747	55.62049999999999	54.701699999999995	55.0303	55.893	54.87180000000001	55.2173	56.0229	55.0208	55.4849	56.3075	55.2432	55.690200000000004	56.4714	55.2782	55.815000000000005	56.6344	55.3071
