Sample	1	2	3	4	5	6	7	8	9	10	11	12	13	14	15	16	17	18	19	20	21	22	23	24	25	26	27	28	29	30	31	32	33	34	35	36	37	38	39	40	41	42	43	44	45	46	47	48	49	50	51	52	53	54	55	56	57	58	59	60	61	62	63	64	65	66	67	68	69	70	71	72	73	74	75	76	77	78	79	80	81	82	83	84	85	86	87	88	89	90	91	92	93	94	95	96	97	98	99	100	101	102	103	104	105	106	107	108	109	110	111	112	113	114	115	116	117	118	119	120	121	122	123	124	125	126	127	128	129	130	131	132	133	134	135	136	137	138	139	140	141	142	143	144	145	146	147	148	149	150
Sor-ACeb_001-Ex1-8E-lcwgs-1-3-L2-fastp	39.3853	39.2749	39.4075	39.4995	39.4466	39.4284	39.4877	39.5134	39.5275	39.525	39.5312	39.5561	39.5284	39.5601	39.5595	39.5709	39.5572	39.5727	39.562	39.5704	39.5481	39.5559	39.5521	39.5621	39.5468	39.5532	39.5453	39.5489	39.5406	39.498	39.5264	39.5375	39.5327	39.5342	39.5217	39.5121	39.5048	39.4883	39.486	39.4888	39.4864	39.481	39.4741	39.4692	39.4592	39.4561	39.4337	39.4438	39.4405	39.4428	39.428	39.4234	39.4135	39.3989	39.381	39.3934	39.3866	39.385	39.3753	39.3621	39.3498	39.3347	39.3294	39.3328	39.3297	39.3171	39.3089	39.3015	39.2888	39.2696	39.2582	39.2644	39.2546	39.2419	39.2247	39.214	39.2015	39.1729	39.1765	39.1685	39.1569	39.1397	39.1211	39.1174	39.098	39.0458	39.0745	39.0601	39.0387	39.0257	39.0073	38.9936	38.9406	38.9362	38.9184	38.9065	38.8717	38.8533	38.8355	38.7839	38.7811	38.7464	38.7179	38.6693	38.6401	38.5911	38.5615	38.4871	38.4865	38.4481	38.3836	38.335	38.2972	38.2402	38.1626	38.1071	38.0582	37.9986	37.9334	37.8595	37.7956	37.6981	37.5753	37.566	37.4515	37.3575	37.2567	37.1617	37.0534	36.8834	36.8403	36.737	36.6307	36.5288	36.3582	36.2455	36.0558	35.9691	35.9444	35.8239	35.7098	35.6231	35.5189	35.2989	35.3676	35.3232	35.3448	35.5393	35.8704	37.2301
Sor-ACeb_001-Ex1-8E-lcwgs-1-3-L3-fastp	37.7984	38.7614	38.981	39.6667	39.4726	39.6567	39.5882	39.6254	39.6327	39.7329	39.7389	39.6671	39.6672	39.7637	39.7118	39.768	39.6809	39.7619	39.7	39.7557	39.7088	39.725	39.685	39.6965	39.7065	39.6922	39.6732	39.6541	39.6687	39.6806	39.6671	39.6283	39.6531	39.656	39.6527	39.6587	39.6494	39.6402	39.5543	39.6268	39.6242	39.622	39.6201	39.6182	39.5783	39.6012	39.5776	39.5972	39.588	39.5873	39.574	39.5707	39.5638	39.5604	39.5582	39.5558	39.5163	39.5326	39.4843	39.5296	39.517	39.5121	39.502	39.4927	39.4848	39.4821	39.471	39.4709	39.4636	39.4496	39.4435	39.4038	39.4242	39.4172	39.4061	39.4035	39.3924	39.368	39.3775	39.3757	39.3662	39.3526	39.3451	39.333	39.3208	39.3169	39.2372	39.2736	39.2884	39.2776	39.2577	39.2484	39.234	39.2176	39.1916	39.1881	39.1714	39.1714	39.1425	39.1363	39.1216	39.0971	39.0931	39.0679	39.0236	39.0378	39.0128	39.0	38.9794	38.9446	38.9408	38.9098	38.8819	38.8569	38.8342	38.8042	38.7957	38.7719	38.7372	38.6911	38.666	38.6435	38.6127	38.5684	38.5192	38.479	38.4746	38.4331	38.4019	38.3608	38.3039	38.2845	38.228	38.1784	38.1431	38.1225	38.0753	38.0479	38.0023	37.9464	37.9439	37.9362	37.8671	37.8996	37.912	37.9073	37.9461	38.0791	38.378	39.0704
Sor-ACeb_002-Ex1-9E-lcwgs-1-3-L2-fastp	39.322	39.236	39.3607	39.4686	39.3994	39.3952	39.4533	39.476	39.4942	39.489	39.5002	39.5269	39.4948	39.5326	39.5338	39.5464	39.5326	39.5519	39.5439	39.5546	39.5368	39.5448	39.5424	39.5576	39.546	39.5538	39.549	39.5519	39.5494	39.5099	39.5396	39.5522	39.5527	39.5547	39.5448	39.5393	39.5285	39.5162	39.5179	39.5271	39.5257	39.5252	39.5171	39.5152	39.5075	39.513	39.4877	39.503	39.4969	39.5042	39.4923	39.4965	39.4889	39.4754	39.4612	39.4806	39.4728	39.4746	39.4701	39.4603	39.4534	39.4418	39.4395	39.4455	39.446	39.4416	39.4299	39.4285	39.4219	39.4044	39.4019	39.408	39.4069	39.3998	39.3911	39.3787	39.374	39.3444	39.3584	39.3529	39.3453	39.3445	39.3319	39.3304	39.3179	39.2785	39.3011	39.2961	39.2824	39.2769	39.2715	39.2569	39.224	39.2272	39.2198	39.2054	39.1887	39.1728	39.1578	39.1284	39.1261	39.1085	39.0884	39.0601	39.035	39.0082	38.9794	38.9193	38.9328	38.9128	38.8733	38.829	38.8075	38.7653	38.7035	38.6671	38.6333	38.5931	38.5469	38.5017	38.4425	38.3716	38.2667	38.2689	38.2171	38.1399	38.0505	37.9813	37.9233	37.7336	37.7614	37.6881	37.5899	37.5414	37.419	37.3087	37.1788	37.0868	37.0819	37.0131	36.9208	36.8451	36.7379	36.5245	36.5704	36.5286	36.4684	36.5325	36.6172	37.607
Sor-ACeb_002-Ex1-9E-lcwgs-1-3-L3-fastp	37.5997	38.6213	38.8446	39.6282	39.4435	39.6322	39.5557	39.5989	39.6071	39.7096	39.7191	39.6347	39.6362	39.7405	39.6829	39.7469	39.6566	39.7455	39.6804	39.7471	39.6946	39.7127	39.6808	39.6894	39.7091	39.6936	39.6731	39.6604	39.6768	39.6883	39.6795	39.6419	39.668	39.6724	39.6727	39.6781	39.6733	39.6647	39.5789	39.6599	39.6556	39.6585	39.6575	39.658	39.6218	39.6435	39.6253	39.6502	39.6423	39.6419	39.634	39.6331	39.6295	39.6298	39.6279	39.6296	39.5917	39.6142	39.5681	39.6131	39.6075	39.6051	39.5992	39.5906	39.5789	39.5832	39.5758	39.5786	39.5738	39.5675	39.5593	39.5298	39.5524	39.552	39.5447	39.5428	39.5336	39.515	39.5291	39.5308	39.5253	39.5172	39.5069	39.504	39.4974	39.5015	39.422	39.4655	39.4788	39.4759	39.4612	39.4636	39.4583	39.446	39.4283	39.4351	39.4276	39.4267	39.4114	39.4061	39.3987	39.3909	39.3881	39.3792	39.3494	39.3608	39.3566	39.3527	39.3454	39.3218	39.3308	39.3106	39.3109	39.2875	39.2743	39.2645	39.2589	39.2537	39.2348	39.2148	39.2103	39.2067	39.1863	39.1738	39.137	39.1147	39.1477	39.1183	39.1125	39.0898	39.0874	39.0698	39.0567	39.0286	39.0168	39.0246	39.0011	39.0051	38.9871	38.9425	38.9715	38.9498	38.9307	38.9476	38.942	38.9635	38.9315	38.9806	39.099	39.4241
Sor-ACeb_003-Ex1-10E-lcwgs-1-3-L2-fastp	39.4267	39.2682	39.4203	39.5194	39.4519	39.4524	39.4992	39.518	39.5375	39.5386	39.5519	39.5739	39.5421	39.5757	39.5786	39.5906	39.577	39.5942	39.5862	39.5967	39.5765	39.5845	39.5826	39.5934	39.5828	39.5874	39.5859	39.5877	39.5818	39.5438	39.5727	39.5857	39.5852	39.5835	39.5765	39.5716	39.563	39.5499	39.5531	39.5563	39.5566	39.5546	39.5507	39.5471	39.5378	39.5404	39.518	39.5292	39.5278	39.5308	39.5195	39.5243	39.5137	39.5041	39.4902	39.5057	39.4983	39.5002	39.4934	39.4888	39.4818	39.4699	39.465	39.4724	39.4708	39.465	39.4562	39.4559	39.4446	39.4312	39.4289	39.4346	39.4338	39.4264	39.4151	39.4038	39.4034	39.3738	39.3804	39.3792	39.3716	39.3705	39.3535	39.3539	39.3444	39.3042	39.3242	39.3167	39.3015	39.3004	39.2863	39.2702	39.2404	39.2383	39.2281	39.2189	39.1996	39.1751	39.1587	39.125	39.1223	39.1002	39.0742	39.04	39.0166	38.9741	38.9451	38.8796	38.8898	38.8488	38.8009	38.7553	38.7128	38.6619	38.5992	38.5434	38.5005	38.446	38.3748	38.3132	38.2357	38.1499	38.0317	38.0031	37.9088	37.8065	37.7053	37.6051	37.4946	37.2942	37.2591	37.1558	37.0366	36.9282	36.7549	36.6292	36.434	36.2943	36.2413	36.1624	35.9751	35.9011	35.7573	35.4917	35.5027	35.4389	35.4859	35.6441	35.9856	37.2645
Sor-ACeb_003-Ex1-10E-lcwgs-1-3-L3-fastp	37.2471	38.4498	38.8361	39.6593	39.4562	39.6694	39.5814	39.634	39.6379	39.7449	39.7547	39.6725	39.6741	39.7739	39.718	39.7773	39.6935	39.7774	39.7158	39.7769	39.7301	39.7457	39.7094	39.723	39.7363	39.7232	39.706	39.6925	39.7055	39.719	39.7074	39.6694	39.6955	39.7011	39.6996	39.7065	39.6992	39.6916	39.6095	39.6888	39.6844	39.6864	39.6858	39.6857	39.65	39.671	39.6547	39.6767	39.67	39.6685	39.6621	39.6609	39.6562	39.6587	39.6532	39.6535	39.6209	39.6401	39.5935	39.6393	39.6324	39.6304	39.6231	39.6196	39.6089	39.6091	39.6029	39.6051	39.5998	39.5972	39.5873	39.557	39.5819	39.5773	39.5719	39.5715	39.5612	39.5409	39.5531	39.5575	39.5549	39.5433	39.5357	39.5309	39.5253	39.5248	39.4492	39.4944	39.5086	39.5007	39.4869	39.4905	39.482	39.4705	39.447	39.4505	39.4423	39.4455	39.4338	39.4256	39.4166	39.4041	39.4032	39.3844	39.3556	39.368	39.3559	39.3448	39.3371	39.3159	39.3059	39.2818	39.2751	39.2497	39.227	39.2107	39.2012	39.1762	39.1522	39.1276	39.1018	39.0922	39.0581	39.0337	38.9774	38.9528	38.9524	38.912	38.8792	38.8354	38.8105	38.7783	38.7246	38.6681	38.6322	38.6188	38.5697	38.5412	38.4869	38.4216	38.4483	38.4085	38.3286	38.3306	38.2938	38.3471	38.3548	38.4569	38.6991	39.2454
Sor-ACeb_004-Ex1-11E-lcwgs-1-3-L2-fastp	39.3867	39.2728	39.3929	39.4963	39.4348	39.4218	39.473	39.4962	39.5075	39.5092	39.5204	39.5433	39.5127	39.5496	39.5508	39.5645	39.5508	39.569	39.5615	39.5757	39.5546	39.5629	39.5622	39.5766	39.5633	39.5717	39.5658	39.5708	39.5667	39.5285	39.5573	39.5717	39.5693	39.5715	39.562	39.5561	39.5483	39.5354	39.5363	39.5439	39.5454	39.5431	39.5375	39.5343	39.5274	39.5302	39.5054	39.5199	39.5161	39.5195	39.5123	39.514	39.5058	39.4949	39.4784	39.4972	39.4919	39.4909	39.4836	39.4797	39.4721	39.4597	39.4574	39.4643	39.4629	39.46	39.4508	39.4522	39.4401	39.4245	39.4206	39.4293	39.4268	39.4197	39.4104	39.4001	39.3952	39.3649	39.3782	39.374	39.3661	39.3638	39.353	39.3506	39.337	39.2952	39.3176	39.3131	39.2994	39.2939	39.2837	39.2676	39.2319	39.2371	39.2246	39.217	39.1889	39.1785	39.1643	39.1266	39.1238	39.1052	39.0842	39.0531	39.0265	38.9902	38.967	38.9	38.9087	38.8804	38.8385	38.8017	38.7642	38.7172	38.6565	38.6067	38.5775	38.5329	38.4796	38.4184	38.365	38.2876	38.1698	38.1713	38.0962	38.0152	37.9215	37.8344	37.7606	37.5681	37.5739	37.485	37.3905	37.3144	37.186	37.0739	36.9277	36.8059	36.8016	36.7072	36.5894	36.5046	36.4096	36.1942	36.2348	36.1717	36.1492	36.2284	36.4018	37.4962
Sor-ACeb_004-Ex1-11E-lcwgs-1-3-L3-fastp	37.7399	38.6948	38.9044	39.6555	39.4749	39.6539	39.5793	39.6159	39.6249	39.7255	39.7328	39.6536	39.6582	39.7569	39.7018	39.7606	39.6757	39.7608	39.6966	39.7604	39.7131	39.7307	39.6961	39.7076	39.7208	39.7102	39.6913	39.6789	39.6917	39.7056	39.6948	39.6604	39.6835	39.6897	39.689	39.6951	39.686	39.681	39.5968	39.6769	39.6724	39.6745	39.6738	39.6743	39.6396	39.6596	39.6404	39.665	39.6567	39.656	39.6508	39.6501	39.6439	39.6478	39.6433	39.6436	39.6091	39.6313	39.583	39.6305	39.6223	39.6218	39.6154	39.6095	39.5988	39.6017	39.5961	39.5983	39.5921	39.5871	39.5793	39.5494	39.573	39.5679	39.566	39.5608	39.5515	39.5338	39.5472	39.5481	39.5446	39.5342	39.526	39.5213	39.5129	39.5155	39.4387	39.4793	39.4998	39.4932	39.4747	39.4825	39.4696	39.4589	39.4414	39.4479	39.4347	39.4374	39.4223	39.4153	39.408	39.3993	39.3952	39.3827	39.3486	39.3629	39.3501	39.3406	39.3322	39.3175	39.3142	39.2912	39.2867	39.261	39.2511	39.2363	39.2316	39.2129	39.1984	39.1734	39.1567	39.1492	39.1266	39.1075	39.0631	39.0399	39.0554	39.0247	39.013	38.9859	38.963	38.9501	38.9201	38.8789	38.8594	38.8575	38.8186	38.8156	38.7785	38.7371	38.7535	38.7355	38.7084	38.7155	38.7008	38.7234	38.7192	38.7632	38.928	39.3334
Sor-ACeb_005-Ex1-12E-lcwgs-1-3-L2-fastp	39.1656	39.1158	39.2467	39.4067	39.3518	39.3518	39.4094	39.4291	39.4464	39.4478	39.4677	39.4896	39.457	39.4929	39.491	39.5034	39.4905	39.5071	39.5018	39.5148	39.4923	39.5023	39.5021	39.516	39.5052	39.5149	39.508	39.5156	39.5095	39.4686	39.5005	39.5164	39.5143	39.518	39.5079	39.5017	39.4944	39.4795	39.4817	39.4891	39.4896	39.4898	39.4856	39.4818	39.4736	39.4788	39.453	39.4672	39.4649	39.4707	39.4609	39.4656	39.4589	39.4436	39.4292	39.4484	39.4446	39.4435	39.4377	39.4311	39.4253	39.4139	39.4084	39.4172	39.4165	39.411	39.402	39.4054	39.393	39.3775	39.3738	39.3822	39.3834	39.3774	39.365	39.3571	39.3532	39.322	39.3356	39.3328	39.3246	39.323	39.3135	39.3109	39.2993	39.2592	39.2818	39.28	39.2682	39.2631	39.2558	39.2409	39.2034	39.2108	39.2049	39.193	39.1716	39.1594	39.1493	39.1168	39.116	39.1002	39.0808	39.0528	39.0243	38.9955	38.9735	38.9031	38.9188	38.8969	38.8573	38.817	38.7972	38.7514	38.6911	38.649	38.6277	38.5851	38.5486	38.487	38.4356	38.3639	38.2667	38.267	38.2134	38.1386	38.055	37.9886	37.9289	37.7513	37.7686	37.7003	37.612	37.5821	37.4519	37.3413	37.2204	37.1117	37.1132	37.059	36.9725	36.8903	36.7994	36.5892	36.6492	36.5729	36.5247	36.544	36.5939	37.5286
Sor-ACeb_005-Ex1-12E-lcwgs-1-3-L3-fastp	37.3768	38.2576	38.6392	39.5458	39.366	39.5612	39.4644	39.5217	39.5327	39.6422	39.656	39.564	39.5627	39.68	39.6118	39.6873	39.5948	39.69	39.6158	39.693	39.6254	39.653	39.6216	39.6287	39.6536	39.6416	39.62	39.6089	39.6223	39.637	39.6297	39.593	39.6152	39.6237	39.6251	39.6303	39.6242	39.619	39.5357	39.6163	39.6102	39.6143	39.6152	39.616	39.5797	39.6022	39.5821	39.6073	39.6015	39.6011	39.5964	39.5951	39.5914	39.5936	39.5888	39.5904	39.5576	39.5769	39.5295	39.5765	39.57	39.5701	39.5638	39.5546	39.5445	39.548	39.543	39.5419	39.5371	39.5323	39.5239	39.4947	39.5181	39.5144	39.5118	39.506	39.4994	39.4797	39.489	39.4947	39.4908	39.4776	39.4729	39.4675	39.4597	39.46	39.384	39.4282	39.4439	39.4404	39.4227	39.4291	39.4222	39.4076	39.3975	39.4014	39.3918	39.3914	39.377	39.3754	39.362	39.356	39.3581	39.3503	39.3237	39.3373	39.3265	39.3229	39.3229	39.3052	39.3135	39.2897	39.2997	39.2835	39.2734	39.2631	39.261	39.2574	39.2474	39.2373	39.2305	39.2236	39.2115	39.2058	39.1744	39.1603	39.1863	39.1725	39.1732	39.1534	39.144	39.1523	39.1435	39.1132	39.1209	39.1305	39.1048	39.1187	39.1017	39.0619	39.1057	39.0912	39.0748	39.0915	39.0884	39.1009	39.0661	39.0784	39.1736	39.4338
Sor-ACeb_006-Ex1-1F-lcwgs-1-3-L2-fastp	39.3323	39.1856	39.2827	39.4204	39.3789	39.3732	39.4298	39.4547	39.4692	39.4726	39.4884	39.5112	39.485	39.5185	39.5204	39.537	39.5219	39.5448	39.536	39.5502	39.5302	39.5396	39.5395	39.5516	39.5406	39.5476	39.5428	39.5487	39.5437	39.5054	39.5349	39.5485	39.5475	39.5486	39.5404	39.5357	39.5277	39.5131	39.515	39.5223	39.5256	39.5241	39.5189	39.514	39.5061	39.5121	39.4875	39.5023	39.4984	39.5021	39.4942	39.4983	39.49	39.4779	39.4626	39.4824	39.4783	39.4769	39.4707	39.4645	39.4579	39.4474	39.4434	39.4521	39.4504	39.4458	39.4373	39.4391	39.4277	39.4126	39.4064	39.4155	39.415	39.4111	39.3988	39.389	39.3851	39.3562	39.3676	39.3659	39.3596	39.356	39.3428	39.3413	39.3278	39.2897	39.3113	39.3061	39.2916	39.2889	39.2777	39.2637	39.2293	39.2284	39.2213	39.2124	39.1857	39.1715	39.158	39.124	39.1214	39.1024	39.0835	39.0495	39.0222	38.989	38.9648	38.8916	38.9036	38.8749	38.8313	38.7911	38.7613	38.7091	38.6479	38.6019	38.5669	38.5223	38.4703	38.4083	38.3537	38.2703	38.156	38.1611	38.0844	38.0076	37.9085	37.8311	37.7504	37.5639	37.5646	37.4768	37.382	37.3202	37.1733	37.0652	36.9166	36.7867	36.7917	36.7023	36.5908	36.5015	36.3892	36.1539	36.2105	36.1489	36.1069	36.1728	36.2988	37.4145
Sor-ACeb_006-Ex1-1F-lcwgs-1-3-L3-fastp	37.5509	38.5279	38.8736	39.6266	39.4226	39.6258	39.5295	39.5859	39.5897	39.6997	39.7121	39.6219	39.6273	39.7361	39.6737	39.7443	39.6526	39.7461	39.6784	39.7475	39.6928	39.7139	39.6776	39.6871	39.7049	39.6918	39.6712	39.6616	39.6744	39.689	39.6791	39.6397	39.6649	39.6737	39.6742	39.6795	39.6723	39.6672	39.5843	39.6635	39.6599	39.6643	39.6623	39.6633	39.6275	39.6501	39.6306	39.6558	39.6483	39.6482	39.6425	39.6423	39.6361	39.6404	39.636	39.6365	39.6029	39.6235	39.576	39.6249	39.6157	39.616	39.6089	39.6046	39.5932	39.5953	39.5892	39.5921	39.5866	39.5827	39.5735	39.5438	39.5664	39.5653	39.5601	39.556	39.5498	39.5299	39.5423	39.5466	39.5416	39.5312	39.5243	39.5193	39.5125	39.5128	39.4383	39.48	39.4931	39.4934	39.4721	39.4793	39.4711	39.4559	39.4413	39.4471	39.4354	39.4361	39.421	39.4158	39.4083	39.399	39.3976	39.3835	39.3515	39.3686	39.3577	39.3478	39.3391	39.3196	39.3222	39.3013	39.3	39.2779	39.2633	39.2508	39.2396	39.2314	39.2118	39.1939	39.1771	39.1732	39.152	39.1329	39.0907	39.0683	39.0852	39.0649	39.0485	39.0241	39.0058	38.9906	38.9755	38.9343	38.9146	38.9178	38.8823	38.8811	38.8502	38.7979	38.8289	38.7992	38.769	38.7823	38.7617	38.7785	38.7527	38.8076	38.9419	39.3291
Sor-ACeb_007-Ex1-2F-lcwgs-1-3-L2-fastp	39.3657	39.2476	39.4066	39.4981	39.4147	39.4233	39.4728	39.4983	39.512	39.5132	39.5284	39.5456	39.5175	39.5496	39.546	39.5635	39.5546	39.5689	39.5612	39.5774	39.5528	39.5671	39.5617	39.5728	39.5612	39.571	39.5628	39.5657	39.565	39.5251	39.5567	39.5664	39.5684	39.5673	39.5557	39.5545	39.5459	39.5364	39.5365	39.5428	39.5474	39.5452	39.5426	39.5355	39.5237	39.53	39.5082	39.5164	39.5196	39.5198	39.5116	39.514	39.5117	39.4972	39.4806	39.4946	39.4916	39.488	39.4845	39.4808	39.4691	39.4631	39.4604	39.4694	39.4692	39.4599	39.447	39.4471	39.4378	39.425	39.4207	39.4282	39.4325	39.4216	39.4022	39.3983	39.391	39.3631	39.3775	39.3725	39.361	39.3608	39.3431	39.345	39.3301	39.2934	39.309	39.3091	39.2935	39.2893	39.2794	39.2635	39.2298	39.2273	39.2228	39.2101	39.1853	39.1696	39.1687	39.1107	39.1118	39.0992	39.0709	39.0322	39.0138	38.9848	38.9503	38.8959	38.8899	38.8657	38.8132	38.782	38.7545	38.6747	38.6379	38.5885	38.5445	38.5014	38.4478	38.3802	38.3279	38.2317	38.1391	38.1023	38.0595	37.9673	37.8543	37.7655	37.7011	37.5335	37.5298	37.4314	37.3131	37.2559	37.1397	37.051	36.8528	36.733	36.7151	36.6663	36.5206	36.4334	36.3099	36.1152	36.113	36.0692	36.0555	36.1243	36.3622	37.4407
Sor-ACeb_007-Ex1-2F-lcwgs-1-3-L3-fastp	37.1903	38.331	38.7391	39.6223	39.4164	39.6444	39.549	39.6117	39.607	39.7218	39.7331	39.6416	39.6449	39.7523	39.6892	39.7579	39.6681	39.7615	39.6883	39.7603	39.7019	39.7284	39.6919	39.6999	39.7182	39.7062	39.6872	39.6726	39.6854	39.7004	39.6901	39.6572	39.6789	39.6859	39.685	39.6863	39.6796	39.6786	39.5902	39.6754	39.668	39.6713	39.6735	39.6778	39.6358	39.6613	39.6412	39.6618	39.6572	39.6568	39.6512	39.6553	39.6472	39.6482	39.6468	39.6441	39.6115	39.6289	39.5857	39.6336	39.6213	39.6239	39.6148	39.6159	39.6027	39.6066	39.5954	39.5987	39.5921	39.5932	39.5818	39.55	39.5793	39.5742	39.569	39.5631	39.5583	39.531	39.5443	39.5544	39.5559	39.5352	39.529	39.5214	39.5172	39.5169	39.4438	39.4892	39.495	39.4949	39.479	39.4777	39.4659	39.4644	39.4464	39.4447	39.4403	39.4367	39.4245	39.4181	39.4071	39.3941	39.3893	39.3759	39.3356	39.3617	39.3422	39.3305	39.3162	39.3064	39.2929	39.2775	39.2686	39.2456	39.2374	39.2248	39.218	39.199	39.1819	39.1518	39.143	39.1243	39.0945	39.0973	39.0404	39.0195	39.0258	39.0029	38.9756	38.9558	38.9615	38.9234	38.9055	38.8534	38.8521	38.8514	38.8042	38.7943	38.7296	38.7326	38.7299	38.693	38.6493	38.6945	38.6715	38.6441	38.6558	38.7211	38.8825	39.3084
Sor-ACeb_008-Ex1-3F-lcwgs-1-3-L2-fastp	39.4208	39.2766	39.4458	39.5247	39.4464	39.4578	39.498	39.5283	39.5414	39.5408	39.5514	39.5718	39.5421	39.5735	39.5744	39.5876	39.5737	39.5907	39.5811	39.592	39.5711	39.5791	39.5753	39.5875	39.5739	39.5799	39.5756	39.5776	39.5719	39.5326	39.5598	39.5712	39.5703	39.5693	39.5585	39.5529	39.5449	39.5304	39.5307	39.5351	39.5353	39.5314	39.5263	39.5203	39.5106	39.5136	39.4873	39.5012	39.4958	39.4974	39.487	39.4892	39.4782	39.4658	39.4489	39.4657	39.4586	39.4566	39.4482	39.4422	39.4323	39.4195	39.4135	39.4181	39.4163	39.4074	39.3963	39.3952	39.3817	39.3656	39.3572	39.3646	39.3581	39.3498	39.3361	39.3237	39.3159	39.2829	39.2927	39.2871	39.2759	39.27	39.2554	39.249	39.232	39.1866	39.206	39.1981	39.1769	39.1698	39.153	39.1375	39.0958	39.0915	39.0801	39.0634	39.0347	39.0126	38.9931	38.9517	38.9416	38.9159	38.887	38.8463	38.8148	38.767	38.7316	38.6526	38.6528	38.6131	38.557	38.5043	38.4568	38.3906	38.3166	38.2537	38.2008	38.1335	38.0568	37.9722	37.8992	37.7895	37.6542	37.6098	37.5098	37.3966	37.2661	37.1575	37.0322	36.82	36.7757	36.6408	36.5061	36.3816	36.1998	36.049	35.8551	35.6871	35.6243	35.4867	35.3375	35.2091	35.049	34.7814	34.8032	34.7448	34.745	34.9458	35.4208	36.9791
Sor-ACeb_008-Ex1-3F-lcwgs-1-3-L3-fastp	37.4652	38.6077	38.9042	39.6551	39.4541	39.6674	39.5859	39.637	39.6395	39.7462	39.7543	39.6701	39.672	39.7711	39.7162	39.7752	39.6899	39.7733	39.7092	39.7722	39.7255	39.7408	39.7058	39.7147	39.7286	39.7163	39.698	39.6827	39.6936	39.7068	39.6963	39.6586	39.6819	39.6877	39.6861	39.6916	39.6833	39.6766	39.5929	39.6716	39.6652	39.6669	39.665	39.6637	39.6283	39.6463	39.6272	39.6501	39.6426	39.6405	39.6324	39.6313	39.6242	39.6255	39.6211	39.6185	39.5822	39.6038	39.5553	39.6015	39.5922	39.5904	39.581	39.5741	39.5634	39.5632	39.5548	39.5561	39.5499	39.5443	39.5341	39.5017	39.5232	39.5182	39.5113	39.5058	39.4962	39.4758	39.486	39.4887	39.4823	39.4677	39.4596	39.4537	39.4454	39.4439	39.3662	39.4035	39.4189	39.4132	39.3937	39.3925	39.3828	39.3662	39.3467	39.3473	39.3316	39.3307	39.3119	39.3049	39.2917	39.2752	39.269	39.2481	39.2117	39.2201	39.2003	39.1854	39.1716	39.1431	39.1335	39.1038	39.0891	39.0496	39.0343	39.0071	38.9853	38.9519	38.9195	38.8821	38.8486	38.8272	38.7875	38.7434	38.6876	38.6416	38.6287	38.5789	38.5306	38.4686	38.4303	38.3772	38.3207	38.2452	38.1909	38.1524	38.078	38.018	37.9664	37.8766	37.8604	37.8082	37.7352	37.7057	37.665	37.6795	37.6995	37.848	38.2015	38.9816
Sor-ACeb_009-Ex1-4F-lcwgs-1-3-L2-fastp	39.4152	39.271	39.4317	39.5279	39.4496	39.4648	39.5018	39.5205	39.536	39.5432	39.5572	39.5776	39.5468	39.5796	39.5807	39.5953	39.5811	39.5972	39.5883	39.599	39.5815	39.5891	39.5851	39.6011	39.5852	39.5928	39.5901	39.5926	39.5903	39.5501	39.5778	39.5903	39.5887	39.5876	39.5796	39.5746	39.565	39.554	39.5574	39.559	39.5604	39.5583	39.5556	39.5472	39.5409	39.5482	39.5231	39.5356	39.5306	39.5317	39.5248	39.5269	39.5156	39.507	39.492	39.5054	39.4987	39.5015	39.4967	39.4857	39.4828	39.4734	39.4629	39.4693	39.4721	39.4616	39.4548	39.4516	39.4429	39.4314	39.4236	39.4337	39.4308	39.4201	39.4174	39.402	39.393	39.3667	39.3717	39.3733	39.3621	39.3572	39.3448	39.3431	39.3244	39.2818	39.3043	39.3059	39.2869	39.2807	39.2658	39.2516	39.2069	39.2115	39.2027	39.1947	39.1574	39.1451	39.1306	39.0949	39.0864	39.0549	39.0399	39.007	38.9645	38.9331	38.9	38.8408	38.8418	38.8061	38.7497	38.7044	38.6674	38.61	38.5341	38.4798	38.4455	38.414	38.3235	38.2501	38.214	38.1075	37.9783	37.9657	37.8857	37.7908	37.678	37.5901	37.5032	37.3204	37.2849	37.2193	37.1011	36.9996	36.8667	36.6728	36.5556	36.4075	36.349	36.253	36.1096	36.0525	35.8858	35.6984	35.8099	35.7264	35.604	35.7375	36.0794	37.3262
Sor-ACeb_009-Ex1-4F-lcwgs-1-3-L3-fastp	37.0027	38.4099	38.7699	39.6647	39.4688	39.6826	39.6004	39.6494	39.6522	39.7569	39.7653	39.6866	39.6885	39.7831	39.7284	39.7887	39.7104	39.7884	39.7286	39.7891	39.7422	39.7576	39.7276	39.7328	39.7499	39.7374	39.7223	39.7094	39.7214	39.7307	39.7238	39.6851	39.7104	39.7153	39.7177	39.7203	39.7131	39.7074	39.6224	39.707	39.6983	39.7	39.6987	39.699	39.6649	39.6849	39.669	39.6895	39.681	39.6829	39.6747	39.6766	39.6691	39.6703	39.6641	39.6643	39.6341	39.6498	39.6025	39.6506	39.6437	39.6463	39.6378	39.6311	39.6217	39.6223	39.6165	39.6194	39.6161	39.6088	39.6007	39.5696	39.5944	39.5933	39.5814	39.5793	39.5675	39.5541	39.5643	39.57	39.5674	39.5484	39.544	39.5358	39.5329	39.5296	39.4455	39.4946	39.5084	39.5036	39.4822	39.4894	39.4806	39.4666	39.4416	39.4475	39.4321	39.4351	39.4184	39.4072	39.4008	39.3807	39.3772	39.3708	39.3166	39.3345	39.3318	39.3152	39.2988	39.2764	39.2713	39.2451	39.2302	39.2175	39.1876	39.1757	39.1515	39.1269	39.1046	39.0803	39.0528	39.038	39.0176	38.9599	38.9423	38.904	38.9037	38.8696	38.8334	38.7846	38.7819	38.7421	38.6821	38.6293	38.5899	38.5615	38.5387	38.4965	38.4072	38.3995	38.3842	38.3437	38.2833	38.2889	38.2204	38.2621	38.2655	38.3225	38.5738	39.1935
Sor-ACeb_010-Ex1-5F-lcwgs-1-3-L2-fastp	39.3742	39.2597	39.3946	39.4879	39.4165	39.4187	39.4724	39.4911	39.5049	39.5059	39.5186	39.5389	39.5111	39.5428	39.5427	39.5581	39.5449	39.5647	39.5565	39.5688	39.5497	39.5594	39.5581	39.5706	39.5588	39.5662	39.5632	39.5671	39.5628	39.5255	39.5547	39.5664	39.5655	39.5665	39.5578	39.5535	39.5465	39.5341	39.5358	39.5416	39.5434	39.5428	39.5385	39.5341	39.5265	39.5317	39.5081	39.5217	39.5175	39.5221	39.5136	39.5177	39.5102	39.4984	39.4834	39.5036	39.498	39.4974	39.4916	39.4857	39.4785	39.4689	39.4647	39.4724	39.4707	39.4662	39.4576	39.46	39.4485	39.4339	39.4288	39.4378	39.4358	39.4314	39.4202	39.4116	39.4068	39.3801	39.3913	39.3882	39.3812	39.3783	39.3676	39.3655	39.3524	39.315	39.3367	39.3319	39.3181	39.3156	39.3061	39.292	39.2586	39.2605	39.2531	39.244	39.2208	39.2069	39.1961	39.1627	39.1602	39.1442	39.1251	39.0941	39.0698	39.0384	39.0141	38.9496	38.9615	38.9353	38.8936	38.8579	38.827	38.7829	38.7222	38.6789	38.6484	38.6058	38.5553	38.4999	38.4468	38.3703	38.2649	38.2621	38.1939	38.1142	38.0255	37.9482	37.8745	37.7007	37.6993	37.6145	37.5305	37.4628	37.3304	37.2209	37.0815	36.9651	36.9555	36.8765	36.7644	36.6779	36.5721	36.3574	36.4113	36.3469	36.3078	36.3723	36.5209	37.5542
Sor-ACeb_010-Ex1-5F-lcwgs-1-3-L3-fastp	37.2945	38.4446	38.7758	39.6315	39.4429	39.6583	39.5707	39.6266	39.6246	39.7359	39.7446	39.6574	39.6594	39.7629	39.7058	39.7693	39.6832	39.7695	39.7046	39.7717	39.7227	39.741	39.7095	39.7174	39.7344	39.7229	39.7042	39.6919	39.7046	39.7183	39.71	39.6718	39.6976	39.7036	39.7046	39.7096	39.7031	39.6978	39.6147	39.6948	39.6903	39.694	39.6928	39.6932	39.6584	39.6789	39.6623	39.6855	39.6786	39.6786	39.6721	39.6731	39.6682	39.6706	39.6669	39.668	39.6353	39.6555	39.6104	39.6558	39.6489	39.6485	39.6426	39.637	39.6277	39.6299	39.6239	39.6269	39.6211	39.6176	39.6096	39.5793	39.6037	39.6013	39.5964	39.5931	39.5865	39.5677	39.5799	39.5842	39.5798	39.5699	39.563	39.5587	39.5532	39.554	39.4793	39.5216	39.538	39.5366	39.5192	39.5237	39.5159	39.5037	39.4872	39.4943	39.4845	39.4866	39.4721	39.4679	39.4608	39.4516	39.4491	39.4377	39.4065	39.4231	39.4125	39.4041	39.3981	39.3786	39.3798	39.3614	39.3576	39.335	39.3261	39.3126	39.3066	39.2925	39.2752	39.2565	39.2397	39.2337	39.2142	39.1992	39.1593	39.1359	39.1506	39.1292	39.1117	39.0881	39.0718	39.0552	39.0378	38.9945	38.9823	38.9827	38.948	38.9385	38.9133	38.8653	38.8883	38.8646	38.829	38.8379	38.8219	38.8346	38.8155	38.8661	39.0132	39.3802
Sor-ACeb_011-Ex1-6F-lcwgs-1-3-L2-fastp	39.0172	39.0558	39.1965	39.3772	39.288	39.3244	39.3687	39.4059	39.432	39.4338	39.4531	39.477	39.4418	39.4779	39.4747	39.4863	39.4742	39.4879	39.4815	39.4919	39.4676	39.4787	39.4778	39.4901	39.4801	39.4872	39.4835	39.487	39.4809	39.4371	39.4684	39.4834	39.4806	39.4823	39.4724	39.4652	39.4566	39.4421	39.442	39.4488	39.451	39.4477	39.4434	39.4389	39.4282	39.4305	39.4051	39.4183	39.4174	39.4212	39.4099	39.4137	39.4039	39.3926	39.3759	39.3943	39.3881	39.3877	39.3814	39.377	39.3697	39.3577	39.3519	39.3606	39.3611	39.357	39.3475	39.3491	39.3372	39.3242	39.3179	39.3297	39.33	39.3264	39.3157	39.3086	39.3055	39.2767	39.2901	39.2903	39.2839	39.2839	39.2756	39.2756	39.2652	39.2253	39.2528	39.2506	39.2401	39.2381	39.2335	39.2221	39.1878	39.1938	39.1913	39.1822	39.1608	39.1535	39.1467	39.1163	39.1155	39.1023	39.0886	39.0602	39.0387	39.0113	38.9909	38.9237	38.9455	38.9244	38.8847	38.8499	38.8252	38.7826	38.7282	38.6914	38.6697	38.6311	38.5927	38.5407	38.495	38.431	38.3268	38.338	38.2837	38.2159	38.1332	38.074	38.0175	37.8426	37.8597	37.7986	37.7165	37.6812	37.5606	37.4589	37.3465	37.2411	37.2529	37.1934	37.1043	37.0284	36.9405	36.7378	36.7899	36.7325	36.68	36.6866	36.7342	37.6254
Sor-ACeb_011-Ex1-6F-lcwgs-1-3-L3-fastp	36.8449	38.0699	38.47	39.4733	39.2942	39.5146	39.4028	39.4917	39.4958	39.6204	39.6318	39.5315	39.5268	39.6588	39.5813	39.6622	39.563	39.6656	39.586	39.6711	39.5984	39.6225	39.5928	39.6012	39.6263	39.6173	39.5932	39.5831	39.5951	39.6082	39.5994	39.5565	39.5809	39.5891	39.5912	39.5962	39.5885	39.5851	39.502	39.5798	39.5756	39.5756	39.5767	39.5768	39.5408	39.5613	39.5412	39.5643	39.559	39.5582	39.5529	39.5533	39.5452	39.5505	39.5441	39.545	39.5118	39.5311	39.4836	39.5322	39.5255	39.5249	39.5173	39.5097	39.4988	39.5033	39.4968	39.4983	39.4939	39.4901	39.4828	39.4546	39.4771	39.4752	39.4712	39.4695	39.4648	39.4453	39.4566	39.4658	39.4619	39.4523	39.4465	39.4427	39.4372	39.4403	39.3652	39.4109	39.4291	39.429	39.4088	39.4218	39.4133	39.4002	39.3925	39.3981	39.3921	39.3907	39.3825	39.3805	39.3687	39.3652	39.3705	39.3629	39.3345	39.3552	39.3433	39.3418	39.344	39.3257	39.3382	39.3179	39.3241	39.3073	39.3009	39.2919	39.2928	39.2865	39.279	39.2692	39.2631	39.2619	39.2503	39.2455	39.2175	39.201	39.2278	39.2151	39.2168	39.1991	39.1929	39.1959	39.188	39.1619	39.1656	39.1754	39.1504	39.1624	39.1514	39.1126	39.1549	39.1422	39.1245	39.1394	39.1336	39.1431	39.115	39.1293	39.2159	39.4634
Sor-ACeb_012-Ex1-7F-lcwgs-1-3-L2-fastp	39.3742	39.2762	39.4177	39.5177	39.4258	39.4382	39.4921	39.5229	39.5404	39.5428	39.5553	39.5751	39.547	39.5799	39.581	39.5934	39.5799	39.5978	39.5902	39.6016	39.582	39.5906	39.5885	39.6006	39.5885	39.5961	39.5922	39.5955	39.5902	39.553	39.5816	39.5935	39.5924	39.592	39.5839	39.5782	39.5709	39.557	39.5594	39.5646	39.5663	39.5653	39.5598	39.555	39.5468	39.5517	39.5284	39.5406	39.536	39.5409	39.5318	39.5354	39.5268	39.5148	39.4992	39.5184	39.5134	39.5122	39.5052	39.4997	39.4928	39.4819	39.4778	39.4839	39.483	39.478	39.4685	39.4698	39.4583	39.4429	39.4377	39.4463	39.4433	39.4391	39.4262	39.4165	39.4103	39.3828	39.3942	39.3886	39.3804	39.3765	39.3646	39.3627	39.3477	39.309	39.33	39.3226	39.3072	39.3044	39.2928	39.2768	39.2418	39.2415	39.2325	39.2222	39.1977	39.1819	39.168	39.1342	39.1311	39.1115	39.0914	39.0578	39.0316	38.9979	38.9711	38.9065	38.9146	38.8858	38.8385	38.8012	38.7686	38.72	38.6599	38.6138	38.5801	38.5334	38.479	38.4189	38.3648	38.2833	38.1746	38.1717	38.0967	38.0067	37.9154	37.8334	37.7503	37.5688	37.5698	37.4729	37.3875	37.3117	37.1709	37.052	36.9115	36.7822	36.7721	36.6731	36.5569	36.4602	36.3537	36.1233	36.175	36.1072	36.0701	36.1658	36.3441	37.4628
Sor-ACeb_012-Ex1-7F-lcwgs-1-3-L3-fastp	37.107	38.5543	38.9059	39.6325	39.4135	39.64	39.5564	39.62	39.6214	39.7335	39.7439	39.6558	39.6579	39.763	39.7058	39.7695	39.6827	39.7689	39.7045	39.7701	39.7192	39.7376	39.7039	39.7135	39.7293	39.7172	39.6992	39.6861	39.698	39.712	39.7025	39.6642	39.6884	39.6954	39.6951	39.7009	39.6934	39.6867	39.6037	39.6839	39.6794	39.6832	39.6803	39.6817	39.6453	39.6665	39.648	39.6726	39.6637	39.6652	39.6588	39.6587	39.6535	39.6551	39.6509	39.6518	39.617	39.6387	39.5915	39.638	39.6305	39.6306	39.6245	39.6186	39.6077	39.6104	39.6028	39.6066	39.5998	39.5957	39.5874	39.557	39.5809	39.5766	39.5709	39.5677	39.56	39.5414	39.552	39.5566	39.5506	39.5394	39.5326	39.5282	39.5203	39.5196	39.4436	39.4839	39.5022	39.5004	39.4798	39.4838	39.4742	39.4607	39.4408	39.4506	39.4355	39.4363	39.4213	39.4145	39.4076	39.3956	39.3911	39.3785	39.3446	39.359	39.3476	39.3377	39.3289	39.3077	39.3056	39.2875	39.28	39.2551	39.2419	39.2258	39.2171	39.2002	39.181	39.1574	39.1374	39.1289	39.1054	39.0847	39.0377	39.018	39.029	39.0018	38.9794	38.9493	38.9284	38.9098	38.884	38.8412	38.8189	38.8132	38.7769	38.7616	38.7261	38.6733	38.6886	38.6652	38.6195	38.6337	38.6136	38.623	38.6085	38.6742	38.851	39.2957
Sor-ACeb_013-Ex1-8F-lcwgs-1-3-L2-fastp	39.1562	39.1095	39.2448	39.3996	39.3468	39.3381	39.4024	39.4311	39.4471	39.4454	39.4622	39.4874	39.4584	39.4958	39.4943	39.5102	39.4964	39.5163	39.5091	39.524	39.5021	39.5131	39.5129	39.5274	39.5163	39.5259	39.5212	39.5263	39.5227	39.4815	39.5138	39.5285	39.5272	39.5306	39.5212	39.5152	39.5076	39.4937	39.4959	39.5036	39.5061	39.5063	39.5008	39.4969	39.4889	39.4951	39.4696	39.4836	39.4819	39.487	39.4783	39.4825	39.4748	39.4617	39.4459	39.467	39.4629	39.4627	39.4563	39.4511	39.4444	39.4342	39.4299	39.4386	39.4384	39.4339	39.4258	39.4274	39.4164	39.4005	39.395	39.4069	39.4061	39.4016	39.3897	39.3817	39.3775	39.3477	39.3611	39.3591	39.3522	39.3495	39.3407	39.3385	39.3274	39.2847	39.3111	39.3079	39.295	39.2927	39.2847	39.2701	39.2344	39.2391	39.233	39.2233	39.1993	39.1881	39.1773	39.1432	39.1424	39.1262	39.1076	39.0783	39.0535	39.0193	38.9977	38.9266	38.9431	38.92	38.8763	38.8374	38.8102	38.7653	38.7007	38.6581	38.632	38.5897	38.544	38.4891	38.4348	38.3631	38.2482	38.2556	38.1962	38.1199	38.0255	37.9586	37.8922	37.702	37.72	37.6497	37.5559	37.5148	37.381	37.2718	37.1401	37.0229	37.0333	36.9647	36.8657	36.7785	36.686	36.4491	36.5148	36.4458	36.3919	36.3979	36.4475	37.4324
Sor-ACeb_013-Ex1-8F-lcwgs-1-3-L3-fastp	37.6836	38.4905	38.7692	39.5685	39.3882	39.567	39.4881	39.539	39.545	39.6521	39.6667	39.5797	39.5829	39.695	39.63	39.7005	39.6102	39.7034	39.6321	39.706	39.6449	39.6681	39.6347	39.6443	39.666	39.6548	39.633	39.6239	39.6363	39.6509	39.6415	39.6019	39.627	39.6354	39.6375	39.6432	39.6361	39.6312	39.5492	39.6285	39.624	39.6275	39.6276	39.6287	39.5931	39.6156	39.596	39.6203	39.6138	39.6143	39.6087	39.6093	39.6035	39.6075	39.6028	39.6045	39.5712	39.5912	39.5442	39.5922	39.5846	39.5846	39.5785	39.5718	39.5609	39.5648	39.5576	39.5607	39.5553	39.5501	39.5417	39.5122	39.5347	39.5319	39.5266	39.5239	39.518	39.4974	39.5085	39.5145	39.5094	39.4977	39.4915	39.486	39.48	39.4813	39.4036	39.447	39.4638	39.4617	39.4421	39.4497	39.4408	39.4251	39.4138	39.4193	39.409	39.4098	39.3947	39.3921	39.3807	39.3731	39.3765	39.3654	39.3348	39.3526	39.341	39.336	39.3354	39.3151	39.325	39.302	39.3068	39.2882	39.2788	39.2669	39.2648	39.2565	39.2459	39.2322	39.2236	39.221	39.2075	39.2005	39.1669	39.1505	39.176	39.1627	39.1612	39.141	39.1343	39.136	39.1278	39.1004	39.1013	39.1103	39.0862	39.0971	39.0813	39.0435	39.0874	39.07	39.0508	39.0674	39.0607	39.0728	39.0452	39.0614	39.1555	39.4215
Sor-ACeb_014-Ex1-9F-lcwgs-1-3-L2-fastp	39.3394	39.254	39.3764	39.4841	39.4138	39.4087	39.467	39.4877	39.5044	39.5023	39.516	39.5371	39.5085	39.5422	39.5426	39.5569	39.5423	39.5618	39.5533	39.5666	39.5464	39.5557	39.5541	39.5671	39.5552	39.5629	39.5591	39.563	39.5584	39.5208	39.5497	39.5625	39.5611	39.5621	39.5528	39.5481	39.5406	39.5275	39.5293	39.5349	39.5376	39.5369	39.532	39.5276	39.5195	39.525	39.5005	39.514	39.5093	39.5141	39.5052	39.5095	39.5016	39.49	39.4736	39.4937	39.4886	39.4873	39.4816	39.4757	39.4686	39.4586	39.4541	39.4618	39.4604	39.4557	39.4468	39.449	39.4374	39.422	39.4166	39.4264	39.4242	39.419	39.4079	39.3983	39.3936	39.3661	39.3773	39.3742	39.366	39.3633	39.3525	39.3507	39.338	39.2978	39.3212	39.3159	39.3026	39.2991	39.29	39.2757	39.241	39.2432	39.2362	39.2265	39.202	39.1899	39.1777	39.1442	39.1432	39.1256	39.1072	39.0759	39.0517	39.02	38.9962	38.9301	38.9423	38.9177	38.8754	38.8406	38.811	38.7641	38.7062	38.6617	38.6339	38.592	38.5415	38.4852	38.4335	38.3595	38.249	38.2538	38.1894	38.1098	38.0206	37.9443	37.8735	37.696	37.7018	37.6247	37.535	37.4781	37.3462	37.2395	37.0991	36.9856	36.9843	36.9079	36.7995	36.713	36.6119	36.3945	36.4447	36.3857	36.3371	36.3863	36.4902	37.5064
Sor-ACeb_014-Ex1-9F-lcwgs-1-3-L3-fastp	37.5674	38.6204	38.8625	39.6419	39.4556	39.6463	39.5719	39.6142	39.6221	39.7214	39.7312	39.6501	39.652	39.7522	39.6967	39.757	39.6728	39.7572	39.6926	39.7577	39.7081	39.7262	39.694	39.7027	39.7193	39.7083	39.6889	39.6768	39.6897	39.7037	39.6942	39.6554	39.6811	39.6874	39.6876	39.693	39.686	39.6798	39.5973	39.6771	39.673	39.6761	39.6749	39.6754	39.6397	39.6614	39.6433	39.6667	39.6597	39.6598	39.653	39.6535	39.6485	39.6511	39.6468	39.648	39.6144	39.6348	39.5885	39.6346	39.6273	39.6269	39.6211	39.6151	39.6048	39.6076	39.601	39.6042	39.5987	39.5946	39.5866	39.5554	39.5796	39.5761	39.5707	39.5673	39.5604	39.5409	39.5529	39.5571	39.5517	39.5415	39.5354	39.5303	39.5246	39.5247	39.449	39.4911	39.507	39.5057	39.4877	39.4924	39.4838	39.4709	39.4539	39.4614	39.4496	39.4523	39.4366	39.4328	39.4245	39.4147	39.4144	39.4017	39.3693	39.3866	39.3753	39.3673	39.3634	39.3423	39.3451	39.3251	39.3235	39.3017	39.2924	39.2783	39.2736	39.2607	39.2468	39.2274	39.2125	39.208	39.1895	39.1767	39.1375	39.1188	39.1384	39.1189	39.107	39.085	39.0703	39.0635	39.0469	39.0127	39.002	39.0069	38.9781	38.977	38.9564	38.9113	38.945	38.927	38.8979	38.9119	38.9012	38.9151	38.8947	38.9343	39.0616	39.3935
Sor-ACeb_015-Ex1-10F-lcwgs-1-3-L2-fastp	39.3766	39.2369	39.3805	39.4882	39.4183	39.4216	39.4681	39.4917	39.5107	39.5121	39.5254	39.5478	39.5183	39.5536	39.5543	39.5676	39.5542	39.5737	39.5657	39.5771	39.5577	39.5672	39.565	39.5766	39.564	39.5727	39.5679	39.5718	39.5677	39.5291	39.5598	39.5711	39.5712	39.5705	39.5619	39.557	39.5496	39.536	39.5386	39.5433	39.5459	39.5443	39.5395	39.5349	39.5266	39.5295	39.5082	39.5202	39.5162	39.5218	39.5121	39.5155	39.5078	39.4961	39.4798	39.4993	39.4954	39.4937	39.4869	39.4817	39.4743	39.4648	39.4597	39.4674	39.4661	39.4612	39.454	39.4534	39.4403	39.4267	39.4217	39.4322	39.4279	39.4233	39.4121	39.4011	39.397	39.3689	39.3787	39.3743	39.3694	39.3664	39.3537	39.3533	39.337	39.2991	39.32	39.3132	39.2992	39.2947	39.2834	39.2692	39.2327	39.2336	39.2266	39.214	39.1897	39.1751	39.162	39.1299	39.1218	39.1033	39.0841	39.0478	39.0223	38.9881	38.9646	38.8895	38.9037	38.8758	38.8314	38.7918	38.7561	38.7053	38.6438	38.5939	38.5661	38.5154	38.4566	38.3955	38.3488	38.2579	38.1524	38.1375	38.0686	37.9904	37.89	37.8053	37.7337	37.5431	37.5379	37.4527	37.3544	37.2796	37.1412	37.0241	36.88	36.7584	36.7536	36.6495	36.5285	36.4383	36.3371	36.1034	36.174	36.1124	36.0549	36.1433	36.3111	37.4492
Sor-ACeb_015-Ex1-10F-lcwgs-1-3-L3-fastp	37.2995	38.4721	38.844	39.6419	39.4379	39.6529	39.5626	39.619	39.6218	39.7301	39.7407	39.6534	39.6579	39.7613	39.7025	39.766	39.6809	39.7667	39.701	39.7672	39.7168	39.7348	39.7014	39.7109	39.7261	39.7157	39.6953	39.6845	39.6953	39.7116	39.7	39.6631	39.6864	39.6936	39.6931	39.6989	39.6904	39.6852	39.6016	39.6836	39.6786	39.6809	39.6784	39.6797	39.6443	39.6659	39.6474	39.6718	39.6637	39.664	39.657	39.6561	39.6523	39.6529	39.65	39.6502	39.6175	39.6369	39.5901	39.6373	39.6299	39.6293	39.6222	39.6177	39.6062	39.6094	39.6033	39.604	39.5975	39.5936	39.5867	39.5566	39.5797	39.5757	39.5704	39.5666	39.5598	39.5419	39.5508	39.5573	39.5502	39.5407	39.5324	39.5261	39.52	39.5207	39.4458	39.4854	39.5004	39.4978	39.4808	39.4825	39.476	39.4633	39.4441	39.4516	39.4372	39.4415	39.4239	39.4227	39.4108	39.4026	39.3974	39.3858	39.35	39.369	39.3523	39.3436	39.3361	39.31	39.3159	39.2958	39.2894	39.2654	39.2536	39.2377	39.2317	39.2133	39.1946	39.1706	39.155	39.1483	39.1201	39.1128	39.0536	39.0339	39.0464	39.0287	39.0071	38.98	38.9554	38.9416	38.9218	38.8737	38.8519	38.8513	38.8203	38.8069	38.7724	38.7181	38.7461	38.7156	38.6721	38.6805	38.6674	38.6779	38.6552	38.726	38.8936	39.3088
Sor-ACeb_016-Ex1-11F-lcwgs-1-3-L2-fastp	39.3306	39.2178	39.3433	39.4524	39.3882	39.3802	39.4347	39.4582	39.4715	39.4703	39.4833	39.5078	39.479	39.5151	39.5163	39.5329	39.5176	39.5387	39.5277	39.5442	39.5227	39.5328	39.532	39.5454	39.5326	39.5427	39.5372	39.5428	39.5383	39.5002	39.5295	39.5432	39.5413	39.5434	39.5337	39.5292	39.5226	39.509	39.5102	39.5163	39.5189	39.5183	39.5143	39.5087	39.4999	39.5071	39.4806	39.4957	39.4917	39.496	39.4874	39.4928	39.4834	39.4727	39.4575	39.4772	39.471	39.4713	39.4642	39.4602	39.4524	39.4429	39.4398	39.4475	39.4455	39.4421	39.4352	39.4346	39.4236	39.4107	39.4037	39.4141	39.4125	39.4081	39.3967	39.3881	39.3856	39.3554	39.3699	39.367	39.3574	39.3571	39.3472	39.3429	39.3322	39.2917	39.3155	39.3117	39.2971	39.2945	39.2865	39.2678	39.2351	39.2378	39.2286	39.2218	39.1989	39.1847	39.1705	39.1392	39.1355	39.1165	39.0952	39.0618	39.0391	39.0096	38.9827	38.9159	38.9254	38.901	38.857	38.8195	38.7891	38.7421	38.6844	38.6386	38.604	38.5639	38.5088	38.4585	38.4056	38.3252	38.2153	38.2185	38.1496	38.0671	37.9704	37.8987	37.8251	37.6607	37.6517	37.562	37.48	37.4214	37.2846	37.1696	37.0455	36.917	36.9283	36.8473	36.7327	36.6487	36.5399	36.2949	36.3644	36.2953	36.2413	36.3063	36.4169	37.4748
Sor-ACeb_016-Ex1-11F-lcwgs-1-3-L3-fastp	37.72	38.6256	38.8483	39.6287	39.4489	39.6334	39.5566	39.5957	39.6046	39.7074	39.7172	39.6372	39.6397	39.7412	39.6836	39.7459	39.6594	39.7467	39.6807	39.7471	39.6976	39.7161	39.6842	39.6935	39.7094	39.698	39.6787	39.6676	39.6797	39.6935	39.6849	39.6462	39.6712	39.6775	39.6776	39.6831	39.6772	39.6714	39.587	39.6664	39.6628	39.6667	39.6644	39.666	39.6314	39.6514	39.6327	39.6568	39.6503	39.6492	39.643	39.6426	39.6381	39.6411	39.6355	39.6387	39.605	39.6266	39.5791	39.6264	39.6176	39.6184	39.6119	39.6067	39.5954	39.5989	39.5922	39.5966	39.5897	39.5863	39.5786	39.5484	39.5728	39.5712	39.565	39.5633	39.5571	39.5357	39.55	39.5532	39.5487	39.5383	39.5326	39.5291	39.522	39.5238	39.4467	39.4896	39.5066	39.5041	39.4854	39.4925	39.4826	39.4693	39.4546	39.4607	39.4516	39.4524	39.4375	39.4324	39.4282	39.4136	39.4167	39.4046	39.3727	39.3877	39.3797	39.3674	39.365	39.3455	39.3482	39.3256	39.3291	39.3043	39.295	39.2801	39.2755	39.2626	39.2462	39.2285	39.2139	39.2123	39.1889	39.1794	39.1369	39.1172	39.1332	39.1136	39.1014	39.0774	39.0598	39.0551	39.0422	39.0046	38.989	38.9969	38.9637	38.9598	38.9404	38.8917	38.9201	38.8981	38.8681	38.8832	38.8678	38.8781	38.8595	38.8981	39.0272	39.3757
Sor-ACeb_017-Ex1-12F-lcwgs-1-3-L2-fastp	39.3783	39.2561	39.3984	39.4945	39.4381	39.4344	39.4857	39.5011	39.5164	39.5173	39.5325	39.5518	39.5233	39.5552	39.554	39.5686	39.5557	39.5748	39.5671	39.5784	39.5605	39.5691	39.5682	39.5792	39.5692	39.5753	39.572	39.5751	39.5705	39.5339	39.5626	39.5729	39.574	39.5738	39.5653	39.5602	39.5517	39.5402	39.5441	39.5478	39.5506	39.5487	39.5451	39.5404	39.5338	39.5378	39.5149	39.5271	39.5227	39.5262	39.5202	39.5236	39.5153	39.5026	39.4897	39.5067	39.5026	39.5018	39.4962	39.4897	39.4838	39.473	39.4687	39.4758	39.4736	39.47	39.4599	39.4621	39.4507	39.4363	39.4322	39.4401	39.4396	39.4329	39.4233	39.4118	39.4076	39.381	39.393	39.3894	39.3803	39.3786	39.3674	39.3632	39.3527	39.3137	39.3367	39.3297	39.3149	39.3132	39.3016	39.2876	39.2532	39.256	39.2499	39.2389	39.2174	39.2026	39.1882	39.1571	39.1553	39.1393	39.1184	39.0846	39.064	39.0297	39.0092	38.9456	38.9574	38.9316	38.8881	38.8524	38.8238	38.7759	38.7232	38.6802	38.6439	38.6018	38.5584	38.5048	38.4528	38.3762	38.2747	38.2813	38.2125	38.1331	38.0513	37.984	37.8972	37.7321	37.7416	37.6481	37.5665	37.5125	37.3933	37.2803	37.1415	37.0315	37.0277	36.9502	36.8522	36.7629	36.6643	36.4462	36.5107	36.4464	36.3889	36.4515	36.5836	37.5831
Sor-ACeb_017-Ex1-12F-lcwgs-1-3-L3-fastp	37.0369	38.3651	38.7261	39.6492	39.4637	39.6668	39.5869	39.6303	39.6355	39.7407	39.7492	39.6671	39.6694	39.7669	39.7146	39.7737	39.6924	39.7735	39.7121	39.7755	39.7277	39.7468	39.716	39.7229	39.741	39.7297	39.7124	39.6987	39.7124	39.7255	39.717	39.6776	39.704	39.7097	39.7095	39.7158	39.7088	39.7053	39.6218	39.701	39.6979	39.7002	39.6997	39.7001	39.6648	39.6851	39.669	39.6927	39.6849	39.6854	39.6797	39.6801	39.6755	39.6775	39.6746	39.6748	39.6427	39.6634	39.6179	39.6636	39.6568	39.6555	39.6491	39.6453	39.6338	39.6367	39.6315	39.6317	39.6277	39.6237	39.6156	39.585	39.6081	39.6061	39.6025	39.5971	39.5922	39.572	39.5855	39.5886	39.5843	39.5745	39.5693	39.5612	39.5568	39.5568	39.4848	39.5228	39.5383	39.5374	39.5187	39.5256	39.5169	39.5053	39.4883	39.4944	39.481	39.4856	39.4706	39.467	39.4561	39.4499	39.4457	39.4366	39.4049	39.4202	39.4095	39.4003	39.397	39.3758	39.3756	39.3573	39.3531	39.3313	39.3229	39.3086	39.3042	39.2896	39.2736	39.2553	39.2414	39.2308	39.2192	39.1976	39.1576	39.1409	39.1549	39.1319	39.1163	39.0965	39.0854	39.0675	39.0549	39.0088	39.0057	39.0042	38.9697	38.9677	38.9401	38.8887	38.9214	38.9038	38.8683	38.8772	38.87	38.8869	38.8546	38.9196	39.043	39.3951
Sor-ACeb_018-Ex1-1G-lcwgs-1-3-L2-fastp	39.3398	39.2018	39.294	39.4364	39.3876	39.3833	39.442	39.4649	39.4795	39.4839	39.497	39.522	39.4939	39.5292	39.5299	39.545	39.531	39.552	39.5438	39.5574	39.5363	39.546	39.5455	39.5595	39.5464	39.5544	39.5493	39.5541	39.5484	39.5098	39.5398	39.5536	39.5531	39.5548	39.5454	39.5384	39.5303	39.5153	39.5181	39.5249	39.5263	39.5261	39.5205	39.5157	39.5078	39.512	39.4877	39.5018	39.4985	39.5027	39.4945	39.4969	39.4884	39.4761	39.4603	39.4809	39.476	39.4749	39.468	39.4621	39.4555	39.4427	39.44	39.4472	39.446	39.4413	39.4329	39.4341	39.4226	39.4063	39.4015	39.4117	39.4097	39.4041	39.3923	39.3827	39.3777	39.3493	39.3601	39.3578	39.3504	39.3461	39.3365	39.333	39.3204	39.2784	39.3035	39.2977	39.2821	39.2789	39.2694	39.2547	39.2192	39.2218	39.2129	39.203	39.1774	39.1631	39.151	39.1177	39.1143	39.0972	39.076	39.0423	39.0181	38.9855	38.9598	38.8909	38.9024	38.8748	38.833	38.7948	38.7615	38.7156	38.6537	38.6056	38.5769	38.5343	38.4787	38.4176	38.3659	38.2891	38.1731	38.1782	38.1061	38.0259	37.932	37.8537	37.7766	37.5982	37.598	37.5063	37.4217	37.3512	37.2157	37.1021	36.9557	36.8312	36.8344	36.7493	36.6279	36.5413	36.4339	36.2127	36.2771	36.2146	36.1707	36.2424	36.3959	37.4823
Sor-ACeb_018-Ex1-1G-lcwgs-1-3-L3-fastp	37.711	38.5809	38.9127	39.6251	39.4206	39.6226	39.5277	39.5839	39.5859	39.6969	39.7088	39.6208	39.626	39.7343	39.6715	39.7413	39.6499	39.7441	39.6756	39.7442	39.6894	39.7098	39.6719	39.683	39.6999	39.6849	39.6649	39.6554	39.6681	39.6819	39.6728	39.6342	39.6592	39.6663	39.6659	39.6708	39.6637	39.6582	39.5763	39.6553	39.6501	39.6539	39.6518	39.6532	39.618	39.6395	39.6192	39.6439	39.6371	39.6362	39.6303	39.6295	39.6243	39.6268	39.6228	39.6239	39.589	39.6099	39.5623	39.6095	39.6016	39.6009	39.5952	39.589	39.5773	39.5805	39.5732	39.5768	39.57	39.5658	39.5572	39.5258	39.5509	39.5473	39.5415	39.5375	39.5316	39.5118	39.5231	39.5288	39.5231	39.5107	39.5055	39.5003	39.4932	39.4943	39.4182	39.4584	39.4762	39.4729	39.4541	39.4594	39.4502	39.4364	39.4202	39.426	39.4138	39.415	39.4007	39.396	39.3878	39.3772	39.376	39.3628	39.3287	39.3463	39.334	39.3258	39.3202	39.2978	39.3002	39.2793	39.276	39.2524	39.2423	39.2263	39.2183	39.2058	39.1874	39.1667	39.1484	39.1438	39.1198	39.1052	39.0629	39.0386	39.0532	39.0323	39.0139	38.9868	38.9696	38.9543	38.9341	38.8936	38.8769	38.8767	38.8396	38.8329	38.807	38.7593	38.7802	38.7588	38.7246	38.733	38.7225	38.7348	38.7233	38.7797	38.9364	39.3373
Sor-ACeb_019-Ex1-3G-lcwgs-1-3-L2-fastp	39.129	38.9275	39.1803	39.2607	39.2177	39.2117	39.2646	39.3038	39.3323	39.3119	39.345	39.3564	39.3416	39.3746	39.3743	39.4002	39.3741	39.4118	39.3983	39.415	39.3865	39.3965	39.4097	39.3934	39.3882	39.4045	39.3999	39.3933	39.3883	39.3565	39.3739	39.4071	39.3984	39.3885	39.377	39.3656	39.3616	39.3417	39.3602	39.3559	39.3619	39.3724	39.3627	39.3409	39.3409	39.3509	39.3368	39.3499	39.3439	39.3578	39.3232	39.3576	39.319	39.3047	39.279	39.3143	39.3223	39.3046	39.3191	39.2863	39.2583	39.2306	39.2473	39.2902	39.2564	39.2342	39.2423	39.2617	39.2419	39.2091	39.2284	39.2245	39.228	39.216	39.1905	39.159	39.1969	39.1638	39.1711	39.1683	39.1707	39.1124	39.1478	39.143	39.1469	39.0709	39.0793	39.0748	39.0582	39.1212	39.1032	39.0491	38.9564	39.0163	39.0361	38.9817	38.9973	38.9823	38.9585	38.8511	38.8918	38.8547	38.8614	38.7528	38.7221	38.6538	38.652	38.5565	38.5728	38.5583	38.5478	38.5136	38.3467	38.3053	38.3039	38.2927	38.1847	38.0567	37.9611	37.9496	37.7844	37.9283	37.6055	37.6211	37.5196	37.3972	37.3283	37.2768	36.9728	37.0785	37.0808	36.6841	36.6064	36.5695	36.4974	36.3763	36.1984	36.091	35.8597	35.6924	35.6628	35.5855	35.5029	35.3847	35.33	35.1728	35.2786	35.7644	35.9692	37.3515
Sor-ACeb_019-Ex1-3G-lcwgs-1-3-L3-fastp	37.4664	38.3472	38.6679	39.3352	39.0859	39.3722	39.2006	39.3373	39.3799	39.4687	39.49	39.3869	39.4416	39.5356	39.4595	39.5314	39.4366	39.5503	39.4583	39.5601	39.4633	39.5092	39.4766	39.479	39.5121	39.4486	39.4497	39.4162	39.4736	39.442	39.4376	39.4226	39.4422	39.4529	39.42	39.4724	39.4535	39.3978	39.3736	39.3897	39.3932	39.428	39.3724	39.3991	39.366	39.3854	39.3774	39.3984	39.377	39.4077	39.3992	39.399	39.3835	39.3835	39.3782	39.3557	39.3089	39.3435	39.3731	39.3667	39.3241	39.4407	39.3691	39.3349	39.3145	39.3998	39.3143	39.3845	39.318	39.3287	39.378	39.3427	39.3409	39.2968	39.3498	39.3288	39.2816	39.3281	39.2663	39.2889	39.2985	39.2932	39.2737	39.2882	39.2946	39.2913	39.2498	39.1972	39.3199	39.2095	39.1677	39.3031	39.2727	39.2591	39.2292	39.2386	39.2177	39.2876	39.2505	39.2551	39.208	39.1314	39.106	39.1364	39.1588	39.0658	39.062	39.0707	39.1481	39.0828	39.0429	39.0339	39.0517	39.172	39.0612	38.8782	39.0364	39.0406	39.0751	38.8856	38.8938	38.7903	38.6604	38.5346	38.5641	38.5976	38.6411	38.4794	38.5304	38.4818	38.5702	38.5358	38.686	38.722	38.6184	38.3239	38.2395	38.4724	38.2376	38.3339	38.073	38.2452	38.321	38.2296	37.8531	38.0168	38.0703	38.119	38.2206	39.2785
Sor-ACeb_020-Ex1-2G-lcwgs-1-3-L2-fastp	39.2702	39.0923	39.2869	39.376	39.3382	39.3043	39.3689	39.3986	39.4276	39.4157	39.4392	39.4524	39.4203	39.4585	39.4738	39.4703	39.4661	39.4757	39.4701	39.4752	39.4661	39.4613	39.4751	39.4684	39.4771	39.4691	39.4746	39.4677	39.4546	39.4062	39.4562	39.4562	39.467	39.4507	39.4492	39.4272	39.4207	39.3948	39.402	39.3889	39.3898	39.3867	39.3716	39.3546	39.3568	39.3388	39.3073	39.3058	39.3099	39.2934	39.2862	39.2732	39.2508	39.2268	39.1932	39.1914	39.1731	39.1472	39.1339	39.1113	39.0984	39.0444	39.0244	39.0148	38.999	38.9858	38.96	38.9253	38.9061	38.8708	38.8507	38.8399	38.8387	38.8128	38.7991	38.7782	38.735	38.7013	38.7143	38.6851	38.6832	38.6849	38.6534	38.641	38.6335	38.5872	38.6215	38.6097	38.5848	38.6126	38.5926	38.5759	38.5539	38.5759	38.5692	38.5736	38.5155	38.5422	38.5371	38.5368	38.5259	38.5329	38.4924	38.4801	38.4744	38.4689	38.4234	38.3835	38.4032	38.4178	38.3463	38.3376	38.3205	38.291	38.2347	38.25	38.1798	38.1601	38.1371	38.0895	38.0647	38.0202	37.8807	37.9121	37.8549	37.783	37.7185	37.6479	37.6148	37.4734	37.4533	37.4494	37.3632	37.3231	37.2055	37.11	37.0464	36.9124	36.917	36.8517	36.7463	36.7074	36.5683	36.4695	36.4932	36.4353	36.4323	36.4512	36.5296	37.5976
Sor-ACeb_020-Ex1-2G-lcwgs-1-3-L3-fastp	37.6282	38.3213	38.6904	39.5666	39.3959	39.622	39.5102	39.5725	39.577	39.6863	39.6988	39.5901	39.5964	39.7105	39.6335	39.71	39.6171	39.7191	39.6364	39.7192	39.6415	39.6698	39.6332	39.6445	39.6674	39.6545	39.6363	39.6195	39.6244	39.6464	39.6376	39.5932	39.617	39.6182	39.6147	39.6259	39.6125	39.6117	39.5315	39.6037	39.5958	39.5943	39.5959	39.5953	39.5518	39.5626	39.5445	39.5655	39.5543	39.5543	39.5455	39.5417	39.5237	39.5333	39.5112	39.5098	39.4774	39.4826	39.4142	39.4642	39.4498	39.4362	39.435	39.3905	39.3698	39.3704	39.3562	39.3521	39.3448	39.3171	39.3058	39.2524	39.2864	39.2707	39.2579	39.2335	39.2185	39.1758	39.1938	39.1706	39.1697	39.1401	39.1433	39.1138	39.1234	39.087	39.0384	39.0578	39.081	39.0705	39.0549	39.0548	39.0513	39.0363	39.0295	39.0164	39.0215	38.999	39.004	38.9808	39.0056	38.9579	38.9862	38.9342	38.9645	38.9479	38.9442	38.9386	38.9508	38.8957	38.9338	38.8946	38.9252	38.8991	38.8947	38.8659	38.8962	38.8547	38.8818	38.8486	38.8444	38.8375	38.8213	38.7794	38.8025	38.7503	38.7731	38.7574	38.7617	38.7434	38.7357	38.7543	38.7542	38.7353	38.6724	38.7403	38.6754	38.684	38.6799	38.6555	38.6417	38.648	38.6037	38.6497	38.6421	38.6582	38.6202	38.7161	38.8093	39.2623
Sor-ACeb_021-Ex1-4G-lcwgs-1-3-L2-fastp	39.1626	39.0058	39.2472	39.3115	39.2489	39.2873	39.355	39.3457	39.381	39.4161	39.418	39.4568	39.3785	39.4587	39.4214	39.4725	39.4352	39.5116	39.446	39.4857	39.438	39.4534	39.4242	39.4487	39.4674	39.4312	39.4506	39.4597	39.4533	39.4308	39.4503	39.4928	39.4915	39.476	39.463	39.4365	39.4053	39.4208	39.43	39.4418	39.4371	39.4662	39.4169	39.4229	39.4181	39.4431	39.3839	39.402	39.436	39.3792	39.3571	39.3641	39.3888	39.4092	39.3422	39.3962	39.4133	39.4245	39.4086	39.3846	39.3883	39.3711	39.3478	39.3987	39.3223	39.3899	39.3726	39.3789	39.3361	39.3359	39.2738	39.3546	39.3538	39.3157	39.3608	39.2376	39.3332	39.2245	39.3134	39.212	39.3146	39.3184	39.2893	39.2998	39.2815	39.2822	39.3544	39.1735	39.2934	39.1165	39.2358	39.2043	39.1583	39.1206	39.1341	39.0394	39.0636	39.1457	39.069	39.0793	38.9842	39.0038	38.9809	38.9473	38.9594	38.9007	38.9293	38.8488	39.0113	38.6627	38.8359	38.6631	38.6654	38.6221	38.6573	38.5904	38.6352	38.4677	38.3989	38.3567	38.3076	37.967	38.0568	37.9785	38.0036	37.9777	37.6823	37.6616	37.62	37.1978	37.4162	37.2046	37.3179	37.1494	36.8608	36.676	36.8514	36.6077	36.4187	36.4461	36.4567	35.9277	36.3541	35.6446	35.9016	35.3801	35.7004	36.3795	36.1268	37.4803
Sor-ACeb_021-Ex1-4G-lcwgs-1-3-L3-fastp	37.3474	38.2835	38.5464	39.4054	39.2854	39.4395	39.28	39.5592	39.4357	39.5462	39.586	39.4961	39.4452	39.5635	39.5448	39.6022	39.5984	39.5294	39.5781	39.5632	39.5378	39.6488	39.5223	39.495	39.6011	39.5435	39.5418	39.563	39.5884	39.5104	39.5659	39.495	39.5291	39.5351	39.5364	39.4512	39.5498	39.5178	39.3985	39.6233	39.5547	39.5395	39.5711	39.5557	39.5832	39.4855	39.4566	39.4382	39.5705	39.4823	39.5506	39.5353	39.5411	39.5664	39.5741	39.4872	39.4693	39.5305	39.5175	39.5553	39.4937	39.3869	39.5155	39.5073	39.3906	39.4726	39.4479	39.6008	39.3827	39.4996	39.4592	39.3791	39.4488	39.387	39.4616	39.5806	39.547	39.4011	39.3433	39.3088	39.3537	39.4814	39.223	39.3347	39.307	39.1215	39.3594	39.3181	39.3149	39.3244	39.4129	39.3139	39.3214	39.1715	39.0681	39.2252	39.0789	39.0175	39.0673	39.2939	39.2124	39.3968	39.0573	39.1514	39.1229	38.9789	39.0341	39.1877	39.4354	39.2064	39.0408	39.2761	39.034	39.1879	38.9653	38.8829	39.0803	38.8755	39.1101	38.9647	38.7696	38.9566	39.0674	38.571	38.8213	38.6295	38.8435	38.896	39.0105	38.5018	38.6022	39.2814	38.7619	39.0984	38.8686	38.8805	38.9816	38.699	38.82	38.7897	38.6021	39.1326	38.24	38.6845	38.9455	38.9119	39.0658	38.7917	38.766	39.5115
Sor-ACeb_022-Ex1-5G-lcwgs-1-3-L2-fastp	39.2295	39.1703	39.3055	39.4305	39.3666	39.3631	39.4222	39.4448	39.4605	39.4611	39.4755	39.4983	39.4637	39.494	39.492	39.5033	39.489	39.5029	39.4949	39.5027	39.4769	39.4857	39.4801	39.493	39.4787	39.4853	39.4747	39.4771	39.4693	39.4264	39.4548	39.4666	39.4648	39.4625	39.4519	39.4419	39.43	39.413	39.4128	39.4184	39.4161	39.4101	39.404	39.3953	39.3833	39.3828	39.3535	39.3653	39.3608	39.3625	39.3494	39.3463	39.3361	39.3203	39.3009	39.3185	39.3082	39.305	39.2961	39.2883	39.2793	39.2619	39.2542	39.2602	39.255	39.2497	39.2363	39.2356	39.2199	39.201	39.1919	39.1997	39.1978	39.1881	39.1723	39.1635	39.1556	39.1214	39.1335	39.1303	39.1211	39.1184	39.1065	39.1008	39.084	39.0404	39.0626	39.0584	39.041	39.0386	39.029	39.0102	38.9759	38.9765	38.9682	38.9576	38.9298	38.9182	38.9056	38.8707	38.8621	38.8446	38.8304	38.7938	38.7716	38.7352	38.7098	38.6363	38.651	38.6267	38.5809	38.5402	38.5098	38.4665	38.4014	38.3596	38.3283	38.2885	38.2358	38.1812	38.128	38.0578	37.941	37.9453	37.8832	37.8054	37.7196	37.6518	37.588	37.4083	37.4185	37.348	37.2494	37.2088	37.0884	36.9791	36.8639	36.7469	36.7658	36.6951	36.6146	36.5397	36.446	36.245	36.3091	36.2737	36.2414	36.2956	36.4046	37.4671
Sor-ACeb_022-Ex1-5G-lcwgs-1-3-L3-fastp	37.3773	38.354	38.6897	39.5685	39.385	39.589	39.4897	39.5546	39.5566	39.6715	39.6797	39.5852	39.5848	39.7024	39.6306	39.7041	39.6084	39.7037	39.6273	39.7017	39.6358	39.6569	39.6203	39.6286	39.6466	39.6327	39.6086	39.5952	39.6055	39.6198	39.6088	39.5686	39.5923	39.5937	39.5899	39.5946	39.5861	39.5784	39.4933	39.5692	39.5645	39.5617	39.5619	39.5589	39.5228	39.5368	39.5143	39.536	39.5294	39.5249	39.5169	39.5119	39.5021	39.5052	39.4985	39.4967	39.459	39.4758	39.4251	39.4717	39.4623	39.4586	39.4487	39.4388	39.4238	39.4256	39.4191	39.4179	39.4098	39.4012	39.391	39.36	39.3813	39.3729	39.3668	39.3612	39.3575	39.3358	39.3419	39.3467	39.3416	39.3281	39.3222	39.3141	39.3051	39.3055	39.2309	39.2679	39.2864	39.2827	39.2578	39.2689	39.2603	39.2444	39.2296	39.2346	39.2266	39.2257	39.2119	39.2066	39.1943	39.1848	39.1882	39.1752	39.1453	39.1637	39.1492	39.1436	39.144	39.1243	39.1298	39.1048	39.1071	39.0918	39.0805	39.0674	39.0642	39.0544	39.0426	39.0325	39.0192	39.0141	38.9958	38.9909	38.9542	38.9368	38.956	38.9411	38.937	38.9186	38.9085	38.9116	38.8951	38.8664	38.8658	38.8728	38.8418	38.8514	38.839	38.7966	38.8465	38.831	38.8136	38.8328	38.8375	38.863	38.8537	38.9085	39.043	39.3786
