Sample	1	2	3	4	5	6	7	8	9	10	11	12	13	14	15	16	17	18	19	20	21	22	23	24	25	26	27	28	29	30	31	32	33	34	35	36	37	38	39	40	41	42	43	44	45	46	47	48	49	50	51	52	53	54	55	56	57	58	59	60	61	62	63	64	65	66	67	68	69	70	71	72	73	74	75	76	77	78	79	80	81	82	83	84	85	86	87	88	89	90	91	92	93	94	95	96	97	98	99	100	101	102	103	104	105	106	107	108	109	110	111	112	113	114	115	116	117	118	119	120	121	122	123	124	125	126	127	128	129	130	131	132	133	134	135	136	137	138	139	140	141	142	143	144	145	146	147	148	149	150
Sor-ACeb_001-Ex1-8E-lcwgs-1-3-L2-fastp	44.705	34.267900000000004	34.7449	33.630300000000005	33.8029	33.2226	32.7605	33.1287	33.6227	33.291199999999996	35.925000000000004	35.8843	35.0655	34.893299999999996	34.7297	34.5479	34.6642	34.5929	34.6347	34.9544	34.9037	35.005199999999995	34.8197	34.6103	34.5136	34.555	34.3348	34.5115	34.5054	34.543400000000005	34.627599999999994	34.7115	34.721999999999994	34.6841	34.6534	34.5492	34.5648	34.5337	34.5547	34.494	34.6907	34.7229	34.6374	34.73	34.6066	34.6121	34.5096	34.6012	34.502	34.692	34.7416	34.8829	35.005399999999995	34.9828	35.0186	35.0969	35.196600000000004	35.3153	35.370200000000004	35.5372	35.7339	35.922	36.092400000000005	36.3545	36.567499999999995	36.747	36.9802	37.2982	37.544	37.843199999999996	38.226	38.513	38.912	39.2132	39.5461	39.8827	40.248	40.5228	40.8508	41.3095	41.5618	41.847	42.1985	42.4643	42.715199999999996	43.1168	43.2519	43.6161	43.9401	44.0829	44.3424	44.6339	44.8583	45.1003	45.368900000000004	45.6123	45.8129	46.0936	46.2025	46.446	46.671099999999996	46.8021	47.0818	47.403800000000004	47.6138	47.8677	48.0469	48.321999999999996	48.4657	48.794399999999996	48.9222	49.2083	49.5859	49.7374	49.9543	50.303	50.4362	50.7613	50.9814	51.27119999999999	51.475	51.757600000000004	51.994600000000005	52.161	52.2854	52.572300000000006	52.750699999999995	52.9151	53.096	53.367200000000004	53.47070000000001	53.7772	54.0467	54.1563	54.41550000000001	54.6786	54.8747	55.2566	55.462199999999996	55.896	56.3854	56.808800000000005	57.407	57.8426	58.4877	58.9572	59.4816	60.1842	60.907999999999994	61.5406
Sor-ACeb_001-Ex1-8E-lcwgs-1-3-L3-fastp	44.595	33.8083	34.403299999999994	33.1567	33.374500000000005	32.779	32.304100000000005	32.706	33.199	32.8544	35.4731	35.3883	34.5595	34.464299999999994	34.2612	34.1476	34.2038	34.1878	34.131	34.6298	34.4093	34.497499999999995	34.4399	34.1839	34.0358	34.058	33.8387	34.003299999999996	34.0663	34.1092	34.1806	34.2781	34.2473	34.2292	34.2717	34.0854	34.088	34.069700000000005	34.090199999999996	34.034	34.2549	34.2898	34.2164	34.272200000000005	34.1535	34.1337	34.0952	34.002300000000005	34.013	34.139199999999995	34.1408	34.2837	34.3823	34.3607	34.4008	34.5684	34.5735	34.7329	34.700199999999995	34.874300000000005	35.1098	35.215999999999994	35.388	35.660199999999996	35.849	35.9972	36.2436	36.5856	36.751	37.0853	37.4959	37.7997	38.1784	38.528099999999995	38.8347	39.0914	39.488	39.7224	40.0783	40.513	40.875099999999996	41.1762	41.5745	41.822700000000005	42.1497	42.4443	42.701	42.9932	43.3411	43.5445	43.8055	44.168400000000005	44.3971	44.6076	44.9728	45.055099999999996	45.3024	45.4548	45.720499999999994	46.025	46.2373	46.4598	46.6184	46.9454	47.0185	47.279199999999996	47.5064	47.7921	48.0728	48.3173	48.6058	48.6632	49.0773	49.1483	49.378899999999994	49.5377	49.7009	49.9458	50.177099999999996	50.3833	50.5309	50.7857	51.136	51.016799999999996	51.2252	51.309400000000004	51.506099999999996	51.6405	51.67509999999999	51.7892	52.1321	52.209700000000005	52.7183	52.9083	53.162200000000006	53.2385	53.600300000000004	53.886	54.2431	54.5829	55.0342	55.5036	56.24940000000001	56.588499999999996	57.0951	57.6461	58.1828	58.9164	59.4028	59.962700000000005
Sor-ACeb_002-Ex1-9E-lcwgs-1-3-L2-fastp	49.528499999999994	38.5739	39.8656	39.152300000000004	39.6969	39.1751	38.7909	39.2204	39.861999999999995	39.027699999999996	41.9269	41.9559	41.1175	40.9619	40.7665	40.4498	40.8237	40.4932	40.5015	41.117599999999996	40.8515	40.9227	40.9255	40.5781	40.6935	40.7759	40.3292	40.781600000000005	40.6536	40.549	40.775099999999995	40.9055	40.8059	40.931200000000004	40.8472	40.6887	40.7411	40.6931	40.6669	40.606700000000004	40.7724	40.6685	40.7034	40.746500000000005	40.8848	40.7638	40.8854	40.7401	40.6078	40.859899999999996	40.832499999999996	40.8955	41.1761	40.8983	41.0632	41.3566	41.2907	41.2999	41.571999999999996	41.4861	41.6876	41.828500000000005	41.9228	42.2561	42.4465	42.4553	42.715599999999995	42.9951	43.1626	43.2998	43.710300000000004	43.825199999999995	43.9931	44.2463	44.4821	44.6046	44.9921	45.0169	45.231300000000005	45.5986	45.6403	45.7278	46.0877	46.2375	46.341300000000004	46.6005	46.6038	46.8519	47.1739	47.1057	47.293800000000005	47.4893	47.5796	47.7856	47.9613	48.0154	48.1907	48.2917	48.423	48.588300000000004	48.8086	48.7846	49.0002	49.3162	49.3928	49.5646	49.8437	49.9174	50.1157	50.3513	50.42450000000001	50.598600000000005	50.9722	50.9691	51.1931	51.542100000000005	51.589600000000004	51.8261	52.075	52.2643	52.4491	52.634	52.833	52.902899999999995	53.1447	53.2956	53.53	53.65299999999999	53.780499999999996	54.0352	54.234300000000005	54.4721	54.7555	54.9655	55.2157	55.51540000000001	55.872699999999995	56.197900000000004	56.4306	56.896800000000006	57.3844	57.7257	58.409800000000004	58.811800000000005	59.479499999999994	59.955400000000004	60.4518	61.101499999999994	61.83840000000001	62.3241
Sor-ACeb_002-Ex1-9E-lcwgs-1-3-L3-fastp	49.7544	38.3755	39.6969	38.9456	39.554	39.0194	38.553399999999996	39.0183	39.7077	38.8502	41.8196	41.781	40.8513	40.7776	40.541700000000006	40.3448	40.6271	40.3837	40.342299999999994	40.9479	40.5781	40.6826	40.8296	40.4238	40.5277	40.646100000000004	40.1607	40.545700000000004	40.4656	40.3922	40.564299999999996	40.7607	40.6239	40.7887	40.6931	40.5319	40.5242	40.4923	40.4388	40.3768	40.6424	40.465	40.5026	40.6309	40.5845	40.5961	40.6586	40.5124	40.3723	40.5803	40.4921	40.5052	40.783	40.463100000000004	40.658300000000004	40.9321	40.8456	40.8317	41.0538	41.0049	41.1379	41.2721	41.328199999999995	41.6844	41.7842	41.894999999999996	42.1607	42.405100000000004	42.4294	42.6651	43.1114	43.2564	43.4982	43.6729	43.7902	43.9124	44.312400000000004	44.1911	44.4591	44.8724	45.0096	45.1214	45.58	45.7149	45.844699999999996	46.1564	46.2151	46.420899999999996	46.7449	46.6772	46.883	47.1583	47.1562	47.3308	47.608200000000004	47.6075	47.8758	47.869299999999996	48.0707	48.2308	48.4288	48.4468	48.7064	48.8906	48.9854	49.1696	49.4454	49.5395	49.8437	50.013200000000005	50.171299999999995	50.1672	50.6464	50.639599999999994	50.744699999999995	50.887899999999995	50.96190000000001	51.0246	51.3675	51.3948	51.56079999999999	51.7956	52.0379	51.8842	52.1316	52.0577	52.2767	52.517100000000006	52.5175	52.6263	53.047	53.0459	53.5408	53.8849	54.0628	54.30120000000001	54.6255	54.970699999999994	55.33090000000001	55.6581	56.0974	56.5944	57.286300000000004	57.641799999999996	58.2411	58.797900000000006	59.2437	59.9067	60.372099999999996	60.819500000000005
Sor-ACeb_003-Ex1-10E-lcwgs-1-3-L2-fastp	45.5822	36.133700000000005	36.9292	35.8954	36.5561	36.0633	35.605199999999996	35.9726	36.4732	36.0503	38.6762	38.447700000000005	37.8466	37.6079	37.4657	37.29	37.391200000000005	37.4013	37.4525	37.573	37.6344	37.5683	37.5284	37.3474	37.3536	37.2355	37.127700000000004	37.189499999999995	37.258599999999994	37.2836	37.3488	37.3414	37.3222	37.3093	37.246	37.164199999999994	37.1178	37.0603	37.0852	37.0901	37.2408	37.2609	37.3473	37.3289	37.4045	37.4074	37.4537	37.494	37.6163	37.7945	37.987	38.168600000000005	38.3924	38.5107	38.6961	38.961	39.183	39.3297	39.618900000000004	39.859899999999996	40.1954	40.4208	40.7716	41.0591	41.3378	41.5922	41.881299999999996	42.1906	42.451	42.7016	43.0699	43.3558	43.675999999999995	43.8807	44.314	44.5107	44.7086	44.9511	45.2355	45.4629	45.713	45.9465	46.1344	46.327	46.5532	46.800599999999996	46.828199999999995	47.1383	47.3568	47.496	47.6299	47.754999999999995	48.0003	48.207899999999995	48.3478	48.5138	48.7314	48.931799999999996	49.0237	49.196	49.4957	49.5135	49.7079	50.0187	50.2763	50.470499999999994	50.6215	50.8809	50.976	51.2451	51.409400000000005	51.669399999999996	52.0173	52.1264	52.3186	52.5803	52.6803	53.0847	53.34290000000001	53.6634	53.93599999999999	54.136399999999995	54.525999999999996	54.6533	54.9775	55.356700000000004	55.64	55.9171	56.349000000000004	56.8355	57.170100000000005	57.6601	58.131699999999995	58.5085	59.0648	59.58520000000001	60.1124	60.772800000000004	61.2355	61.9721	62.7503	63.4286	64.29209999999999	64.9883	65.85419999999999	66.5666	67.3203	68.2076	69.1106	69.9123
Sor-ACeb_003-Ex1-10E-lcwgs-1-3-L3-fastp	45.5878	35.9769	36.824400000000004	35.808800000000005	36.4621	35.9872	35.530899999999995	35.8678	36.3819	35.8648	38.4703	38.3249	37.6988	37.4411	37.391200000000005	37.1164	37.2588	37.205	37.242799999999995	37.3932	37.4852	37.446200000000005	37.424800000000005	37.2071	37.1665	37.1	37.0237	37.0732	37.1522	37.0909	37.2249	37.2363	37.221	37.1843	37.154399999999995	37.041000000000004	36.952600000000004	36.9394	36.9573	36.9367	37.071799999999996	37.0594	37.157000000000004	37.2119	37.1755	37.2011	37.2328	37.2682	37.399300000000004	37.4984	37.7119	37.8571	38.068000000000005	38.1797	38.3851	38.5845	38.7992	38.9516	39.1507	39.433800000000005	39.724199999999996	39.9725	40.300599999999996	40.5759	40.8319	41.1051	41.4615	41.654799999999994	41.9338	42.2267	42.591	42.8767	43.1666	43.4768	43.7663	43.980799999999995	44.1845	44.415	44.7123	44.9204	45.244	45.470699999999994	45.7019	45.901199999999996	46.1157	46.3289	46.5137	46.7546	46.888600000000004	47.1295	47.273700000000005	47.542899999999996	47.6766	47.829899999999995	48.2235	48.2843	48.5738	48.6481	48.9112	49.1357	49.3694	49.503	49.7204	49.910900000000005	49.9973	50.1682	50.3314	50.485	50.821400000000004	50.82600000000001	51.12330000000001	51.114000000000004	51.4386	51.483900000000006	51.6153	51.6404	51.8809	51.9452	52.304300000000005	52.426399999999994	52.709399999999995	52.952600000000004	53.3128	53.2394	53.4959	53.688599999999994	54.0309	54.3609	54.610400000000006	54.9079	55.5034	55.869	56.637	57.0439	57.6424	58.0268	58.6001	59.23779999999999	59.8621	60.503099999999996	61.2544	62.0734	62.9819	63.717400000000005	64.5291	65.313	66.0806	66.952	67.6734	68.3617
Sor-ACeb_004-Ex1-11E-lcwgs-1-3-L2-fastp	46.921	37.768499999999996	38.8207	38.291199999999996	38.603	38.2567	37.9705	38.4326	38.921299999999995	38.1861	40.6669	40.7217	39.8572	39.6551	39.6151	39.4291	39.7143	39.4997	39.481100000000005	39.9724	39.7672	39.8076	39.7831	39.603699999999996	39.6725	39.6845	39.3827	39.7412	39.6149	39.5733	39.710699999999996	39.817099999999996	39.7716	39.854800000000004	39.7086	39.6882	39.6493	39.5789	39.6141	39.5413	39.6027	39.6334	39.623799999999996	39.7303	39.844	39.7403	39.8045	39.7903	39.636700000000005	39.8634	39.9163	40.0756	40.2779	40.1297	40.354299999999995	40.564699999999995	40.6532	40.7186	40.9162	41.0158	41.2337	41.3472	41.5836	41.9031	42.088	42.2561	42.5803	42.798700000000004	43.0456	43.231199999999994	43.629400000000004	43.8678	44.1324	44.3409	44.644600000000004	44.846000000000004	45.1808	45.3104	45.5578	45.893499999999996	46.0615	46.198	46.5251	46.713100000000004	46.8909	47.176	47.2262	47.5271	47.7901	47.8404	48.028	48.2231	48.3882	48.6033	48.722	48.8938	49.1117	49.2139	49.349	49.5095	49.7549	49.8061	49.9803	50.2977	50.502	50.64959999999999	50.83410000000001	51.053000000000004	51.1479	51.385999999999996	51.4965	51.7026	52.0644	52.140100000000004	52.3166	52.611200000000004	52.724000000000004	52.9953	53.2327	53.459999999999994	53.68000000000001	53.846000000000004	54.128	54.23909999999999	54.4492	54.681400000000004	54.9397	55.12970000000001	55.3872	55.700700000000005	55.9473	56.287600000000005	56.6294	56.9243	57.2367	57.632600000000004	57.9831	58.499900000000004	58.80760000000001	59.3409	59.937200000000004	60.4346	61.158699999999996	61.6614	62.421400000000006	62.9731	63.585	64.3746	65.15950000000001	65.80080000000001
Sor-ACeb_004-Ex1-11E-lcwgs-1-3-L3-fastp	46.9456	37.4807	38.6394	37.9983	38.323299999999996	38.0104	37.6589	38.1296	38.676500000000004	37.9242	40.3914	40.407399999999996	39.4818	39.372299999999996	39.256	39.177499999999995	39.452	39.2414	39.1905	39.6923	39.4833	39.5216	39.520300000000006	39.2886	39.3899	39.3843	39.0993	39.414300000000004	39.2948	39.3004	39.4226	39.5136	39.5116	39.5742	39.4248	39.3758	39.326499999999996	39.320100000000004	39.3283	39.2682	39.3488	39.3391	39.3158	39.476499999999994	39.4925	39.4495	39.4341	39.495799999999996	39.3379	39.4714	39.3844	39.4826	39.754400000000004	39.523	39.7041	39.9852	39.9817	39.9438	40.1113	40.1957	40.3459	40.4787	40.6708	41.053	41.1695	41.3294	41.7054	41.9268	42.0529	42.2847	42.8135	43.0649	43.4038	43.5552	43.7826	43.905300000000004	44.1804	44.217600000000004	44.5726	44.914	45.250299999999996	45.446999999999996	45.8552	46.1218	46.3283	46.6217	46.7369	47.0409	47.27	47.3536	47.5615	47.808499999999995	47.931200000000004	48.0861	48.4259	48.4974	48.6828	48.7707	49.0079	49.190400000000004	49.458600000000004	49.478100000000005	49.744899999999994	49.9948	50.0936	50.244200000000006	50.4521	50.6359	50.9505	51.0598	51.294	51.2937	51.668800000000005	51.6994	51.8193	51.9583	52.036899999999996	52.1829	52.4413	52.50280000000001	52.729400000000005	52.87460000000001	53.2388	53.07039999999999	53.337999999999994	53.4107	53.626200000000004	53.8978	53.946099999999994	54.108999999999995	54.5998	54.7794	55.33630000000001	55.64639999999999	56.003400000000006	56.2408	56.6722	57.1774	57.5669	58.0421	58.594199999999994	59.2344	59.9628	60.519999999999996	61.1298	61.8132	62.3671	63.1768	63.7301	64.3227
Sor-ACeb_005-Ex1-12E-lcwgs-1-3-L2-fastp	55.3188	49.094500000000004	46.0669	47.1188	48.1175	47.332499999999996	46.752700000000004	48.437200000000004	47.7694	46.8628	49.9942	49.8203	48.8397	49.274	48.3523	48.4715	49.277	48.4456	48.5267	49.5345	48.4613	48.638999999999996	49.2046	48.3095	48.4962	49.1732	48.191	48.7149	49.1506	48.385	48.5299	49.3954	48.545500000000004	48.774	49.2332	48.5338	48.5811	49.2777	48.4307	48.607	49.161899999999996	48.4941	48.5178	49.3063	48.5622	48.6917	49.3076	48.5572	48.5439	49.3285	48.5083	48.708200000000005	49.4342	48.4645	48.727900000000005	49.5208	48.6649	48.8933	49.5474	48.8133	49.042	49.6653	49.0049	49.3951	50.045700000000004	49.4139	49.7111	50.4398	49.8994	50.13849999999999	50.97239999999999	50.4362	50.734199999999994	51.430699999999995	50.9362	51.229899999999994	51.9689	51.375400000000006	51.671299999999995	52.49209999999999	51.9296	52.09740000000001	52.8837	52.3632	52.58540000000001	53.307300000000005	52.647800000000004	52.9555	53.587700000000005	53.00319999999999	53.2422	53.7983	53.2344	53.494699999999995	53.981	53.511900000000004	53.7115	54.188	53.593900000000005	53.8339	54.3382	53.783	53.97539999999999	54.5396	54.086800000000004	54.2913	54.7494	54.305800000000005	54.447599999999994	54.9597	54.481	54.7149	55.2458	54.7983	54.957699999999996	55.5373	55.096900000000005	55.370799999999996	55.8465	55.5271	55.74980000000001	56.1443	55.844800000000006	55.9632	56.3575	56.007799999999996	56.2256	56.5383	56.305499999999995	56.5044	56.9105	56.6504	56.8864	57.2386	57.067299999999996	57.273799999999994	57.703700000000005	57.6367	57.826100000000004	58.351600000000005	58.3634	58.6699	59.357800000000005	59.2742	59.8428	60.419	60.4979	61.0691	61.82	61.9749
Sor-ACeb_005-Ex1-12E-lcwgs-1-3-L3-fastp	55.846399999999996	49.053799999999995	46.1664	47.1456	48.126799999999996	47.3504	46.6972	48.4959	47.835100000000004	46.792899999999996	50.0644	49.728699999999996	48.7208	49.3337	48.2331	48.510999999999996	49.3102	48.4273	48.5617	49.598	48.4222	48.6391	49.2916	48.2914	48.4768	49.1906	48.172	48.6642	49.1316	48.2911	48.5206	49.3863	48.5199	48.8232	49.192	48.5116	48.5705	49.2572	48.3369	48.606	49.1572	48.4657	48.5079	49.2818	48.4927	48.6336	49.256699999999995	48.5164	48.4746	49.2332	48.2286	48.3284	49.1466	48.1156	48.3179	49.2329	48.297000000000004	48.4884	49.1062	48.3423	48.538199999999996	49.2417	48.505900000000004	48.923899999999996	49.5083	48.8799	49.2441	50.00320000000001	49.3043	49.6041	50.564299999999996	49.9888	50.340700000000005	50.993100000000005	50.3939	50.6178	51.3001	50.684	50.9962	51.9093	51.327	51.6251	52.5319	52.035399999999996	52.3071	53.0453	52.336099999999995	52.7493	53.3901	52.80479999999999	53.0429	53.662	53.0634	53.26109999999999	53.8483	53.2935	53.4992	53.978	53.405899999999995	53.7124	54.2033	53.6308	53.864599999999996	54.374900000000004	53.8244	54.0509	54.53639999999999	54.10660000000001	54.35830000000001	54.8642	54.4426	54.55989999999999	55.1867	54.6731	54.777699999999996	55.2499	54.7721	54.9594	55.474000000000004	55.032000000000004	55.1924	55.7135	55.4345	55.3358	55.732400000000005	55.2813	55.48309999999999	55.9288	55.4579	55.5756	56.1468	55.76219999999999	56.133900000000004	56.5592	56.2787	56.4181	56.86600000000001	56.781099999999995	57.0162	57.4777	57.4399	57.8269	58.5617	58.4925	58.955999999999996	59.5791	59.6244	60.161500000000004	60.772400000000005	60.7415
Sor-ACeb_006-Ex1-1F-lcwgs-1-3-L2-fastp	47.1914	38.0382	40.0205	39.7303	40.1434	39.7838	39.518100000000004	40.042699999999996	40.5676	39.5518	42.1765	42.2107	41.3452	41.1964	41.1143	40.9471	41.321600000000004	41.0465	41.042899999999996	41.5041	41.2213	41.1307	41.233799999999995	41.0005	41.1492	41.1507	40.8333	41.191	41.1018	40.9198	41.1599	41.275600000000004	41.2149	41.296	41.185	41.1744	41.1748	41.0591	41.0614	41.0057	41.0219	40.9447	40.956399999999995	41.091899999999995	41.232	41.085100000000004	41.2138	41.124300000000005	41.010400000000004	41.1636	41.1721	41.1617	41.4205	41.1546	41.3517	41.6154	41.6141	41.5918	41.857699999999994	41.8216	42.037600000000005	42.0882	42.2532	42.602000000000004	42.7707	42.889300000000006	43.207	43.454	43.6805	43.8527	44.2756	44.467800000000004	44.7405	44.9283	45.255	45.4377	45.8326	45.9405	46.1867	46.5644	46.7497	46.8034	47.1703	47.333999999999996	47.4928	47.7465	47.8119	47.9899	48.3384	48.2313	48.4078	48.586200000000005	48.5895	48.7521	48.871199999999995	48.9893	49.091699999999996	49.1552	49.2388	49.383300000000006	49.5578	49.5623	49.696	49.9353	50.0616	50.190999999999995	50.3417	50.4968	50.595	50.7853	50.8625	51.0266	51.2324	51.306200000000004	51.413399999999996	51.5624	51.627	51.8177	51.934599999999996	52.03489999999999	52.1221	52.2263	52.3305	52.367799999999995	52.45419999999999	52.5602	52.615500000000004	52.723299999999995	52.834199999999996	52.9722	53.0646	53.258799999999994	53.4483	53.6644	53.843300000000006	54.1692	54.39619999999999	54.815400000000004	55.132000000000005	55.628	56.163	56.6741	57.3576	57.9687	58.6699	59.3785	60.01069999999999	60.833400000000005	61.6842	62.4298
Sor-ACeb_006-Ex1-1F-lcwgs-1-3-L3-fastp	47.3059	37.868	39.9229	39.5119	39.9846	39.6115	39.3003	39.8532	40.4197	39.3653	42.0152	42.0122	41.0963	41.0283	40.890100000000004	40.7827	41.1698	40.8858	40.8371	41.353899999999996	41.0478	40.9551	41.1076	40.8089	40.9854	40.996300000000005	40.6664	40.9945	40.9308	40.7355	40.9669	41.1338	41.0463	41.1477	41.0149	40.9832	40.9734	40.8913	40.8592	40.7851	40.8016	40.7366	40.7464	40.8989	41.0336	40.8677	41.0171	40.9223	40.8321	40.9436	40.9491	40.9445	41.2085	40.9165	41.1078	41.3844	41.3568	41.3277	41.5762	41.5616	41.7583	41.7978	41.963	42.2837	42.4778	42.5346	42.8686	43.129	43.2995	43.492799999999995	43.934	44.0789	44.366	44.5507	44.858	45.0244	45.4252	45.4899	45.7822	46.1539	46.3835	46.4332	46.8061	46.9908	47.1509	47.374500000000005	47.4439	47.6911	47.969899999999996	47.9132	48.095	48.2975	48.3221	48.4222	48.6318	48.6993	48.8403	48.841499999999996	48.9799	49.106899999999996	49.242999999999995	49.3114	49.454	49.6337	49.730000000000004	49.809599999999996	49.9888	50.1591	50.2672	50.465	50.558899999999994	50.60679999999999	50.8707	50.9165	50.905199999999994	51.023700000000005	51.0799	51.115	51.2915	51.286100000000005	51.402899999999995	51.5192	51.5861	51.5698	51.678599999999996	51.676	51.77310000000001	51.8954	51.878899999999994	51.859500000000004	52.0726	52.170300000000005	52.395	52.5471	52.761	52.991200000000006	53.2836	53.581199999999995	53.944199999999995	54.39810000000001	54.9076	55.435599999999994	56.0546	56.7408	57.3588	58.1176	58.722300000000004	59.513000000000005	60.2593	60.9187
Sor-ACeb_007-Ex1-2F-lcwgs-1-3-L2-fastp	48.2779	38.7704	40.4727	40.2078	40.6455	40.205	40.0338	40.557	40.9549	40.0246	42.824400000000004	42.5762	41.8204	41.6287	41.4995	41.4063	41.665600000000005	41.5056	41.411500000000004	41.801700000000004	41.6748	41.5293	41.6495	41.4116	41.5341	41.503	41.2729	41.4814	41.471999999999994	41.3189	41.5167	41.6756	41.605399999999996	41.660799999999995	41.5764	41.5363	41.4927	41.4726	41.3858	41.3711	41.416399999999996	41.365	41.421400000000006	41.4684	41.6288	41.4832	41.585499999999996	41.5651	41.4119	41.6073	41.7564	41.7298	42.1231	41.7507	42.0935	42.2611	42.3373	42.4242	42.6931	42.6965	42.9285	43.0018	43.2398	43.6259	43.8684	43.9795	44.249100000000006	44.5437	44.787	45.0621	45.3371	45.5965	45.806200000000004	46.1197	46.3421	46.6211	46.9222	47.0319	47.2804	47.5947	47.7788	47.8905	48.1559	48.379	48.445100000000004	48.7105	48.7292	48.9178	49.2542	49.1925	49.3397	49.4347	49.4353	49.6375	49.7598	49.8265	49.9722	50.0359	50.168	50.278999999999996	50.4065	50.52910000000001	50.5951	50.8794	51.058499999999995	51.200500000000005	51.23	51.412400000000005	51.5783	51.6876	51.7843	51.8984	52.1101	52.229499999999994	52.2115	52.466100000000004	52.4597	52.6399	52.7504	52.9041	53.0068	53.0929	53.1775	53.290099999999995	53.3744	53.5987	53.6361	53.8578	53.9689	54.1153	54.3599	54.635999999999996	54.9862	55.2928	55.474999999999994	55.9373	56.2673	56.8211	57.2496	57.763600000000004	58.4279	58.984700000000004	59.81999999999999	60.451299999999996	61.231500000000004	62.02530000000001	62.6517	63.532900000000005	64.4426	65.2535
Sor-ACeb_007-Ex1-2F-lcwgs-1-3-L3-fastp	48.4067	38.5129	40.461200000000005	40.0581	40.3007	40.007999999999996	39.6014	40.35	40.7588	39.7492	42.517700000000005	42.3901	41.375	41.365899999999996	41.2512	41.114200000000004	41.4539	41.138400000000004	41.2438	41.6427	41.444399999999995	41.3	41.4072	41.098099999999995	41.2529	41.252	40.928799999999995	41.2861	41.2424	41.048	41.3207	41.3677	41.388799999999996	41.3865	41.2827	41.1025	41.192299999999996	41.1575	41.0314	41.029700000000005	41.1372	40.9524	41.122	41.2488	41.1633	41.105599999999995	41.3223	41.2286	41.1962	41.286899999999996	41.3455	41.455	41.6002	41.4585	41.6235	41.8466	41.9742	41.9611	42.155300000000004	42.2112	42.4679	42.6016	42.7572	43.1305	43.2715	43.5563	43.7571	44.048700000000004	44.127300000000005	44.3921	44.846399999999996	45.0783	45.3444	45.5508	45.800000000000004	45.9469	46.3142	46.3247	46.6109	47.0441	47.2156	47.3672	47.6986	47.8388	47.9618	48.2123	48.283	48.4493	48.714	48.7436	48.952400000000004	49.072900000000004	49.0661	49.2577	49.376	49.548199999999994	49.548500000000004	49.605900000000005	49.6577	49.9833	50.049	50.1872	50.389700000000005	50.451	50.5606	50.6384	50.793600000000005	51.0556	51.0283	51.31790000000001	51.4293	51.3919	51.7157	51.6911	51.6426	51.7513	51.8153	51.810599999999994	52.037299999999995	52.086299999999994	52.127100000000006	52.242200000000004	52.3196	52.336099999999995	52.3925	52.5436	52.593199999999996	52.783100000000005	52.7845	52.840900000000005	53.1413	53.3224	53.674	53.8632	54.2217	54.534800000000004	54.991299999999995	55.407700000000006	55.884299999999996	56.4968	57.143699999999995	57.6368	58.368900000000004	59.1403	59.7852	60.6094	61.340700000000005	62.2746	62.928399999999996	63.6815
Sor-ACeb_008-Ex1-3F-lcwgs-1-3-L2-fastp	46.9272	35.8286	36.8532	35.5642	36.0267	35.4758	35.138999999999996	35.6744	36.1297	35.52	38.5065	38.1618	37.4307	37.1834	37.067699999999995	36.8405	36.9822	36.9362	37.0105	37.1918	37.2194	37.1776	37.1197	36.8808	36.856899999999996	36.763600000000004	36.6908	36.7456	36.7927	36.8262	36.936099999999996	36.9468	36.9482	36.8674	36.8524	36.7371	36.702600000000004	36.6389	36.6902	36.6928	36.8692	36.903999999999996	37.0	37.0025	37.0626	37.0653	37.1077	37.1543	37.3211	37.5	37.7282	37.960300000000004	38.206	38.310300000000005	38.5453	38.756099999999996	38.9994	39.175399999999996	39.482800000000005	39.7291	40.0949	40.3549	40.6508	40.9829	41.275	41.5527	41.8802	42.1601	42.4606	42.789	43.1709	43.458400000000005	43.809	44.0982	44.4028	44.6685	44.945299999999996	45.136900000000004	45.4128	45.6762	45.9038	46.1087	46.3241	46.5133	46.7103	46.927400000000006	47.0777	47.202	47.4945	47.6072	47.723	47.903400000000005	48.055	48.2868	48.423899999999996	48.6473	48.75	48.993900000000004	49.1552	49.2817	49.5421	49.6243	49.7396	50.0167	50.2004	50.3036	50.4324	50.5691	50.664699999999996	50.818200000000004	50.924499999999995	51.065099999999994	51.2525	51.38890000000001	51.4965	51.64149999999999	51.766	52.03020000000001	52.1571	52.442	52.6529	52.82790000000001	53.152699999999996	53.330200000000005	53.556400000000004	53.9617	54.2168	54.5154	54.8922	55.3426	55.6615	56.1958	56.697900000000004	57.16290000000001	57.6867	58.314	58.808899999999994	59.5507	60.124500000000005	60.8467	61.6425	62.412	63.239999999999995	64.0814	64.9284	65.7225	66.5254	67.41629999999999	68.2949	69.1309
Sor-ACeb_008-Ex1-3F-lcwgs-1-3-L3-fastp	46.9798	35.5334	36.708	35.3269	35.8091	35.2467	34.868	35.445100000000004	35.91	35.295100000000005	38.2475	37.9046	37.1321	36.9291	36.788199999999996	36.6145	36.7479	36.7006	36.7735	36.9499	36.963499999999996	36.9598	36.9031	36.658699999999996	36.5982	36.551	36.4527	36.4879	36.583	36.5676	36.6965	36.7224	36.7237	36.6448	36.5666	36.4569	36.460300000000004	36.3937	36.419200000000004	36.4059	36.5977	36.6285	36.7173	36.7482	36.7357	36.756299999999996	36.787	36.8647	36.9967	37.147000000000006	37.3745	37.5861	37.817499999999995	37.912099999999995	38.130900000000004	38.3426	38.531	38.725500000000004	38.9814	39.272400000000005	39.5946	39.8708	40.171099999999996	40.486	40.7706	41.003099999999996	41.3144	41.6242	41.863099999999996	42.2047	42.605399999999996	42.8707	43.2174	43.5041	43.7809	44.018499999999996	44.2888	44.4946	44.7853	45.0531	45.3251	45.541	45.7763	45.9617	46.1729	46.3703	46.5262	46.803200000000004	46.916000000000004	47.1278	47.3139	47.523199999999996	47.7044	47.8653	48.145900000000005	48.283500000000004	48.4535	48.620200000000004	48.8211	48.9993	49.1456	49.3461	49.4758	49.628699999999995	49.7766	49.7986	49.9365	50.1365	50.197599999999994	50.32640000000001	50.452200000000005	50.4595	50.6638	50.7897	50.7561	50.8688	50.9856	51.0597	51.2853	51.42719999999999	51.6087	51.816700000000004	52.0849	52.2142	52.4798	52.739599999999996	52.9933	53.321200000000005	53.58690000000001	53.8571	54.303000000000004	54.7423	55.2688	55.6727	56.252100000000006	56.767900000000004	57.348	57.9542	58.5912	59.311800000000005	60.097699999999996	60.864399999999996	61.6548	62.5739	63.3646	64.2388	65.008	65.898	66.7323	67.4615
Sor-ACeb_009-Ex1-4F-lcwgs-1-3-L2-fastp	48.675000000000004	38.2645	39.075700000000005	38.0011	38.9051	38.351600000000005	38.153999999999996	38.5099	39.0568	38.4898	41.2512	40.8725	40.3014	40.0757	39.9702	39.772200000000005	39.9915	39.7276	39.9731	39.964499999999994	40.098	40.0192	40.0528	39.785199999999996	39.8239	39.689099999999996	39.6284	39.6376	39.7175	39.6635	39.7562	39.6807	39.7237	39.664100000000005	39.670899999999996	39.4903	39.5266	39.3557	39.4859	39.4123	39.6474	39.67	39.8219	39.887699999999995	40.0908	40.1058	40.3396	40.4257	40.7376	40.9419	41.2545	41.4848	41.829699999999995	42.0338	42.355599999999995	42.692	42.9017	43.1607	43.3832	43.6987	43.960100000000004	44.1535	44.449600000000004	44.7043	44.92	45.1254	45.4079	45.562599999999996	45.835300000000004	46.1217	46.2824	46.5123	46.794999999999995	46.984700000000004	47.2155	47.3921	47.6245	47.7226	47.9327	48.0754	48.1898	48.2868	48.3971	48.552	48.6151	48.8553	48.9184	48.9604	49.288	49.411100000000005	49.492599999999996	49.6872	49.7465	50.0715	50.1778	50.4629	50.6011	50.8556	51.0163	51.090199999999996	51.3791	51.364399999999996	51.410599999999995	51.60829999999999	51.683	51.6883	51.707499999999996	51.6892	51.6482	51.7417	51.6495	51.7043	51.8645	51.9587	52.06229999999999	52.2601	52.4559	52.8046	52.9983	53.547	53.950900000000004	54.3013	54.9219	55.3653	55.824200000000005	56.47839999999999	57.0665	57.6468	58.2499	58.994	59.6152	60.3665	61.16819999999999	61.8274	62.537200000000006	63.363899999999994	63.973800000000004	64.9243	65.6129	66.3814	67.2759	68.0798	68.9137	69.76790000000001	70.6387	71.40530000000001	72.1821	73.0348	73.8365	74.60329999999999
Sor-ACeb_009-Ex1-4F-lcwgs-1-3-L3-fastp	48.6543	37.988699999999994	38.8587	37.775	38.7459	38.1299	37.8669	38.2267	38.7502	38.245400000000004	41.0217	40.5964	39.9504	39.8514	39.6724	39.4782	39.7178	39.5448	39.6313	39.7982	39.847100000000005	39.707	39.8115	39.4476	39.567600000000006	39.474399999999996	39.339800000000004	39.3123	39.374900000000004	39.250600000000006	39.4683	39.440999999999995	39.426899999999996	39.352199999999996	39.282000000000004	39.2125	39.149699999999996	39.0565	39.1401	39.0545	39.298899999999996	39.299499999999995	39.5151	39.5981	39.7058	39.7464	39.92	40.1	40.2531	40.5624	40.8119	40.9893	41.375	41.5608	41.8872	42.121900000000004	42.4189	42.6009	42.7611	43.0651	43.3701	43.6752	43.8649	44.1014	44.3253	44.4674	44.7758	44.9449	45.1143	45.3026	45.6913	45.9038	46.1116	46.274300000000004	46.375	46.6015	46.7269	46.8346	47.055	47.2784	47.4582	47.5874	47.7152	47.9742	48.0371	48.2057	48.2792	48.5545	48.692	48.8968	49.033100000000005	49.3287	49.5274	49.710300000000004	50.0413	50.2051	50.373999999999995	50.58240000000001	50.7626	51.0063	51.0007	51.1134	51.157300000000006	51.253099999999996	51.188100000000006	51.1697	51.1273	51.1459	51.0578	51.088100000000004	51.0601	50.9702	51.0977	51.15070000000001	51.1676	51.35530000000001	51.546499999999995	51.73720000000001	52.142999999999994	52.423500000000004	52.8359	53.28810000000001	53.81	54.15839999999999	54.7557	55.3114	55.824600000000004	56.473600000000005	57.0584	57.621900000000004	58.342000000000006	59.0434	59.807900000000004	60.4899	61.1941	61.9476	62.7494	63.48780000000001	64.239	65.0703	65.9482	66.7225	67.6095	68.4821	69.31739999999999	70.16980000000001	70.9026	71.8021	72.6033	73.2514
Sor-ACeb_010-Ex1-5F-lcwgs-1-3-L2-fastp	47.4457	36.2657	38.717400000000005	38.0392	38.5828	38.155699999999996	37.9563	38.393100000000004	38.960899999999995	37.987300000000005	41.0065	40.915099999999995	39.962900000000005	39.8117	39.7697	39.5719	39.8649	39.6851	39.6661	40.1215	39.934799999999996	39.921299999999995	39.9462	39.7231	39.8378	39.8096	39.5426	39.901399999999995	39.7685	39.717200000000005	39.9155	39.9871	39.989200000000004	40.0605	39.9212	39.9049	39.8857	39.7947	39.8294	39.7607	39.7891	39.8208	39.806999999999995	39.8856	40.0125	39.905	39.9451	39.9214	39.792100000000005	39.974399999999996	40.0048	40.065200000000004	40.2704	40.075300000000006	40.2393	40.4493	40.4951	40.5224	40.6914	40.748	40.9589	40.9961	41.1989	41.5208	41.6518	41.8312	42.1146	42.3337	42.5636	42.737	43.1162	43.343399999999995	43.5974	43.8033	44.1113	44.3296	44.6752	44.805	45.050200000000004	45.4043	45.623599999999996	45.712199999999996	46.048	46.2591	46.422999999999995	46.671	46.779700000000005	46.97	47.2905	47.273399999999995	47.473	47.6131	47.7142	47.8946	48.026	48.159600000000005	48.2837	48.3928	48.5253	48.6835	48.8699	48.9305	49.080200000000005	49.3342	49.5039	49.6453	49.8065	49.9701	50.0895	50.2882	50.3939	50.5513	50.786	50.8756	51.00170000000001	51.1753	51.2595	51.4586	51.580999999999996	51.722100000000005	51.84910000000001	51.9574	52.1331	52.2009	52.3065	52.45910000000001	52.5463	52.674200000000006	52.8071	53.008900000000004	53.1235	53.34140000000001	53.549800000000005	53.7856	53.973800000000004	54.317899999999995	54.5604	54.998000000000005	55.2904	55.7635	56.291000000000004	56.802600000000005	57.4249	58.0556	58.7183	59.3687	59.996	60.7788	61.557399999999994	62.2684
Sor-ACeb_010-Ex1-5F-lcwgs-1-3-L3-fastp	47.5519	36.036	38.5702	37.8087	38.3727	37.9629	37.7087	38.181	38.7769	37.7791	40.8157	40.6775	39.6777	39.609100000000005	39.5074	39.3701	39.670899999999996	39.4921	39.4511	39.921	39.7153	39.7218	39.7549	39.5002	39.626099999999994	39.6073	39.3424	39.675399999999996	39.5591	39.501799999999996	39.7029	39.7829	39.7886	39.8658	39.6905	39.6749	39.6636	39.581	39.583	39.515299999999996	39.5687	39.5724	39.5824	39.677299999999995	39.7513	39.6756	39.6991	39.6856	39.5605	39.7322	39.747	39.799	40.0177	39.8033	39.9655	40.1756	40.1957	40.2221	40.3502	40.448	40.6285	40.6824	40.861399999999996	41.1798	41.308099999999996	41.4563	41.7555	41.9655	42.1574	42.3407	42.742599999999996	42.9393	43.2039	43.4021	43.6777	43.891799999999996	44.2263	44.3414	44.6089	44.961600000000004	45.205600000000004	45.303399999999996	45.6559	45.8593	46.0436	46.2723	46.3657	46.639599999999994	46.8781	46.9188	47.1275	47.3228	47.416000000000004	47.5408	47.7716	47.8532	48.019400000000005	48.0663	48.2249	48.4184	48.5341	48.6579	48.8027	48.9955	49.1457	49.221399999999996	49.4247	49.6025	49.731500000000004	49.9232	50.053000000000004	50.118300000000005	50.3497	50.4261	50.4501	50.5765	50.6421	50.7099	50.879200000000004	50.918	51.054500000000004	51.184	51.3186	51.334999999999994	51.4653	51.5064	51.615	51.7676	51.80329999999999	51.8161	52.0574	52.196799999999996	52.4289	52.6212	52.867	53.0929	53.4003	53.7278	54.063	54.51089999999999	54.996199999999995	55.5003	56.10770000000001	56.7553	57.3434	58.070299999999996	58.64620000000001	59.4056	60.097500000000004	60.7175
Sor-ACeb_011-Ex1-6F-lcwgs-1-3-L2-fastp	63.189499999999995	51.918200000000006	49.1877	50.1649	52.0433	50.589600000000004	50.056900000000006	52.183800000000005	51.26579999999999	50.497800000000005	54.803900000000006	54.0304	53.4176	53.715500000000006	52.452799999999996	52.6942	53.4702	52.42059999999999	52.6678	53.4752	52.2447	52.552200000000006	53.22090000000001	52.0759	52.3757	53.0875	51.991299999999995	52.3997	53.1101	52.076699999999995	52.437	53.2331	52.0919	52.4339	53.14020000000001	52.053799999999995	52.369600000000005	53.1061	51.9949	52.3331	53.1083	52.0828	52.4333	53.1342	52.051700000000004	52.3746	53.0832	52.076	52.376900000000006	53.08619999999999	52.0889	52.41440000000001	53.157900000000005	52.1216	52.4747	53.2127	52.1575	52.5179	53.2029	52.243399999999994	52.63099999999999	53.30780000000001	52.356	52.7829	53.4737	52.535900000000005	52.8564	53.62479999999999	52.6596	53.043099999999995	53.7653	52.853300000000004	53.26070000000001	53.923100000000005	53.08389999999999	53.41010000000001	54.140600000000006	53.2144	53.60979999999999	54.2845	53.41630000000001	53.7238	54.40469999999999	53.55760000000001	53.9229	54.5236	53.672200000000004	53.9886	54.5956	53.7563	54.059999999999995	54.5981	53.76840000000001	54.0941	54.5664	53.798100000000005	54.06999999999999	54.6218	53.849599999999995	54.0709	54.618199999999995	53.843700000000005	54.079100000000004	54.586	53.89960000000001	54.1635	54.58840000000001	53.9817	54.1874	54.670300000000005	53.9945	54.205499999999994	54.699600000000004	54.0821	54.282799999999995	54.693999999999996	54.1131	54.4018	54.7423	54.2435	54.4287	54.81589999999999	54.3061	54.496500000000005	54.8245	54.3416	54.50580000000001	54.832300000000004	54.3819	54.5145	54.853300000000004	54.4415	54.61	54.981199999999994	54.51970000000001	54.737100000000005	55.072900000000004	54.72430000000001	54.93789999999999	55.3287	55.1079	55.3523	55.8531	55.6131	55.9753	56.4883	56.2893	56.709900000000005	57.233900000000006	57.17640000000001
Sor-ACeb_011-Ex1-6F-lcwgs-1-3-L3-fastp	63.7757	51.8377	49.351	50.29900000000001	52.18620000000001	50.7561	50.1542	52.383	51.453700000000005	50.6749	55.0031	54.140600000000006	53.49080000000001	53.913199999999996	52.5582	52.85379999999999	53.665099999999995	52.5751	52.7965	53.6837	52.3752	52.7223	53.4145	52.197	52.5293	53.2757	52.1455	52.5385	53.291	52.226099999999995	52.590199999999996	53.385000000000005	52.2374	52.6085	53.29970000000001	52.195100000000004	52.534000000000006	53.2786	52.064	52.491	53.257	52.2104	52.548399999999994	53.298	52.133799999999994	52.5165	53.2378	52.214499999999994	52.525800000000004	53.258799999999994	52.2216	52.5457	53.30160000000001	52.223600000000005	52.5904	53.3304	52.2365	52.6162	53.2779	52.3416	52.72019999999999	53.42	52.4231	52.871	53.5514	52.587700000000005	52.9083	53.6975	52.68429999999999	53.0672	53.827999999999996	52.8561	53.3037	53.9841	53.0717	53.3987	54.14099999999999	53.1663	53.603199999999994	54.283	53.436099999999996	53.729800000000004	54.4327	53.567699999999995	53.933299999999996	54.566199999999995	53.6442	54.026399999999995	54.62479999999999	53.8032	54.083400000000005	54.6683	53.8103	54.1202	54.6508	53.819300000000005	54.1208	54.684900000000006	53.8733	54.1307	54.678000000000004	53.906600000000005	54.13869999999999	54.6434	53.880300000000005	54.1482	54.6076	53.9755	54.2135	54.6953	54.024499999999996	54.2015	54.7111	54.0531	54.223	54.6391	53.99699999999999	54.26069999999999	54.625800000000005	54.038	54.245900000000006	54.674	54.0991	54.2576	54.6246	54.0526	54.2512	54.6126	54.0664	54.1376	54.5231	54.0251	54.2355	54.6122	54.1256	54.30120000000001	54.697399999999995	54.2557	54.488899999999994	54.87069999999999	54.5934	54.8365	55.3628	55.0858	55.375600000000006	55.9412	55.672	56.0928	56.555699999999995	56.361799999999995
Sor-ACeb_012-Ex1-7F-lcwgs-1-3-L2-fastp	46.869699999999995	35.5012	37.2598	36.1714	36.682900000000004	36.114000000000004	35.9003	35.8952	36.6511	36.0045	38.791199999999996	38.7725	37.9491	37.6749	37.7076	37.4023	37.7748	37.537	37.4321	38.068999999999996	37.8816	37.926	37.8282	37.623200000000004	37.727500000000006	37.6651	37.330000000000005	37.775999999999996	37.5479	37.5664	37.756	37.8353	37.851800000000004	37.940400000000004	37.823299999999996	37.7734	37.755100000000006	37.658199999999994	37.6933	37.595600000000005	37.708000000000006	37.7202	37.7301	37.7838	37.9747	37.8624	37.8093	37.8177	37.640499999999996	37.872699999999995	37.9504	38.060300000000005	38.2963	38.0876	38.290400000000005	38.464999999999996	38.5992	38.580999999999996	38.7496	38.872800000000005	39.0845	39.0957	39.3675	39.7128	39.8348	40.0544	40.366800000000005	40.5499	40.8605	41.0412	41.4618	41.7378	42.0469	42.2655	42.6644	42.8879	43.3146	43.4732	43.778800000000004	44.1664	44.441900000000004	44.588699999999996	44.954499999999996	45.2524	45.467400000000005	45.7697	45.9284	46.164300000000004	46.529199999999996	46.575	46.8078	46.9906	47.1462	47.356500000000004	47.5124	47.6806	47.8647	47.963	48.138999999999996	48.2914	48.4685	48.5611	48.722	48.9674	49.1549	49.2983	49.445899999999995	49.612	49.7335	49.9034	50.015	50.1601	50.3846	50.483599999999996	50.62370000000001	50.7911	50.9374	51.119800000000005	51.281299999999995	51.468	51.6131	51.7551	51.981100000000005	52.0773	52.203599999999994	52.4276	52.532599999999995	52.6884	52.873000000000005	53.0829	53.2293	53.4813	53.6817	53.9342	54.1331	54.4616	54.7015	55.129099999999994	55.421299999999995	55.879400000000004	56.386	56.8726	57.4989	58.0984	58.7693	59.421	60.0504	60.833099999999995	61.631	62.353
Sor-ACeb_012-Ex1-7F-lcwgs-1-3-L3-fastp	46.983999999999995	35.2734	37.129	35.9881	36.5104	35.9556	35.694700000000005	35.7324	36.5044	35.8405	38.6291	38.610699999999994	37.7223	37.5173	37.493500000000004	37.242399999999996	37.632	37.385000000000005	37.2739	37.927699999999994	37.7139	37.7656	37.7088	37.4373	37.568	37.4973	37.1657	37.5923	37.3759	37.4148	37.595299999999995	37.6813	37.7068	37.806400000000004	37.6098	37.5813	37.586000000000006	37.473299999999995	37.5087	37.4005	37.505300000000005	37.5255	37.5373	37.61	37.7382	37.665	37.6	37.6166	37.4373	37.6373	37.7228	37.8157	38.0428	37.8322	38.0064	38.2128	38.3247	38.2821	38.4231	38.5559	38.7421	38.7581	39.0192	39.3707	39.4805	39.6807	39.9988	40.1899	40.424	40.6175	41.0599	41.3136	41.6273	41.8313	42.1996	42.4193	42.8526	42.9674	43.3239	43.717	44.0292	44.1629	44.5765	44.85	45.0715	45.362700000000004	45.5233	45.858399999999996	46.1501	46.224900000000005	46.4781	46.6972	46.8724	47.019800000000004	47.2837	47.4095	47.6249	47.6691	47.8641	48.054	48.1431	48.3054	48.471	48.6549	48.8116	48.8776	49.0571	49.2543	49.3654	49.555	49.6846	49.7392	49.9784	50.0579	50.0738	50.213499999999996	50.3232	50.3962	50.58709999999999	50.6822	50.8238	51.0054	51.17230000000001	51.218300000000006	51.3845	51.4694	51.6106	51.7902	51.8612	51.9012	52.1355	52.30629999999999	52.544999999999995	52.742900000000006	52.9973	53.2138	53.507099999999994	53.831300000000006	54.1508	54.5783	55.0548	55.5348	56.127	56.7701	57.34160000000001	58.058299999999996	58.639399999999995	59.3928	60.091899999999995	60.7473
Sor-ACeb_013-Ex1-8F-lcwgs-1-3-L2-fastp	51.095400000000005	41.6359	41.0559	41.3998	42.336800000000004	41.5811	41.2171	42.196	42.1911	41.3936	44.5503	44.5334	43.638	43.7191	43.1086	43.094100000000005	43.705	43.0546	43.1179	43.982	43.241099999999996	43.4632	43.742599999999996	43.075	43.2459	43.620799999999996	42.8212	43.4572	43.5249	43.0858	43.3134	43.8317	43.3188	43.5688	43.667899999999996	43.2405	43.3463	43.6378	43.1898	43.2616	43.5919	43.2348	43.2821	43.7055	43.3698	43.3863	43.7066	43.2185	43.134699999999995	43.6917	43.2204	43.4238	43.9191	43.1983	43.4297	43.966	43.4503	43.587399999999995	44.0094	43.5601	43.8056	44.1518	43.845	44.2414	44.5778	44.2934	44.6098	45.1122	44.85	45.0941	45.7461	45.4975	45.8266	46.325	46.1761	46.4499	47.1124	46.785700000000006	47.1288	47.7992	47.5551	47.749900000000004	48.3983	48.2319	48.497	49.0494	48.7607	49.0901	49.675999999999995	49.2757	49.5842	50.0031	49.7612	50.011799999999994	50.39979999999999	50.1715	50.381299999999996	50.6908	50.436499999999995	50.6883	51.013200000000005	50.7239	50.937	51.392700000000005	51.1717	51.3363	51.708200000000005	51.461400000000005	51.649699999999996	52.012100000000004	51.74680000000001	51.9295	52.3506	52.1162	52.2686	52.6302	52.4174	52.6427	52.961999999999996	52.7719	52.956	53.249199999999995	53.09739999999999	53.1851	53.4645	53.30970000000001	53.408100000000005	53.6767	53.5076	53.607400000000005	53.854	53.712199999999996	53.823699999999995	54.152100000000004	53.96189999999999	54.15839999999999	54.4421	54.4207	54.614200000000004	55.068	55.1213	55.470600000000005	56.0419	56.1778	56.7057	57.2909	57.4771	58.086000000000006	58.828199999999995	59.1348
Sor-ACeb_013-Ex1-8F-lcwgs-1-3-L3-fastp	51.734700000000004	41.706500000000005	41.2445	41.5007	42.475	41.7171	41.2991	42.3585	42.3632	41.5099	44.729600000000005	44.6447	43.7157	43.8832	43.2109	43.2361	43.8846	43.204100000000004	43.2458	44.1532	43.3592	43.5946	43.9215	43.1906	43.3815	43.7823	42.9567	43.562400000000004	43.6855	43.2091	43.459199999999996	43.9715	43.4547	43.718	43.8051	43.3457	43.4682	43.7757	43.269400000000005	43.359700000000004	43.7288	43.332	43.4081	43.851800000000004	43.4434	43.4905	43.8215	43.3335	43.2496	43.823499999999996	43.3118	43.5004	44.0354	43.281	43.5193	44.0612	43.5184	43.6589	44.0636	43.6119	43.8501	44.216	43.8617	44.266299999999994	44.6136	44.2805	44.602399999999996	45.1139	44.7712	45.043499999999995	45.7213	45.418	45.773599999999995	46.2626	46.0698	46.3414	47.0043	46.6352	47.0069	47.7045	47.4458	47.6486	48.3331	48.133900000000004	48.3996	48.953	48.6224	49.0082	49.567899999999995	49.1773	49.4946	49.9529	49.681999999999995	49.8988	50.375099999999996	50.081900000000005	50.325900000000004	50.60940000000001	50.34610000000001	50.626400000000004	50.935900000000004	50.644	50.8647	51.2902	51.024800000000006	51.1498	51.573	51.314400000000006	51.522800000000004	51.918	51.6417	51.7567	52.2105	51.9236	52.0193	52.35379999999999	52.1014	52.2285	52.61	52.32940000000001	52.5239	52.85490000000001	52.6581	52.697300000000006	53.0238	52.754900000000006	52.8725	53.174600000000005	52.8945	52.8729	53.23480000000001	52.9828	53.138200000000005	53.4232	53.258	53.36729999999999	53.703199999999995	53.5905	53.8084	54.2393	54.2403	54.5723	55.1468	55.25600000000001	55.7133	56.36560000000001	56.474500000000006	57.0715	57.727	57.9133
Sor-ACeb_014-Ex1-9F-lcwgs-1-3-L2-fastp	47.4482	36.349	38.048500000000004	37.359700000000004	37.9782	37.408500000000004	37.105700000000006	37.640299999999996	38.1598	37.285000000000004	40.3467	40.3908	39.427	39.2416	39.096199999999996	38.9099	39.298	39.0232	38.9917	39.6556	39.335	39.396100000000004	39.3744	39.1117	39.190599999999996	39.2588	38.8422	39.326	39.1897	39.117000000000004	39.2899	39.4677	39.383	39.4582	39.3403	39.2499	39.2498	39.216	39.174	39.131899999999995	39.2612	39.223	39.225100000000005	39.337	39.3986	39.2809	39.3405	39.231700000000004	39.0741	39.3739	39.3337	39.4461	39.7192	39.388	39.5446	39.8073	39.756	39.7703	39.9927	39.9718	40.1587	40.2648	40.361599999999996	40.7228	40.8348	40.9188	41.2014	41.4461	41.613499999999995	41.8177	42.2386	42.3942	42.6495	42.9219	43.1599	43.3846	43.816500000000005	43.8346	44.1045	44.5422	44.701800000000006	44.8165	45.2341	45.4326	45.624900000000004	45.9472	46.0004	46.2401	46.6624	46.597899999999996	46.8045	47.0673	47.1282	47.3513	47.5404	47.642	47.8265	47.950700000000005	48.033	48.2319	48.4514	48.480000000000004	48.639700000000005	48.9609	49.0633	49.2243	49.4302	49.5374	49.6812	49.8951	49.9493	50.118700000000004	50.3928	50.4366	50.578100000000006	50.8022	50.8354	51.057900000000004	51.2252	51.3184	51.464200000000005	51.646300000000004	51.7687	51.856100000000005	52.0232	52.1307	52.2439	52.3871	52.5042	52.6807	52.8196	52.9817	53.1615	53.433699999999995	53.508	53.8172	54.0524	54.3671	54.6303	55.039300000000004	55.466499999999996	55.8836	56.4609	56.9751	57.545	58.1601	58.646	59.3561	60.1001	60.691300000000005
Sor-ACeb_014-Ex1-9F-lcwgs-1-3-L3-fastp	47.6722	36.1933	37.9576	37.188700000000004	37.8329	37.2693	36.9166	37.4985	38.034099999999995	37.1252	40.2119	40.2233	39.211600000000004	39.1064	38.9109	38.7736	39.1611	38.8874	38.8251	39.5245	39.1744	39.254400000000004	39.2567	38.9486	39.0384	39.1265	38.7069	39.1596	39.0488	38.9565	39.1409	39.3367	39.2337	39.3245	39.1747	39.0703	39.097500000000004	39.061299999999996	38.996700000000004	38.954299999999996	39.0907	39.0472	39.048899999999996	39.1886	39.2117	39.1001	39.1672	39.0607	38.9044	39.2004	39.122099999999996	39.2444	39.5174	39.1806	39.3254	39.5987	39.5259	39.536	39.7301	39.724	39.894	40.0096	40.0812	40.4522	40.5563	40.6119	40.891	41.1563	41.2565	41.476400000000005	41.9216	42.0351	42.3164	42.5801	42.7877	43.0033	43.433	43.4312	43.7131	44.163599999999995	44.337700000000005	44.4625	44.8966	45.0868	45.2745	45.596599999999995	45.6451	45.933099999999996	46.299099999999996	46.2752	46.5	46.7987	46.8489	47.0308	47.3136	47.3663	47.578700000000005	47.6562	47.755199999999995	47.9872	48.1487	48.2181	48.3962	48.67	48.7303	48.835699999999996	49.0858	49.208200000000005	49.3644	49.5731	49.6575	49.7421	50.0251	50.0344	50.1	50.2723	50.2915	50.3968	50.6119	50.6248	50.7627	50.9794	51.065099999999994	51.096399999999996	51.28939999999999	51.29939999999999	51.41630000000001	51.5995	51.6107	51.615	51.8844	51.9466	52.15729999999999	52.3901	52.5072	52.7089	52.997499999999995	53.222899999999996	53.5057	53.9049	54.2875	54.6861	55.25449999999999	55.7711	56.2616	56.9369	57.3716	58.05970000000001	58.708499999999994	59.207100000000004
Sor-ACeb_015-Ex1-10F-lcwgs-1-3-L2-fastp	47.8337	36.4142	38.2939	37.6044	38.0863	37.689699999999995	37.437599999999996	37.9301	38.5049	37.4874	40.5746	40.4461	39.4728	39.2755	39.1948	39.048	39.3492	39.1347	39.1042	39.5815	39.400600000000004	39.401	39.3762	39.1492	39.3037	39.2651	38.994299999999996	39.3674	39.190599999999996	39.1661	39.3653	39.4133	39.44	39.471000000000004	39.3898	39.3298	39.3235	39.2669	39.2543	39.2034	39.245999999999995	39.2322	39.2598	39.3424	39.4743	39.3754	39.3881	39.3253	39.18	39.412000000000006	39.3936	39.4855	39.7194	39.507799999999996	39.7213	39.905499999999996	40.0119	39.9968	40.2168	40.2459	40.4979	40.5516	40.7692	41.1113	41.324	41.4867	41.815400000000004	42.0966	42.3397	42.5146	42.990899999999996	43.2098	43.5116	43.7411	44.0691	44.3177	44.757799999999996	44.8782	45.1673	45.5555	45.7396	45.9029	46.2786	46.503299999999996	46.6886	46.9508	47.088	47.3106	47.6347	47.6049	47.801100000000005	47.9292	48.052099999999996	48.249399999999994	48.3187	48.485499999999995	48.5981	48.667500000000004	48.823100000000004	48.955	49.1418	49.189699999999995	49.3152	49.5476	49.7393	49.844	49.9948	50.1745	50.285599999999995	50.472899999999996	50.54260000000001	50.7105	50.9439	50.9866	51.0803	51.25999999999999	51.32679999999999	51.5096	51.645300000000006	51.7367	51.8371	51.9668	52.078599999999994	52.1658	52.249	52.4236	52.471199999999996	52.593599999999995	52.7278	52.9161	53.0405	53.222899999999996	53.4511	53.709799999999994	53.8571	54.2133	54.455299999999994	54.9065	55.244899999999994	55.737899999999996	56.289699999999996	56.8562	57.5052	58.1746	58.8528	59.587500000000006	60.2398	61.1043	61.9414	62.712
Sor-ACeb_015-Ex1-10F-lcwgs-1-3-L3-fastp	47.993	36.2184	38.1795	37.4574	37.9019	37.5539	37.241	37.790099999999995	38.3556	37.3334	40.4128	40.2868	39.2212	39.116099999999996	39.0036	38.886900000000004	39.1939	38.9559	38.9527	39.439600000000006	39.2168	39.2778	39.2423	39.016	39.1556	39.1169	38.7886	39.2204	39.0232	38.996399999999994	39.203500000000005	39.3048	39.2881	39.3751	39.1929	39.1546	39.1727	39.1001	39.056400000000004	39.027899999999995	39.0712	39.0823	39.0472	39.1554	39.2401	39.1692	39.1806	39.1764	39.0058	39.1726	39.1738	39.3005	39.528999999999996	39.2802	39.494099999999996	39.6682	39.740700000000004	39.7504	39.9136	39.9935	40.2341	40.2643	40.466800000000006	40.8847	40.999	41.1606	41.4806	41.7287	41.976400000000005	42.1962	42.592200000000005	42.8584	43.1537	43.3689	43.6862	43.947199999999995	44.282199999999996	44.4031	44.7631	45.153999999999996	45.402	45.5127	45.8778	46.123599999999996	46.3194	46.562	46.7111	46.9653	47.2202	47.2651	47.4964	47.6588	47.7748	47.910000000000004	48.0949	48.168	48.3605	48.3749	48.524	48.7145	48.831599999999995	48.916	49.071999999999996	49.2477	49.362	49.4644	49.6833	49.839099999999995	49.9763	50.1562	50.265899999999995	50.333000000000006	50.56270000000001	50.5679	50.5923	50.7011	50.749	50.829299999999996	51.010200000000005	50.9779	51.092499999999994	51.220200000000006	51.3377	51.349199999999996	51.469	51.49589999999999	51.5869	51.70099999999999	51.7456	51.75189999999999	52.0088	52.09780000000001	52.339800000000004	52.5443	52.778400000000005	53.0034	53.3709	53.660799999999995	54.008199999999995	54.492200000000004	55.036300000000004	55.5208	56.1962	56.8974	57.5061	58.2602	58.906099999999995	59.7131	60.4355	61.1379
Sor-ACeb_016-Ex1-11F-lcwgs-1-3-L2-fastp	49.341	40.2874	41.8845	41.7361	41.9539	41.666199999999996	41.396100000000004	42.1653	42.5332	41.3344	44.2338	44.135000000000005	43.1488	43.0097	42.9773	42.7989	43.1292	42.8671	42.8964	43.313	43.0937	43.0429	43.1524	42.8983	43.0518	43.010999999999996	42.7721	43.093199999999996	42.973299999999995	42.855199999999996	43.0654	43.1524	43.1349	43.1256	43.072300000000006	43.0418	43.005300000000005	42.9307	42.9203	42.9019	42.9651	42.950700000000005	42.9533	43.0847	43.1562	43.1109	43.194500000000005	43.1652	43.1203	43.282	43.304700000000004	43.3855	43.5988	43.4182	43.6127	43.8454	43.884	43.9176	44.0996	44.0929	44.288	44.3486	44.5049	44.7752	44.9379	44.9916	45.2438	45.4483	45.632600000000004	45.7512	46.103300000000004	46.2766	46.5009	46.6743	46.9126	47.0936	47.3902	47.4512	47.6781	48.0094	48.1244	48.213699999999996	48.4954	48.6494	48.7995	49.0241	49.0803	49.276399999999995	49.5913	49.5159	49.688900000000004	49.8617	49.9037	50.1008	50.2358	50.3531	50.476600000000005	50.59	50.6903	50.804300000000005	50.9702	51.0087	51.0985	51.3391	51.471599999999995	51.5424	51.6643	51.7339	51.7653	51.9261	51.9135	52.0439	52.253099999999996	52.3184	52.382799999999996	52.5991	52.675000000000004	52.872699999999995	53.0434	53.1986	53.36729999999999	53.54600000000001	53.728500000000004	53.862	54.02400000000001	54.2652	54.4037	54.6041	54.8103	55.06490000000001	55.2462	55.5545	55.815099999999994	56.1141	56.34289999999999	56.7332	57.023999999999994	57.4744	57.7959	58.2765	58.796400000000006	59.2977	59.930099999999996	60.4869	61.1233	61.742200000000004	62.309099999999994	63.010299999999994	63.7632	64.41829999999999
Sor-ACeb_016-Ex1-11F-lcwgs-1-3-L3-fastp	49.405	39.9692	41.646300000000004	41.441	41.6237	41.349999999999994	41.0441	41.8386	42.2195	40.982800000000005	43.8839	43.7263	42.6981	42.680299999999995	42.5039	42.482	42.762299999999996	42.5491	42.5086	42.964	42.7526	42.6721	42.8527	42.5263	42.691	42.6704	42.4145	42.6735	42.6102	42.483599999999996	42.7244	42.7779	42.794	42.7868	42.6242	42.6093	42.646499999999996	42.546499999999995	42.5079	42.4294	42.4826	42.4627	42.564600000000006	42.6846	42.7541	42.6979	42.7886	42.7703	42.6963	42.838	42.8077	42.8475	43.1194	42.88	43.0979	43.3463	43.2949	43.2513	43.4295	43.4413	43.589	43.645	43.7655	44.0765	44.1795	44.1952	44.5411	44.678200000000004	44.714999999999996	44.901799999999994	45.3621	45.5594	45.7889	45.8947	46.050200000000004	46.1942	46.4932	46.5437	46.821	47.2154	47.4261	47.5192	47.847	48.0545	48.2025	48.4381	48.489900000000006	48.7678	49.0253	49.004	49.2224	49.4146	49.4736	49.6342	49.855199999999996	49.904199999999996	50.09	50.1364	50.2903	50.4478	50.52759999999999	50.6282	50.7287	50.8852	50.9769	51.0031	51.161199999999994	51.2901	51.3377	51.514700000000005	51.568099999999994	51.575	51.8004	51.844699999999996	51.8232	51.981100000000005	52.040600000000005	52.0962	52.33409999999999	52.39660000000001	52.5501	52.7632	52.9022	52.9743	53.1671	53.2841	53.4455	53.6907	53.8009	53.8855	54.169599999999996	54.3871	54.6745	54.9153	55.206	55.4897	55.8574	56.1805	56.548	57.0245	57.499599999999994	57.994299999999996	58.579800000000006	59.2027	59.7521	60.43809999999999	60.9509	61.657399999999996	62.320100000000004	62.8807
Sor-ACeb_017-Ex1-12F-lcwgs-1-3-L2-fastp	49.8392	42.3336	42.8475	42.8637	43.03	42.8553	42.5287	43.0438	43.4282	42.623	45.0118	45.0734	44.1985	44.1305	43.976	43.8602	44.0559	43.9058	43.8955	44.320100000000004	44.1209	44.1259	44.1562	43.9823	44.027899999999995	44.0906	43.7481	44.1002	43.919399999999996	43.8726	44.0194	44.1862	44.091	44.1575	44.036500000000004	44.0283	43.9683	43.9063	43.885999999999996	43.8703	43.918600000000005	43.9421	43.9433	44.1005	44.1637	44.146800000000006	44.1906	44.2129	44.133	44.3399	44.3599	44.502399999999994	44.7355	44.616099999999996	44.7671	45.0592	45.09	45.1714	45.401799999999994	45.4903	45.6322	45.7637	45.9147	46.23	46.4031	46.5555	46.8163	47.0443	47.214600000000004	47.4081	47.7498	47.928599999999996	48.140699999999995	48.3555	48.5963	48.7726	49.0829	49.1858	49.3836	49.701299999999996	49.8029	49.9168	50.17700000000001	50.3417	50.4596	50.7151	50.7629	50.9397	51.1894	51.2268	51.343700000000005	51.495599999999996	51.5377	51.737	51.844699999999996	52.0069	52.109300000000005	52.248000000000005	52.343799999999995	52.464299999999994	52.6533	52.6654	52.7471	53.026399999999995	53.161899999999996	53.2388	53.3455	53.4455	53.4554	53.617000000000004	53.5713	53.7015	53.88810000000001	53.9508	54.050399999999996	54.2733	54.3388	54.578199999999995	54.6971	54.8875	55.0525	55.2278	55.433	55.586800000000004	55.7616	56.008100000000006	56.1745	56.4233	56.658500000000004	56.9987	57.2034	57.5696	57.8801	58.25470000000001	58.540499999999994	59.016000000000005	59.3302	59.864	60.26089999999999	60.8151	61.386799999999994	61.9557	62.610699999999994	63.2545	63.9166	64.592	65.2008	65.955	66.71430000000001	67.3967
Sor-ACeb_017-Ex1-12F-lcwgs-1-3-L3-fastp	49.656800000000004	41.8555	42.4471	42.3723	42.538199999999996	42.4323	42.010999999999996	42.5576	42.9751	42.1269	44.5051	44.407799999999995	43.477	43.607600000000005	43.2524	43.3396	43.594899999999996	43.4386	43.3525	43.848	43.5882	43.6197	43.6884	43.4358	43.5023	43.5364	43.1477	43.4356	43.2927	43.2866	43.4566	43.627500000000005	43.531	43.5685	43.3191	43.318	43.3465	43.3194	43.2059	43.0712	43.097	43.167699999999996	43.2869	43.5085	43.5102	43.5362	43.513200000000005	43.5697	43.4563	43.6536	43.5482	43.6778	43.9421	43.754799999999996	43.9036	44.251000000000005	44.115	44.1583	44.3825	44.4958	44.6149	44.7648	44.8699	45.225	45.323600000000006	45.4596	45.7281	45.942899999999995	45.8851	46.2082	46.6974	46.925	47.1455	47.179300000000005	47.3346	47.4283	47.7095	47.795100000000005	48.0827	48.5054	48.676700000000004	48.8913	49.2255	49.4786	49.621500000000005	49.912600000000005	49.966100000000004	50.269200000000005	50.4804	50.5184	50.719899999999996	50.9174	51.0039	51.172399999999996	51.3953	51.46469999999999	51.603500000000004	51.6922	51.780300000000004	52.011799999999994	52.1033	52.205999999999996	52.280899999999995	52.501	52.5848	52.58429999999999	52.754999999999995	52.877300000000005	52.9368	53.099	53.1868	53.213100000000004	53.4147	53.4311	53.444199999999995	53.591	53.6366	53.685	53.919399999999996	54.0092	54.14679999999999	54.3353	54.543200000000006	54.60810000000001	54.8241	54.9825	55.192600000000006	55.428200000000004	55.5843	55.7612	56.0758	56.33709999999999	56.694	57.009	57.3807	57.71079999999999	58.148999999999994	58.546	58.9863	59.5283	60.094	60.6393	61.2714	62.0086	62.61449999999999	63.338899999999995	63.8861	64.6625	65.3596	65.9496
Sor-ACeb_018-Ex1-1G-lcwgs-1-3-L2-fastp	46.571600000000004	36.9946	39.3785	38.9075	39.2113	38.868	38.5925	39.071	39.6164	38.7163	41.289500000000004	41.3663	40.4618	40.339999999999996	40.2908	40.1488	40.4352	40.2622	40.2177	40.6886	40.4616	40.4187	40.421800000000005	40.2474	40.3648	40.3109	40.0469	40.4441	40.2812	40.225100000000005	40.4056	40.5124	40.4938	40.562799999999996	40.4251	40.452799999999996	40.4088	40.3333	40.3321	40.2954	40.2937	40.3067	40.2682	40.374300000000005	40.483599999999996	40.401399999999995	40.4179	40.4097	40.2572	40.4212	40.4097	40.4401	40.605799999999995	40.3931	40.5194	40.7216	40.7128	40.656	40.8313	40.8028	40.9519	40.9054	41.0715	41.347	41.4112	41.5299	41.787800000000004	41.9318	42.1288	42.2393	42.5939	42.7838	42.966100000000004	43.1301	43.4244	43.5994	43.9545	44.0526	44.2783	44.6241	44.7965	44.8667	45.1939	45.3945	45.5171	45.7665	45.8451	46.0606	46.370400000000004	46.299800000000005	46.4973	46.6611	46.7646	46.889199999999995	47.0078	47.143299999999996	47.2719	47.326	47.4674	47.6318	47.7504	47.8174	47.9602	48.1795	48.3478	48.5077	48.6697	48.8138	48.967	49.1519	49.3068	49.5174	49.7535	49.8961	50.058800000000005	50.282700000000006	50.4451	50.610299999999995	50.826499999999996	50.99979999999999	51.1591	51.3406	51.50599999999999	51.6177	51.7589	51.9293	52.0595	52.107499999999995	52.296600000000005	52.505100000000006	52.550200000000004	52.8033	52.900400000000005	53.1102	53.286100000000005	53.49040000000001	53.684200000000004	53.949000000000005	54.144800000000004	54.5098	54.8878	55.2539	55.7611	56.183899999999994	56.798	57.2443	57.7615	58.396300000000004	59.0593	59.682100000000005
Sor-ACeb_018-Ex1-1G-lcwgs-1-3-L3-fastp	46.7155	36.8117	39.2575	38.697199999999995	38.996399999999994	38.6774	38.3606	38.858599999999996	39.4448	38.5103	41.100500000000004	41.112	40.1832	40.137299999999996	40.028999999999996	39.960499999999996	40.254400000000004	40.0662	40.0175	40.4791	40.2414	40.2294	40.2462	40.0335	40.157399999999996	40.1265	39.8458	40.2159	40.0919	40.0141	40.2108	40.3228	40.2831	40.3938	40.2287	40.2464	40.2091	40.1441	40.1344	40.0901	40.112500000000004	40.1061	40.0598	40.1682	40.230900000000005	40.1691	40.2087	40.1936	40.0245	40.1624	40.123	40.1225	40.326699999999995	40.0667	40.2019	40.4394	40.3856	40.3383	40.461000000000006	40.463100000000004	40.5997	40.5751	40.6948	40.9891	41.039500000000004	41.1203	41.3929	41.5327	41.6826	41.7942	42.187999999999995	42.3822	42.5756	42.7115	42.9746	43.149100000000004	43.473299999999995	43.5601	43.8159	44.2086	44.4112	44.4914	44.8755	45.0978	45.231	45.4801	45.5916	45.866299999999995	46.1622	46.1529	46.3762	46.603899999999996	46.6803	46.8441	47.0362	47.1413	47.2883	47.3386	47.5279	47.6817	47.7987	47.9227	48.048	48.2753	48.348	48.4998	48.6654	48.831	48.9775	49.1135	49.2305	49.3481	49.5661	49.6461	49.7346	49.8382	50.0135	50.081399999999995	50.280899999999995	50.4516	50.4915	50.7081	50.875899999999994	50.8289	51.0424	51.111	51.1591	51.3119	51.3584	51.334199999999996	51.544900000000005	51.629599999999996	51.7921	51.9348	52.194799999999994	52.2561	52.5107	52.768800000000006	52.98929999999999	53.338699999999996	53.74830000000001	54.09119999999999	54.594500000000004	55.0472	55.5185	56.0647	56.483399999999996	57.128	57.6731	58.1931
Sor-ACeb_019-Ex1-3G-lcwgs-1-3-L2-fastp	47.917500000000004	37.478	38.6556	37.2969	38.0345	37.385600000000004	37.2174	37.553799999999995	38.273	37.3061	40.3638	40.2159	38.949600000000004	39.1049	39.158500000000004	38.639	39.3286	38.973600000000005	39.0938	39.2139	39.6909	39.2343	39.042	39.0309	38.8109	38.6778	38.4172	38.6667	38.7998	38.761	39.1289	39.0032	39.1178	38.8682	39.1881	38.8035	38.7795	38.751799999999996	38.4375	39.164	38.8793	38.8812	39.034600000000005	39.2546	39.3008	39.413599999999995	39.291599999999995	38.8516	38.9884	39.774100000000004	39.602199999999996	40.1937	40.5542	40.140100000000004	40.6633	40.5247	40.9609	41.3103	41.3935	41.608000000000004	42.060900000000004	41.9666	42.267900000000004	42.2236	42.850300000000004	43.4215	43.5509	43.4585	44.0186	44.1	44.0963	44.3237	44.534400000000005	44.6712	45.7582	45.207300000000004	45.37	45.6066	45.7619	45.81	46.213	46.5698	46.516200000000005	46.5809	46.6012	47.2113	46.6844	47.2335	47.2279	47.0745	47.5699	47.5348	47.6161	47.9729	48.0487	48.0691	48.2983	49.2707	48.5479	49.0082	48.9694	49.120999999999995	49.4704	49.3428	49.751400000000004	49.9861	49.8604	50.2708	49.9991	50.306	50.4779	50.6664	50.8236	51.0528	51.5039	51.777499999999996	51.4429	52.0197	51.9938	52.4707	52.444900000000004	52.8072	53.713	53.4357	53.652	54.347100000000005	54.4858	55.16609999999999	55.5247	55.789100000000005	56.133	56.9205	57.2662	57.5065	58.1905	58.763600000000004	58.83389999999999	59.663900000000005	60.1224	60.654799999999994	61.3961	62.2077	63.2244	63.67	64.6923	65.197	65.8939	66.687	67.3174	68.31009999999999
Sor-ACeb_019-Ex1-3G-lcwgs-1-3-L3-fastp	48.7206	36.7593	39.4099	37.4878	38.0509	37.567299999999996	37.7326	37.5429	38.8222	37.2429	40.6219	40.3097	39.1528	39.2262	38.9447	38.761	38.5957	39.513999999999996	38.259100000000004	39.2324	39.7343	39.6854	39.2262	39.5507	39.1344	38.9691	39.6731	39.128299999999996	38.9324	38.6631	39.012	38.926300000000005	39.2446	39.7772	38.730399999999996	39.036500000000004	38.9814	39.8384	39.7282	38.6263	39.3915	39.3609	39.2507	39.165	39.465	39.4772	39.5262	38.9814	39.263	38.7243	39.4466	39.8874	40.3893	40.2547	40.6403	40.003699999999995	41.13	41.307500000000005	41.5095	40.9709	41.185100000000006	41.4606	41.8707	42.2258	42.538	43.5174	42.8195	43.0277	42.9542	42.899100000000004	43.9459	43.884699999999995	44.521300000000004	44.8763	45.0294	44.8151	45.7517	45.1334	45.1947	46.3333	46.119	45.311	46.645399999999995	46.9882	46.7067	46.8658	47.5759	47.3433	47.4167	47.8881	47.545300000000005	47.7657	47.7779	48.463499999999996	48.8859	49.314400000000006	49.0695	49.0695	49.3572	49.289899999999996	49.951	49.761300000000006	50.110200000000006	49.8898	49.4613	49.9694	50.2204	49.6633	49.7429	50.899899999999995	50.2571	50.5448	50.4285	51.371199999999995	50.0184	51.1325	51.1325	51.450799999999994	51.4875	52.2282	52.8465	51.7018	53.0668	53.1832	53.4525	53.1648	54.107499999999995	53.874900000000004	53.844300000000004	54.0952	54.94	55.3624	55.7297	56.3235	56.8315	56.7275	57.3825	58.1538	58.919	59.469899999999996	61.171600000000005	60.883900000000004	61.3553	62.3041	63.66309999999999	63.70590000000001	64.6425	65.2853	66.5524	66.3504
Sor-ACeb_020-Ex1-2G-lcwgs-1-3-L2-fastp	55.131	48.569	45.2505	46.8459	47.6358	47.3508	45.251200000000004	48.6914	46.8001	47.1542	49.8	50.06119999999999	47.8421	50.0922	47.6761	48.6669	48.9326	49.0435	47.5109	50.165400000000005	47.7734	48.8082	48.753	48.8018	47.4775	50.009	47.629599999999996	48.574400000000004	48.7691	48.7624	47.528	50.171299999999995	47.497499999999995	48.681999999999995	48.7169	48.8782	47.2999	49.8366	47.5742	48.5987	48.7934	48.7837	47.5522	49.8406	47.5332	48.580600000000004	48.4718	48.662	47.7521	49.923899999999996	47.931000000000004	48.8347	48.8463	49.114200000000004	48.024499999999996	50.157700000000006	48.369299999999996	49.2443	49.6182	49.6246	48.9529	50.818200000000004	49.3557	50.3069	50.67230000000001	50.5679	50.248000000000005	51.944100000000006	50.6446	51.442699999999995	51.722	51.6188	51.4298	52.7917	51.669	52.607899999999994	52.7501	52.7837	52.348099999999995	53.4458	52.6952	53.0962	53.276500000000006	53.1712	52.794399999999996	53.743399999999994	52.9188	53.254000000000005	53.5385	53.339099999999995	52.8689	53.7018	52.980199999999996	53.140699999999995	53.393299999999996	53.3941	53.1239	53.756499999999996	52.9032	53.3114	53.49699999999999	53.542199999999994	53.2286	53.97149999999999	53.407700000000006	53.82599999999999	54.1184	53.954899999999995	53.909099999999995	54.4987	54.109300000000005	54.371	54.6788	54.7446	54.7042	55.1508	54.848200000000006	55.1763	55.376099999999994	55.293800000000005	55.3029	55.646300000000004	55.1567	55.539899999999996	55.6785	55.6067	55.5948	55.8133	55.556700000000006	55.814	56.23010000000001	56.2655	56.4083	56.908	56.89959999999999	57.2514	57.550900000000006	57.9507	58.0873	58.726800000000004	59.074400000000004	59.609199999999994	60.2178	60.589400000000005	61.29	61.8533	62.134100000000004	62.8965	63.5734	64.01050000000001
Sor-ACeb_020-Ex1-2G-lcwgs-1-3-L3-fastp	55.521100000000004	48.930099999999996	45.285199999999996	47.0085	47.6651	47.7104	45.31	48.9352	46.8732	47.2865	49.8128	50.124100000000006	48.0751	50.23	47.7973	48.9234	49.0243	49.2552	47.7234	50.2569	47.8363	48.9754	48.8721	48.8344	47.487	49.9505	47.7478	48.9186	48.771300000000004	48.7945	47.834500000000006	50.110200000000006	47.7943	48.863299999999995	48.9041	48.904399999999995	47.5543	50.03680000000001	47.4133	48.8425	48.7719	48.7184	47.590500000000006	49.9665	47.5522	48.8947	48.7447	48.8733	47.7113	50.0595	47.882200000000005	48.9992	48.9491	49.0466	48.201899999999995	50.122299999999996	48.4431	49.459599999999995	49.3663	49.5411	48.870000000000005	50.8535	49.131099999999996	50.196200000000005	50.5718	50.463100000000004	50.0027	51.8902	50.3236	51.3963	51.668000000000006	51.629000000000005	51.2281	52.8243	51.4986	52.311600000000006	52.562799999999996	52.445699999999995	52.309799999999996	53.3532	52.23219999999999	53.1198	53.02869999999999	53.006299999999996	52.75300000000001	53.8643	52.9185	53.58690000000001	53.37460000000001	53.45100000000001	52.992700000000006	53.8459	53.0794	53.518600000000006	53.4848	53.50899999999999	53.242999999999995	54.026700000000005	53.205000000000005	53.586	53.546400000000006	53.762299999999996	53.5156	54.4228	53.6639	53.913500000000006	53.9513	54.0826	54.0192	54.731399999999994	53.8815	54.4883	54.3857	54.4089	54.3126	54.84250000000001	54.1375	54.4886	54.631099999999996	54.5185	54.312000000000005	54.9786	54.2969	54.54900000000001	54.51820000000001	54.5055	54.5215	54.68730000000001	54.1529	54.54599999999999	54.817099999999996	54.6607	54.9276	55.411500000000004	55.256099999999996	55.7068	56.019600000000004	56.597699999999996	56.5835	57.3368	57.5617	58.374700000000004	58.769000000000005	59.3299	59.792699999999996	60.424299999999995	60.650400000000005	61.5341	62.14809999999999	62.5605
Sor-ACeb_021-Ex1-4G-lcwgs-1-3-L2-fastp	49.5045	38.9439	40.6007	39.6021	40.6309	39.549099999999996	40.759499999999996	40.0787	41.6295	39.534000000000006	42.5902	42.370799999999996	42.2044	40.8352	41.1831	41.198299999999996	41.394999999999996	40.8276	41.047	41.8791	41.8413	41.5236	41.5614	41.4555	41.6976	41.9775	41.1378	40.7217	41.4177	40.7066	41.5916	41.637	41.7808	40.9865	41.3723	40.7671	40.4872	41.5463	41.1605	41.3193	41.4177	40.2375	42.3254	41.3269	42.242200000000004	41.7808	42.363299999999995	42.4011	41.6446	42.628	42.1288	42.1439	42.454	42.4313	43.127300000000005	43.203	43.2484	44.1259	43.793	43.581199999999995	43.2257	44.7311	43.9595	45.4043	45.6615	44.5268	44.7689	45.3892	44.5419	46.6299	45.5556	46.826499999999996	46.5012	46.4786	46.4861	46.3046	46.5618	47.7192	47.3107	47.0535	47.4469	47.794799999999995	46.5996	48.278999999999996	47.9537	47.409	48.4	48.1958	48.8917	48.869099999999996	48.8312	49.1111	47.855399999999996	48.7102	48.7858	49.7693	49.8676	49.534800000000004	49.0657	50.2459	49.565	50.3064	50.5938	49.9735	50.434999999999995	50.904	51.433499999999995	51.025	51.0023	51.516799999999996	50.6544	51.9404	51.463800000000006	51.73609999999999	51.826899999999995	52.0312	52.0236	52.9238	53.3323	53.241499999999995	53.4155	53.8392	53.6274	54.70159999999999	55.2235	54.8983	56.638200000000005	56.744099999999996	56.5928	57.712399999999995	58.1285	57.9696	58.4008	59.648999999999994	60.186099999999996	60.579499999999996	60.9275	61.396499999999996	61.578	62.8414	62.8943	63.181799999999996	64.88390000000001	64.6721	66.533	67.1836	67.3879	67.2819	68.7117	69.1429
Sor-ACeb_021-Ex1-4G-lcwgs-1-3-L3-fastp	50.064699999999995	39.0888	40.3055	39.244099999999996	39.6842	39.3735	38.312200000000004	41.1597	39.8395	40.2278	42.8682	43.4377	41.0303	42.1175	40.7455	40.6679	41.781	41.7033	42.661100000000005	42.247	41.7551	41.910399999999996	41.3668	39.658300000000004	39.968900000000005	41.5221	40.564299999999996	41.5221	39.3218	41.0821	40.7196	41.1856	41.2115	41.1597	41.2374	40.0466	41.8587	39.3994	40.253699999999995	40.9526	41.910399999999996	41.6257	41.004400000000004	41.315000000000005	41.781	40.2278	43.1789	40.7714	39.632400000000004	41.9881	42.7388	40.6938	42.324600000000004	43.644800000000004	43.0494	43.1012	42.5317	43.2048	42.8941	42.945899999999995	43.2306	44.3438	43.3601	44.499100000000006	44.162600000000005	43.7743	42.945899999999995	44.292	44.3179	45.7417	45.198	45.8711	45.5604	44.757999999999996	44.8874	46.0782	46.2076	47.2172	46.9065	48.6151	45.4828	47.4761	47.942	47.8902	47.942	47.4761	49.7282	47.942	47.3207	49.6246	48.9775	50.453	47.294799999999995	51.2555	49.1846	49.3399	49.314	50.22	49.1846	49.805899999999994	50.7378	51.126099999999994	50.58240000000001	51.617900000000006	50.60829999999999	50.4271	50.530699999999996	51.3849	52.601600000000005	51.152	49.158699999999996	51.540299999999995	50.5048	50.5048	50.7895	52.601600000000005	52.1874	50.944900000000004	51.566100000000006	54.0771	52.808699999999995	53.1452	52.8605	53.818299999999994	53.533500000000004	53.32639999999999	56.717600000000004	54.6984	55.8892	54.80199999999999	56.3552	56.6399	57.1318	58.426100000000005	59.0474	56.89880000000001	59.3321	58.684999999999995	60.7559	59.59100000000001	61.4807	61.196	62.6974	61.9984	64.14699999999999	63.836400000000005	65.4414	66.3733	67.61580000000001	65.6485
Sor-ACeb_022-Ex1-5G-lcwgs-1-3-L2-fastp	54.561800000000005	43.6526	42.9342	42.9929	44.154700000000005	43.065799999999996	42.6178	44.0169	43.6788	43.205	46.6089	46.1395	45.4542	45.5321	44.8874	44.994499999999995	45.4849	44.9887	45.1329	45.7343	45.079	45.1312	45.4645	44.8278	44.8917	45.2479	44.650600000000004	44.8947	45.325199999999995	44.8633	45.0242	45.5377	44.900099999999995	45.0529	45.379599999999996	44.8817	44.9561	45.3674	44.8135	45.005	45.4575	44.8962	45.0088	45.4754	44.8812	44.987899999999996	45.3715	44.8643	44.9652	45.4247	44.9705	45.2127	45.6847	45.1491	45.3489	45.8964	45.3289	45.6685	46.151599999999995	45.8254	46.084199999999996	46.6742	46.3092	46.6759	47.1778	46.8879	47.260400000000004	47.7966	47.477799999999995	47.8879	48.4346	48.1876	48.5188	49.0155	48.8137	49.1413	49.6308	49.327799999999996	49.6369	50.098600000000005	49.8351	50.0757	50.4448	50.1562	50.3162	50.7431	50.368	50.56420000000001	50.8527	50.5475	50.668	50.9275	50.63609999999999	50.760400000000004	51.0621	50.7489	50.8117	51.1806	50.8156	50.989	51.3463	51.022800000000004	51.154999999999994	51.548899999999996	51.3804	51.595400000000005	51.8963	51.7085	51.9308	52.2757	52.1908	52.3973	52.7489	52.61090000000001	52.7893	53.1505	52.94839999999999	53.154900000000005	53.410599999999995	53.302400000000006	53.48650000000001	53.7165	53.5608	53.6797	53.87929999999999	53.751599999999996	53.865300000000005	54.02289999999999	53.894200000000005	54.204699999999995	54.3728	54.421	54.6394	54.968399999999995	55.0248	55.3404	55.656099999999995	55.884100000000004	56.2082	56.706900000000005	57.003099999999996	57.558299999999996	58.135400000000004	58.5248	59.2079	59.7818	60.124599999999994	60.8694	61.5889	62.0371
Sor-ACeb_022-Ex1-5G-lcwgs-1-3-L3-fastp	55.2628	43.8183	43.2054	43.207	44.3817	43.337900000000005	42.795899999999996	44.3142	43.9822	43.4425	46.8981	46.3964	45.6602	45.7992	45.1182	45.3048	45.811	45.284400000000005	45.3699	45.9733	45.359500000000004	45.3964	45.7817	45.0406	45.1275	45.5631	44.9095	45.144	45.609899999999996	45.0996	45.306200000000004	45.7902	45.156400000000005	45.3453	45.6882	45.1306	45.205600000000004	45.5921	45.0374	45.242599999999996	45.692899999999995	45.1712	45.2415	45.719100000000005	45.0811	45.2312	45.598	45.0722	45.1748	45.649699999999996	45.1325	45.353100000000005	45.846199999999996	45.3318	45.516	46.0771	45.5264	45.786500000000004	46.2462	45.9481	46.1852	46.7986	46.3957	46.7685	47.2769	46.9242	47.301300000000005	47.8823	47.5373	47.8802	48.4693	48.1908	48.539100000000005	49.0533	48.7834	49.101099999999995	49.5829	49.2525	49.5676	50.0697	49.8017	50.14110000000001	50.52179999999999	50.2412	50.417699999999996	50.8594	50.492000000000004	50.7876	51.153499999999994	50.8458	50.969699999999996	51.310599999999994	51.0085	51.2066	51.522999999999996	51.21639999999999	51.2937	51.6159	51.354699999999994	51.5379	51.851	51.588699999999996	51.6657	52.087399999999995	51.7906	51.9742	52.336499999999994	52.1384	52.3038	52.583	52.420199999999994	52.5583	52.82019999999999	52.630500000000005	52.7081	52.936899999999994	52.729400000000005	52.844199999999994	53.095000000000006	52.9032	52.9352	53.2652	53.014399999999995	52.9663	53.2471	53.0327	53.04879999999999	53.3324	53.077	53.1482	53.4246	53.34290000000001	53.5977	53.9064	53.9944	54.217999999999996	54.6597	54.7883	55.1821	55.7024	55.9694	56.4979	57.101800000000004	57.5252	58.0776	58.717699999999994	58.984899999999996	59.6954	60.3437	60.6684
