Sample	1	2	3	4	5	6	7	8	9	10	11	12	13	14	15	16	17	18	19	20	21	22	23	24	25	26	27	28	29	30	31	32	33	34	35	36	37	38	39	40	41	42	43	44	45	46	47	48	49	50	51	52	53	54	55	56	57	58	59	60	61	62	63	64	65	66	67	68	69	70	71	72	73	74	75	76	77	78	79	80	81	82	83	84	85	86	87	88	89	90	91	92	93	94	95	96	97	98	99	100	101	102	103	104	105	106	107	108	109	110	111	112	113	114	115	116	117	118	119	120	121	122	123	124	125	126	127	128	129	130	131	132	133	134	135	136	137	138	139	140	141	142	143	144	145	146	147	148	149	150
Sor-CPnd_001-Ex1-3E-lcwgs-1-3.clmp.r1r2_fastp	38.7177	39.0839	39.3989	39.3948	39.5377	39.491	39.5007	39.5447	39.5791	39.5715	39.5767	39.5573	39.5526	39.538	39.485	39.5324	39.5703	39.4865	39.5059	39.5623	39.5627	39.579	39.588	39.5895	39.584	39.497	39.5094	39.4926	39.4916	39.5005	39.4729	39.4858	39.472	39.4819	39.4848	39.4762	39.4781	39.449	39.4461	39.453	39.4398	39.4365	39.4319	39.4228	39.4178	39.4218	39.418	39.4112	39.4245	39.4049	39.382	39.3973	39.3729	39.3714	39.3667	39.3621	39.3771	39.358	39.3123	39.2815	39.3277	39.337	39.3155	39.3139	39.2954	39.2937	39.2891	39.2876	39.2667	39.2645	39.2464	39.2391	39.241	39.2298	39.2099	39.2148	39.2115	39.1997	39.1699	39.1767	39.1685	39.1743	39.1191	39.1325	39.0918	39.1484	39.1285	39.1318	39.0991	39.1038	39.0758	39.0332	39.0406	39.0437	39.0488	39.0207	39.0185	38.9943	38.9874	38.9727	38.9773	38.9214	38.9309	38.9183	38.9076	38.8965	38.903	38.8711	38.8731	38.8711	38.8505	38.8362	38.8422	38.8168	38.7996	38.7844	38.7655	38.7492	38.7373	38.7514	38.7307	38.7154	38.6567	38.6624	38.6625	38.6481	38.6568	38.5879	38.6228	38.592	38.5925	38.5624	38.5766	38.5515	38.4805	38.5312	38.5204	38.4594	38.4861	38.5026	38.477	38.4623	38.4285	38.4218	38.4153	38.4414	38.4643	38.4994	38.5944	39.2404
Sor-CPnd_002-Ex1-5E-lcwgs-1-3.clmp.r1r2_fastp	38.6371	39.1613	39.4714	39.4368	39.5877	39.5294	39.5493	39.607	39.6148	39.6229	39.6251	39.6008	39.6002	39.5947	39.5303	39.5897	39.6231	39.5359	39.5558	39.6162	39.6162	39.627	39.6361	39.6353	39.6304	39.5567	39.5685	39.5515	39.5496	39.559	39.5329	39.5434	39.5314	39.5396	39.5419	39.5304	39.5385	39.5055	39.5058	39.5125	39.4961	39.4962	39.4893	39.48	39.4721	39.4738	39.4743	39.4668	39.4765	39.4569	39.4371	39.4477	39.4273	39.4265	39.4248	39.4163	39.4282	39.4085	39.3674	39.3355	39.383	39.3893	39.3719	39.3711	39.3479	39.3478	39.334	39.3354	39.3229	39.3168	39.3002	39.2855	39.2942	39.2809	39.259	39.2661	39.2617	39.2505	39.2174	39.2219	39.2139	39.2217	39.1645	39.1772	39.1385	39.1911	39.1713	39.179	39.145	39.149	39.1258	39.0791	39.0924	39.0849	39.0887	39.0683	39.0655	39.0388	39.0346	39.0197	39.0152	38.9654	38.9796	38.9642	38.9447	38.939	38.9414	38.9137	38.9143	38.9124	38.8899	38.8783	38.8789	38.8587	38.845	38.8297	38.8068	38.794	38.7779	38.7951	38.7698	38.752	38.6965	38.7033	38.7084	38.6875	38.7049	38.6372	38.6701	38.6372	38.6337	38.6023	38.6211	38.5953	38.5194	38.5727	38.5658	38.5056	38.5317	38.5369	38.5132	38.4963	38.4636	38.466	38.4597	38.4822	38.5049	38.5335	38.6361	39.2628
Sor-CPnd_003-Ex1-2B-lcwgs-1-3.clmp.r1r2_fastp	38.5955	39.0854	39.407	39.3984	39.5571	39.4985	39.5108	39.5577	39.5896	39.5856	39.5896	39.5732	39.5653	39.5633	39.4953	39.5476	39.5886	39.4988	39.5193	39.5833	39.5837	39.5994	39.6087	39.6079	39.6033	39.5218	39.5316	39.5149	39.5135	39.5265	39.4973	39.5124	39.4982	39.5077	39.5088	39.4999	39.5075	39.4745	39.4767	39.4798	39.4695	39.4693	39.4613	39.4523	39.446	39.449	39.4472	39.4415	39.4537	39.4355	39.4127	39.4268	39.4076	39.4047	39.3989	39.3955	39.4062	39.389	39.3451	39.3178	39.3616	39.3703	39.3516	39.3519	39.3299	39.3304	39.3192	39.3175	39.3046	39.3001	39.2782	39.2735	39.28	39.2679	39.2474	39.2521	39.2457	39.2366	39.2063	39.2152	39.204	39.2107	39.1555	39.1726	39.1313	39.183	39.1631	39.1696	39.1377	39.1442	39.1145	39.0747	39.0825	39.0856	39.092	39.066	39.0651	39.0433	39.0322	39.016	39.0197	38.9578	38.9776	38.9638	38.951	38.9446	38.941	38.9173	38.9209	38.9195	38.9011	38.8866	38.8846	38.8711	38.852	38.836	38.8196	38.8068	38.7896	38.8116	38.7867	38.7723	38.7133	38.7202	38.7195	38.7094	38.7139	38.6504	38.6891	38.6584	38.6553	38.6274	38.6401	38.6162	38.5439	38.5982	38.5817	38.5248	38.5519	38.565	38.5443	38.5237	38.4875	38.4962	38.4852	38.5092	38.5297	38.5574	38.6484	39.267
Sor-CPnd_004-Ex1-1G-lcwgs-1-3.clmp.r1r2_fastp	38.7324	39.1486	39.4385	39.4267	39.5291	39.5187	39.534	39.5741	39.5974	39.5978	39.5974	39.5713	39.5847	39.5534	39.5241	39.5655	39.5966	39.5199	39.5375	39.5738	39.5776	39.5952	39.606	39.6068	39.6031	39.5279	39.5388	39.5202	39.5201	39.5287	39.503	39.5106	39.4997	39.5062	39.5104	39.4991	39.5048	39.4715	39.4707	39.4772	39.4614	39.4601	39.4546	39.4456	39.4389	39.4396	39.4393	39.4308	39.44	39.4242	39.398	39.4105	39.3867	39.3878	39.3816	39.3745	39.3881	39.3712	39.3247	39.2951	39.3393	39.3449	39.3285	39.3273	39.2997	39.3034	39.2935	39.2913	39.2759	39.2699	39.2507	39.2404	39.2437	39.2334	39.2133	39.2187	39.2133	39.2003	39.1686	39.1783	39.1672	39.1738	39.1173	39.1321	39.086	39.1424	39.1237	39.128	39.0951	39.101	39.0688	39.0304	39.0342	39.0353	39.0374	39.0094	39.0085	38.9833	38.9793	38.9611	38.9593	38.901	38.9196	38.9021	38.8888	38.8796	38.8833	38.8473	38.8548	38.8541	38.8335	38.8167	38.8149	38.797	38.7771	38.7624	38.7437	38.7266	38.7142	38.7297	38.7042	38.6915	38.6311	38.6354	38.6313	38.6199	38.6255	38.5666	38.5969	38.5623	38.5561	38.5323	38.5409	38.5157	38.4416	38.4914	38.4788	38.4196	38.446	38.4526	38.4331	38.415	38.3764	38.3784	38.3786	38.4044	38.4246	38.4666	38.5615	39.2279
Sor-CPnd_005-Ex1-3D-lcwgs-1-3.clmp.r1r2_fastp	38.5616	38.9792	39.323	39.3493	39.5179	39.4673	39.4636	39.5004	39.557	39.5398	39.5475	39.5362	39.5239	39.5109	39.4573	39.4985	39.541	39.455	39.4778	39.5367	39.5404	39.5566	39.5678	39.5678	39.5647	39.4753	39.4838	39.4695	39.4666	39.4787	39.4511	39.466	39.4532	39.46	39.464	39.4544	39.4605	39.4306	39.4296	39.4345	39.4204	39.4199	39.4156	39.4054	39.401	39.4006	39.4015	39.3981	39.4089	39.3901	39.3688	39.3836	39.3613	39.3608	39.3544	39.3498	39.3633	39.345	39.2989	39.2741	39.3179	39.323	39.3079	39.3092	39.282	39.2869	39.2795	39.2759	39.2599	39.2573	39.2385	39.2286	39.2364	39.2279	39.2036	39.2094	39.2072	39.198	39.1641	39.1661	39.1657	39.1662	39.112	39.1273	39.0885	39.1411	39.1247	39.1317	39.1004	39.1016	39.0687	39.0347	39.0404	39.0444	39.047	39.0232	39.0246	38.9967	38.9909	38.9769	38.9782	38.9151	38.9334	38.9218	38.9119	38.8988	38.9077	38.882	38.8802	38.88	38.8563	38.8452	38.8524	38.8263	38.8117	38.7948	38.7748	38.7655	38.7563	38.7694	38.7467	38.7298	38.6765	38.6869	38.6875	38.6763	38.6816	38.6205	38.66	38.6213	38.6209	38.5967	38.6102	38.5839	38.5171	38.5704	38.5543	38.4966	38.5143	38.5403	38.5203	38.5018	38.4643	38.4714	38.4606	38.4881	38.5022	38.5343	38.6186	39.2525
Sor-CPnd_006-Ex1-2D-lcwgs-1-3.clmp.r1r2_fastp	38.6355	39.0972	39.4147	39.4066	39.5561	39.5051	39.5157	39.5651	39.59	39.5894	39.5922	39.5742	39.5694	39.5625	39.5024	39.5557	39.5913	39.5037	39.5249	39.5848	39.5839	39.5993	39.6041	39.606	39.6022	39.5206	39.5306	39.5152	39.5128	39.5222	39.4953	39.5077	39.4974	39.5055	39.5073	39.4967	39.5041	39.4716	39.4726	39.4767	39.4634	39.4616	39.4553	39.4501	39.4416	39.4424	39.4393	39.4341	39.4445	39.427	39.4079	39.4184	39.3985	39.3936	39.3878	39.3829	39.3964	39.3776	39.3356	39.3018	39.3498	39.3589	39.3429	39.3376	39.3144	39.3179	39.3071	39.3045	39.2882	39.2828	39.2657	39.2592	39.2605	39.2507	39.2327	39.2357	39.2306	39.2171	39.1864	39.1935	39.185	39.1909	39.1341	39.1521	39.1075	39.1576	39.1403	39.1452	39.1173	39.121	39.0918	39.0483	39.057	39.0575	39.0615	39.0362	39.036	39.0122	39.0044	38.9898	38.9899	38.9334	38.9468	38.937	38.9193	38.9129	38.9143	38.8866	38.8898	38.8833	38.8653	38.8499	38.8531	38.8335	38.8167	38.7996	38.7794	38.7665	38.7563	38.7658	38.7445	38.7296	38.673	38.6823	38.6801	38.6686	38.6723	38.6096	38.6392	38.6133	38.6055	38.5775	38.5877	38.5669	38.4948	38.5512	38.5357	38.4786	38.4976	38.5146	38.4936	38.4731	38.4368	38.4414	38.4326	38.468	38.4799	38.5133	38.6092	39.2517
Sor-CPnd_007-Ex1-1C-lcwgs-1-3.clmp.r1r2_fastp	38.5515	39.0136	39.3484	39.369	39.494	39.4754	39.4813	39.513	39.5588	39.5506	39.5568	39.5398	39.5394	39.5181	39.4722	39.5154	39.5573	39.4704	39.4915	39.5444	39.5517	39.5655	39.5765	39.5794	39.5751	39.4902	39.5024	39.4901	39.4884	39.4997	39.4659	39.4807	39.4725	39.4793	39.4828	39.4715	39.4788	39.4473	39.4452	39.4501	39.4377	39.4372	39.4291	39.4244	39.4147	39.4203	39.4136	39.4153	39.4217	39.4079	39.3802	39.3922	39.3748	39.3782	39.3685	39.3636	39.38	39.3586	39.3163	39.2888	39.3302	39.3395	39.3211	39.3231	39.2966	39.2976	39.2877	39.2905	39.2752	39.2657	39.2483	39.2426	39.2489	39.2389	39.2164	39.223	39.2143	39.2074	39.173	39.1848	39.1778	39.1843	39.1212	39.1416	39.0948	39.1596	39.1372	39.1459	39.1065	39.1161	39.0854	39.0474	39.0564	39.0567	39.0612	39.0322	39.0352	39.0113	39.014	38.9882	38.9918	38.9399	38.9534	38.9391	38.9248	38.915	38.9256	38.8953	38.8937	38.8982	38.881	38.861	38.8694	38.852	38.836	38.8193	38.7973	38.788	38.7684	38.787	38.7706	38.7542	38.7007	38.7022	38.7073	38.7014	38.6998	38.6456	38.6775	38.6512	38.6398	38.622	38.6318	38.6147	38.5327	38.5868	38.5774	38.5272	38.5505	38.5575	38.5412	38.5257	38.4909	38.4893	38.4867	38.5124	38.525	38.5504	38.6192	39.2581
Sor-CPnd_008-Ex1-1A-lcwgs-1-3.clmp.r1r2_fastp	37.4822	38.5772	39.0886	39.1752	39.3876	39.3611	39.3467	39.3676	39.4683	39.4292	39.4486	39.4561	39.4327	39.42	39.3709	39.3958	39.4612	39.3774	39.3954	39.4621	39.4711	39.4895	39.5054	39.5074	39.508	39.3817	39.3965	39.3805	39.3783	39.3967	39.3684	39.3838	39.3715	39.3818	39.3911	39.3809	39.3883	39.3545	39.3561	39.3645	39.3504	39.353	39.3469	39.3408	39.3361	39.343	39.3396	39.3352	39.3502	39.3327	39.3098	39.3259	39.3026	39.3068	39.3004	39.2986	39.3131	39.2954	39.2524	39.2245	39.2658	39.2793	39.2589	39.2633	39.2362	39.2434	39.2348	39.2351	39.217	39.214	39.194	39.1889	39.1902	39.1832	39.1614	39.1742	39.1646	39.1565	39.1278	39.1357	39.1266	39.135	39.0756	39.0948	39.0544	39.1089	39.0897	39.1034	39.0673	39.073	39.041	39.006	39.0084	39.0151	39.0207	38.9928	38.9955	38.9709	38.9692	38.9537	38.9545	38.8966	38.9093	38.8991	38.8863	38.8797	38.8868	38.8602	38.8615	38.8641	38.8419	38.8352	38.837	38.82	38.8029	38.7898	38.7707	38.7594	38.7505	38.7684	38.7439	38.7382	38.6805	38.6888	38.6894	38.6797	38.6879	38.6281	38.6651	38.6377	38.6356	38.614	38.6268	38.6083	38.5326	38.5938	38.5847	38.5237	38.5548	38.5703	38.5512	38.5363	38.4988	38.5039	38.4977	38.5284	38.5371	38.5642	38.6342	39.2623
Sor-CPnd_009-Ex1-6A-lcwgs-1-3.clmp.r1r2_fastp	38.6032	39.0873	39.4102	39.3818	39.5613	39.484	39.4966	39.5709	39.5908	39.5944	39.5992	39.5885	39.5559	39.5811	39.4846	39.5509	39.5975	39.4944	39.5177	39.6071	39.6064	39.6162	39.6215	39.6215	39.6201	39.5361	39.5505	39.5349	39.5351	39.546	39.5197	39.5327	39.5221	39.5313	39.5345	39.5258	39.5329	39.5042	39.5023	39.5086	39.4958	39.4963	39.4889	39.4848	39.4766	39.4815	39.4804	39.4751	39.4844	39.4692	39.4484	39.4612	39.4412	39.4414	39.4372	39.4316	39.4461	39.4299	39.3878	39.3557	39.4042	39.4125	39.3973	39.3969	39.3726	39.3782	39.3687	39.3668	39.355	39.3514	39.3339	39.3262	39.33	39.3219	39.3022	39.3101	39.3058	39.2955	39.2616	39.2754	39.2663	39.2716	39.2189	39.2379	39.1935	39.2484	39.2312	39.2386	39.2088	39.2151	39.1882	39.15	39.1573	39.16	39.1664	39.1389	39.1451	39.1215	39.1167	39.104	39.1035	39.0517	39.0716	39.057	39.042	39.0389	39.0395	39.0158	39.0211	39.0209	39.003	38.9871	38.9929	38.9737	38.9604	38.9503	38.9304	38.923	38.9096	38.9265	38.9072	38.8994	38.8378	38.8547	38.8527	38.8426	38.8501	38.7884	38.8278	38.797	38.797	38.7735	38.7881	38.7652	38.6955	38.754	38.7391	38.6904	38.7096	38.7255	38.7057	38.6909	38.6608	38.6574	38.6542	38.6797	38.693	38.7128	38.7813	39.3383
Sor-CPnd_010-Ex1-1H-lcwgs-1-3.clmp.r1r2_fastp	38.6848	39.0677	39.3867	39.4009	39.5086	39.4989	39.5094	39.5404	39.5778	39.5729	39.5723	39.5488	39.5586	39.5291	39.4998	39.5343	39.569	39.5017	39.5187	39.5536	39.5552	39.579	39.5929	39.5887	39.5909	39.5072	39.5215	39.5061	39.5017	39.5154	39.4881	39.5003	39.4869	39.4971	39.5041	39.4872	39.4946	39.4655	39.4617	39.4706	39.459	39.4631	39.4557	39.4427	39.438	39.4396	39.4452	39.4399	39.4518	39.4337	39.41	39.4233	39.4011	39.4025	39.3954	39.3935	39.408	39.3914	39.3445	39.3161	39.3641	39.3692	39.3517	39.3529	39.3266	39.3355	39.3194	39.3174	39.3032	39.3018	39.2786	39.2791	39.2812	39.2677	39.2472	39.256	39.2541	39.2498	39.2144	39.2202	39.2127	39.2202	39.1641	39.175	39.1369	39.1891	39.1755	39.1857	39.1567	39.1537	39.1277	39.1006	39.0997	39.0996	39.105	39.0766	39.0813	39.0535	39.0517	39.0346	39.0362	38.9768	38.992	38.9897	38.9681	38.9634	38.9693	38.9364	38.9415	38.9437	38.92	38.9148	38.9051	38.8891	38.8767	38.8585	38.8386	38.8371	38.8205	38.8422	38.823	38.8059	38.7454	38.7566	38.7618	38.7472	38.7578	38.6826	38.7283	38.698	38.6901	38.6682	38.6877	38.6608	38.5893	38.6373	38.6345	38.587	38.5984	38.6172	38.6044	38.5691	38.5348	38.5589	38.5477	38.5686	38.5801	38.5941	38.6819	39.2905
Sor-CPnd_012-Ex1-5B-lcwgs-1-3.clmp.r1r2_fastp	38.5512	39.0892	39.4131	39.3994	39.5634	39.5111	39.5205	39.5725	39.5979	39.5934	39.6001	39.581	39.5752	39.5673	39.5067	39.5606	39.5982	39.5103	39.5323	39.5933	39.5946	39.6099	39.6159	39.6169	39.614	39.5314	39.5415	39.5273	39.5234	39.5361	39.51	39.5225	39.5103	39.5218	39.5235	39.5145	39.5177	39.4888	39.489	39.4931	39.4785	39.4779	39.4735	39.4672	39.4582	39.4626	39.4627	39.452	39.4653	39.4481	39.4242	39.4366	39.4153	39.4162	39.4082	39.408	39.4188	39.4019	39.3562	39.3254	39.3692	39.3789	39.3618	39.3602	39.3392	39.342	39.3315	39.3321	39.3135	39.3114	39.2934	39.2806	39.2885	39.2792	39.2531	39.2629	39.2588	39.2451	39.2107	39.2276	39.2152	39.2184	39.1648	39.183	39.1379	39.1949	39.1732	39.1828	39.1468	39.1515	39.1273	39.0848	39.0889	39.0939	39.0993	39.0705	39.0758	39.0481	39.0409	39.0233	39.0284	38.9703	38.9911	38.9736	38.9609	38.9506	38.9531	38.9303	38.9303	38.9296	38.9105	38.8939	38.9018	38.8842	38.8604	38.8519	38.8329	38.8179	38.8046	38.8226	38.803	38.7858	38.7324	38.7386	38.7341	38.7293	38.7336	38.6669	38.7058	38.6736	38.6708	38.6459	38.6628	38.6334	38.5602	38.6156	38.6086	38.5474	38.5745	38.5863	38.5622	38.5476	38.5171	38.5124	38.5095	38.5359	38.5499	38.583	38.6575	39.2799
Sor-CPnd_013-Ex1-7F-lcwgs-1-3.clmp.r1r2_fastp	38.5863	39.0901	39.4105	39.3747	39.5278	39.4865	39.5015	39.5602	39.5797	39.5824	39.587	39.566	39.5601	39.5513	39.4909	39.5412	39.5845	39.4888	39.5072	39.5806	39.58	39.5947	39.5995	39.6027	39.598	39.5147	39.5305	39.5112	39.5129	39.5208	39.4971	39.5098	39.4968	39.51	39.5088	39.4986	39.5056	39.473	39.4729	39.479	39.4664	39.4664	39.4596	39.4486	39.4394	39.4476	39.4469	39.439	39.4511	39.434	39.4098	39.4227	39.4013	39.4043	39.3939	39.3926	39.407	39.3864	39.345	39.3164	39.3585	39.3667	39.3484	39.3474	39.3245	39.3304	39.3174	39.3188	39.3049	39.3008	39.2776	39.2763	39.2777	39.2668	39.2458	39.2569	39.248	39.2381	39.2024	39.2153	39.2037	39.2132	39.157	39.1754	39.1297	39.1822	39.1633	39.1708	39.1357	39.1431	39.1173	39.0748	39.0829	39.0851	39.0858	39.0634	39.0689	39.04	39.0336	39.016	39.0175	38.9647	38.9725	38.9607	38.9517	38.9454	38.9461	38.9199	38.9173	38.9242	38.9016	38.8869	38.8913	38.8715	38.8487	38.8423	38.8215	38.809	38.7961	38.8153	38.7824	38.7797	38.7221	38.7257	38.7301	38.7115	38.7202	38.6578	38.6874	38.6576	38.6545	38.6349	38.6412	38.6135	38.5497	38.6074	38.5916	38.536	38.5579	38.577	38.5506	38.5336	38.5067	38.5114	38.5024	38.5266	38.5424	38.576	38.6519	39.2735
Sor-CPnd_014-Ex1-1F-lcwgs-1-3.clmp.r1r2_fastp	38.7064	39.096	39.4162	39.4065	39.5227	39.5047	39.5184	39.5534	39.5846	39.581	39.5849	39.5617	39.5669	39.5385	39.5079	39.5483	39.5833	39.5046	39.5237	39.5683	39.5703	39.588	39.6003	39.5985	39.5945	39.517	39.5282	39.5118	39.5086	39.5193	39.4931	39.5045	39.4918	39.5007	39.5043	39.4949	39.4995	39.4666	39.4686	39.4741	39.4602	39.4584	39.4527	39.4438	39.438	39.4404	39.439	39.4304	39.4402	39.4263	39.4039	39.4169	39.3941	39.3921	39.386	39.3829	39.3966	39.3798	39.3353	39.3047	39.3509	39.3571	39.3399	39.3388	39.3142	39.3169	39.3058	39.3062	39.2918	39.2849	39.2653	39.258	39.2632	39.254	39.2317	39.2375	39.2345	39.2249	39.1919	39.199	39.1923	39.1992	39.1434	39.1583	39.117	39.1715	39.1503	39.1586	39.1266	39.129	39.101	39.0628	39.0676	39.0708	39.0753	39.0497	39.0492	39.0223	39.0191	39.0043	39.0041	38.948	38.9637	38.9466	38.9307	38.9259	38.9346	38.9001	38.905	38.9053	38.8878	38.8715	38.8746	38.8544	38.8368	38.8178	38.8048	38.7885	38.7772	38.7949	38.7723	38.7559	38.7015	38.7081	38.709	38.6946	38.7014	38.6416	38.6757	38.6481	38.6407	38.6138	38.6263	38.6018	38.5288	38.5918	38.5748	38.5144	38.5478	38.5571	38.5333	38.5185	38.481	38.4876	38.4827	38.5082	38.5266	38.5545	38.6357	39.2668
Sor-CPnd_015-Ex1-5F-lcwgs-1-3.clmp.r1r2_fastp	38.5736	39.1036	39.4308	39.413	39.5726	39.5181	39.5282	39.5816	39.6005	39.6015	39.6066	39.5876	39.5822	39.5791	39.5129	39.5677	39.6064	39.5169	39.539	39.6026	39.6022	39.6171	39.6229	39.6259	39.6197	39.5428	39.5505	39.536	39.5363	39.5446	39.5202	39.5322	39.522	39.5316	39.5307	39.5207	39.5268	39.4976	39.4979	39.5002	39.4892	39.4876	39.4817	39.4763	39.4693	39.4691	39.4709	39.4635	39.474	39.4564	39.4354	39.4456	39.4235	39.426	39.4178	39.4167	39.4265	39.4091	39.3639	39.3333	39.3797	39.3936	39.3683	39.3737	39.3499	39.3507	39.3428	39.3383	39.3266	39.3205	39.299	39.2909	39.2958	39.2901	39.2665	39.275	39.2666	39.2608	39.224	39.2379	39.2248	39.2319	39.1755	39.1939	39.1464	39.2016	39.1816	39.1925	39.1611	39.1637	39.1351	39.0949	39.1054	39.1062	39.1094	39.0846	39.0869	39.0587	39.0551	39.04	39.0448	38.9873	38.9998	38.9898	38.9771	38.9698	38.9705	38.9374	38.9531	38.9469	38.9301	38.9103	38.918	38.8949	38.879	38.8624	38.8522	38.8301	38.8153	38.8335	38.8137	38.7983	38.7493	38.7521	38.7574	38.7391	38.7477	38.6878	38.723	38.6953	38.6892	38.6665	38.6783	38.6566	38.5789	38.6357	38.6272	38.5704	38.5923	38.6059	38.5844	38.5725	38.5379	38.5379	38.5308	38.5555	38.572	38.6043	38.6849	39.2863
Sor-CPnd_016-Ex1-1B-lcwgs-1-3.clmp.r1r2_fastp	38.1665	38.8651	39.2799	39.3065	39.4579	39.4462	39.4443	39.4666	39.5351	39.5098	39.5208	39.5143	39.5055	39.4823	39.4442	39.4745	39.5268	39.4465	39.466	39.5166	39.5248	39.5419	39.5563	39.5583	39.5579	39.4594	39.4729	39.4607	39.4558	39.4705	39.4434	39.4584	39.4456	39.4551	39.4617	39.4519	39.4576	39.4276	39.4269	39.4347	39.4226	39.4225	39.4175	39.4101	39.4041	39.4107	39.408	39.4025	39.4162	39.4017	39.3771	39.3928	39.3693	39.3716	39.368	39.3642	39.3783	39.3625	39.3166	39.2882	39.3334	39.3451	39.3264	39.3286	39.3019	39.3094	39.2974	39.3005	39.284	39.2798	39.2618	39.2554	39.2598	39.251	39.2316	39.2404	39.235	39.2272	39.1941	39.2051	39.1958	39.2035	39.1482	39.1668	39.1254	39.1781	39.161	39.1714	39.1381	39.143	39.1139	39.0784	39.0807	39.0896	39.0917	39.0676	39.0693	39.0465	39.0436	39.0277	39.0306	38.9741	38.9883	38.9789	38.9646	38.9593	38.9649	38.9376	38.9402	38.945	38.9243	38.9117	38.9159	38.898	38.8847	38.8669	38.8506	38.8425	38.8289	38.8518	38.8279	38.8185	38.7609	38.7724	38.7731	38.7627	38.7712	38.7121	38.7461	38.7215	38.7185	38.6981	38.7075	38.6899	38.6155	38.6746	38.6662	38.6091	38.6359	38.6517	38.6301	38.6181	38.5797	38.586	38.578	38.6057	38.6164	38.6345	38.6961	39.2967
Sor-CPnd_017-Ex1-3G-lcwgs-1-3.clmp.r1r2_fastp	38.6488	39.04	39.372	39.3846	39.5244	39.493	39.5032	39.5416	39.5719	39.5682	39.5759	39.5536	39.5559	39.5331	39.4893	39.5318	39.5704	39.4895	39.5078	39.5631	39.5595	39.5827	39.5922	39.5936	39.5862	39.501	39.5122	39.4963	39.497	39.5052	39.4792	39.4865	39.4752	39.4871	39.4933	39.4802	39.4952	39.4588	39.458	39.4665	39.4529	39.4538	39.4452	39.4374	39.4315	39.4399	39.4314	39.4227	39.436	39.4205	39.3975	39.4083	39.3889	39.3926	39.3879	39.3824	39.394	39.3713	39.3286	39.2984	39.347	39.3631	39.3334	39.3405	39.3221	39.3228	39.3063	39.3125	39.2957	39.289	39.2756	39.2617	39.2712	39.267	39.2455	39.2516	39.2413	39.232	39.2046	39.2094	39.2054	39.201	39.1573	39.1742	39.1292	39.1865	39.1667	39.1742	39.1459	39.1517	39.1158	39.0699	39.0854	39.0893	39.0788	39.0635	39.0634	39.04	39.0406	39.0143	39.0227	38.9627	38.9854	38.9686	38.9552	38.9581	38.9466	38.9254	38.9282	38.9205	38.8984	38.8914	38.897	38.8745	38.8529	38.8372	38.8218	38.8135	38.7961	38.8136	38.7936	38.7752	38.726	38.7242	38.7263	38.7121	38.7104	38.6515	38.6942	38.6644	38.6515	38.6323	38.6519	38.6142	38.5236	38.5878	38.5818	38.5394	38.5492	38.568	38.531	38.5352	38.4831	38.4872	38.4962	38.5132	38.5286	38.5824	38.6426	39.2747
Sor-CPnd_018-Ex1-1E-lcwgs-1-3.clmp.r1r2_fastp	38.7241	39.1263	39.4417	39.4276	39.5373	39.5181	39.5354	39.5733	39.5976	39.5982	39.5975	39.5748	39.582	39.554	39.5181	39.5632	39.5953	39.5149	39.5388	39.581	39.5838	39.6012	39.6077	39.609	39.6065	39.5296	39.5419	39.5243	39.5234	39.5349	39.5093	39.5236	39.5104	39.5186	39.5196	39.5088	39.5149	39.4851	39.4827	39.4869	39.476	39.476	39.4672	39.4605	39.4528	39.455	39.4512	39.448	39.4567	39.4404	39.4186	39.4292	39.4083	39.4087	39.4038	39.3985	39.4094	39.3918	39.3465	39.3187	39.365	39.3707	39.3512	39.3523	39.3278	39.3313	39.3223	39.3188	39.3074	39.2998	39.2826	39.2748	39.278	39.2655	39.2477	39.2489	39.2503	39.2396	39.2031	39.2194	39.2046	39.2136	39.1509	39.1765	39.1226	39.1803	39.1629	39.1717	39.1365	39.1445	39.1185	39.0787	39.0772	39.0862	39.0811	39.0643	39.0622	39.0384	39.0347	39.0161	39.014	38.9621	38.9743	38.9592	38.9439	38.9406	38.9402	38.9165	38.9215	38.9133	38.8919	38.8819	38.8848	38.8634	38.8438	38.8276	38.8133	38.8054	38.7814	38.8012	38.7774	38.7669	38.7113	38.7159	38.7175	38.7039	38.7081	38.6513	38.6794	38.6525	38.6495	38.6195	38.6348	38.6021	38.5362	38.5848	38.5795	38.5156	38.5417	38.5568	38.5369	38.5189	38.4803	38.4816	38.4835	38.4958	38.5208	38.5517	38.6346	39.2647
Sor-CPnd_019-Ex1-6G-lcwgs-1-3.clmp.r1r2_fastp	38.4208	39.1428	39.4518	39.4146	39.5765	39.5134	39.5265	39.6029	39.6112	39.6183	39.6238	39.6108	39.5919	39.5988	39.5232	39.5827	39.6173	39.5275	39.549	39.6194	39.6187	39.6318	39.6369	39.6382	39.634	39.5555	39.5679	39.55	39.5513	39.558	39.5335	39.5436	39.5317	39.5408	39.5453	39.5335	39.538	39.5108	39.5062	39.5114	39.4958	39.4961	39.4912	39.4812	39.4741	39.4751	39.4745	39.4669	39.4767	39.4565	39.4358	39.4458	39.4268	39.4259	39.4173	39.4161	39.4267	39.4072	39.3636	39.3319	39.3772	39.3836	39.3647	39.363	39.3425	39.3434	39.3331	39.3317	39.3158	39.3096	39.2925	39.2818	39.2867	39.2753	39.2546	39.2572	39.2509	39.2418	39.2075	39.2172	39.2088	39.212	39.1571	39.1746	39.1287	39.1804	39.1593	39.1664	39.1319	39.1409	39.1077	39.068	39.0733	39.0744	39.0764	39.053	39.0542	39.0239	39.0192	39.0063	39.0032	38.9426	38.9606	38.9481	38.933	38.9281	38.921	38.8973	38.8962	38.8956	38.8755	38.8606	38.8577	38.8362	38.8215	38.8037	38.7867	38.7712	38.7575	38.772	38.7503	38.7349	38.6752	38.6836	38.6823	38.6653	38.6676	38.6098	38.6432	38.6116	38.6058	38.5771	38.5907	38.5658	38.4866	38.5456	38.5335	38.4766	38.4994	38.5066	38.4845	38.4672	38.4347	38.4351	38.4309	38.4517	38.4765	38.5161	38.6081	39.2518
Sor-CPnd_020-Ex1-2E-lcwgs-1-3.clmp.r1r2_fastp	38.6395	39.1095	39.4213	39.4025	39.561	39.503	39.5147	39.565	39.5943	39.5927	39.5948	39.5761	39.5684	39.5652	39.5033	39.5557	39.5931	39.5064	39.5273	39.5847	39.5865	39.6003	39.6084	39.6076	39.6039	39.5216	39.5335	39.517	39.5126	39.5235	39.4977	39.509	39.4962	39.5031	39.5076	39.4958	39.5036	39.473	39.4715	39.4772	39.4641	39.4636	39.4533	39.4467	39.4393	39.4427	39.4418	39.4315	39.4442	39.4272	39.4044	39.4164	39.3942	39.3925	39.3868	39.3822	39.3949	39.3781	39.3329	39.304	39.3486	39.3553	39.3378	39.3362	39.3121	39.3163	39.3023	39.3008	39.2859	39.2821	39.2635	39.2531	39.2607	39.2508	39.2266	39.2324	39.2273	39.2157	39.1833	39.1906	39.1831	39.1864	39.1331	39.1493	39.1052	39.1562	39.1401	39.1437	39.1122	39.1146	39.0869	39.0478	39.0552	39.0557	39.0625	39.0368	39.0329	39.0119	39.0053	38.9899	38.9878	38.9301	38.9439	38.9335	38.9195	38.9127	38.9128	38.8842	38.8875	38.882	38.8668	38.8498	38.8489	38.833	38.8184	38.7991	38.7801	38.7678	38.7535	38.7651	38.7452	38.7317	38.6775	38.6848	38.6809	38.671	38.6735	38.6125	38.6507	38.6166	38.6113	38.5805	38.5938	38.5762	38.5033	38.5521	38.5356	38.4817	38.5073	38.5185	38.4999	38.4764	38.4456	38.4474	38.4379	38.4695	38.4874	38.5241	38.6173	39.2528
Sor-CPnd_022-Ex1-7C-lcwgs-1-3.clmp.r1r2_fastp	38.4762	39.0042	39.3527	39.3482	39.5167	39.466	39.4785	39.5348	39.5634	39.5619	39.5682	39.5548	39.5378	39.5391	39.4685	39.5191	39.5664	39.4694	39.4901	39.5652	39.5651	39.5804	39.5899	39.5881	39.587	39.4976	39.513	39.4946	39.4932	39.5069	39.4781	39.4912	39.4787	39.4897	39.4928	39.4814	39.4859	39.4535	39.4546	39.4606	39.4456	39.4462	39.4402	39.4309	39.4235	39.4252	39.4248	39.4208	39.432	39.4126	39.391	39.404	39.3823	39.3826	39.3744	39.3701	39.3826	39.3659	39.3217	39.2899	39.3349	39.3476	39.3262	39.3283	39.3	39.3034	39.2907	39.2924	39.2763	39.2695	39.2524	39.2421	39.2471	39.2387	39.2186	39.2225	39.2162	39.2063	39.1761	39.1825	39.1756	39.1789	39.125	39.1418	39.0979	39.1518	39.1275	39.1398	39.1067	39.111	39.0781	39.0385	39.0471	39.0447	39.0524	39.0241	39.0262	38.9983	38.9939	38.9795	38.978	38.9215	38.9361	38.919	38.905	38.903	38.9021	38.8758	38.8796	38.882	38.8551	38.8405	38.8436	38.8246	38.8092	38.791	38.7764	38.76	38.7503	38.7644	38.7375	38.7282	38.6674	38.6791	38.6789	38.6693	38.6694	38.604	38.6442	38.6151	38.604	38.5859	38.5946	38.5721	38.4974	38.5531	38.5412	38.4846	38.5073	38.5222	38.5006	38.4839	38.448	38.4532	38.4488	38.4744	38.4839	38.5173	38.6056	39.2478
Sor-CPnd_024-Ex1-5G-lcwgs-1-3.clmp.r1r2_fastp	38.57	39.1662	39.4618	39.4388	39.5791	39.5352	39.5494	39.6063	39.6183	39.6239	39.622	39.6005	39.6019	39.5903	39.535	39.5919	39.6227	39.5377	39.5602	39.6109	39.6121	39.63	39.6321	39.6334	39.6286	39.5537	39.5643	39.5508	39.5516	39.5612	39.5319	39.5449	39.532	39.5416	39.5438	39.5342	39.5373	39.512	39.5099	39.5135	39.4966	39.4968	39.4968	39.4843	39.4765	39.4816	39.476	39.467	39.4766	39.4614	39.4402	39.447	39.4302	39.4287	39.4222	39.4165	39.4307	39.4143	39.3705	39.3362	39.3837	39.3912	39.3734	39.3729	39.3474	39.3522	39.3413	39.3409	39.3264	39.3176	39.3015	39.2893	39.2948	39.2856	39.2641	39.2708	39.2629	39.2533	39.2152	39.2315	39.2178	39.224	39.1649	39.1803	39.1349	39.194	39.1704	39.1772	39.1393	39.1496	39.1252	39.0764	39.088	39.0856	39.0859	39.0613	39.0608	39.0328	39.0281	39.014	39.0172	38.9557	38.9721	38.9554	38.9452	38.9282	38.9379	38.9094	38.9081	38.9173	38.8807	38.8755	38.8711	38.8542	38.8317	38.8182	38.7978	38.7886	38.7749	38.7824	38.7654	38.7491	38.691	38.6918	38.6994	38.6715	38.6904	38.6207	38.653	38.6374	38.6254	38.5905	38.5982	38.5835	38.5021	38.5624	38.545	38.478	38.5045	38.5254	38.4996	38.485	38.4586	38.4532	38.4382	38.4685	38.4848	38.5288	38.6292	39.2596
Sor-CPnd_026-Ex1-3H-lcwgs-1-3.clmp.r1r2_fastp	38.6172	39.0268	39.3504	39.3723	39.5246	39.4761	39.4802	39.5182	39.5663	39.5513	39.5575	39.5432	39.5339	39.5198	39.4662	39.5064	39.5485	39.4663	39.4897	39.5434	39.5445	39.5606	39.5713	39.5716	39.5679	39.4804	39.4923	39.4765	39.4715	39.485	39.4576	39.4691	39.4571	39.4638	39.4691	39.4597	39.4637	39.4349	39.4302	39.4389	39.4257	39.4247	39.4188	39.4112	39.4027	39.4052	39.4041	39.398	39.4091	39.3944	39.3716	39.3843	39.3616	39.3615	39.356	39.3511	39.3639	39.3488	39.303	39.274	39.3211	39.3287	39.3097	39.3083	39.2857	39.287	39.2789	39.2773	39.2624	39.2576	39.2406	39.2307	39.2331	39.2272	39.207	39.21	39.2066	39.1984	39.1669	39.1741	39.1637	39.171	39.1167	39.1328	39.0899	39.1415	39.1244	39.1338	39.1011	39.1021	39.0772	39.0363	39.0438	39.046	39.0507	39.0252	39.0239	38.9999	38.9922	38.9796	38.9823	38.9237	38.9355	38.9231	38.9105	38.9019	38.9064	38.8812	38.8852	38.881	38.8633	38.8474	38.8486	38.8289	38.8158	38.795	38.7793	38.7647	38.7543	38.7704	38.7503	38.7358	38.6805	38.6865	38.6853	38.6734	38.6777	38.6133	38.6542	38.6277	38.6186	38.5941	38.6058	38.5861	38.509	38.5644	38.5562	38.4936	38.5253	38.5336	38.5161	38.4967	38.4652	38.4658	38.4553	38.4887	38.5032	38.5395	38.6188	39.2568
Sor-CPnd_027-Ex1-3C-lcwgs-1-3.clmp.r1r2_fastp	38.4211	38.908	39.2744	39.3221	39.4961	39.4471	39.4421	39.4786	39.5377	39.522	39.5337	39.5258	39.5077	39.4981	39.4399	39.483	39.53	39.441	39.4616	39.5294	39.5357	39.5488	39.5591	39.5604	39.557	39.4571	39.4719	39.4545	39.4537	39.4683	39.4387	39.4528	39.4407	39.4505	39.4554	39.4457	39.4522	39.4198	39.4194	39.4263	39.413	39.4135	39.4085	39.4	39.3923	39.3948	39.3963	39.3898	39.4055	39.3867	39.3614	39.3804	39.3547	39.3568	39.3514	39.3464	39.361	39.3426	39.2977	39.2689	39.315	39.3256	39.3089	39.3059	39.2827	39.2854	39.2729	39.275	39.2603	39.2544	39.2363	39.2268	39.2356	39.2278	39.2038	39.2126	39.207	39.1998	39.1653	39.1731	39.1711	39.1704	39.1187	39.133	39.0944	39.1423	39.1283	39.135	39.1023	39.1044	39.0745	39.0381	39.0442	39.0506	39.056	39.0284	39.0292	39.0031	38.9998	38.9827	38.9858	38.9246	38.9444	38.9313	38.9183	38.9131	38.9132	38.8879	38.8904	38.889	38.8696	38.8533	38.8613	38.8405	38.823	38.8096	38.7908	38.7779	38.7665	38.7858	38.7633	38.7471	38.6917	38.6971	38.7002	38.6898	38.6934	38.6319	38.6754	38.6393	38.637	38.6141	38.6203	38.6084	38.5294	38.5855	38.5808	38.5189	38.5398	38.5567	38.541	38.5215	38.4864	38.4904	38.4842	38.5151	38.5277	38.5508	38.6359	39.2579
Sor-CPnd_028-Ex1-3A-lcwgs-1-3.clmp.r1r2_fastp	38.3949	38.9093	39.2723	39.3184	39.4967	39.443	39.4457	39.4771	39.5416	39.5217	39.5323	39.5266	39.5066	39.5016	39.4359	39.4781	39.5304	39.441	39.4643	39.5312	39.5335	39.5502	39.5602	39.5609	39.5593	39.457	39.472	39.4575	39.4553	39.4671	39.4384	39.4525	39.4405	39.4506	39.4571	39.4469	39.4531	39.4214	39.4212	39.4271	39.4149	39.4158	39.4078	39.4014	39.3939	39.4004	39.3977	39.3931	39.4053	39.388	39.3657	39.3826	39.3565	39.3586	39.3504	39.3498	39.364	39.3494	39.3038	39.2741	39.3193	39.3272	39.3084	39.3109	39.2846	39.2911	39.2792	39.2779	39.2628	39.2575	39.2413	39.2322	39.2387	39.2278	39.2107	39.2149	39.2102	39.2042	39.1694	39.1787	39.1683	39.1787	39.1201	39.1396	39.0982	39.1528	39.1334	39.1422	39.1085	39.1157	39.085	39.0469	39.0489	39.054	39.0571	39.0361	39.0374	39.0127	39.0098	38.992	38.9922	38.9347	38.948	38.9378	38.927	38.9199	38.9217	38.898	38.899	38.8991	38.8817	38.8684	38.8723	38.8513	38.8376	38.8218	38.8023	38.7909	38.7791	38.7985	38.7764	38.7626	38.7086	38.7146	38.7172	38.7086	38.7126	38.6534	38.687	38.6582	38.6541	38.6324	38.6431	38.6266	38.5505	38.6063	38.5988	38.5411	38.5731	38.5828	38.5659	38.5454	38.5098	38.5117	38.509	38.539	38.5516	38.5758	38.6542	39.2737
Sor-CPnd_029-Ex1-8E-lcwgs-1-3.clmp.r1r2_fastp	38.6623	39.0227	39.3617	39.4029	39.5233	39.4939	39.5076	39.5344	39.5749	39.5631	39.568	39.5528	39.5558	39.5262	39.5008	39.5329	39.5663	39.4968	39.5161	39.5543	39.5598	39.5758	39.5881	39.5879	39.5862	39.4971	39.5076	39.4934	39.4897	39.5019	39.4724	39.4861	39.4761	39.4815	39.4836	39.4763	39.4815	39.4512	39.4478	39.4535	39.4406	39.4386	39.4305	39.4237	39.4153	39.4194	39.4171	39.412	39.4212	39.4049	39.3832	39.3947	39.3706	39.3725	39.3656	39.3615	39.3744	39.3551	39.3114	39.2802	39.3261	39.3335	39.3146	39.3146	39.2884	39.2943	39.2839	39.2832	39.2665	39.2622	39.2431	39.233	39.2359	39.2264	39.2074	39.2121	39.2053	39.1978	39.1654	39.1723	39.1626	39.168	39.1137	39.1297	39.0892	39.1382	39.1213	39.129	39.0967	39.0976	39.0722	39.0308	39.037	39.0383	39.0416	39.0162	39.0158	38.9914	38.9889	38.9734	38.973	38.9155	38.9317	38.9191	38.9032	38.8946	38.8965	38.8709	38.8724	38.8734	38.8545	38.8373	38.843	38.8221	38.8037	38.789	38.767	38.7564	38.7449	38.7597	38.7393	38.7271	38.6704	38.6766	38.6746	38.6637	38.6717	38.6079	38.6433	38.6142	38.6118	38.5839	38.5988	38.5757	38.5016	38.5589	38.548	38.4855	38.5177	38.5276	38.5114	38.4908	38.4601	38.4631	38.4518	38.4807	38.5012	38.5389	38.625	39.2556
Sor-CPnd_030-Ex1-2H-lcwgs-1-3.clmp.r1r2_fastp	38.6656	39.1427	39.4376	39.43	39.5723	39.5141	39.5253	39.5755	39.6011	39.5983	39.6001	39.5817	39.5788	39.5704	39.5074	39.5593	39.593	39.5099	39.53	39.5835	39.5851	39.5996	39.6074	39.6068	39.6024	39.5256	39.5361	39.5163	39.5174	39.5279	39.5007	39.5125	39.5004	39.5077	39.5089	39.4978	39.5045	39.4744	39.4724	39.4788	39.4627	39.4638	39.4542	39.4476	39.4389	39.4406	39.4373	39.4292	39.4429	39.4263	39.4021	39.4177	39.3962	39.393	39.3826	39.3794	39.3909	39.3739	39.3275	39.2994	39.3446	39.3506	39.3353	39.3306	39.3078	39.3087	39.2986	39.295	39.2802	39.2746	39.2569	39.2466	39.2515	39.2394	39.2216	39.2238	39.2229	39.2071	39.1732	39.1817	39.1775	39.1763	39.1234	39.1379	39.0925	39.142	39.1288	39.1339	39.1009	39.103	39.0697	39.031	39.0384	39.0429	39.0428	39.0185	39.0189	38.9897	38.9831	38.9669	38.9683	38.908	38.9196	38.9119	38.8966	38.8788	38.8873	38.8585	38.8586	38.855	38.8346	38.8178	38.8214	38.7977	38.7834	38.7625	38.7449	38.733	38.7193	38.7366	38.7056	38.6971	38.6398	38.6405	38.648	38.6268	38.6315	38.5669	38.6007	38.5644	38.5647	38.5344	38.5434	38.521	38.4481	38.4975	38.4834	38.4274	38.4531	38.4653	38.4364	38.4204	38.3877	38.3898	38.3766	38.4055	38.4295	38.4682	38.5677	39.229
Sor-CPnd_031-Ex1-5D-lcwgs-1-3.clmp.r1r2_fastp	38.5926	39.0867	39.4063	39.3933	39.561	39.5062	39.5154	39.5659	39.5928	39.5919	39.5966	39.5768	39.5714	39.5625	39.5026	39.5556	39.5945	39.5048	39.5288	39.5912	39.5905	39.6059	39.6131	39.6138	39.6099	39.5272	39.5385	39.5231	39.5219	39.5327	39.5069	39.5206	39.5078	39.5172	39.5195	39.5103	39.5141	39.4864	39.4851	39.4897	39.4783	39.4772	39.47	39.4635	39.4577	39.4617	39.4577	39.4504	39.4613	39.4457	39.4234	39.4365	39.4156	39.4156	39.4091	39.4041	39.4186	39.4026	39.3596	39.3267	39.3725	39.3795	39.3657	39.3644	39.3428	39.3435	39.3346	39.3346	39.3171	39.3139	39.2972	39.287	39.2909	39.2828	39.2617	39.2683	39.2633	39.2533	39.2182	39.231	39.22	39.2244	39.1713	39.1891	39.1452	39.1975	39.1817	39.1895	39.1597	39.1617	39.1322	39.0929	39.1002	39.1021	39.1078	39.0815	39.0808	39.0596	39.0528	39.0383	39.0384	38.9835	38.9994	38.9849	38.9727	38.9639	38.9664	38.9404	38.9463	38.9439	38.9246	38.9127	38.914	38.8931	38.8794	38.8619	38.8432	38.8323	38.8209	38.8359	38.8161	38.8004	38.7463	38.7553	38.7552	38.7466	38.7477	38.6871	38.7239	38.6953	38.689	38.6633	38.6755	38.6564	38.5851	38.6419	38.6318	38.5743	38.5988	38.6102	38.5961	38.5784	38.5454	38.5459	38.5377	38.5654	38.5795	38.6119	38.6869	39.2918
Sor-CPnd_033-Ex1-2F-lcwgs-1-3.clmp.r1r2_fastp	38.6704	39.1306	39.4256	39.4151	39.5694	39.5151	39.5238	39.5714	39.6016	39.5992	39.6027	39.5838	39.5771	39.5716	39.5062	39.5622	39.5987	39.5131	39.532	39.5911	39.5949	39.6096	39.6124	39.6131	39.61	39.5324	39.5424	39.5252	39.5248	39.5349	39.5089	39.5216	39.5092	39.5172	39.5217	39.5098	39.5152	39.4831	39.4862	39.4869	39.4776	39.4756	39.4712	39.4651	39.4567	39.4566	39.4548	39.4481	39.4583	39.4436	39.4226	39.4364	39.4137	39.4124	39.404	39.4003	39.4149	39.3995	39.3521	39.3207	39.3692	39.3787	39.3638	39.3585	39.3336	39.3365	39.3266	39.3243	39.3112	39.3063	39.288	39.2791	39.2799	39.2712	39.2554	39.2554	39.2525	39.2418	39.2086	39.2195	39.2083	39.2118	39.1598	39.177	39.1332	39.1853	39.1666	39.1738	39.1413	39.1458	39.119	39.0761	39.087	39.0851	39.094	39.0641	39.0667	39.0423	39.0344	39.0169	39.0202	38.9602	38.983	38.9657	38.9518	38.9409	38.9438	38.9189	38.9121	38.915	38.895	38.8842	38.8832	38.8654	38.846	38.8331	38.813	38.794	38.7837	38.7967	38.7761	38.7614	38.7051	38.7119	38.7147	38.6897	38.7018	38.6404	38.6737	38.6391	38.637	38.6143	38.6247	38.6065	38.5237	38.5766	38.5634	38.508	38.5275	38.5425	38.5186	38.5098	38.4727	38.4685	38.469	38.4921	38.5172	38.5435	38.6448	39.2659
Sor-CPnd_034-Ex1-4G-lcwgs-1-3.clmp.r1r2_fastp	38.6161	39.1252	39.4377	39.425	39.5514	39.5262	39.537	39.5752	39.5944	39.5994	39.6009	39.5794	39.5872	39.5622	39.5212	39.5653	39.5989	39.5237	39.5421	39.5866	39.5835	39.6039	39.609	39.6097	39.6081	39.5293	39.5438	39.5252	39.5276	39.5351	39.5043	39.5194	39.5066	39.5164	39.5178	39.5074	39.5114	39.4842	39.4785	39.4866	39.4695	39.4708	39.4622	39.4522	39.4472	39.4488	39.4476	39.442	39.4531	39.4318	39.4111	39.4219	39.4041	39.4046	39.3922	39.3918	39.3999	39.3859	39.3411	39.3119	39.354	39.3648	39.3451	39.3453	39.3231	39.3248	39.3104	39.3084	39.2953	39.2876	39.2711	39.265	39.2687	39.2587	39.2366	39.2393	39.2331	39.2242	39.1912	39.1979	39.1919	39.1985	39.1381	39.155	39.112	39.168	39.1492	39.155	39.1224	39.1243	39.0962	39.0594	39.0575	39.0671	39.0645	39.0425	39.0419	39.0149	39.0075	38.9927	38.9894	38.934	38.9484	38.9413	38.9231	38.9063	38.9141	38.8942	38.8891	38.8861	38.874	38.8481	38.8515	38.8353	38.8217	38.7987	38.7752	38.763	38.7525	38.7632	38.7483	38.7323	38.6734	38.6744	38.6794	38.6647	38.6681	38.6056	38.6423	38.6103	38.6079	38.575	38.5864	38.5642	38.4784	38.5418	38.5307	38.4617	38.4882	38.505	38.4727	38.46	38.4418	38.4239	38.418	38.4536	38.4706	38.4985	38.5927	39.2394
Sor-CPnd_036-Ex1-5C-lcwgs-1-3.clmp.r1r2_fastp	38.5662	39.0886	39.4087	39.3954	39.5608	39.5027	39.5156	39.5704	39.5926	39.5944	39.5972	39.5767	39.5703	39.565	39.4988	39.555	39.5936	39.5007	39.5261	39.5885	39.5892	39.6038	39.609	39.6093	39.6066	39.5214	39.5354	39.5191	39.5167	39.5266	39.4986	39.5101	39.4995	39.5085	39.511	39.5009	39.5067	39.4754	39.4727	39.4816	39.4668	39.4634	39.4573	39.4501	39.4422	39.4442	39.4427	39.4356	39.4462	39.4289	39.4048	39.4181	39.395	39.3954	39.387	39.3833	39.3958	39.3787	39.3362	39.302	39.3461	39.3566	39.3387	39.3369	39.3118	39.315	39.3014	39.3003	39.2847	39.2812	39.2609	39.2506	39.2562	39.2452	39.2219	39.229	39.2222	39.2125	39.177	39.1866	39.18	39.1823	39.1284	39.1405	39.0995	39.1466	39.1318	39.1363	39.1036	39.107	39.0767	39.039	39.0463	39.0436	39.0504	39.0221	39.0248	38.9973	38.9926	38.9744	38.9761	38.9129	38.9286	38.9176	38.9008	38.8925	38.8974	38.8674	38.8685	38.8695	38.8494	38.8294	38.8315	38.8142	38.7978	38.7776	38.7621	38.7497	38.7323	38.7488	38.725	38.7115	38.6492	38.6558	38.6592	38.641	38.6483	38.5844	38.6194	38.5869	38.583	38.5563	38.5702	38.5388	38.4651	38.5205	38.5129	38.4481	38.4733	38.4881	38.4623	38.4499	38.4144	38.4167	38.4128	38.4408	38.4509	38.4943	38.5857	39.2379
Sor-CPnd_037-Ex1-6C-lcwgs-1-3.clmp.r1r2_fastp	38.3896	39.0406	39.3864	39.3747	39.5505	39.4762	39.4895	39.5635	39.5815	39.5848	39.5908	39.5818	39.5522	39.5719	39.4859	39.5448	39.5895	39.4874	39.5122	39.5926	39.5943	39.606	39.6121	39.6118	39.6099	39.5221	39.5371	39.518	39.5184	39.5295	39.4994	39.5132	39.5015	39.5125	39.5145	39.5071	39.5108	39.4791	39.4768	39.486	39.4703	39.4704	39.4617	39.4551	39.4467	39.4505	39.4481	39.4424	39.4541	39.433	39.4134	39.4242	39.4049	39.4011	39.3953	39.3912	39.4004	39.3855	39.3393	39.309	39.3579	39.3659	39.3428	39.3415	39.3177	39.3232	39.3073	39.3103	39.2947	39.2861	39.2701	39.2598	39.2626	39.2539	39.2325	39.2358	39.2314	39.2173	39.1851	39.1951	39.1859	39.19	39.1328	39.1502	39.1047	39.156	39.1383	39.1445	39.1093	39.1136	39.0895	39.0462	39.0519	39.0509	39.0505	39.0312	39.0295	39.0053	39.0009	38.9883	38.9851	38.9261	38.9426	38.9258	38.9106	38.9064	38.9096	38.8817	38.8806	38.8817	38.862	38.8487	38.8427	38.8247	38.8078	38.7913	38.7761	38.759	38.7414	38.7616	38.7375	38.7275	38.6678	38.6742	38.6708	38.6655	38.661	38.6027	38.6421	38.6118	38.6057	38.5815	38.5859	38.5662	38.4877	38.5458	38.5384	38.4769	38.5007	38.5122	38.4946	38.4764	38.4375	38.4446	38.4321	38.4644	38.4773	38.5165	38.6019	39.2478
Sor-CPnd_038-Ex1-2A-lcwgs-1-3.clmp.r1r2_fastp	38.391	38.9544	39.3095	39.3299	39.5171	39.4574	39.4607	39.5006	39.5549	39.5444	39.5524	39.5411	39.5223	39.5257	39.452	39.5037	39.5537	39.4614	39.4796	39.5546	39.5556	39.57	39.5773	39.5812	39.5778	39.48	39.493	39.4771	39.4757	39.4893	39.4619	39.477	39.4634	39.4724	39.4774	39.4689	39.4755	39.4445	39.4438	39.4516	39.4391	39.4415	39.4329	39.4268	39.4203	39.4231	39.4234	39.4162	39.4306	39.4143	39.3903	39.4061	39.3846	39.3843	39.379	39.3759	39.3861	39.3711	39.3273	39.2977	39.3458	39.3561	39.3358	39.3375	39.3145	39.3167	39.3065	39.3062	39.2902	39.2868	39.2696	39.262	39.269	39.259	39.2364	39.2447	39.2377	39.2301	39.1974	39.2087	39.1986	39.2053	39.1503	39.1688	39.1278	39.178	39.1602	39.1708	39.1364	39.1402	39.113	39.0751	39.0817	39.0865	39.0882	39.0662	39.0661	39.0423	39.0391	39.0218	39.0243	38.9668	38.983	38.9747	38.9587	38.9529	38.9539	38.929	38.9306	38.9304	38.915	38.9039	38.9038	38.8866	38.8717	38.859	38.8405	38.8265	38.816	38.8307	38.8094	38.8002	38.7445	38.7535	38.7535	38.7425	38.7505	38.6892	38.7279	38.6971	38.6904	38.6698	38.6839	38.6634	38.5927	38.647	38.6391	38.5798	38.6083	38.6217	38.6018	38.5814	38.5502	38.5563	38.5491	38.5778	38.5887	38.6187	38.694	39.2906
Sor-CPnd_041-Ex1-7A-lcwgs-1-3.clmp.r1r2_fastp	38.8306	39.0703	39.4025	39.3644	39.5197	39.4661	39.4897	39.5477	39.5646	39.5692	39.5757	39.5544	39.5414	39.5447	39.4689	39.5298	39.573	39.4737	39.4948	39.5765	39.577	39.5913	39.5984	39.5988	39.5943	39.5109	39.5249	39.5086	39.5096	39.5218	39.4953	39.5082	39.499	39.5095	39.5137	39.5041	39.5094	39.4806	39.4815	39.487	39.4755	39.4758	39.4693	39.4651	39.4594	39.4634	39.463	39.4581	39.4712	39.4559	39.435	39.4474	39.4293	39.4295	39.4243	39.4235	39.4373	39.422	39.3797	39.3517	39.3986	39.4089	39.3927	39.3941	39.37	39.3752	39.3657	39.3684	39.3546	39.3525	39.3361	39.3279	39.3367	39.3277	39.3091	39.3202	39.3137	39.307	39.2745	39.2868	39.2829	39.2903	39.2373	39.2529	39.2145	39.2696	39.253	39.2617	39.2299	39.2375	39.2133	39.1747	39.1839	39.1896	39.1965	39.1723	39.1793	39.156	39.1535	39.1421	39.1436	39.0887	39.1108	39.0976	39.088	39.0841	39.0871	39.0645	39.0699	39.0731	39.0545	39.0427	39.0495	39.0354	39.0229	39.0087	38.9945	38.9855	38.9711	38.9926	38.9776	38.9646	38.91	38.9225	38.9279	38.9162	38.9322	38.8713	38.9117	38.8792	38.8837	38.8579	38.8753	38.8536	38.7855	38.8439	38.8373	38.7849	38.8059	38.8239	38.8055	38.792	38.7605	38.7602	38.757	38.7772	38.7842	38.8012	38.853	39.3695
Sor-CPnd_043-Ex1-1D-lcwgs-1-3.clmp.r1r2_fastp	38.6183	39.0279	39.3651	39.3833	39.5018	39.4867	39.4985	39.5296	39.5689	39.5612	39.568	39.5453	39.549	39.5226	39.4902	39.5267	39.565	39.4885	39.5044	39.552	39.5539	39.5707	39.5835	39.5844	39.5821	39.4968	39.5079	39.4943	39.4902	39.5028	39.4762	39.4908	39.4747	39.4853	39.4871	39.4759	39.4849	39.4507	39.4509	39.4589	39.4444	39.4443	39.4369	39.4289	39.4218	39.4246	39.4235	39.4169	39.4313	39.4136	39.3892	39.4025	39.3791	39.3804	39.3725	39.3714	39.3819	39.3675	39.3211	39.2917	39.3341	39.3451	39.3251	39.3289	39.3026	39.3037	39.2941	39.2944	39.2767	39.2734	39.2543	39.2435	39.2492	39.2418	39.2211	39.2252	39.2208	39.209	39.1812	39.1874	39.1788	39.183	39.1271	39.1448	39.104	39.1582	39.136	39.1434	39.1148	39.1163	39.089	39.0495	39.0538	39.0574	39.0623	39.0358	39.0363	39.0118	39.0068	38.9916	38.9945	38.9327	38.9478	38.9351	38.9199	38.9116	38.9199	38.887	38.893	38.8958	38.8738	38.8604	38.8611	38.843	38.8255	38.8062	38.791	38.7821	38.7675	38.7864	38.7622	38.7501	38.6957	38.699	38.698	38.6846	38.6962	38.6313	38.6679	38.6409	38.6355	38.6122	38.6245	38.5982	38.5261	38.5823	38.5732	38.5116	38.5397	38.5522	38.5331	38.5132	38.4778	38.4829	38.48	38.4994	38.519	38.5522	38.6341	39.2657
Sor-CPnd_044-Ex1-8G-lcwgs-1-3.clmp.r1r2_fastp	38.6697	39.0668	39.3856	39.4205	39.5236	39.4987	39.5183	39.5503	39.5816	39.5764	39.5784	39.5598	39.5664	39.5337	39.51	39.5492	39.5775	39.5083	39.5263	39.5623	39.5658	39.5868	39.5967	39.5941	39.5936	39.5073	39.5177	39.5034	39.5006	39.5098	39.4857	39.4964	39.4824	39.4918	39.4948	39.4861	39.4896	39.4584	39.4566	39.4626	39.4467	39.4476	39.4419	39.431	39.4248	39.4269	39.4242	39.4176	39.4298	39.4109	39.3863	39.3984	39.3778	39.3774	39.3715	39.3649	39.3804	39.3611	39.3187	39.2857	39.3297	39.3377	39.3197	39.3208	39.2954	39.2989	39.2867	39.2847	39.2697	39.2643	39.245	39.2355	39.2388	39.2298	39.2091	39.215	39.2093	39.1993	39.1657	39.1742	39.1649	39.1708	39.1157	39.1305	39.0878	39.1399	39.1201	39.1273	39.0966	39.0963	39.0728	39.0306	39.0367	39.0382	39.0413	39.0163	39.0166	38.9891	38.9802	38.968	38.9679	38.9082	38.9236	38.9101	38.8959	38.8877	38.8913	38.8644	38.8637	38.8609	38.8468	38.8266	38.8292	38.806	38.7905	38.7754	38.7565	38.7409	38.7308	38.7469	38.7237	38.7109	38.6522	38.6543	38.6603	38.6402	38.6495	38.583	38.6191	38.5873	38.5844	38.5587	38.5708	38.5479	38.4698	38.5265	38.5135	38.4576	38.4822	38.4927	38.4671	38.4519	38.4197	38.4148	38.4157	38.4424	38.4606	38.4937	38.5887	39.2413
Sor-CPnd_045-Ex1-7B-lcwgs-1-3.clmp.r1r2_fastp	38.3964	38.9459	39.317	39.321	39.5038	39.4575	39.4628	39.5109	39.5535	39.5432	39.5521	39.5453	39.5245	39.525	39.4545	39.5015	39.5518	39.4568	39.4772	39.554	39.5559	39.5706	39.5785	39.5817	39.5763	39.4863	39.4999	39.484	39.4827	39.4947	39.4695	39.482	39.4706	39.4813	39.483	39.473	39.4785	39.4489	39.4489	39.4547	39.4417	39.4416	39.4334	39.4284	39.4228	39.4267	39.4251	39.4184	39.4317	39.4147	39.3917	39.405	39.3824	39.384	39.3783	39.3758	39.3898	39.3711	39.3266	39.2985	39.3448	39.3521	39.3354	39.3354	39.3108	39.3157	39.3028	39.306	39.2887	39.2868	39.2681	39.2577	39.2625	39.2516	39.2331	39.2427	39.2357	39.2277	39.1952	39.2009	39.1929	39.2013	39.1458	39.1619	39.1216	39.1738	39.1571	39.1663	39.1348	39.1406	39.1104	39.071	39.076	39.0806	39.0834	39.0593	39.0591	39.0336	39.0317	39.0169	39.0164	38.9575	38.9736	38.9604	38.9475	38.9418	38.9479	38.9195	38.922	38.9198	38.9034	38.8899	38.8922	38.873	38.8596	38.8423	38.8247	38.8134	38.8006	38.819	38.7951	38.7866	38.7283	38.7389	38.7408	38.7265	38.7364	38.6745	38.7114	38.6824	38.6768	38.654	38.6632	38.6454	38.5698	38.6263	38.622	38.5579	38.5887	38.6013	38.5818	38.561	38.5306	38.5344	38.5281	38.5541	38.5683	38.5942	38.6658	39.2781
Sor-CPnd_046-Ex1-5A-lcwgs-1-3.clmp.r1r2_fastp	38.6853	39.1073	39.4257	39.4094	39.5663	39.5124	39.5269	39.579	39.6013	39.6024	39.606	39.5841	39.5784	39.5735	39.5074	39.5648	39.6001	39.5118	39.5336	39.5994	39.603	39.6174	39.6214	39.6201	39.6207	39.5394	39.5479	39.5335	39.532	39.5464	39.518	39.5318	39.5178	39.5288	39.5313	39.5255	39.5271	39.5007	39.4991	39.5027	39.4906	39.4917	39.4837	39.4768	39.4707	39.4749	39.4717	39.4693	39.48	39.4644	39.4426	39.4544	39.4321	39.4342	39.4269	39.4246	39.4372	39.4201	39.3791	39.3428	39.3929	39.4016	39.3824	39.3855	39.3593	39.3621	39.3555	39.3559	39.3424	39.3349	39.3212	39.3092	39.3142	39.307	39.286	39.2915	39.2838	39.2786	39.2436	39.2562	39.2504	39.2531	39.2004	39.2152	39.1734	39.2274	39.2092	39.2182	39.1862	39.1877	39.1654	39.1203	39.1306	39.1339	39.1412	39.1176	39.1149	39.0952	39.0868	39.0743	39.0774	39.0182	39.0413	39.0249	39.0084	38.9985	39.0045	38.9832	38.9825	38.986	38.9583	38.9495	38.9548	38.9364	38.9201	38.9038	38.8902	38.8779	38.8645	38.8841	38.8522	38.8534	38.7907	38.7992	38.7987	38.7921	38.795	38.7381	38.7731	38.7431	38.7389	38.7204	38.7314	38.7056	38.6304	38.6914	38.6816	38.6235	38.643	38.6603	38.6332	38.6182	38.5886	38.59	38.586	38.6134	38.6201	38.6459	38.7253	39.31
Sor-CPnd_049-Ex1-3B-lcwgs-1-3.clmp.r1r2_fastp	38.6146	39.0336	39.3643	39.381	39.5313	39.4874	39.4931	39.5328	39.5766	39.5669	39.5738	39.5538	39.552	39.536	39.4787	39.5244	39.5679	39.4774	39.498	39.5636	39.568	39.5781	39.59	39.5877	39.5849	39.4982	39.511	39.4926	39.4896	39.5	39.4781	39.4881	39.4739	39.4895	39.4903	39.4807	39.486	39.4549	39.4565	39.4555	39.4475	39.4438	39.4372	39.4294	39.4241	39.4294	39.425	39.4236	39.4325	39.4188	39.3918	39.4039	39.3873	39.3859	39.3801	39.3772	39.3848	39.376	39.3297	39.3008	39.347	39.354	39.3365	39.3355	39.3114	39.3165	39.305	39.3065	39.2876	39.2811	39.2683	39.2596	39.261	39.2569	39.235	39.2398	39.233	39.2255	39.191	39.2008	39.1933	39.198	39.143	39.1613	39.1151	39.1715	39.1573	39.1635	39.1257	39.1359	39.1006	39.06	39.0741	39.0706	39.0793	39.0515	39.0604	39.0274	39.0284	39.0085	39.0123	38.9529	38.9665	38.947	38.9384	38.9344	38.939	38.9097	38.9137	38.9038	38.8846	38.8802	38.8841	38.8517	38.8405	38.8266	38.8149	38.7957	38.7834	38.7981	38.7759	38.7664	38.7065	38.7164	38.7107	38.7015	38.7136	38.651	38.6877	38.6482	38.6448	38.6223	38.6376	38.6192	38.5346	38.588	38.5875	38.5224	38.558	38.5635	38.5531	38.5262	38.4874	38.4971	38.4877	38.5157	38.5325	38.5572	38.639	39.27
Sor-CPnd_050-Ex1-3F-lcwgs-1-3.clmp.r1r2_fastp	38.6147	39.03	39.3573	39.3768	39.5289	39.4784	39.4857	39.5266	39.5691	39.5598	39.5666	39.5519	39.5417	39.53	39.4752	39.5195	39.561	39.473	39.4952	39.5577	39.561	39.5744	39.5829	39.5839	39.5798	39.4903	39.5043	39.4865	39.4859	39.4963	39.4692	39.4801	39.4694	39.4811	39.4812	39.4728	39.4805	39.4469	39.4461	39.4532	39.4399	39.4383	39.4346	39.4253	39.4183	39.4225	39.4197	39.414	39.4236	39.4096	39.3872	39.4012	39.3783	39.378	39.3715	39.368	39.3803	39.365	39.3202	39.2874	39.3375	39.3439	39.3278	39.3252	39.2996	39.3061	39.2935	39.2944	39.2827	39.2769	39.2599	39.2495	39.2557	39.2425	39.2234	39.2301	39.2273	39.2147	39.1829	39.188	39.184	39.1905	39.1356	39.1505	39.1118	39.1634	39.1446	39.1529	39.1203	39.1244	39.0986	39.058	39.066	39.0654	39.0703	39.043	39.0487	39.0214	39.0175	38.9997	39.0029	38.9445	38.961	38.9473	38.9355	38.9311	38.9331	38.9042	38.9084	38.9067	38.8902	38.8717	38.8759	38.8558	38.8411	38.8231	38.8108	38.7943	38.7847	38.7988	38.7782	38.7648	38.7123	38.7134	38.7186	38.7069	38.7107	38.6478	38.6869	38.6584	38.6536	38.6276	38.6429	38.6195	38.5445	38.601	38.5915	38.5343	38.5607	38.5714	38.5577	38.534	38.5072	38.5059	38.5025	38.527	38.54	38.5706	38.6554	39.2729
Sor-CPnd_052-Ex1-6D-lcwgs-1-3.clmp.r1r2_fastp	38.4963	39.1452	39.4489	39.4135	39.5662	39.5092	39.5284	39.6003	39.6052	39.6162	39.6203	39.5982	39.5873	39.59	39.5212	39.5795	39.6172	39.5281	39.5483	39.6136	39.6155	39.6274	39.6319	39.6337	39.628	39.551	39.5608	39.5466	39.5452	39.5564	39.5288	39.5416	39.5322	39.5373	39.542	39.5313	39.5396	39.5084	39.5064	39.5112	39.4988	39.4967	39.4913	39.4826	39.4738	39.4763	39.4773	39.4679	39.4787	39.4622	39.4376	39.4495	39.4313	39.4289	39.4236	39.4194	39.4297	39.4162	39.371	39.3382	39.3849	39.3911	39.3754	39.3739	39.3491	39.3529	39.341	39.34	39.3238	39.3194	39.302	39.2893	39.2941	39.2874	39.2675	39.2699	39.2661	39.2541	39.2232	39.2326	39.2217	39.2237	39.172	39.1888	39.1445	39.1948	39.1771	39.18	39.1563	39.1571	39.1296	39.0867	39.0937	39.0924	39.0968	39.0761	39.0719	39.0475	39.04	39.0273	39.026	38.9664	38.9825	38.9691	38.9519	38.9458	38.9456	38.9217	38.9242	38.9218	38.897	38.8845	38.8842	38.8667	38.8509	38.8308	38.813	38.8017	38.7824	38.7985	38.7749	38.7581	38.704	38.7125	38.7132	38.6913	38.7013	38.6326	38.6712	38.6385	38.6283	38.605	38.6187	38.5955	38.5246	38.5714	38.554	38.5008	38.5269	38.5359	38.5169	38.4931	38.4679	38.4631	38.4587	38.481	38.5054	38.5424	38.6412	39.2723
Sor-CPnd_053-Ex1-2C-lcwgs-1-3.clmp.r1r2_fastp	38.4424	38.9947	39.337	39.3554	39.5299	39.4685	39.4733	39.5204	39.5634	39.5574	39.5632	39.5489	39.534	39.5387	39.4651	39.5184	39.5625	39.4722	39.4922	39.559	39.5625	39.5781	39.5866	39.5864	39.5822	39.4918	39.5016	39.4836	39.4836	39.4959	39.4695	39.4824	39.4686	39.4774	39.4837	39.4738	39.4767	39.4477	39.4472	39.4526	39.4383	39.4406	39.4332	39.4229	39.4173	39.419	39.4176	39.4118	39.4229	39.4071	39.387	39.3991	39.3769	39.3754	39.371	39.3636	39.3748	39.3601	39.3124	39.2873	39.3314	39.3372	39.3198	39.3222	39.2939	39.2979	39.2891	39.2846	39.2725	39.2666	39.2461	39.2387	39.2406	39.2351	39.2132	39.2161	39.2109	39.1979	39.1674	39.1737	39.1645	39.1741	39.1157	39.1332	39.0918	39.1467	39.1252	39.1322	39.098	39.0994	39.0737	39.0303	39.0427	39.0404	39.0476	39.0187	39.0224	38.9929	38.9901	38.9737	38.975	38.9159	38.9305	38.917	38.9034	38.9006	38.9001	38.8717	38.8783	38.8738	38.853	38.8368	38.8438	38.8228	38.7991	38.7893	38.7709	38.7543	38.7459	38.7574	38.7405	38.7195	38.6676	38.6755	38.6696	38.6604	38.6677	38.6076	38.6396	38.6098	38.6001	38.579	38.5904	38.5651	38.4948	38.5468	38.539	38.4788	38.5048	38.5196	38.4965	38.4794	38.448	38.4455	38.4387	38.469	38.4839	38.5216	38.6054	39.2486
Sor-CPnd_054-Ex1-8F-lcwgs-1-3.clmp.r1r2_fastp	38.6887	39.1008	39.4011	39.4377	39.5404	39.5101	39.5292	39.5666	39.5941	39.5894	39.5908	39.575	39.5802	39.5497	39.5147	39.5563	39.5877	39.5123	39.5304	39.5782	39.5793	39.5998	39.6095	39.6076	39.6067	39.5256	39.536	39.5165	39.5187	39.5275	39.5001	39.5105	39.5006	39.5126	39.5134	39.5035	39.5064	39.4773	39.4737	39.4807	39.4682	39.4662	39.4564	39.4519	39.4418	39.4451	39.4422	39.4394	39.4451	39.4337	39.4063	39.4208	39.3972	39.3983	39.3876	39.3903	39.4	39.3822	39.3401	39.3111	39.3558	39.3602	39.3455	39.3465	39.3172	39.3205	39.309	39.3101	39.298	39.2917	39.2751	39.2624	39.2677	39.2627	39.237	39.2446	39.2446	39.2356	39.2	39.2082	39.1991	39.2069	39.1507	39.1638	39.1259	39.1745	39.1568	39.1623	39.1352	39.1366	39.1094	39.0647	39.0781	39.0796	39.0811	39.053	39.0539	39.0326	39.0267	39.0089	39.0219	38.9557	38.9677	38.9504	38.9397	38.9379	38.9323	38.905	38.9044	38.9111	38.8876	38.8831	38.8803	38.864	38.8409	38.8237	38.81	38.7918	38.7751	38.796	38.7826	38.7584	38.7025	38.7098	38.7085	38.7017	38.7016	38.6434	38.6851	38.6373	38.6479	38.6164	38.6322	38.6085	38.5268	38.5934	38.5667	38.5101	38.5379	38.5551	38.5339	38.5136	38.4792	38.4886	38.4755	38.4924	38.5204	38.5601	38.6335	39.2663
Sor-CPnd_055-Ex1-7G-lcwgs-1-3.clmp.r1r2_fastp	38.6253	39.1211	39.432	39.3968	39.5341	39.498	39.5181	39.5788	39.5898	39.5959	39.5999	39.5749	39.5745	39.5613	39.5058	39.5612	39.594	39.5095	39.5251	39.5887	39.586	39.6024	39.6082	39.6077	39.6018	39.5252	39.5361	39.5218	39.5186	39.5288	39.5022	39.514	39.5009	39.5121	39.5145	39.5028	39.5079	39.4768	39.4745	39.4815	39.4666	39.4673	39.4591	39.4507	39.4424	39.4449	39.4436	39.4354	39.4475	39.4292	39.4048	39.4193	39.3968	39.3964	39.3891	39.3837	39.3963	39.3763	39.3339	39.3037	39.3474	39.3558	39.3369	39.336	39.3125	39.3126	39.3045	39.3044	39.284	39.2812	39.2618	39.2535	39.2531	39.2453	39.2234	39.2296	39.2239	39.2114	39.1787	39.1882	39.1753	39.1812	39.1268	39.1417	39.0978	39.15	39.1318	39.1383	39.1002	39.1085	39.0805	39.0372	39.0419	39.0432	39.0475	39.0211	39.0197	38.9878	38.9875	38.9683	38.967	38.9087	38.9244	38.9128	38.8973	38.8908	38.8899	38.8662	38.8599	38.8569	38.844	38.821	38.8231	38.8047	38.788	38.7695	38.7557	38.7349	38.7212	38.7337	38.71	38.6971	38.6388	38.6482	38.6467	38.6293	38.6313	38.5659	38.6016	38.5728	38.562	38.5396	38.5517	38.5286	38.4507	38.5016	38.4917	38.4262	38.4565	38.4693	38.4477	38.4242	38.3885	38.3963	38.3865	38.4146	38.438	38.4717	38.5776	39.2351
Sor-CPnd_058-Ex1-2G-lcwgs-1-3.clmp.r1r2_fastp	38.6716	39.1675	39.455	39.4389	39.5754	39.5253	39.5434	39.5938	39.614	39.616	39.615	39.5947	39.5949	39.5838	39.5285	39.5804	39.6129	39.5322	39.5478	39.602	39.6024	39.6167	39.6241	39.6214	39.6178	39.543	39.5527	39.5348	39.5338	39.5432	39.5169	39.5316	39.5131	39.5229	39.5257	39.5139	39.5217	39.4947	39.4885	39.4947	39.4806	39.4801	39.4736	39.4638	39.4534	39.4572	39.4532	39.447	39.4547	39.4406	39.4187	39.431	39.4076	39.4044	39.3986	39.3954	39.4036	39.3904	39.3419	39.3148	39.3574	39.3688	39.3476	39.3467	39.3205	39.3241	39.3106	39.3108	39.2919	39.2878	39.2728	39.2619	39.2638	39.2518	39.2313	39.2358	39.2331	39.2185	39.1855	39.1935	39.1804	39.19	39.1294	39.1491	39.1027	39.1597	39.1381	39.1465	39.1111	39.1105	39.0848	39.0426	39.0485	39.0483	39.0506	39.0254	39.0211	38.9981	38.9954	38.9725	38.9754	38.9142	38.9222	38.9168	38.8973	38.8898	38.8916	38.8615	38.863	38.8572	38.8379	38.8173	38.8176	38.7935	38.7806	38.768	38.7374	38.7267	38.718	38.7216	38.7037	38.6865	38.6305	38.6338	38.6247	38.6149	38.6236	38.5559	38.5858	38.5477	38.5401	38.5174	38.5191	38.496	38.4271	38.4785	38.4636	38.3987	38.421	38.425	38.4081	38.3988	38.359	38.3603	38.3495	38.3789	38.403	38.4448	38.5592	39.2244
Sor-CPnd_063-Ex1-7D-lcwgs-1-3.clmp.r1r2_fastp	38.6549	39.1033	39.4179	39.3887	39.5336	39.4921	39.5079	39.5679	39.5806	39.5864	39.5897	39.5687	39.5624	39.5546	39.4959	39.5473	39.5836	39.4942	39.5153	39.5823	39.5817	39.5955	39.6022	39.6025	39.5996	39.5167	39.5302	39.5133	39.5117	39.523	39.4974	39.5083	39.4982	39.5056	39.5082	39.4986	39.5023	39.4747	39.4751	39.4792	39.4639	39.4633	39.4586	39.449	39.4423	39.4451	39.443	39.4354	39.4489	39.4312	39.4061	39.4192	39.3994	39.398	39.3924	39.3902	39.4003	39.3817	39.3388	39.3091	39.3553	39.3624	39.3447	39.3436	39.3192	39.3214	39.313	39.312	39.2977	39.2859	39.27	39.2617	39.2662	39.2579	39.2371	39.2427	39.2373	39.2255	39.1959	39.2054	39.193	39.1982	39.1435	39.1631	39.1182	39.1694	39.1517	39.1564	39.1275	39.1301	39.0986	39.0614	39.0671	39.0701	39.0714	39.049	39.0497	39.0223	39.017	39.0001	39.0025	38.9414	38.9588	38.9466	38.9292	38.9246	38.928	38.896	38.8968	38.8982	38.8803	38.8591	38.8661	38.8416	38.829	38.8123	38.7933	38.7798	38.7721	38.7848	38.7579	38.7421	38.6867	38.6943	38.6958	38.6792	38.6858	38.625	38.661	38.6281	38.6217	38.5936	38.6116	38.5844	38.5065	38.5643	38.5577	38.4937	38.5202	38.534	38.5111	38.4903	38.4578	38.4619	38.4568	38.4826	38.5029	38.5371	38.628	39.2624
Sor-CPnd_066-Ex1-8B-lcwgs-1-3.clmp.r1r2_fastp	38.3977	38.9012	39.2725	39.3667	39.4975	39.483	39.4925	39.4994	39.5669	39.5309	39.5501	39.5416	39.5428	39.5014	39.482	39.509	39.5526	39.4785	39.4904	39.538	39.5385	39.5675	39.5885	39.5747	39.5756	39.4871	39.4923	39.4825	39.483	39.4919	39.4633	39.4813	39.4717	39.4705	39.472	39.4721	39.4765	39.4371	39.441	39.4549	39.4426	39.4404	39.4346	39.4317	39.4159	39.4154	39.4273	39.4188	39.4246	39.4074	39.3899	39.4025	39.3741	39.3813	39.3698	39.3723	39.3955	39.376	39.33	39.2916	39.3453	39.3513	39.3348	39.3402	39.3122	39.3126	39.3058	39.3057	39.2846	39.281	39.2562	39.2635	39.2576	39.2729	39.246	39.2384	39.2543	39.2375	39.2023	39.2208	39.2137	39.2123	39.1416	39.1664	39.1065	39.184	39.1748	39.1928	39.1352	39.129	39.1134	39.0637	39.0719	39.0889	39.078	39.0641	39.0626	39.0264	39.0251	39.01	39.0256	38.9592	38.9825	38.9659	38.9385	38.9325	38.9399	38.9376	38.9285	38.9239	38.9192	38.8934	38.8873	38.8575	38.8559	38.8509	38.8237	38.8246	38.7913	38.8324	38.7804	38.7756	38.7064	38.7186	38.7095	38.7334	38.7503	38.6521	38.7131	38.6824	38.674	38.6491	38.6606	38.6515	38.53	38.6148	38.5974	38.55	38.5758	38.6118	38.5897	38.5355	38.5284	38.5326	38.5366	38.5409	38.5353	38.5914	38.6545	39.2952
Sor-CPnd_069-Ex1-6B-lcwgs-1-3.clmp.r1r2_fastp	38.3861	39.028	39.3683	39.3575	39.5501	39.4742	39.4789	39.553	39.5795	39.5787	39.5838	39.5804	39.55	39.5674	39.4778	39.5366	39.5853	39.4857	39.5091	39.5934	39.5917	39.6033	39.6092	39.6099	39.6088	39.5201	39.5328	39.5184	39.5177	39.5258	39.5001	39.5117	39.5012	39.5117	39.5135	39.5063	39.5097	39.4796	39.4802	39.4838	39.4705	39.4696	39.4668	39.4586	39.4503	39.4523	39.4499	39.4477	39.4576	39.4417	39.42	39.4311	39.4088	39.4083	39.403	39.4009	39.4116	39.3959	39.3517	39.3211	39.3665	39.3718	39.3586	39.3549	39.3317	39.3373	39.3266	39.3257	39.3085	39.3036	39.2859	39.2802	39.2825	39.2719	39.2526	39.2549	39.2483	39.2425	39.2074	39.2191	39.2096	39.212	39.1569	39.1774	39.1323	39.1828	39.1651	39.1689	39.1434	39.1432	39.114	39.0782	39.0855	39.0857	39.0882	39.0639	39.0682	39.043	39.0363	39.0212	39.0238	38.9614	38.9833	38.9676	38.9555	38.9474	38.9457	38.9203	38.9225	38.9253	38.9052	38.884	38.8947	38.8787	38.8579	38.8417	38.8235	38.8087	38.7937	38.8138	38.7944	38.7819	38.7224	38.7322	38.7262	38.7221	38.7196	38.6615	38.7005	38.6717	38.665	38.6406	38.6522	38.628	38.558	38.6142	38.6	38.5475	38.5706	38.584	38.5642	38.5436	38.5121	38.5126	38.5054	38.5331	38.545	38.5792	38.6637	39.2754
Sor-CPnd_072-Ex1-8C-lcwgs-1-3.clmp.r1r2_fastp	38.2525	38.8343	39.2256	39.3126	39.473	39.4414	39.4345	39.4574	39.529	39.5022	39.5191	39.5164	39.5039	39.4806	39.4496	39.4775	39.5203	39.4484	39.4664	39.5157	39.5204	39.5408	39.5553	39.5569	39.5531	39.4513	39.4631	39.4484	39.4443	39.4581	39.43	39.4437	39.4321	39.442	39.4472	39.4357	39.4442	39.4114	39.4096	39.4181	39.4023	39.4031	39.3971	39.3895	39.3833	39.3862	39.3849	39.3782	39.3916	39.373	39.3499	39.3671	39.3422	39.3439	39.3369	39.3366	39.348	39.3297	39.2855	39.2588	39.3004	39.3098	39.2913	39.2928	39.2671	39.2715	39.2614	39.2624	39.2475	39.2392	39.2232	39.2126	39.2182	39.2102	39.1881	39.1946	39.1875	39.1799	39.1475	39.1567	39.1475	39.1539	39.0964	39.1155	39.0715	39.1249	39.1092	39.1185	39.0852	39.0865	39.0586	39.0192	39.0235	39.0294	39.032	39.0086	39.0083	38.9842	38.9789	38.9644	38.9656	38.9045	38.9188	38.9098	38.8943	38.8863	38.8897	38.8642	38.8684	38.8704	38.8481	38.8367	38.8376	38.8215	38.8029	38.7883	38.7699	38.7572	38.7462	38.7622	38.7395	38.7288	38.6722	38.6802	38.6823	38.6682	38.676	38.616	38.6483	38.6209	38.6193	38.593	38.6046	38.5845	38.5146	38.5744	38.5636	38.506	38.5301	38.5464	38.5244	38.5092	38.4721	38.4783	38.4716	38.5009	38.5144	38.5408	38.6182	39.2553
