Sample	1	2	3	4	5	6	7	8	9	10	11	12	13	14	15	16	17	18	19	20	21	22	23	24	25	26	27	28	29	30	31	32	33	34	35	36	37	38	39	40	41	42	43	44	45	46	47	48	49	50	51	52	53	54	55	56	57	58	59	60	61	62	63	64	65	66	67	68	69	70	71	72	73	74	75	76	77	78	79	80	81	82	83	84	85	86	87	88	89	90	91	92	93	94	95	96	97	98	99	100	101	102	103	104	105	106	107	108	109	110	111	112	113	114	115	116	117	118	119	120	121	122	123	124	125	126	127	128	129	130	131	132	133	134	135	136	137	138	139	140	141	142	143	144	145	146	147	148	149	150
Sor-CPnd_001-Ex1-3E-lcwgs-1-3.clmp.r1r2_fastp	55.45870000000001	38.0981	37.3939	36.8639	37.8251	34.1432	34.6278	36.6954	37.7665	36.2791	40.935500000000005	40.3417	39.9674	39.3481	39.212	38.7069	39.2159	38.8729	39.231100000000005	39.1292	39.4644	39.0334	39.2175	38.6651	38.889	38.6612	38.639	38.4913	38.8989	38.5607	39.0789	38.9208	39.047	38.7448	38.9836	38.6549	38.815	38.5457	38.6964	38.527499999999996	39.0041	38.5528	38.8928	38.6985	38.671	38.500299999999996	38.6671	38.404700000000005	38.6127	38.5378	38.6493	38.5739	38.8023	38.5426	38.669799999999995	38.6171	38.7151	38.4219	38.7349	38.3889	38.7704	38.596000000000004	38.5542	38.5415	38.7128	38.4308	38.6416	38.519	38.5882	38.3527	38.7266	38.4725	38.7475	38.6005	38.5736	38.5145	38.6743	38.4027	38.690999999999995	38.5	38.7022	38.5719	38.6774	38.4998	38.6314	38.5661	38.5965	38.3656	38.6875	38.460499999999996	38.676500000000004	38.6592	38.7007	38.5842	38.7096	38.5036	38.6318	38.4927	38.5665	38.4639	38.719500000000004	38.4463	38.6218	38.6648	38.617200000000004	38.5976	38.6099	38.390299999999996	38.6261	38.43	38.5905	38.5342	38.7084	38.5455	38.709700000000005	38.6323	38.6546	38.4352	38.6327	38.3541	38.5987	38.5441	38.6	38.585300000000004	38.7679	38.5507	38.699099999999994	38.5099	38.6117	38.384299999999996	38.6528	38.4526	38.7019	38.674	38.6629	38.6863	38.803399999999996	38.535199999999996	38.7799	38.6649	38.778800000000004	38.7899	38.883	38.8427	39.0007	38.948	38.9013	38.8487	38.897	38.4671
Sor-CPnd_002-Ex1-5E-lcwgs-1-3.clmp.r1r2_fastp	55.168099999999995	40.2235	38.2411	37.7324	38.6662	35.274499999999996	35.9247	38.2874	39.135999999999996	37.3313	41.911500000000004	41.231899999999996	40.7841	40.1688	40.08	39.5837	40.083200000000005	39.650999999999996	40.1388	39.9558	40.2175	39.8146	40.071200000000005	39.4895	39.804899999999996	39.6128	39.642300000000006	39.3949	39.839999999999996	39.472	39.9262	39.8187	39.9025	39.5606	39.889799999999994	39.482800000000005	39.6741	39.4193	39.550999999999995	39.3746	39.8279	39.3202	39.6467	39.5105	39.530300000000004	39.2434	39.5221	39.1886	39.4555	39.299099999999996	39.4592	39.3023	39.5784	39.250600000000006	39.4655	39.353500000000004	39.474900000000005	39.141999999999996	39.509499999999996	39.1208	39.4884	39.3374	39.2896	39.2886	39.533	39.1661	39.400800000000004	39.3084	39.3614	39.129799999999996	39.5034	39.1944	39.4703	39.2922	39.334799999999994	39.273599999999995	39.446999999999996	39.1252	39.4256	39.2549	39.4588	39.2486	39.4204	39.2147	39.3703	39.3093	39.3722	39.1039	39.4329	39.1837	39.3813	39.360299999999995	39.391999999999996	39.2607	39.4042	39.204899999999995	39.4033	39.2465	39.2759	39.1745	39.4696	39.2123	39.330799999999996	39.367999999999995	39.3241	39.230900000000005	39.373200000000004	39.1582	39.3767	39.160000000000004	39.2327	39.198699999999995	39.4113	39.318799999999996	39.387499999999996	39.3859	39.3633	39.1881	39.3356	39.1329	39.3264	39.2299	39.2958	39.3125	39.4762	39.2483	39.3161	39.2359	39.3153	39.1154	39.4467	39.1843	39.3579	39.297399999999996	39.344	39.4328	39.514500000000005	39.278200000000005	39.462599999999995	39.3038	39.51	39.5075	39.6354	39.5168	39.656200000000005	39.6995	39.507	39.5196	39.6038	39.138600000000004
Sor-CPnd_003-Ex1-2B-lcwgs-1-3.clmp.r1r2_fastp	56.2548	39.0506	38.8023	37.379	38.4169	35.3673	36.1177	38.069199999999995	39.0939	37.0621	42.0211	41.514	40.9607	40.326299999999996	40.2187	39.632600000000004	40.1794	39.7723	40.1972	40.091100000000004	40.3378	39.8505	40.1192	39.5185	39.7592	39.4895	39.553399999999996	39.3784	39.7981	39.4548	39.9446	39.7466	39.9387	39.574799999999996	39.8523	39.4683	39.664899999999996	39.378299999999996	39.5873	39.352599999999995	39.8591	39.3698	39.7439	39.5265	39.542699999999996	39.3266	39.523599999999995	39.270300000000006	39.4919	39.4142	39.5233	39.3829	39.6814	39.3303	39.5987	39.456	39.6013	39.251000000000005	39.5912	39.2573	39.597500000000004	39.4831	39.433800000000005	39.3758	39.5931	39.3194	39.5231	39.4387	39.4683	39.2547	39.6045	39.3707	39.6252	39.4373	39.503899999999994	39.4508	39.5658	39.312999999999995	39.5511	39.358	39.604800000000004	39.3906	39.6059	39.3974	39.5379	39.4546	39.4917	39.2276	39.6341	39.3508	39.5505	39.5417	39.5905	39.5031	39.6294	39.3674	39.5919	39.4032	39.4985	39.367999999999995	39.637899999999995	39.3421	39.617200000000004	39.5781	39.5582	39.4506	39.5967	39.320100000000004	39.5641	39.3502	39.5316	39.387499999999996	39.6417	39.5021	39.6254	39.5882	39.590599999999995	39.3707	39.590599999999995	39.2962	39.6072	39.4214	39.5343	39.508500000000005	39.7345	39.455	39.623000000000005	39.446999999999996	39.5646	39.3438	39.6061	39.420100000000005	39.6092	39.5766	39.5865	39.6183	39.727000000000004	39.4226	39.6798	39.568599999999996	39.704499999999996	39.5932	39.8222	39.6978	39.887299999999996	39.8518	39.760400000000004	39.6682	39.7564	39.3048
Sor-CPnd_004-Ex1-1G-lcwgs-1-3.clmp.r1r2_fastp	54.5582	39.574	37.5403	36.8254	38.3896	35.9814	35.8843	37.5114	38.3294	36.641600000000004	41.1088	40.4681	40.1194	39.5803	39.466499999999996	38.9627	39.5219	39.0824	39.509899999999995	39.4038	39.6211	39.1813	39.475	38.9175	39.1586	38.9304	38.9524	38.6967	39.177499999999995	38.7782	39.2188	39.0981	39.2324	38.9389	39.231	38.8469	39.0379	38.7963	38.934999999999995	38.7328	39.2376	38.709199999999996	39.0605	38.8972	38.9127	38.7014	38.9523	38.6106	38.8702	38.709900000000005	38.8821	38.7335	39.0339	38.7202	38.9388	38.827	38.915499999999994	38.6156	38.9712	38.575700000000005	38.927	38.824	38.806000000000004	38.726	38.988099999999996	38.658	38.873400000000004	38.715500000000006	38.852399999999996	38.5708	38.9345	38.6883	38.9247	38.8044	38.7849	38.7825	38.9388	38.6214	38.940999999999995	38.7682	38.9239	38.717600000000004	38.9668	38.7111	38.9322	38.8227	38.86	38.569900000000004	38.9743	38.6995	38.8952	38.8882	38.9033	38.858	38.9819	38.7569	38.9596	38.7862	38.8149	38.738299999999995	38.9842	38.7137	38.8763	38.9775	38.8515	38.827600000000004	38.967600000000004	38.7616	38.9022	38.8077	38.8844	38.799299999999995	38.9645	38.8608	38.9789	38.9305	38.9835	38.785	38.9567	38.746700000000004	38.9148	38.8971	38.9371	38.9298	39.0708	38.8801	39.0115	38.8623	38.9858	38.8007	39.0535	38.8283	39.0162	39.0252	38.9747	39.1028	39.1682	38.931	39.1005	39.0897	39.2097	39.1252	39.3371	39.2082	39.4077	39.3762	39.2432	39.2262	39.339800000000004	38.8658
Sor-CPnd_005-Ex1-3D-lcwgs-1-3.clmp.r1r2_fastp	55.68959999999999	38.4499	38.3145	37.276199999999996	38.3075	34.8895	35.7783	37.1517	38.096799999999995	36.5566	41.131499999999996	40.6052	40.2375	39.7062	39.5573	39.0799	39.6765	39.3217	39.649	39.624500000000005	39.7842	39.413399999999996	39.5912	39.0467	39.2397	38.9623	39.0107	38.8144	39.1706	38.8762	39.3245	39.1873	39.3081	39.0726	39.286500000000004	38.9446	39.1285	38.9423	39.0146	38.8506	39.347300000000004	38.9237	39.2171	39.0369	39.0762	38.8893	39.0635	38.7637	39.0526	38.926100000000005	39.0084	38.9315	39.155699999999996	38.8913	39.1068	39.0221	39.1039	38.7824	39.118900000000004	38.7733	39.1132	39.0537	38.9748	38.916000000000004	39.161699999999996	38.830999999999996	39.0546	38.9297	38.953199999999995	38.82	39.077600000000004	38.9361	39.1476	39.0169	39.0601	38.938	39.1054	38.8715	39.0852	38.9356	39.1226	38.9561	39.1685	38.971000000000004	39.118	39.0208	39.0388	38.819900000000004	39.1796	38.868399999999994	39.1629	39.133	39.1102	39.0072	39.1741	39.0568	39.091	39.053	39.0513	38.9671	39.183800000000005	38.9917	39.1291	39.157199999999996	39.0725	39.0608	39.1229	38.9591	39.143	38.9776	39.1015	39.031	39.2502	39.0918	39.2574	39.2033	39.181	38.976699999999994	39.2514	38.894	39.1826	39.0621	39.1631	39.1673	39.2058	39.113	39.250099999999996	39.1503	39.2005	39.048500000000004	39.209500000000006	39.1162	39.265899999999995	39.2632	39.2429	39.305299999999995	39.377	39.244099999999996	39.378299999999996	39.21	39.431	39.308	39.5687	39.4812	39.546	39.550000000000004	39.5432	39.3765	39.5749	39.135799999999996
Sor-CPnd_006-Ex1-2D-lcwgs-1-3.clmp.r1r2_fastp	55.1643	39.2361	37.8813	36.9977	38.2498	34.9556	35.8404	37.7037	38.6173	36.6967	41.4198	40.8573	40.397800000000004	39.7848	39.6547	39.1445	39.6417	39.2395	39.609100000000005	39.5434	39.757999999999996	39.2917	39.561	39.0175	39.240700000000004	38.9979	39.0749	38.8232	39.2525	38.9262	39.3461	39.229	39.352399999999996	39.0642	39.3134	38.9558	39.1186	38.8616	39.0527	38.8339	39.3085	38.850699999999996	39.1621	38.9697	38.9612	38.7825	38.9789	38.6913	38.9239	38.8121	38.9638	38.8195	39.0603	38.7768	38.9827	38.8683	38.9911	38.673	38.9912	38.6849	38.9722	38.926899999999996	38.8459	38.792500000000004	38.9822	38.7408	38.9107	38.8135	38.852	38.6801	38.9783	38.7577	38.9857	38.8774	38.8778	38.8184	38.9612	38.6987	38.9239	38.7999	38.9953	38.808	38.9681	38.800000000000004	38.9325	38.8756	38.8888	38.67	38.9774	38.730399999999996	38.9028	38.927	38.9276	38.859300000000005	39.007999999999996	38.8204	38.920100000000005	38.8291	38.8383	38.7152	38.974599999999995	38.8125	38.8961	38.9818	38.93	38.847	39.002900000000004	38.7583	38.9279	38.7973	38.9429	38.8425	39.0135	38.8633	39.03	38.9759	38.973	38.794200000000004	38.9998	38.749	38.9559	38.8471	38.9349	38.9504	39.1063	38.8921	38.9957	38.9431	38.982	38.8179	39.027499999999996	38.8724	38.9985	38.9979	39.0629	39.0984	39.1357	38.9935	39.1687	39.0722	39.2076	39.1743	39.3115	39.2385	39.4097	39.3491	39.285599999999995	39.2199	39.3266	38.8376
Sor-CPnd_007-Ex1-1C-lcwgs-1-3.clmp.r1r2_fastp	57.138	40.0831	39.5415	38.2001	39.4868	37.149300000000004	36.7736	38.9436	40.0734	37.7805	42.9627	42.5959	42.1139	41.4044	41.2694	40.6613	41.2217	40.760600000000004	41.2744	41.1838	41.2783	40.9308	41.1571	40.542	40.8633	40.562599999999996	40.6407	40.3938	40.8511	40.4736	41.0482	40.789500000000004	40.9968	40.640100000000004	40.9254	40.4959	40.778	40.455400000000004	40.6156	40.4026	40.915400000000005	40.3573	40.8248	40.5608	40.6228	40.3333	40.6818	40.2515	40.578199999999995	40.421	40.5708	40.3971	40.726600000000005	40.3545	40.6009	40.4201	40.6323	40.2848	40.6038	40.213300000000004	40.6167	40.4891	40.4411	40.3445	40.653099999999995	40.2579	40.4686	40.427800000000005	40.462199999999996	40.2294	40.626200000000004	40.3323	40.596700000000006	40.4183	40.4476	40.389399999999995	40.543600000000005	40.2761	40.5459	40.3638	40.5336	40.355000000000004	40.5505	40.3158	40.5559	40.3833	40.4916	40.2324	40.6207	40.1939	40.5792	40.5101	40.5211	40.3242	40.5482	40.2824	40.4613	40.3341	40.4013	40.2824	40.5261	40.249	40.496700000000004	40.5148	40.4332	40.3443	40.5262	40.2709	40.4895	40.2699	40.422799999999995	40.2837	40.5553	40.423700000000004	40.6078	40.4979	40.5512	40.2455	40.5329	40.2733	40.4645	40.334199999999996	40.3691	40.4909	40.6232	40.3773	40.5017	40.367999999999995	40.5055	40.1875	40.5581	40.3166	40.5453	40.399	40.539199999999994	40.5463	40.598800000000004	40.305400000000006	40.712399999999995	40.451	40.5537	40.438	40.7594	40.6431	40.787600000000005	40.6634	40.701100000000004	40.5745	40.657700000000006	40.3484
Sor-CPnd_008-Ex1-1A-lcwgs-1-3.clmp.r1r2_fastp	57.1002	37.1159	39.527	37.3495	37.8327	34.470099999999995	34.8867	37.3406	38.6644	36.1301	41.8767	41.7382	41.066900000000004	40.2866	40.1835	39.5578	40.0137	39.6777	39.9939	39.8595	40.1724	39.6928	39.884100000000004	39.3252	39.5503	39.1928	39.2909	39.1537	39.5513	39.2635	39.705400000000004	39.566	39.794200000000004	39.4712	39.6762	39.393899999999995	39.5297	39.2185	39.4666	39.247	39.7602	39.3326	39.7016	39.45	39.5281	39.3042	39.509100000000004	39.2211	39.4836	39.346399999999996	39.550000000000004	39.4088	39.699600000000004	39.427099999999996	39.5996	39.4569	39.6054	39.3166	39.658100000000005	39.3081	39.656200000000005	39.4714	39.528600000000004	39.4602	39.6623	39.339600000000004	39.6105	39.448299999999996	39.5606	39.2915	39.6947	39.4212	39.6665	39.475100000000005	39.5809	39.4649	39.6156	39.3367	39.6149	39.4131	39.6652	39.4599	39.6519	39.427099999999996	39.6596	39.4677	39.5399	39.3093	39.6858	39.334	39.6352	39.567600000000006	39.6472	39.5321	39.6674	39.4457	39.626	39.429700000000004	39.5685	39.3776	39.699400000000004	39.4202	39.6549	39.5914	39.6102	39.495799999999996	39.6468	39.3794	39.5972	39.397999999999996	39.5899	39.4188	39.7368	39.543299999999995	39.6845	39.609100000000005	39.6044	39.4184	39.635	39.3313	39.576299999999996	39.4509	39.633	39.5374	39.7266	39.5012	39.6689	39.4797	39.6429	39.364900000000006	39.6419	39.4123	39.6673	39.5931	39.6673	39.6571	39.7813	39.5309	39.738299999999995	39.5948	39.7586	39.6397	39.8688	39.7435	39.9649	39.8681	39.8225	39.744	39.8903	39.3785
Sor-CPnd_009-Ex1-6A-lcwgs-1-3.clmp.r1r2_fastp	55.14639999999999	38.7604	37.864799999999995	37.058	38.0505	34.788599999999995	35.1156	37.7384	38.8707	36.5474	41.6984	41.424499999999995	40.7755	40.1276	39.942899999999995	39.3793	39.8788	39.4582	39.8624	39.7948	40.0501	39.5958	39.8476	39.2485	39.4944	39.2203	39.3048	39.094	39.5623	39.2053	39.650999999999996	39.4912	39.6784	39.348499999999994	39.6045	39.2348	39.4097	39.1606	39.3433	39.1339	39.628099999999996	39.1524	39.5257	39.3355	39.3341	39.114	39.338899999999995	39.0556	39.2839	39.165299999999995	39.323	39.1628	39.459300000000006	39.137100000000004	39.350699999999996	39.2598	39.333400000000005	39.0317	39.3579	39.0305	39.3872	39.2633	39.2447	39.1827	39.402	39.0737	39.307900000000004	39.2067	39.2596	39.0595	39.4061	39.1795	39.397	39.257	39.2962	39.183099999999996	39.353300000000004	39.102199999999996	39.3712	39.1654	39.4322	39.1764	39.3797	39.1824	39.3924	39.2755	39.2943	39.0382	39.448100000000004	39.1436	39.372800000000005	39.3598	39.417	39.326499999999996	39.4451	39.2279	39.411699999999996	39.2267	39.324999999999996	39.1708	39.4558	39.2314	39.3888	39.4285	39.3746	39.3043	39.432	39.2036	39.3973	39.1976	39.3767	39.2779	39.533	39.3458	39.5467	39.4467	39.4603	39.2431	39.5154	39.231100000000005	39.420899999999996	39.3026	39.4562	39.4294	39.5823	39.3892	39.5232	39.3952	39.544200000000004	39.2734	39.5583	39.3426	39.5436	39.4668	39.535199999999996	39.576299999999996	39.6675	39.4696	39.6471	39.514700000000005	39.7014	39.5689	39.801199999999994	39.641999999999996	39.9189	39.833200000000005	39.7541	39.6854	39.8352	39.3556
Sor-CPnd_010-Ex1-1H-lcwgs-1-3.clmp.r1r2_fastp	55.5304	38.4955	37.6622	36.8217	38.3763	34.9097	35.5469	37.4302	38.3289	36.318	41.3644	40.7468	40.3108	39.739799999999995	39.4551	39.009	39.5805	39.0918	39.4339	39.3866	39.5999	39.2226	39.4308	38.9375	39.1712	38.832699999999996	38.8772	38.716499999999996	38.9995	38.74	39.2007	39.0309	39.230399999999996	38.900600000000004	39.1877	38.7614	39.022400000000005	38.7181	38.8837	38.681599999999996	39.1545	38.689	39.054	38.8674	38.9157	38.7835	38.9529	38.6692	38.8778	38.794000000000004	38.826	38.7407	39.1032	38.7399	38.934200000000004	38.8026	39.0169	38.6863	38.9105	38.6368	38.9666	38.7652	38.7712	38.786500000000004	39.030100000000004	38.6486	39.001999999999995	38.7279	38.7447	38.6751	38.9874	38.6848	38.987500000000004	38.7931	38.817800000000005	38.7627	39.050200000000004	38.6305	38.898500000000006	38.778400000000005	39.015499999999996	38.663199999999996	38.9239	38.7245	38.8982	38.8631	38.8837	38.5694	38.902	38.670100000000005	38.8431	38.7862	38.8745	38.828	38.9123	38.7602	38.8471	38.7478	38.8813	38.5727	38.9104	38.6276	38.854699999999994	38.8832	38.8716	38.8094	38.8607	38.7592	38.8418	38.72	38.804100000000005	38.8084	38.887899999999995	38.8296	39.0086	38.8307	38.8712	38.7138	38.8786	38.732499999999995	38.8504	38.716	38.909	38.7816	39.043499999999995	38.7057	38.9247	38.6605	38.9343	38.6795	38.884299999999996	38.7484	38.8767	38.902300000000004	38.9315	39.0032	38.9944	38.7391	39.2602	38.820100000000004	39.0919	39.0633	39.256	39.0543	39.2017	39.146300000000004	39.136700000000005	39.07	39.3159	38.715500000000006
Sor-CPnd_012-Ex1-5B-lcwgs-1-3.clmp.r1r2_fastp	55.532000000000004	39.1661	38.1625	37.1162	38.4371	35.3043	36.0773	38.096799999999995	39.030100000000004	36.9525	41.9071	41.4261	40.8273	40.1808	40.055	39.5317	40.0288	39.5811	40.0357	39.947500000000005	40.1321	39.7062	39.9316	39.3725	39.5864	39.4157	39.4349	39.2465	39.6677	39.3006	39.7683	39.5895	39.7232	39.434599999999996	39.717999999999996	39.2973	39.4635	39.1843	39.3823	39.136900000000004	39.664100000000005	39.1276	39.514300000000006	39.326499999999996	39.329	39.1278	39.316	39.0025	39.239000000000004	39.149699999999996	39.3061	39.1258	39.3766	39.1034	39.3146	39.1903	39.347300000000004	38.978	39.3553	38.9718	39.3339	39.1588	39.1923	39.1176	39.3469	38.9836	39.2818	39.1017	39.170700000000004	38.9374	39.292	39.0496	39.304899999999996	39.1735	39.2066	39.1113	39.2915	38.9647	39.2648	39.036300000000004	39.3154	39.095600000000005	39.3264	39.0335	39.32	39.0683	39.128	38.9199	39.2579	38.972899999999996	39.2691	39.1525	39.2479	39.157799999999995	39.323	39.0871	39.271899999999995	39.0798	39.142700000000005	38.9855	39.3038	39.0241	39.1958	39.1958	39.1872	39.1372	39.255	39.016099999999994	39.1801	39.037	39.1484	39.0741	39.3414	39.1266	39.3157	39.2297	39.2285	38.967	39.2428	38.8943	39.1927	39.082	39.1271	39.096199999999996	39.3239	39.067	39.2153	39.1143	39.225300000000004	39.0013	39.2418	39.0268	39.2523	39.2416	39.1925	39.2312	39.385799999999996	39.0873	39.3193	39.2426	39.3408	39.2257	39.5103	39.3373	39.5681	39.5409	39.4256	39.3229	39.519	39.039699999999996
Sor-CPnd_013-Ex1-7F-lcwgs-1-3.clmp.r1r2_fastp	55.642	39.342	38.221199999999996	37.1182	38.5381	36.173899999999996	35.9826	38.210699999999996	38.9409	37.0449	41.8193	41.167300000000004	40.6655	40.101	39.944	39.4637	40.010400000000004	39.510600000000004	39.9587	39.8752	40.0746	39.6409	39.9322	39.33	39.542100000000005	39.3634	39.3855	39.1877	39.5855	39.2442	39.704	39.5313	39.7147	39.364900000000006	39.636700000000005	39.219300000000004	39.3799	39.1219	39.299499999999995	39.0795	39.559	39.055800000000005	39.3763	39.2434	39.2258	39.048	39.228699999999996	38.8478	39.156200000000005	39.015499999999996	39.2094	38.9623	39.2592	38.9516	39.1387	39.097	39.1563	38.7978	39.1967	38.833	39.1791	39.0501	39.0204	38.9666	39.2026	38.8912	39.057700000000004	38.9363	39.0192	38.817	39.1162	38.879999999999995	39.14	38.9857	39.0322	38.9032	39.1106	38.8066	39.0801	38.9397	39.0603	38.8791	39.0877	38.9321	39.055	38.917	38.9531	38.7117	39.0796	38.7734	38.9914	39.0193	39.0059	38.9306	39.0967	38.8695	39.0445	38.8839	38.8816	38.798300000000005	39.0649	38.7853	39.012	39.0345	38.9581	38.9221	38.9484	38.8068	38.9051	38.7824	38.9241	38.811499999999995	39.115	38.9022	39.0871	38.9756	39.0413	38.7268	39.0314	38.7262	38.8698	38.8587	38.992399999999996	38.8662	39.1603	38.8678	38.9696	38.8506	38.9764	38.784600000000005	38.9785	38.766099999999994	38.9452	38.920500000000004	38.978	38.9994	39.0046	38.9079	39.0341	39.0187	39.0582	39.0132	39.208999999999996	39.1451	39.3442	39.2001	39.1607	39.162400000000005	39.217	38.8027
Sor-CPnd_014-Ex1-1F-lcwgs-1-3.clmp.r1r2_fastp	55.047999999999995	40.2092	38.0181	37.674800000000005	38.657599999999995	36.3288	35.7237	37.8814	38.6922	37.155100000000004	41.3814	40.7699	40.3791	39.9163	39.7419	39.2478	39.7135	39.3172	39.7009	39.616	39.8503	39.5163	39.7932	39.2389	39.492	39.2946	39.2918	39.0802	39.485	39.1423	39.5712	39.471000000000004	39.572	39.32	39.5702	39.1679	39.4094	39.132099999999994	39.2268	39.0863	39.5525	39.0506	39.434200000000004	39.2834	39.244299999999996	39.0341	39.280100000000004	38.947900000000004	39.2108	39.075700000000005	39.2202	39.062799999999996	39.3114	38.9973	39.2558	39.1476	39.2187	38.9101	39.2576	38.9279	39.2671	39.144	39.0464	39.0369	39.2819	38.9339	39.184400000000004	39.068799999999996	39.1038	38.9015	39.2288	39.0052	39.2351	39.1064	39.098	39.0778	39.2025	38.9347	39.1974	39.0045	39.1887	39.007	39.225100000000005	39.025	39.1816	39.0905	39.118399999999994	38.8924	39.246900000000004	38.9716	39.175399999999996	39.1948	39.169399999999996	39.1057	39.1737	39.012299999999996	39.1788	39.043299999999995	39.111000000000004	38.9662	39.2651	38.9874	39.143499999999996	39.204299999999996	39.1352	39.110499999999995	39.1881	38.9745	39.1895	39.0051	39.1405	39.03	39.245400000000004	39.096599999999995	39.2071	39.179199999999994	39.1911	38.9942	39.2327	38.9418	39.157	39.0837	39.102599999999995	39.1607	39.2867	39.1036	39.189099999999996	39.112700000000004	39.2108	39.0213	39.2029	39.065	39.197700000000005	39.2422	39.2072	39.285399999999996	39.3734	39.1395	39.364	39.2519	39.3123	39.3474	39.5182	39.3768	39.5472	39.4715	39.4467	39.3556	39.535199999999996	39.0114
Sor-CPnd_015-Ex1-5F-lcwgs-1-3.clmp.r1r2_fastp	55.4852	40.024300000000004	38.7732	37.7554	38.8485	36.7481	36.499900000000004	38.8801	39.5602	37.4525	42.3048	41.6048	41.051700000000004	40.446799999999996	40.3908	39.866	40.39	39.9371	40.3503	40.28	40.443200000000004	40.0107	40.3247	39.7399	39.988600000000005	39.7786	39.785900000000005	39.616299999999995	40.021699999999996	39.6623	40.1104	39.9457	40.1164	39.7652	40.0376	39.6212	39.8505	39.5703	39.7141	39.5369	40.025	39.4913	39.8349	39.711400000000005	39.658	39.4306	39.7148	39.314	39.6181	39.5092	39.6218	39.4784	39.764500000000005	39.4529	39.6272	39.5693	39.6292	39.2997	39.6671	39.2629	39.685199999999995	39.4968	39.5058	39.4905	39.733000000000004	39.375	39.589800000000004	39.423700000000004	39.5185	39.257	39.6316	39.376400000000004	39.6177	39.4978	39.527699999999996	39.393	39.5762	39.2532	39.5621	39.355000000000004	39.561600000000006	39.3804	39.622299999999996	39.3555	39.500299999999996	39.4411	39.4636	39.1913	39.5957	39.2953	39.5487	39.495799999999996	39.4961	39.433099999999996	39.6006	39.2878	39.5586	39.342	39.392300000000006	39.2954	39.6198	39.299800000000005	39.4478	39.4934	39.3911	39.3763	39.524100000000004	39.2305	39.4384	39.33	39.434999999999995	39.2701	39.5559	39.4307	39.5103	39.4785	39.4921	39.2771	39.4663	39.2021	39.394400000000005	39.3435	39.3909	39.3446	39.5326	39.356700000000004	39.4314	39.358900000000006	39.5407	39.224	39.4741	39.2791	39.4497	39.5069	39.4692	39.5239	39.6509	39.3708	39.549099999999996	39.5004	39.609899999999996	39.467400000000005	39.7442	39.5149	39.6882	39.7081	39.6459	39.6199	39.7061	39.2322
Sor-CPnd_016-Ex1-1B-lcwgs-1-3.clmp.r1r2_fastp	56.8178	37.067499999999995	40.6597	37.7346	36.8752	34.4486	34.8504	36.9398	38.3861	36.2491	41.3401	41.1963	40.6133	39.8333	39.7221	39.155699999999996	39.6534	39.3657	39.7752	39.6568	39.9697	39.4595	39.6606	39.0454	39.2514	38.9533	39.0843	38.9152	39.373200000000004	39.08	39.5795	39.381699999999995	39.550000000000004	39.1853	39.4319	39.0696	39.275	38.9839	39.279799999999994	39.0505	39.5734	39.0978	39.4835	39.1798	39.2671	39.006800000000005	39.219	38.9637	39.2487	39.0942	39.3238	39.1678	39.443400000000004	39.1416	39.3501	39.1596	39.3366	39.018	39.4092	39.0448	39.4557	39.2365	39.2723	39.1793	39.4202	39.0386	39.3138	39.1087	39.2892	39.0355	39.3892	39.163399999999996	39.4035	39.232	39.2901	39.175	39.3405	39.06	39.339600000000004	39.151599999999995	39.4216	39.204	39.411	39.1608	39.3952	39.1742	39.265	38.987500000000004	39.419	39.049299999999995	39.3962	39.335	39.4031	39.3304	39.400400000000005	39.165499999999994	39.3561	39.075700000000005	39.2847	39.1477	39.4336	39.1455	39.4152	39.2884	39.3534	39.2025	39.3692	39.083600000000004	39.3247	39.1304	39.338499999999996	39.203900000000004	39.4647	39.2973	39.4068	39.361200000000004	39.3568	39.1124	39.351	39.0395	39.3203	39.1936	39.378600000000006	39.3305	39.4651	39.251000000000005	39.4071	39.2009	39.3609	39.088499999999996	39.3762	39.197199999999995	39.4511	39.3492	39.3892	39.4184	39.4957	39.2071	39.4555	39.2849	39.4977	39.381699999999995	39.6318	39.4464	39.7542	39.615899999999996	39.5598	39.4826	39.5951	39.1461
Sor-CPnd_017-Ex1-3G-lcwgs-1-3.clmp.r1r2_fastp	55.9542	38.000499999999995	37.78	36.8945	37.7044	35.3723	35.214	36.8782	37.9011	36.4205	41.024	40.4872	39.991	39.4236	39.2735	38.6755	39.2488	38.764700000000005	39.2405	39.0768	39.3697	38.971000000000004	39.2538	38.670500000000004	38.9193	38.7009	38.766600000000004	38.4972	38.9248	38.5897	38.9565	38.9776	38.942	38.6586	38.952999999999996	38.5438	38.708	38.5991	38.738299999999995	38.3955	39.0038	38.4843	38.7675	38.559	38.717600000000004	38.345400000000005	38.7674	38.3563	38.5735	38.5037	38.6181	38.4707	38.650400000000005	38.5096	38.5933	38.6399	38.5777	38.3611	38.6377	38.3333	38.6897	38.5395	38.488099999999996	38.4025	38.6193	38.4675	38.5135	38.4234	38.6036	38.2569	38.5972	38.3504	38.6786	38.4547	38.481500000000004	38.5233	38.5864	38.3007	38.51	38.4367	38.6214	38.466	38.514199999999995	38.5248	38.601400000000005	38.3963	38.5112	38.2895	38.5559	38.382	38.512299999999996	38.522	38.6801	38.568799999999996	38.5304	38.4621	38.6263	38.4733	38.4088	38.2539	38.642199999999995	38.323800000000006	38.5772	38.5083	38.5756	38.399	38.5554	38.363	38.5745	38.3441	38.502399999999994	38.2847	38.580999999999996	38.4566	38.5503	38.553399999999996	38.5747	38.4473	38.5869	38.0252	38.5606	38.2288	38.482	38.6308	38.647999999999996	38.465500000000006	38.5814	38.6059	38.568599999999996	38.414	38.6577	38.5051	38.4922	38.5327	38.5193	38.5492	38.809	38.351400000000005	38.717800000000004	38.6571	38.731300000000005	38.6315	38.849000000000004	38.699099999999994	39.03	38.7548	38.9022	38.6998	38.870599999999996	38.291599999999995
Sor-CPnd_018-Ex1-1E-lcwgs-1-3.clmp.r1r2_fastp	55.2871	39.7258	37.8443	37.978699999999996	38.8202	34.987	35.4572	37.779	38.7451	37.057	41.5194	40.984300000000005	40.6175	39.964	39.846399999999996	39.3202	39.7884	39.4425	39.792300000000004	39.6492	39.9989	39.5981	39.833200000000005	39.285599999999995	39.509899999999995	39.3577	39.395799999999994	39.1545	39.6014	39.2093	39.6781	39.556799999999996	39.6533	39.3697	39.6473	39.2412	39.487	39.1443	39.3421	39.0794	39.6635	39.0578	39.524	39.223200000000006	39.3405	39.0404	39.3065	38.9286	39.2531	39.0174	39.260400000000004	39.070899999999995	39.3494	39.035599999999995	39.2635	39.149699999999996	39.2678	38.9466	39.2733	38.868900000000004	39.2919	39.1756	39.086	39.0737	39.2723	38.9829	39.185700000000004	39.0519	39.131899999999995	38.9173	39.2613	39.0248	39.278600000000004	39.0781	39.1088	39.0719	39.2135	38.900800000000004	39.2199	39.013799999999996	39.212399999999995	39.0126	39.2127	39.0048	39.2013	39.0192	39.074799999999996	38.8657	39.1976	38.9293	39.226499999999994	39.142900000000004	39.1551	39.103100000000005	39.2363	38.9519	39.202799999999996	38.9567	39.0501	38.9437	39.122800000000005	38.8832	39.138600000000004	39.1543	39.0192	39.0376	39.1736	38.895	39.0983	38.92	39.035	38.8958	39.1213	38.969500000000004	39.151	39.0623	39.1119	38.8641	39.0591	38.794200000000004	39.0689	38.9436	39.021899999999995	38.9937	39.184999999999995	38.9348	39.108399999999996	38.9878	39.0314	38.893699999999995	39.0826	38.942	39.0942	39.084	39.0874	39.1582	39.2245	38.9588	39.2036	39.0997	39.1921	39.1886	39.379799999999996	39.2245	39.3575	39.319900000000004	39.2204	39.2818	39.3121	38.9748
Sor-CPnd_019-Ex1-6G-lcwgs-1-3.clmp.r1r2_fastp	55.145500000000006	39.8441	38.0938	37.5104	38.8226	36.5621	36.4838	38.5049	39.260400000000004	37.1874	41.881800000000005	41.2337	40.7633	40.1765	40.0541	39.5372	40.0578	39.5778	40.0389	39.929700000000004	40.1213	39.713	40.0479	39.4224	39.7089	39.4772	39.5114	39.2695	39.7532	39.3206	39.7908	39.6582	39.7677	39.4597	39.7767	39.3356	39.556799999999996	39.2815	39.4363	39.217200000000005	39.6957	39.2157	39.5366	39.393699999999995	39.3508	39.1428	39.4272	39.066	39.3532	39.1799	39.3539	39.2086	39.4634	39.123999999999995	39.374199999999995	39.265899999999995	39.3729	39.0069	39.369	39.0497	39.4238	39.2671	39.237899999999996	39.1478	39.4169	39.0961	39.2746	39.1976	39.1984	39.0383	39.3578	39.1456	39.37	39.2318	39.2372	39.1735	39.3145	39.035799999999995	39.308	39.152300000000004	39.3204	39.143499999999996	39.3516	39.1096	39.312599999999996	39.2156	39.238	38.9901	39.3537	39.0128	39.3246	39.2997	39.2966	39.2341	39.3351	39.176	39.2899	39.1895	39.2058	39.1351	39.4019	39.1188	39.3098	39.319500000000005	39.2592	39.240700000000004	39.372800000000005	39.0912	39.325500000000005	39.1077	39.311099999999996	39.165	39.367799999999995	39.224	39.3942	39.3063	39.3354	39.141	39.326499999999996	39.0841	39.2855	39.2428	39.3036	39.2643	39.435700000000004	39.2093	39.373000000000005	39.2918	39.333600000000004	39.1044	39.3573	39.1607	39.3799	39.35	39.3921	39.3971	39.433	39.3231	39.5069	39.439	39.4938	39.4895	39.5936	39.5403	39.739200000000004	39.6563	39.6254	39.5288	39.6612	39.1203
Sor-CPnd_020-Ex1-2E-lcwgs-1-3.clmp.r1r2_fastp	55.7356	37.6205	37.1717	36.7346	37.923899999999996	34.0333	34.5067	36.5753	37.648199999999996	35.984500000000004	40.928599999999996	40.285700000000006	39.900400000000005	39.2385	39.086999999999996	38.5415	39.0457	38.6586	39.0075	38.9188	39.2629	38.8247	39.008199999999995	38.4696	38.6997	38.4244	38.4797	38.3056	38.686	38.3618	38.846399999999996	38.6788	38.8463	38.5373	38.8214	38.460499999999996	38.6133	38.334	38.521699999999996	38.301	38.8141	38.3487	38.7019	38.5026	38.5561	38.3352	38.5297	38.1947	38.4995	38.3215	38.5188	38.3492	38.683499999999995	38.3601	38.5504	38.4647	38.5681	38.2585	38.543	38.2451	38.608	38.4356	38.427099999999996	38.3737	38.5693	38.284800000000004	38.5175	38.3782	38.447900000000004	38.2487	38.5424	38.352799999999995	38.5863	38.4374	38.4399	38.3811	38.5577	38.246900000000004	38.5401	38.3532	38.5466	38.3566	38.557	38.3986	38.5609	38.403	38.449	38.261	38.5694	38.2764	38.5593	38.506299999999996	38.5376	38.4624	38.575900000000004	38.4327	38.5681	38.378299999999996	38.4649	38.3133	38.5989	38.3652	38.554500000000004	38.5508	38.509100000000004	38.485	38.5374	38.3638	38.575900000000004	38.3815	38.5482	38.3935	38.5839	38.4846	38.6259	38.5972	38.5585	38.368	38.6293	38.3281	38.558	38.4645	38.5518	38.5488	38.679	38.5118	38.6243	38.4944	38.609500000000004	38.3851	38.5934	38.425	38.6127	38.6088	38.6729	38.6932	38.775	38.5603	38.7909	38.6728	38.8209	38.7288	38.9231	38.8187	39.0438	38.9323	38.8501	38.8442	38.940000000000005	38.3916
Sor-CPnd_022-Ex1-7C-lcwgs-1-3.clmp.r1r2_fastp	55.6063	39.286300000000004	37.843900000000005	36.8659	38.2497	35.787	35.7469	37.941599999999994	38.8411	36.5948	41.765299999999996	41.1188	40.5231	39.8647	39.7841	39.2665	39.7536	39.3153	39.7008	39.6383	39.8348	39.3987	39.6538	39.063199999999995	39.2769	39.0526	39.0953	38.8551	39.31	38.925399999999996	39.4195	39.2389	39.3891	39.0544	39.3554	38.914100000000005	39.1198	38.814	39.0181	38.7525	39.3285	38.7714	39.1633	38.9396	38.9834	38.7537	38.9432	38.6255	38.9247	38.7481	38.9247	38.776500000000006	39.0693	38.739000000000004	38.9309	38.864599999999996	38.9223	38.6175	38.9421	38.644099999999995	38.9656	38.8474	38.8206	38.7817	39.0126	38.652300000000004	38.8819	38.7278	38.831700000000005	38.6087	38.9718	38.7231	38.962599999999995	38.8075	38.8505	38.7627	38.9128	38.6515	38.8693	38.7337	38.9368	38.7363	38.9427	38.7298	38.8784	38.7625	38.8277	38.574999999999996	38.9369	38.6541	38.8755	38.8623	38.9281	38.838899999999995	38.9268	38.772400000000005	38.9063	38.7576	38.811099999999996	38.6201	38.9639	38.6605	38.891	38.914500000000004	38.8163	38.8293	38.9042	38.6539	38.893	38.669799999999995	38.8495	38.7927	38.911699999999996	38.8431	38.9692	38.9137	38.920300000000005	38.711400000000005	38.908500000000004	38.650099999999995	38.8745	38.762	38.8679	38.9104	38.9853	38.818799999999996	38.9567	38.8218	38.9175	38.671	38.9056	38.787	38.9531	38.9507	38.989200000000004	39.0178	39.0713	38.872299999999996	39.0593	38.9574	39.1072	39.044000000000004	39.210499999999996	39.1197	39.3154	39.2206	39.190000000000005	39.1258	39.217999999999996	38.8278
Sor-CPnd_024-Ex1-5G-lcwgs-1-3.clmp.r1r2_fastp	55.4589	39.1675	37.5648	36.8754	38.5785	36.1848	36.1269	37.8763	38.7417	36.8591	41.6629	40.9865	40.5386	39.9198	39.8706	39.3697	39.8977	39.418	39.8037	39.7688	39.9238	39.5623	39.8264	39.313199999999995	39.5483	39.3167	39.4187	39.088499999999996	39.5447	39.1287	39.6667	39.4437	39.6059	39.280100000000004	39.6265	39.2275	39.4784	39.0621	39.2685	38.993	39.5256	39.0608	39.386500000000005	39.2324	39.2396	38.9928	39.273599999999995	38.9105	39.1106	38.9844	39.1666	39.0223	39.326699999999995	38.9953	39.2272	39.128099999999996	39.1986	38.8323	39.238	38.8791	39.250600000000006	39.0923	39.0266	38.986399999999996	39.2034	38.8988	39.155699999999996	39.0117	39.0727	38.8409	39.2625	38.9639	39.205600000000004	39.0109	39.0991	38.9708	39.197900000000004	38.8098	39.1992	38.9484	39.1656	38.9893	39.1432	38.9493	39.1486	38.996199999999995	39.0186	38.8065	39.1395	38.952799999999996	39.0734	39.1814	39.108	38.9705	39.1825	38.9723	39.1066	38.8988	39.0359	38.9149	39.1494	38.9102	39.0419	39.0925	39.0522	38.9906	39.2412	38.817099999999996	39.1224	38.847300000000004	38.975500000000004	38.8882	39.1152	38.9303	39.1684	39.1219	39.1036	38.9396	39.1191	38.8548	39.0262	38.8575	38.906800000000004	39.0304	39.2622	38.9181	39.1535	39.0326	39.0532	38.831900000000005	39.0895	38.9452	39.0605	39.0318	39.0206	39.084	39.293	38.9681	39.231100000000005	39.0563	39.2722	39.1627	39.345	39.2385	39.339800000000004	39.382	39.308	39.2554	39.4022	38.7748
Sor-CPnd_026-Ex1-3H-lcwgs-1-3.clmp.r1r2_fastp	56.131699999999995	37.6896	37.4332	36.414	37.8329	34.5534	35.1302	36.8695	37.8602	36.1585	41.119699999999995	40.5163	40.049099999999996	39.4795	39.3356	38.812200000000004	39.358399999999996	38.9509	39.305299999999995	39.2297	39.4966	39.0965	39.2927	38.739200000000004	38.9611	38.696799999999996	38.7224	38.6038	39.004	38.6157	39.0963	38.9664	39.0567	38.7967	39.075900000000004	38.702999999999996	38.8815	38.6156	38.813199999999995	38.5857	39.0636	38.6372	38.9766	38.7727	38.8145	38.6158	38.7978	38.463	38.7855	38.6038	38.7948	38.6741	38.929399999999994	38.6589	38.851200000000006	38.7402	38.8503	38.547799999999995	38.8304	38.5505	38.8348	38.7322	38.6923	38.7023	38.9065	38.5936	38.7895	38.685199999999995	38.7026	38.5593	38.858399999999996	38.6401	38.8691	38.7231	38.7814	38.7135	38.865899999999996	38.5656	38.841300000000004	38.676100000000005	38.8496	38.674	38.886900000000004	38.6384	38.845600000000005	38.6721	38.7419	38.5372	38.900600000000004	38.585	38.811299999999996	38.8331	38.8167	38.7493	38.8431	38.669	38.825900000000004	38.6828	38.7685	38.6207	38.9022	38.6192	38.832899999999995	38.8474	38.798100000000005	38.7312	38.8247	38.6542	38.8024	38.6119	38.7785	38.6633	38.8859	38.7769	38.9009	38.8592	38.8383	38.6746	38.8373	38.574799999999996	38.800200000000004	38.705600000000004	38.8078	38.795	38.9449	38.7471	38.859500000000004	38.7368	38.837500000000006	38.614	38.8373	38.7027	38.8544	38.905899999999995	38.8432	38.935199999999995	39.0212	38.7807	38.9953	38.9002	38.968	38.9565	39.097300000000004	39.0148	39.211600000000004	39.1331	39.07	39.0547	39.1271	38.690000000000005
Sor-CPnd_027-Ex1-3C-lcwgs-1-3.clmp.r1r2_fastp	56.052400000000006	38.2228	38.2495	36.8941	38.285599999999995	35.747099999999996	35.6711	37.5354	38.454	36.5191	41.6423	41.0458	40.4197	39.8337	39.7057	39.2231	39.7836	39.3218	39.7162	39.6873	39.825	39.4431	39.5935	39.0732	39.2608	39.0065	39.090599999999995	38.8642	39.2494	38.9258	39.373999999999995	39.1945	39.372600000000006	39.1304	39.3669	39.034400000000005	39.2432	38.920500000000004	39.0886	38.925399999999996	39.4113	38.9571	39.317	39.0727	39.107	38.9647	39.1291	38.8217	39.1204	38.968599999999995	39.111000000000004	39.0314	39.2262	38.9808	39.1879	39.1133	39.1855	38.8719	39.1888	38.8714	39.2278	39.0621	39.051399999999994	39.0007	39.2177	38.899	39.1654	39.050000000000004	39.1057	38.9137	39.213	38.975100000000005	39.1798	39.1392	39.1113	39.0172	39.2006	38.9714	39.1478	38.966	39.2362	39.0332	39.228699999999996	39.0604	39.2199	39.1092	39.1198	38.9116	39.2354	38.9701	39.1932	39.197199999999995	39.1918	39.1207	39.237	39.0653	39.2352	39.061800000000005	39.103	39.0411	39.2871	39.0581	39.1592	39.266600000000004	39.1964	39.148500000000006	39.2677	39.0305	39.2592	39.0881	39.195	39.1077	39.3127	39.1806	39.3054	39.2746	39.2764	39.0641	39.278	39.0448	39.2632	39.1883	39.2955	39.2492	39.4024	39.251200000000004	39.3451	39.2203	39.275999999999996	39.1175	39.3159	39.1401	39.337	39.3075	39.353500000000004	39.3787	39.4904	39.280300000000004	39.5268	39.3585	39.4561	39.4373	39.5483	39.5255	39.6485	39.608900000000006	39.5867	39.509100000000004	39.602599999999995	39.1933
Sor-CPnd_028-Ex1-3A-lcwgs-1-3.clmp.r1r2_fastp	56.1717	38.150800000000004	38.2953	36.762699999999995	38.2045	34.469100000000005	35.0053	37.172	38.3691	36.2819	41.5094	41.2042	40.7245	39.9747	39.9054	39.2423	39.7705	39.3335	39.7471	39.652100000000004	39.9189	39.4579	39.6664	39.0978	39.2905	39.0339	39.0905	38.8627	39.2791	38.961400000000005	39.4276	39.2971	39.4595	39.1383	39.420300000000005	39.029599999999995	39.2019	38.9053	39.1267	38.9407	39.3903	38.9517	39.306400000000004	39.0955	39.1489	38.9181	39.1246	38.791799999999995	39.0451	38.934000000000005	39.1392	38.9602	39.2757	38.945	39.1315	39.0409	39.1569	38.8001	39.148500000000006	38.8133	39.172200000000004	39.0345	39.016600000000004	38.9774	39.2189	38.8708	39.0993	38.973400000000005	39.013999999999996	38.8412	39.1436	38.9448	39.1804	39.0308	39.1174	38.992599999999996	39.153	38.8508	39.1077	38.9434	39.1809	38.9519	39.1739	38.9939	39.137699999999995	39.032	39.0732	38.803399999999996	39.2089	38.8373	39.1579	39.1016	39.165	39.055	39.1543	38.997	39.190999999999995	38.9529	39.0807	38.8835	39.212799999999994	38.95	39.132400000000004	39.1569	39.1462	39.0472	39.169599999999996	38.939800000000005	39.141799999999996	38.928200000000004	39.0936	38.975500000000004	39.216499999999996	39.1085	39.1945	39.1517	39.224199999999996	38.957	39.1765	38.900800000000004	39.1183	38.980199999999996	39.1399	39.108	39.2637	39.0591	39.2031	39.088899999999995	39.2199	38.9677	39.2363	39.008700000000005	39.210699999999996	39.195600000000006	39.1924	39.226	39.367799999999995	39.1493	39.3445	39.208999999999996	39.376	39.3029	39.4846	39.380900000000004	39.5717	39.4975	39.4231	39.3442	39.441900000000004	39.0731
Sor-CPnd_029-Ex1-8E-lcwgs-1-3.clmp.r1r2_fastp	54.3225	39.021499999999996	37.0275	36.5988	37.8422	34.053	34.799600000000005	37.246	38.1077	36.1545	40.958099999999995	40.3148	39.7949	39.2129	39.033	38.5362	39.056200000000004	38.6253	39.026300000000006	38.8966	39.146300000000004	38.7224	38.9997	38.4223	38.6445	38.4118	38.461099999999995	38.2659	38.668400000000005	38.36	38.7808	38.6402	38.7776	38.480599999999995	38.7404	38.3424	38.5521	38.2282	38.4274	38.236399999999996	38.738499999999995	38.2653	38.6044	38.4334	38.4112	38.2525	38.386900000000004	38.09	38.359	38.2281	38.3738	38.2449	38.5173	38.2407	38.4173	38.322	38.4236	38.0893	38.388600000000004	38.091	38.3957	38.2971	38.2489	38.2425	38.4358	38.1502	38.3198	38.2474	38.2792	38.0791	38.4094	38.1365	38.4075	38.2678	38.284400000000005	38.225300000000004	38.380199999999995	38.1029	38.358	38.1655	38.3787	38.1685	38.388	38.1697	38.367000000000004	38.2269	38.2507	38.0237	38.3771	38.0892	38.3151	38.286300000000004	38.333099999999995	38.239200000000004	38.3669	38.2029	38.2968	38.1483	38.237700000000004	38.1021	38.3386	38.1208	38.2593	38.3212	38.2885	38.1866	38.3304	38.1141	38.2534	38.1013	38.2743	38.175	38.3226	38.2065	38.3564	38.33	38.2698	38.0825	38.3294	38.0711	38.2353	38.1514	38.234899999999996	38.2701	38.358799999999995	38.2299	38.2895	38.2295	38.2881	38.1133	38.3157	38.1711	38.3137	38.286	38.3322	38.3778	38.487300000000005	38.2466	38.4428	38.421	38.4565	38.467	38.6421	38.5533	38.6938	38.6428	38.5651	38.5257	38.611000000000004	38.2268
Sor-CPnd_030-Ex1-2H-lcwgs-1-3.clmp.r1r2_fastp	55.691599999999994	38.5438	37.677	36.7976	38.2309	35.114200000000004	35.7376	37.6039	38.465700000000005	36.5491	41.5724	40.9273	40.427800000000005	39.7823	39.6517	39.164	39.7061	39.2628	39.691700000000004	39.5886	39.8287	39.4061	39.6575	39.113	39.3294	39.1338	39.1331	38.9195	39.3451	38.9711	39.468199999999996	39.2873	39.4162	39.1567	39.4716	39.0377	39.2762	38.943	39.123599999999996	38.9361	39.4446	38.8998	39.2872	39.1265	39.149899999999995	38.9448	39.153999999999996	38.8243	39.1028	38.952	39.124199999999995	38.9681	39.2588	38.9506	39.1742	39.1	39.1672	38.819900000000004	39.2146	38.860299999999995	39.2059	39.094	39.0295	39.0083	39.2415	38.911699999999996	39.1042	39.0268	39.0175	38.862	39.2361	38.9838	39.204899999999995	39.095600000000005	39.095200000000006	39.0832	39.1959	38.8893	39.1758	38.9699	39.239000000000004	38.9801	39.1618	39.0064	39.1487	39.0345	39.0749	38.8717	39.1799	38.9151	39.1679	39.1618	39.1248	39.0737	39.2284	39.0216	39.1466	38.9937	39.0957	38.940200000000004	39.216499999999996	38.9411	39.122800000000005	39.1619	39.0852	39.0665	39.198699999999995	38.960699999999996	39.1274	38.9563	39.1042	38.9423	39.233000000000004	39.071099999999994	39.2132	39.161	39.1648	38.9323	39.1716	38.933099999999996	39.0849	39.0204	39.1901	39.1255	39.2616	39.0392	39.193099999999994	39.0458	39.1822	38.8983	39.1846	38.9938	39.1023	39.108	39.190799999999996	39.2085	39.3183	39.0884	39.220699999999994	39.197700000000005	39.3344	39.2858	39.372299999999996	39.341300000000004	39.4284	39.5389	39.4364	39.384	39.4492	38.921099999999996
Sor-CPnd_031-Ex1-5D-lcwgs-1-3.clmp.r1r2_fastp	55.618599999999994	39.1227	37.884499999999996	36.8969	38.4154	34.9951	35.863299999999995	37.6865	38.5865	36.682700000000004	41.508	40.9287	40.468399999999995	39.901599999999995	39.7475	39.250099999999996	39.7559	39.3354	39.7139	39.636500000000005	39.8333	39.439099999999996	39.6871	39.1723	39.3684	39.1081	39.150400000000005	38.9714	39.3581	39.0098	39.4651	39.3428	39.4787	39.1941	39.4204	39.071600000000004	39.2147	38.978699999999996	39.141999999999996	38.9438	39.452	38.9783	39.3312	39.1359	39.144600000000004	38.958999999999996	39.1735	38.836999999999996	39.1271	38.9448	39.1339	38.982	39.2408	38.960499999999996	39.158300000000004	39.0574	39.175900000000006	38.8611	39.209500000000006	38.844699999999996	39.1839	39.0629	39.0332	38.9966	39.2401	38.9025	39.1213	38.9901	39.053900000000006	38.890299999999996	39.1825	38.9356	39.1954	39.0705	39.0814	39.014900000000004	39.188	38.8652	39.1605	38.9834	39.1669	38.9515	39.1742	38.947700000000005	39.1476	39.0487	39.0575	38.8831	39.1982	38.8805	39.145	39.0764	39.1362	39.0713	39.18	38.9849	39.1455	38.969500000000004	39.048100000000005	38.9311	39.1991	38.9311	39.118900000000004	39.1461	39.0982	39.0655	39.1762	38.9396	39.128	38.9947	39.1306	38.9951	39.2012	39.0512	39.2437	39.1503	39.1202	38.9613	39.1839	38.87	39.094899999999996	39.0454	39.1126	39.0953	39.231300000000005	39.0459	39.1738	39.0753	39.183800000000005	38.9761	39.2213	38.9991	39.1529	39.132400000000004	39.1843	39.2414	39.3358	39.062599999999996	39.3249	39.2029	39.3486	39.2351	39.4663	39.3205	39.5169	39.4708	39.3833	39.3446	39.461200000000005	39.015499999999996
Sor-CPnd_033-Ex1-2F-lcwgs-1-3.clmp.r1r2_fastp	55.1284	37.7386	37.1391	36.359	37.754	35.2987	34.8398	36.7183	37.6755	35.957	40.9199	40.305099999999996	39.7708	39.1599	39.0556	38.5111	39.0528	38.6883	39.029	39.01	39.2276	38.907399999999996	39.0026	38.4671	38.6857	38.4237	38.5291	38.283699999999996	38.6449	38.3364	38.799499999999995	38.6616	38.838699999999996	38.514900000000004	38.814	38.4512	38.6396	38.3405	38.5051	38.339600000000004	38.7697	38.36	38.710699999999996	38.5158	38.5388	38.3187	38.4578	38.2646	38.4443	38.2758	38.5096	38.4019	38.5876	38.3283	38.5225	38.4339	38.5585	38.1909	38.581500000000005	38.257799999999996	38.5343	38.446000000000005	38.379000000000005	38.3543	38.4915	38.320100000000004	38.4884	38.3618	38.4108	38.2418	38.5108	38.3879	38.5301	38.3821	38.467400000000005	38.3762	38.5039	38.3013	38.4778	38.3348	38.59	38.3968	38.5287	38.3695	38.5244	38.4071	38.4336	38.1917	38.5628	38.249300000000005	38.6129	38.4533	38.5236	38.4383	38.6067	38.3373	38.549099999999996	38.3975	38.3634	38.3315	38.599	38.3517	38.4663	38.540400000000005	38.4831	38.445299999999996	38.6002	38.2894	38.5059	38.3704	38.466899999999995	38.4034	38.5995	38.494099999999996	38.5871	38.5243	38.557900000000004	38.3934	38.539699999999996	38.3223	38.4608	38.4557	38.455	38.4977	38.6071	38.4144	38.5762	38.4575	38.5649	38.4129	38.582	38.377	38.5917	38.595600000000005	38.5899	38.665	38.7344	38.479400000000005	38.658500000000004	38.6154	38.7353	38.6199	38.8264	38.6616	38.9454	38.8425	38.821	38.8748	38.7592	38.3042
Sor-CPnd_034-Ex1-4G-lcwgs-1-3.clmp.r1r2_fastp	55.006	39.9919	38.2421	37.5244	38.9297	36.5139	36.6848	38.764900000000004	39.4567	37.366	42.093399999999995	41.44	40.8927	40.3086	40.1683	39.6615	40.2619	39.7462	40.1727	40.1484	40.2886	39.894200000000005	40.212199999999996	39.6548	39.8787	39.6186	39.6592	39.4384	39.8536	39.482099999999996	39.9688	39.7944	39.9937	39.602199999999996	39.874700000000004	39.4929	39.6827	39.4187	39.5336	39.360299999999995	39.8246	39.3337	39.6862	39.5456	39.4972	39.3164	39.4859	39.2431	39.460899999999995	39.353300000000004	39.4467	39.3089	39.568599999999996	39.2763	39.4775	39.3991	39.488	39.134299999999996	39.522600000000004	39.1575	39.4938	39.3771	39.339200000000005	39.239000000000004	39.5459	39.259899999999995	39.385999999999996	39.272400000000005	39.3844	39.1364	39.4756	39.230399999999996	39.4799	39.3461	39.3161	39.292	39.4414	39.1472	39.4069	39.257799999999996	39.368700000000004	39.2592	39.4045	39.301199999999994	39.3177	39.297900000000006	39.3119	39.1271	39.408100000000005	39.1246	39.347300000000004	39.323	39.33	39.2528	39.3579	39.2417	39.332499999999996	39.222	39.2774	39.1317	39.3947	39.063199999999995	39.2685	39.3633	39.2564	39.3028	39.3887	39.097100000000005	39.3278	39.043099999999995	39.3597	39.1871	39.3313	39.206	39.3104	39.400600000000004	39.2774	39.135999999999996	39.33	39.0525	39.3424	39.2353	39.3354	39.2101	39.4311	39.1882	39.303399999999996	39.144800000000004	39.3431	39.257799999999996	39.3408	39.2341	39.32	39.2808	39.4129	39.3078	39.494099999999996	39.2943	39.4921	39.274100000000004	39.62	39.4495	39.536300000000004	39.5102	39.6394	39.702799999999996	39.531	39.5462	39.6005	39.103
Sor-CPnd_036-Ex1-5C-lcwgs-1-3.clmp.r1r2_fastp	54.5372	39.7374	37.447399999999995	36.876	38.3342	36.018	35.5548	37.6813	38.662400000000005	36.6427	41.4184	41.04	40.5245	39.885799999999996	39.7227	39.2034	39.676899999999996	39.2524	39.664	39.629599999999996	39.8145	39.3775	39.6353	39.1014	39.2795	39.0992	39.076499999999996	38.8839	39.292899999999996	38.9262	39.387299999999996	39.2641	39.3619	39.0985	39.3445	38.9428	39.147999999999996	38.8544	38.987300000000005	38.7546	39.2502	38.7793	39.095	38.9502	38.8966	38.6736	38.8707	38.5627	38.7492	38.6289	38.7874	38.6308	38.888600000000004	38.6102	38.7658	38.6803	38.7361	38.425599999999996	38.726699999999994	38.4424	38.731700000000004	38.6156	38.5764	38.5499	38.7602	38.459199999999996	38.6142	38.5341	38.5705	38.3692	38.7192	38.4985	38.6882	38.5781	38.5666	38.501200000000004	38.6402	38.3722	38.6178	38.4772	38.6781	38.461600000000004	38.7023	38.47	38.6434	38.5193	38.5552	38.3561	38.642900000000004	38.3741	38.614599999999996	38.5703	38.6157	38.5734	38.6511	38.466699999999996	38.643	38.4776	38.4918	38.4037	38.6602	38.420300000000005	38.5656	38.620599999999996	38.592	38.520199999999996	38.5988	38.4095	38.5871	38.4063	38.57	38.4252	38.647999999999996	38.5528	38.6519	38.624	38.6412	38.385200000000005	38.6178	38.4024	38.557900000000004	38.4712	38.6171	38.5539	38.7468	38.5636	38.6245	38.554300000000005	38.650800000000004	38.4089	38.632600000000004	38.469500000000004	38.6194	38.655499999999996	38.6759	38.742399999999996	38.7823	38.6359	38.746199999999995	38.6793	38.8409	38.757999999999996	38.9371	38.826899999999995	38.9996	38.9801	38.8577	38.8532	38.9418	38.510600000000004
Sor-CPnd_037-Ex1-6C-lcwgs-1-3.clmp.r1r2_fastp	55.523900000000005	39.124199999999995	38.047	37.0388	38.3635	35.9388	35.9165	38.249300000000005	39.210899999999995	36.616	42.1365	41.3848	40.799800000000005	40.0605	39.975300000000004	39.3343	40.0179	39.401199999999996	39.962199999999996	39.8196	40.0965	39.5735	39.935900000000004	39.2273	39.480900000000005	39.2067	39.2982	39.0509	39.5918	39.083	39.6714	39.4459	39.6687	39.2475	39.6258	39.0921	39.3842	39.0128	39.2376	39.0047	39.562000000000005	38.9508	39.4403	39.1148	39.2086	38.9026	39.1598	38.799099999999996	39.1258	38.888400000000004	39.1959	38.9471	39.297399999999996	38.885	39.1949	38.9646	39.1334	38.751200000000004	39.1599	38.7641	39.1563	38.9316	39.0494	38.9024	39.191900000000004	38.728	39.1118	38.8101	39.0221	38.756299999999996	39.1174	38.846199999999996	39.1416	38.9325	39.0382	38.874399999999994	39.0408	38.7079	39.0687	38.793299999999995	39.0922	38.8154	39.0696	38.7968	39.0912	38.8614	38.9366	38.6378	39.142900000000004	38.663199999999996	39.0237	38.9292	38.9965	38.8786	39.0615	38.7747	38.9752	38.7571	38.9389	38.704	39.088	38.7269	38.9768	38.9538	38.9797	38.8303	38.9715	38.7125	38.9624	38.7087	38.9047	38.7595	39.043499999999995	38.8337	38.9876	38.962	38.9252	38.699	39.0339	38.6528	38.954	38.8069	38.9026	38.8275	39.0821	38.7885	39.016400000000004	38.7747	38.988299999999995	38.6259	38.9987	38.7422	38.939800000000005	38.9042	38.9699	38.9843	39.0492	38.8704	39.128600000000006	38.927800000000005	39.1835	39.001000000000005	39.235	39.1204	39.273799999999994	39.2351	39.1657	39.1469	39.2001	38.7547
Sor-CPnd_038-Ex1-2A-lcwgs-1-3.clmp.r1r2_fastp	56.15090000000001	37.1362	37.6791	36.1107	37.6006	33.9866	34.4194	36.688900000000004	37.932700000000004	35.6607	41.2599	41.004400000000004	40.364	39.6428	39.5053	38.8618	39.3912	38.966499999999996	39.317800000000005	39.2956	39.5494	39.0923	39.2906	38.6925	38.8804	38.6109	38.6458	38.4994	38.87	38.5737	39.052	38.927299999999995	39.076499999999996	38.7747	39.0302	38.6687	38.817800000000005	38.538	38.7584	38.512800000000006	39.0645	38.626	38.9768	38.7615	38.8264	38.6085	38.7769	38.480399999999996	38.712999999999994	38.6011	38.7567	38.6627	38.9183	38.6536	38.8202	38.7089	38.8563	38.4923	38.8075	38.5247	38.8523	38.711800000000004	38.7407	38.663599999999995	38.873999999999995	38.5952	38.776500000000006	38.6286	38.7224	38.5331	38.8347	38.656	38.9011	38.742399999999996	38.7962	38.711800000000004	38.8592	38.5916	38.8112	38.6357	38.9174	38.6512	38.8469	38.7043	38.860299999999995	38.708999999999996	38.7764	38.5527	38.908300000000004	38.575700000000005	38.8525	38.7946	38.8736	38.778800000000004	38.9361	38.7119	38.894400000000005	38.6731	38.7778	38.6505	38.9322	38.661	38.8472	38.868900000000004	38.8866	38.7928	38.8814	38.649499999999996	38.8633	38.6464	38.8381	38.6738	38.9315	38.812400000000004	38.945800000000006	38.9079	38.9241	38.670300000000005	38.9426	38.630399999999995	38.8557	38.7405	38.8904	38.8314	39.030300000000004	38.794000000000004	38.9828	38.798300000000005	38.9566	38.6889	38.9461	38.7665	38.9509	38.9321	38.976	38.9657	39.082899999999995	38.870599999999996	39.0871	38.9253	39.1586	39.0297	39.1584	39.0969	39.2977	39.230399999999996	39.207	39.122099999999996	39.2218	38.7537
Sor-CPnd_041-Ex1-7A-lcwgs-1-3.clmp.r1r2_fastp	54.6605	39.143899999999995	38.1587	37.5578	38.215199999999996	34.964	35.268899999999995	38.0856	39.1598	36.8745	41.789500000000004	41.5834	40.9159	40.2746	40.0624	39.543	39.9974	39.6612	39.9952	39.9441	40.1773	39.783699999999996	40.0295	39.4916	39.6952	39.468599999999995	39.5173	39.366299999999995	39.7483	39.4436	39.8602	39.7408	39.849000000000004	39.590199999999996	39.848299999999995	39.4878	39.649699999999996	39.4179	39.5624	39.4106	39.8515	39.4231	39.7239	39.5956	39.616299999999995	39.3795	39.6081	39.3511	39.530100000000004	39.4506	39.590599999999995	39.4863	39.711600000000004	39.4418	39.6111	39.517799999999994	39.6332	39.3377	39.635799999999996	39.3566	39.652100000000004	39.5345	39.4975	39.489999999999995	39.7018	39.4207	39.6111	39.5011	39.555800000000005	39.401399999999995	39.6775	39.4885	39.6822	39.5773	39.5998	39.5374	39.6748	39.4223	39.6556	39.513799999999996	39.6999	39.5466	39.7274	39.547	39.690999999999995	39.6183	39.6408	39.414300000000004	39.7509	39.5028	39.7215	39.7228	39.7403	39.6633	39.7564	39.614	39.7295	39.6201	39.6659	39.5758	39.8281	39.603300000000004	39.7798	39.840399999999995	39.771499999999996	39.7442	39.8239	39.6402	39.8087	39.6763	39.8381	39.7335	39.9319	39.814	39.9398	39.9319	39.8983	39.733000000000004	39.9641	39.7341	39.9066	39.8583	39.9557	39.9216	40.1141	39.9304	40.0545	39.9107	40.0627	39.8289	40.1018	39.941900000000004	40.1314	40.0905	40.1211	40.1764	40.2416	40.070499999999996	40.2565	40.1667	40.300599999999996	40.192699999999995	40.3949	40.289500000000004	40.4688	40.532000000000004	40.3835	40.405	40.5418	40.0771
Sor-CPnd_043-Ex1-1D-lcwgs-1-3.clmp.r1r2_fastp	54.7643	39.8472	37.6149	37.0844	38.616	35.0075	35.6978	37.6109	38.6333	36.5072	41.286	40.925	40.4609	39.8717	39.7041	39.1932	39.6932	39.291399999999996	39.6275	39.5974	39.7958	39.39	39.6275	39.1351	39.3225	39.1038	39.0968	38.9087	39.3484	38.957	39.4181	39.279599999999995	39.4235	39.1308	39.414500000000004	39.0325	39.2038	38.9345	39.0778	38.9193	39.3863	38.9226	39.2146	39.0984	39.0923	38.8894	39.1323	38.771	39.0405	38.8691	39.0446	38.8876	39.1937	38.9206	39.1191	39.0209	39.1054	38.7753	39.1054	38.7814	39.0835	38.981100000000005	38.9683	38.903	39.1451	38.8208	39.044000000000004	38.908500000000004	39.013999999999996	38.7695	39.1215	38.8688	39.1098	38.9846	38.9783	38.9142	39.1219	38.819900000000004	39.056999999999995	38.8544	39.1256	38.846599999999995	39.0747	38.8893	39.08	38.9364	38.9942	38.7502	39.0957	38.8185	39.0067	39.0015	39.0409	38.9484	39.0764	38.9151	39.0561	38.9115	38.9677	38.865	39.0878	38.872299999999996	39.0448	39.0732	39.0283	38.977000000000004	39.074999999999996	38.8242	39.0446	38.8967	39.0132	38.9033	39.0944	38.9891	39.1178	39.029199999999996	39.0333	38.8368	39.1069	38.7663	38.9789	38.8928	39.032	38.9548	39.1712	38.9116	39.1023	39.0007	39.0818	38.824	39.1293	38.8775	39.1265	39.0466	39.065	39.1491	39.2346	38.9557	39.2285	39.1426	39.2783	39.1861	39.339400000000005	39.268	39.4144	39.388600000000004	39.2745	39.231500000000004	39.3748	38.9509
Sor-CPnd_044-Ex1-8G-lcwgs-1-3.clmp.r1r2_fastp	54.84290000000001	39.2294	37.393100000000004	36.5455	38.1584	35.7549	35.883199999999995	37.9016	38.6615	36.4282	41.4401	40.7891	40.1881	39.610099999999996	39.4757	38.9529	39.4796	39.0169	39.4262	39.3634	39.5227	39.1445	39.393499999999996	38.8692	39.035799999999995	38.8187	38.8439	38.6282	39.0407	38.6661	39.1278	39.0134	39.108599999999996	38.8349	39.0857	38.707	38.8932	38.6125	38.7326	38.556200000000004	38.9947	38.5524	38.8787	38.7226	38.6936	38.4889	38.6993	38.406600000000005	38.6124	38.4956	38.648500000000006	38.4843	38.789	38.4863	38.6607	38.5804	38.6737	38.3434	38.6605	38.352799999999995	38.6594	38.554500000000004	38.5233	38.4526	38.7043	38.406600000000005	38.598	38.467400000000005	38.5273	38.3118	38.6442	38.418600000000005	38.6408	38.5366	38.5616	38.4548	38.634299999999996	38.359700000000004	38.5928	38.449	38.6041	38.426500000000004	38.6064	38.4127	38.5791	38.4677	38.4908	38.292300000000004	38.6514	38.3146	38.5978	38.571	38.586	38.506099999999996	38.6187	38.411	38.5986	38.431	38.4431	38.37	38.6297	38.3536	38.5411	38.5801	38.5271	38.4889	38.587199999999996	38.385000000000005	38.5098	38.3829	38.5124	38.4627	38.589600000000004	38.5218	38.608399999999996	38.577099999999994	38.592999999999996	38.3837	38.5944	38.3465	38.5471	38.4751	38.534	38.5519	38.676	38.4588	38.602199999999996	38.477	38.5736	38.365700000000004	38.6312	38.4204	38.6357	38.601200000000006	38.6419	38.6914	38.7671	38.5253	38.7555	38.6795	38.774	38.7247	38.8952	38.832899999999995	38.9253	38.9264	38.8722	38.8075	38.868	38.4292
Sor-CPnd_045-Ex1-7B-lcwgs-1-3.clmp.r1r2_fastp	55.5137	38.7004	37.6632	36.5761	37.8913	34.5354	35.4941	37.6443	38.6375	36.3648	41.5684	41.0636	40.3991	39.7228	39.5809	39.078	39.5325	39.1256	39.4992	39.4405	39.6293	39.220699999999994	39.4663	38.8696	39.0747	38.8241	38.8504	38.7156	39.1042	38.7831	39.2269	39.0781	39.2439	38.948100000000004	39.1527	38.7774	38.9561	38.6658	38.852399999999996	38.6956	39.161	38.709199999999996	39.044200000000004	38.851200000000006	38.8719	38.6623	38.8432	38.5384	38.778	38.6822	38.8344	38.7008	38.9878	38.654500000000006	38.8439	38.755	38.845	38.521	38.8694	38.5591	38.897999999999996	38.8131	38.7539	38.7014	38.9071	38.5577	38.811800000000005	38.648500000000006	38.736	38.5548	38.9084	38.6679	38.873799999999996	38.7502	38.7681	38.6998	38.8368	38.5459	38.785599999999995	38.6384	38.8799	38.6675	38.8993	38.6482	38.8407	38.6746	38.7196	38.5154	38.867000000000004	38.5599	38.7793	38.8379	38.8106	38.7552	38.8905	38.6496	38.8342	38.6269	38.7476	38.607	38.8682	38.611000000000004	38.7971	38.8098	38.7946	38.7191	38.8146	38.607	38.7994	38.6402	38.791199999999996	38.642900000000004	38.9007	38.736	38.8696	38.8418	38.798100000000005	38.6382	38.847	38.571299999999994	38.7534	38.6949	38.7988	38.7571	38.932	38.7131	38.8702	38.7355	38.8222	38.6338	38.8675	38.6832	38.8428	38.8316	38.8821	38.9118	39.0095	38.7924	38.9644	38.8362	38.9774	38.9538	39.0859	39.051	39.2069	39.147999999999996	39.0531	39.0189	39.1378	38.7173
Sor-CPnd_046-Ex1-5A-lcwgs-1-3.clmp.r1r2_fastp	54.5397	39.3724	37.5822	37.0155	38.0954	34.8326	35.2365	37.6332	38.7804	36.594500000000004	41.4944	41.1945	40.6448	39.997899999999994	39.8097	39.2293	39.7648	39.385	39.7729	39.6815	39.939	39.4894	39.7924	39.2027	39.4303	39.1817	39.185700000000004	39.0646	39.4172	39.084799999999994	39.528400000000005	39.3977	39.5622	39.2052	39.5523	39.155499999999996	39.3446	39.0415	39.1671	38.9731	39.455400000000004	38.9918	39.326699999999995	39.109500000000004	39.1563	38.8891	39.0482	38.817299999999996	38.9951	38.8911	39.016600000000004	38.891	39.1649	38.8085	39.044200000000004	38.894	38.9601	38.6344	39.0002	38.649499999999996	38.982	38.891799999999996	38.8349	38.7881	39.010400000000004	38.6772	38.845200000000006	38.793	38.8181	38.580999999999996	38.947900000000004	38.7354	38.949600000000004	38.743300000000005	38.8457	38.7556	38.9495	38.5989	38.803599999999996	38.711	38.899899999999995	38.6473	38.8837	38.6983	38.8138	38.6882	38.7946	38.533699999999996	38.9469	38.5782	38.7924	38.8441	38.826899999999995	38.7001	38.9044	38.6758	38.7265	38.6177	38.7224	38.6366	38.8163	38.6355	38.7535	38.868700000000004	38.8081	38.7025	38.8756	38.661899999999996	38.8094	38.575700000000005	38.836999999999996	38.5919	38.8657	38.7281	38.8307	38.7971	38.7504	38.6415	38.7472	38.5762	38.7428	38.6428	38.7767	38.7241	38.8864	38.6915	38.7679	38.7603	38.7713	38.54	38.8991	38.6511	38.8302	38.8164	38.7494	38.8691	38.9314	38.6974	38.962	38.8032	38.9571	38.9366	39.002700000000004	39.057900000000004	39.130900000000004	39.0359	39.0563	38.9121	39.0533	38.6817
Sor-CPnd_049-Ex1-3B-lcwgs-1-3.clmp.r1r2_fastp	55.82899999999999	38.5373	37.987500000000004	36.8697	38.2805	34.807100000000005	35.779300000000006	37.6443	38.5631	36.6123	41.6808	41.1289	40.5117	39.8976	39.7862	39.2848	39.774300000000004	39.3519	39.6863	39.5881	39.9508	39.3929	39.6499	39.1218	39.3029	39.0609	39.1013	38.9392	39.373799999999996	39.0466	39.4737	39.3086	39.4459	39.240399999999994	39.4421	39.1046	39.233000000000004	38.8968	39.1725	38.8998	39.4373	38.9572	39.2756	39.1587	39.1335	38.9536	39.0968	38.823	39.0401	38.9109	39.083	38.967	39.2737	38.9288	39.1551	39.0448	39.2415	38.8361	39.1809	38.8433	39.1383	39.049800000000005	39.0856	38.9599	39.2125	38.8984	39.1339	38.992900000000006	39.0839	38.827099999999994	39.1731	38.918	39.2217	39.0013	39.0487	39.0325	39.21	38.8986	39.133	38.9801	39.162	39.0096	39.2268	38.9814	39.1811	39.0567	39.1292	38.873200000000004	39.171299999999995	38.8298	39.1133	39.1684	39.1665	39.0937	39.2202	38.9911	39.1344	38.969300000000004	39.1066	38.9466	39.2781	38.9784	39.192	39.2081	39.0506	39.1454	39.1725	38.9766	39.1854	38.9448	39.1412	39.0173	39.2074	39.133	39.2098	39.0762	39.156	38.9658	39.1824	38.844	39.130700000000004	39.0582	39.0792	39.0665	39.1992	39.0614	39.2	39.0162	39.1467	39.0167	39.108399999999996	39.0306	39.177800000000005	39.1509	39.068799999999996	39.1476	39.258700000000005	39.0229	39.3232	39.075500000000005	39.2486	39.2139	39.4404	39.2877	39.5213	39.4113	39.3911	39.3469	39.5735	38.926899999999996
Sor-CPnd_050-Ex1-3F-lcwgs-1-3.clmp.r1r2_fastp	56.180600000000005	38.1363	37.379	36.6626	38.224999999999994	35.6149	35.2905	37.332300000000004	38.210699999999996	36.628	41.4129	40.7646	40.3198	39.7159	39.584599999999995	39.076100000000004	39.569700000000005	39.162400000000005	39.5096	39.487	39.7104	39.3124	39.5574	38.996399999999994	39.211600000000004	39.0146	39.0103	38.8217	39.2254	38.884600000000006	39.3316	39.237	39.3237	39.049299999999995	39.3295	38.9563	39.1039	38.822	39.0201	38.7913	39.2934	38.8476	39.1749	39.0075	38.996900000000004	38.8031	38.993	38.7027	38.9425	38.8231	38.9502	38.8576	39.1241	38.8085	39.0042	38.944	39.0072	38.711	39.0102	38.6797	39.0501	38.9236	38.8735	38.8652	39.0422	38.783699999999996	38.9698	38.8448	38.8501	38.73	39.0142	38.791399999999996	39.0389	38.9295	38.9199	38.8613	39.0359	38.7435	38.981300000000005	38.8224	39.017	38.790200000000006	39.029399999999995	38.840799999999994	39.0031	38.9181	38.899	38.7194	39.0532	38.7412	38.9961	38.9846	38.9591	38.9388	39.0325	38.853100000000005	39.003	38.8573	38.9049	38.7689	39.0522	38.8289	38.952	39.0136	38.9337	38.9914	38.9818	38.7859	38.9965	38.791199999999996	38.9658	38.859700000000004	39.062200000000004	38.9455	39.0469	39.048100000000005	39.031	38.8001	39.0437	38.8019	38.996399999999994	38.8795	38.9758	39.0195	39.1141	38.921099999999996	39.043	38.9449	39.0621	38.7888	39.062400000000004	38.8642	39.055800000000005	39.0148	39.063700000000004	39.086999999999996	39.1535	38.9349	39.123400000000004	39.0472	39.187	39.089800000000004	39.269999999999996	39.204499999999996	39.3665	39.3013	39.2071	39.1676	39.2605	38.8606
Sor-CPnd_052-Ex1-6D-lcwgs-1-3.clmp.r1r2_fastp	53.5358	39.1845	36.7085	36.1555	37.546400000000006	34.367399999999996	35.2926	37.213	38.068999999999996	36.0775	40.7966	40.1501	39.665800000000004	39.0478	38.9249	38.3685	38.9154	38.5141	38.9187	38.8541	39.034200000000006	38.604	38.932	38.3417	38.5125	38.3017	38.3814	38.1658	38.563399999999994	38.1795	38.6671	38.4805	38.6199	38.352000000000004	38.5866	38.1796	38.3868	38.1005	38.2705	38.047	38.534600000000005	38.0813	38.4054	38.188	38.1923	37.9512	38.1766	37.85	38.113	37.9819	38.1646	37.9638	38.2528	37.9382	38.135400000000004	38.0537	38.147	37.7668	38.1353	37.8218	38.114	38.0664	37.9869	37.8683	38.168	37.8216	38.068999999999996	37.9552	37.9792	37.789	38.0813	37.8759	38.074000000000005	38.0086	37.9879	37.8971	38.0548	37.7847	38.0587	37.871	38.0985	37.8508	38.082899999999995	37.8461	38.052	37.8939	37.9554	37.6852	38.0447	37.7534	37.9814	37.967099999999995	38.0161	37.9274	38.0766	37.8272	38.0096	37.878299999999996	37.8818	37.8227	38.0527	37.809799999999996	38.0106	38.0006	37.9825	37.9428	38.0469	37.8618	37.9713	37.833600000000004	37.898199999999996	37.8392	38.0103	37.9216	38.0509	38.0259	38.0156	37.8964	38.0216	37.8351	37.9535	37.8849	38.0054	37.961800000000004	38.1592	37.928200000000004	38.1169	37.9281	38.034400000000005	37.8488	38.048500000000004	37.966699999999996	38.120599999999996	38.06	38.1045	38.1589	38.2093	37.9682	38.164300000000004	38.1577	38.1769	38.1316	38.4279	38.3088	38.399100000000004	38.4135	38.2811	38.2804	38.2953	37.948100000000004
Sor-CPnd_053-Ex1-2C-lcwgs-1-3.clmp.r1r2_fastp	56.6534	37.9272	38.0256	36.714	38.252399999999994	35.716300000000004	35.499900000000004	37.5225	38.522600000000004	36.3598	41.810199999999995	41.188399999999994	40.6203	40.0006	39.878099999999996	39.2745	39.7932	39.326	39.744	39.621	39.8457	39.4293	39.657	39.0856	39.3054	39.056200000000004	39.0895	38.9563	39.3004	38.9838	39.435500000000005	39.274100000000004	39.4599	39.1864	39.3932	39.0095	39.219300000000004	38.9415	39.088699999999996	38.9341	39.3681	38.948	39.3205	39.1471	39.1023	38.9443	39.1467	38.8208	39.0739	38.955	39.1605	38.9348	39.2651	38.9564	39.1706	39.0467	39.1599	38.824999999999996	39.212599999999995	38.823800000000006	39.203900000000004	39.0185	39.046	39.0	39.2177	38.8754	39.1173	38.9987	39.0586	38.850899999999996	39.1986	38.9354	39.2239	39.0387	39.1204	38.9738	39.1702	38.9019	39.158500000000004	38.9524	39.2046	38.9922	39.1638	38.996900000000004	39.156800000000004	39.050200000000004	39.0533	38.8428	39.1951	38.866499999999995	39.1486	39.1899	39.1658	39.1077	39.1925	39.0221	39.1649	39.0218	39.0921	38.969	39.1983	38.9903	39.1471	39.1558	39.1428	39.136500000000005	39.1579	38.9793	39.1268	38.972	39.135799999999996	39.025	39.2814	39.118199999999995	39.2708	39.196799999999996	39.224	39.0006	39.2692	38.9925	39.1929	39.0472	39.1762	39.1505	39.3495	39.1126	39.2765	39.1224	39.2077	39.047399999999996	39.2619	39.0528	39.275999999999996	39.2365	39.2864	39.3127	39.4579	39.203500000000005	39.3968	39.2799	39.4073	39.281	39.4889	39.4295	39.583400000000005	39.5465	39.4762	39.3897	39.5617	39.0513
Sor-CPnd_054-Ex1-8F-lcwgs-1-3.clmp.r1r2_fastp	55.62479999999999	39.9574	38.2551	37.4148	39.0524	36.5833	36.4497	38.641999999999996	39.454	37.3782	42.4221	41.6999	41.213499999999996	40.5852	40.5076	39.9339	40.5563	40.0737	40.4771	40.3814	40.5658	40.1828	40.5021	39.882	40.1423	39.933	39.9661	39.7565	40.2373	39.7805	40.3345	40.0362	40.230700000000006	39.8743	40.2447	39.7788	40.046	39.659800000000004	39.7896	39.5895	40.0448	39.561600000000006	39.9187	39.7394	39.7022	39.5227	39.6726	39.393299999999996	39.6575	39.557500000000005	39.6904	39.489000000000004	39.7891	39.4144	39.6582	39.5843	39.6865	39.2814	39.6496	39.2746	39.647	39.5424	39.4856	39.4542	39.6815	39.3054	39.5738	39.4042	39.4886	39.2217	39.6015	39.315099999999994	39.6002	39.4197	39.441500000000005	39.3966	39.6821	39.2442	39.5133	39.2832	39.5919	39.2859	39.5434	39.3395	39.5826	39.4458	39.387699999999995	39.1851	39.5614	39.2389	39.427099999999996	39.4636	39.488299999999995	39.352	39.5254	39.2669	39.4662	39.3166	39.2747	39.1441	39.437	39.2189	39.3421	39.3378	39.3439	39.268	39.380700000000004	39.1895	39.3719	39.152	39.3401	39.150800000000004	39.4189	39.3421	39.366	39.3414	39.3138	39.0959	39.298300000000005	39.164100000000005	39.1558	39.1719	39.2804	39.1798	39.3692	39.1865	39.3635	39.068000000000005	39.2129	39.1241	39.2277	39.0153	39.1823	39.230599999999995	39.2698	39.291199999999996	39.3741	39.1623	39.359300000000005	39.2171	39.413399999999996	39.2635	39.511	39.4024	39.6146	39.5026	39.4511	39.4402	39.4442	39.075900000000004
Sor-CPnd_055-Ex1-7G-lcwgs-1-3.clmp.r1r2_fastp	54.0915	39.4266	37.1063	36.4496	37.8913	35.565200000000004	35.6155	37.5894	38.3832	36.3055	41.0777	40.3417	39.8478	39.2904	39.1452	38.6416	39.2145	38.7026	39.152300000000004	39.036100000000005	39.256299999999996	38.8411	39.1406	38.5528	38.7685	38.5522	38.5705	38.3374	38.7689	38.405	38.8495	38.7126	38.872099999999996	38.5023	38.8047	38.4074	38.5473	38.2975	38.423	38.1899	38.7358	38.2331	38.5571	38.4013	38.3735	38.1764	38.345800000000004	38.021	38.294	38.123000000000005	38.2902	38.1258	38.4197	38.123400000000004	38.303599999999996	38.2031	38.3029	37.9458	38.3019	37.9596	38.2905	38.1907	38.150800000000004	38.0818	38.3219	37.9822	38.216	38.065	38.142199999999995	37.8976	38.257799999999996	38.060500000000005	38.2483	38.1468	38.1629	38.041000000000004	38.2221	37.9356	38.1836	38.013799999999996	38.2615	37.9655	38.2391	38.048700000000004	38.155499999999996	38.079800000000006	38.0814	37.8325	38.2411	37.890299999999996	38.1554	38.123200000000004	38.1552	38.083600000000004	38.2318	37.9857	38.162	37.9742	38.0852	37.9045	38.2179	37.9549	38.1017	38.157000000000004	38.1317	38.045899999999996	38.1159	37.9386	38.1237	37.9284	38.061099999999996	37.9639	38.1784	37.9992	38.1931	38.1847	38.105	37.9303	38.1238	37.8601	38.0704	37.9358	38.1425	38.046400000000006	38.2733	38.0427	38.1608	38.0962	38.132	37.9559	38.162099999999995	38.004	38.123000000000005	38.177699999999994	38.1423	38.2551	38.2944	38.073	38.2609	38.2328	38.3169	38.2286	38.4726	38.411699999999996	38.5167	38.535599999999995	38.3842	38.3729	38.508199999999995	37.961
Sor-CPnd_058-Ex1-2G-lcwgs-1-3.clmp.r1r2_fastp	54.435900000000004	37.9439	36.7052	36.0903	37.5729	35.1753	34.967999999999996	36.6352	37.547799999999995	35.6943	40.597100000000005	39.9996	39.4731	38.9467	38.709700000000005	38.2626	38.7872	38.378499999999995	38.7208	38.674	38.9262	38.5186	38.6951	38.1706	38.358599999999996	38.1192	38.148199999999996	37.9776	38.3283	38.0284	38.5307	38.3799	38.5351	38.187599999999996	38.487300000000005	38.1096	38.281	37.9957	38.175	37.951299999999996	38.421499999999995	38.0374	38.333800000000004	38.184000000000005	38.188	37.9507	38.1865	37.8556	38.1145	37.9621	38.1416	38.0698	38.264900000000004	37.981300000000005	38.1207	38.112	38.1869	37.8453	38.1551	37.9015	38.1845	38.1286	38.0374	38.062200000000004	38.2025	37.9324	38.136900000000004	37.9897	38.0364	37.8546	38.208	38.007999999999996	38.1906	38.108	38.1037	38.043	38.2023	37.8796	38.135999999999996	38.0335	38.2006	38.0214	38.244699999999995	38.011	38.191199999999995	38.0518	38.077299999999994	37.8444	38.224399999999996	37.894	38.2192	38.1589	38.1971	38.0921	38.237	38.047799999999995	38.165	38.014700000000005	38.0857	37.9844	38.21	37.9786	38.1646	38.198100000000004	38.1714	38.127	38.2065	38.009	38.2136	37.9433	38.1481	38.0338	38.2442	38.076100000000004	38.3169	38.2222	38.2348	38.0019	38.1908	37.9483	38.1301	38.074400000000004	38.2153	38.195800000000006	38.2927	38.1419	38.285799999999995	38.1051	38.2338	38.0679	38.240899999999996	38.0778	38.2831	38.2104	38.257400000000004	38.3543	38.446200000000005	38.234899999999996	38.3571	38.365500000000004	38.4942	38.4098	38.500299999999996	38.4899	38.628099999999996	38.5523	38.5256	38.469500000000004	38.527	38.0971
Sor-CPnd_063-Ex1-7D-lcwgs-1-3.clmp.r1r2_fastp	54.514399999999995	39.619	37.656800000000004	36.9321	38.313399999999994	34.8711	35.9703	37.8555	38.6667	36.6946	41.3883	40.7573	40.248	39.778400000000005	39.5801	39.083400000000005	39.6052	39.121	39.5459	39.4997	39.6409	39.2617	39.5057	38.9619	39.169599999999996	38.995000000000005	39.0218	38.8191	39.2238	38.8623	39.2884	39.1598	39.2757	38.9974	39.2672	38.8212	39.035799999999995	38.7436	38.872	38.7027	39.1602	38.6787	39.014500000000005	38.859500000000004	38.8277	38.6361	38.838499999999996	38.4795	38.7331	38.5891	38.742399999999996	38.6273	38.8824	38.5731	38.7768	38.6739	38.777899999999995	38.454899999999995	38.7581	38.4568	38.7783	38.7004	38.6127	38.554	38.8214	38.4913	38.676700000000004	38.602199999999996	38.6111	38.429	38.7217	38.5034	38.729400000000005	38.6087	38.6182	38.548700000000004	38.74	38.4166	38.685900000000004	38.547399999999996	38.7172	38.5383	38.718399999999995	38.509100000000004	38.6725	38.5798	38.574799999999996	38.378099999999996	38.7122	38.4465	38.6757	38.6462	38.6732	38.6109	38.6837	38.4966	38.7076	38.521100000000004	38.5289	38.4379	38.6863	38.4782	38.6374	38.6923	38.644800000000004	38.586	38.7005	38.4621	38.6552	38.5302	38.612	38.4975	38.685900000000004	38.5711	38.742399999999996	38.6956	38.618	38.4262	38.6651	38.403	38.6032	38.556200000000004	38.630900000000004	38.606	38.7599	38.5914	38.6788	38.5641	38.6734	38.5457	38.6929	38.5054	38.6899	38.7007	38.6957	38.7634	38.8001	38.6029	38.8143	38.7809	38.8643	38.777	38.9272	38.9202	39.082699999999996	38.9786	38.9065	38.9169	38.9655	38.5984
Sor-CPnd_066-Ex1-8B-lcwgs-1-3.clmp.r1r2_fastp	55.6423	39.8148	38.6965	37.4998	38.689299999999996	35.261700000000005	36.2455	38.0254	39.1676	37.3547	42.0677	41.6941	41.0612	40.2901	40.2726	39.4101	40.2222	39.6856	40.1316	39.9873	40.191900000000004	39.7944	40.259	39.4689	39.7898	39.3233	39.6678	39.514300000000006	39.7137	39.548100000000005	40.1252	39.6811	39.8023	39.7027	39.9069	39.3243	39.6842	39.4294	39.4875	39.299	39.8808	39.285	39.6741	39.6192	39.5741	39.3378	39.5054	39.1323	39.4635	39.2944	39.4598	39.392700000000005	39.5235	39.3863	39.340399999999995	39.2723	39.3996	39.0684	39.3829	39.1964	39.487	39.3032	39.3876	39.307199999999995	39.3881	39.1505	39.526	39.3428	39.547900000000006	39.084	39.4058	39.2427	39.4252	39.2318	39.3006	39.1798	39.523799999999994	39.0058	39.281	39.2058	39.4848	39.1132	39.4719	39.1706	39.2855	39.2363	39.374199999999995	39.1541	39.2187	38.9235	39.1599	39.1934	39.520300000000006	38.994	39.381899999999995	38.9363	39.439800000000005	38.9844	39.374199999999995	39.0556	39.3903	39.1048	39.2403	39.4009	39.2393	39.2625	39.254	38.9098	39.2556	38.9919	39.074799999999996	39.093	39.31	39.1471	39.3576	39.1881	39.387299999999996	38.8701	39.264700000000005	38.7791	39.327	38.7826	39.1141	39.070899999999995	39.156400000000005	39.1829	39.049299999999995	39.3444	39.0931	38.887100000000004	39.2926	39.216499999999996	39.0867	39.4343	38.9788	39.3116	39.5321	39.0775	39.2476	39.291399999999996	39.5506	39.1829	39.5348	39.1534	39.4583	39.2406	39.574799999999996	39.4661	39.664100000000005	39.136900000000004
Sor-CPnd_069-Ex1-6B-lcwgs-1-3.clmp.r1r2_fastp	55.611900000000006	39.3271	38.080999999999996	37.1605	38.6404	35.338300000000004	36.2315	38.426500000000004	39.265499999999996	36.8874	42.098	41.6403	40.9835	40.2901	40.1565	39.5978	40.1151	39.614	40.0882	39.9542	40.1746	39.7548	40.023599999999995	39.4532	39.6389	39.3854	39.4436	39.230199999999996	39.6691	39.3453	39.7423	39.6519	39.7362	39.4689	39.718599999999995	39.3293	39.509100000000004	39.2059	39.4276	39.1676	39.6575	39.232099999999996	39.5991	39.3838	39.3766	39.219100000000005	39.3945	39.0944	39.346199999999996	39.1896	39.3836	39.224	39.5122	39.2021	39.3882	39.2731	39.4056	39.067800000000005	39.4178	39.0783	39.3928	39.3379	39.2621	39.185900000000004	39.4985	39.1356	39.376	39.1922	39.290000000000006	39.0907	39.4086	39.177	39.4245	39.2153	39.3181	39.263999999999996	39.3482	39.1073	39.365899999999996	39.1817	39.4289	39.205	39.4028	39.2166	39.409	39.2542	39.2479	39.0809	39.4329	39.1207	39.3889	39.334	39.3724	39.286	39.407399999999996	39.197199999999995	39.4332	39.1714	39.2994	39.1646	39.4202	39.1837	39.313199999999995	39.348499999999994	39.3117	39.280300000000004	39.387299999999996	39.1788	39.3585	39.1599	39.358599999999996	39.1716	39.4428	39.2838	39.4189	39.434999999999995	39.3647	39.184000000000005	39.382099999999994	39.130700000000004	39.3198	39.2626	39.3901	39.332499999999996	39.502500000000005	39.2051	39.4723	39.2608	39.4261	39.149699999999996	39.4233	39.1947	39.466699999999996	39.417	39.4385	39.4853	39.5733	39.339200000000005	39.5428	39.4757	39.5454	39.5324	39.7077	39.568999999999996	39.779599999999995	39.697700000000005	39.6157	39.5865	39.699600000000004	39.2791
Sor-CPnd_072-Ex1-8C-lcwgs-1-3.clmp.r1r2_fastp	54.5262	40.928599999999996	37.74	36.9012	38.3147	35.9651	35.9804	37.7325	38.6375	37.2327	41.1422	40.5583	40.2559	39.8144	39.723000000000006	39.2299	39.712599999999995	39.2594	39.658500000000004	39.5399	39.7857	39.347	39.6997	39.123200000000004	39.338699999999996	39.144	39.1605	38.9071	39.358900000000006	38.9608	39.407	39.2941	39.4028	39.0948	39.4212	38.9795	39.2248	38.91	39.1387	38.887	39.4102	38.8919	39.2595	39.0916	39.0842	38.8677	39.1361	38.7947	39.0462	38.8938	39.0875	38.9199	39.2417	38.879599999999996	39.1272	39.036300000000004	39.1353	38.778400000000005	39.139	38.8069	39.1407	39.0326	38.9989	38.9248	39.211600000000004	38.8324	39.1124	38.9276	39.0142	38.781	39.1515	38.9163	39.128299999999996	38.99	39.030300000000004	38.9373	39.1211	38.8104	39.093	38.9056	39.131899999999995	38.9386	39.134600000000006	38.9113	39.1029	39.0076	39.0316	38.768	39.156	38.8085	39.1167	39.0469	39.1006	38.994	39.1473	38.920500000000004	39.1094	38.9428	39.034200000000006	38.8344	39.1736	38.8861	39.0531	39.1368	39.0867	38.9986	39.1333	38.882600000000004	39.0702	38.919599999999996	39.053	38.9297	39.1901	39.024	39.1695	39.0977	39.0705	38.8875	39.164500000000004	38.841300000000004	39.0607	38.9599	39.0645	39.034600000000005	39.2394	38.983000000000004	39.1561	39.0168	39.1215	38.8952	39.1724	38.947900000000004	39.1615	39.0789	39.179700000000004	39.202	39.305299999999995	39.0347	39.293800000000005	39.1502	39.270300000000006	39.251200000000004	39.4567	39.3078	39.5137	39.4088	39.3789	39.325900000000004	39.426	39.001200000000004
