Sample	1	2	3	4	5	6	7	8	9	10	11	12	13	14	15	16	17	18	19	20	21	22	23	24	25	26	27	28	29	30	31	32	33	34	35	36	37	38	39	40	41	42	43	44	45	46	47	48	49	50	51	52	53	54	55	56	57	58	59	60	61	62	63	64	65	66	67	68	69	70	71	72	73	74	75	76	77	78	79	80	81	82	83	84	85	86	87	88	89	90	91	92	93	94	95	96	97	98	99	100	101	102	103	104	105	106	107	108	109	110	111	112	113	114	115	116	117	118	119	120	121	122	123	124	125	126	127	128	129	130	131	132	133	134	135	136	137	138	139	140	141	142	143	144	145	146	147	148	149	150
Sor-CPnd_001-Ex1-3E-lcwgs-1-3.clmp.r1r2_fastp	55.9734	38.8515	37.9355	37.161300000000004	37.991	36.998599999999996	35.720600000000005	37.0989	37.9792	36.4148	41.082	40.4476	40.0692	39.4685	39.2903	38.8367	39.358900000000006	38.960699999999996	39.3173	39.2415	39.481300000000005	39.1263	39.320100000000004	38.7569	39.0064	38.7199	38.7152	38.539899999999996	39.0041	38.5795	39.0768	38.9304	39.0084	38.7847	38.9923	38.6795	38.9118	38.5851	38.7192	38.526500000000006	38.9694	38.5566	38.8409	38.6798	38.6892	38.502900000000004	38.7064	38.4176	38.6152	38.4842	38.596799999999995	38.5252	38.7851	38.5317	38.6436	38.6271	38.653999999999996	38.3964	38.6492	38.2842	38.7603	38.530300000000004	38.5198	38.4976	38.6962	38.3831	38.624900000000004	38.5021	38.5845	38.3369	38.6537	38.4638	38.648900000000005	38.514700000000005	38.5268	38.5016	38.5668	38.4027	38.572	38.454100000000004	38.684200000000004	38.4588	38.5923	38.414500000000004	38.5763	38.46	38.4984	38.2868	38.663399999999996	38.3371	38.5907	38.500299999999996	38.5704	38.471	38.6227	38.432300000000005	38.5977	38.4492	38.4876	38.3324	38.630199999999995	38.3678	38.5796	38.5642	38.4666	38.522	38.5862	38.3318	38.5816	38.3575	38.539899999999996	38.3917	38.5911	38.478	38.5971	38.6048	38.6173	38.394	38.5328	38.3061	38.515	38.4038	38.559	38.522800000000004	38.6262	38.5143	38.5923	38.3601	38.585300000000004	38.3638	38.6152	38.4187	38.5772	38.5873	38.6034	38.6154	38.6839	38.4994	38.6733	38.5943	38.6799	38.6808	38.798	38.7749	38.913	38.8713	38.7763	38.754	38.738499999999995	38.2843
Sor-CPnd_002-Ex1-5E-lcwgs-1-3.clmp.r1r2_fastp	55.622899999999994	40.698	38.6478	37.938	38.8056	37.951	36.9211	38.6503	39.2994	37.4488	41.9715	41.338	40.912	40.2763	40.1004	39.6606	40.1943	39.7298	40.1988	40.1265	40.312799999999996	39.8993	40.1731	39.5958	39.8568	39.6814	39.6928	39.4492	39.848	39.489999999999995	39.9387	39.785	39.9128	39.645	39.8642	39.4838	39.7065	39.421499999999995	39.5609	39.3008	39.8003	39.3097	39.6355	39.5086	39.4702	39.2586	39.4921	39.128	39.4449	39.2594	39.4623	39.235	39.5581	39.2087	39.4225	39.3639	39.4532	39.0599	39.394	39.0437	39.528	39.2652	39.3226	39.1637	39.4523	39.0983	39.3101	39.1928	39.2984	39.0909	39.4462	39.1541	39.4361	39.2977	39.2583	39.1978	39.3474	39.0471	39.3425	39.1237	39.411699999999996	39.165299999999995	39.434200000000004	39.091300000000004	39.315099999999994	39.1916	39.2283	39.0098	39.4107	39.0312	39.319500000000005	39.239000000000004	39.305800000000005	39.1895	39.3446	39.1478	39.3451	39.1387	39.1821	39.0327	39.3041	39.0844	39.318	39.2839	39.1816	39.251200000000004	39.2918	39.0511	39.2367	39.1125	39.273799999999994	39.096399999999996	39.319700000000005	39.1794	39.2695	39.327	39.2542	39.0719	39.3667	38.9711	39.2781	39.1851	39.262	39.2115	39.4022	39.132400000000004	39.3428	39.1194	39.3042	39.0602	39.294200000000004	39.164100000000005	39.264500000000005	39.368199999999995	39.245000000000005	39.4071	39.372600000000006	39.1927	39.4279	39.26	39.468399999999995	39.3698	39.6104	39.4343	39.6475	39.5863	39.4523	39.420899999999996	39.5127	38.9444
Sor-CPnd_003-Ex1-2B-lcwgs-1-3.clmp.r1r2_fastp	56.8647	39.7168	39.3979	37.687	38.6517	37.819900000000004	36.7774	38.3956	39.2668	37.1708	42.0898	41.5811	41.048	40.4004	40.2086	39.713	40.299099999999996	39.8559	40.2334	40.178399999999996	40.3748	39.985	40.1961	39.6225	39.7831	39.637299999999996	39.6179	39.4154	39.8835	39.4782	39.9538	39.7573	39.9481	39.6232	39.8671	39.515899999999995	39.766600000000004	39.417	39.6088	39.339400000000005	39.8607	39.372299999999996	39.7412	39.542699999999996	39.5613	39.3343	39.561	39.234700000000004	39.5084	39.3408	39.5152	39.3843	39.6519	39.3656	39.5398	39.509499999999996	39.563900000000004	39.2485	39.5466	39.1925	39.6061	39.425	39.4191	39.3532	39.6027	39.267	39.4713	39.3273	39.504099999999994	39.2377	39.5889	39.3573	39.5439	39.433099999999996	39.435500000000005	39.332	39.5335	39.2123	39.4788	39.3287	39.5842	39.3277	39.5329	39.3299	39.4401	39.3559	39.382099999999994	39.2217	39.586	39.2294	39.494600000000005	39.399499999999996	39.5192	39.3838	39.523399999999995	39.3297	39.5079	39.3204	39.3789	39.297	39.4922	39.2766	39.4842	39.446	39.4587	39.3562	39.4882	39.2449	39.4293	39.2498	39.4685	39.2608	39.5146	39.43	39.522400000000005	39.4637	39.4748	39.2463	39.4636	39.178000000000004	39.4829	39.2954	39.442899999999995	39.4234	39.5395	39.3957	39.4912	39.3337	39.4414	39.2318	39.5109	39.3234	39.5336	39.5612	39.4768	39.521	39.596399999999996	39.387100000000004	39.5584	39.414300000000004	39.603500000000004	39.6053	39.7076	39.5977	39.7969	39.7746	39.645399999999995	39.6231	39.7159	39.1193
Sor-CPnd_004-Ex1-1G-lcwgs-1-3.clmp.r1r2_fastp	55.2231	40.309200000000004	38.1851	37.1572	38.677099999999996	37.424600000000005	36.5005	37.800200000000004	38.473	36.7263	41.2353	40.5406	40.1877	39.6856	39.515899999999995	39.123799999999996	39.6211	39.2009	39.5662	39.552	39.7036	39.2739	39.5715	39.0403	39.2122	39.0334	39.0305	38.7771	39.210899999999995	38.7722	39.2764	39.083	39.2545	39.014900000000004	39.2513	38.839	39.0864	38.8228	38.9297	38.707	39.2041	38.7074	39.0792	38.868	38.9087	38.6943	38.946799999999996	38.6074	38.846000000000004	38.7075	38.832499999999996	38.7367	39.002700000000004	38.665	38.8778	38.819900000000004	38.9048	38.557900000000004	38.8876	38.4704	38.9355	38.7768	38.7147	38.695800000000006	38.9176	38.5646	38.8014	38.6592	38.7769	38.540400000000005	38.8733	38.6445	38.9093	38.7641	38.7679	38.7082	38.8587	38.5386	38.7812	38.655699999999996	38.8369	38.7004	38.8212	38.616299999999995	38.7851	38.6973	38.8323	38.5062	38.907000000000004	38.5756	38.822	38.7202	38.7905	38.7088	38.8575	38.672200000000004	38.872099999999996	38.6869	38.7826	38.6452	38.8337	38.6083	38.7937	38.858599999999996	38.7476	38.7336	38.8219	38.6208	38.8384	38.638	38.8356	38.698	38.865899999999996	38.7654	38.8856	38.857	38.818999999999996	38.6712	38.8014	38.5755	38.8825	38.7875	38.7668	38.8004	38.9783	38.768	38.9248	38.7412	38.8818	38.7324	38.9235	38.6868	38.9054	38.9526	38.8472	38.9381	39.0409	38.8435	39.0429	38.9378	39.0503	38.997	39.2353	39.063700000000004	39.269	39.264700000000005	39.130700000000004	39.096399999999996	39.1921	38.609300000000005
Sor-CPnd_005-Ex1-3D-lcwgs-1-3.clmp.r1r2_fastp	56.321	39.318599999999996	39.0064	37.5147	38.6219	37.613600000000005	36.5549	37.6	38.3485	36.6946	41.2981	40.694	40.333400000000005	39.7738	39.6531	39.2422	39.808	39.447500000000005	39.7853	39.7628	39.9364	39.5567	39.6974	39.141799999999996	39.3182	39.125	39.0783	38.947500000000005	39.254400000000004	38.9651	39.3714	39.2179	39.293499999999995	39.1124	39.3465	39.0521	39.2148	38.917699999999996	39.1621	38.8791	39.3278	38.8962	39.2531	39.0923	39.0733	38.874199999999995	39.0258	38.7546	39.0117	38.874900000000004	39.0053	38.9354	39.1724	38.926899999999996	39.054100000000005	39.0334	39.147999999999996	38.8121	39.022600000000004	38.7344	39.1334	38.9623	38.9775	38.9713	39.068599999999996	38.8008	39.0043	38.9466	39.0103	38.826100000000004	39.0548	38.8996	39.0874	38.9966	38.9367	38.8975	39.0609	38.8047	39.06	38.872099999999996	39.081700000000005	38.8793	39.0418	38.8928	39.0036	38.9198	38.9953	38.766400000000004	39.132	38.8166	39.0206	39.0169	39.0229	38.9309	39.0791	38.893100000000004	39.088699999999996	38.8977	38.9935	38.8539	39.0847	38.8008	39.0979	39.0367	38.9982	38.9658	39.047	38.8313	38.989000000000004	38.9216	39.047599999999996	38.881	39.1111	38.969	39.0986	39.122800000000005	39.0727	38.8819	39.0707	38.859	39.0367	38.9886	39.0146	39.0088	39.1746	38.9642	39.2289	38.9576	39.123799999999996	38.934400000000004	39.121	38.9382	39.0468	39.1214	39.0766	39.178200000000004	39.2665	39.0244	39.222	39.1266	39.3792	39.2157	39.4148	39.2428	39.448499999999996	39.509499999999996	39.3043	39.339	39.4385	38.8313
Sor-CPnd_006-Ex1-2D-lcwgs-1-3.clmp.r1r2_fastp	55.7709	39.9047	38.4486	37.2532	38.545	37.5033	36.524499999999996	38.0717	38.7824	36.8139	41.536699999999996	40.964600000000004	40.4596	39.94	39.7314	39.2807	39.792699999999996	39.311	39.7199	39.692	39.7894	39.4196	39.678200000000004	39.1904	39.299800000000005	39.1428	39.1438	38.9369	39.327400000000004	38.9602	39.4041	39.2318	39.37	39.1001	39.3481	39.0067	39.2177	38.9172	39.028600000000004	38.821	39.2776	38.8493	39.17	39.0105	39.0009	38.7975	39.0287	38.7048	38.9348	38.805299999999995	38.937	38.7767	39.0793	38.7891	38.9444	38.911699999999996	38.9598	38.6623	38.9613	38.5602	39.016	38.8112	38.8004	38.7758	38.976699999999994	38.6484	38.852	38.7571	38.887699999999995	38.6496	38.9522	38.7312	38.9501	38.791199999999996	38.808	38.7663	38.8624	38.6354	38.849000000000004	38.6987	38.9217	38.6959	38.8832	38.7079	38.8693	38.791399999999996	38.817	38.5914	38.933800000000005	38.6048	38.8444	38.792100000000005	38.8546	38.7826	38.8806	38.6915	38.8827	38.6766	38.8025	38.5989	38.9198	38.6322	38.9318	38.9129	38.7967	38.8143	38.8793	38.643100000000004	38.8159	38.6965	38.8263	38.738099999999996	38.9014	38.7978	38.9521	38.880900000000004	38.8943	38.7224	38.8943	38.6453	38.9301	38.7886	38.8412	38.836999999999996	39.0198	38.8131	38.9035	38.769999999999996	38.9487	38.7059	38.969300000000004	38.7593	38.9056	38.9994	38.9119	39.028	39.1131	38.9179	39.0717	38.9798	39.1203	39.0506	39.2521	39.132	39.2809	39.3098	39.158300000000004	39.098	39.223200000000006	38.668400000000005
Sor-CPnd_007-Ex1-1C-lcwgs-1-3.clmp.r1r2_fastp	57.6981	40.8512	40.208	38.4577	39.7936	38.807	37.7084	39.4531	40.3084	37.961600000000004	43.0558	42.5925	42.1851	41.537600000000005	41.257	40.786899999999996	41.4018	40.8598	41.335499999999996	41.3172	41.417	40.9311	41.3233	40.677400000000006	40.9503	40.664899999999996	40.7262	40.4205	40.942	40.4922	41.0591	40.8427	40.9921	40.6537	40.9755	40.5231	40.8493	40.5184	40.6864	40.3655	40.9294	40.380300000000005	40.8159	40.5808	40.6215	40.3726	40.643	40.3001	40.606700000000004	40.4048	40.543600000000005	40.4006	40.7192	40.2964	40.564	40.3773	40.6347	40.2526	40.708	40.118900000000004	40.6973	40.4261	40.464299999999994	40.2999	40.6055	40.2558	40.4771	40.4439	40.524	40.2144	40.569300000000005	40.3086	40.5817	40.3868	40.4455	40.3635	40.489000000000004	40.1381	40.4563	40.258	40.503099999999996	40.2826	40.4498	40.2292	40.3998	40.3916	40.4117	40.1899	40.5444	40.192299999999996	40.494	40.3827	40.3999	40.231899999999996	40.4447	40.2617	40.527	40.2504	40.4123	40.0944	40.511399999999995	40.104299999999995	40.468199999999996	40.4174	40.295199999999994	40.3131	40.4632	40.112700000000004	40.441300000000005	40.1798	40.360600000000005	40.1263	40.3401	40.274	40.4002	40.3187	40.374700000000004	40.1905	40.4567	40.029399999999995	40.4332	40.1559	40.3273	40.2454	40.386	40.1876	40.4618	40.1802	40.3535	40.1066	40.4589	40.1441	40.405499999999996	40.266000000000005	40.3662	40.3742	40.5216	40.1914	40.418	40.2721	40.533500000000004	40.3138	40.574	40.4391	40.5792	40.6536	40.4495	40.3869	40.6188	39.9479
Sor-CPnd_008-Ex1-1A-lcwgs-1-3.clmp.r1r2_fastp	58.10419999999999	38.3556	40.5467	37.8083	38.2668	37.623200000000004	36.2173	38.0447	39.1414	36.3799	42.085	41.8186	41.255900000000004	40.4636	40.2842	39.7236	40.2412	39.8324	40.1698	40.0781	40.2934	39.8552	40.027699999999996	39.489000000000004	39.7158	39.3752	39.4384	39.2689	39.6877	39.3105	39.8024	39.618900000000004	39.8547	39.5409	39.752700000000004	39.459	39.650800000000004	39.301	39.5552	39.3052	39.7749	39.3401	39.787	39.495000000000005	39.6013	39.3859	39.6095	39.288000000000004	39.5407	39.4159	39.5875	39.4327	39.7275	39.4235	39.6183	39.5183	39.6378	39.326499999999996	39.6131	39.26	39.7424	39.4362	39.549099999999996	39.4302	39.6894	39.318799999999996	39.559	39.4216	39.594	39.317	39.665299999999995	39.374900000000004	39.7115	39.4921	39.576499999999996	39.4305	39.6045	39.3378	39.5585	39.375	39.6887	39.421099999999996	39.632600000000004	39.402	39.589200000000005	39.4472	39.5322	39.2539	39.698499999999996	39.2886	39.589	39.5148	39.603899999999996	39.4636	39.617200000000004	39.4174	39.6318	39.3407	39.5239	39.3105	39.6235	39.301199999999994	39.6547	39.523799999999994	39.5478	39.469300000000004	39.5636	39.319500000000005	39.5372	39.339600000000004	39.5817	39.3527	39.659299999999995	39.46	39.5881	39.5227	39.5674	39.3596	39.549099999999996	39.260400000000004	39.565	39.3719	39.509100000000004	39.4597	39.6554	39.4078	39.6017	39.3208	39.5919	39.2947	39.5692	39.3011	39.5698	39.5152	39.5259	39.5453	39.6605	39.4461	39.6044	39.4283	39.6856	39.582	39.7975	39.5912	39.827200000000005	39.7751	39.7046	39.6217	39.7723	39.1905
Sor-CPnd_009-Ex1-6A-lcwgs-1-3.clmp.r1r2_fastp	55.6886	39.3227	38.3565	37.2938	38.3352	37.4562	36.1756	38.122299999999996	39.0544	36.6709	41.8197	41.461	40.8883	40.2352	40.0076	39.528400000000005	40.0129	39.5668	39.9789	39.907900000000005	40.1268	39.751799999999996	39.9518	39.3852	39.6027	39.3792	39.3898	39.181	39.617799999999995	39.2185	39.699600000000004	39.5561	39.7286	39.4173	39.6399	39.3181	39.5225	39.2223	39.3771	39.151399999999995	39.6136	39.1992	39.5647	39.3625	39.3763	39.1666	39.3734	39.0677	39.3148	39.1832	39.3246	39.2052	39.4778	39.2024	39.3154	39.2959	39.3469	39.0371	39.364399999999996	38.990700000000004	39.4466	39.2152	39.290000000000006	39.170899999999996	39.4334	39.0644	39.2817	39.161	39.2951	39.0133	39.3692	39.1445	39.421	39.2145	39.2749	39.163399999999996	39.3432	39.0201	39.285599999999995	39.095200000000006	39.3604	39.163599999999995	39.3358	39.171499999999995	39.2815	39.222699999999996	39.236599999999996	39.0233	39.382099999999994	39.0684	39.3174	39.236599999999996	39.3362	39.217800000000004	39.3455	39.1721	39.3063	39.137499999999996	39.252900000000004	39.086	39.3688	39.0867	39.3504	39.305800000000005	39.3014	39.2459	39.3573	39.122800000000005	39.358900000000006	39.0945	39.339	39.1534	39.414	39.271899999999995	39.4099	39.3294	39.357	39.1277	39.3565	39.1262	39.387899999999995	39.225100000000005	39.3633	39.3239	39.466499999999996	39.2472	39.4335	39.2042	39.4159	39.1884	39.4257	39.1724	39.4322	39.4125	39.4053	39.4873	39.556200000000004	39.3013	39.5172	39.381899999999995	39.5584	39.4868	39.6539	39.553399999999996	39.757	39.6642	39.6129	39.5455	39.6602	39.1731
Sor-CPnd_010-Ex1-1H-lcwgs-1-3.clmp.r1r2_fastp	56.531600000000005	39.4621	38.4766	37.2506	38.6947	37.331399999999995	36.2746	37.8503	38.6202	36.6051	41.54	40.8807	40.3947	39.8563	39.6763	39.2151	39.6656	39.2279	39.5821	39.6763	39.7548	39.3399	39.5346	39.0162	39.1803	39.0054	38.9182	38.7905	39.205	38.8119	39.346599999999995	39.1166	39.250600000000006	39.0062	39.3281	38.8804	39.134	38.7847	38.9431	38.6603	39.2422	38.7428	39.088499999999996	38.900600000000004	38.9803	38.8335	38.9343	38.7098	38.8249	38.7025	38.885	38.7903	39.062200000000004	38.6747	38.9387	38.8416	38.9978	38.690999999999995	38.8552	38.579	38.9977	38.7831	38.846799999999995	38.6785	39.0162	38.6478	38.8093	38.7581	38.8501	38.5732	38.947199999999995	38.651799999999994	38.8953	38.7502	38.8003	38.6402	38.896300000000004	38.630399999999995	38.8878	38.6411	38.8095	38.6415	38.8323	38.6137	38.748	38.6676	38.6872	38.5607	38.8463	38.5719	38.825900000000004	38.7132	38.813700000000004	38.6065	38.869	38.550200000000004	38.7873	38.6195	38.8014	38.5051	38.9048	38.4798	38.7079	38.8089	38.648700000000005	38.6226	38.8219	38.5881	38.725500000000004	38.6623	38.7284	38.5278	38.7945	38.6479	38.8209	38.7328	38.784	38.5292	38.7536	38.5066	38.697199999999995	38.5782	38.748	38.6031	38.8668	38.5603	38.8075	38.6425	38.8508	38.488	38.8106	38.609500000000004	38.8213	38.7071	38.8422	38.8581	38.8693	38.648900000000005	38.833600000000004	38.6436	38.925599999999996	38.870900000000006	38.989200000000004	38.891	39.105000000000004	38.9158	38.9777	38.73	39.1943	38.3583
Sor-CPnd_012-Ex1-5B-lcwgs-1-3.clmp.r1r2_fastp	55.94670000000001	39.8315	38.7538	37.3598	38.6656	37.6731	36.6929	38.5259	39.2341	37.019000000000005	42.039	41.4713	40.9213	40.318799999999996	40.1294	39.6513	40.1783	39.6674	40.097699999999996	40.063900000000004	40.2217	39.8229	40.0819	39.5311	39.6951	39.4793	39.536500000000004	39.299	39.7573	39.3067	39.8124	39.610099999999996	39.800200000000004	39.4855	39.7341	39.3368	39.563500000000005	39.2303	39.402	39.168	39.687	39.1753	39.544200000000004	39.326	39.3519	39.1316	39.3227	39.0888	39.2474	39.1109	39.3089	39.1366	39.448	39.0868	39.3134	39.2343	39.3003	38.9819	39.2678	38.900600000000004	39.355000000000004	39.1137	39.1901	39.1333	39.3226	38.9582	39.205	39.0028	39.183299999999996	38.8936	39.320100000000004	39.044000000000004	39.2419	39.0601	39.1432	39.0805	39.219300000000004	38.888600000000004	39.0818	39.0259	39.3119	38.9723	39.2042	38.966699999999996	39.118700000000004	39.0225	39.0758	38.8152	39.252700000000004	38.8478	39.1727	39.071099999999994	39.1465	39.0633	39.21	38.996199999999995	39.1457	38.9645	39.0364	38.8779	39.195600000000006	38.8777	39.1198	39.144800000000004	39.1284	39.0023	39.1772	38.8123	39.111200000000004	38.8505	39.0931	38.9387	39.1606	38.961400000000005	39.1131	39.1158	39.0858	38.9441	39.1087	38.8223	39.1136	38.914300000000004	39.008700000000005	39.042500000000004	39.1647	38.940200000000004	39.1165	38.931900000000006	39.0932	38.913199999999996	39.141999999999996	38.8808	39.1355	39.082	39.1065	39.1525	39.136500000000005	38.989000000000004	39.1525	39.0772	39.250099999999996	39.1777	39.3816	39.1841	39.4381	39.3977	39.246900000000004	39.1569	39.346399999999996	38.7403
Sor-CPnd_013-Ex1-7F-lcwgs-1-3.clmp.r1r2_fastp	56.237	39.9807	38.7237	37.4486	38.791199999999996	37.7577	36.8817	38.504	39.128	37.147200000000005	41.9404	41.2309	40.7418	40.1979	40.0156	39.549299999999995	40.1049	39.657399999999996	40.0642	39.9442	40.12	39.748	40.002900000000004	39.4544	39.6268	39.4754	39.449	39.2456	39.622600000000006	39.2698	39.7471	39.5593	39.6775	39.3537	39.670899999999996	39.257	39.496199999999995	39.112	39.2832	39.0074	39.557900000000004	39.0565	39.344	39.1963	39.2029	39.0052	39.2146	38.89	39.1226	38.955	39.069700000000005	38.9718	39.2209	38.994	39.1391	39.034400000000005	39.1505	38.79	39.1789	38.7212	39.2113	39.0019	38.9474	38.9113	39.1397	38.7953	38.9917	38.902	39.0203	38.7405	39.0979	38.870900000000006	39.1047	38.931	38.9981	38.881	39.0536	38.7382	38.9493	38.8291	39.0236	38.8059	38.979200000000006	38.8339	38.9326	38.8589	38.9167	38.6692	39.0505	38.6751	38.928200000000004	38.8888	38.9443	38.8423	39.0189	38.7599	38.949099999999994	38.7367	38.8337	38.7542	38.9689	38.6528	38.9148	38.9322	38.8902	38.868399999999994	38.9738	38.751799999999996	38.8905	38.6687	38.8086	38.770900000000005	38.897999999999996	38.8626	38.9437	38.9015	38.924	38.682100000000005	38.8717	38.621100000000006	38.881	38.6969	38.8604	38.764900000000004	39.0083	38.7412	38.9033	38.7199	38.9115	38.630900000000004	38.9098	38.6819	38.945299999999996	38.789	38.886199999999995	38.9044	38.9919	38.78	38.9346	38.8348	39.0062	38.9396	39.102	39.0165	39.202	39.138400000000004	39.0816	39.0002	39.1588	38.5254
Sor-CPnd_014-Ex1-1F-lcwgs-1-3.clmp.r1r2_fastp	55.8396	41.0194	38.6399	38.0653	38.941900000000004	37.9483	36.7008	38.226	38.880199999999995	37.3018	41.487	40.8316	40.5192	39.9772	39.818999999999996	39.3696	39.9034	39.4507	39.814	39.750099999999996	39.954299999999996	39.6079	39.8986	39.3478	39.5532	39.415499999999994	39.3862	39.1543	39.602399999999996	39.204499999999996	39.6297	39.45	39.5807	39.3322	39.575900000000004	39.2214	39.426	39.1783	39.274300000000004	39.0677	39.5604	39.030300000000004	39.426	39.245400000000004	39.2709	39.0693	39.293099999999995	38.9469	39.164100000000005	39.0265	39.142500000000005	39.0606	39.3084	39.0174	39.1921	39.1503	39.1952	38.8897	39.2102	38.8301	39.2565	39.0746	39.0596	38.955600000000004	39.2403	38.850699999999996	39.1042	39.0237	39.1003	38.8658	39.199400000000004	38.8917	39.2072	38.9903	39.0339	38.9957	39.1783	38.8378	39.055099999999996	38.9632	39.1344	38.934200000000004	39.149699999999996	38.8675	39.056999999999995	38.9925	39.028600000000004	38.8083	39.1637	38.8191	39.0627	39.0285	39.053	38.98	39.1048	38.914500000000004	39.081700000000005	38.9166	38.980599999999995	38.831199999999995	39.1621	38.812400000000004	39.0468	39.0669	38.9793	38.9901	39.1267	38.8435	39.0861	38.8534	39.0561	38.8957	39.123599999999996	38.9847	39.14	39.070899999999995	39.059	38.883	39.097500000000004	38.8167	39.0931	38.9594	39.0357	38.9923	39.1687	38.9698	39.1494	38.9176	39.0993	38.867000000000004	39.185199999999995	38.898700000000005	39.1604	39.1114	39.0997	39.1481	39.2543	39.027	39.1946	39.11	39.2759	39.1959	39.3909	39.286100000000005	39.4805	39.4671	39.2581	39.2471	39.365899999999996	38.8379
Sor-CPnd_015-Ex1-5F-lcwgs-1-3.clmp.r1r2_fastp	56.0128	40.5798	39.2465	38.0468	39.1092	38.1569	37.3089	39.1052	39.6936	37.5304	42.3603	41.6772	41.0978	40.6141	40.3923	39.977000000000004	40.484500000000004	40.0582	40.4051	40.3756	40.5289	40.1079	40.4124	39.8626	40.0444	39.8495	39.858900000000006	39.625899999999994	40.0869	39.6873	40.0809	39.956	40.1265	39.826299999999996	40.103899999999996	39.6933	39.9414	39.5764	39.7395	39.4675	39.9829	39.5302	39.8074	39.6614	39.6566	39.4202	39.701	39.3492	39.551199999999994	39.429700000000004	39.5673	39.4305	39.708	39.3556	39.6057	39.5627	39.5745	39.3145	39.6233	39.2449	39.631	39.4291	39.4377	39.4043	39.623799999999996	39.301700000000004	39.4375	39.362700000000004	39.4604	39.1936	39.5877	39.3628	39.5746	39.4256	39.400600000000004	39.379799999999996	39.4944	39.2316	39.4555	39.270500000000006	39.577400000000004	39.322	39.5323	39.2675	39.482099999999996	39.3165	39.4028	39.209500000000006	39.5539	39.1293	39.4668	39.3833	39.4228	39.319500000000005	39.496700000000004	39.2582	39.4759	39.2621	39.274	39.204	39.4518	39.1378	39.4242	39.4196	39.382600000000004	39.2917	39.4336	39.224599999999995	39.3422	39.2097	39.3806	39.2421	39.407199999999996	39.2873	39.397999999999996	39.4026	39.3281	39.2258	39.3576	39.1918	39.4195	39.2538	39.3752	39.2973	39.4463	39.2427	39.3931	39.2183	39.3482	39.1513	39.4114	39.2915	39.358399999999996	39.4336	39.3448	39.4464	39.4768	39.230599999999995	39.4787	39.414500000000004	39.5687	39.5038	39.65	39.5573	39.6042	39.6715	39.5646	39.454299999999996	39.5976	39.048300000000005
Sor-CPnd_016-Ex1-1B-lcwgs-1-3.clmp.r1r2_fastp	57.5519	37.934	41.4129	38.117000000000004	37.2182	37.1258	35.658	37.463	38.717	36.4694	41.5058	41.2673	40.7357	39.9728	39.8194	39.3196	39.8621	39.5327	39.925399999999996	39.8307	40.1104	39.6313	39.8305	39.2046	39.3966	39.1408	39.2513	39.055299999999995	39.5072	39.2061	39.6496	39.4473	39.6314	39.2805	39.4808	39.1725	39.4208	39.1332	39.359300000000005	39.1323	39.6216	39.1525	39.5386	39.2526	39.335300000000004	39.0796	39.3133	39.0448	39.3515	39.1599	39.3565	39.2094	39.5133	39.1639	39.347500000000004	39.238099999999996	39.375	39.065	39.406	39.0054	39.4932	39.2272	39.3173	39.1875	39.402	39.0232	39.3008	39.1178	39.326499999999996	39.064	39.4139	39.1692	39.428999999999995	39.231300000000005	39.277499999999996	39.1211	39.332899999999995	39.0393	39.313500000000005	39.1072	39.4423	39.204	39.3989	39.1229	39.3076	39.1416	39.2387	38.980599999999995	39.3989	39.015699999999995	39.368199999999995	39.2272	39.3399	39.2115	39.3388	39.0773	39.2961	39.0245	39.2202	39.0684	39.3717	39.0399	39.3899	39.2451	39.2579	39.1553	39.2594	38.9771	39.2708	39.0377	39.294200000000004	39.0878	39.3729	39.213300000000004	39.3155	39.259699999999995	39.2199	39.034400000000005	39.2384	38.9471	39.2602	39.0864	39.2625	39.1879	39.3847	39.1264	39.2976	38.9946	39.2909	38.9658	39.2889	39.048100000000005	39.3564	39.2261	39.2515	39.2932	39.3351	39.1058	39.2987	39.1271	39.4106	39.2919	39.5273	39.3459	39.5935	39.5194	39.4044	39.3266	39.4439	38.879999999999995
Sor-CPnd_017-Ex1-3G-lcwgs-1-3.clmp.r1r2_fastp	56.839	39.0083	38.5773	37.233	38.0771	36.945899999999995	35.9023	37.260799999999996	38.0985	36.568	41.1014	40.432	40.1746	39.5424	39.2625	38.844699999999996	39.3359	38.868900000000004	39.2579	39.2314	39.4265	39.2069	39.4597	38.818200000000004	38.9376	38.769999999999996	38.669399999999996	38.681	38.9579	38.6447	39.0362	38.8715	38.9988	38.8418	38.9569	38.733200000000004	38.913	38.5931	38.7322	38.5396	38.8677	38.5436	38.8296	38.6409	38.684000000000005	38.5126	38.6167	38.337500000000006	38.537	38.467600000000004	38.4478	38.3229	38.7771	38.4407	38.7869	38.5783	38.5717	38.3623	38.5453	38.2938	38.6945	38.4079	38.4805	38.2693	38.627	38.3218	38.5939	38.3478	38.499100000000006	38.272099999999995	38.6182	38.3638	38.6408	38.4643	38.482499999999995	38.4476	38.608599999999996	38.2456	38.4772	38.3046	38.6936	38.2831	38.4853	38.3024	38.5126	38.4031	38.4566	38.1573	38.6197	38.1027	38.4495	38.4295	38.4353	38.2832	38.5006	38.3493	38.3803	38.3095	38.265100000000004	38.2861	38.2989	38.2132	38.4719	38.331900000000005	38.522	38.2771	38.488699999999994	38.137	38.257000000000005	38.3478	38.4478	38.2402	38.3069	38.2653	38.4561	38.412600000000005	38.406400000000005	38.2851	38.4783	38.0737	38.3503	38.2854	38.3197	38.224399999999996	38.4671	38.263000000000005	38.4638	38.3306	38.2931	38.4157	38.419	38.149	38.5384	38.3316	38.443	38.3606	38.577600000000004	38.1574	38.6316	38.317299999999996	38.6762	38.5122	38.7243	38.3376	38.7387	38.621100000000006	38.3965	38.5134	38.5768	38.0583
Sor-CPnd_018-Ex1-1E-lcwgs-1-3.clmp.r1r2_fastp	55.764599999999994	40.348299999999995	38.2835	38.236	39.029799999999994	37.8467	36.4769	38.1504	38.8667	37.1534	41.6153	41.0278	40.6553	40.0804	39.8517	39.373999999999995	39.9181	39.489200000000004	39.8771	39.7751	40.0644	39.6543	39.9569	39.3989	39.5937	39.433299999999996	39.4039	39.2282	39.650200000000005	39.226299999999995	39.7188	39.5574	39.6785	39.381699999999995	39.5999	39.2264	39.5031	39.1404	39.338499999999996	39.0592	39.5976	39.047399999999996	39.4445	39.2711	39.2603	39.108599999999996	39.2949	38.9327	39.175900000000006	39.043099999999995	39.1925	39.1023	39.333	39.0256	39.2425	39.1282	39.2237	38.8676	39.2617	38.7693	39.2951	39.129599999999996	39.027	39.0407	39.2262	38.864399999999996	39.123799999999996	39.0192	39.090799999999994	38.8443	39.1781	38.927	39.2271	39.0188	39.035	39.0376	39.1178	38.8901	39.1126	38.9104	39.1822	38.9743	39.1651	38.9379	39.1207	38.9862	39.0312	38.745400000000004	39.2068	38.8351	39.0419	39.0477	39.0293	38.986399999999996	39.102599999999995	38.929399999999994	39.099000000000004	38.9229	38.921499999999995	38.844899999999996	39.085300000000004	38.805299999999995	39.0972	39.097	39.009	38.9216	39.0775	38.8061	39.001400000000004	38.847	39.0182	38.821600000000004	39.1333	38.9681	39.0347	39.021499999999996	39.029	38.8018	38.9945	38.7123	39.028600000000004	38.8791	38.9416	38.872299999999996	39.1329	38.8688	39.0601	38.8501	39.068000000000005	38.7936	39.0556	38.8025	39.072	39.0391	39.022600000000004	38.982099999999996	39.1612	38.8707	39.1235	38.9947	39.1183	39.1023	39.2572	39.1556	39.3306	39.2984	39.170899999999996	39.1202	39.2282	38.6391
Sor-CPnd_019-Ex1-6G-lcwgs-1-3.clmp.r1r2_fastp	55.766099999999994	40.6004	38.6716	37.8711	39.1461	37.9747	37.144800000000004	38.8088	39.4242	37.341499999999996	42.0421	41.3654	40.8771	40.3148	40.1557	39.679500000000004	40.2417	39.6879	40.139	40.0893	40.236	39.8477	40.138600000000004	39.5921	39.765	39.6017	39.6239	39.339600000000004	39.8315	39.3782	39.8515	39.677299999999995	39.8181	39.4937	39.7948	39.398300000000006	39.6428	39.3089	39.454499999999996	39.198100000000004	39.7051	39.2155	39.5789	39.4311	39.394400000000005	39.1746	39.4395	39.0466	39.3395	39.1923	39.308	39.1423	39.4745	39.1398	39.3114	39.3095	39.346399999999996	39.0109	39.3425	38.9612	39.3913	39.1982	39.1867	39.146300000000004	39.3757	39.011	39.2619	39.1167	39.259100000000004	38.959500000000006	39.3202	39.0794	39.3124	39.1584	39.1903	39.0846	39.2642	38.9894	39.2422	39.055499999999995	39.2734	39.089800000000004	39.2125	39.0195	39.1878	39.115899999999996	39.1644	38.922200000000004	39.352900000000005	38.9386	39.1884	39.1548	39.2461	39.0912	39.267	39.030100000000004	39.2465	39.0114	39.160000000000004	38.9625	39.2573	38.940799999999996	39.2119	39.212599999999995	39.1409	39.0698	39.2394	38.959500000000006	39.1897	39.0261	39.2087	39.0473	39.258900000000004	39.1156	39.218399999999995	39.2716	39.2345	39.0131	39.198100000000004	38.9571	39.2004	39.070899999999995	39.1961	39.0878	39.2868	39.0919	39.2111	39.0798	39.2183	38.9994	39.189099999999996	39.0548	39.2571	39.2349	39.223200000000006	39.2959	39.4032	39.1462	39.3155	39.217600000000004	39.372099999999996	39.350699999999996	39.5081	39.3897	39.549299999999995	39.4899	39.4337	39.373599999999996	39.488099999999996	38.919
Sor-CPnd_020-Ex1-2E-lcwgs-1-3.clmp.r1r2_fastp	56.29579999999999	38.3181	37.8234	37.0081	38.1437	36.826100000000004	35.592	37.0122	37.8761	36.1547	41.051700000000004	40.4224	40.010400000000004	39.3799	39.1597	38.6745	39.2026	38.7738	39.1336	39.0633	39.3713	38.995200000000004	39.165	38.615100000000005	38.8106	38.5724	38.5788	38.393699999999995	38.7962	38.3817	38.8748	38.7225	38.897	38.6055	38.8671	38.5053	38.714	38.3969	38.5705	38.324999999999996	38.8037	38.3578	38.716699999999996	38.507400000000004	38.571299999999994	38.3718	38.5381	38.2531	38.4467	38.3636	38.4811	38.395	38.6658	38.359	38.5305	38.481	38.5544	38.238699999999994	38.5246	38.1614	38.6265	38.3952	38.4175	38.3621	38.5929	38.2523	38.4762	38.3736	38.4308	38.2164	38.521899999999995	38.2915	38.574799999999996	38.412800000000004	38.4536	38.3442	38.525999999999996	38.2197	38.4653	38.2773	38.5641	38.354	38.4584	38.3229	38.4603	38.332699999999996	38.4035	38.174	38.5706	38.1908	38.4643	38.4036	38.469300000000004	38.3648	38.5167	38.3337	38.5095	38.3334	38.3897	38.224799999999995	38.5018	38.2175	38.5463	38.458	38.3947	38.4146	38.5383	38.258700000000005	38.463300000000004	38.232	38.4411	38.2932	38.567099999999996	38.384299999999996	38.500299999999996	38.493	38.508199999999995	38.2991	38.506800000000005	38.2596	38.4449	38.3767	38.4715	38.4269	38.6004	38.4058	38.594899999999996	38.346999999999994	38.54	38.254599999999996	38.5322	38.3005	38.5526	38.5661	38.5018	38.6502	38.6994	38.4922	38.6602	38.5581	38.7374	38.6985	38.8645	38.7115	38.9229	38.9368	38.8089	38.6847	38.804899999999996	38.297
Sor-CPnd_022-Ex1-7C-lcwgs-1-3.clmp.r1r2_fastp	56.0199	39.9507	38.3538	37.0154	38.4895	37.364000000000004	36.633700000000005	38.350899999999996	39.0822	36.747800000000005	41.8253	41.1685	40.5674	39.9758	39.7945	39.3266	39.8623	39.3815	39.758700000000005	39.7266	39.8928	39.466499999999996	39.724	39.1789	39.334799999999994	39.1896	39.1179	38.9188	39.363	38.9444	39.3677	39.2292	39.4239	39.1085	39.3664	38.963	39.192	38.8418	39.021699999999996	38.785199999999996	39.266	38.7928	39.157599999999995	38.9569	39.006800000000005	38.7405	38.952999999999996	38.6357	38.8888	38.7439	38.8824	38.7566	39.062000000000005	38.7319	38.925599999999996	38.8736	38.9176	38.574999999999996	38.8968	38.5361	38.982099999999996	38.7723	38.798300000000005	38.705	38.979	38.6102	38.8277	38.6719	38.8138	38.5586	38.91	38.690799999999996	38.8947	38.7757	38.7757	38.671	38.8837	38.5468	38.8179	38.6402	38.9243	38.6921	38.890299999999996	38.6443	38.8143	38.671499999999995	38.7356	38.4807	38.9195	38.5452	38.818200000000004	38.7421	38.8144	38.6734	38.8553	38.6491	38.8667	38.6524	38.7457	38.539	38.8618	38.5651	38.888600000000004	38.854699999999994	38.7887	38.769	38.8077	38.5871	38.7977	38.630399999999995	38.7919	38.6265	38.866299999999995	38.771499999999996	38.8575	38.8116	38.8346	38.5724	38.8576	38.5034	38.8624	38.7314	38.7877	38.7975	38.9377	38.7149	38.8104	38.672200000000004	38.865899999999996	38.670500000000004	38.880199999999995	38.6067	38.9021	38.8724	38.832699999999996	38.9249	39.006099999999996	38.7653	38.9369	38.842	39.035399999999996	38.992399999999996	39.1596	38.9566	39.2417	39.2351	39.057700000000004	39.055499999999995	39.1644	38.5439
Sor-CPnd_024-Ex1-5G-lcwgs-1-3.clmp.r1r2_fastp	56.0233	39.8337	38.149499999999996	37.171	38.8411	37.569399999999995	36.6973	38.1502	38.842	37.018	41.6887	41.081	40.686499999999995	40.1404	39.9716	39.5075	39.9621	39.4992	39.8525	39.825700000000005	40.046	39.6674	39.9146	39.4079	39.563700000000004	39.3986	39.3896	39.2027	39.5893	39.1756	39.622600000000006	39.4793	39.6501	39.321	39.5729	39.1785	39.4438	39.1323	39.320699999999995	39.0241	39.5694	39.0203	39.3835	39.2209	39.2386	39.026300000000006	39.2348	38.8667	39.1537	38.9921	39.0876	38.9642	39.252900000000004	38.974199999999996	39.1907	39.102599999999995	39.1978	38.7738	39.1669	38.7817	39.1802	38.9236	39.0047	38.9089	39.1874	38.806400000000004	39.1004	38.9311	38.9988	38.7957	39.1081	38.879599999999996	39.1088	38.9944	38.975	38.9949	39.0914	38.8594	38.9253	38.8767	39.1289	38.9063	39.0915	38.8736	39.0141	38.8678	39.0242	38.7005	39.107	38.857	39.0278	38.974	38.976699999999994	38.8494	39.0899	38.8945	39.0274	38.8766	38.902300000000004	38.807900000000004	38.9643	38.7537	39.0132	38.9436	38.9568	38.972699999999996	38.9899	38.873200000000004	38.9158	38.7877	38.9524	38.8001	38.9524	38.8799	39.0517	39.0675	38.9861	38.8104	39.0318	38.6814	38.9795	38.7677	38.883	38.8133	39.12	38.8608	38.972	38.8354	39.0362	38.7328	39.0573	38.746700000000004	39.007999999999996	39.0057	38.9993	39.028600000000004	39.0387	38.8928	39.1836	39.009100000000004	39.2177	39.0849	39.3219	39.104299999999995	39.3708	39.2729	39.1814	39.2113	39.1389	38.7012
Sor-CPnd_026-Ex1-3H-lcwgs-1-3.clmp.r1r2_fastp	56.8725	38.5687	38.1656	36.8384	38.226	36.9349	35.9079	37.2844	38.109500000000004	36.3911	41.288799999999995	40.6703	40.2378	39.646	39.4491	38.9977	39.528200000000005	39.1014	39.4431	39.4328	39.6167	39.250600000000006	39.421	38.873000000000005	39.0729	38.8417	38.8401	38.692	39.0239	38.709199999999996	39.1325	39.0257	39.1413	38.8443	39.109100000000005	38.7829	38.9639	38.676899999999996	38.8131	38.6079	39.0756	38.653999999999996	38.967800000000004	38.8214	38.84	38.6333	38.832699999999996	38.519	38.7477	38.6238	38.7293	38.6787	38.900400000000005	38.6248	38.7934	38.754	38.8525	38.4975	38.8092	38.4637	38.864599999999996	38.6587	38.701299999999996	38.657000000000004	38.812799999999996	38.529	38.7279	38.6203	38.7117	38.471	38.784600000000005	38.5762	38.8246	38.689	38.685900000000004	38.641799999999996	38.788	38.5131	38.675399999999996	38.5911	38.8007	38.5917	38.797	38.6003	38.7329	38.6517	38.6726	38.459900000000005	38.764900000000004	38.5116	38.7257	38.6949	38.710899999999995	38.6273	38.7342	38.5914	38.719500000000004	38.5614	38.6496	38.4869	38.7365	38.4993	38.7396	38.723800000000004	38.6484	38.663799999999995	38.7163	38.4833	38.7075	38.5308	38.626599999999996	38.541599999999995	38.763799999999996	38.6215	38.7064	38.7461	38.7027	38.5441	38.722	38.4835	38.6916	38.5714	38.6595	38.630199999999995	38.7996	38.5884	38.779599999999995	38.5796	38.766099999999994	38.4974	38.7435	38.534600000000005	38.7621	38.689499999999995	38.710899999999995	38.7575	38.8499	38.686	38.7878	38.7058	38.900600000000004	38.845400000000005	38.9851	38.8818	39.0535	39.0095	38.9162	38.875	39.0062	38.4281
Sor-CPnd_027-Ex1-3C-lcwgs-1-3.clmp.r1r2_fastp	56.7057	39.2036	38.957300000000004	37.147400000000005	38.5985	37.4093	36.6281	38.0506	38.780300000000004	36.721199999999996	41.7448	41.1023	40.5778	40.0062	39.8623	39.3737	39.9248	39.4542	39.824	39.844	39.9356	39.5487	39.7376	39.223200000000006	39.3544	39.1431	39.128	38.9637	39.3106	38.9717	39.409499999999994	39.3082	39.3987	39.187	39.4098	39.0861	39.301199999999994	38.9699	39.1618	38.9267	39.3861	38.968199999999996	39.2953	39.1217	39.143699999999995	38.9902	39.1451	38.8485	39.1018	39.0148	39.1016	39.034200000000006	39.250099999999996	38.9339	39.1589	39.1297	39.2229	38.8654	39.1995	38.807	39.2447	38.982	39.0845	38.9889	39.2358	38.8823	39.075199999999995	38.9677	39.0408	38.8679	39.1826	38.9639	39.2457	39.029399999999995	39.068599999999996	39.010400000000004	39.1415	38.894	39.0428	38.941199999999995	39.1976	38.9583	39.1117	39.0009	39.0665	39.0102	39.042	38.8465	39.1822	38.8534	39.100699999999996	39.1019	39.1796	39.025	39.1686	38.9625	39.151799999999994	38.9713	39.0717	38.9069	39.1897	38.911699999999996	39.2057	39.1117	39.075500000000005	39.0496	39.1166	38.947700000000005	39.124900000000004	38.9905	39.1106	38.9313	39.2271	39.0969	39.1795	39.210899999999995	39.1664	39.0316	39.1712	38.8868	39.1671	39.0116	39.1646	39.1208	39.1984	39.0554	39.2581	39.050000000000004	39.214	38.9972	39.2334	39.0114	39.2602	39.1666	39.216699999999996	39.2359	39.3499	39.1443	39.3227	39.1431	39.3745	39.2819	39.4474	39.3236	39.5449	39.5124	39.4766	39.3496	39.5255	38.9104
Sor-CPnd_028-Ex1-3A-lcwgs-1-3.clmp.r1r2_fastp	56.7295	39.0178	38.935700000000004	36.980000000000004	38.5097	37.313	36.125099999999996	37.6687	38.674	36.3836	41.6059	41.3422	40.821000000000005	40.1126	39.9144	39.400400000000005	39.9154	39.4683	39.8109	39.8408	39.9771	39.596	39.8025	39.2286	39.3852	39.1856	39.1608	38.943	39.348499999999994	39.000099999999996	39.4548	39.331700000000005	39.462399999999995	39.184000000000005	39.4121	39.0771	39.3001	38.992	39.1372	38.894800000000004	39.3729	38.9666	39.3365	39.1639	39.1861	38.9394	39.1459	38.8416	39.0841	38.921099999999996	39.0861	38.9572	39.292500000000004	38.969500000000004	39.1527	39.0653	39.183	38.809	39.1047	38.7634	39.1669	38.988499999999995	39.039699999999996	38.940200000000004	39.1851	38.8494	39.0929	38.9285	39.0668	38.811299999999996	39.1394	38.9293	39.159	38.989000000000004	39.0024	38.9557	39.124700000000004	38.8268	39.0648	38.868399999999994	39.148500000000006	38.900600000000004	39.1061	38.9013	39.0281	38.955600000000004	38.987500000000004	38.7622	39.184799999999996	38.8094	39.088499999999996	38.9576	39.083600000000004	38.9617	39.1258	38.919399999999996	39.1106	38.899699999999996	38.9857	38.835300000000004	39.090399999999995	38.8707	39.0788	39.0241	39.029799999999994	39.0143	39.0841	38.8332	39.0583	38.893	39.088	38.8527	39.109899999999996	38.934000000000005	39.095200000000006	39.086	39.0351	38.8868	39.1066	38.7855	39.0804	38.861000000000004	39.026300000000006	38.9993	39.1907	38.9231	39.144	38.884	39.1277	38.845800000000004	39.1032	38.8989	39.1402	39.0939	39.1173	39.1164	39.1933	39.0122	39.1899	39.0545	39.2396	39.1914	39.3621	39.229	39.4036	39.3683	39.318799999999996	39.2257	39.3866	38.789
Sor-CPnd_029-Ex1-8E-lcwgs-1-3.clmp.r1r2_fastp	55.077799999999996	39.9107	37.763600000000004	36.9643	38.1614	37.019999999999996	35.969899999999996	37.775999999999996	38.4636	36.3684	41.172	40.5117	39.9637	39.433	39.1849	38.7388	39.2577	38.763799999999996	39.1413	39.12	39.275999999999996	38.9242	39.146	38.6329	38.780300000000004	38.634	38.6183	38.411699999999996	38.818200000000004	38.393699999999995	38.8693	38.7021	38.8427	38.539	38.8047	38.4264	38.6425	38.3625	38.5016	38.2662	38.7387	38.3112	38.6458	38.47	38.4984	38.2674	38.4807	38.1471	38.3845	38.228699999999996	38.3801	38.259100000000004	38.5401	38.2326	38.3963	38.3993	38.4071	38.094699999999996	38.3859	38.017	38.4383	38.2585	38.258700000000005	38.2048	38.4257	38.1219	38.297799999999995	38.196999999999996	38.2986	38.0758	38.3654	38.1715	38.3478	38.2233	38.2598	38.1654	38.330799999999996	38.037	38.2468	38.1244	38.3397	38.1228	38.2919	38.0903	38.236799999999995	38.1811	38.1944	37.9823	38.3285	38.0026	38.231700000000004	38.205099999999995	38.244	38.122699999999995	38.2793	38.0594	38.2337	38.0585	38.143	38.0035	38.2749	37.9938	38.231500000000004	38.1897	38.1504	38.1184	38.2016	37.993300000000005	38.2078	38.0057	38.174400000000006	37.984	38.242399999999996	38.0948	38.2656	38.2243	38.2062	38.0093	38.2164	37.903999999999996	38.2095	38.0728	38.142399999999995	38.1131	38.292	38.0749	38.2783	38.0371	38.1939	38.0311	38.189299999999996	38.0044	38.2117	38.2416	38.2241	38.3003	38.2972	38.1563	38.2821	38.2207	38.371300000000005	38.368	38.482	38.3696	38.5287	38.5801	38.4561	38.3256	38.501200000000004	37.9134
Sor-CPnd_030-Ex1-2H-lcwgs-1-3.clmp.r1r2_fastp	56.217099999999995	39.2161	38.3394	37.1624	38.5822	37.3337	36.4645	37.9646	38.6825	36.7057	41.7072	41.0186	40.5385	39.9345	39.7748	39.3024	39.872	39.4043	39.7767	39.7472	39.960499999999996	39.5339	39.7256	39.244	39.4093	39.2248	39.2236	39.001400000000004	39.4315	39.0422	39.5096	39.3625	39.5069	39.198699999999995	39.4332	39.0867	39.3183	39.0199	39.1947	38.9585	39.4108	38.9908	39.3066	39.132400000000004	39.175900000000006	38.954100000000004	39.163599999999995	38.8618	39.1203	38.9737	39.0957	38.953500000000005	39.2817	38.955600000000004	39.133	39.121	39.1764	38.850899999999996	39.1284	38.7889	39.220699999999994	38.990399999999994	39.0727	38.9308	39.1824	38.8508	39.086	38.966	39.0492	38.850699999999996	39.1087	38.9198	39.2005	38.9851	39.0153	38.9326	39.1201	38.8641	39.0335	38.8942	39.1191	38.901	39.0948	38.921	39.0134	38.9655	38.9752	38.7378	39.1658	38.8056	39.0721	39.055299999999995	39.0049	38.9349	39.0884	38.9176	39.0978	38.852	38.95	38.861200000000004	39.055499999999995	38.8508	39.109899999999996	39.0295	38.9562	38.953700000000005	39.0488	38.8215	39.0291	38.818999999999996	39.0364	38.8907	39.0086	39.0076	39.0687	39.0712	39.0918	38.8037	39.018	38.8326	38.9641	38.9237	38.9756	38.9574	39.0939	38.9632	39.0806	38.9212	39.0771	38.8674	39.035199999999996	38.8711	39.0401	39.0955	38.9909	39.1762	39.1783	38.996199999999995	39.1124	39.053900000000006	39.2201	39.1443	39.3484	39.1843	39.381899999999995	39.3648	39.2496	39.2015	39.3714	38.7811
Sor-CPnd_031-Ex1-5D-lcwgs-1-3.clmp.r1r2_fastp	56.0592	39.6899	38.466699999999996	37.0765	38.652300000000004	37.429	36.4835	38.0366	38.7665	36.7278	41.5576	41.0199	40.502300000000005	39.9918	39.8322	39.3745	39.9113	39.4149	39.8279	39.7485	39.8851	39.529199999999996	39.7797	39.2694	39.421800000000005	39.230900000000005	39.210499999999996	39.029	39.4392	39.0335	39.5096	39.3517	39.455400000000004	39.1944	39.4394	39.0778	39.3042	39.0129	39.15	38.9492	39.3912	38.9785	39.3104	39.1264	39.1582	38.9464	39.1756	38.8707	39.103300000000004	38.954699999999995	39.1462	38.981	39.2147	38.9683	39.0879	39.103	39.1345	38.832699999999996	39.11	38.770900000000005	39.208999999999996	39.002900000000004	38.9944	38.9536	39.185199999999995	38.8434	39.0428	38.963300000000004	39.0567	38.8009	39.1688	38.9002	39.1244	38.9891	39.025999999999996	38.9286	39.1077	38.8337	39.022600000000004	38.9129	39.1306	38.9152	39.0953	38.8714	39.0418	38.9283	39.0232	38.7767	39.112700000000004	38.8155	39.061099999999996	38.9946	39.0382	38.933099999999996	39.0679	38.9258	39.030100000000004	38.9253	38.978699999999996	38.8231	39.1027	38.8231	39.083	39.0515	39.016400000000004	38.9762	39.0831	38.839	39.0449	38.8681	39.0345	38.8984	39.1011	38.996399999999994	39.0712	39.0982	39.0313	38.8608	39.0599	38.8386	39.077600000000004	38.9759	39.0074	39.027899999999995	39.1493	38.9449	39.1607	38.8681	39.1104	38.875	39.090399999999995	38.9317	39.1376	39.1404	39.0794	39.1762	39.217999999999996	38.9726	39.177499999999995	39.074999999999996	39.1938	39.1851	39.3247	39.2548	39.3841	39.3938	39.2739	39.2094	39.3734	38.7879
Sor-CPnd_033-Ex1-2F-lcwgs-1-3.clmp.r1r2_fastp	55.754099999999994	38.5249	37.791000000000004	36.6687	38.0558	36.839	35.755700000000004	37.0587	37.8502	36.079499999999996	40.9986	40.4045	39.9001	39.353500000000004	39.1064	38.6845	39.1992	38.8418	39.1426	39.1594	39.3562	38.9529	39.1233	38.644099999999995	38.7713	38.5666	38.562200000000004	38.4185	38.7141	38.393100000000004	38.824799999999996	38.7269	38.7999	38.5666	38.835300000000004	38.4714	38.6143	38.365	38.4841	38.3341	38.7738	38.3482	38.6351	38.561299999999996	38.5559	38.3151	38.4978	38.244	38.4246	38.3195	38.468999999999994	38.3275	38.6243	38.2971	38.5004	38.5153	38.4857	38.2044	38.480799999999995	38.1374	38.5674	38.3601	38.338899999999995	38.3183	38.5955	38.2048	38.413599999999995	38.3204	38.4155	38.1872	38.4726	38.266099999999994	38.496	38.4108	38.383	38.284400000000005	38.4921	38.1967	38.421499999999995	38.2239	38.4977	38.3131	38.4357	38.313	38.3806	38.3562	38.3746	38.148199999999996	38.489200000000004	38.226	38.3742	38.3838	38.449	38.3839	38.4575	38.3258	38.4571	38.3307	38.3621	38.2744	38.4681	38.232699999999994	38.4602	38.4305	38.3831	38.4032	38.4545	38.2954	38.3589	38.2951	38.376	38.284600000000005	38.4514	38.3187	38.4763	38.545	38.427299999999995	38.2477	38.4842	38.1878	38.4287	38.2878	38.453900000000004	38.3582	38.58	38.3634	38.5116	38.298300000000005	38.5364	38.2458	38.5656	38.244	38.5983	38.451	38.427099999999996	38.607200000000006	38.625	38.4137	38.555099999999996	38.4382	38.6027	38.603	38.7337	38.6609	38.8541	38.8349	38.685900000000004	38.6539	38.8194	38.2278
Sor-CPnd_034-Ex1-4G-lcwgs-1-3.clmp.r1r2_fastp	55.6035	40.6729	38.7497	37.8168	39.1028	38.0556	37.2699	38.977000000000004	39.562000000000005	37.4101	42.1694	41.5097	40.9173	40.354299999999995	40.2276	39.7454	40.3646	39.834399999999995	40.251599999999996	40.2429	40.3407	39.9273	40.2339	39.6882	39.8768	39.722	39.728	39.5139	39.9519	39.5387	39.9539	39.8294	39.9353	39.6647	39.8591	39.514300000000006	39.752700000000004	39.4071	39.5703	39.3156	39.8166	39.318	39.713100000000004	39.5546	39.509100000000004	39.2576	39.5719	39.246700000000004	39.442899999999995	39.2941	39.4311	39.3177	39.623599999999996	39.2464	39.3957	39.4184	39.4383	39.1479	39.4767	39.0868	39.4826	39.3073	39.224399999999996	39.219	39.486	39.1473	39.3618	39.2791	39.2821	39.1243	39.384	39.1932	39.4401	39.3217	39.256299999999996	39.1704	39.320899999999995	39.0665	39.274300000000004	39.167	39.4636	39.2087	39.3344	39.1067	39.2434	39.2299	39.2269	38.960499999999996	39.3901	39.0128	39.298100000000005	39.2708	39.2771	39.1839	39.271899999999995	39.0085	39.2588	39.1946	39.1835	38.994099999999996	39.4121	38.99	39.3569	39.3213	39.2065	39.2082	39.2141	39.0899	39.2947	38.9785	39.1683	39.1125	39.2711	39.1474	39.2603	39.2746	39.2449	39.0786	39.2268	39.055099999999996	39.217200000000005	39.168	39.1216	39.1257	39.2878	39.1547	39.2538	39.121	39.1505	39.0177	39.2254	39.083800000000004	39.2551	39.2771	39.2229	39.2177	39.4349	39.1263	39.2846	39.318799999999996	39.3625	39.3046	39.5656	39.3243	39.5288	39.544200000000004	39.4328	39.392500000000005	39.386700000000005	38.9323
Sor-CPnd_036-Ex1-5C-lcwgs-1-3.clmp.r1r2_fastp	54.9091	40.2934	37.9189	37.0181	38.514900000000004	37.4346	36.3587	38.0946	38.878099999999996	36.7759	41.5341	41.1007	40.5794	39.988	39.7951	39.2909	39.7844	39.341300000000004	39.7267	39.7238	39.85	39.4853	39.725899999999996	39.2041	39.3119	39.167	39.1482	38.9288	39.3119	38.981100000000005	39.4025	39.2617	39.404	39.1003	39.340599999999995	38.9641	39.163599999999995	38.8875	38.982299999999995	38.7477	39.225300000000004	38.7545	39.0612	38.9407	38.912	38.6653	38.8655	38.5641	38.728899999999996	38.661699999999996	38.7444	38.6141	38.885999999999996	38.5595	38.7407	38.7063	38.723800000000004	38.3885	38.6712	38.3635	38.7481	38.530300000000004	38.5559	38.467800000000004	38.7023	38.3942	38.585300000000004	38.453900000000004	38.5587	38.3345	38.645	38.4555	38.626	38.5094	38.5191	38.462	38.589400000000005	38.292500000000004	38.5311	38.417	38.6137	38.403	38.5959	38.401999999999994	38.500299999999996	38.4791	38.4651	38.2406	38.6113	38.2682	38.520700000000005	38.4508	38.556000000000004	38.389	38.5754	38.382	38.549	38.3853	38.427499999999995	38.2924	38.5571	38.316	38.509	38.5334	38.501000000000005	38.4251	38.5472	38.2931	38.4949	38.3496	38.509100000000004	38.3596	38.5503	38.4441	38.5177	38.5345	38.501999999999995	38.3478	38.5434	38.304700000000004	38.5248	38.4301	38.4809	38.439800000000005	38.5765	38.4135	38.5946	38.4554	38.5681	38.355	38.5127	38.361000000000004	38.5937	38.5874	38.5719	38.6212	38.7166	38.5496	38.649499999999996	38.5746	38.7764	38.699600000000004	38.9127	38.782	38.9389	38.9423	38.7802	38.7624	38.891799999999996	38.3093
Sor-CPnd_037-Ex1-6C-lcwgs-1-3.clmp.r1r2_fastp	56.5226	39.5901	38.6438	37.3389	38.7004	37.5199	36.8936	38.657000000000004	39.4711	36.851099999999995	42.2691	41.4656	40.8965	40.1623	40.0726	39.5478	40.1459	39.5752	40.0666	39.9527	40.1746	39.6903	40.0148	39.3751	39.645799999999994	39.3451	39.401399999999995	39.177	39.6412	39.132400000000004	39.731	39.4525	39.692899999999995	39.3177	39.663399999999996	39.1734	39.4646	39.0371	39.2663	38.990700000000004	39.5504	39.0059	39.4191	39.1312	39.3001	38.914300000000004	39.2019	38.7698	39.1556	38.8993	39.1819	38.925399999999996	39.2967	38.8811	39.1102	39.0497	39.1205	38.7396	39.1285	38.6507	39.197700000000005	38.9279	38.9738	38.8688	39.1663	38.769999999999996	39.0265	38.8433	39.0374	38.6797	39.1001	38.8604	39.149699999999996	38.8991	38.9561	38.7998	39.0367	38.6768	38.955600000000004	38.7239	39.0387	38.7187	39.0038	38.771	38.9065	38.827099999999994	38.864900000000006	38.574000000000005	39.0545	38.608599999999996	38.9216	38.8371	38.9054	38.7466	38.9542	38.6875	38.9095	38.6718	38.8347	38.571600000000004	39.0023	38.561299999999996	38.9466	38.7842	38.8457	38.7487	38.896300000000004	38.6057	38.8536	38.6342	38.8225	38.6119	38.9482	38.7269	38.9094	38.8278	38.9051	38.568400000000004	38.8198	38.523	38.8432	38.633	38.784	38.751999999999995	38.9774	38.6162	38.8694	38.615899999999996	38.866099999999996	38.5616	38.8108	38.5856	38.8575	38.7756	38.8461	38.859	38.914300000000004	38.751799999999996	38.8813	38.799499999999995	38.9507	38.8778	39.0681	39.0357	39.1657	39.1659	39.031	38.8657	39.0737	38.473
Sor-CPnd_038-Ex1-2A-lcwgs-1-3.clmp.r1r2_fastp	56.9248	38.047799999999995	38.4298	36.4197	38.0342	36.7783	35.6306	37.2665	38.2928	35.8928	41.4773	41.192499999999995	40.54	39.8631	39.641799999999996	39.074799999999996	39.6145	39.1802	39.5142	39.5319	39.693400000000004	39.2769	39.4546	38.9125	39.0979	38.8172	38.8356	38.655499999999996	39.0283	38.6551	39.1652	39.001599999999996	39.1781	38.8765	39.123999999999995	38.7782	38.98	38.6407	38.8439	38.6079	39.0722	38.6824	39.0683	38.836999999999996	38.9061	38.676500000000004	38.8305	38.5405	38.793	38.648700000000005	38.8318	38.6932	39.0084	38.6759	38.8451	38.7793	38.897999999999996	38.5573	38.8448	38.498	38.9214	38.7018	38.760600000000004	38.7004	38.8754	38.6004	38.790200000000006	38.6324	38.7871	38.5547	38.8761	38.6409	38.886700000000005	38.7054	38.784400000000005	38.6611	38.8294	38.550000000000004	38.7477	38.601	38.8856	38.636900000000004	38.8129	38.6192	38.7819	38.6822	38.743100000000005	38.4749	38.8873	38.5042	38.7768	38.6931	38.821600000000004	38.670300000000005	38.860499999999995	38.6031	38.8433	38.5911	38.7305	38.533	38.8096	38.5524	38.8121	38.7576	38.735	38.7112	38.7913	38.534600000000005	38.79	38.5652	38.783	38.602	38.852	38.6783	38.817099999999996	38.785199999999996	38.8262	38.5641	38.8083	38.4915	38.7671	38.6356	38.7345	38.7044	38.913399999999996	38.7029	38.8662	38.640299999999996	38.847300000000004	38.601400000000005	38.847300000000004	38.5832	38.8395	38.8075	38.8011	38.8725	38.942	38.742399999999996	38.894800000000004	38.8073	39.0199	38.8915	39.104499999999994	38.9334	39.1691	39.123599999999996	39.0319	38.913799999999995	39.0974	38.5377
Sor-CPnd_041-Ex1-7A-lcwgs-1-3.clmp.r1r2_fastp	54.9848	39.7055	38.581900000000005	37.6939	38.5117	37.6703	36.359	38.4917	39.3504	36.9715	41.8385	41.5892	40.9612	40.3495	40.106	39.637	40.1004	39.7147	40.0644	40.051700000000004	40.2367	39.8934	40.0931	39.5933	39.717999999999996	39.5852	39.577600000000004	39.407399999999996	39.809	39.4492	39.866099999999996	39.7245	39.8482	39.5948	39.813500000000005	39.4878	39.7021	39.4601	39.5729	39.3756	39.8306	39.4063	39.7686	39.5981	39.6152	39.4219	39.5994	39.33	39.563900000000004	39.4028	39.56	39.4451	39.7233	39.4302	39.5883	39.582	39.623799999999996	39.327	39.588699999999996	39.2966	39.6537	39.4653	39.5262	39.4315	39.6779	39.3653	39.5524	39.5007	39.5692	39.369	39.6692	39.4486	39.6716	39.541199999999996	39.568	39.4933	39.6346	39.350699999999996	39.5804	39.475500000000004	39.6844	39.4896	39.6636	39.4842	39.596199999999996	39.5248	39.584399999999995	39.3731	39.73	39.4373	39.6451	39.6268	39.6728	39.553	39.7115	39.5253	39.689600000000006	39.5475	39.6141	39.4735	39.752900000000004	39.4849	39.7598	39.754400000000004	39.7013	39.6666	39.758500000000005	39.5393	39.7613	39.5519	39.7956	39.6008	39.8777	39.7039	39.8401	39.8349	39.8241	39.6287	39.8645	39.617000000000004	39.877	39.7983	39.8814	39.8155	40.0219	39.7963	39.9918	39.8153	39.9859	39.7811	40.028000000000006	39.8408	40.0195	40.0659	40.0123	40.061400000000006	40.1729	39.9339	40.115	40.037099999999995	40.1727	40.1353	40.2994	40.1613	40.372	40.355999999999995	40.2979	40.2634	40.4192	39.8914
Sor-CPnd_043-Ex1-1D-lcwgs-1-3.clmp.r1r2_fastp	55.362500000000004	40.5467	38.254	37.2907	38.9578	37.6397	36.398599999999995	38.051899999999996	38.8362	36.6514	41.4116	41.0133	40.572599999999994	40.001799999999996	39.8302	39.3499	39.875	39.3909	39.7619	39.6962	39.8902	39.5108	39.7843	39.2665	39.4431	39.217800000000004	39.194	39.0189	39.388	39.0121	39.4748	39.3193	39.4407	39.1892	39.4427	39.082899999999995	39.3169	39.027699999999996	39.132	38.886199999999995	39.381699999999995	38.914300000000004	39.265	39.123400000000004	39.1067	38.921099999999996	39.1282	38.789699999999996	39.050000000000004	38.880700000000004	39.0182	38.9003	39.1901	38.877	39.0818	39.0021	39.1333	38.7277	39.0923	38.691900000000004	39.102	38.968799999999995	38.9428	38.8484	39.1207	38.7823	38.9919	38.8959	38.962799999999994	38.7341	39.071600000000004	38.8161	39.0868	38.9323	38.9449	38.8379	39.0788	38.7038	38.968799999999995	38.8172	39.0377	38.8154	39.0148	38.8108	38.9507	38.9091	38.9065	38.662400000000005	39.0319	38.713300000000004	38.9478	38.887699999999995	38.946999999999996	38.8852	39.0127	38.8152	39.036100000000005	38.811800000000005	38.897	38.729400000000005	39.022800000000004	38.7293	38.9809	38.974	38.9104	38.884800000000006	38.9878	38.7111	38.9316	38.7477	38.8956	38.7857	38.995999999999995	38.889	38.9658	38.972	38.9536	38.8142	38.9552	38.6811	38.8988	38.8303	38.9395	38.8863	39.029399999999995	38.8775	38.9867	38.774300000000004	39.0295	38.7414	38.9715	38.791599999999995	38.9773	38.926300000000005	38.9366	38.975500000000004	39.0813	38.9413	39.0661	38.97	39.1154	39.1077	39.2665	39.1291	39.2478	39.3018	39.114	39.0965	39.2111	38.6454
Sor-CPnd_044-Ex1-8G-lcwgs-1-3.clmp.r1r2_fastp	55.511900000000004	40.0596	38.0336	36.8791	38.4906	37.255700000000004	36.51	38.219500000000004	38.8073	36.5623	41.5772	40.8725	40.316	39.759899999999995	39.539699999999996	39.0739	39.6005	39.0758	39.5086	39.527499999999996	39.6009	39.2602	39.4918	38.9666	39.1098	38.9516	38.8993	38.7336	39.1475	38.7094	39.1676	39.0105	39.1691	38.8561	39.1075	38.7138	38.913199999999996	38.6603	38.744299999999996	38.5282	39.0113	38.561	38.8986	38.7355	38.7014	38.4717	38.7093	38.3874	38.6127	38.4858	38.597300000000004	38.5015	38.7748	38.442	38.6366	38.5926	38.615100000000005	38.3343	38.6034	38.2633	38.657399999999996	38.4872	38.482699999999994	38.4192	38.6276	38.3337	38.5154	38.4164	38.5203	38.2913	38.5783	38.3985	38.6351	38.4684	38.4725	38.4224	38.5914	38.2933	38.4735	38.372	38.5652	38.4043	38.5357	38.342999999999996	38.462	38.418600000000005	38.425799999999995	38.201	38.5866	38.2128	38.4961	38.4181	38.4812	38.397999999999996	38.5229	38.3552	38.5252	38.3742	38.3708	38.2496	38.5083	38.26	38.51	38.5125	38.446799999999996	38.3797	38.4546	38.2692	38.441900000000004	38.2695	38.4508	38.2994	38.4841	38.3993	38.4784	38.4834	38.4578	38.2939	38.5041	38.2307	38.439499999999995	38.3685	38.4432	38.392900000000004	38.5329	38.412800000000004	38.551	38.3698	38.5051	38.3295	38.5774	38.3056	38.5137	38.527499999999996	38.486399999999996	38.5612	38.6063	38.413000000000004	38.6265	38.5011	38.6929	38.629599999999996	38.784400000000005	38.6591	38.8594	38.825500000000005	38.7538	38.6237	38.7851	38.2196
Sor-CPnd_045-Ex1-7B-lcwgs-1-3.clmp.r1r2_fastp	56.1922	39.4527	38.420300000000005	36.897000000000006	38.1655	37.1633	36.2468	38.0824	38.8825	36.552299999999995	41.7186	41.14	40.4895	39.891799999999996	39.6513	39.198899999999995	39.6815	39.2351	39.6359	39.5993	39.7602	39.3437	39.5771	39.0203	39.1853	38.9648	38.9921	38.840799999999994	39.2125	38.8472	39.2978	39.1385	39.2438	38.9761	39.1953	38.8581	39.0507	38.7789	38.9239	38.7022	39.1631	38.7498	39.0556	38.893899999999995	38.934400000000004	38.6873	38.8725	38.614	38.8539	38.6809	38.8617	38.723200000000006	39.0172	38.7005	38.8737	38.8094	38.872299999999996	38.5756	38.8623	38.4896	38.9249	38.7535	38.7447	38.6952	38.9142	38.601600000000005	38.749	38.6724	38.771699999999996	38.566	38.8969	38.6129	38.888099999999994	38.7011	38.7363	38.6401	38.8108	38.513999999999996	38.751400000000004	38.5892	38.8314	38.6241	38.783	38.6238	38.7291	38.6717	38.6781	38.468799999999995	38.8402	38.4822	38.7447	38.6644	38.7634	38.6396	38.769999999999996	38.594	38.7436	38.5635	38.6692	38.522	38.7801	38.543	38.766099999999994	38.7423	38.6959	38.6913	38.738499999999995	38.527899999999995	38.7266	38.5381	38.7145	38.5569	38.7919	38.6251	38.7701	38.7704	38.7192	38.5162	38.7122	38.4751	38.718799999999995	38.5719	38.7004	38.6593	38.778	38.6036	38.744099999999996	38.5096	38.745400000000004	38.527	38.7053	38.5694	38.7595	38.7611	38.723400000000005	38.8003	38.8022	38.6511	38.8316	38.7266	38.892900000000004	38.847300000000004	39.0262	38.864	39.0525	39.050200000000004	38.921	38.8817	38.9791	38.4176
Sor-CPnd_046-Ex1-5A-lcwgs-1-3.clmp.r1r2_fastp	55.14829999999999	40.0413	38.1868	37.3179	38.4928	37.4414	36.2958	38.0966	39.0345	36.7952	41.6817	41.3159	40.7695	40.1752	39.9126	39.415800000000004	39.9656	39.4876	39.9066	39.9047	40.030300000000004	39.6539	39.8881	39.391	39.5322	39.3215	39.3482	39.1077	39.583800000000004	39.2005	39.657	39.4617	39.652300000000004	39.275	39.626	39.1571	39.4316	39.0762	39.2449	38.982299999999995	39.4731	38.9972	39.347100000000005	39.1821	39.171800000000005	38.9594	39.1907	38.8294	39.0074	38.921	39.0074	38.9144	39.1619	38.8152	39.0112	38.963	39.0598	38.650099999999995	38.9723	38.567800000000005	38.9975	38.8517	38.8177	38.797	38.974	38.6447	38.8539	38.7739	38.799299999999995	38.5942	38.906800000000004	38.682	38.9209	38.7903	38.7608	38.7014	38.830999999999996	38.5324	38.7374	38.630199999999995	38.8622	38.6346	38.7722	38.595400000000005	38.7034	38.6267	38.679	38.4622	38.8537	38.5045	38.7474	38.6926	38.7458	38.5666	38.7869	38.495000000000005	38.777	38.5132	38.6015	38.4643	38.7003	38.4434	38.7033	38.6933	38.696799999999996	38.6065	38.7012	38.3604	38.7197	38.506099999999996	38.6327	38.5585	38.663399999999996	38.5617	38.6955	38.6663	38.664	38.4854	38.6978	38.4174	38.602199999999996	38.557399999999994	38.643699999999995	38.5648	38.7596	38.5004	38.6899	38.4932	38.72	38.406600000000005	38.6552	38.487700000000004	38.7565	38.6776	38.6541	38.7271	38.7196	38.5064	38.813700000000004	38.682	38.8305	38.756	38.8686	38.7621	39.0203	38.927299999999995	38.8579	38.8467	38.8682	38.332100000000004
Sor-CPnd_049-Ex1-3B-lcwgs-1-3.clmp.r1r2_fastp	56.4021	39.2271	38.5786	37.1918	38.5364	37.2979	36.4286	37.960100000000004	38.7812	36.6539	41.7414	41.1364	40.643	40.0031	39.821600000000004	39.3124	39.8432	39.415499999999994	39.791900000000005	39.785	39.9447	39.5336	39.750099999999996	39.2014	39.3762	39.1688	39.1678	38.9947	39.3859	39.0136	39.4364	39.358399999999996	39.5112	39.161699999999996	39.474	39.0938	39.31	38.9711	39.131899999999995	38.9604	39.3753	38.9395	39.2581	39.1382	39.161	38.9209	39.1252	38.8044	39.0702	38.89	39.0467	39.001599999999996	39.232499999999995	38.9296	39.1387	39.0395	39.205600000000004	38.8165	39.0888	38.7336	39.1937	38.901599999999995	39.022400000000005	38.9834	39.1407	38.8819	39.0504	38.9159	39.0924	38.8381	39.1153	38.8803	39.199400000000004	38.9906	39.0349	38.907399999999996	39.1668	38.8707	39.0835	38.9717	39.0828	38.907799999999995	39.091	38.9307	39.0747	38.908500000000004	39.077400000000004	38.7919	39.1361	38.8451	39.0547	38.969300000000004	39.1525	38.9568	39.1055	38.940599999999996	39.126	38.906600000000005	38.976499999999994	38.8876	39.09	38.8724	39.0507	39.1076	38.968399999999995	38.999	39.043099999999995	38.8599	38.9657	38.8755	39.0446	38.899499999999996	39.1207	38.9507	39.054100000000005	39.0672	39.0156	38.8371	39.0437	38.8842	39.104299999999995	38.8263	39.0411	38.9295	39.1424	38.9632	39.0661	38.9133	39.0175	38.7962	39.0841	38.7915	39.0792	39.0756	38.9385	39.1059	39.149899999999995	38.937	39.0606	39.0269	39.0926	39.1335	39.3707	39.0837	39.4386	39.356	39.2519	39.199	39.2907	38.7909
Sor-CPnd_050-Ex1-3F-lcwgs-1-3.clmp.r1r2_fastp	57.024300000000004	39.0411	38.1297	37.039	38.533699999999996	37.2385	36.2425	37.650099999999995	38.4803	36.7391	41.5792	40.8925	40.4526	39.8506	39.6794	39.2104	39.724599999999995	39.2805	39.6604	39.589600000000004	39.7778	39.4636	39.6405	39.1037	39.2992	39.1039	39.0696	38.9469	39.2761	38.9289	39.3641	39.2734	39.3431	39.1064	39.3066	38.966699999999996	39.189099999999996	38.8921	39.057700000000004	38.8077	39.2535	38.823299999999996	39.1717	39.008700000000005	39.0033	38.8266	38.996700000000004	38.6714	38.938	38.7869	38.9053	38.8282	39.0986	38.813199999999995	38.9634	38.9649	38.966699999999996	38.6509	38.9518	38.6328	39.0326	38.8527	38.8654	38.7754	39.027899999999995	38.7138	38.901799999999994	38.7745	38.8873	38.6537	38.985	38.7547	39.0142	38.8291	38.880700000000004	38.8056	38.9183	38.672200000000004	38.9045	38.772600000000004	38.9701	38.7639	38.893	38.7353	38.8984	38.8027	38.8368	38.647999999999996	38.9706	38.662600000000005	38.897999999999996	38.8167	38.8817	38.7956	38.9286	38.785199999999996	38.9182	38.7511	38.7838	38.6601	38.9423	38.677499999999995	38.9281	38.9376	38.8337	38.7955	38.8915	38.6664	38.8483	38.7376	38.844699999999996	38.7653	38.940200000000004	38.825700000000005	38.9231	38.9015	38.8852	38.742599999999996	38.8803	38.6089	38.8847	38.7874	38.8365	38.8383	39.0317	38.7762	38.937	38.751200000000004	38.9171	38.7415	38.9723	38.7284	38.9115	38.9152	38.8983	39.004	39.001599999999996	38.8446	38.996399999999994	38.9671	39.071	39.0105	39.1739	39.0511	39.2032	39.2603	39.0547	39.0878	39.1816	38.6114
Sor-CPnd_052-Ex1-6D-lcwgs-1-3.clmp.r1r2_fastp	54.1168	39.8623	37.228899999999996	36.4346	37.843900000000005	36.8202	35.8938	37.5977	38.279999999999994	36.2667	40.9148	40.2669	39.738600000000005	39.219	38.9898	38.5728	39.0893	38.608599999999996	39.000099999999996	39.0153	39.155699999999996	38.7531	39.067	38.4634	38.6477	38.4185	38.4167	38.2539	38.6655	38.2714	38.6987	38.5643	38.6672	38.4192	38.609	38.2104	38.4763	38.1327	38.305099999999996	38.0867	38.5377	38.1128	38.3724	38.2667	38.2558	38.0305	38.2173	37.839099999999995	38.0954	37.9807	38.1589	37.9822	38.2276	37.9003	38.1119	38.035799999999995	38.1278	37.7859	38.1243	37.6908	38.1535	37.964999999999996	37.9508	37.8932	38.0985	37.7419	37.9999	37.8542	37.971	37.757600000000004	38.0038	37.8344	38.034099999999995	37.9056	37.9155	37.829800000000006	38.025999999999996	37.6718	37.9213	37.7947	38.0034	37.8465	37.9606	37.8225	37.901	37.8392	37.873400000000004	37.6464	37.9663	37.6859	37.9227	37.8069	37.8735	37.7921	37.9238	37.738699999999994	37.913599999999995	37.7374	37.7947	37.691	37.916	37.6711	37.9574	37.8839	37.8514	37.7854	37.9355	37.6554	37.8309	37.6747	37.8873	37.6939	37.9276	37.7954	37.927699999999994	37.9489	37.8775	37.7309	37.885600000000004	37.6715	37.873200000000004	37.7659	37.7835	37.8542	37.9617	37.7919	37.9021	37.7849	37.9013	37.74	37.9243	37.741400000000006	37.885400000000004	37.9024	37.867200000000004	38.0103	38.0509	37.8945	38.013000000000005	37.999300000000005	38.0806	38.1082	38.2569	38.121100000000006	38.3185	38.3504	38.1161	38.0942	38.3015	37.7265
Sor-CPnd_053-Ex1-2C-lcwgs-1-3.clmp.r1r2_fastp	57.42	38.816	38.7792	37.021300000000004	38.6197	37.3285	36.4214	38.057900000000004	38.8682	36.5699	41.965799999999994	41.4619	40.8088	40.1963	39.9728	39.4666	40.0	39.5388	39.8957	39.8897	40.022000000000006	39.6077	39.8412	39.2725	39.4451	39.2203	39.2266	39.001000000000005	39.4664	39.042500000000004	39.5209	39.347500000000004	39.5176	39.263	39.4529	39.1793	39.334599999999995	39.0232	39.211400000000005	38.9274	39.4044	39.002199999999995	39.3256	39.162	39.2018	38.9909	39.2063	38.8415	39.1347	38.9341	39.118700000000004	38.9401	39.2745	38.9514	39.1487	39.0978	39.161699999999996	38.8525	39.137499999999996	38.7887	39.245999999999995	39.0213	39.043099999999995	38.9449	39.217600000000004	38.853500000000004	39.0782	38.9142	39.1273	38.8203	39.155699999999996	38.915499999999994	39.1728	39.055800000000005	39.0617	38.9346	39.1411	38.8542	39.056200000000004	38.9389	39.1674	38.9483	39.108599999999996	38.9161	39.0281	38.967800000000004	39.0379	38.7541	39.1396	38.846599999999995	39.0642	39.0472	39.114	38.9704	39.1124	38.9557	39.0972	38.9093	39.0112	38.818799999999996	39.1725	38.8163	39.1222	39.0381	39.0413	38.9793	39.0902	38.852599999999995	39.015699999999995	38.926899999999996	39.075500000000005	38.8745	39.171299999999995	38.9841	39.1225	39.097	39.113	38.8642	39.124900000000004	38.880199999999995	39.102399999999996	38.9728	39.079	39.0282	39.1935	38.979200000000006	39.1998	38.905499999999996	39.1196	38.926500000000004	39.0921	38.8779	39.153999999999996	39.126	39.1121	39.1731	39.2198	39.068000000000005	39.1922	39.1486	39.2749	39.2179	39.4286	39.2285	39.4855	39.4087	39.3115	39.279599999999995	39.3388	38.8221
Sor-CPnd_054-Ex1-8F-lcwgs-1-3.clmp.r1r2_fastp	56.389599999999994	40.6136	38.8419	37.7472	39.4307	38.155899999999995	37.5328	39.0749	39.645799999999994	37.609500000000004	42.5416	41.8545	41.3444	40.7703	40.5237	40.1141	40.6704	40.2369	40.597	40.6624	40.7237	40.3076	40.578900000000004	40.0896	40.2278	40.079100000000004	40.077400000000004	39.772999999999996	40.2658	39.82	40.3513	40.1224	40.2693	39.9516	40.2254	39.7629	40.036	39.7075	39.881	39.5804	40.0546	39.561099999999996	39.9825	39.6715	39.740700000000004	39.4591	39.7081	39.4241	39.594	39.4774	39.6175	39.4372	39.7836	39.4121	39.635999999999996	39.5915	39.6104	39.243	39.5305	39.1824	39.6587	39.4301	39.4726	39.3846	39.6407	39.219100000000005	39.5629	39.451	39.3885	39.2427	39.5508	39.3015	39.5118	39.3921	39.3096	39.317	39.4773	39.059	39.378	39.2817	39.4617	39.353300000000004	39.391	39.2537	39.347100000000005	39.2264	39.3558	39.0311	39.4427	39.1166	39.4034	39.222	39.3159	39.1736	39.3551	39.1366	39.362700000000004	39.0858	39.2027	39.0419	39.3537	39.0645	39.3191	39.1663	39.123999999999995	39.197700000000005	39.3089	38.8725	39.2978	39.0787	39.1716	39.0302	39.2491	39.0366	39.2327	39.2213	39.130199999999995	38.9374	39.1042	39.0169	39.0857	38.9314	39.131	39.0486	39.1525	39.0762	39.1081	38.8763	39.0868	38.9077	39.143899999999995	38.9332	39.184200000000004	39.0233	39.0854	39.1261	39.1863	38.9625	39.1661	38.9348	39.1681	39.2029	39.204699999999995	39.0845	39.4435	39.4243	39.2032	39.2296	39.4212	38.7067
Sor-CPnd_055-Ex1-7G-lcwgs-1-3.clmp.r1r2_fastp	54.435	39.9718	37.5638	36.6233	38.0493	36.9491	36.1658	37.8205	38.4879	36.3908	41.1001	40.369	39.9119	39.3506	39.157	38.7278	39.2643	38.763799999999996	39.1706	39.1612	39.31	38.8938	39.1766	38.6462	38.7888	38.6267	38.5925	38.3887	38.8089	38.4168	38.8776	38.6946	38.822	38.5199	38.8012	38.373400000000004	38.6415	38.298300000000005	38.4544	38.1917	38.6807	38.2042	38.5239	38.3921	38.371300000000005	38.125	38.358799999999995	38.0303	38.269	38.088	38.290800000000004	38.142199999999995	38.411699999999996	38.098	38.2592	38.258199999999995	38.2738	37.9146	38.270700000000005	37.8992	38.338699999999996	38.0942	38.1518	38.0498	38.3052	37.9371	38.1289	38.0025	38.1337	37.878099999999996	38.208999999999996	37.9709	38.2047	38.069900000000004	38.0769	38.0126	38.1794	37.864	38.0994	37.9632	38.1321	38.0059	38.086999999999996	37.9304	38.0486	38.0112	38.0371	37.8195	38.1563	37.8704	38.0837	38.0259	38.0784	37.9644	38.162800000000004	37.9175	38.1188	37.9238	37.9607	37.8409	38.1445	37.924	38.0698	38.062200000000004	38.002	37.999300000000005	38.1226	37.852799999999995	38.048500000000004	37.918400000000005	38.0637	37.852000000000004	38.0731	37.9427	38.136199999999995	38.086	38.0957	37.910199999999996	38.0592	37.833600000000004	38.0387	37.933699999999995	37.9915	37.9421	38.1595	37.9368	38.1184	37.9131	38.0713	37.8697	38.1052	37.9058	38.0711	38.1061	38.0121	38.1518	38.2214	38.029	38.1595	38.1128	38.222	38.238499999999995	38.4362	38.2773	38.4293	38.4486	38.331700000000005	38.2609	38.426	37.7915
Sor-CPnd_058-Ex1-2G-lcwgs-1-3.clmp.r1r2_fastp	55.017	38.622299999999996	37.2406	36.390299999999996	37.8278	36.4948	35.5035	36.910199999999996	37.7225	35.755199999999995	40.7479	40.0866	39.6015	39.0391	38.8229	38.3552	38.8861	38.4476	38.801	38.798100000000005	38.9636	38.601200000000006	38.880199999999995	38.2637	38.4159	38.2692	38.2198	38.0253	38.435399999999994	38.0009	38.5324	38.332300000000004	38.4908	38.2072	38.4814	38.144800000000004	38.372499999999995	38.039	38.1769	37.9386	38.4017	38.0031	38.3119	38.168600000000005	38.1652	37.9725	38.1152	37.866699999999994	38.0942	37.913599999999995	38.1048	37.9572	38.2677	37.9492	38.1287	38.116499999999995	38.1748	37.8023	38.0897	37.7621	38.2147	38.009100000000004	38.0338	37.9878	38.1757	37.899699999999996	38.074200000000005	37.9527	38.0644	37.852799999999995	38.177	37.9274	38.1917	37.9828	38.0546	37.9714	38.1337	37.8436	38.0549	37.8887	38.155	37.940200000000004	38.087900000000005	37.9324	38.0693	38.0002	38.0852	37.7947	38.183499999999995	37.832300000000004	38.096799999999995	37.9953	38.0868	37.988	38.1207	37.9442	38.1239	37.996	38.0688	37.8818	38.068400000000004	37.868	38.1198	38.116699999999994	38.001200000000004	38.021100000000004	38.1316	37.861200000000004	38.1073	37.839	38.0586	37.9467	38.1383	38.0085	38.1935	38.0963	38.1598	37.9526	38.143	37.8341	38.1254	38.0004	38.0195	38.0644	38.276700000000005	37.952799999999996	38.210699999999996	38.009	38.1866	37.946000000000005	38.2395	37.9701	38.1985	38.175	38.177	38.3243	38.3222	38.1768	38.3108	38.2331	38.2901	38.3926	38.5148	38.3784	38.5669	38.5981	38.4244	38.4022	38.3907	37.9251
Sor-CPnd_063-Ex1-7D-lcwgs-1-3.clmp.r1r2_fastp	55.01819999999999	40.2361	38.1612	37.1596	38.5765	37.4487	36.6245	38.244299999999996	38.8243	36.844100000000005	41.4808	40.8219	40.3623	39.8305	39.6268	39.251000000000005	39.724199999999996	39.2377	39.629999999999995	39.6138	39.704899999999995	39.3838	39.636700000000005	39.0988	39.2613	39.102599999999995	39.0855	38.894600000000004	39.308	38.8965	39.3374	39.1939	39.2951	39.030300000000004	39.2334	38.8756	39.096	38.8184	38.9001	38.7	39.1197	38.7077	39.009100000000004	38.864900000000006	38.8482	38.6395	38.8457	38.5266	38.723200000000006	38.611200000000004	38.7241	38.5918	38.8829	38.5471	38.7262	38.7112	38.751200000000004	38.3942	38.7446	38.3986	38.7956	38.607	38.6122	38.5296	38.745400000000004	38.3969	38.6494	38.5304	38.5906	38.3905	38.6681	38.4502	38.6656	38.5535	38.5498	38.520199999999996	38.6415	38.3863	38.587500000000006	38.5	38.6667	38.4608	38.615899999999996	38.4377	38.566	38.502199999999995	38.5186	38.317800000000005	38.6478	38.2921	38.5607	38.5453	38.5835	38.440200000000004	38.6482	38.4082	38.568200000000004	38.4069	38.4624	38.3476	38.554300000000005	38.3568	38.5628	38.5644	38.455099999999995	38.500499999999995	38.5726	38.3531	38.5529	38.319900000000004	38.501999999999995	38.4121	38.584	38.4793	38.5932	38.561299999999996	38.5176	38.4108	38.5253	38.2878	38.5867	38.420700000000004	38.4836	38.4896	38.5834	38.4579	38.5945	38.4485	38.629200000000004	38.3624	38.5965	38.3916	38.64	38.5903	38.541199999999996	38.6752	38.6976	38.5512	38.6865	38.6415	38.7795	38.713300000000004	38.8831	38.7817	38.935900000000004	38.8907	38.798300000000005	38.7212	38.858399999999996	38.2551
Sor-CPnd_066-Ex1-8B-lcwgs-1-3.clmp.r1r2_fastp	56.5851	40.787600000000005	39.4859	37.9174	38.732499999999995	37.9023	37.0648	38.805299999999995	39.504099999999994	37.4324	42.100300000000004	41.768	41.1688	40.4947	40.4219	39.7565	40.252500000000005	39.8217	40.1741	40.389	40.4541	40.0998	40.1839	39.650400000000005	40.0161	39.6371	39.6879	39.4495	39.9642	39.5117	39.915299999999995	39.9619	39.9816	39.557900000000004	39.9459	39.3681	39.9586	39.718199999999996	39.516400000000004	39.359	39.729	39.3907	39.6817	39.4807	39.550999999999995	39.175399999999996	39.4512	39.0366	39.3538	39.379799999999996	39.3506	39.2918	39.622299999999996	39.254099999999994	39.5014	39.4142	39.5519	39.0322	39.491	39.1287	39.5369	39.1873	39.35	39.0209	39.3646	38.9035	39.3408	39.3019	39.4646	39.1213	39.5608	39.1046	39.301700000000004	39.328	39.3086	39.3701	39.4795	38.8776	39.1303	39.0775	39.3585	39.0867	39.2887	39.1058	39.1474	38.8068	39.042500000000004	38.9005	39.421499999999995	39.062000000000005	39.3621	39.1315	39.4265	39.2906	39.128800000000005	39.1467	39.031	39.1743	39.0198	38.7667	39.232499999999995	39.151399999999995	39.2581	39.326699999999995	39.3748	39.0706	39.0846	38.7455	39.3005	38.9882	39.0718	38.9991	39.4204	38.9934	39.184999999999995	39.0656	39.0843	38.9193	39.2298	38.6152	39.1068	38.9937	39.1027	38.864399999999996	39.2005	38.6923	39.3902	39.226	38.9516	39.063900000000004	39.1008	38.826699999999995	39.2093	38.9178	38.988099999999996	39.083800000000004	39.298	39.0399	39.1813	39.004	39.0411	39.132400000000004	39.2761	39.382	39.3827	39.2303	39.4385	39.462399999999995	39.1856	38.676100000000005
Sor-CPnd_069-Ex1-6B-lcwgs-1-3.clmp.r1r2_fastp	56.2217	40.0623	38.6872	37.4309	38.9446	37.762	36.9407	38.748599999999996	39.5151	37.046600000000005	42.2043	41.7083	41.072399999999995	40.3771	40.2311	39.712399999999995	40.2642	39.746900000000004	40.1753	40.1138	40.286	39.9102	40.1086	39.564	39.7296	39.5202	39.5305	39.3685	39.737	39.372600000000006	39.887699999999995	39.6465	39.8163	39.530300000000004	39.7851	39.391999999999996	39.664300000000004	39.299299999999995	39.467400000000005	39.232099999999996	39.6965	39.2092	39.602399999999996	39.4093	39.4111	39.2044	39.421499999999995	39.1395	39.3352	39.1922	39.366299999999995	39.225100000000005	39.4905	39.2067	39.400800000000004	39.318599999999996	39.372600000000006	39.057199999999995	39.3623	38.947900000000004	39.4588	39.2249	39.259	39.1762	39.4075	39.0603	39.3365	39.148500000000006	39.300000000000004	39.0181	39.379999999999995	39.1404	39.3675	39.224	39.248	39.2196	39.366800000000005	39.006600000000006	39.3328	39.137100000000004	39.4043	39.1245	39.3683	39.1311	39.306200000000004	39.2257	39.2567	38.9524	39.4407	39.015699999999995	39.2818	39.198100000000004	39.293299999999995	39.1049	39.3011	39.0723	39.3499	39.1074	39.2238	39.0042	39.305800000000005	39.056400000000004	39.3266	39.3212	39.1799	39.2297	39.3236	39.043299999999995	39.2772	39.068599999999996	39.238299999999995	39.1134	39.3856	39.213300000000004	39.3239	39.2955	39.289699999999996	39.0749	39.3129	39.0377	39.2809	39.1791	39.2953	39.1884	39.387	39.177099999999996	39.2808	39.1592	39.3688	39.0452	39.339800000000004	39.0407	39.325700000000005	39.269999999999996	39.3059	39.3565	39.406600000000005	39.2166	39.4516	39.3107	39.4325	39.3761	39.5207	39.4114	39.6065	39.6587	39.5448	39.466499999999996	39.5944	39.0302
Sor-CPnd_072-Ex1-8C-lcwgs-1-3.clmp.r1r2_fastp	55.428599999999996	42.002	38.609300000000005	37.2249	38.7607	37.7079	37.0179	38.3286	39.0251	37.4529	41.3677	40.724	40.4368	39.9856	39.866800000000005	39.4615	39.9623	39.4486	39.8185	39.781499999999994	39.9309	39.5335	39.8607	39.3142	39.4531	39.3152	39.2633	39.0717	39.5173	39.0517	39.5321	39.340599999999995	39.5012	39.1829	39.4558	39.0816	39.3429	39.0355	39.1565	38.9484	39.4529	38.9295	39.3011	39.1664	39.1794	38.949	39.2017	38.8443	39.1345	38.9381	39.1535	38.9546	39.285399999999996	38.9447	39.1409	39.068799999999996	39.1644	38.7999	39.195600000000006	38.7427	39.218599999999995	39.0064	39.0043	38.905499999999996	39.1868	38.8444	39.0636	38.907599999999995	39.051	38.781	39.189099999999996	38.8777	39.136700000000005	38.966699999999996	38.9928	38.9054	39.115	38.7549	39.0276	38.8253	39.1312	38.898700000000005	39.0741	38.8766	39.0021	38.9241	39.0195	38.6995	39.1233	38.7552	39.0339	38.966	39.043499999999995	38.8957	39.082499999999996	38.811800000000005	39.068799999999996	38.8532	38.9191	38.7603	39.1002	38.7725	39.0663	39.007799999999996	38.9697	38.9193	39.069900000000004	38.7515	38.986399999999996	38.8026	38.999	38.778800000000004	39.0876	38.8976	39.0629	38.981500000000004	38.9975	38.8102	38.9938	38.7428	39.0231	38.8577	38.994	38.9121	39.1136	38.8546	39.0665	38.812000000000005	39.0547	38.7903	39.077400000000004	38.793299999999995	39.0529	39.0129	39.0255	39.0472	39.170300000000005	38.8888	39.118399999999994	38.992399999999996	39.182	39.1126	39.3307	39.1383	39.3547	39.317800000000005	39.183800000000005	39.1194	39.3114	38.717400000000005
