Sample	1	2	3	4	5	6	7	8	9	10	11	12	13	14	15	16	17	18	19	20	21	22	23	24	25	26	27	28	29	30	31	32	33	34	35	36	37	38	39	40	41	42	43	44	45	46	47	48	49	50	51	52	53	54	55	56	57	58	59	60	61	62	63	64	65	66	67	68	69	70	71	72	73	74	75	76	77	78	79	80	81	82	83	84	85	86	87	88	89	90	91	92	93	94	95	96	97	98	99	100	101	102	103	104	105	106	107	108	109	110	111	112	113	114	115	116	117	118	119	120	121	122	123	124	125	126	127	128	129	130	131	132	133	134	135	136	137	138	139	140	141	142	143	144	145	146	147	148	149	150
Sor-CPnd_001-Ex1-3E-lcwgs-1-3.clmp.r1r2_fastp	0.0	0.00829259	0.000887199	0.0266884	0.000307804	0.000126743	0.0	0.0	1.81061e-05	0.0	1.81061e-05	1.81061e-05	1.81061e-05	1.81061e-05	0.0	9.05305e-05	0.000525077	0.010048900000000001	1.81061e-05	7.24244e-05	0.0	0.0	0.0	0.0	0.0	0.0	0.000126743	0.00231758	1.81061e-05	1.81061e-05	0.0	0.0	0.0	0.0	0.0	5.4480799999999995e-05	0.0	7.28575e-05	0.0	3.65649e-05	0.0	0.0	0.0	1.8463899999999998e-05	0.0	0.0	1.86458e-05	0.0	1.8790200000000002e-05	0.0	0.0	0.0	1.9128900000000002e-05	0.0	1.93253e-05	0.0	9.76965e-05	0.000845012	0.013461899999999999	0.02162	0.0	0.0	2.02833e-05	0.0	0.0	0.0	0.0	0.0	2.12046e-05	2.1376800000000002e-05	0.0	0.0	0.0	0.0	2.23174e-05	0.0	4.5466e-05	0.000688466	0.00984742	0.000140395	0.000141792	0.00105027	0.0104179	0.00112093	0.014158500000000001	0.0	0.0	0.0	0.0	0.000129974	0.000473136	0.00933171	0.0	2.7209499999999998e-05	0.0	0.0	0.0	0.0	0.0	0.0	0.000384877	0.00677582	0.0	0.0	0.0	9.4669e-05	0.0012148699999999998	0.000129582	3.28291e-05	9.98129e-05	0.00016861	0.0	0.0	0.0	0.0	0.0	0.0	3.71729e-05	0.000188543	3.8257400000000004e-05	3.88202e-05	0.000551511	0.0066767599999999995	0.0	4.11907e-05	4.18165e-05	0.0008492500000000001	0.010004599999999999	0.00030658599999999997	4.44884e-05	0.000542237	0.00803448	0.000139935	0.000900488	0.0111754	9.79207e-05	0.0006469970000000001	0.0036443000000000005	0.0	0.0	0.0	0.0	0.0	0.0	0.0	0.0	0.0	0.0	0.0	0.0
Sor-CPnd_002-Ex1-5E-lcwgs-1-3.clmp.r1r2_fastp	0.0	0.00705927	0.0006400399999999999	0.0242274	0.000225897	0.0	0.0	0.0	0.0	0.0	1.88247e-05	5.6474199999999995e-05	1.88247e-05	7.52989e-05	1.88247e-05	9.412360000000001e-05	0.000395319	0.00971356	1.88247e-05	0.000112948	0.0	0.0	0.0	0.0	0.0	0.0	3.76494e-05	0.00207072	0.0	3.76494e-05	0.0	0.0	0.0	0.0	0.0	0.0	0.0	3.81139e-05	0.0	0.0	0.0	0.0	0.0	0.0	0.0	0.0	1.99759e-05	0.0	2.02671e-05	0.0	0.0	2.07546e-05	0.0	0.0	2.13068e-05	2.15035e-05	0.00010852800000000002	0.0005917800000000001	0.012085	0.0224241	0.0	0.0	0.0	2.3311600000000002e-05	0.0	0.0	0.0	0.0	7.395029999999999e-05	7.48116e-05	0.0	0.0	2.5834700000000002e-05	0.0	2.64662e-05	2.679e-05	2.71242e-05	0.000631629	0.00973153	0.000168937	0.00025664300000000003	0.000548713	0.0108512	0.000740575	0.0141918	3.03894e-05	0.0	0.0	3.1588100000000003e-05	9.599559999999999e-05	0.000291737	0.00926126	0.0	0.0	0.0	0.0	0.0	0.0	0.0	0.000109499	0.000369897	0.00734797	0.0	3.85178e-05	0.0	7.91559e-05	0.0012437799999999999	4.0677e-05	4.12359e-05	0.00012543599999999998	0.000127182	0.0	0.0	0.0	4.48475e-05	0.0	0.0	0.0	0.000142423	0.0	0.00014658	0.000446152	0.0075957	0.0	5.18059e-05	5.256979999999999e-05	0.000907005	0.012617800000000002	5.49778e-05	0.0	0.000566688	0.00845981	5.8441899999999994e-05	0.00124628	0.014343400000000001	0.00012243	0.000746279	0.004992900000000001	0.0	0.0	0.0	0.0	0.0	0.000559357	0.0	0.0	0.0	0.0	0.0	0.0
Sor-CPnd_003-Ex1-2B-lcwgs-1-3.clmp.r1r2_fastp	0.0	0.0120685	0.0011718499999999999	0.0327661	0.00036525100000000003	7.60941e-05	0.0	0.0	0.0	0.0	0.0	1.52188e-05	9.13129e-05	1.52188e-05	1.52188e-05	7.60941e-05	0.000791378	0.0131186	7.60941e-05	3.04376e-05	0.0	0.0	0.0	0.0	0.0	0.0	0.00019784500000000001	0.00345467	3.04376e-05	3.04376e-05	0.0	0.0	0.0	0.0	0.0	0.0	0.0	0.0	4.60635e-05	0.0	0.0	0.0	0.0	0.0	3.12386e-05	0.0	0.0	1.58046e-05	6.34928e-05	0.0	0.0	0.0	1.61798e-05	3.25288e-05	0.0	8.22218e-05	0.000132308	0.0009150650000000001	0.017591199999999998	0.029488300000000002	0.0	3.41165e-05	0.0	0.0	1.74065e-05	0.0	0.0	0.0	1.7919e-05	3.6112e-05	0.0	0.0	3.69733e-05	1.86375e-05	0.0	3.78977e-05	0.000133767	0.00111789	0.0141738	0.00021577	0.000237478	0.00105828	0.014286	0.00140302	0.0188383	0.0	0.0	0.0	6.3897e-05	4.30025e-05	0.000824888	0.0129746	0.0	0.0	0.0	0.0	0.0	2.32404e-05	0.0	7.11409e-05	0.000814426	0.0108656	0.0	0.0	0.0	0.00015138199999999998	0.00214218	0.000128879	5.2103799999999994e-05	5.26685e-05	5.32439e-05	0.0	0.0	0.0	0.0	2.8154200000000002e-05	0.0	5.76192e-05	0.000612049	0.00017694	8.95177e-05	0.0010871	0.0111553	3.09385e-05	6.26356e-05	6.34067e-05	0.0011235499999999999	0.0155703	0.00013168700000000001	0.000200054	0.00148599	0.0124537	0.000138655	0.00168597	0.016836999999999998	0.000144315	0.000694926	0.00630503	3.7614900000000005e-05	0.0	0.0	0.0	0.0	0.00012150899999999999	0.0	0.0	8.45385e-05	0.0	0.0	0.0
Sor-CPnd_004-Ex1-1G-lcwgs-1-3.clmp.r1r2_fastp	0.0	0.00822615	0.000627244	0.0259021	0.000246785	5.14135e-05	0.0	0.0	0.0	1.0282699999999999e-05	1.0282699999999999e-05	0.0	4.1130799999999996e-05	6.16961e-05	1.0282699999999999e-05	9.25442e-05	0.000329046	0.0102416	7.19788e-05	8.22615e-05	0.0	0.0	0.0	0.0	0.0	0.0	0.00011311	0.0024575599999999997	2.0565399999999998e-05	1.0282699999999999e-05	0.0	0.0	0.0	0.0	0.0	0.0	2.06562e-05	0.0	1.03633e-05	0.0	0.0	0.0	0.0	1.0491199999999999e-05	1.05246e-05	0.0	0.0	3.19247e-05	4.27442e-05	1.0733e-05	0.0	2.16686e-05	0.0	0.0	0.0	2.21413e-05	5.56823e-05	0.000705929	0.0119194	0.0205223	0.0	0.0	0.0	3.50282e-05	3.52937e-05	0.0	1.19523e-05	0.0	8.507870000000001e-05	4.90351e-05	0.0	0.0	0.0	0.0	0.0	1.2968e-05	3.92941e-05	0.000621871	0.009357820000000001	0.000175624	0.000204818	0.000841933	0.010842599999999999	0.0008747189999999999	0.013154099999999998	0.0	1.4595699999999998e-05	1.4765500000000001e-05	0.0	7.557890000000001e-05	0.00045891099999999994	0.009103439999999999	0.0	0.0	0.0	0.0	0.0	0.0	1.6896e-05	3.42317e-05	0.000277449	0.0073443	1.78049e-05	0.0	0.0	0.000129771	0.00148462	0.00011432200000000001	1.932e-05	3.91823e-05	0.00011920199999999999	0.0	0.0	2.07322e-05	0.0	0.0	0.0	2.19754e-05	0.000379133	4.5279000000000005e-05	4.59625e-05	0.000513326	0.00680021	2.40638e-05	2.44408e-05	4.96512e-05	0.00100865	0.011219400000000001	0.000234264	5.29042e-05	0.000725837	0.00833474	8.33268e-05	0.000818954	0.0124632	0.00011681799999999999	0.000386203	0.00380884	0.0	0.0	3.19254e-05	3.25657e-05	3.3150999999999995e-05	0.000101175	0.0	0.0	7.11122e-05	0.0	0.0	0.0
Sor-CPnd_005-Ex1-3D-lcwgs-1-3.clmp.r1r2_fastp	0.0	0.013138799999999999	0.00147714	0.041748600000000004	0.000285062	0.000129574	0.0	0.0	0.0	0.0	2.59147e-05	2.59147e-05	0.0	7.77441e-05	2.59147e-05	7.77441e-05	0.0006737819999999999	0.017622	0.000129574	2.59147e-05	0.0	2.59147e-05	0.0	0.0	0.0	7.77441e-05	0.000155488	0.00427593	2.59147e-05	0.0	0.0	0.0	0.0	0.0	0.0	0.0	0.0	0.0	0.0	0.0	0.0	0.0	0.0	2.6184000000000002e-05	2.62242e-05	0.0	0.0	0.0	5.28171e-05	0.0	0.0	5.3154399999999994e-05	0.0	0.0	8.03038e-05	8.051340000000001e-05	0.000107644	0.0016731600000000001	0.0211647	0.0343946	0.0	0.0	0.0	2.75053e-05	0.0	0.0	0.0	0.0	0.0	2.81556e-05	0.0	0.0	0.0	0.0	8.64203e-05	2.89502e-05	8.72944e-05	0.00105295	0.014996599999999999	0.00023652	0.00026757500000000004	0.0014651500000000001	0.015367700000000001	0.0017848800000000002	0.0203302	0.0	0.0	0.0	0.0	9.42214e-05	0.0007587389999999999	0.012604200000000001	0.0	0.0	0.0	0.0	0.0	0.0	0.0	3.3711700000000005e-05	0.0007133889999999999	0.0112289	0.0	0.0	3.50601e-05	0.000141394	0.0016037900000000001	0.000143755	3.6248099999999996e-05	0.00010968100000000001	0.0	0.0	0.0	0.0	0.0	0.0	3.895e-05	3.93195e-05	0.000436664	8.0169e-05	0.00012145299999999999	0.0008587369999999999	0.00863341	0.0	0.0	0.000170448	0.00137806	0.0148863	8.80002e-05	4.44892e-05	0.000899789	0.0112833	4.6016899999999996e-05	0.00139632	0.0161531	0.000142956	0.0010611000000000002	0.0047373	4.94658e-05	0.0	5.0828e-05	0.0	0.0	0.000158769	0.0	0.0	0.0	0.0	0.0	0.0
Sor-CPnd_006-Ex1-2D-lcwgs-1-3.clmp.r1r2_fastp	0.0	0.0116836	0.000748307	0.0297427	0.0003093	5.98645e-05	0.0	0.0	9.97742e-06	0.0	1.99548e-05	0.0	1.99548e-05	8.97968e-05	1.99548e-05	8.97968e-05	0.000518826	0.011673600000000001	8.97968e-05	5.98645e-05	9.97742e-06	0.0	0.0	0.0	1.99548e-05	0.0	9.977420000000001e-05	0.0027936799999999998	0.0	5.98645e-05	0.0	0.0	0.0	0.0	0.0	3.0039200000000002e-05	3.00907e-05	2.0100099999999998e-05	0.0	1.0096600000000001e-05	2.02469e-05	0.0	0.0	3.06659e-05	0.0	0.0	1.03476e-05	0.0	4.1777200000000004e-05	0.0	1.0551700000000001e-05	2.12184e-05	1.06689e-05	0.0	2.1594199999999997e-05	2.17295e-05	9.841269999999999e-05	0.000968642	0.0153046	0.0263808	0.0	1.13208e-05	1.14047e-05	1.1491200000000001e-05	1.15808e-05	0.0	0.0	0.0	3.58908e-05	6.03305e-05	0.0	0.0	0.0	2.50083e-05	0.0	3.82192e-05	9.00247e-05	0.0008960000000000001	0.012469000000000001	0.00023833300000000002	0.00016046700000000002	0.0009724829999999999	0.0128782	0.00124022	0.0164832	1.40646e-05	0.0	1.43572e-05	4.35177e-05	0.000117257	0.000562857	0.011781	0.0	1.52899e-05	0.0	0.0	0.0	1.5967e-05	1.61439e-05	8.16158e-05	0.000627224	0.00991545	0.0	3.41506e-05	0.0	6.9882e-05	0.0015552300000000001	0.000178796	3.61824e-05	0.00012814	7.40917e-05	0.0	0.0	0.0	0.0	1.96762e-05	0.0	6.05164e-05	0.00030641399999999997	4.1377e-05	6.28653e-05	0.000657976	0.00907479	2.17873e-05	2.2074899999999998e-05	0.000134216	0.00129211	0.0158288	0.000139727	4.72141e-05	0.000861682	0.0105579	0.00019692	0.0010485	0.0155473	0.000102747	0.000781915	0.00470874	2.68575e-05	2.7276800000000003e-05	8.31722e-05	0.0	0.0	8.71838e-05	0.0	0.0	0.0	0.0	0.0	0.0
Sor-CPnd_007-Ex1-1C-lcwgs-1-3.clmp.r1r2_fastp	0.0	0.0115188	0.00107555	0.0337237	0.000312256	0.00013878099999999998	0.0	0.0	0.0	0.0	0.0	3.46952e-05	0.0	0.00010408499999999999	3.46952e-05	6.93903e-05	0.000659208	0.013184199999999998	0.0	6.93903e-05	0.0	0.0	0.0	0.0	0.0	0.0	0.000277561	0.00274092	0.0	3.46952e-05	0.0	0.0	0.0	0.0	0.0	0.0	3.48906e-05	0.0	0.0	0.0	0.0	0.0	0.0	0.0	0.0	0.0	3.59343e-05	0.0	0.0	0.0	0.0	3.67318e-05	3.69081e-05	3.70909e-05	0.00011184	3.7472400000000004e-05	0.00026367800000000005	0.0013254299999999998	0.0194968	0.0348445	0.0	0.0	3.89549e-05	0.0	0.0	0.0	0.0	0.0	4.04248e-05	0.0	0.0	0.0	0.0	4.179e-05	0.0	8.475030000000001e-05	0.000256026	0.0013752	0.0135913	0.000130798	0.000131755	0.00154842	0.0164023	0.00161655	0.0221676	0.0	0.0	0.0	4.66282e-05	0.0	0.0009469249999999999	0.0128813	0.0	0.0	0.0	0.0	0.0	0.0	0.000151229	5.0820700000000006e-05	0.00112724	0.00935068	0.0	0.0	5.2989400000000005e-05	0.00010689	0.00215647	0.000163175	0.0	0.000166081	0.000111706	0.0	0.0	0.0	5.7988e-05	0.0	0.0	0.0	0.000361743	6.09019e-05	6.15234e-05	0.000746043	0.0098641	0.000127002	6.41876e-05	0.00019464000000000002	0.0009182699999999999	0.0126688	0.0	0.000135697	0.00102952	0.0110418	0.00021082099999999998	0.00156466	0.0169197	0.000145776	0.000590449	0.00538306	0.0	0.0	7.78928e-05	0.00015818199999999998	0.0	0.00024362600000000002	0.0	0.0	0.00016912199999999998	0.0	0.0	0.0
Sor-CPnd_008-Ex1-1A-lcwgs-1-3.clmp.r1r2_fastp	0.0	0.0213059	0.00411966	0.0657415	0.000699712	0.00011006699999999999	7.861940000000001e-06	0.0	0.0	7.861940000000001e-06	7.861940000000001e-06	1.57239e-05	6.28955e-05	8.64813e-05	5.50336e-05	0.000235858	0.00234286	0.0295845	5.50336e-05	6.28955e-05	0.0	0.0	0.0	7.861940000000001e-06	1.57239e-05	1.57239e-05	0.000463854	0.008294339999999999	1.57239e-05	7.861940000000001e-06	0.0	0.0	0.0	0.0	0.0	0.0	1.5738500000000002e-05	7.08412e-05	0.0	7.87546e-06	0.0	0.0	0.0	5.5196400000000006e-05	0.0	0.0	7.8939e-06	7.89701e-06	2.37008e-05	3.16143e-05	0.0	3.95538e-05	0.0	3.9593000000000005e-05	7.13053e-05	0.000206105	0.000626589	0.00487273	0.049566	0.0855335	0.0	0.0	0.0	0.0	1.59445e-05	0.0	7.9844e-06	3.9954e-05	7.99741e-05	9.605050000000001e-05	0.0	0.0	8.02625e-06	0.0	6.433840000000001e-05	8.85591e-05	0.000354625	0.00443777	0.037036700000000006	0.000493324	0.000469619	0.00485597	0.0396503	0.006428339999999999	0.0524026	0.0	8.158099999999999e-06	5.7181499999999995e-05	0.00011451700000000002	0.000303073	0.00267406	0.0358638	0.0	8.238670000000001e-06	0.0	8.26396e-06	3.31092e-05	4.1455299999999996e-05	7.47474e-05	0.00018303700000000002	0.00310056	0.030487	8.36615e-06	1.67649e-05	4.19958e-05	0.000555493	0.00571019	0.00022823199999999998	0.00011860899999999999	0.00019531	9.36348e-05	0.0	0.0	0.0	0.0	8.62391e-06	8.648270000000001e-06	0.00018214000000000001	0.00119177	0.00017450799999999998	0.00046389200000000004	0.0037317799999999996	0.027178499999999998	5.30387e-05	0.000150801	0.000400608	0.005083819999999999	0.044569500000000005	0.000495109	0.000289197	0.00406512	0.0287467	0.000384313	0.00447567	0.040265	0.000333826	0.00290712	0.0128854	7.53097e-05	2.8400299999999996e-05	0.00010478200000000001	0.0	3.8582300000000005e-05	0.00036826999999999997	1.9479e-05	4.8981000000000004e-05	9.851019999999999e-06	0.0	0.0	0.0
Sor-CPnd_009-Ex1-6A-lcwgs-1-3.clmp.r1r2_fastp	0.0	0.0140449	0.00115106	0.041579399999999996	0.00042407400000000003	5.04849e-05	0.0	0.0	0.0	1.0097e-05	1.0097e-05	1.0097e-05	1.0097e-05	8.07759e-05	2.0194e-05	0.000161552	0.00073708	0.0171043	8.07759e-05	0.00010097	0.0	0.0	0.0	0.0	0.0	0.0	0.000131261	0.00446287	1.0097e-05	3.0291000000000002e-05	0.0	0.0	0.0	0.0	0.0	0.0	0.0	2.02835e-05	1.01554e-05	0.0	1.01867e-05	0.0	0.0	1.0245e-05	0.0	0.0	0.0	0.0	5.1864300000000004e-05	0.0	1.0432700000000001e-05	0.0	0.0	2.10615e-05	4.2263000000000005e-05	4.24074e-05	0.000223413	0.00112105	0.021730600000000003	0.0386413	0.0	1.08365e-05	0.0	1.09214e-05	2.19298e-05	0.0	0.0	0.0	5.5759100000000006e-05	4.4805e-05	0.0	0.0	1.13555e-05	2.28189e-05	3.4394300000000004e-05	4.60845e-05	0.000162094	0.000919305	0.015521	0.00022337599999999998	0.000153627	0.0008434629999999999	0.0172449	0.00128466	0.0220525	3.64049e-05	0.0	0.0	3.70012e-05	3.7206299999999996e-05	0.000586101	0.013242700000000001	0.0	0.0	0.0	0.0	0.0	0.0	2.6133199999999996e-05	2.62969e-05	0.000555727	0.0116388	0.0	0.0	0.0	8.20591e-05	0.00202434	0.00011094900000000001	4.1903800000000004e-05	0.000168851	0.000127576	0.0	0.0	0.0	0.0	0.0	1.48574e-05	4.4945500000000005e-05	0.000377704	7.61894e-05	0.000169077	0.000558261	0.00996731	0.0	4.78133e-05	0.000176949	0.0009094169999999999	0.0143955	0.00016558099999999999	6.68919e-05	0.0007601530000000001	0.0103932	0.00012071	0.00108051	0.0158709	0.00016026999999999998	0.000594192	0.00446161	1.84234e-05	1.8645200000000002e-05	3.77646e-05	3.82904e-05	0.0	5.87904e-05	1.9825399999999998e-05	2.00739e-05	2.03155e-05	0.0	0.0	0.0
Sor-CPnd_010-Ex1-1H-lcwgs-1-3.clmp.r1r2_fastp	0.0	0.010576700000000001	0.00121107	0.0356862	0.00048442799999999996	8.0738e-05	0.0	0.0	0.0	0.0	0.0	0.0	0.0	0.000161476	0.0	0.00024221399999999998	0.00080738	0.0141292	0.0	0.0	0.0	0.0	0.0	0.0	0.0	0.0	0.000161476	0.0035524700000000003	0.0	8.0738e-05	0.0	0.0	0.0	0.0	0.0	0.0	0.0	0.0	0.0	0.0	0.0	0.0	0.0	0.0	0.0	0.0	0.0	0.0	8.323549999999999e-05	0.0	0.0	8.40781e-05	0.0	0.0	0.0	0.0	0.000171401	0.000688498	0.0197072	0.029690599999999998	0.0	0.0	0.0	0.0	0.0	0.0	0.0	0.0	9.088480000000001e-05	0.0	0.0	0.0	0.0	0.0	0.0	0.000189696	9.54779e-05	0.00163395	0.0141271	0.00019488100000000002	9.811020000000001e-05	0.0011855000000000001	0.0149238	0.0013024	0.019573	0.0	0.0	0.0	0.0	0.000104539	0.000842438	0.011669599999999999	0.0	0.0	0.0	0.0	0.0	0.0	0.0	0.0	0.00079669	0.0119347	0.0	0.0	0.0	0.0	0.0013176800000000001	0.00036248	0.0	0.00024598999999999997	0.0	0.0	0.0	0.0	0.0	0.0	0.0	0.0	0.000536689	0.000135564	0.000273922	0.000138407	0.007834269999999999	0.0	0.0	0.0	0.00058515	0.0142049	0.0	0.000151505	0.000306603	0.00962053	0.0	0.00127214	0.0173935	0.000163139	0.000661087	0.00368493	0.0	0.0	0.00017477	0.0	0.0	0.0	0.0	0.0	0.0	0.0	0.0	0.0
Sor-CPnd_012-Ex1-5B-lcwgs-1-3.clmp.r1r2_fastp	0.0	0.0104083	0.00116117	0.0332939	0.000358907	2.11122e-05	0.0	0.0	0.0	0.0	2.11122e-05	2.11122e-05	4.22244e-05	4.22244e-05	2.11122e-05	0.000105561	0.000591141	0.013934	2.11122e-05	0.00016889799999999998	0.0	0.0	0.0	0.0	0.0	2.11122e-05	0.000105561	0.00388464	2.11122e-05	0.0	0.0	0.0	0.0	0.0	2.11805e-05	4.24497e-05	0.0	2.1334899999999998e-05	0.0	0.0	4.3099e-05	0.0	0.0	2.18221e-05	0.0	0.0	4.43067e-05	0.0	4.48052e-05	0.0	0.0	0.0	0.0	0.0	0.0	4.6801e-05	0.000188462	0.00118593	0.0199399	0.0341458	0.0	0.0	0.0	0.0	2.49257e-05	0.0	0.0	0.0	0.0	0.0	0.0	0.0	0.0	0.0	0.0	8.13874e-05	0.000246149	0.00124076	0.015929099999999998	0.000168164	8.47793e-05	0.00122523	0.0164616	0.0016512100000000002	0.021353	0.0	0.0	0.0	3.0193800000000002e-05	9.1335e-05	0.000921002	0.0147364	0.0	0.0	0.0	0.0	3.2298499999999996e-05	0.0	0.0	3.31499e-05	0.0008694180000000001	0.012042899999999999	0.0	0.0	6.92931e-05	0.000174804	0.00215199	0.00014241499999999998	0.0	0.00010880199999999999	3.66078e-05	0.0	0.0	0.0	0.0	0.0	0.0	0.0	0.000514331	7.993179999999999e-05	0.00020189100000000002	0.00101995	0.010635499999999999	0.0	8.418359999999999e-05	0.000127632	0.00141909	0.020298	0.000131814	4.44204e-05	0.000988095	0.0130352	4.59342e-05	0.0018585700000000001	0.0184248	9.51123e-05	0.00105873	0.00496843	9.862650000000001e-05	0.0	0.0	0.0	0.0	0.000263126	0.0	0.0	0.0	0.0	0.0	0.0
Sor-CPnd_013-Ex1-7F-lcwgs-1-3.clmp.r1r2_fastp	0.0	0.008894379999999999	0.0009830630000000002	0.0250681	0.00025746899999999997	0.0	0.0	0.0	0.0	2.34063e-05	0.0	0.0	7.02188e-05	7.02188e-05	4.68125e-05	0.00018725	0.0003745	0.0096902	4.68125e-05	2.34063e-05	0.0	0.0	0.0	0.0	0.0	0.0	9.362509999999999e-05	0.00250447	2.34063e-05	2.34063e-05	0.0	0.0	0.0	2.3461400000000002e-05	0.0	0.0	7.11029e-05	0.0	2.39187e-05	4.8090599999999997e-05	2.41799e-05	0.0	0.0	0.0	0.0	0.0	0.0	0.0	0.0	2.58481e-05	0.0	0.0	0.0	0.0	0.0	5.45987e-05	0.000110259	0.00114117	0.0126466	0.0256872	0.0	0.0	0.0	0.0	2.98528e-05	0.0	0.0	3.08088e-05	3.1138000000000006e-05	3.14727e-05	0.0	0.0	0.0	0.0	0.0	3.35916e-05	3.39662e-05	0.00133957	0.0112876	7.02451e-05	0.00014206400000000001	0.000897877	0.014743899999999999	0.0009914759999999998	0.0189018	0.0	0.0	3.84065e-05	0.0	3.9269e-05	0.00043680899999999997	0.0108427	0.0	0.0	0.0	0.0	0.0	4.29599e-05	0.0	4.39489e-05	0.000533438	0.009847769999999999	0.0	4.60157e-05	0.0	0.000235493	0.00171559	0.0	0.0	4.93607e-05	4.9944900000000004e-05	0.0	0.0	0.0	0.0	0.0	0.0	0.000163105	0.000220199	0.0	5.64382e-05	0.0006285819999999999	0.00810217	0.0	0.0	6.01224e-05	0.00134008	0.0150596	0.0	0.00012669099999999998	0.000642065	0.0106716	6.59446e-05	0.00100265	0.0128069	0.00013741399999999998	0.0009755979999999999	0.0053723700000000004	7.17101e-05	0.0	0.0	0.0	0.0	0.00015459099999999998	0.0	0.0	0.0	0.0	0.0	0.0
Sor-CPnd_014-Ex1-1F-lcwgs-1-3.clmp.r1r2_fastp	0.0	0.00948071	0.0009599360000000001	0.0290785	0.000226502	0.000107858	0.0	0.0	0.0	0.0	1.07858e-05	1.07858e-05	1.07858e-05	5.3929e-05	1.07858e-05	0.000107858	0.000560861	0.0118536	5.3929e-05	8.62864e-05	0.0	0.0	0.0	0.0	0.0	0.0	9.707220000000001e-05	0.0025993799999999997	1.07858e-05	1.07858e-05	0.0	0.0	0.0	1.07936e-05	1.08027e-05	1.08138e-05	0.0	4.33713e-05	1.08604e-05	0.0	2.18049e-05	0.0	0.0	2.19687e-05	3.3052399999999995e-05	0.0	2.2184899999999998e-05	4.45361e-05	8.94263e-05	3.36751e-05	1.1274200000000001e-05	1.13263e-05	0.0	0.0	6.89921e-05	2.31234e-05	0.000151153	0.0009122590000000001	0.0141424	0.0245077	0.0	1.1994200000000001e-05	2.4151699999999998e-05	0.0	3.67437e-05	0.0	0.0	1.25269e-05	2.52515e-05	3.8180300000000004e-05	0.0	0.0	0.0	0.0	1.3275800000000001e-05	2.67877e-05	6.757619999999999e-05	0.000641091	0.011302900000000001	0.000111175	0.000126263	0.000963192	0.012670800000000001	0.0014442	0.0168002	0.0	0.0	4.50763e-05	1.51775e-05	1.53321e-05	0.0005576310000000001	0.0100791	0.0	0.0	0.0	0.0	0.0	0.0	0.0	5.11412e-05	0.00063774	0.00819164	0.0	0.0	3.60546e-05	0.00012764200000000002	0.00143898	0.00011198399999999999	5.66504e-05	3.82163e-05	0.000116019	0.0	0.0	0.0	0.0	0.0	0.0	8.42928e-05	0.00046957	2.16188e-05	0.00015329	0.000488043	0.00903452	2.27728e-05	0.0	9.35734e-05	0.00106712	0.0135819	0.000243721	9.885800000000001e-05	0.0010778600000000001	0.00973756	0.000232114	0.0010728699999999999	0.0137014	0.000107792	0.0008206120000000001	0.004888	2.82109e-05	0.0	2.91449e-05	0.0	3.0143200000000003e-05	6.120669999999999e-05	0.0	3.15799e-05	3.20752e-05	0.0	0.0	0.0
Sor-CPnd_015-Ex1-5F-lcwgs-1-3.clmp.r1r2_fastp	0.0	0.009781390000000001	0.0007641710000000001	0.027663	0.00030566800000000004	7.641709999999999e-05	0.0	0.0	0.0	0.0	2.54724e-05	2.54724e-05	0.0	5.09447e-05	0.0	0.00015283400000000002	0.000611337	0.0104437	7.641709999999999e-05	7.641709999999999e-05	0.0	0.0	0.0	0.0	0.0	2.54724e-05	7.641709999999999e-05	0.00326046	0.0	0.000101889	0.0	0.0	0.0	0.0	0.0	2.56611e-05	2.57488e-05	5.16932e-05	0.0	0.0	0.0	2.6340300000000003e-05	0.0	0.0	0.0	0.0	0.0	2.7389e-05	0.0	0.0	0.0	0.0	0.0	0.0	0.0	8.76255e-05	0.000235718	0.0010403300000000001	0.0170929	0.0287746	0.0	0.0	3.1096900000000004e-05	0.0	0.0	0.0	0.0	3.2604e-05	6.584350000000001e-05	9.9724e-05	0.0	0.0	3.42341e-05	0.0	0.0	0.00014110299999999998	0.000106906	0.000720031	0.0142193	0.000146956	0.000185587	0.000750025	0.0155723	0.00107187	0.0214659	0.0	0.0	0.0	4.02877e-05	8.1407e-05	0.000781255	0.0130013	0.0	0.0	0.0	0.0	0.0	0.0	4.46466e-05	0.0	0.000455807	0.010364199999999999	0.0	0.0	4.75533e-05	4.80623e-05	0.00238046	9.82177e-05	0.0	0.000150519	0.00010142500000000001	0.0	0.0	0.0	5.2989800000000006e-05	0.0	5.4181800000000004e-05	0.0	0.00033254	0.0	0.0	0.00103232	0.011256500000000001	0.0	5.93977e-05	0.000120215	0.00182473	0.015081200000000001	0.000186918	6.30653e-05	0.00121297	0.012733399999999999	6.54466e-05	0.000994171	0.0163767	0.00013596799999999998	0.00123968	0.0057221500000000005	7.074559999999999e-05	0.0	0.0	0.0	7.49431e-05	0.000151838	0.0	0.0	0.0	0.0	0.0	0.0
Sor-CPnd_016-Ex1-1B-lcwgs-1-3.clmp.r1r2_fastp	0.0	0.0189268	0.00265284	0.0577558	0.000612652	0.000214131	0.0	0.0	0.0	1.18962e-05	5.94808e-06	1.18962e-05	2.97404e-05	0.000101117	1.78442e-05	0.00014275399999999998	0.00143943	0.024506099999999996	7.7325e-05	5.94808e-05	0.0	0.0	0.0	0.0	0.0	1.18962e-05	0.000333092	0.006215739999999999	0.0	5.94808e-06	0.0	0.0	0.0	0.0	0.0	0.0	2.97818e-05	3.5754600000000005e-05	5.962e-06	0.0	0.0	0.0	0.0	0.0	1.79566e-05	5.99059e-06	0.0	0.0	4.20512e-05	2.40533e-05	0.0	6.02617e-06	1.2065899999999999e-05	1.208e-05	4.2330900000000005e-05	0.000121095	0.000278873	0.0028288000000000002	0.0369574	0.0647213	6.09534e-06	0.0	0.0	1.2244400000000001e-05	0.0	0.0	0.0	3.08097e-05	3.08633e-05	4.946979999999999e-05	0.0	0.0	6.2185199999999995e-06	2.49231e-05	3.1216e-05	9.38385e-05	0.000181804	0.0026826600000000003	0.0267394	0.00032811900000000003	0.000366802	0.0025164199999999997	0.0280173	0.00342591	0.0363623	6.39779e-06	0.0	2.57144e-05	5.1554899999999997e-05	0.00012921000000000002	0.0016386299999999999	0.0238887	0.0	0.0	0.0	6.56246e-06	0.0	6.59947e-06	5.29482e-05	9.957259999999999e-05	0.0017911	0.0212526	6.700059999999999e-06	6.72171e-06	2.02316e-05	0.000399235	0.0034900300000000003	0.000163535	5.47085e-05	8.23665e-05	6.88986e-05	0.0	0.0	6.972440000000001e-06	7.0013e-06	1.40622e-05	2.11847e-05	0.00011347999999999999	0.00070533	7.15781e-05	0.000258891	0.0016837599999999999	0.0191291	2.9197500000000003e-05	0.000146747	0.00014752300000000002	0.00255105	0.028349799999999998	0.000187463	0.000173458	0.00202549	0.0197216	0.000230384	0.00309898	0.028364900000000002	0.000211368	0.0015921199999999998	0.00870728	1.59902e-05	0.0	4.06229e-05	2.46053e-05	2.47912e-05	0.000199724	0.0	0.0	8.514759999999999e-06	0.0	0.0	0.0
Sor-CPnd_017-Ex1-3G-lcwgs-1-3.clmp.r1r2_fastp	0.0	0.00724496	0.000508418	0.0247854	0.0	0.0	0.0	0.0	0.0	0.0	0.0	0.0	0.0	0.0	0.0	0.0	0.000254209	0.0100413	0.000127105	0.000127105	0.0	0.0	0.0	0.0	0.0	0.0	0.0	0.00190657	0.0	0.000127105	0.0	0.0	0.0	0.0	0.0	0.0	0.0	0.0	0.0	0.0	0.0	0.0	0.0	0.0	0.0	0.0	0.0	0.0	0.0	0.0	0.0	0.0	0.0	0.0	0.0	0.0	0.000280532	0.000847678	0.0130922	0.0212199	0.0	0.0	0.0	0.0	0.0	0.0	0.0	0.0	0.0	0.0	0.0	0.0	0.0	0.0	0.0	0.0	0.00033521800000000003	0.000677593	0.0118163	0.000173113	0.000175029	0.0008849069999999999	0.0121718	0.000723859	0.016651799999999998	0.0	0.0	0.0	0.0	0.0005812969999999999	0.0007842150000000001	0.00713864	0.0	0.0	0.0	0.0	0.0	0.0	0.0	0.0	0.000442562	0.008064700000000001	0.0	0.0	0.0	0.0	0.00143347	0.0	0.0	0.000248363	0.000503297	0.0	0.0	0.0	0.0	0.0	0.0	0.0	0.0	0.0	0.0	0.0008789560000000001	0.00742999	0.0	0.0	0.00031046299999999997	0.00031502500000000003	0.0115129	0.0003245	0.0	0.000668619	0.007807990000000001	0.0	0.000699984	0.0113738	0.000722019	0.000733913	0.0037301	0.0	0.0	0.0	0.0	0.0	0.0	0.0	0.0	0.0	0.0	0.0	0.0
Sor-CPnd_018-Ex1-1E-lcwgs-1-3.clmp.r1r2_fastp	0.0	0.008543740000000001	0.0010183	0.0248861	0.000347711	7.45094e-05	0.0	0.0	0.0	0.0	2.4836500000000002e-05	0.0	2.4836500000000002e-05	4.9672900000000003e-05	0.0	0.000173855	0.000645748	0.00995942	4.9672900000000003e-05	4.9672900000000003e-05	0.0	0.0	0.0	0.0	0.0	0.0	7.45094e-05	0.00273201	2.4836500000000002e-05	4.9672900000000003e-05	0.0	0.0	0.0	0.0	0.0	0.0	0.0	0.0	2.51403e-05	0.0	0.0	0.0	0.0	7.685580000000001e-05	0.0	2.58759e-05	0.0	2.61648e-05	0.0	2.64818e-05	0.0	0.0	0.0	5.4413600000000004e-05	0.0	8.282560000000001e-05	8.34599e-05	0.00112152	0.013762700000000001	0.021650700000000002	0.0	0.0	0.0	0.0	0.0	0.0	0.0	0.0	6.17027e-05	6.229860000000001e-05	0.0	0.0	0.0	0.0	0.0	0.0	0.000133745	0.00074341	0.0100068	0.00024166299999999998	0.00013961	0.0008821829999999999	0.0105256	0.00108221	0.0141166	0.0	0.0	0.0	0.0	3.8597400000000004e-05	0.00039047	0.00952022	0.0	0.0	0.0	0.0	0.0	0.0	0.0	8.68367e-05	0.0005273960000000001	0.00867474	0.0	0.0	0.0	0.0	0.0018456899999999999	4.79289e-05	9.70919e-05	4.91766e-05	0.000199287	0.0	0.0	0.0	0.0	0.0	0.0	0.0	0.000443349	0.0	0.000284883	0.000693367	0.00838006	0.0	6.0304800000000006e-05	0.00012235799999999998	0.000993257	0.0112771	6.39302e-05	0.00025955899999999997	0.00105396	0.0074898099999999995	0.00013579	0.00165512	0.012535399999999999	0.00028446900000000003	0.00072251	0.00418447	7.46304e-05	0.0	0.0	7.86928e-05	0.0	0.00016261299999999998	0.0	0.0	8.54403e-05	0.0	0.0	0.0
Sor-CPnd_019-Ex1-6G-lcwgs-1-3.clmp.r1r2_fastp	0.0	0.008723390000000001	0.0007676580000000001	0.028100899999999998	0.00029078	2.32624e-05	0.0	0.0	0.0	1.16312e-05	1.16312e-05	2.32624e-05	0.0	3.48935e-05	0.0	5.8155899999999997e-05	0.000476878	0.0112822	2.32624e-05	0.000127943	0.0	0.0	0.0	0.0	0.0	0.0	0.000174468	0.00276822	3.48935e-05	2.32624e-05	0.0	0.0	0.0	0.0	0.0	0.0	1.17375e-05	2.35511e-05	0.0	1.18641e-05	2.38282e-05	0.0	0.0	1.2091399999999999e-05	1.21596e-05	0.0	0.0	2.47779e-05	1.24724e-05	0.0	1.26474e-05	0.0	0.0	0.0	3.91081e-05	2.6280499999999997e-05	3.97461e-05	0.000868361	0.0153043	0.0269172	0.0	0.0	0.0	0.0	4.2627000000000004e-05	0.0	1.44761e-05	0.0	1.47548e-05	4.46925e-05	0.0	0.0	0.0	0.0	3.13171e-05	3.16373e-05	3.1964e-05	0.000936566	0.012416700000000001	0.000181359	0.000149954	0.0009260949999999999	0.012745200000000002	0.0011006899999999999	0.0167742	0.0	0.0	5.3847e-05	1.8144099999999998e-05	0.000110045	0.0006674809999999999	0.0114162	0.0	0.0	0.0	0.0	0.0	0.0	2.02578e-05	2.04866e-05	0.00060085	0.00905288	0.0	0.0	0.0	0.000131666	0.00210908	0.00017970600000000002	6.8186e-05	6.9006e-05	0.000186212	0.0	0.0	0.0	0.0	0.0	2.50369e-05	0.000126746	0.00043632199999999995	0.0	0.000157909	0.000666355	0.00953005	0.0	2.77027e-05	5.6125e-05	0.00110888	0.0146914	0.000233517	0.000147902	0.000689519	0.0109697	9.24207e-05	0.00131178	0.0148515	0.000128423	0.0011071599999999998	0.00439448	3.35307e-05	0.0	6.91766e-05	3.51808e-05	0.0	0.000253543	0.0	0.0	3.78463e-05	0.0	0.0	0.0
Sor-CPnd_020-Ex1-2E-lcwgs-1-3.clmp.r1r2_fastp	0.0	0.0131371	0.000980384	0.035470299999999996	0.000323527	0.00012745	0.0	9.80384e-06	9.80384e-06	0.0	0.0	9.80384e-06	1.96077e-05	5.8823e-05	9.80384e-06	3.9215300000000004e-05	0.000539211	0.0137646	5.8823e-05	0.00012745	0.0	0.0	0.0	0.0	0.0	0.0	7.84307e-05	0.0035686	0.0	1.96077e-05	0.0	0.0	0.0	0.0	0.0	9.82618e-06	9.83675e-06	4.9243299999999997e-05	0.0	9.876229999999999e-06	9.89219e-06	0.0	0.0	1.9899499999999998e-05	9.972339999999999e-06	0.0	2.00453e-05	2.01007e-05	2.01593e-05	0.0	0.0	0.0	0.0	0.0	1.02883e-05	5.16441e-05	0.00011407399999999999	0.00103097	0.0173826	0.030035700000000002	0.0	0.0	0.0	1.0707699999999999e-05	0.0	0.0	1.08782e-05	1.0939e-05	3.30048e-05	6.63972e-05	0.0	0.0	0.0	0.0	3.4254e-05	1.14945e-05	5.78635e-05	0.00088563	0.013190200000000001	0.000153652	0.000250018	0.000947505	0.014136699999999999	0.00132697	0.0184743	0.0	0.0	0.0	2.53155e-05	0.000127611	0.000656127	0.011921600000000001	1.30813e-05	0.0	0.0	0.0	2.7085400000000003e-05	1.36646e-05	1.3789e-05	8.349730000000001e-05	0.000505672	0.009755100000000001	0.0	0.0	4.37891e-05	0.00010319100000000001	0.00189099	0.000180488	4.5590299999999996e-05	0.00010749099999999999	4.6553e-05	0.0	0.0	0.0	0.0	0.0	1.65689e-05	5.0274599999999995e-05	0.00047464699999999997	6.86051e-05	0.000121484	0.000737635	0.0094564	1.79931e-05	1.8216399999999997e-05	5.53362e-05	0.00127031	0.0140967	3.83323e-05	0.0	0.0007672979999999999	0.010268999999999999	0.000121269	0.00141389	0.0134429	6.32126e-05	0.000684022	0.00498894	0.0	2.2359e-05	2.2721100000000002e-05	0.0	0.0	9.52275e-05	2.41578e-05	7.36023e-05	2.48994e-05	0.0	0.0	0.0
Sor-CPnd_022-Ex1-7C-lcwgs-1-3.clmp.r1r2_fastp	0.0	0.0112307	0.00148041	0.034100599999999995	0.000319055	3.82866e-05	0.0	0.0	1.27622e-05	0.0	1.27622e-05	0.0	1.27622e-05	2.55244e-05	0.0	0.000127622	0.000880591	0.0136683	0.000102098	5.10488e-05	0.0	1.27622e-05	0.0	0.0	0.0	0.0	0.000127622	0.00364999	0.0	3.82866e-05	0.0	0.0	0.0	0.0	0.0	1.28459e-05	0.0	5.1707500000000006e-05	0.0	0.0	0.0	0.0	0.0	6.63638e-05	1.33459e-05	0.0	1.3501299999999999e-05	0.0	4.10056e-05	0.0	0.0	1.3936600000000001e-05	0.0	1.41286e-05	1.42266e-05	0.000100287	0.000173157	0.0015114899999999999	0.0224841	0.0377909	0.0	0.0	1.50752e-05	1.51897e-05	0.0	0.0	0.0	0.0	7.892810000000001e-05	4.77321e-05	0.0	0.0	0.0	3.2854e-05	1.6560800000000002e-05	0.000150261	0.000134654	0.00156124	0.018032899999999998	0.000293273	0.000295721	0.00150843	0.018606499999999998	0.00217576	0.0242226	0.0	0.0	0.0	0.0	0.000168661	0.00113379	0.016159200000000002	0.0	0.0	0.0	0.0	0.0	0.0	2.02097e-05	6.11469e-05	0.00119225	0.013974199999999999	0.0	0.0	0.0	0.000214634	0.0027931400000000004	0.000131063	0.0	0.00011118699999999999	0.000179505	0.0	0.0	0.0	0.0	0.0	2.3705299999999998e-05	7.17945e-05	0.000628104	4.877519999999999e-05	0.000270844	0.00111871	0.013102599999999999	2.53478e-05	7.68001e-05	0.000180985	0.0017758399999999999	0.020418699999999998	0.000186566	0.00010771199999999999	0.00179585	0.015095399999999998	0.000166735	0.00213464	0.021206	0.00020087599999999998	0.00101556	0.007541920000000001	0.0	0.0	6.085489999999999e-05	6.1693e-05	3.12084e-05	6.310489999999999e-05	0.0	6.45828e-05	3.26619e-05	0.0	0.0	0.0
Sor-CPnd_024-Ex1-5G-lcwgs-1-3.clmp.r1r2_fastp	0.0	0.0075832899999999995	0.0006791	0.0250135	7.54556e-05	0.0	0.0	0.0	0.0	0.0	0.0	0.0	3.77278e-05	3.77278e-05	0.0	3.77278e-05	0.000377278	0.0111297	0.000113183	3.77278e-05	0.0	0.0	0.0	0.0	0.0	0.0	7.54556e-05	0.0022636699999999997	0.0	0.0	0.0	0.0	0.0	0.0	3.78669e-05	0.0	3.8062500000000004e-05	3.81814e-05	0.0	0.0	3.8639e-05	0.0	0.0	3.92389e-05	7.894899999999999e-05	0.0	0.0	0.0	0.0	0.0	0.0	4.15476e-05	0.0	0.0	0.0	4.30319e-05	4.3436900000000004e-05	0.0008770360000000001	0.0130627	0.0211971	0.0	0.0	0.0	0.0	0.0	0.0	0.0	0.0	4.92287e-05	0.0	0.0	0.0	0.0	0.0	5.27958e-05	5.3433299999999995e-05	0.0	0.0009852980000000001	0.0111376	0.00022438500000000001	0.000340763	0.0006326460000000001	0.012460800000000001	0.00088431	0.0163583	0.0	0.0	6.20141e-05	0.0	0.000127234	0.000515502	0.0107693	0.0	0.0	0.0	0.0	0.0	0.0	0.0	0.0	0.000807222	0.00870044	0.0	0.0	0.0	7.844110000000001e-05	0.00254392	0.000161164	0.0	0.00016562	0.0	0.0	0.0	0.0	0.0	0.0	0.0	9.24954e-05	0.000750454	0.0	9.650620000000001e-05	0.00127265	0.00983116	0.0	0.0	0.0	0.0008417650000000001	0.0122765	0.0005417019999999999	0.0	0.0014510200000000001	0.0128028	0.000115009	0.00105058	0.015051499999999999	0.000120336	0.0006111679999999999	0.00484342	0.0	0.0	0.0	0.0	0.0	0.0	0.0	0.0	0.0	0.0	0.0	0.0
Sor-CPnd_026-Ex1-3H-lcwgs-1-3.clmp.r1r2_fastp	0.0	0.010164300000000001	0.00112263	0.0344172	0.000404551	0.000101138	0.0	0.0	1.01138e-05	1.01138e-05	1.01138e-05	2.02276e-05	5.05689e-05	7.07964e-05	2.02276e-05	0.000101138	0.000718078	0.0143312	4.04551e-05	7.07964e-05	0.0	0.0	0.0	0.0	0.0	2.02276e-05	0.000141593	0.0035297099999999997	0.0	0.0	0.0	0.0	0.0	0.0	1.01305e-05	1.01411e-05	0.0	3.05024e-05	0.0	4.07996e-05	1.02185e-05	0.0	0.0	2.05693e-05	0.0	1.0338399999999999e-05	1.03678e-05	1.0399e-05	5.2157700000000004e-05	1.0466e-05	2.1004e-05	1.05395e-05	0.0	2.12398e-05	1.06626e-05	6.424149999999999e-05	0.00020430199999999998	0.00126366	0.0188673	0.0317982	0.0	1.10085e-05	0.0	1.11229e-05	1.1183e-05	0.0	0.0	1.13757e-05	6.86664e-05	4.6061100000000005e-05	0.0	0.0	0.0	1.18195e-05	2.3802599999999998e-05	2.39697e-05	0.000144842	0.0011307	0.014024	0.00023445600000000002	0.000236237	0.00109007	0.0145335	0.00129807	0.0187918	0.0	1.3035600000000001e-05	0.0	3.97561e-05	0.00012027	0.000646836	0.0122586	0.0	0.0	0.0	0.0	0.0	2.86627e-05	1.44635e-05	0.00011678	0.0008398640000000001	0.0106797	0.0	0.0	4.5928000000000005e-05	0.000185518	0.00212351	6.3087e-05	4.7791300000000004e-05	9.656549999999999e-05	6.50356e-05	0.0	0.0	0.0	0.0	1.7137799999999997e-05	0.0	5.25442e-05	0.000424951	1.7904800000000002e-05	0.000144848	0.000805783	0.0100401	0.0	9.47928e-05	0.000230185	0.00137815	0.016814700000000002	0.00013916200000000002	8.04889e-05	0.00120196	0.0106849	0.000125333	0.00162899	0.015363	6.51144e-05	0.000989692	0.004926450000000001	2.25987e-05	2.29216e-05	4.65189e-05	7.09081e-05	4.79258e-05	4.856189999999999e-05	4.92203e-05	0.0	0.00010123100000000001	0.0	0.0	0.0
Sor-CPnd_027-Ex1-3C-lcwgs-1-3.clmp.r1r2_fastp	0.0	0.0139991	0.00171029	0.0418494	0.00040117899999999993	4.22294e-05	0.0	0.0	2.11147e-05	0.0	0.0	0.0	6.33441e-05	8.44588e-05	0.0	0.000126688	0.000929047	0.017081799999999998	4.22294e-05	6.33441e-05	0.0	0.0	0.0	0.0	0.0	2.11147e-05	0.00021114700000000002	0.00399068	2.11147e-05	0.0	0.0	0.0	0.0	0.0	0.0	0.0	2.11698e-05	0.0	0.0	0.0	0.0	0.0	0.0	2.13434e-05	0.0	0.0	0.0	2.14915e-05	6.46002e-05	0.0	0.0	4.33421e-05	0.0	0.0	6.548260000000001e-05	8.753460000000001e-05	0.00015359599999999998	0.00165019	0.0228827	0.0406316	0.0	0.0	2.23377e-05	0.0	0.0	0.0	0.0	0.0	0.0	4.58167e-05	0.0	0.0	0.0	0.0	0.0	0.00014101199999999998	9.44461e-05	0.00182666	0.016495	0.00016768	0.000192573	0.00183868	0.017144200000000002	0.00232233	0.0221177	0.0	0.0	0.0	7.536339999999999e-05	0.00010106699999999999	0.000787793	0.0145699	0.0	0.0	0.0	0.0	0.0	5.30568e-05	2.67002e-05	0.000161262	0.00116339	0.0137004	0.0	0.0	2.78143e-05	0.000280149	0.00220107	0.000170573	5.7286999999999995e-05	8.6592e-05	5.8174500000000003e-05	0.0	0.0	0.0	0.0	3.02919e-05	3.05499e-05	3.08119e-05	0.0007769719999999999	0.000156776	0.000189808	0.0012768900000000001	0.012211099999999999	6.50333e-05	9.84727e-05	6.62745e-05	0.00207446	0.0186509	0.00020476699999999999	6.89502e-05	0.0014279499999999999	0.012352199999999999	0.000177825	0.00168951	0.017987200000000002	7.34705e-05	0.00133728	0.00582517	3.80273e-05	0.0	7.79891e-05	0.0	4.0027399999999996e-05	0.000121456	0.0	0.0	0.0	0.0	0.0	0.0
Sor-CPnd_028-Ex1-3A-lcwgs-1-3.clmp.r1r2_fastp	0.0	0.013623199999999999	0.00208246	0.0414514	0.000442086	0.00011633900000000001	1.1633899999999999e-05	0.0	0.0	0.0	0.0	3.49016e-05	3.49016e-05	6.98031e-05	2.32677e-05	0.00017450799999999998	0.00115175	0.017508899999999997	9.30708e-05	2.32677e-05	0.0	0.0	0.0	0.0	0.0	0.0	0.000186142	0.00464191	1.1633899999999999e-05	1.1633899999999999e-05	0.0	0.0	0.0	0.0	0.0	0.0	1.1662700000000001e-05	1.16731e-05	1.16848e-05	0.0	0.0	0.0	0.0	3.52896e-05	1.17839e-05	0.0	1.18295e-05	0.0	3.56435e-05	1.19088e-05	1.1938e-05	1.1968600000000001e-05	0.0	2.4067e-05	6.03414e-05	7.26242e-05	0.000242816	0.00233848	0.026087799999999998	0.043794599999999996	0.0	0.0	0.0	0.0	0.0	3.7607499999999995e-05	0.0	0.0	3.80805e-05	6.37477e-05	0.0	0.0	0.0	1.2987599999999999e-05	1.30503e-05	1.3115100000000001e-05	0.000171363	0.0018814600000000002	0.018126899999999998	0.000361514	0.000215372	0.00193528	0.0206846	0.00251771	0.025646099999999998	0.0	4.17444e-05	0.0	4.22265e-05	9.91087e-05	0.0012390300000000001	0.0182671	0.0	0.0	0.0	0.0	0.0	1.48681e-05	1.49638e-05	0.00015061399999999998	0.00125835	0.0155367	0.0	0.0	1.55794e-05	0.000219642	0.00300204	0.000175057	4.80901e-05	0.00011303700000000001	9.76055e-05	0.0	0.0	0.0	0.0	0.0	0.0	6.872140000000001e-05	0.0008140490000000001	5.2394899999999995e-05	0.00019373399999999999	0.00158077	0.0149052	1.8071e-05	7.29226e-05	0.000128749	0.00226423	0.022531100000000002	0.00024574700000000004	0.000228988	0.00171455	0.0144721	0.000157135	0.00228105	0.0210548	8.094209999999999e-05	0.00124728	0.00752169	2.08895e-05	0.0	0.0	6.49772e-05	2.1895799999999998e-05	0.000132756	0.0	0.0	4.57306e-05	0.0	0.0	0.0
Sor-CPnd_029-Ex1-8E-lcwgs-1-3.clmp.r1r2_fastp	0.0	0.010925800000000001	0.0011424	0.0352513	0.000309222	0.00012025299999999999	8.5895e-06	0.0	8.5895e-06	0.0	1.7179e-05	0.0	8.5895e-06	9.44845e-05	1.7179e-05	0.00011166400000000001	0.00068716	0.014945700000000001	5.1537e-05	9.44845e-05	0.0	0.0	0.0	0.0	1.7179e-05	8.5895e-06	0.000128843	0.0036161800000000005	8.5895e-06	3.4358e-05	0.0	0.0	0.0	0.0	0.0	2.58679e-05	8.63815e-06	1.7311299999999998e-05	8.67529e-06	0.0	0.0	0.0	0.0	1.76083e-05	2.6509499999999998e-05	0.0	0.0	8.94579e-06	4.49303e-05	2.70838e-05	0.0	4.55806e-05	0.0	0.0	0.0	5.5870000000000005e-05	0.000168556	0.00146925	0.019317400000000002	0.0354927	0.0	0.0	0.0	0.0	9.836420000000001e-06	0.0	0.0	1.0037100000000001e-05	4.04291e-05	2.0358600000000002e-05	1.02525e-05	0.0	0.0	0.0	4.22384e-05	3.19219e-05	0.000107226	0.00143729	0.014724399999999999	0.00026342900000000003	0.000188069	0.0009701600000000001	0.0166576	0.0012802100000000002	0.0218801	0.0	1.16034e-05	1.16972e-05	3.53751e-05	9.51022e-05	0.0008388769999999999	0.0144616	0.0	0.0	0.0	0.0	1.2587800000000002e-05	0.0	2.56016e-05	7.74524e-05	0.0009504260000000001	0.0115685	0.0	0.0	1.34754e-05	0.00016313299999999998	0.0022902499999999998	0.00011069599999999999	5.5846299999999994e-05	0.00012678899999999998	0.000113726	0.0	0.0	0.0	0.0	0.0	3.0070500000000003e-05	4.5541e-05	0.00041384299999999995	4.6437e-05	0.00020323399999999997	0.000726346	0.0117872	1.6112400000000002e-05	6.51105e-05	0.00011513099999999999	0.0016786000000000001	0.018189200000000003	0.000203707	0.000102956	0.00123183	0.012631599999999998	0.000106457	0.00132801	0.017317	9.18127e-05	0.00102195	0.00560477	1.90433e-05	0.0	3.9111e-05	1.98458e-05	0.0	0.00014235	0.0	2.08503e-05	4.2221599999999996e-05	0.0	0.0	0.0
Sor-CPnd_030-Ex1-2H-lcwgs-1-3.clmp.r1r2_fastp	0.0	0.010091900000000001	0.0008469980000000001	0.0267435	0.000162191	9.010620000000001e-05	0.0	0.0	1.80212e-05	0.0	0.0	7.20849e-05	3.60425e-05	7.20849e-05	0.0	0.00010812699999999999	0.0005226159999999999	0.00965938	3.60425e-05	9.010620000000001e-05	0.0	0.0	0.0	0.0	1.80212e-05	1.80212e-05	0.000162191	0.0029735	0.0	0.0	0.0	0.0	0.0	0.0	0.0	0.0	0.0	1.8159e-05	1.82006e-05	0.0	0.0	0.0	0.0	1.84755e-05	0.0	0.0	0.0	3.7583e-05	5.6649899999999994e-05	0.0	0.0	1.91865e-05	0.0	1.94162e-05	5.86186e-05	3.93354e-05	3.96006e-05	0.000757658	0.012771200000000002	0.0236266	0.0	0.0	0.0	0.0	0.0	0.0	0.0	0.0	4.36357e-05	4.40496e-05	0.0	0.0	0.0	0.0	4.62869e-05	0.0	0.000118153	0.000764344	0.0108894	0.000170875	0.000222146	0.000748876	0.0116643	0.000919242	0.0149813	0.0	0.0	5.35143e-05	0.0	0.000137029	0.0005825019999999999	0.00926631	0.0	0.0	0.0	0.0	0.0	3.0263e-05	0.0	0.000124172	0.0005659619999999999	0.00681643	0.0	0.0	3.31254e-05	0.000167838	0.0014626	0.000206811	3.4935300000000004e-05	3.5407699999999996e-05	0.000143556	0.0	0.0	0.0	0.0	0.0	0.0	3.95417e-05	0.00048121199999999996	4.06693e-05	8.25068e-05	0.00054403	0.00823628	4.30669e-05	4.3696e-05	0.000133016	0.000944817	0.0130126	9.26869e-05	9.40778e-05	0.0009073699999999999	0.00926089	9.84589e-05	0.00124982	0.0118285	5.15524e-05	0.00104733	0.00388509	0.0	0.0	0.0	5.7002399999999995e-05	0.0	0.000176556	5.9783999999999995e-05	0.0	6.17577e-05	0.0	0.0	0.0
Sor-CPnd_031-Ex1-5D-lcwgs-1-3.clmp.r1r2_fastp	0.0	0.011383	0.000916094	0.035601	0.00034109900000000004	1.94914e-05	0.0	0.0	0.0	0.0	1.94914e-05	3.89827e-05	2.9237099999999998e-05	5.8474099999999996e-05	0.0	0.000146185	0.000574995	0.014920600000000001	8.77112e-05	0.000116948	0.0	0.0	0.0	0.0	1.94914e-05	0.0	0.000146185	0.0036448900000000005	1.94914e-05	0.0	0.0	0.0	0.0	9.753770000000001e-06	0.0	0.0	0.0	6.864249999999999e-05	0.0	0.0	0.0	0.0	0.0	9.94429e-06	1.99499e-05	0.0	0.0	1.00798e-05	2.02367e-05	2.03182e-05	0.0	4.0982099999999995e-05	0.0	1.0339200000000001e-05	3.11668e-05	5.22004e-05	0.00011542000000000002	0.00126564	0.020898	0.0356777	0.0	0.0	1.08411e-05	2.18102e-05	0.0	0.0	0.0	2.23547e-05	0.00010125000000000001	6.79408e-05	0.0	0.0	0.0	0.0	2.34373e-05	3.5407699999999996e-05	8.32201e-05	0.00111369	0.015369200000000001	0.000328164	0.000146954	0.0011722800000000002	0.0159527	0.00151606	0.0211108	0.0	1.28227e-05	1.29218e-05	6.51135e-05	0.00013126299999999998	0.000780601	0.014029600000000001	0.0	1.35525e-05	0.0	0.0	0.0	1.40042e-05	2.82421e-05	5.69633e-05	0.000746753	0.0120212	0.0	1.47351e-05	1.4864099999999999e-05	0.00020993200000000002	0.0022087400000000003	0.000213697	4.62053e-05	9.32566e-05	0.000172535	0.0	0.0	0.0	0.0	0.0	0.0	6.70349e-05	0.000558444	0.00011963300000000001	0.000103566	0.000889287	0.0119607	0.0	0.0	0.00010903200000000001	0.00156095	0.0179103	0.00018758999999999998	0.000113782	0.00107373	0.013379	0.00015688600000000002	0.00152728	0.0178552	0.000182652	0.0011501	0.00642303	2.10454e-05	0.0	2.1598999999999998e-05	0.0	4.43772e-05	0.000134711	2.27249e-05	2.30186e-05	0.0	0.0	0.0	0.0
Sor-CPnd_033-Ex1-2F-lcwgs-1-3.clmp.r1r2_fastp	0.0	0.0108342	0.00106015	0.0309511	0.00020685799999999998	0.000155143	0.0	0.0	0.0	0.0	0.0	0.0	2.58572e-05	2.58572e-05	5.17144e-05	5.17144e-05	0.0005171440000000001	0.0105756	0.0	0.000181	0.0	0.0	0.0	0.0	0.0	2.58572e-05	0.00012928600000000002	0.00263744	0.0	0.0	0.0	0.0	0.0	0.0	0.0	0.0	0.0	5.19578e-05	0.0	0.0	2.60991e-05	0.0	0.0	5.251729999999999e-05	2.63216e-05	0.0	0.0	2.65376e-05	2.66189e-05	0.0	0.0	0.0	0.0	2.70987e-05	2.7208300000000002e-05	0.0	2.74433e-05	0.0009649120000000001	0.0136835	0.0256652	0.0	0.0	0.0	0.0	0.0	0.0	0.0	0.0	0.0	5.89829e-05	0.0	0.0	0.0	0.0	0.0	3.0790499999999996e-05	9.309450000000001e-05	0.000907037	0.0103736	9.538339999999999e-05	0.00022442300000000002	0.00067901	0.0105997	0.000723856	0.014308	0.0	0.0	3.4125e-05	0.0	0.000104348	0.00042144800000000005	0.00787472	3.58298e-05	0.0	0.0	0.0	0.0	0.0	0.0	3.8591300000000004e-05	0.0004293	0.00777513	0.0	0.0	8.17167e-05	8.2694e-05	0.00125523	0.000169397	0.0	0.000130224	4.39562e-05	0.0	0.0	0.0	0.0	0.0	0.0	0.0	0.000439376	0.0	0.00010034599999999999	0.00045790599999999995	0.00743126	0.0	5.3110600000000006e-05	5.38846e-05	0.000874943	0.0111542	0.00011266	5.71869e-05	0.00110319	0.00790153	0.0	0.000730018	0.012544800000000002	0.000125564	0.000382825	0.00389235	0.0	0.0	0.0	0.0	0.0	0.000143942	0.0	0.0	0.0	0.0	0.0	0.0
Sor-CPnd_034-Ex1-4G-lcwgs-1-3.clmp.r1r2_fastp	0.0	0.006684120000000001	0.000848778	0.023659700000000002	0.00024756	0.00010609699999999998	0.0	0.0	0.0	3.53657e-05	0.0	0.0	0.0	0.00010609699999999998	0.0	7.073149999999999e-05	0.000389023	0.00930119	3.53657e-05	3.53657e-05	0.0	0.0	0.0	0.0	0.0	0.0	0.00010609699999999998	0.0025817	3.53657e-05	3.53657e-05	0.0	0.0	0.0	0.0	0.0	3.56164e-05	0.0	0.0	0.0	0.0	0.0	0.0	0.0	0.0	0.0	0.0	0.0	0.0	0.0	0.0	0.0	0.0	0.0	0.0	0.0	0.00012240300000000001	0.000123633	0.0007909569999999999	0.012535399999999999	0.0209986	0.0	0.0	0.0	0.0	0.0	0.0	0.0	0.0	0.0	0.0	0.0	0.0	0.0	0.0	5.05822e-05	5.12206e-05	0.0	0.000682763	0.0111709	0.0	0.000163725	0.000497548	0.0114226	0.000680475	0.015279000000000001	0.0	0.0	0.0	0.0	0.0	0.000496394	0.010119300000000001	0.0	0.0	0.0	0.0	0.0	0.0	6.8789e-05	0.0	0.000494222	0.00686709	0.0	0.0	0.0	0.00015084700000000001	0.0020634299999999998	7.74398e-05	0.0	7.95452e-05	0.0	0.0	0.0	0.0	0.0	0.0	0.0	0.00017754200000000002	9.00146e-05	9.127649999999999e-05	9.25658e-05	0.000563301	0.009715109999999999	9.66126e-05	0.0	9.943599999999999e-05	0.0007062920000000001	0.012899100000000002	0.000311633	0.0	0.000855952	0.012270799999999998	0.0	0.001231	0.0153376	0.00011538000000000001	0.000468719	0.00511961	0.0	0.0	0.0	0.0	0.0	0.0	0.0	0.000135852	0.000138012	0.0	0.0	0.0
Sor-CPnd_036-Ex1-5C-lcwgs-1-3.clmp.r1r2_fastp	0.0	0.0094336	0.00109304	0.0290492	0.00033480399999999996	5.9083100000000004e-05	0.0	0.0	0.0	0.0	9.84719e-06	5.9083100000000004e-05	1.96944e-05	4.9235899999999994e-05	1.96944e-05	0.000108319	0.000600678	0.0116886	3.9388700000000005e-05	4.9235899999999994e-05	0.0	0.0	0.0	0.0	9.84719e-06	9.84719e-06	0.000128013	0.00278675	9.84719e-06	0.0	0.0	0.0	0.0	0.0	0.0	9.885259999999999e-06	1.98082e-05	5.95552e-05	0.0	1.99562e-05	2.0018399999999998e-05	0.0	0.0	2.0245699999999998e-05	0.0	0.0	1.02677e-05	0.0	1.0380900000000001e-05	1.04417e-05	0.0	1.0572e-05	2.12832e-05	0.0	2.1575799999999998e-05	3.25958e-05	0.000142276	0.00103648	0.0171327	0.027927300000000002	0.0	1.13776e-05	0.0	2.3134899999999998e-05	1.16661e-05	0.0	2.37384e-05	1.19737e-05	4.83251e-05	4.87632e-05	0.0	0.0	1.2534300000000001e-05	1.26529e-05	6.3873e-05	5.15935e-05	0.00010419800000000001	0.00101275	0.0139207	0.000187823	0.00021681699999999998	0.0011635	0.014020699999999999	0.0016062900000000002	0.0195149	0.0	1.4402199999999999e-05	2.9102000000000004e-05	4.4103199999999995e-05	0.000118835	0.000945625	0.0121181	0.0	0.0	1.5651e-05	0.0	0.0	0.0	4.90074e-05	1.65139e-05	0.0008012319999999999	0.0101922	0.0	3.44989e-05	3.48822e-05	0.000194011	0.00196196	0.0001443	7.29683e-05	0.000110708	0.000149312	0.0	0.0	0.0	0.0	0.0	2.00147e-05	0.00010127399999999999	0.000635478	2.07487e-05	0.00016801799999999998	0.000871729	0.0106976	6.538139999999999e-05	4.41342e-05	8.93837e-05	0.00128998	0.016960700000000002	0.000185704	0.000235115	0.0011431899999999999	0.011969	0.000195597	0.00166015	0.017428	7.63453e-05	0.0008256569999999999	0.0056780699999999995	7.961740000000001e-05	8.07962e-05	0.0	0.0	0.0	0.000171541	0.0	0.0	0.0	0.0	0.0	0.0
Sor-CPnd_037-Ex1-6C-lcwgs-1-3.clmp.r1r2_fastp	0.0	0.010781800000000001	0.00106112	0.0344865	0.000378972	3.78972e-05	0.0	0.0	0.0	0.0	1.89486e-05	1.89486e-05	7.57945e-05	9.47431e-05	1.89486e-05	1.89486e-05	0.000530561	0.0150073	1.89486e-05	1.89486e-05	0.0	0.0	0.0	0.0	0.0	0.0	0.000189486	0.0041687	1.89486e-05	0.0	0.0	0.0	0.0	0.0	0.0	0.0	0.0	3.84047e-05	0.0	0.0	0.0	0.0	0.0	1.97176e-05	1.98256e-05	0.0	0.0	2.0177399999999998e-05	6.09028e-05	2.04282e-05	0.0	0.0	0.0	2.09789e-05	0.0	6.38109e-05	0.000107103	0.00157484	0.02099	0.0367473	0.0	0.0	0.0	0.0	0.0	0.0	0.0	0.0	0.0	4.71904e-05	0.0	0.0	0.0	4.8705700000000004e-05	2.45491e-05	0.0	0.000124732	0.00148376	0.016757	0.000102241	0.00020616299999999998	0.00145501	0.017838899999999998	0.00142606	0.0238553	0.0	2.7063100000000002e-05	8.18653e-05	2.75122e-05	5.547149999999999e-05	0.00117452	0.014549800000000002	2.84299e-05	0.0	0.0	0.0	0.0	2.96349e-05	0.0	6.028339999999999e-05	0.000942327	0.014195300000000001	0.0	0.0	3.14634e-05	0.000158692	0.00214545	0.000129208	9.77592e-05	9.863120000000001e-05	0.000165862	0.0	0.0	0.0	0.0	3.47268e-05	0.0	3.53845e-05	0.0006072629999999999	7.21247e-05	0.000291284	0.00117644	0.0126967	0.0	3.7872e-05	0.000114769	0.0018936600000000001	0.0191319	0.00039445699999999997	0.0	0.000886134	0.0129453	0.000411528	0.00199693	0.0209033	0.000127584	0.0010322999999999999	0.006787089999999999	4.4029799999999996e-05	0.0	9.03126e-05	4.5791299999999996e-05	0.0	0.000327995	4.73903e-05	0.0	9.70531e-05	0.0	0.0	0.0
Sor-CPnd_038-Ex1-2A-lcwgs-1-3.clmp.r1r2_fastp	0.0	0.0176938	0.0018141000000000001	0.04963870000000001	0.000480946	9.28142e-05	0.0	0.0	0.0	0.0	8.43765e-06	8.43765e-06	2.5313e-05	5.90636e-05	8.43765e-06	0.00012656499999999998	0.0010125199999999998	0.0205626	0.000101252	5.90636e-05	0.0	0.0	0.0	0.0	8.43765e-06	8.43765e-06	0.000160315	0.0055435400000000004	1.68753e-05	1.68753e-05	0.0	0.0	8.43765e-06	0.0	8.444390000000001e-06	0.0	8.453640000000001e-06	2.5378e-05	0.0	0.0	0.0	0.0	0.0	0.0	8.518010000000001e-06	0.0	0.0	8.55478e-06	3.42744e-05	8.58286e-06	0.0	8.6139e-06	0.0	8.64781e-06	2.5997400000000003e-05	0.000104214	0.00016537	0.0019453	0.0294661	0.0514659	0.0	0.0	8.83145e-06	1.77107e-05	8.88005e-06	0.0	0.0	8.95842e-06	7.188899999999999e-05	6.31021e-05	0.0	0.0	9.104990000000001e-06	0.0	3.6678000000000004e-05	8.28247e-05	0.000175496	0.0017893999999999998	0.0213028	0.000280278	0.00031889500000000003	0.0019491600000000001	0.023928099999999997	0.0024205	0.0306045	9.57054e-06	0.0	2.89517e-05	8.72235e-05	0.000145995	0.00120235	0.0209808	0.0	0.0	0.0	9.99639e-06	1.0043099999999999e-05	2.01817e-05	5.06973e-05	7.13272e-05	0.00110591	0.0167653	0.0	0.0	3.13606e-05	0.00022071299999999999	0.0035506799999999996	8.50065e-05	5.34273e-05	6.44802e-05	0.000108094	0.0	0.0	0.0	0.0	0.0	2.2431e-05	6.77315e-05	0.00086361	5.72e-05	0.000310979	0.00144966	0.0156617	1.1763699999999999e-05	2.36999e-05	0.000274562	0.00230925	0.0233061	0.00025650099999999996	0.000110805	0.00161342	0.016516799999999998	0.000176651	0.00245584	0.0226772	0.000116518	0.00169812	0.00812055	6.65431e-05	1.34418e-05	9.5096e-05	4.12374e-05	0.0	0.000252097	2.82732e-05	1.42811e-05	7.20999e-05	0.0	0.0	0.0
Sor-CPnd_041-Ex1-7A-lcwgs-1-3.clmp.r1r2_fastp	0.0	0.0118694	0.0007859179999999999	0.035487199999999997	0.000376166	5.3738e-05	0.0	0.0	6.71725e-06	0.0	0.0	2.01518e-05	4.70208e-05	6.717250000000001e-05	1.34345e-05	0.000100759	0.000517228	0.013125499999999998	1.34345e-05	0.000107476	0.0	0.0	0.0	0.0	0.0	2.01518e-05	8.0607e-05	0.00325787	6.71725e-06	2.6869e-05	0.0	0.0	0.0	6.72061e-06	0.0	1.3459399999999999e-05	2.0207300000000002e-05	3.37136e-05	0.0	0.0	0.0	0.0	0.0	0.0	6.815920000000001e-06	0.0	6.84548e-06	1.3722999999999999e-05	4.81486e-05	1.3792200000000002e-05	1.38287e-05	6.933359999999999e-06	0.0	0.0	6.99451e-06	7.01609e-06	6.334509999999999e-05	0.000494293	0.011803000000000001	0.0198616	0.0	0.0	0.0	1.44214e-05	1.44755e-05	0.0	0.0	0.0	2.20641e-05	1.4772300000000001e-05	0.0	0.0	0.0	0.0	7.55713e-06	2.2782599999999998e-05	6.1055e-05	0.000421875	0.00747857	8.52543e-05	9.349730000000001e-05	0.000477836	0.00745817	0.0006572500000000001	0.00976199	1.60127e-05	8.05083e-06	1.6192e-05	8.14204e-06	2.45666e-05	0.000255332	0.00588249	0.0	0.0	0.0	0.0	8.54705e-06	0.0	8.66123e-06	8.72093e-06	0.000219567	0.00373341	0.0	0.0	9.051249999999999e-06	3.64933e-05	0.000616274	3.70998e-05	2.8062399999999997e-05	2.8308e-05	8.56811e-05	0.0	0.0	0.0	0.0	0.0	1.00908e-05	6.11818e-05	0.000206129	3.12597e-05	4.215e-05	0.000181199	0.00307373	0.0	1.10494e-05	1.1188e-05	0.000237936	0.00507328	4.65223e-05	2.3578599999999998e-05	0.000227099	0.00351553	6.149390000000001e-05	0.000274552	0.00452196	5.14392e-05	0.000287323	0.0014993200000000002	1.3484999999999999e-05	1.3711399999999999e-05	0.0	1.42114e-05	0.0	5.8815000000000005e-05	0.0	1.5237799999999998e-05	1.5510899999999997e-05	0.0	0.0	0.0
Sor-CPnd_043-Ex1-1D-lcwgs-1-3.clmp.r1r2_fastp	0.0	0.011215800000000001	0.0012075	0.035656	0.000348316	0.000127716	0.0	0.0	0.0	0.0	2.32211e-05	4.64422e-05	2.32211e-05	3.48316e-05	0.0	0.000162548	0.000708243	0.014257699999999998	2.32211e-05	0.00011610500000000001	0.0	0.0	0.0	0.0	0.0	1.16105e-05	0.00011610500000000001	0.0035876600000000003	0.0	2.32211e-05	0.0	0.0	0.0	0.0	1.1627900000000001e-05	0.0	0.0	3.50057e-05	0.0	1.17054e-05	1.17267e-05	0.0	0.0	7.0826e-05	2.36708e-05	0.0	1.1903499999999999e-05	2.38821e-05	5.99038e-05	1.20225e-05	0.0	1.21111e-05	1.21585e-05	1.22081e-05	2.45187e-05	0.000110812	0.00019788500000000002	0.00147855	0.020410400000000002	0.0353253	0.0	0.0	1.2737599999999998e-05	1.2805799999999999e-05	2.57526e-05	0.0	0.0	0.0	6.58922e-05	3.97744e-05	0.0	0.0	2.7023200000000002e-05	1.35996e-05	0.0	6.891320000000001e-05	0.000152652	0.00118782	0.015465499999999998	0.00019840500000000002	0.00014274	0.00122208	0.016422799999999998	0.00157559	0.0222217	0.0	0.0	1.5029700000000001e-05	3.0288599999999997e-05	0.000198386	0.000815084	0.015049400000000001	0.0	0.0	0.0	0.0	0.0	0.0	4.91782e-05	4.9587e-05	0.000700011	0.012371199999999999	0.0	1.70975e-05	3.44925e-05	0.000173981	0.00193065	0.00023020499999999998	1.7867e-05	5.4089000000000003e-05	3.63891e-05	0.0	0.0	0.0	0.0	1.90727e-05	1.9257300000000003e-05	3.88914e-05	0.000530207	3.96675e-05	0.000220382	0.00103211	0.0113067	0.0	4.17571e-05	0.000126595	0.00174872	0.0191227	0.00010898099999999999	0.000132233	0.000935884	0.0129352	0.000341898	0.0013833600000000001	0.0176792	0.0	0.000931413	0.00546413	4.8968800000000005e-05	0.0	7.54302e-05	2.55169e-05	2.58427e-05	7.84662e-05	2.6476899999999997e-05	2.6825700000000003e-05	5.43265e-05	0.0	0.0	0.0
Sor-CPnd_044-Ex1-8G-lcwgs-1-3.clmp.r1r2_fastp	0.0	0.0085352	0.000843851	0.0266956	0.00021096300000000002	8.79012e-05	0.0	0.0	0.0	8.79012e-06	0.0	0.0	0.0	4.39506e-05	0.0	0.00010548099999999999	0.00042192600000000004	0.0107239	6.153079999999999e-05	9.66913e-05	0.0	0.0	0.0	0.0	0.0	1.75802e-05	9.66913e-05	0.00271615	1.75802e-05	4.39506e-05	0.0	0.0	0.0	0.0	8.82457e-06	0.0	0.0	3.5614299999999995e-05	0.0	8.97363e-06	0.0	0.0	9.10338e-06	1.83084e-05	0.0	9.26551e-06	0.0	9.38875e-06	3.78182e-05	9.52248e-06	9.59317e-06	9.66577e-06	0.0	0.0	2.96947e-05	2.99406e-05	0.000161028	0.000903409	0.0153676	0.026419699999999997	0.0	0.0	0.0	2.14156e-05	1.08081e-05	0.0	0.0	1.1121e-05	3.36882e-05	5.6699399999999995e-05	0.0	0.0	0.0	0.0	2.3850599999999998e-05	3.6146600000000004e-05	7.30476e-05	0.0009103879999999999	0.0134884	0.000150748	0.000126947	0.000769814	0.013887	0.00108766	0.0180524	0.0	0.0	0.0	1.3818899999999999e-05	5.58694e-05	0.000578822	0.011187599999999999	0.0	0.0	0.0	0.0	0.0	0.0	1.53979e-05	0.0	0.000550996	0.0102044	0.0	0.0	0.0	0.000133218	0.0018022000000000001	0.000119262	0.00012064800000000001	8.718340000000001e-05	5.29243e-05	0.0	0.0	0.0	0.0	0.0	1.89447e-05	3.83518e-05	0.00046585100000000004	7.86063e-05	0.000218844	0.000644651	0.0100362	0.0	4.18386e-05	8.47514e-05	0.00103011	0.0164997	0.000176168	4.46267e-05	0.000994846	0.0104031	0.000116123	0.00120064	0.0156807	9.67834e-05	0.0007361350000000001	0.0043315	2.5261199999999998e-05	0.0	0.0	0.0	0.0	5.45162e-05	0.0	0.0	0.0	0.0	0.0	0.0
Sor-CPnd_045-Ex1-7B-lcwgs-1-3.clmp.r1r2_fastp	0.0	0.015084199999999999	0.0017780600000000001	0.0450962	0.000371242	4.8847699999999997e-05	0.0	0.0	9.76954e-06	0.0	1.95391e-05	0.0	5.86172e-05	5.86172e-05	9.76954e-06	0.000185621	0.0009671840000000001	0.018865	9.76954e-06	3.90781e-05	0.0	9.76954e-06	0.0	0.0	0.0	9.76954e-06	0.000263777	0.00467961	1.95391e-05	0.0	0.0	0.0	0.0	0.0	0.0	9.8058e-06	9.82225e-06	3.9362699999999995e-05	0.0	9.88274e-06	0.0	0.0	0.0	9.987889999999999e-06	0.0	0.0	0.0	1.01191e-05	6.09299e-05	2.0383199999999998e-05	1.0229500000000001e-05	1.02684e-05	0.0	1.03482e-05	5.19482e-05	6.25899e-05	0.000178057	0.00219812	0.0286838	0.049486699999999995	0.0	0.0	0.0	1.07909e-05	0.0	0.0	0.0	1.09892e-05	7.72845e-05	5.5463999999999996e-05	1.11457e-05	0.0	1.1255e-05	1.13107e-05	2.2735500000000003e-05	0.0	0.000183736	0.0018352700000000002	0.0208703	0.000233231	0.0003751	0.00206205	0.023748199999999997	0.00270281	0.031286299999999996	0.0	3.62842e-05	2.43163e-05	7.33295e-05	0.000147433	0.0011733	0.0217658	0.0	0.0	0.0	0.0	0.0	3.84788e-05	1.28975e-05	0.000129699	0.00118702	0.0180794	0.0	0.0	5.34078e-05	0.000268644	0.0030947400000000003	0.000122377	2.73634e-05	8.26034e-05	9.698049999999999e-05	0.0	1.4033399999999998e-05	0.0	0.0	0.0	1.44128e-05	0.000116102	0.000789154	0.00013245500000000002	0.000296449	0.00132876	0.016242799999999998	3.03036e-05	7.63298e-05	0.000184602	0.00201537	0.026577399999999998	0.000251977	7.93778e-05	0.00140847	0.017397100000000002	0.000179004	0.0019692200000000003	0.0254736	0.00011687	0.0014824999999999999	0.00821269	6.86592e-05	0.0	7.00751e-05	1.77244e-05	0.0	0.000216652	1.82204e-05	1.8403e-05	1.85787e-05	0.0	0.0	0.0
Sor-CPnd_046-Ex1-5A-lcwgs-1-3.clmp.r1r2_fastp	0.0	0.0102626	0.0006724810000000001	0.0297646	0.000204668	8.77149e-05	0.0	0.0	0.0	2.92383e-05	0.0	0.0	0.0	2.92383e-05	0.0	5.84766e-05	0.000380098	0.0117538	8.77149e-05	5.84766e-05	2.92383e-05	0.0	0.0	0.0	0.0	0.0	0.00011695299999999999	0.00307002	0.0	2.92383e-05	0.0	2.92383e-05	0.0	0.0	0.0	0.0	8.82022e-05	0.0	0.0	0.0	2.96913e-05	0.0	2.98873e-05	2.99995e-05	3.0121300000000002e-05	0.0	0.0	0.0	6.13642e-05	0.0	0.0	0.0	0.0	0.0	0.0	0.0	0.0	0.00106736	0.0156273	0.0275988	0.0	0.0	0.0	3.37046e-05	0.0	0.0	0.0	0.0	3.49873e-05	3.52614e-05	0.0	0.0	0.0	0.0	0.0	7.40507e-05	3.7339199999999996e-05	0.00120514	0.012382899999999999	0.00015325699999999999	0.000231867	0.00062367	0.0140772	0.000912406	0.0172072	0.0	0.0	0.0	0.0	4.18201e-05	0.000801631	0.0124732	0.0	0.0	0.0	0.0	0.0	0.0	0.0	9.158489999999999e-05	0.0005084989999999999	0.009146969999999999	0.0	0.0	0.0	9.704090000000001e-05	0.0018132299999999999	9.90115e-05	0.0	0.000151587	0.000255268	0.0	0.0	0.0	0.0	0.0	0.0	5.50662e-05	0.000334153	0.0	0.00022790800000000003	0.0005188079999999999	0.0102667	0.0	5.9753299999999996e-05	0.000181476	0.0011022	0.01463	6.27819e-05	6.35883e-05	0.00038639999999999996	0.00952352	0.000132177	0.00060275	0.0137117	0.0	0.000209233	0.00445684	0.0	0.0	0.0	0.0	0.0	0.000154711	0.0	0.0	0.0	0.0	0.0	0.0
Sor-CPnd_049-Ex1-3B-lcwgs-1-3.clmp.r1r2_fastp	0.0	0.00748705	0.00125438	0.0273219	0.000235195	0.000117598	0.0	0.0	0.0	0.0	0.0	3.91992e-05	3.91992e-05	0.000156797	3.91992e-05	3.91992e-05	0.0009407819999999999	0.0108974	0.0	0.0	0.0	0.0	0.0	0.0	0.0	3.91992e-05	3.91992e-05	0.00321434	3.91992e-05	7.83985e-05	0.0	0.0	0.0	0.0	0.0	0.0	3.94267e-05	0.0	0.0	0.0	0.0	0.0	0.0	0.0	0.0	0.0	0.0	0.0	0.0	4.13706e-05	0.0	0.0	0.0	0.0	4.26032e-05	8.575000000000001e-05	0.000172647	0.00156436	0.0169338	0.029478499999999998	0.0	0.0	0.0	0.0	0.0	0.0	0.0	0.0	4.73044e-05	4.7716599999999996e-05	0.0	0.0	0.0	0.0	4.9925899999999996e-05	0.0	0.0	0.00154121	0.0135377	0.000261908	0.000211622	0.0014428499999999999	0.014466199999999999	0.00179949	0.017904800000000002	0.0	0.0	0.0	0.000114904	0.000174189	0.0010564	0.0123982	0.0	0.0	0.0	0.0	0.0	0.0	0.0	0.0	0.000524092	0.010269799999999999	0.0	0.0	6.85631e-05	0.000277441	0.0016136800000000001	7.09828e-05	0.0	7.26812e-05	0.0	0.0	0.0	0.0	0.0	0.0	0.0	0.000160044	0.00032400100000000003	0.0	0.000166059	0.0005885350000000001	0.008428900000000001	0.0	8.73021e-05	0.00026523	0.0018805699999999998	0.015508500000000001	9.187170000000001e-05	0.00018617	0.0017922099999999998	0.0108023	0.0	0.0014728900000000001	0.0169199	0.000302736	0.000818635	0.00508444	0.0	0.0	0.0	0.00022046099999999998	0.00022362899999999998	0.0	0.0	0.000116603	0.0	0.0	0.0	0.0
Sor-CPnd_050-Ex1-3F-lcwgs-1-3.clmp.r1r2_fastp	0.0	0.0101858	0.00107891	0.030662000000000002	0.00029003	9.28095e-05	0.0	0.0	1.16012e-05	1.16012e-05	2.32024e-05	1.16012e-05	0.0	5.8006e-05	1.16012e-05	0.000104411	0.0006960719999999999	0.0125061	9.28095e-05	0.000116012	0.0	0.0	0.0	0.0	0.0	1.16012e-05	0.000116012	0.00317873	0.0	3.48036e-05	0.0	0.0	0.0	1.16134e-05	0.0	1.16455e-05	0.0	1.16899e-05	0.0	0.0	0.0	0.0	0.0	4.75642e-05	2.38708e-05	0.0	1.20332e-05	0.0	8.49978e-05	1.2200899999999999e-05	0.0	2.4652600000000002e-05	0.0	0.0	1.2534300000000001e-05	7.56512e-05	0.000164911	0.0011998500000000001	0.0165322	0.0297643	0.0	0.0	0.0	0.0	0.0	0.0	0.0	0.0	1.37988e-05	4.1726799999999995e-05	0.0	0.0	0.0	0.0	0.0	4.38834e-05	5.90266e-05	0.00116127	0.013685800000000001	0.00015160100000000001	0.0001224	0.00105002	0.0147909	0.00125851	0.0190734	3.2063599999999996e-05	0.0	1.6341e-05	3.29948e-05	8.32838e-05	0.000672771	0.0120587	0.0	0.0	0.0	0.0	0.0	0.0	5.4642600000000004e-05	7.36011e-05	0.000520514	0.010292599999999999	0.0	0.0	1.93831e-05	9.79448e-05	0.00201938	0.00016007899999999998	0.000101133	6.133850000000001e-05	8.26831e-05	0.0	0.0	0.0	0.0	0.0	0.0	6.70736e-05	0.000655802	0.00011439100000000001	0.000115736	0.00107754	0.0100039	2.39934e-05	9.713759999999999e-05	0.000147512	0.00116969	0.0163771	0.00010204800000000001	2.58376e-05	0.0010990400000000001	0.0107606	0.000268455	0.00130553	0.0148269	0.000167562	0.000990641	0.00493557	2.90965e-05	0.0	8.990590000000001e-05	0.0	0.0	0.00025046000000000004	3.17346e-05	3.21971e-05	0.0	0.0	0.0	0.0
Sor-CPnd_052-Ex1-6D-lcwgs-1-3.clmp.r1r2_fastp	0.0	0.0082194	0.000633511	0.0242683	0.000259902	1.62439e-05	0.0	0.0	0.0	0.0	0.0	0.0	0.0	6.49755e-05	0.0	8.12194e-05	0.000276146	0.0103149	4.87316e-05	0.000146195	0.0	0.0	0.0	0.0	0.0	0.0	3.24877e-05	0.00246907	0.0	1.62439e-05	0.0	0.0	0.0	0.0	0.0	1.6339e-05	0.0	4.93067e-05	0.0	1.65574e-05	1.6626599999999998e-05	0.0	0.0	3.37492e-05	0.0	0.0	1.71816e-05	1.72949e-05	1.74138e-05	0.0	1.7667100000000002e-05	1.78024e-05	0.0	0.0	0.0	0.000110333	9.27326e-05	0.000636115	0.012741299999999999	0.021830699999999998	0.0	0.0	0.0	1.97836e-05	1.99776e-05	0.0	0.0	0.0	0.0	4.20398e-05	0.0	0.0	0.0	0.0	0.0	4.4860799999999996e-05	6.80429e-05	0.000642203	0.0105306	9.38331e-05	0.000118611	0.000647732	0.0112582	0.000883413	0.015337700000000001	0.0	0.0	0.0	0.0	2.62629e-05	0.000398455	0.008814039999999999	0.0	0.0	0.0	0.0	0.0	2.8812200000000002e-05	2.9154399999999997e-05	2.9502699999999998e-05	0.00038815299999999997	0.00752412	0.0	3.09589e-05	0.0	6.34565e-05	0.00141343	6.50476e-05	3.29336e-05	0.000166755	0.000135109	0.0	0.0	0.0	0.0	0.0	0.0	7.40235e-05	0.000412652	3.8025199999999996e-05	0.00015420199999999998	0.000508168	0.007531190000000001	0.0	0.0	4.13569e-05	0.000671318	0.0122611	0.000172794	8.76842e-05	0.0004895590000000001	0.00880907	0.0	0.000605464	0.012109	0.0	0.000585566	0.00302514	5.041030000000001e-05	0.0	5.21668e-05	0.0	0.0	0.00010982699999999999	0.0	0.0	0.000115352	0.0	0.0	0.0
Sor-CPnd_053-Ex1-2C-lcwgs-1-3.clmp.r1r2_fastp	0.0	0.013685800000000001	0.00177895	0.038126099999999996	0.00030322899999999997	6.0645899999999995e-05	0.0	0.0	0.0	0.0	2.02153e-05	2.02153e-05	8.08612e-05	8.08612e-05	2.02153e-05	0.000202153	0.00107141	0.0153838	0.000101076	8.08612e-05	0.0	0.0	0.0	0.0	0.0	0.0	0.000101076	0.004366500000000001	2.02153e-05	2.02153e-05	0.0	0.0	0.0	0.0	0.0	0.0	2.0304e-05	6.10069e-05	0.0	0.0	2.04514e-05	0.0	0.0	2.0602399999999998e-05	2.06615e-05	2.07237e-05	0.0	0.0	2.09343e-05	0.0	0.0	4.23456e-05	2.12578e-05	4.26935e-05	4.28757e-05	0.000107667	0.000302843	0.0018254599999999999	0.022097	0.037715200000000004	0.0	0.0	2.22728e-05	2.23889e-05	2.251e-05	0.0	0.0	0.0	2.30195e-05	0.0	0.0	0.0	0.0	2.37246e-05	2.38743e-05	9.611250000000001e-05	0.000193463	0.00133875	0.01747	0.000222005	9.933620000000001e-05	0.0016001199999999998	0.0180248	0.00210391	0.0243242	0.0	0.0	0.0	2.62515e-05	0.000185081	0.00101193	0.0162285	0.0	0.0	0.0	0.0	0.0	0.0	2.82705e-05	2.8487599999999998e-05	0.00100492	0.0135446	0.0	0.0	2.9648099999999998e-05	0.00011956400000000001	0.0025919899999999997	0.000212734	6.12914e-05	0.00012362200000000002	0.00015584800000000002	0.0	0.0	0.0	3.22784e-05	0.0	0.0	0.000165821	0.000702891	6.757e-05	0.00017053199999999999	0.0012051100000000001	0.0143223	0.000105314	0.0	0.000179002	0.0020250100000000003	0.020055999999999997	0.000405972	7.45828e-05	0.00135661	0.012986399999999999	0.00023095699999999998	0.00221798	0.0212804	0.000238637	0.0014482	0.00744706	4.11776e-05	0.0	4.2218799999999996e-05	8.562150000000001e-05	0.0	4.3819599999999996e-05	0.0	4.48696e-05	4.54006e-05	0.0	0.0	0.0
Sor-CPnd_054-Ex1-8F-lcwgs-1-3.clmp.r1r2_fastp	0.0	0.0058242400000000005	0.000632088	0.0205429	0.000180597	4.51492e-05	0.0	0.0	0.0	0.0	0.0	9.02983e-05	0.0	0.0	0.0	0.000135447	0.000316044	0.008081699999999999	4.51492e-05	9.02983e-05	0.0	0.0	0.0	0.0	0.0	0.0	4.51492e-05	0.00234776	0.000135447	0.0	0.0	0.0	0.0	0.0	0.0	0.0	0.0	0.0	0.0	0.0	0.0	0.0	0.0	0.0	4.87123e-05	0.0	0.0	0.0	5.0694999999999995e-05	5.12348e-05	0.0	0.0	5.2946400000000005e-05	0.0	0.0	0.0	0.00011093399999999999	0.00044901999999999995	0.013061900000000001	0.0202901	0.0	0.0	0.0	0.0	0.0	0.0	0.0	0.0	0.0	0.0	0.0	0.0	0.0	0.0	0.0	0.0	0.00021348	0.000576783	0.00942284	0.00022197999999999999	7.496409999999999e-05	0.000835412	0.010388399999999999	0.00109147	0.012875000000000001	0.0	0.0	0.0	8.317249999999999e-05	0.000252774	0.000341472	0.011588	0.0	0.0	0.0	0.0	0.0	0.0	0.0	0.0	0.00038863600000000004	0.00846635	0.0	0.0	0.0	0.0	0.00283847	0.00010654100000000001	0.0	0.00021886800000000002	0.000443599	0.0	0.0	0.0	0.0	0.0	0.0	0.00012195999999999999	0.000618292	0.000125404	0.00012717000000000002	0.00103151	0.009417169999999999	0.0	0.0	0.000136527	0.0013853	0.013635000000000001	0.000142643	0.000144741	0.00044070499999999995	0.0071585600000000004	0.0	0.0016908199999999998	0.0129516	0.000158429	0.000643692	0.00457615	0.000166086	0.0	0.0	0.0	0.0	0.0	0.0	0.0	0.0	0.0	0.0	0.0
Sor-CPnd_055-Ex1-7G-lcwgs-1-3.clmp.r1r2_fastp	0.0	0.008472529999999999	0.000536991	0.0262171	0.000274462	1.19331e-05	1.19331e-05	0.0	0.0	0.0	1.19331e-05	1.19331e-05	2.3866300000000002e-05	1.19331e-05	0.0	4.7732600000000004e-05	0.00038186000000000003	0.0101432	0.000107398	7.15988e-05	0.0	0.0	0.0	0.0	0.0	0.0	4.7732600000000004e-05	0.00218376	2.3866300000000002e-05	3.57994e-05	0.0	0.0	0.0	0.0	0.0	1.20236e-05	0.0	0.0	2.4328300000000002e-05	1.2221500000000001e-05	1.2283900000000001e-05	0.0	0.0	1.25025e-05	1.2585500000000002e-05	0.0	1.2765799999999999e-05	1.2861599999999999e-05	1.2962099999999999e-05	0.0	0.0	1.32856e-05	0.0	0.0	1.36416e-05	2.7534199999999998e-05	9.72646e-05	0.000953816	0.0132254	0.0239758	0.0	0.0	0.0	0.0	4.50944e-05	0.0	0.0	0.0	1.56768e-05	1.58464e-05	0.0	0.0	1.63774e-05	0.0	0.0	5.08082e-05	0.000119912	0.000970259	0.0111103	0.00019497900000000002	0.000161364	0.0007435850000000001	0.0119439	0.0009095329999999999	0.015530900000000002	1.8998e-05	0.0	0.0	3.93476e-05	5.97231e-05	0.0005640479999999999	0.0101313	0.0	0.0	0.0	0.0	0.0	2.19048e-05	2.2170799999999998e-05	2.2443100000000002e-05	0.00061339	0.0079574	0.0	0.0	0.0	2.4167600000000002e-05	0.00137042	4.9566499999999994e-05	0.0	0.0	0.000154491	0.0	0.0	0.0	0.0	0.0	2.7847199999999997e-05	2.8219800000000004e-05	0.00048617600000000006	0.0	0.000176279	0.000804173	0.00878586	0.0	6.20774e-05	0.00015738000000000001	0.0009575759999999999	0.013726200000000001	0.00022986899999999998	6.662680000000001e-05	0.000912537	0.009430609999999999	0.000174007	0.00102413	0.0125099	3.63862e-05	0.000554244	0.0039028500000000002	0.0	3.87615e-05	0.0	0.0	0.0	8.28288e-05	4.20531e-05	0.0	0.0	0.0	0.0	0.0
Sor-CPnd_058-Ex1-2G-lcwgs-1-3.clmp.r1r2_fastp	0.0	0.0105105	0.00063369	0.0238836	0.000196662	6.55541e-05	2.18514e-05	0.0	0.0	2.18514e-05	0.0	2.18514e-05	0.0	4.37028e-05	0.0	2.18514e-05	0.00048072999999999996	0.00852204	4.37028e-05	8.740549999999999e-05	0.0	0.0	0.0	0.0	0.0	0.0	6.55541e-05	0.0021195800000000002	0.0	2.18514e-05	0.0	0.0	0.0	2.18709e-05	0.0	0.0	2.19544e-05	0.0	0.0	0.0	0.0	0.0	0.0	2.2321e-05	2.23953e-05	0.0	0.0	0.0	4.55019e-05	0.0	0.0	2.30805e-05	0.0	2.33297e-05	2.34651e-05	0.0	4.75048e-05	0.0006454400000000001	0.011334	0.0199641	0.0	4.91486e-05	0.0	2.4952700000000003e-05	0.0	0.0	0.0	0.0	7.809209999999999e-05	5.25415e-05	0.0	0.0	0.0	0.0	0.0	2.7883800000000002e-05	0.0	0.000598314	0.00930417	0.000203902	0.000147309	0.00041729600000000005	0.0100127	0.0007935910000000001	0.0122946	0.0	0.0	0.0	6.49429e-05	3.2893000000000005e-05	0.000233259	0.00881269	0.0	0.0	0.0	0.0	0.0	0.0	0.0	0.0	0.000650058	0.00570255	0.0	0.0	0.0	0.0	0.000960533	0.0	0.0	0.000131076	0.00026620699999999997	0.0	0.0	0.0	0.0	0.0	0.0	4.95276e-05	0.000352341	5.1155599999999995e-05	0.000103968	0.00042266499999999997	0.00660547	0.0	0.0	5.64479e-05	0.00045915900000000005	0.0106807	0.000118741	0.0	0.00036869400000000003	0.0071903900000000005	0.0	0.000712142	0.00948637	6.70488e-05	0.000614407	0.00396305	0.0	0.0	7.36509e-05	0.0	0.0	0.0	0.0	0.0	0.0	0.0	0.0	0.0
Sor-CPnd_063-Ex1-7D-lcwgs-1-3.clmp.r1r2_fastp	0.0	0.00823892	0.000852669	0.0257826	0.00023448399999999997	2.13167e-05	0.0	0.0	0.0	0.0	2.13167e-05	5.32918e-05	5.32918e-05	7.46085e-05	1.06584e-05	0.00010658400000000001	0.00058621	0.0100935	6.39502e-05	6.39502e-05	0.0	0.0	0.0	0.0	0.0	1.06584e-05	8.52669e-05	0.00243011	0.0	1.06584e-05	0.0	0.0	0.0	1.06773e-05	1.07007e-05	0.0	1.07614e-05	3.23956e-05	2.16805e-05	1.08865e-05	1.09369e-05	1.09911e-05	0.0	1.11135e-05	2.23641e-05	0.0	0.0	1.14121e-05	1.14963e-05	1.15839e-05	0.0	3.53087e-05	0.0	0.0	1.2072100000000001e-05	1.21787e-05	0.000122888	0.0006820600000000001	0.013317	0.0235367	0.0	0.0	0.0	0.0	1.32649e-05	0.0	0.0	0.0	2.7643499999999997e-05	0.0	0.0	0.0	1.44268e-05	0.0	2.9494000000000003e-05	4.47337e-05	7.53951e-05	0.000686209	0.011165	0.00012477900000000002	0.000141974	0.000686068	0.011814	0.000848922	0.016017200000000002	0.0	0.0	0.0	1.7286e-05	1.74871e-05	0.0004953830000000001	0.0103448	0.0	0.0	0.0	0.0	0.0	0.0	0.0	0.0	0.000517388	0.00868084	0.0	0.0	2.0888900000000003e-05	0.000211455	0.00177662	0.000108355	2.1940800000000002e-05	4.4433e-05	8.9984e-05	0.0	0.0	2.33629e-05	2.3663700000000002e-05	0.0	0.0	2.45996e-05	0.00044858999999999996	5.05069e-05	0.00012794800000000002	0.00046677299999999997	0.008567430000000001	0.0	8.10097e-05	5.475499999999999e-05	0.0007771739999999999	0.013422	0.00025682600000000004	0.000173633	0.000763165	0.00884338	9.06352e-05	0.0009809460000000001	0.012505	6.31376e-05	0.000608852	0.00468513	0.0	0.0	0.000102397	0.0	3.52941e-05	0.000179128	0.0	0.0	3.75164e-05	0.0	0.0	0.0
Sor-CPnd_066-Ex1-8B-lcwgs-1-3.clmp.r1r2_fastp	0.0	0.00913037	0.0011413	0.027771499999999998	0.000380432	0.0	0.0	0.0	0.0	0.0	0.0	0.0	0.0	0.0	0.0	0.0	0.000380432	0.00913037	0.0	0.0	0.0	0.0	0.0	0.0	0.0	0.0	0.000380432	0.0026630200000000003	0.0	0.0	0.0	0.0	0.0	0.0	0.0	0.0	0.0	0.0	0.0	0.0	0.0	0.0	0.0	0.0	0.0	0.0	0.0	0.0	0.0	0.0	0.0	0.0	0.0	0.0	0.0	0.0	0.0	0.00257719	0.022060299999999998	0.0396554	0.0	0.0	0.0	0.0	0.0	0.0	0.0	0.0	0.0	0.0	0.0	0.0	0.0	0.0	0.0	0.0	0.0	0.00100436	0.0182316	0.000510764	0.0	0.0010396	0.0183485	0.0010574999999999998	0.0282739	0.0	0.0	0.0	0.000552395	0.0011149600000000001	0.000562325	0.0215512	0.0	0.0	0.0	0.0	0.0	0.0	0.0	0.0	0.00122914	0.015501800000000001	0.0	0.0	0.0	0.0006436370000000001	0.00129894	0.0	0.0	0.0	0.0	0.0	0.0	0.0	0.0	0.0	0.0	0.0	0.0	0.0	0.0	0.0	0.0174647	0.0	0.0	0.0	0.00237329	0.0207932	0.0008082699999999999	0.0	0.00165086	0.0166835	0.0	0.0	0.025012299999999998	0.0	0.00088294	0.0053582000000000005	0.0	0.0	0.0	0.0	0.0	0.0009619079999999999	0.0	0.0	0.0	0.0	0.0	0.0
Sor-CPnd_069-Ex1-6B-lcwgs-1-3.clmp.r1r2_fastp	0.0	0.0129541	0.00170448	0.0410079	0.000280738	0.0	0.0	0.0	0.0	0.0	0.0	2.0052700000000002e-05	4.01055e-05	4.01055e-05	0.0	0.000100264	0.000842215	0.0173055	8.0211e-05	0.000140369	0.0	0.0	0.0	0.0	2.0052700000000002e-05	0.0	0.000200527	0.0047123899999999995	0.0	4.01055e-05	0.0	0.0	0.0	0.0	0.0	2.0141e-05	6.05456e-05	4.04542e-05	0.0	0.0	2.0388e-05	0.0	0.0	2.05913e-05	0.0	0.0	0.0	0.0	6.303150000000001e-05	0.0	0.0	0.0	0.0	0.0	2.16046e-05	6.51324e-05	0.000283655	0.00146929	0.026253399999999996	0.0450651	0.0	0.0	0.0	0.0	0.0	0.0	0.0	0.0	2.3258499999999998e-05	0.00011694500000000001	0.0	0.0	0.0	0.0	2.4081499999999996e-05	4.84543e-05	0.000194983	0.00132415	0.0202063	9.929400000000002e-05	0.000249765	0.00150796	0.0222551	0.00213743	0.029675600000000003	2.57667e-05	2.59267e-05	2.6089099999999997e-05	2.62509e-05	5.2831300000000004e-05	0.00122277	0.019286300000000003	0.0	0.0	0.0	0.0	0.0	0.0	0.0	2.8158600000000002e-05	0.0012472499999999999	0.0160674	0.0	2.89295e-05	2.91291e-05	0.000175997	0.00316068	0.000208238	8.98881e-05	0.0	0.000121593	0.0	0.0	0.0	0.0	0.0	0.0	0.000160308	0.000549356	0.0	0.000164204	0.00105954	0.0163926	0.0	3.3960699999999995e-05	0.00010275900000000001	0.00169284	0.0242911	0.000316467	3.54844e-05	0.00114581	0.0160083	0.00014589399999999998	0.0015832799999999998	0.022008100000000003	0.00015013	0.0013267399999999999	0.00712381	3.87012e-05	0.0	7.91359e-05	0.0	0.0	0.00012271	0.0	8.35379e-05	4.22082e-05	0.0	0.0	0.0
Sor-CPnd_072-Ex1-8C-lcwgs-1-3.clmp.r1r2_fastp	0.0	0.0144031	0.00209544	0.045304699999999996	0.000472096	0.000107671	0.0	0.0	0.0	0.0	8.28239e-06	0.0	8.28239e-05	0.000149083	8.28239e-06	0.000140801	0.00120095	0.019645799999999998	3.31296e-05	9.11063e-05	0.0	0.0	0.0	0.0	1.65648e-05	2.48472e-05	0.000240189	0.00501913	4.1411899999999996e-05	4.9694299999999996e-05	0.0	0.0	0.0	0.0	8.306619999999999e-06	8.32111e-06	0.0	3.3423699999999996e-05	8.375930000000001e-06	8.3972e-06	0.0	0.0	0.0	1.69912e-05	8.52331e-06	1.7104700000000002e-05	8.58232e-06	1.72263e-05	2.5934500000000004e-05	8.67711e-06	2.61302e-05	1.74881e-05	8.778430000000001e-06	2.6440400000000002e-05	8.84917e-05	6.219770000000001e-05	0.000347962	0.00232056	0.0311057	0.0544793	0.0	0.0	9.15482e-06	9.195529999999999e-06	9.236769999999999e-06	0.0	0.0	2.8093800000000002e-05	7.52668e-05	8.507729999999999e-05	0.0	9.54369e-06	0.0	9.63722e-06	4.84262e-05	4.86687e-05	0.00019565700000000001	0.00221228	0.0234313	0.000278122	0.000279551	0.00227788	0.025517900000000003	0.00302105	0.032964	0.0	0.0	0.0	0.00010402199999999999	0.00013593	0.00151358	0.0232659	0.0	0.0	0.0	1.0790199999999999e-05	3.25437e-05	1.09057e-05	2.19293e-05	0.000143318	0.0017292400000000002	0.020487500000000002	0.0	3.38156e-05	6.801600000000001e-05	0.000285016	0.0037379200000000005	0.00013839499999999998	1.15999e-05	0.000140023	9.39067e-05	0.0	0.0	0.0	0.0	1.2102599999999998e-05	1.21791e-05	6.12854e-05	0.000912854	7.44937e-05	0.000249955	0.00208845	0.0184921	2.55042e-05	0.000128405	0.00020687600000000002	0.00304677	0.0303558	0.000198113	0.00017295399999999998	0.00219801	0.020523899999999998	0.000231278	0.0029473999999999998	0.0282921	0.00019492100000000003	0.00152988	0.00926969	1.4273300000000001e-05	0.0	4.36154e-05	1.46947e-05	0.0	0.000224073	3.0120000000000003e-05	3.0391500000000002e-05	3.06519e-05	0.0	0.0	0.0
