Sample	1	2	3	4	5	6	7	8	9	10	11	12	13	14	15	16	17	18	19	20	21	22	23	24	25	26	27	28	29	30	31	32	33	34	35	36	37	38	39	40	41	42	43	44	45	46	47	48	49	50	51	52	53	54	55	56	57	58	59	60	61	62	63	64	65	66	67	68	69	70	71	72	73	74	75	76	77	78	79	80	81	82	83	84	85	86	87	88	89	90	91	92	93	94	95	96	97	98	99	100	101	102	103	104	105	106	107	108	109	110	111	112	113	114	115	116	117	118	119	120	121	122	123	124	125	126	127	128	129	130	131	132	133	134	135	136	137	138	139	140	141	142	143	144	145	146	147	148	149	150
Sor-CPnd_001-Ex1-3E-lcwgs-1-3.clmp.r1r2_fastp	55.2874	38.093199999999996	37.389	36.8336	37.7073	34.277	34.7517	36.78	37.7652	36.274699999999996	40.919200000000004	40.3279	39.939099999999996	39.332499999999996	39.1921	38.7033	39.2099	38.8817	39.228699999999996	39.130900000000004	39.4493	39.0427	39.2239	38.683800000000005	38.874199999999995	38.6851	38.6349	38.4823	38.8863	38.5452	39.056200000000004	38.8856	39.0274	38.7277	38.9675	38.6503	38.8357	38.5575	38.6789	38.506299999999996	38.9594	38.5367	38.8836	38.6955	38.663399999999996	38.489200000000004	38.6475	38.393699999999995	38.5934	38.5127	38.6164	38.5583	38.786	38.528	38.6483	38.604699999999994	38.696799999999996	38.4017	38.7101	38.3686	38.7875	38.5633	38.5471	38.5218	38.685399999999994	38.3955	38.610499999999995	38.4889	38.581500000000005	38.3303	38.6913	38.439800000000005	38.723600000000005	38.563399999999994	38.5362	38.4872	38.6397	38.3712	38.6718	38.4581	38.662600000000005	38.5405	38.6388	38.4639	38.5892	38.522400000000005	38.5567	38.3294	38.6633	38.401	38.638	38.609300000000005	38.6507	38.5216	38.6633	38.4554	38.576899999999995	38.438	38.5171	38.4086	38.6534	38.3956	38.5938	38.603	38.561	38.5368	38.550000000000004	38.3279	38.564	38.351600000000005	38.5347	38.460100000000004	38.6331	38.485	38.6333	38.557	38.5786	38.3563	38.552	38.2802	38.5529	38.4574	38.5099	38.5007	38.675	38.466499999999996	38.6176	38.4218	38.5311	38.299299999999995	38.552	38.368	38.5901	38.6138	38.5679	38.5766	38.706	38.453199999999995	38.657799999999995	38.5556	38.6667	38.690400000000004	38.7713	38.712	38.8947	38.834999999999994	38.791199999999996	38.7528	38.830799999999996	38.455
Sor-CPnd_002-Ex1-5E-lcwgs-1-3.clmp.r1r2_fastp	54.9859	40.2172	38.2401	37.6998	38.5575	35.405300000000004	36.0425	38.3634	39.131	37.3305	41.9007	41.2119	40.7701	40.1484	40.064699999999995	39.574	40.0884	39.6678	40.1273	39.9608	40.2035	39.8167	40.0881	39.507	39.7902	39.6382	39.6396	39.3876	39.8357	39.4576	39.9056	39.7868	39.8899	39.5501	39.877	39.4769	39.697700000000005	39.4286	39.5379	39.3553	39.7906	39.3088	39.6382	39.501	39.5261	39.2328	39.503899999999994	39.1832	39.4353	39.2759	39.428999999999995	39.2754	39.5696	39.230199999999996	39.4505	39.3388	39.4491	39.1248	39.4853	39.1055	39.501	39.311299999999996	39.2958	39.262	39.5048	39.1341	39.3702	39.2764	39.3666	39.0989	39.4698	39.1738	39.4457	39.2549	39.303399999999996	39.244099999999996	39.4196	39.0939	39.3996	39.216699999999996	39.4309	39.2156	39.3874	39.1735	39.3221	39.2627	39.3316	39.0669	39.4125	39.1372	39.337	39.3116	39.3532	39.2017	39.3577	39.160000000000004	39.3424	39.1897	39.2312	39.1211	39.4162	39.1577	39.314	39.3136	39.263799999999996	39.179	39.3073	39.0917	39.313900000000004	39.085	39.186	39.1341	39.3345	39.2433	39.3225	39.3083	39.293800000000005	39.1147	39.2497	39.0619	39.2944	39.1482	39.2123	39.2357	39.3904	39.1719	39.2282	39.1547	39.2224	39.0176	39.3486	39.0917	39.2554	39.2562	39.2641	39.3293	39.4157	39.1895	39.3446	39.2034	39.399499999999996	39.4086	39.5522	39.3833	39.5621	39.5824	39.4252	39.4264	39.5451	39.1231
Sor-CPnd_003-Ex1-2B-lcwgs-1-3.clmp.r1r2_fastp	56.1577	39.043499999999995	38.7927	37.355199999999996	38.3416	35.4715	36.1778	38.1194	39.065	37.0433	42.0082	41.4883	40.9282	40.307500000000005	40.1895	39.6197	40.1757	39.7805	40.1826	40.0927	40.3173	39.8532	40.124700000000004	39.5279	39.738	39.5084	39.5424	39.3717	39.7805	39.4337	39.9159	39.717200000000005	39.9182	39.5581	39.8357	39.460499999999996	39.6856	39.381899999999995	39.5722	39.329	39.8183	39.3614	39.731100000000005	39.522	39.5359	39.3158	39.5038	39.257799999999996	39.4721	39.3917	39.4898	39.366099999999996	39.6692	39.3166	39.5746	39.4448	39.5786	39.2326	39.5729	39.237100000000005	39.6174	39.4586	39.439600000000006	39.358	39.5656	39.293299999999995	39.495200000000004	39.4164	39.4698	39.2376	39.5758	39.3496	39.5989	39.4079	39.4703	39.4216	39.545	39.2884	39.5314	39.3311	39.5782	39.3657	39.576299999999996	39.3614	39.5002	39.415499999999994	39.4572	39.198100000000004	39.6184	39.31	39.5146	39.4972	39.5557	39.4521	39.5914	39.3302	39.5466	39.3623	39.4635	39.325700000000005	39.597500000000004	39.2968	39.6028	39.5334	39.514700000000005	39.4071	39.546	39.2667	39.5122	39.2895	39.4906	39.3273	39.5809	39.4536	39.563199999999995	39.5347	39.535	39.3144	39.5246	39.232499999999995	39.5934	39.366	39.4654	39.4373	39.678999999999995	39.3841	39.5678	39.3797	39.501599999999996	39.2681	39.5304	39.3553	39.5308	39.5595	39.5196	39.5395	39.6553	39.358599999999996	39.6071	39.4981	39.622299999999996	39.5278	39.7444	39.6192	39.811800000000005	39.785399999999996	39.6883	39.608	39.7147	39.279799999999994
Sor-CPnd_004-Ex1-1G-lcwgs-1-3.clmp.r1r2_fastp	54.49119999999999	39.5794	37.5367	36.8093	38.3167	36.0513	35.942800000000005	37.5308	38.276900000000005	36.6175	41.0865	40.4414	40.097500000000004	39.5587	39.441199999999995	38.9531	39.523	39.0924	39.4991	39.402	39.603699999999996	39.178200000000004	39.4878	38.9202	39.1387	38.9444	38.9366	38.6867	39.1519	38.7546	39.191700000000004	39.0633	39.2076	38.9251	39.2102	38.834999999999994	39.0497	38.7951	38.9147	38.7075	39.1942	38.6869	39.0417	38.8856	38.8996	38.6803	38.9245	38.595	38.839800000000004	38.6792	38.841	38.7084	39.0148	38.7	38.9147	38.807399999999994	38.887	38.5873	38.9376	38.5508	38.937	38.7906	38.8024	38.690999999999995	38.954499999999996	38.6219	38.830999999999996	38.6766	38.849000000000004	38.5374	38.8966	38.6598	38.8912	38.7646	38.739000000000004	38.746199999999995	38.901799999999994	38.583	38.912200000000006	38.7257	38.8845	38.6783	38.9204	38.670700000000004	38.8776	38.7746	38.812000000000005	38.5253	38.9484	38.6541	38.8388	38.8324	38.8542	38.7943	38.9365	38.710499999999996	38.9017	38.7376	38.7604	38.6794	38.9279	38.6586	38.8511	38.9149	38.7874	38.7697	38.9009	38.6971	38.832100000000004	38.7351	38.8177	38.732	38.8907	38.8017	38.9041	38.8582	38.911	38.7177	38.873999999999995	38.6552	38.879599999999996	38.8114	38.85	38.8361	38.9774	38.7952	38.9301	38.769999999999996	38.8953	38.7021	38.9525	38.7237	38.9156	38.969300000000004	38.8717	38.9865	39.0734	38.8337	38.9731	38.9745	39.0893	39.0172	39.2264	39.082499999999996	39.2889	39.266400000000004	39.1277	39.1167	39.2572	38.842999999999996
Sor-CPnd_005-Ex1-3D-lcwgs-1-3.clmp.r1r2_fastp	55.4709	38.431599999999996	38.3035	37.2501	38.2284	35.0037	35.8384	37.201699999999995	38.0685	36.5573	41.1092	40.582499999999996	40.2085	39.685700000000004	39.5257	39.0718	39.671099999999996	39.325700000000005	39.6416	39.623999999999995	39.7642	39.4147	39.589400000000005	39.0566	39.2209	38.9796	38.9938	38.8075	39.1454	38.8617	39.2961	39.153999999999996	39.284	39.062599999999996	39.265	38.9315	39.1421	38.9355	39.000800000000005	38.8279	39.299299999999995	38.9161	39.1888	39.0323	39.063900000000004	38.8722	39.0434	38.7534	39.0245	38.9025	38.966699999999996	38.9137	39.1289	38.881	39.080999999999996	39.006800000000005	39.0802	38.752199999999995	39.088	38.7573	39.1266	39.0241	38.9698	38.8934	39.132600000000004	38.7963	39.0139	38.9033	38.946	38.7922	39.044000000000004	38.9123	39.1145	38.9791	39.0187	38.9053	39.0725	38.8326	39.0608	38.8976	39.0882	38.911699999999996	39.1301	38.9288	39.0658	38.9714	38.9878	38.7886	39.1588	38.8194	39.1128	39.083400000000005	39.0635	38.9476	39.1211	39.0067	39.024	39.0045	38.992900000000006	38.921299999999995	39.1194	38.9407	39.0917	39.103300000000004	39.0111	38.9998	39.0654	38.8974	39.0754	38.899	39.0378	38.9604	39.1817	39.0168	39.183	39.128600000000006	39.1066	38.9033	39.175900000000006	38.8154	39.1464	38.981700000000004	39.091300000000004	39.0771	39.1338	39.0374	39.178200000000004	39.0794	39.1141	38.955400000000004	39.1218	39.0259	39.1847	39.226299999999995	39.1478	39.1971	39.287	39.1611	39.266400000000004	39.1231	39.3235	39.2218	39.4688	39.3842	39.4474	39.4711	39.453700000000005	39.2958	39.5219	39.1264
Sor-CPnd_006-Ex1-2D-lcwgs-1-3.clmp.r1r2_fastp	54.95910000000001	39.22	37.8745	36.9674	38.1708	35.0781	35.9154	37.755	38.5842	36.690400000000004	41.401700000000005	40.8311	40.3703	39.765699999999995	39.630900000000004	39.1312	39.6415	39.2502	39.6004	39.5468	39.7373	39.2948	39.5653	39.0327	39.2222	39.0148	39.0658	38.818999999999996	39.2327	38.907799999999995	39.324799999999996	39.198	39.3319	39.0513	39.2971	38.9439	39.1417	38.8641	39.0394	38.8116	39.266400000000004	38.839400000000005	39.1474	38.9659	38.953500000000005	38.7738	38.954699999999995	38.6827	38.907199999999996	38.7894	38.934400000000004	38.8012	39.0501	38.762600000000006	38.9649	38.8566	38.9725	38.6527	38.969300000000004	38.6732	38.9877	38.8971	38.8529	38.7701	38.9569	38.7124	38.878299999999996	38.784	38.851	38.6549	38.949099999999994	38.7353	38.9581	38.845200000000006	38.848	38.7887	38.9336	38.6691	38.9067	38.769	38.9627	38.777499999999996	38.9293	38.764199999999995	38.8905	38.8356	38.855000000000004	38.6451	38.958	38.691900000000004	38.861200000000004	38.8832	38.891799999999996	38.811299999999996	38.9766	38.7795	38.874199999999995	38.7814	38.7961	38.6712	38.9229	38.7688	38.878800000000005	38.9298	38.878	38.8056	38.9499	38.704699999999995	38.8685	38.728899999999996	38.8991	38.7819	38.9462	38.8094	38.9572	38.9137	38.9109	38.733200000000004	38.9364	38.6798	38.9354	38.777899999999995	38.8629	38.8776	39.04	38.8155	38.9175	38.8754	38.8977	38.7487	38.9451	38.7936	38.9129	38.9574	38.974599999999995	39.0062	39.0644	38.913399999999996	39.0561	38.987300000000005	39.1077	39.0878	39.2252	39.1428	39.3145	39.2834	39.1868	39.1507	39.257799999999996	38.8146
Sor-CPnd_007-Ex1-1C-lcwgs-1-3.clmp.r1r2_fastp	56.9848	40.0777	39.536100000000005	38.160500000000006	39.4232	37.2254	36.8625	39.0377	40.0542	37.7883	42.9523	42.5753	42.0869	41.3904	41.2493	40.6475	41.2236	40.7699	41.2655	41.182	41.2639	40.9275	41.1624	40.5543	40.8422	40.577400000000004	40.622	40.3893	40.834399999999995	40.4585	41.0274	40.760200000000005	40.9756	40.6194	40.9201	40.4803	40.7949	40.4597	40.6023	40.3845	40.875099999999996	40.347	40.8058	40.5499	40.6112	40.3191	40.657	40.2418	40.5567	40.396	40.5386	40.381499999999996	40.7132	40.3412	40.577400000000004	40.4054	40.6111	40.2691	40.5746	40.2001	40.6156	40.4679	40.442499999999995	40.3239	40.6221	40.2299	40.4356	40.4067	40.4635	40.202	40.5996	40.3082	40.5649	40.3924	40.4092	40.365	40.5087	40.2522	40.519	40.334399999999995	40.497	40.3259	40.5186	40.294799999999995	40.510400000000004	40.3509	40.4609	40.2074	40.607	40.1564	40.533500000000004	40.4722	40.4754	40.275	40.5092	40.2432	40.4162	40.286300000000004	40.3647	40.2393	40.488800000000005	40.2128	40.4758	40.4702	40.3688	40.300399999999996	40.4734	40.2127	40.4436	40.2039	40.379599999999996	40.2293	40.4961	40.3731	40.5483	40.4499	40.495599999999996	40.191300000000005	40.4623	40.218199999999996	40.4436	40.2735	40.3013	40.4229	40.5569	40.3176	40.4305	40.3083	40.4366	40.1214	40.484700000000004	40.2513	40.460499999999996	40.3976	40.476600000000005	40.4745	40.5393	40.248400000000004	40.6207	40.374300000000005	40.4818	40.3708	40.667500000000004	40.5692	40.7196	40.596199999999996	40.6273	40.5096	40.602199999999996	40.3433
Sor-CPnd_008-Ex1-1A-lcwgs-1-3.clmp.r1r2_fastp	56.9523	37.1232	39.5047	37.3176	37.7717	34.5216	34.9408	37.3791	38.6548	36.1423	41.8663	41.7181	41.0416	40.2707	40.158899999999996	39.5477	40.0005	39.6738	39.983999999999995	39.853699999999996	40.1565	39.6878	39.8756	39.3241	39.529399999999995	39.195600000000006	39.275	39.1422	39.5398	39.2478	39.6845	39.5436	39.772200000000005	39.4576	39.6594	39.3801	39.5327	39.2168	39.448699999999995	39.2316	39.7269	39.3224	39.678999999999995	39.443400000000004	39.513999999999996	39.2926	39.4885	39.2016	39.4646	39.326499999999996	39.5268	39.3885	39.685199999999995	39.4091	39.5782	39.4379	39.588	39.2941	39.6383	39.284	39.651599999999995	39.4453	39.5173	39.4356	39.637699999999995	39.3093	39.58	39.4202	39.548899999999996	39.265899999999995	39.6616	39.3926	39.6351	39.4395	39.5483	39.4341	39.582699999999996	39.304	39.5881	39.378	39.6312	39.4245	39.6097	39.394400000000005	39.6151	39.4249	39.5062	39.2718	39.6534	39.293099999999995	39.587	39.5246	39.602900000000005	39.4876	39.6198	39.401399999999995	39.5775	39.379	39.5212	39.330799999999996	39.643	39.3744	39.6196	39.543	39.558	39.4448	39.5921	39.3219	39.537800000000004	39.3382	39.5351	39.361000000000004	39.6765	39.4899	39.6224	39.5484	39.5488	39.3622	39.5693	39.265899999999995	39.5428	39.388400000000004	39.5665	39.4688	39.657199999999996	39.4372	39.6075	39.4123	39.577	39.2919	39.569700000000005	39.3444	39.5956	39.5622	39.5927	39.5764	39.7081	39.4685	39.6552	39.528600000000004	39.6779	39.57	39.798	39.667	39.895399999999995	39.8073	39.7526	39.691500000000005	39.8414	39.3696
Sor-CPnd_009-Ex1-6A-lcwgs-1-3.clmp.r1r2_fastp	54.989900000000006	38.737500000000004	37.8502	37.0171	37.9791	34.883199999999995	35.2175	37.7994	38.8565	36.5474	41.6867	41.4023	40.7536	40.1133	39.920899999999996	39.3686	39.8754	39.4638	39.8534	39.7961	40.0334	39.5961	39.855000000000004	39.2605	39.475	39.237899999999996	39.2973	39.0859	39.547900000000006	39.1895	39.6251	39.467	39.657199999999996	39.3357	39.5908	39.2273	39.4239	39.1626	39.330799999999996	39.1177	39.5941	39.139	39.5124	39.3258	39.3236	39.1041	39.3185	39.043	39.2618	39.1406	39.2966	39.1452	39.4426	39.124700000000004	39.3321	39.2421	39.316	39.0094	39.335	39.0072	39.3992	39.2342	39.2408	39.1639	39.3761	39.0453	39.278	39.1835	39.251200000000004	39.0364	39.376	39.1528	39.37	39.2247	39.2636	39.152100000000004	39.3236	39.073600000000006	39.3459	39.1334	39.394	39.1459	39.3427	39.142900000000004	39.3484	39.231100000000005	39.2547	39.0083	39.427299999999995	39.1002	39.326	39.3092	39.3803	39.271899999999995	39.401199999999996	39.1858	39.3629	39.1798	39.282000000000004	39.1265	39.3981	39.1851	39.367799999999995	39.375	39.3235	39.2511	39.37	39.152300000000004	39.3371	39.137	39.3301	39.216	39.474599999999995	39.2884	39.4837	39.3855	39.4027	39.1807	39.4472	39.1613	39.3951	39.240700000000004	39.3949	39.3607	39.515	39.3165	39.4557	39.3247	39.474599999999995	39.1955	39.4842	39.2692	39.475	39.4456	39.462399999999995	39.489999999999995	39.5979	39.4126	39.551199999999994	39.4471	39.6162	39.4915	39.7284	39.566	39.8363	39.7651	39.6746	39.6285	39.7822	39.3483
Sor-CPnd_010-Ex1-1H-lcwgs-1-3.clmp.r1r2_fastp	55.466800000000006	38.4919	37.6472	36.8137	38.3144	34.9988	35.6139	37.4748	38.296	36.323699999999995	41.339	40.7212	40.2933	39.7236	39.4239	39.0076	39.576	39.094899999999996	39.4186	39.391799999999996	39.5833	39.2219	39.4498	38.9395	39.1494	38.861000000000004	38.868700000000004	38.7009	38.99	38.724399999999996	39.1753	39.0075	39.204299999999996	38.893100000000004	39.1642	38.7667	39.0264	38.7138	38.873799999999996	38.6611	39.117000000000004	38.6814	39.0422	38.8573	38.9031	38.778600000000004	38.926300000000005	38.647999999999996	38.8631	38.7652	38.7911	38.7217	39.0919	38.7172	38.9092	38.8037	38.9893	38.6724	38.8897	38.6181	38.9791	38.7357	38.779599999999995	38.7634	38.9991	38.616099999999996	38.9658	38.7142	38.7409	38.6424	38.9599	38.6608	38.9632	38.7749	38.7783	38.738499999999995	39.0169	38.591300000000004	38.8857	38.7432	39.001000000000005	38.6143	38.894600000000004	38.6915	38.8686	38.8268	38.8505	38.5447	38.893299999999996	38.6231	38.800200000000004	38.7485	38.8351	38.785799999999995	38.874900000000004	38.7273	38.7955	38.7132	38.8234	38.5393	38.8615	38.585	38.839600000000004	38.8339	38.8075	38.7595	38.8081	38.6869	38.7879	38.6665	38.7413	38.7654	38.8249	38.7946	38.935199999999995	38.7894	38.8078	38.6654	38.8001	38.6685	38.852	38.6453	38.84	38.716899999999995	38.9777	38.64	38.846399999999996	38.597300000000004	38.8537	38.6059	38.8147	38.683	38.8103	38.8897	38.8748	38.9172	38.9012	38.6901	39.1728	38.7502	39.0107	39.0139	39.160000000000004	38.9764	39.1399	39.0737	39.0583	38.9917	39.2627	38.7144
Sor-CPnd_012-Ex1-5B-lcwgs-1-3.clmp.r1r2_fastp	55.4387	39.156800000000004	38.156	37.0959	38.3559	35.403800000000004	36.126200000000004	38.1467	38.9981	36.9375	41.8889	41.401199999999996	40.7968	40.1609	40.0298	39.5197	40.0221	39.590599999999995	40.0185	39.9464	40.113	39.707100000000004	39.9373	39.3851	39.5677	39.4354	39.4238	39.2409	39.6469	39.2845	39.738299999999995	39.5587	39.7017	39.422000000000004	39.7	39.2905	39.4807	39.190599999999996	39.3625	39.1121	39.6227	39.111000000000004	39.4991	39.3163	39.3253	39.1124	39.2956	38.9888	39.2213	39.1225	39.2712	39.1078	39.3592	39.0942	39.288000000000004	39.1747	39.3285	38.952799999999996	39.327400000000004	38.9478	39.3487	39.1201	39.1921	39.0946	39.3162	38.9579	39.244299999999996	39.0693	39.165499999999994	38.907799999999995	39.2612	39.0234	39.2735	39.1403	39.1726	39.0788	39.2519	38.939	39.231	39.003	39.2747	39.065	39.2817	38.9911	39.2762	39.017	39.089800000000004	38.8844	39.2333	38.9283	39.233200000000004	39.1064	39.2025	39.0995	39.2725	39.0332	39.2183	39.029599999999995	39.0941	38.940000000000005	39.2483	38.9748	39.1665	39.1452	39.1332	39.0859	39.196799999999996	38.9662	39.117000000000004	38.9758	39.0856	39.024300000000004	39.2742	39.0708	39.2562	39.170899999999996	39.1528	38.9013	39.1774	38.8344	39.165	39.0181	39.057199999999995	39.0216	39.2446	38.9898	39.1502	39.0321	39.1489	38.922200000000004	39.1548	38.961600000000004	39.1637	39.211200000000005	39.098	39.1452	39.306799999999996	39.0137	39.2223	39.1599	39.2425	39.138400000000004	39.4204	39.2564	39.4785	39.4617	39.3442	39.2487	39.4688	39.0388
Sor-CPnd_013-Ex1-7F-lcwgs-1-3.clmp.r1r2_fastp	55.3947	39.3305	38.2065	37.109700000000004	38.4588	36.248599999999996	36.0821	38.2278	38.9039	37.0419	41.7979	41.1528	40.6398	40.0927	39.919399999999996	39.4539	40.0113	39.5274	39.9471	39.8847	40.057500000000005	39.6441	39.9442	39.3438	39.5205	39.3854	39.3757	39.1858	39.5666	39.2284	39.6839	39.5105	39.6895	39.3556	39.620400000000004	39.2084	39.406400000000005	39.1243	39.2928	39.0633	39.5184	39.047	39.3614	39.2417	39.2157	39.0468	39.1967	38.8439	39.138600000000004	38.9843	39.1802	38.9441	39.250099999999996	38.9407	39.1225	39.0852	39.1271	38.786100000000005	39.170500000000004	38.8196	39.197500000000005	39.0158	39.028	38.947700000000005	39.171	38.8641	39.0253	38.9152	39.0133	38.798899999999996	39.084	38.8587	39.1054	38.953700000000005	38.9922	38.884600000000006	39.0781	38.784600000000005	39.0507	38.9208	39.036500000000004	38.8425	39.0612	38.8892	39.0129	38.878099999999996	38.9087	38.6892	39.054100000000005	38.741	38.958	38.9673	38.9617	38.8895	39.054	38.8275	38.9938	38.845600000000005	38.8357	38.7537	39.0059	38.742399999999996	38.9916	38.987100000000005	38.9036	38.8695	38.8853	38.759100000000004	38.8457	38.7273	38.8755	38.754	39.0615	38.853	39.016600000000004	38.9075	38.9776	38.6665	38.9677	38.6711	38.853	38.794000000000004	38.9174	38.7992	39.0807	38.805099999999996	38.8828	38.7759	38.9198	38.6952	38.903	38.681	38.8682	38.885	38.8842	38.9217	38.926300000000005	38.8345	38.9276	38.940200000000004	38.9689	38.928200000000004	39.1212	39.0589	39.2509	39.1142	39.0763	39.0893	39.1588	38.786500000000004
Sor-CPnd_014-Ex1-1F-lcwgs-1-3.clmp.r1r2_fastp	54.818900000000006	40.1853	38.0103	37.6591	38.5841	36.3969	35.8173	37.899699999999996	38.6565	37.1459	41.3626	40.7483	40.3544	39.8993	39.717200000000005	39.24	39.7161	39.3305	39.6918	39.6181	39.8391	39.5163	39.7997	39.254400000000004	39.4701	39.312999999999995	39.280100000000004	39.0727	39.4656	39.1257	39.5478	39.4404	39.5494	39.3086	39.5557	39.157799999999995	39.4279	39.132099999999994	39.2148	39.067	39.5057	39.0413	39.4148	39.2745	39.234700000000004	39.0242	39.2569	38.9375	39.188	39.0511	39.1881	39.0457	39.298899999999996	38.982299999999995	39.2335	39.1315	39.1962	38.8912	39.2344	38.9106	39.2755	39.1129	39.049800000000005	39.0117	39.2557	38.903	39.143699999999995	39.044000000000004	39.1047	38.87	39.2012	38.979	39.2066	39.0727	39.062599999999996	39.045	39.1681	38.9021	39.1742	38.972699999999996	39.1552	38.9738	39.1853	38.9938	39.1399	39.047	39.082699999999996	38.8588	39.2266	38.934400000000004	39.1338	39.1482	39.1239	39.049099999999996	39.1275	38.975300000000004	39.1257	38.9994	39.061800000000005	38.9197	39.210499999999996	38.9403	39.1207	39.1531	39.0792	39.062200000000004	39.1289	38.9188	39.1335	38.9409	39.0948	38.9709	39.1803	39.0441	39.1432	39.1154	39.1267	38.9327	39.1602	38.8708	39.1393	39.0204	39.022800000000004	39.0839	39.210499999999996	39.0305	39.118700000000004	39.0438	39.134	38.9504	39.1256	38.9955	39.112700000000004	39.2063	39.110299999999995	39.2008	39.294200000000004	39.0586	39.267	39.161699999999996	39.217400000000005	39.2665	39.4291	39.275999999999996	39.4558	39.3812	39.3463	39.2815	39.464	38.996900000000004
Sor-CPnd_015-Ex1-5F-lcwgs-1-3.clmp.r1r2_fastp	55.2592	40.0073	38.7667	37.731300000000005	38.7807	36.8189	36.5905	38.8885	39.527499999999996	37.451	42.283100000000005	41.5895	41.0276	40.4294	40.373799999999996	39.857	40.394999999999996	39.9452	40.3445	40.2833	40.4305	40.0098	40.3279	39.751599999999996	39.9736	39.7981	39.772400000000005	39.6126	40.0013	39.6489	40.0933	39.9185	40.098800000000004	39.7564	40.0198	39.6153	39.8712	39.568999999999996	39.707100000000004	39.5179	39.9945	39.4731	39.8252	39.698899999999995	39.6551	39.4196	39.6957	39.301	39.6	39.4865	39.5968	39.4541	39.7521	39.4414	39.605000000000004	39.5552	39.6177	39.278200000000005	39.6411	39.2435	39.698499999999996	39.4701	39.5068	39.469500000000004	39.7023	39.3441	39.5569	39.396	39.5227	39.2322	39.6064	39.3504	39.584399999999995	39.462399999999995	39.4914	39.3655	39.5516	39.2164	39.5445	39.3235	39.5179	39.3493	39.5855	39.3223	39.457	39.400600000000004	39.4206	39.1613	39.5743	39.2551	39.4968	39.4533	39.4509	39.3814	39.5536	39.2471	39.5135	39.2829	39.3422	39.2491	39.5718	39.2481	39.433800000000005	39.4418	39.3296	39.3252	39.4471	39.1783	39.3694	39.2744	39.373999999999995	39.2119	39.4853	39.366299999999995	39.4601	39.4146	39.427800000000005	39.2243	39.380700000000004	39.130900000000004	39.3673	39.2643	39.32	39.2677	39.455400000000004	39.2814	39.3585	39.287499999999994	39.461600000000004	39.1474	39.3833	39.204	39.366299999999995	39.4694	39.394400000000005	39.4188	39.5666	39.3136	39.454	39.4228	39.5304	39.3816	39.648	39.4279	39.6018	39.6391	39.56	39.530100000000004	39.651599999999995	39.211800000000004
Sor-CPnd_016-Ex1-1B-lcwgs-1-3.clmp.r1r2_fastp	56.6762	37.0969	40.6281	37.710300000000004	36.8083	34.509699999999995	34.8848	36.9741	38.3554	36.2597	41.3223	41.1754	40.5822	39.8148	39.6932	39.1426	39.6416	39.366099999999996	39.7625	39.6544	39.950599999999994	39.4538	39.658100000000005	39.047599999999996	39.232299999999995	38.9591	39.0727	38.9025	39.353100000000005	39.0641	39.550999999999995	39.3547	39.523599999999995	39.1687	39.415800000000004	39.0556	39.2811	38.9816	39.258500000000005	39.0309	39.5389	39.085	39.4651	39.1697	39.2567	38.9914	39.1946	38.9512	39.2236	39.072	39.2987	39.1481	39.4277	39.1273	39.3266	39.1445	39.313199999999995	38.996900000000004	39.383	39.0256	39.4574	39.207300000000004	39.267	39.152300000000004	39.3919	39.0114	39.2793	39.0832	39.279799999999994	39.0109	39.360800000000005	39.1335	39.3746	39.2002	39.2538	39.1457	39.31	39.0287	39.3107	39.1199	39.387499999999996	39.1684	39.3767	39.1265	39.3513	39.1352	39.2271	38.9565	39.3953	39.013799999999996	39.352599999999995	39.293299999999995	39.3621	39.2814	39.3564	39.1227	39.3075	39.037	39.2374	39.1076	39.3832	39.102199999999996	39.3912	39.242	39.3032	39.157199999999996	39.3116	39.0318	39.271699999999996	39.0704	39.2888	39.147	39.408500000000004	39.2466	39.3474	39.3052	39.297399999999996	39.0596	39.2889	38.982299999999995	39.299299999999995	39.138600000000004	39.3174	39.2644	39.3968	39.1922	39.3453	39.1385	39.2965	39.0196	39.3106	39.1361	39.3799	39.327	39.3227	39.3443	39.433800000000005	39.1503	39.372800000000005	39.2192	39.4248	39.3159	39.565	39.3737	39.6843	39.5563	39.4942	39.4268	39.553	39.1383
Sor-CPnd_017-Ex1-3G-lcwgs-1-3.clmp.r1r2_fastp	55.85679999999999	38.0217	37.7701	36.8716	37.628	35.4533	35.2819	36.8969	37.8464	36.388999999999996	41.0048	40.4736	39.9505	39.4041	39.2415	38.6714	39.250299999999996	38.7737	39.2349	39.0666	39.3657	38.9619	39.2614	38.685900000000004	38.8991	38.717400000000005	38.749	38.4909	38.9011	38.5642	38.9394	38.9376	38.9148	38.6395	38.9247	38.5253	38.7308	38.5945	38.731300000000005	38.368900000000004	38.954299999999996	38.460899999999995	38.7594	38.5516	38.695299999999996	38.337500000000006	38.7413	38.333600000000004	38.5532	38.4795	38.584	38.4489	38.6378	38.487300000000005	38.5646	38.616	38.5523	38.346999999999994	38.5992	38.3084	38.7004	38.509100000000004	38.484899999999996	38.3642	38.5932	38.4264	38.4715	38.4019	38.595400000000005	38.2323	38.5633	38.312400000000004	38.6507	38.4189	38.45	38.4702	38.5573	38.263200000000005	38.4682	38.4144	38.5667	38.4313	38.479400000000005	38.4788	38.5447	38.3463	38.469500000000004	38.2474	38.5355	38.323	38.4503	38.440000000000005	38.6451	38.5102	38.4778	38.413399999999996	38.5637	38.4121	38.3603	38.1879	38.575700000000005	38.2698	38.5749	38.4505	38.5016	38.3304	38.487300000000005	38.3054	38.516600000000004	38.245400000000004	38.4456	38.1911	38.5234	38.388600000000004	38.488499999999995	38.4788	38.4928	38.3739	38.5378	37.9338	38.5607	38.1171	38.393	38.568000000000005	38.5548	38.3609	38.550000000000004	38.5415	38.4658	38.3309	38.5863	38.396	38.3731	38.4705	38.3955	38.4637	38.7181	38.2558	38.5663	38.582699999999996	38.6051	38.5467	38.732	38.5754	38.903	38.648900000000005	38.8106	38.6285	38.811	38.252900000000004
Sor-CPnd_018-Ex1-1E-lcwgs-1-3.clmp.r1r2_fastp	55.123900000000006	39.7159	37.8474	37.952200000000005	38.7046	35.125499999999995	35.5759	37.8701	38.742900000000006	37.0493	41.518	40.9638	40.5898	39.9505	39.822	39.3091	39.791	39.45	39.791399999999996	39.650999999999996	39.9845	39.604	39.8525	39.305800000000005	39.4963	39.3827	39.3932	39.1484	39.5935	39.1853	39.6602	39.5232	39.6331	39.3542	39.635799999999996	39.236599999999996	39.506	39.1513	39.3278	39.0598	39.6243	39.042100000000005	39.5086	39.2211	39.3376	39.0315	39.2851	38.9195	39.230199999999996	38.9973	39.2337	39.052	39.3432	39.022800000000004	39.2423	39.1354	39.2487	38.9318	39.250800000000005	38.8573	39.306400000000004	39.1492	39.0912	39.053399999999996	39.2453	38.9588	39.152	39.0282	39.1363	38.8953	39.2285	38.9975	39.2498	39.0513	39.0766	39.036500000000004	39.1861	38.8711	39.2061	38.9757	39.1825	38.9858	39.1724	38.9721	39.1674	38.9714	39.0394	38.8292	39.1835	38.8844	39.1781	39.0942	39.1186	39.0409	39.2005	38.9105	39.1515	38.9148	39.0178	38.8926	39.0728	38.840599999999995	39.1165	39.1079	38.9591	38.989000000000004	39.1179	38.8306	39.0399	38.861200000000004	38.9956	38.831500000000005	39.0712	38.9095	39.0905	38.9957	39.0486	38.8176	38.990399999999994	38.723	39.0432	38.8617	38.954699999999995	38.9264	39.1167	38.8655	39.0373	38.9219	38.9704	38.7938	39.0141	38.8596	39.008199999999995	39.0338	39.0019	39.0713	39.148300000000006	38.8772	39.1152	39.0135	39.0867	39.1072	39.280300000000004	39.1304	39.2835	39.2343	39.124700000000004	39.2155	39.232099999999996	38.9594
Sor-CPnd_019-Ex1-6G-lcwgs-1-3.clmp.r1r2_fastp	55.0544	39.845000000000006	38.0923	37.4919	38.7476	36.632	36.5423	38.5203	39.2046	37.166700000000006	41.8609	41.2115	40.7418	40.1582	40.0336	39.528600000000004	40.056599999999996	39.5886	40.0266	39.9216	40.1056	39.7102	40.0539	39.426899999999996	39.6888	39.4953	39.4939	39.2616	39.7267	39.3045	39.766200000000005	39.623799999999996	39.7466	39.4437	39.758900000000004	39.3252	39.5672	39.2759	39.4193	39.1907	39.6566	39.1937	39.5126	39.3832	39.334799999999994	39.123200000000004	39.3982	39.0466	39.3241	39.1473	39.3168	39.1818	39.4452	39.1064	39.3474	39.240700000000004	39.3493	38.9795	39.3364	39.0209	39.4356	39.2346	39.2283	39.118	39.381699999999995	39.0616	39.225	39.166000000000004	39.1914	38.9999	39.3206	39.1104	39.334799999999994	39.1869	39.1885	39.1291	39.278200000000005	38.994299999999996	39.2769	39.111000000000004	39.2783	39.0944	39.3134	39.0608	39.2621	39.160000000000004	39.1936	38.9438	39.324	38.9533	39.2709	39.2409	39.245400000000004	39.1669	39.2783	39.128099999999996	39.2278	39.1258	39.1428	39.0726	39.340199999999996	39.050200000000004	39.2763	39.256299999999996	39.1886	39.1845	39.297399999999996	39.0267	39.2573	39.0366	39.2419	39.0824	39.293	39.1597	39.3066	39.226299999999995	39.259	39.061099999999996	39.2528	38.9974	39.2562	39.153	39.2237	39.1768	39.339600000000004	39.1269	39.2977	39.1947	39.2425	39.0211	39.2586	39.0643	39.2853	39.294000000000004	39.2826	39.2829	39.3381	39.2329	39.379799999999996	39.348	39.3706	39.379999999999995	39.4981	39.4264	39.632600000000004	39.5721	39.517799999999994	39.448100000000004	39.5993	39.1131
Sor-CPnd_020-Ex1-2E-lcwgs-1-3.clmp.r1r2_fastp	55.560500000000005	37.616699999999994	37.1711	36.7062	37.8133	34.1507	34.611399999999996	36.6451	37.6339	35.984300000000005	40.9229	40.2671	39.874900000000004	39.2266	39.066	38.5353	39.0419	38.6718	38.9987	38.9238	39.2445	38.8316	39.0135	38.4865	38.6829	38.4483	38.4731	38.2998	38.6731	38.3471	38.8249	38.6535	38.8231	38.529	38.8016	38.4585	38.6325	38.3443	38.506299999999996	38.278	38.7759	38.338699999999996	38.6892	38.502700000000004	38.5456	38.3245	38.5135	38.1857	38.4816	38.298300000000005	38.4895	38.3357	38.6719	38.3444	38.5329	38.4488	38.5501	38.238499999999995	38.526700000000005	38.2261	38.6222	38.4082	38.426500000000004	38.3563	38.5466	38.251200000000004	38.482499999999995	38.355	38.4424	38.2204	38.518	38.326100000000004	38.5643	38.4056	38.4092	38.3504	38.528600000000004	38.2166	38.5242	38.3215	38.516600000000004	38.3258	38.5203	38.3643	38.5158	38.359	38.4182	38.2263	38.5475	38.236799999999995	38.513799999999996	38.4548	38.4976	38.4081	38.5428	38.3902	38.515	38.3326	38.423	38.2671	38.5432	38.3229	38.5301	38.4976	38.4579	38.4416	38.478899999999996	38.3141	38.518	38.313900000000004	38.4974	38.330799999999996	38.5259	38.426	38.5647	38.5272	38.4983	38.3075	38.5653	38.2549	38.538	38.4111	38.4713	38.469500000000004	38.6121	38.434400000000004	38.5609	38.424	38.5289	38.3108	38.515	38.3554	38.5236	38.571	38.5893	38.600699999999996	38.691199999999995	38.487700000000004	38.6803	38.5932	38.721	38.6505	38.8423	38.7197	38.9502	38.8517	38.752199999999995	38.78	38.8794	38.3731
Sor-CPnd_022-Ex1-7C-lcwgs-1-3.clmp.r1r2_fastp	55.453300000000006	39.2772	37.8402	36.8154	38.1959	35.8622	35.8408	38.019	38.827600000000004	36.6004	41.7486	41.0963	40.4988	39.848	39.7603	39.2569	39.7552	39.3189	39.6907	39.637899999999995	39.8176	39.3974	39.657199999999996	39.0733	39.2548	39.0658	39.0835	38.852	39.289	38.9109	39.3932	39.209500000000006	39.3673	39.0389	39.3416	38.9047	39.1339	38.8144	39.0045	38.7309	39.2896	38.756800000000005	39.1457	38.9349	38.9703	38.7422	38.9163	38.6133	38.9033	38.7213	38.894	38.7551	39.0547	38.723200000000006	38.91	38.846199999999996	38.9012	38.5915	38.9166	38.6239	38.9762	38.8148	38.8194	38.758900000000004	38.9847	38.6158	38.8451	38.6976	38.8265	38.5824	38.9394	38.6915	38.931900000000006	38.766400000000004	38.8163	38.7291	38.884	38.6127	38.844	38.6969	38.903999999999996	38.7003	38.9045	38.6913	38.8289	38.716	38.7794	38.540600000000005	38.9094	38.6078	38.8307	38.8085	38.8835	38.7843	38.8849	38.7219	38.851400000000005	38.7146	38.758700000000005	38.5683	38.907399999999996	38.6114	38.8639	38.857	38.7604	38.7755	38.8463	38.5882	38.8289	38.6011	38.7911	38.7308	38.8495	38.7821	38.9	38.8429	38.8569	38.638099999999994	38.8381	38.5784	38.8502	38.6945	38.7924	38.8403	38.907799999999995	38.748599999999996	38.8828	38.7489	38.838	38.588699999999996	38.818599999999996	38.7117	38.866499999999995	38.9063	38.9094	38.9226	38.9867	38.7887	38.9637	38.8772	39.0191	38.9603	39.1282	39.0281	39.2374	39.1395	39.104299999999995	39.0543	39.1597	38.8198
Sor-CPnd_024-Ex1-5G-lcwgs-1-3.clmp.r1r2_fastp	55.372299999999996	39.1793	37.5602	36.8538	38.5129	36.2456	36.1903	37.8985	38.6853	36.8411	41.6453	40.963100000000004	40.517399999999995	39.9005	39.8516	39.358900000000006	39.9011	39.4301	39.7913	39.7618	39.9208	39.5546	39.839400000000005	39.3196	39.5285	39.3345	39.4067	39.0822	39.5212	39.1125	39.643499999999996	39.4104	39.5828	39.270500000000006	39.6068	39.2235	39.489000000000004	39.0633	39.2577	38.967	39.485	39.0451	39.3641	39.2252	39.224599999999995	38.9797	39.2436	38.9007	39.083400000000005	38.9561	39.1337	39.0025	39.3033	38.9797	39.203700000000005	39.1037	39.1745	38.8104	39.2149	38.859500000000004	39.2619	39.0607	39.024	38.9576	39.1695	38.859700000000004	39.1121	38.982	39.0766	38.8125	39.232499999999995	38.927299999999995	39.1698	38.967800000000004	39.058	38.939	39.155499999999996	38.7694	39.1644	38.9107	39.1264	38.9445	39.1088	38.9192	39.0967	38.9506	38.9752	38.7674	39.1197	38.9065	39.018	39.1336	39.055099999999996	38.9114	39.1261	38.9227	39.0488	38.8479	38.989000000000004	38.866	39.0781	38.8693	39.0006	39.0348	38.9908	38.9343	39.184000000000005	38.7538	39.0563	38.764900000000004	38.9115	38.8121	39.0351	38.8667	39.0943	39.0625	39.0233	38.8708	39.041199999999996	38.771499999999996	38.9965	38.7772	38.8247	38.946799999999996	39.178200000000004	38.834999999999994	39.06	38.9343	38.960699999999996	38.7272	39.012299999999996	38.852599999999995	38.964999999999996	38.986900000000006	38.9292	38.9653	39.1884	38.878099999999996	39.1108	38.9456	39.146	39.0729	39.237899999999996	39.1137	39.2425	39.2926	39.210699999999996	39.1668	39.336	38.7713
Sor-CPnd_026-Ex1-3H-lcwgs-1-3.clmp.r1r2_fastp	56.0497	37.6908	37.4176	36.3964	37.7646	34.6592	35.1994	36.9034	37.8316	36.1508	41.1018	40.4934	40.025800000000004	39.4652	39.3145	38.8067	39.3552	38.9587	39.292500000000004	39.234	39.481500000000004	39.097500000000004	39.3003	38.7481	38.9421	38.718399999999995	38.709900000000005	38.5992	38.9831	38.5992	39.0726	38.9326	39.035799999999995	38.7876	39.0566	38.6945	38.8965	38.6174	38.798	38.5681	39.0246	38.617000000000004	38.9634	38.7639	38.8005	38.603500000000004	38.7751	38.4467	38.7636	38.5767	38.7618	38.6531	38.913799999999995	38.6466	38.827	38.7205	38.827600000000004	38.5246	38.8068	38.5238	38.8486	38.6997	38.6924	38.678000000000004	38.879799999999996	38.5575	38.7526	38.6561	38.6957	38.533	38.8217	38.6129	38.842999999999996	38.6843	38.7425	38.676899999999996	38.831199999999995	38.533	38.816	38.6387	38.8101	38.6387	38.845400000000005	38.597500000000004	38.7965	38.629799999999996	38.698100000000004	38.5019	38.878800000000005	38.5415	38.7652	38.778800000000004	38.7677	38.6928	38.7999	38.626599999999996	38.7701	38.6396	38.7168	38.5655	38.8476	38.5704	38.8033	38.790400000000005	38.7434	38.6827	38.758900000000004	38.5912	38.7344	38.5381	38.7206	38.599	38.818200000000004	38.7266	38.8287	38.793	38.7698	38.602	38.76	38.502199999999995	38.771899999999995	38.6366	38.7265	38.711600000000004	38.8677	38.6746	38.7838	38.664100000000005	38.7617	38.5272	38.7534	38.615300000000005	38.7682	38.8668	38.750800000000005	38.8377	38.941900000000004	38.698100000000004	38.8852	38.808	38.866299999999995	38.876	39.010099999999994	38.9086	39.1115	39.0505	38.975100000000005	38.9702	39.070100000000004	38.6825
Sor-CPnd_027-Ex1-3C-lcwgs-1-3.clmp.r1r2_fastp	55.903499999999994	38.222699999999996	38.2363	36.8491	38.2252	35.815999999999995	35.7496	37.6045	38.4387	36.5283	41.622	41.0195	40.4011	39.8102	39.6853	39.212	39.7757	39.3298	39.7	39.6828	39.8088	39.439099999999996	39.596900000000005	39.0784	39.244099999999996	39.0174	39.0786	38.8598	39.2295	38.904300000000006	39.346	39.1619	39.3525	39.1167	39.3503	39.0255	39.252199999999995	38.9115	39.0772	38.902	39.366099999999996	38.947500000000005	39.298100000000005	39.0661	39.0929	38.9448	39.1096	38.8071	39.0946	38.9437	39.0783	39.0119	39.211400000000005	38.9611	39.168	39.0858	39.165	38.851200000000006	39.1629	38.8467	39.237899999999996	39.0362	39.0469	38.97	39.1881	38.8682	39.1205	39.0235	39.1002	38.8827	39.1872	38.9463	39.1509	39.1048	39.0693	38.979200000000006	39.172000000000004	38.9311	39.122	38.927800000000005	39.2024	38.9937	39.1814	39.0173	39.1689	39.062999999999995	39.0794	38.878099999999996	39.2137	38.921099999999996	39.1403	39.1513	39.1471	39.0636	39.196799999999996	39.014900000000004	39.1869	39.0095	39.0531	38.9844	39.234700000000004	39.0102	39.1312	39.2096	39.1412	39.083400000000005	39.2138	38.9777	39.1921	39.0264	39.137100000000004	39.0372	39.2536	39.1269	39.2403	39.2076	39.2123	38.996199999999995	39.2136	38.973400000000005	39.2471	39.1143	39.2326	39.177	39.3302	39.169	39.277699999999996	39.149	39.1938	39.049	39.2296	39.056400000000004	39.2528	39.2643	39.2787	39.2943	39.4121	39.2166	39.4229	39.271899999999995	39.3619	39.3583	39.475100000000005	39.4322	39.557900000000004	39.537	39.4918	39.4364	39.541199999999996	39.1892
Sor-CPnd_028-Ex1-3A-lcwgs-1-3.clmp.r1r2_fastp	56.026399999999995	38.138	38.2714	36.7263	38.1254	34.571000000000005	35.101	37.247400000000006	38.3608	36.284499999999994	41.5005	41.1808	40.6995	39.9516	39.8832	39.2288	39.7668	39.342	39.7331	39.6545	39.903499999999994	39.4581	39.6685	39.109300000000005	39.273799999999994	39.048100000000005	39.0779	38.8558	39.2658	38.9433	39.4052	39.2685	39.4334	39.1261	39.4034	39.0231	39.2166	38.913799999999995	39.1108	38.9199	39.352199999999996	38.9421	39.2882	39.0928	39.1361	38.9077	39.1009	38.7819	39.021899999999995	38.911	39.1075	38.9438	39.2583	38.9355	39.1106	39.0244	39.1364	38.7787	39.125	38.7898	39.1828	39.0044	39.0148	38.9504	39.191700000000004	38.8386	39.0619	38.9429	39.0074	38.8121	39.112700000000004	38.9175	39.148300000000006	38.9934	39.0851	38.9584	39.1203	38.8172	39.0835	38.908500000000004	39.1465	38.9121	39.1391	38.9566	39.0914	38.9852	39.0325	38.7652	39.181	38.794000000000004	39.109300000000005	39.0517	39.1261	38.9988	39.109500000000004	38.9511	39.1347	38.9104	39.0304	38.8296	39.155499999999996	38.9077	39.1018	39.108900000000006	39.085	38.9966	39.1141	38.8804	39.0814	38.8608	39.0418	38.9101	39.1503	39.051	39.1306	39.0916	39.1544	38.8844	39.1057	38.8376	39.0886	38.911	39.0612	39.030300000000004	39.1941	38.989000000000004	39.1303	39.0213	39.1391	38.8943	39.1487	38.9373	39.1294	39.1545	39.1078	39.141	39.293299999999995	39.0811	39.2447	39.1376	39.277	39.2301	39.4063	39.2841	39.482099999999996	39.4324	39.3383	39.2795	39.387	39.0676
Sor-CPnd_029-Ex1-8E-lcwgs-1-3.clmp.r1r2_fastp	54.163	39.005	37.030499999999996	36.5731	37.730399999999996	34.1745	34.9119	37.319	38.0982	36.152699999999996	40.9462	40.2968	39.7705	39.1952	39.0103	38.5294	39.0525	38.635999999999996	39.0153	38.9012	39.1311	38.7265	39.0103	38.4408	38.6258	38.432300000000005	38.4527	38.2622	38.6575	38.3415	38.7634	38.608	38.7586	38.4668	38.7222	38.3342	38.571299999999994	38.233200000000004	38.4164	38.2139	38.696799999999996	38.252900000000004	38.5904	38.4288	38.403	38.2381	38.3685	38.0804	38.3367	38.2022	38.3423	38.2297	38.5037	38.2299	38.3938	38.304500000000004	38.4052	38.0663	38.3691	38.0676	38.4096	38.2676	38.2471	38.2222	38.407000000000004	38.1179	38.2849	38.2168	38.277499999999996	38.053399999999996	38.380199999999995	38.101800000000004	38.384	38.229	38.2502	38.1889	38.3483	38.0732	38.3367	38.1308	38.341300000000004	38.130900000000004	38.3501	38.1289	38.318999999999996	38.1795	38.210100000000004	37.987300000000005	38.356899999999996	38.044200000000004	38.2673	38.235200000000006	38.2901	38.1793	38.3186	38.1615	38.2442	38.0936	38.183	38.049699999999994	38.2823	38.0691	38.2353	38.265100000000004	38.2275	38.136199999999995	38.2701	38.0578	38.189499999999995	38.0244	38.221199999999996	38.1055	38.2573	38.1476	38.284600000000005	38.262299999999996	38.2012	38.020399999999995	38.2525	37.9975	38.2079	38.0745	38.1633	38.190400000000004	38.282500000000006	38.1554	38.2209	38.1523	38.209700000000005	38.033699999999996	38.2322	38.0876	38.2276	38.2475	38.2393	38.2816	38.403999999999996	38.168400000000005	38.3306	38.3357	38.3561	38.3805	38.5561	38.4431	38.6145	38.5514	38.466899999999995	38.454	38.5465	38.2245
Sor-CPnd_030-Ex1-2H-lcwgs-1-3.clmp.r1r2_fastp	55.5948	38.5411	37.6606	36.7798	38.1631	35.2314	35.807	37.640499999999996	38.4277	36.5431	41.5562	40.9043	40.4046	39.764300000000006	39.6332	39.1545	39.7068	39.2768	39.677	39.5928	39.8141	39.408	39.6673	39.127	39.308	39.1552	39.12	38.9173	39.3282	38.9564	39.4461	39.2571	39.393299999999996	39.1524	39.4541	39.0372	39.2918	38.9473	39.1128	38.9166	39.4035	38.891799999999996	39.2708	39.1273	39.1438	38.9303	39.1411	38.8086	39.0822	38.9285	39.0955	38.9516	39.24	38.939800000000005	39.1565	39.0813	39.1462	38.8022	39.1879	38.8442	39.2216	39.0703	39.0333	38.9822	39.2183	38.8821	39.0717	39.0017	39.0176	38.8297	39.21	38.9546	39.1781	39.0623	39.0636	39.0528	39.1639	38.859100000000005	39.158500000000004	38.9381	39.206	38.9451	39.1301	38.9771	39.0977	38.9937	39.0422	38.8345	39.1589	38.8695	39.1273	39.110099999999996	39.0881	39.0144	39.1916	38.9835	39.0953	38.9503	39.050000000000004	38.893499999999996	39.1598	38.8974	39.1037	39.1131	39.0309	39.0186	39.1426	38.9019	39.067299999999996	38.880700000000004	39.0617	38.864399999999996	39.1682	39.0141	39.1347	39.0794	39.0944	38.8739	39.104	38.8502	39.0651	38.9531	39.1053	39.0362	39.1934	38.9637	39.1069	38.9739	39.103500000000004	38.82	39.0978	38.9032	38.9955	39.0734	39.1073	39.102	39.237300000000005	39.0126	39.1148	39.1002	39.222	39.1934	39.2737	39.2368	39.3107	39.453700000000005	39.3345	39.3156	39.387499999999996	38.8904
Sor-CPnd_031-Ex1-5D-lcwgs-1-3.clmp.r1r2_fastp	55.4244	39.1039	37.8814	36.8681	38.3416	35.0983	35.9244	37.7295	38.5581	36.6837	41.4955	40.9035	40.4458	39.886700000000005	39.7222	39.2431	39.7535	39.3444	39.7062	39.639	39.8184	39.4407	39.6923	39.183800000000005	39.3482	39.1244	39.1397	38.9658	39.3395	38.994099999999996	39.443400000000004	39.3165	39.456	39.1837	39.406600000000005	39.0598	39.2299	38.9826	39.1255	38.9255	39.4104	38.9679	39.3127	39.1268	39.132400000000004	38.9483	39.1503	38.8226	39.1018	38.9216	39.1042	38.9638	39.2286	38.945299999999996	39.1348	39.039699999999996	39.155699999999996	38.840599999999995	39.1845	38.8207	39.1927	39.035399999999996	39.0333	38.975100000000005	39.212	38.8748	39.0832	38.9636	39.0513	38.8638	39.151	38.9149	39.1667	39.035	39.0477	38.982099999999996	39.1565	38.830999999999996	39.1383	38.9465	39.1314	38.9142	39.135799999999996	38.9157	39.1058	39.0021	39.021499999999996	38.845800000000004	39.1772	38.8365	39.1029	39.0229	39.0935	39.015699999999995	39.1422	38.940200000000004	39.089600000000004	38.9236	39.0007	38.8814	39.146300000000004	38.8822	39.0886	39.0907	39.0385	39.0072	39.1192	38.882	39.0649	38.9289	39.0734	38.927499999999995	39.137499999999996	38.9955	39.1741	39.081500000000005	39.049499999999995	38.9053	39.1082	38.7956	39.0783	38.9759	39.0409	39.0199	39.1559	38.9679	39.0984	39.006299999999996	39.1096	38.8971	39.1382	38.9198	39.073	39.092	39.0976	39.1462	39.257799999999996	38.9862	39.2262	39.1213	39.2557	39.1561	39.3802	39.228	39.425399999999996	39.3955	39.2973	39.270500000000006	39.4112	39.006800000000005
Sor-CPnd_033-Ex1-2F-lcwgs-1-3.clmp.r1r2_fastp	54.8931	37.7283	37.1362	36.3409	37.678	35.368100000000005	34.9259	36.7314	37.6425	35.9522	40.9042	40.293600000000005	39.7426	39.1462	39.0347	38.504599999999996	39.056000000000004	38.6942	39.0258	39.0116	39.215	38.9032	39.0074	38.4775	38.6663	38.4426	38.518299999999996	38.281	38.6275	38.318000000000005	38.7845	38.6305	38.8143	38.506800000000005	38.7979	38.4417	38.649699999999996	38.3427	38.499100000000006	38.316	38.736	38.3423	38.6938	38.5028	38.5307	38.3	38.4406	38.2519	38.4233	38.2477	38.4756	38.384800000000006	38.5774	38.3075	38.4996	38.4209	38.538	38.168800000000005	38.5585	38.2421	38.541199999999996	38.4174	38.3813	38.3335	38.4628	38.2881	38.4538	38.3359	38.4118	38.2164	38.486599999999996	38.3627	38.5064	38.356	38.4347	38.3513	38.480799999999995	38.264700000000005	38.4546	38.306400000000004	38.5633	38.3602	38.4985	38.3383	38.4812	38.3619	38.404500000000006	38.1637	38.5488	38.2126	38.5645	38.4191	38.4761	38.3943	38.5637	38.3026	38.493300000000005	38.3615	38.3246	38.290600000000005	38.5501	38.317800000000005	38.4502	38.4971	38.4227	38.3993	38.5331	38.2405	38.4446	38.306000000000004	38.4237	38.3461	38.5454	38.4538	38.528099999999995	38.463300000000004	38.4958	38.324799999999996	38.479	38.2481	38.4425	38.386399999999995	38.3912	38.4289	38.528600000000004	38.3421	38.5056	38.3834	38.4862	38.3376	38.5055	38.3056	38.5069	38.5606	38.4981	38.5725	38.6507	38.3973	38.561099999999996	38.548500000000004	38.6243	38.5395	38.7402	38.5743	38.842999999999996	38.7729	38.719500000000004	38.8003	38.6952	38.2883
Sor-CPnd_034-Ex1-4G-lcwgs-1-3.clmp.r1r2_fastp	54.9225	40.0021	38.2344	37.5051	38.8583	36.585699999999996	36.7501	38.7813	39.407	37.337199999999996	42.0771	41.412	40.8654	40.293	40.1488	39.6535	40.2628	39.7553	40.157	40.151900000000005	40.2671	39.8959	40.2276	39.655	39.860099999999996	39.6414	39.6462	39.4279	39.8303	39.4655	39.946799999999996	39.764300000000006	39.9706	39.5916	39.8535	39.4807	39.6999	39.415	39.5184	39.335	39.7835	39.3238	39.661	39.546	39.4808	39.2984	39.4634	39.2211	39.4343	39.323	39.4164	39.2893	39.5458	39.260600000000004	39.4509	39.3776	39.469	39.1081	39.5038	39.1353	39.5063	39.3429	39.3446	39.2115	39.507799999999996	39.2291	39.3449	39.2433	39.3797	39.104	39.4426	39.2009	39.452	39.3101	39.271699999999996	39.2642	39.4047	39.1154	39.3846	39.208999999999996	39.339600000000004	39.2139	39.3757	39.258500000000005	39.2704	39.2573	39.2671	39.0926	39.3872	39.08	39.2943	39.2693	39.269	39.1986	39.3084	39.196	39.2808	39.1749	39.212599999999995	39.0831	39.3333	39.0165	39.2531	39.2962	39.1901	39.2488	39.3277	39.0417	39.255	38.968599999999995	39.3107	39.1205	39.250099999999996	39.1494	39.232499999999995	39.331700000000005	39.207	39.0621	39.259100000000004	38.9657	39.3361	39.1561	39.2648	39.1349	39.342	39.1016	39.2205	39.067	39.2495	39.1723	39.251599999999996	39.152100000000004	39.2236	39.22	39.3102	39.2005	39.401199999999996	39.2001	39.3852	39.1742	39.5022	39.345	39.4227	39.3904	39.5314	39.6219	39.4164	39.4598	39.534200000000006	39.0862
Sor-CPnd_036-Ex1-5C-lcwgs-1-3.clmp.r1r2_fastp	54.3794	39.7252	37.4448	36.8285	38.2774	36.0889	35.6451	37.7554	38.6466	36.647999999999996	41.4039	41.0156	40.5059	39.8703	39.702799999999996	39.1983	39.6724	39.2611	39.655	39.6294	39.8016	39.375	39.6471	39.109100000000005	39.2614	39.116299999999995	39.0669	38.8778	39.2748	38.9092	39.3705	39.2318	39.3414	39.0874	39.3246	38.9316	39.1683	38.8558	38.9726	38.7322	39.2137	38.7622	39.0772	38.9437	38.8827	38.6595	38.8481	38.5469	38.73	38.5991	38.7526	38.6118	38.8718	38.5944	38.7393	38.6591	38.7117	38.397	38.7005	38.4153	38.742599999999996	38.5798	38.5724	38.520900000000005	38.7291	38.4278	38.5719	38.505	38.5633	38.338699999999996	38.6828	38.4668	38.656800000000004	38.536	38.5255	38.4621	38.6	38.338699999999996	38.589400000000005	38.435399999999994	38.6359	38.4206	38.6558	38.4266	38.5897	38.4687	38.508700000000005	38.315599999999996	38.6152	38.3258	38.561499999999995	38.5164	38.5657	38.5118	38.601200000000006	38.4158	38.5861	38.4149	38.433299999999996	38.3433	38.602199999999996	38.359500000000004	38.529799999999994	38.5569	38.5254	38.46	38.5273	38.3416	38.514700000000005	38.330999999999996	38.5127	38.3453	38.571	38.4775	38.5754	38.535199999999996	38.5683	38.3092	38.5247	38.3137	38.5242	38.3909	38.528800000000004	38.4625	38.6601	38.4684	38.540400000000005	38.4632	38.56	38.3144	38.542500000000004	38.3691	38.521899999999995	38.6034	38.5681	38.6363	38.6749	38.5473	38.6245	38.5751	38.716899999999995	38.6514	38.8366	38.7053	38.8917	38.8844	38.7545	38.7573	38.8799	38.4925
Sor-CPnd_037-Ex1-6C-lcwgs-1-3.clmp.r1r2_fastp	55.3513	39.1137	38.036500000000004	36.9917	38.2954	36.0105	36.0061	38.3147	39.1847	36.626799999999996	42.1223	41.364200000000004	40.7726	40.041900000000005	39.9535	39.3271	40.0115	39.4089	39.952	39.8174	40.0812	39.5703	39.9341	39.239200000000004	39.4594	39.223200000000006	39.2808	39.0482	39.5693	39.0715	39.6479	39.4186	39.641999999999996	39.2342	39.6023	39.083600000000004	39.3975	39.0139	39.2237	38.9772	39.5199	38.934400000000004	39.4225	39.0991	39.1936	38.886199999999995	39.132400000000004	38.7808	39.095200000000006	38.8608	39.1613	38.9257	39.2701	38.8664	39.165299999999995	38.9471	39.1114	38.7268	39.1316	38.7423	39.1591	38.8968	39.0417	38.8771	39.157399999999996	38.6947	39.0705	38.7835	39.0079	38.724599999999995	39.0806	38.8168	39.1009	38.891999999999996	38.9916	38.8247	39.0048	38.665	39.0432	38.7489	39.0375	38.7767	39.0199	38.7507	39.0333	38.8162	38.891	38.5969	39.098	38.6126	38.9691	38.8717	38.9438	38.8091	39.0086	38.7205	38.9091	38.6918	38.872800000000005	38.6395	39.021499999999996	38.6648	38.935900000000004	38.8866	38.9164	38.7656	38.8936	38.650099999999995	38.8764	38.6284	38.8337	38.6868	38.9647	38.7665	38.8894	38.8822	38.8474	38.6128	38.949600000000004	38.5705	38.9102	38.7299	38.8172	38.738299999999995	39.000099999999996	38.7042	38.9399	38.6834	38.9022	38.53	38.899699999999996	38.6675	38.8442	38.8481	38.8727	38.878299999999996	38.9505	38.7818	39.0113	38.8429	39.068799999999996	38.9013	39.1363	39.009100000000004	39.1607	39.1457	39.063199999999995	39.055	39.145	38.739000000000004
Sor-CPnd_038-Ex1-2A-lcwgs-1-3.clmp.r1r2_fastp	55.998999999999995	37.1233	37.6603	36.0769	37.527300000000004	34.0713	34.502500000000005	36.7459	37.917899999999996	35.667100000000005	41.2493	40.9815	40.3419	39.624500000000005	39.4831	38.8534	39.3827	38.973400000000005	39.3056	39.2965	39.5318	39.0902	39.292899999999996	38.7003	38.865100000000005	38.6207	38.6394	38.4922	38.8549	38.5552	39.0304	38.9032	39.054100000000005	38.7617	39.0173	38.6563	38.8298	38.5393	38.7432	38.4958	39.0304	38.6137	38.9579	38.757799999999996	38.8151	38.595600000000005	38.759100000000004	38.465199999999996	38.6949	38.5789	38.7303	38.6428	38.9044	38.6384	38.8027	38.6926	38.8362	38.474199999999996	38.786100000000005	38.502700000000004	38.863	38.6841	38.738299999999995	38.6421	38.851	38.5655	38.744299999999996	38.6048	38.719	38.507400000000004	38.8039	38.6321	38.8743	38.710899999999995	38.757999999999996	38.685900000000004	38.8272	38.5627	38.786500000000004	38.5995	38.8887	38.618	38.812000000000005	38.670300000000005	38.8147	38.6711	38.739000000000004	38.518	38.8868	38.5347	38.8097	38.748599999999996	38.8332	38.7221	38.9007	38.669399999999996	38.8455	38.6273	38.733200000000004	38.6094	38.8774	38.6157	38.8232	38.819700000000005	38.8339	38.7457	38.8258	38.596399999999996	38.8061	38.5779	38.7866	38.6124	38.8766	38.7566	38.887899999999995	38.8488	38.8657	38.6142	38.8814	38.5647	38.8374	38.6792	38.824799999999996	38.7614	38.9651	38.7328	38.9189	38.735	38.892700000000005	38.6176	38.872099999999996	38.6999	38.8773	38.906600000000005	38.912	38.879000000000005	39.0202	38.8091	38.998	38.8583	39.082	38.9673	39.0886	39.016400000000004	39.2249	39.1708	39.1372	39.0651	39.1774	38.7417
Sor-CPnd_041-Ex1-7A-lcwgs-1-3.clmp.r1r2_fastp	54.51859999999999	39.123599999999996	38.1412	37.5143	38.1462	35.0742	35.3852	38.173	39.1491	36.8711	41.7831	41.5613	40.889900000000004	40.2564	40.037	39.534200000000006	39.9975	39.6683	39.9878	39.946	40.1631	39.7855	40.0389	39.5076	39.6787	39.4878	39.514300000000006	39.360099999999996	39.735	39.427299999999995	39.8399	39.7087	39.8324	39.5789	39.8383	39.480399999999996	39.6753	39.4277	39.547399999999996	39.3949	39.816	39.414300000000004	39.7152	39.5935	39.6139	39.372299999999996	39.5937	39.3436	39.513999999999996	39.4328	39.5619	39.4766	39.7046	39.4321	39.5968	39.508500000000005	39.6155	39.3193	39.6241	39.3403	39.6796	39.508500000000005	39.5105	39.4758	39.6837	39.3955	39.586	39.482	39.564899999999994	39.381699999999995	39.6597	39.466499999999996	39.665800000000004	39.5532	39.57	39.5146	39.6533	39.3982	39.6441	39.4899	39.6787	39.5227	39.703	39.5188	39.6571	39.5881	39.614	39.392300000000006	39.746500000000005	39.4683	39.690599999999996	39.6861	39.708	39.624900000000004	39.7314	39.5854	39.6876	39.5876	39.630500000000005	39.5466	39.7906	39.5724	39.7788	39.8035	39.7372	39.7091	39.7825	39.6014	39.7672	39.6314	39.8055	39.693	39.8881	39.7809	39.8938	39.89	39.8582	39.690999999999995	39.9228	39.6867	39.9125	39.8196	39.912	39.875899999999994	40.0651	39.880900000000004	40.0105	39.867000000000004	40.0158	39.7808	40.0529	39.901399999999995	40.076299999999996	40.098099999999995	40.0718	40.123	40.1999	40.0362	40.192899999999995	40.1216	40.2422	40.1539	40.3437	40.239799999999995	40.413199999999996	40.4915	40.3338	40.3648	40.5085	40.0623
Sor-CPnd_043-Ex1-1D-lcwgs-1-3.clmp.r1r2_fastp	54.567	39.8243	37.6023	37.059799999999996	38.5382	35.117399999999996	35.7597	37.6652	38.597300000000004	36.5141	41.2683	40.898	40.433	39.8514	39.6741	39.184799999999996	39.6895	39.299800000000005	39.617599999999996	39.598299999999995	39.778400000000005	39.3915	39.6332	39.148300000000006	39.3009	39.1155	39.0857	38.9046	39.3202	38.9394	39.3964	39.2481	39.397999999999996	39.1174	39.3957	39.0203	39.2177	38.936	39.0596	38.8978	39.344699999999996	38.905499999999996	39.198499999999996	39.0891	39.0791	38.875	39.1085	38.7567	39.0185	38.8455	39.0111	38.8675	39.1805	38.9063	39.0941	39.0004	39.080799999999996	38.7528	39.0814	38.7615	39.0929	38.9482	38.9671	38.8805	39.1124	38.7869	39.0064	38.8831	39.0108	38.7428	39.0909	38.841	39.0782	38.945299999999996	38.9457	38.8832	39.0891	38.7862	39.0313	38.8234	39.0911	38.8084	39.0351	38.8538	39.0329	38.8972	38.953500000000005	38.7179	39.0685	38.777	38.9577	38.96	38.9979	38.8977	39.0348	38.8697	39.0028	38.8703	38.9172	38.821099999999994	39.0408	38.8228	39.0197	39.0236	38.973200000000006	38.926899999999996	39.006800000000005	38.7685	38.9878	38.8299	38.9625	38.840799999999994	39.0289	38.9349	39.055299999999995	38.964999999999996	38.9707	38.7782	39.0323	38.6992	38.9594	38.8247	38.962	38.8786	39.0965	38.8411	39.0364	38.9217	39.0108	38.7496	39.0457	38.809	39.0443	39.0131	38.976699999999994	39.055299999999995	39.1595	38.894	39.1231	39.0641	39.1846	39.1068	39.2631	39.1735	39.3319	39.3093	39.1854	39.163599999999995	39.3158	38.935700000000004
Sor-CPnd_044-Ex1-8G-lcwgs-1-3.clmp.r1r2_fastp	54.762699999999995	39.2349	37.385000000000005	36.5323	38.0813	35.8279	35.9494	37.9167	38.6055	36.404199999999996	41.4181	40.7607	40.1646	39.589200000000005	39.4541	38.9447	39.4778	39.0246	39.4124	39.364900000000006	39.5054	39.143	39.400400000000005	38.8777	39.0114	38.8354	38.8237	38.621100000000006	39.0142	38.6421	39.1047	38.975	39.0844	38.8203	39.0648	38.6949	38.901799999999994	38.6143	38.7139	38.5325	38.9523	38.5347	38.8567	38.7113	38.6798	38.4708	38.6729	38.3879	38.5847	38.466899999999995	38.6089	38.4627	38.7678	38.4661	38.6341	38.5578	38.6436	38.3204	38.6252	38.3296	38.6711	38.5154	38.5206	38.4232	38.6702	38.368900000000004	38.5515	38.435399999999994	38.520199999999996	38.2847	38.6061	38.3834	38.6092	38.4979	38.517	38.417699999999996	38.5953	38.3218	38.559	38.4131	38.5643	38.385799999999996	38.5636	38.368900000000004	38.5257	38.4218	38.4445	38.2541	38.622	38.2615	38.541599999999995	38.5152	38.5381	38.4428	38.5651	38.359300000000005	38.5446	38.3698	38.3861	38.3183	38.5718	38.3001	38.507799999999996	38.522400000000005	38.461600000000004	38.4317	38.5192	38.323800000000006	38.4388	38.3032	38.4511	38.3945	38.5169	38.462	38.5338	38.5073	38.5143	38.3172	38.5105	38.258199999999995	38.5135	38.3965	38.4534	38.4698	38.594	38.3731	38.527899999999995	38.389	38.494	38.2673	38.5467	38.3324	38.536300000000004	38.5519	38.5409	38.589600000000004	38.6732	38.4386	38.6455	38.5784	38.6607	38.6216	38.798899999999996	38.7204	38.8195	38.8275	38.7747	38.7146	38.803599999999996	38.4233
Sor-CPnd_045-Ex1-7B-lcwgs-1-3.clmp.r1r2_fastp	55.4076	38.6964	37.6512	36.560500000000005	37.8191	34.6203	35.546299999999995	37.6856	38.6055	36.363	41.5502	41.0368	40.3698	39.7037	39.5536	39.0659	39.5231	39.1306	39.4886	39.4394	39.6143	39.2179	39.471000000000004	38.8775	39.0547	38.8397	38.838	38.7065	39.0878	38.7584	39.2052	39.0475	39.2209	38.9339	39.1353	38.7674	38.9687	38.6661	38.8383	38.6728	39.123599999999996	38.6927	39.031	38.8441	38.8615	38.648700000000005	38.8249	38.5244	38.757000000000005	38.6546	38.805099999999996	38.6819	38.9705	38.6417	38.821	38.738499999999995	38.8198	38.498	38.844	38.5375	38.9037	38.7829	38.756	38.6768	38.8806	38.5266	38.7782	38.6186	38.7297	38.5254	38.879599999999996	38.6399	38.845800000000004	38.7119	38.7363	38.6725	38.805299999999995	38.5134	38.762	38.6054	38.8446	38.635799999999996	38.8614	38.615	38.791199999999996	38.6401	38.6808	38.483000000000004	38.8403	38.526700000000005	38.7333	38.7917	38.7697	38.7058	38.8469	38.609700000000004	38.7866	38.5826	38.7007	38.5685	38.8117	38.574799999999996	38.7693	38.756099999999996	38.744499999999995	38.6654	38.7598	38.5521	38.7406	38.5766	38.7408	38.588499999999996	38.833	38.6888	38.8016	38.778	38.7335	38.576100000000004	38.7831	38.5076	38.731500000000004	38.6306	38.7362	38.6888	38.867000000000004	38.6484	38.8082	38.6762	38.752199999999995	38.5627	38.7953	38.6194	38.7737	38.7988	38.8109	38.8351	38.9299	38.7358	38.8754	38.7585	38.901	38.887100000000004	39.0165	38.9694	39.1342	39.0861	38.9784	38.958	39.0865	38.7089
Sor-CPnd_046-Ex1-5A-lcwgs-1-3.clmp.r1r2_fastp	54.391	39.3493	37.5689	36.9732	38.0272	34.936299999999996	35.344500000000004	37.716499999999996	38.7662	36.5957	41.4842	41.1706	40.620400000000004	39.9857	39.7819	39.224	39.768100000000004	39.3938	39.7685	39.685500000000005	39.9291	39.488299999999995	39.8061	39.2168	39.4157	39.204	39.1807	39.0614	39.4056	39.0705	39.5118	39.3718	39.5415	39.1899	39.541399999999996	39.1535	39.360299999999995	39.051399999999994	39.1515	38.956	39.4175	38.9784	39.3133	39.1085	39.1469	38.8739	39.0339	38.8054	38.975100000000005	38.872800000000005	38.989000000000004	38.8746	39.1579	38.8009	39.022	38.8837	38.9392	38.610499999999995	38.9848	38.6315	39.0015	38.860099999999996	38.8399	38.7711	38.978	38.6538	38.8086	38.7676	38.826	38.557	38.9199	38.7096	38.9238	38.7062	38.8142	38.723200000000006	38.9151	38.566	38.7835	38.6737	38.8657	38.6162	38.850899999999996	38.662	38.7699	38.6459	38.757200000000005	38.504599999999996	38.934000000000005	38.535000000000004	38.7482	38.807199999999995	38.7874	38.6472	38.8636	38.6277	38.689800000000005	38.5685	38.682100000000005	38.589400000000005	38.772	38.589800000000004	38.7272	38.8184	38.7404	38.6594	38.819700000000005	38.6067	38.751400000000004	38.5097	38.7928	38.5381	38.805800000000005	38.6714	38.763799999999996	38.7403	38.6864	38.5788	38.6855	38.5114	38.7201	38.5753	38.7157	38.6649	38.8146	38.6355	38.6997	38.6969	38.6826	38.4435	38.8301	38.5676	38.7499	38.7827	38.662	38.7886	38.8411	38.6319	38.8662	38.7058	38.8617	38.8608	38.9337	38.9593	39.055499999999995	38.9599	38.9644	38.846799999999995	38.9933	38.6712
Sor-CPnd_049-Ex1-3B-lcwgs-1-3.clmp.r1r2_fastp	55.7289	38.535399999999996	37.975500000000004	36.8589	38.189499999999995	34.9225	35.8493	37.6931	38.5329	36.5973	41.660000000000004	41.104400000000005	40.4779	39.870400000000004	39.7543	39.2742	39.7612	39.355000000000004	39.673700000000004	39.590599999999995	39.9262	39.4032	39.6536	39.137899999999995	39.2755	39.084799999999994	39.088	38.9295	39.3561	39.0191	39.4441	39.2742	39.424	39.2233	39.419900000000005	39.097300000000004	39.259100000000004	38.898500000000006	39.1535	38.8818	39.3861	38.9425	39.264700000000005	39.1532	39.122800000000005	38.9431	39.0717	38.8083	39.0143	38.8904	39.0456	38.9508	39.2545	38.9169	39.14	39.0265	39.2164	38.8224	39.1509	38.8232	39.1505	39.022800000000004	39.081700000000005	38.9383	39.1766	38.873200000000004	39.1009	38.9621	39.0811	38.7962	39.134600000000006	38.885799999999996	39.1885	38.9525	39.0198	38.995400000000004	39.1744	38.8638	39.115100000000005	38.9525	39.1265	38.9691	39.1767	38.933299999999996	39.1388	39.0074	39.0948	38.8352	39.144800000000004	38.7881	39.066	39.1123	39.1209	39.0362	39.1798	38.949600000000004	39.09	38.9114	39.0422	38.8957	39.2258	38.928200000000004	39.1575	39.1457	38.9978	39.096199999999996	39.0934	38.9108	39.1192	38.8768	39.0862	38.9403	39.1515	39.0852	39.14	39.0132	39.1037	38.895	39.1143	38.775999999999996	39.108399999999996	38.989200000000004	39.0093	38.9789	39.1268	38.9778	39.138400000000004	38.9389	39.0713	38.9289	39.0162	38.9653	39.088499999999996	39.11	38.9921	39.0496	39.1872	38.9536	39.212799999999994	38.9935	39.1662	39.1355	39.3648	39.1819	39.4284	39.3084	39.2919	39.2768	39.4987	38.928200000000004
Sor-CPnd_050-Ex1-3F-lcwgs-1-3.clmp.r1r2_fastp	55.932	38.121300000000005	37.3673	36.653200000000005	38.1444	35.684900000000006	35.382799999999996	37.3462	38.1796	36.6207	41.3887	40.7446	40.2934	39.695	39.5653	39.067099999999996	39.568	39.1768	39.500299999999996	39.4889	39.696999999999996	39.312999999999995	39.5617	39.011	39.1863	39.034600000000005	38.9939	38.8185	39.204299999999996	38.8645	39.3133	39.2053	39.3031	39.033699999999996	39.3108	38.9459	39.1208	38.8221	39.0048	38.771499999999996	39.2517	38.8367	39.1569	38.9995	38.9896	38.7872	38.9691	38.6945	38.9168	38.798899999999996	38.9168	38.839400000000005	39.1088	38.795	38.980199999999996	38.925599999999996	38.9838	38.6905	38.981	38.662400000000005	39.0578	38.8902	38.8763	38.8431	39.0125	38.7538	38.9293	38.8196	38.8482	38.6989	38.9862	38.760600000000004	39.0095	38.8971	38.881	38.8295	38.9989	38.711400000000005	38.953900000000004	38.778400000000005	38.9796	38.7596	38.9805	38.8037	38.9506	38.87	38.8592	38.6879	39.0264	38.7016	38.9461	38.9336	38.9089	38.8885	38.9829	38.812200000000004	38.9462	38.8083	38.8484	38.7179	38.992900000000006	38.7736	38.9248	38.959700000000005	38.8701	38.9435	38.9127	38.723600000000005	38.9404	38.7179	38.9031	38.7996	38.9845	38.8883	38.9739	38.9798	38.9624	38.7261	38.9716	38.7297	38.9619	38.806000000000004	38.8965	38.945299999999996	39.0285	38.8343	38.968399999999995	38.8731	38.9706	38.7068	38.975100000000005	38.7764	38.9673	38.974199999999996	38.9786	38.9918	39.069900000000004	38.8669	39.0167	38.9643	39.0806	39.006600000000006	39.1789	39.104	39.2698	39.2229	39.1102	39.0849	39.196799999999996	38.8442
Sor-CPnd_052-Ex1-6D-lcwgs-1-3.clmp.r1r2_fastp	53.3362	39.163	36.7113	36.122	37.4677	34.4856	35.361599999999996	37.2693	38.027100000000004	36.0668	40.786899999999996	40.1252	39.6409	39.0274	38.8975	38.3563	38.9166	38.5248	38.907399999999996	38.8594	39.0162	38.603500000000004	38.9428	38.351600000000005	38.4917	38.3222	38.3662	38.1597	38.548	38.1562	38.6433	38.4511	38.596599999999995	38.3332	38.573	38.1695	38.4023	38.1021	38.2539	38.0215	38.493	38.0706	38.3841	38.1837	38.178200000000004	37.9454	38.1505	37.8386	38.0882	37.9576	38.1287	37.9452	38.2337	37.9279	38.115300000000005	38.0335	38.1269	37.7408	38.1036	37.801	38.121100000000006	38.0313	37.9851	37.8466	38.136900000000004	37.7917	38.027899999999995	37.931	37.974000000000004	37.757400000000004	38.0454	37.8465	38.0375	37.9706	37.9548	37.8637	38.0164	37.7478	38.0373	37.830200000000005	38.0665	37.8066	38.0434	37.8069	37.9975	37.8427	37.9152	37.6378	38.0246	37.7023	37.9346	37.9154	37.9623	37.8596	38.034400000000005	37.7804	37.9547	37.824600000000004	37.8282	37.7687	37.995000000000005	37.7593	37.9702	37.941399999999994	37.9224	37.878699999999995	37.981300000000005	37.8028	37.8988	37.7545	37.838100000000004	37.7716	37.9417	37.8599	37.9705	37.9471	37.9405	37.8179	37.9334	37.7509	37.924600000000005	37.808	37.917	37.8719	38.0767	37.8394	38.0345	37.8304	37.937799999999996	37.7498	37.952799999999996	37.871700000000004	38.027699999999996	38.0118	38.0064	38.0509	38.1179	37.8815	38.0427	38.0667	38.063399999999994	38.0278	38.3152	38.195	38.2773	38.3241	38.1625	38.2055	38.2201	37.9495
Sor-CPnd_053-Ex1-2C-lcwgs-1-3.clmp.r1r2_fastp	56.486599999999996	37.919799999999995	38.0171	36.672	38.1841	35.7892	35.5889	37.5797	38.5019	36.3754	41.7943	41.163	40.5997	39.9837	39.8572	39.2667	39.7872	39.3349	39.7315	39.6195	39.8315	39.4247	39.6637	39.0877	39.2864	39.0666	39.0822	38.9466	39.285199999999996	38.9629	39.4162	39.2362	39.4399	39.1738	39.3761	39.0072	39.225100000000005	38.942	39.078	38.9131	39.3295	38.9353	39.300000000000004	39.1363	39.091300000000004	38.9321	39.1222	38.8067	39.0531	38.9303	39.1271	38.9173	39.2509	38.9386	39.143899999999995	39.0325	39.142500000000005	38.8037	39.1826	38.8052	39.2155	38.9891	39.0391	38.9795	39.1905	38.8419	39.0847	38.973400000000005	39.056999999999995	38.8277	39.169	38.9058	39.1942	38.9983	39.0877	38.9407	39.1468	38.8677	39.1341	38.9224	39.1716	38.9606	39.1261	38.9544	39.1128	39.0153	39.0062	38.817299999999996	39.169	38.8282	39.1003	39.1423	39.1186	39.049299999999995	39.1546	38.9797	39.109500000000004	38.9835	39.0449	38.9293	39.144400000000005	38.935900000000004	39.1209	39.1075	39.0891	39.0814	39.0943	38.9239	39.0728	38.9031	39.0802	38.96	39.2162	39.0663	39.2082	39.1334	39.1602	38.940000000000005	39.1962	38.916000000000004	39.184999999999995	38.9851	39.1121	39.0734	39.286500000000004	39.0385	39.2081	39.0668	39.136700000000005	38.9782	39.1802	38.9835	39.1952	39.2025	39.2066	39.2312	39.3751	39.1421	39.292500000000004	39.2034	39.3168	39.1986	39.4121	39.3484	39.5009	39.486	39.402100000000004	39.3313	39.5098	39.0334
Sor-CPnd_054-Ex1-8F-lcwgs-1-3.clmp.r1r2_fastp	55.3929	39.9341	38.247	37.3985	38.9639	36.6672	36.5564	38.6529	39.4139	37.3675	42.4011	41.679899999999996	41.187200000000004	40.5662	40.489599999999996	39.9187	40.5522	40.0852	40.4705	40.3786	40.5482	40.185900000000004	40.5109	39.8955	40.118500000000004	39.958	39.9513	39.7531	40.214	39.7665	40.3125	40.0047	40.2035	39.8654	40.2281	39.780100000000004	40.0586	39.6582	39.7804	39.5662	39.9974	39.553700000000006	39.8971	39.731100000000005	39.6898	39.5141	39.6509	39.3844	39.6381	39.5326	39.6542	39.4781	39.7699	39.4059	39.6263	39.5736	39.6654	39.253	39.623000000000005	39.2577	39.665299999999995	39.504	39.4968	39.4197	39.6534	39.2821	39.5362	39.379599999999996	39.4885	39.191700000000004	39.5794	39.2907	39.5713	39.3861	39.4065	39.3606	39.64	39.229	39.4827	39.2477	39.5593	39.2489	39.4949	39.305099999999996	39.5299	39.406200000000005	39.346599999999995	39.1599	39.5264	39.198699999999995	39.3982	39.394600000000004	39.4542	39.3004	39.4707	39.216	39.43	39.2628	39.2358	39.0932	39.3846	39.192	39.3294	39.2774	39.302	39.215	39.297	39.143	39.3073	39.0901	39.3031	39.0852	39.3767	39.2971	39.293	39.283699999999996	39.236	39.0394	39.2542	39.0917	39.152	39.1071	39.2194	39.0927	39.2941	39.1287	39.279799999999994	39.0037	39.147	39.0409	39.1395	38.946799999999996	39.1068	39.2076	39.1693	39.219300000000004	39.2617	39.108599999999996	39.251799999999996	39.1312	39.3278	39.171800000000005	39.4368	39.3075	39.5212	39.420899999999996	39.3575	39.3771	39.387299999999996	39.072
Sor-CPnd_055-Ex1-7G-lcwgs-1-3.clmp.r1r2_fastp	54.014399999999995	39.4311	37.0996	36.4354	37.8162	35.640699999999995	35.6833	37.6058	38.327600000000004	36.283100000000005	41.0536	40.3198	39.821	39.2713	39.1227	38.6339	39.210499999999996	38.7145	39.139	39.037	39.240399999999994	38.839800000000004	39.152300000000004	38.5612	38.7466	38.563900000000004	38.557	38.3314	38.7409	38.383	38.8302	38.6732	38.845600000000005	38.492599999999996	38.785199999999996	38.3984	38.5607	38.3011	38.4041	38.1662	38.6918	38.2192	38.535199999999996	38.3942	38.3553	38.1673	38.3183	38.0087	38.2669	38.0944	38.2544	38.1055	38.403999999999996	38.106	38.2814	38.1838	38.276700000000005	37.923899999999996	38.2725	37.9347	38.299499999999995	38.1609	38.147	38.0561	38.2868	37.9482	38.1724	38.033	38.1334	37.8683	38.2265	38.0293	38.2187	38.1049	38.1179	38.0066	38.183099999999996	37.901	38.1569	37.9752	38.2226	37.933699999999995	38.2001	38.009100000000004	38.1071	38.039	38.0357	37.7891	38.2143	37.8434	38.1137	38.0648	38.1098	38.0268	38.1809	37.9375	38.1081	37.9251	38.0328	37.8538	38.1607	37.894299999999994	38.0683	38.0926	38.0691	37.9957	38.0501	37.8759	38.0537	37.8566	37.9953	37.8865	38.104	37.940000000000005	38.1133	38.1218	38.0263	37.857800000000005	38.0521	37.7789	38.0407	37.8604	38.0587	37.9542	38.1871	37.9512	38.0725	37.995400000000004	38.0393	37.855199999999996	38.067	37.9053	38.0194	38.1208	38.044200000000004	38.1519	38.190400000000004	37.9751	38.1372	38.1322	38.2045	38.1319	38.3821	38.2977	38.400600000000004	38.4304	38.2708	38.2722	38.4269	37.9497
Sor-CPnd_058-Ex1-2G-lcwgs-1-3.clmp.r1r2_fastp	54.346399999999996	37.958999999999996	36.696200000000005	36.074400000000004	37.499300000000005	35.2498	35.031600000000005	36.6537	37.491	35.673300000000005	40.5764	39.9729	39.4565	38.9309	38.6874	38.2542	38.7869	38.3919	38.7044	38.6768	38.9088	38.515	38.7123	38.1712	38.334	38.1393	38.1267	37.9693	38.3003	38.0108	38.5079	38.3464	38.5081	38.1742	38.468999999999994	38.1036	38.2898	37.9934	38.162800000000004	37.9242	38.372499999999995	38.0237	38.3142	38.1772	38.1733	37.933499999999995	38.1602	37.8423	38.0854	37.9338	38.1011	38.0475	38.2528	37.9644	38.1002	38.0946	38.1575	37.8218	38.122099999999996	37.878	38.1985	38.096000000000004	38.0305	38.0359	38.178200000000004	37.894800000000004	38.0972	37.958999999999996	38.033699999999996	37.8287	38.1736	37.9797	38.1582	38.0734	38.0627	38.0158	38.172	37.845	38.108599999999996	37.9982	38.168	37.981700000000004	38.2042	37.9666	38.1478	38.0088	38.0361	37.8174	38.198100000000004	37.8531	38.1691	38.1134	38.149499999999996	38.0304	38.2007	38.0101	38.1164	37.9647	38.0343	37.939	38.1615	37.9373	38.1255	38.1462	38.1067	38.0758	38.136700000000005	37.9439	38.1357	37.8683	38.09	37.952200000000005	38.175799999999995	38.020700000000005	38.2367	38.1588	38.1504	37.926700000000004	38.1133	37.8542	38.1054	37.9869	38.121	38.1008	38.199600000000004	38.048500000000004	38.2026	38.007999999999996	38.1316	37.972699999999996	38.1205	37.9647	38.169599999999996	38.1475	38.1443	38.2319	38.3295	38.132	38.2137	38.2395	38.3603	38.2937	38.3839	38.3549	38.4983	38.4475	38.379400000000004	38.3754	38.4349	38.0659
Sor-CPnd_063-Ex1-7D-lcwgs-1-3.clmp.r1r2_fastp	54.3176	39.599000000000004	37.6497	36.9023	38.2371	35.0034	36.0501	37.9143	38.630900000000004	36.6849	41.371	40.7309	40.2218	39.7551	39.5541	39.0724	39.606700000000004	39.1306	39.5382	39.502700000000004	39.6255	39.2642	39.5149	38.9783	39.1489	39.0144	39.0111	38.8138	39.199	38.8484	39.263	39.1261	39.252199999999995	38.9828	39.2497	38.8136	39.0537	38.749	38.8575	38.6785	39.1192	38.665699999999994	39.0002	38.8569	38.8172	38.621	38.8189	38.4649	38.7126	38.5647	38.7134	38.6076	38.871	38.5573	38.7565	38.6589	38.7558	38.433499999999995	38.7369	38.4366	38.7943	38.672200000000004	38.615500000000004	38.5299	38.794000000000004	38.4612	38.6345	38.573	38.6142	38.3985	38.6982	38.473800000000004	38.7014	38.5756	38.581500000000005	38.519999999999996	38.7031	38.3878	38.6589	38.5176	38.6777	38.5083	38.6793	38.468	38.6258	38.54	38.535000000000004	38.3414	38.6913	38.4043	38.634	38.5998	38.6316	38.5486	38.641999999999996	38.4561	38.6525	38.4708	38.4795	38.3893	38.630900000000004	38.4291	38.609700000000004	38.6338	38.588899999999995	38.5403	38.6289	38.403	38.5969	38.4568	38.559599999999996	38.427499999999995	38.6167	38.515	38.673	38.6268	38.5475	38.3686	38.5929	38.326100000000004	38.588	38.482	38.548	38.5289	38.6799	38.5124	38.595	38.487	38.602199999999996	38.4617	38.6038	38.4241	38.6055	38.6616	38.6083	38.6671	38.717400000000005	38.529799999999994	38.7018	38.6865	38.7627	38.6923	38.8419	38.8208	38.979	38.8976	38.8152	38.8311	38.901599999999995	38.5834
Sor-CPnd_066-Ex1-8B-lcwgs-1-3.clmp.r1r2_fastp	55.537400000000005	39.787499999999994	38.6823	37.4992	38.5926	35.3726	36.3115	38.101800000000004	39.1202	37.3527	42.064800000000005	41.675200000000004	41.0049	40.2836	40.22	39.401399999999995	40.2246	39.685199999999995	40.144000000000005	39.9777	40.1809	39.7894	40.2748	39.4816	39.752500000000005	39.3724	39.6559	39.5318	39.6924	39.514700000000005	40.1055	39.643699999999995	39.7601	39.6823	39.9046	39.298300000000005	39.677299999999995	39.4516	39.4647	39.2752	39.826499999999996	39.2789	39.6862	39.617799999999995	39.5485	39.3264	39.4805	39.0997	39.4367	39.2963	39.4138	39.4037	39.5127	39.343	39.3472	39.277699999999996	39.3638	39.0668	39.3422	39.1818	39.4778	39.2731	39.3981	39.2603	39.3234	39.1318	39.462399999999995	39.3381	39.535199999999996	39.0758	39.3991	39.216	39.397	39.2142	39.242399999999996	39.1776	39.475300000000004	38.9986	39.249	39.1748	39.417699999999996	39.1171	39.4261	39.1739	39.2499	39.1863	39.3559	39.116099999999996	39.2328	38.8773	39.1331	39.172000000000004	39.4506	38.955	39.341	38.834999999999994	39.4119	38.9445	39.301	39.0002	39.313700000000004	39.0451	39.2021	39.3771	39.1849	39.2214	39.2231	38.84	39.2214	38.9152	39.0125	39.0242	39.2721	39.081900000000005	39.3426	39.0798	39.3316	38.7813	39.2087	38.7057	39.2721	38.7822	39.0377	38.996900000000004	39.1018	39.1462	38.9923	39.2691	39.0105	38.7693	39.230399999999996	39.1738	38.9644	39.3913	38.9257	39.1832	39.486900000000006	38.9699	39.130700000000004	39.2298	39.4741	39.1064	39.4934	39.069199999999995	39.354099999999995	39.1496	39.4968	39.4196	39.6293	39.1246
Sor-CPnd_069-Ex1-6B-lcwgs-1-3.clmp.r1r2_fastp	55.525400000000005	39.3163	38.067299999999996	37.1389	38.5659	35.4234	36.2811	38.4614	39.2289	36.8792	42.0803	41.611	40.956900000000005	40.2712	40.130500000000005	39.5818	40.1105	39.6158	40.0771	39.949400000000004	40.1565	39.751	40.024100000000004	39.4594	39.6184	39.3967	39.427800000000005	39.2258	39.6518	39.3204	39.7222	39.6185	39.7127	39.4539	39.6976	39.3161	39.5252	39.2012	39.4111	39.1428	39.62	39.2156	39.5781	39.380900000000004	39.3605	39.2027	39.3724	39.0797	39.3234	39.1599	39.3465	39.2022	39.4914	39.1847	39.361200000000004	39.257999999999996	39.3774	39.043099999999995	39.3936	39.0497	39.3982	39.3005	39.2593	39.1607	39.4663	39.1003	39.3391	39.1531	39.285199999999996	39.055	39.3785	39.1406	39.3897	39.1742	39.273799999999994	39.227000000000004	39.3131	39.0737	39.333400000000005	39.1478	39.3853	39.1639	39.353	39.1766	39.3592	39.2064	39.2033	39.038000000000004	39.3999	39.067800000000005	39.338899999999995	39.2768	39.3184	39.2252	39.3555	39.1442	39.3768	39.1156	39.2399	39.1052	39.3681	39.118700000000004	39.2821	39.282000000000004	39.2558	39.2245	39.3203	39.1027	39.2822	39.0841	39.2965	39.1062	39.376	39.217600000000004	39.346399999999996	39.3576	39.2887	39.1197	39.3063	39.0496	39.2907	39.1888	39.305	39.2526	39.4246	39.1211	39.3943	39.176100000000005	39.3491	39.0667	39.3288	39.110499999999995	39.3731	39.373799999999996	39.3455	39.3878	39.4865	39.271499999999996	39.4433	39.395	39.441700000000004	39.4438	39.604	39.484	39.686	39.6282	39.5355	39.5101	39.643499999999996	39.260099999999994
Sor-CPnd_072-Ex1-8C-lcwgs-1-3.clmp.r1r2_fastp	54.3911	40.9109	37.732	36.859199999999994	38.256	36.0309	36.0559	37.794200000000004	38.6258	37.2295	41.125499999999995	40.537	40.2346	39.7963	39.6982	39.2226	39.7024	39.2626	39.643499999999996	39.5388	39.7677	39.3434	39.6999	39.1246	39.3203	39.1535	39.1454	38.9022	39.335	38.9454	39.3847	39.2616	39.3797	39.081700000000005	39.399699999999996	38.9718	39.2298	38.9088	39.1231	38.864399999999996	39.3735	38.8704	39.2434	39.0782	39.070100000000004	38.8508	39.111200000000004	38.7764	39.021899999999995	38.8655	39.0542	38.897999999999996	39.218199999999996	38.8625	39.1047	39.013799999999996	39.108399999999996	38.756299999999996	39.1079	38.7834	39.1391	39.0007	38.9933	38.8958	39.1819	38.798300000000005	39.0735	38.8966	39.000800000000005	38.7515	39.1153	38.8834	39.099000000000004	38.9512	38.9887	38.901	39.089400000000005	38.772800000000004	39.0625	38.8681	39.0939	38.8994	39.0938	38.8743	39.0527	38.9637	38.989000000000004	38.7275	39.128600000000006	38.7628	39.0681	38.9972	39.0531	38.940200000000004	39.0992	38.872099999999996	39.0559	38.888400000000004	38.988	38.7828	39.1186	38.8344	39.0233	39.0792	39.0316	38.9447	39.0758	38.8181	39.0168	38.8487	38.9972	38.8573	39.1362	38.9694	39.1021	39.036300000000004	39.000800000000005	38.8231	39.1	38.7654	39.0339	38.886900000000004	38.9896	38.9673	39.1626	38.9135	39.0839	38.945	39.0515	38.8142	39.096	38.877	39.0768	39.045	39.1041	39.1143	39.224599999999995	38.9646	39.2086	39.0832	39.18	39.175900000000006	39.3812	39.2224	39.43	39.3365	39.3003	39.256099999999996	39.3836	38.9918
