1.1369030 0.1689504 0.1739802 0.1734915 0.1591437 0.1645315 0.1708922 0.1655199 0.1713760 0.1690101 0.1469162 0.1721623 0.1491825 0.1544893 0.1732402 0.1736411 0.1778959 0.1568627 0.1007637 0.1256260 0.0595846 0.1479980 -0.0274536 -0.0218822 -0.0284364 -0.0487882 -0.0463154 -0.0389180 -0.0189697 -0.0460871 -0.0503490 -0.0310583 0.0331471 -0.0083585 0.0612789 -0.0543464 -0.0021330 -0.0458351 -0.0147142 -0.0391424 -0.0337177 -0.0376768 0.0612055 -0.0355071 0.0499722 -0.0182769 0.0201790 0.0308391 -0.0344420 -0.0378201 -0.0538758 0.0031932 -0.0234701 0.1135010 -0.0298052 -0.0027238 0.0394734 -0.0019961 -0.0433589 0.0017162 0.0472499 0.1652252 0.0300539 0.0510652 -0.0443176 -0.0329550 -0.0476171 -0.0024369 0.0652507 0.0822135 -0.0260542 -0.0276327 0.1265277 -0.0391732 -0.0210653 -0.0074136 -0.0121662 0.1215606 0.1312645 -0.0299781 0.1062415 -0.0099318 0.0005716 0.1003392 -0.0178920 -0.0505541
0.1689504 1.1521004 0.1715023 0.1692256 0.1531899 0.1583766 0.1643798 0.1614479 0.1666695 0.1650715 0.1417280 0.1680209 0.1428376 0.1481121 0.1676661 0.1734608 0.1710634 0.1508746 0.0975117 0.1212833 0.0568328 0.1424380 -0.0263221 -0.0214774 -0.0283732 -0.0514827 -0.0460706 -0.0449517 -0.0177661 -0.0455021 -0.0553770 -0.0284182 0.0365924 -0.0073935 0.0734340 -0.0585389 -0.0032875 -0.0454840 -0.0139497 -0.0388644 -0.0347187 -0.0388906 0.0628445 -0.0343261 0.0537841 -0.0178571 0.0230226 0.0344917 -0.0317066 -0.0404691 -0.0569298 0.0046961 -0.0265974 0.1215766 -0.0282879 -0.0033489 0.0424696 0.0014842 -0.0465355 0.0051320 0.0505939 0.1672235 0.0390224 0.0580093 -0.0457042 -0.0334585 -0.0486432 -0.0015610 0.0698304 0.0835910 -0.0245606 -0.0302231 0.1319728 -0.0396536 -0.0192937 -0.0055678 -0.0128451 0.1272320 0.1377774 -0.0284368 0.1080370 -0.0082115 0.0016374 0.1038709 -0.0185862 -0.0536448
0.1739802 0.1715023 1.1675339 0.1761881 0.1598255 0.1655090 0.1687336 0.1668718 0.1726677 0.1693684 0.1475491 0.1715247 0.1497517 0.1548757 0.1734679 0.1774108 0.1790850 0.1572440 0.1015472 0.1259740 0.0592880 0.1489743 -0.0261147 -0.0207500 -0.0277773 -0.0519451 -0.0463923 -0.0429987 -0.0180808 -0.0497346 -0.0522695 -0.0283129 0.0350736 -0.0097052 0.0690911 -0.0583725 -0.0045109 -0.0476560 -0.0158265 -0.0417680 -0.0340425 -0.0371243 0.0638519 -0.0359046 0.0532715 -0.0186825 0.0209928 0.0353795 -0.0338679 -0.0409963 -0.0564461 0.0055741 -0.0249410 0.1228163 -0.0291383 -0.0055601 0.0410540 0.0018640 -0.0471363 0.0037926 0.0491926 0.1668776 0.0381481 0.0572272 -0.0451610 -0.0369365 -0.0486356 -0.0055847 0.0697341 0.0836745 -0.0260437 -0.0296027 0.1293726 -0.0412673 -0.0221110 -0.0044169 -0.0122451 0.1278933 0.1419698 -0.0293816 0.1123780 -0.0093536 -0.0011279 0.1028975 -0.0220778 -0.0520849
0.1734915 0.1692256 0.1761881 1.1566021 0.1577085 0.1633754 0.1698306 0.1661601 0.1702437 0.1688189 0.1447606 0.1720182 0.1468329 0.1524194 0.1730530 0.1757443 0.1762486 0.1557325 0.1000232 0.1249992 0.0586093 0.1466401 -0.0284961 -0.0235914 -0.0270258 -0.0511521 -0.0455832 -0.0437948 -0.0161814 -0.0470436 -0.0567336 -0.0312818 0.0351772 -0.0074804 0.0726981 -0.0592336 -0.0015405 -0.0471151 -0.0131953 -0.0390732 -0.0350334 -0.0398457 0.0630612 -0.0347921 0.0538743 -0.0161022 0.0215299 0.0344529 -0.0310577 -0.0414133 -0.0571071 0.0034207 -0.0270080 0.1201586 -0.0279985 -0.0036274 0.0410932 0.0039718 -0.0458747 0.0049296 0.0494327 0.1680386 0.0419166 0.0584168 -0.0467484 -0.0334934 -0.0498054 -0.0021887 0.0692455 0.0829266 -0.0264728 -0.0285975 0.1353575 -0.0425088 -0.0205609 -0.0042309 -0.0138344 0.1313314 0.1387752 -0.0277294 0.1086808 -0.0093419 0.0027925 0.1037758 -0.0206468 -0.0546993
0.1591437 0.1531899 0.1598255 0.1577085 1.1556426 0.1467517 0.1532655 0.1495160 0.1544860 0.1518192 0.1320174 0.1553168 0.1326398 0.1378671 0.1560766 0.1613088 0.1602201 0.1406069 0.0906140 0.1122476 0.0529579 0.1324519 -0.0257264 -0.0205798 -0.0243890 -0.0489751 -0.0441470 -0.0417790 -0.0159089 -0.0453005 -0.0542000 -0.0268730 0.0356398 -0.0062219 0.0709875 -0.0565357 -0.0005223 -0.0438950 -0.0118520 -0.0382206 -0.0319033 -0.0374944 0.0610391 -0.0346720 0.0516340 -0.0159957 0.0226932 0.0355116 -0.0306638 -0.0389720 -0.0548366 0.0065309 -0.0241504 0.1177400 -0.0262336 -0.0026241 0.0407768 0.0033692 -0.0449425 0.0064657 0.0493897 0.1572467 0.0392136 0.0557432 -0.0445577 -0.0322226 -0.0483926 -0.0003470 0.0685466 0.0794004 -0.0232296 -0.0277721 0.1264587 -0.0401700 -0.0187174 -0.0031699 -0.0112718 0.1222710 0.1315928 -0.0269498 0.1029680 -0.0066892 0.0029281 0.0999380 -0.0184177 -0.0518411
0.1645315 0.1583766 0.1655090 0.1633754 0.1467517 1.1666903 0.1581091 0.1546484 0.1595474 0.1565071 0.1362816 0.1620337 0.1383476 0.1427406 0.1615340 0.1661299 0.1646359 0.1462336 0.0933400 0.1162867 0.0547335 0.1367168 -0.0252680 -0.0220311 -0.0258245 -0.0500845 -0.0456699 -0.0429721 -0.0160717 -0.0467589 -0.0545443 -0.0276126 0.0365415 -0.0064921 0.0729104 -0.0575304 -0.0015331 -0.0431379 -0.0129974 -0.0393176 -0.0318111 -0.0382665 0.0625744 -0.0351395 0.0523109 -0.0186572 0.0219722 0.0363146 -0.0312085 -0.0383353 -0.0555546 0.0064068 -0.0256901 0.1191065 -0.0267905 -0.0034767 0.0421382 0.0031838 -0.0458362 0.0061479 0.0499866 0.1632337 0.0386009 0.0563240 -0.0454972 -0.0336535 -0.0496849 -0.0002420 0.0693131 0.0810945 -0.0249431 -0.0288550 0.1298983 -0.0405053 -0.0206931 -0.0042278 -0.0114249 0.1259286 0.1350031 -0.0280404 0.1067447 -0.0065128 0.0021196 0.1021252 -0.0185817 -0.0534620
0.1708922 0.1643798 0.1687336 0.1698306 0.1532655 0.1581091 1.1549754 0.1608983 0.1669491 0.1640961 0.1412341 0.1671858 0.1436376 0.1481052 0.1666134 0.1740907 0.1718659 0.1505065 0.0969992 0.1212423 0.0567676 0.1423690 -0.0277812 -0.0229226 -0.0275210 -0.0496910 -0.0456828 -0.0455777 -0.0170158 -0.0465488 -0.0527100 -0.0293955 0.0353916 -0.0086984 0.0723841 -0.0580589 -0.0021708 -0.0449414 -0.0124383 -0.0409147 -0.0327777 -0.0393304 0.0625051 -0.0354339 0.0538985 -0.0175540 0.0211712 0.0349842 -0.0328372 -0.0409274 -0.0567314 0.0047006 -0.0269190 0.1211056 -0.0275809 -0.0045956 0.0401024 0.0035406 -0.0459995 0.0044402 0.0505742 0.1639893 0.0380962 0.0570246 -0.0466360 -0.0323509 -0.0495523 -0.0007230 0.0692957 0.0817121 -0.0222399 -0.0279096 0.1333288 -0.0410697 -0.0204829 -0.0069201 -0.0130811 0.1266534 0.1357896 -0.0293930 0.1074607 -0.0074527 0.0020311 0.1023860 -0.0193102 -0.0513443
0.1655199 0.1614479 0.1668718 0.1661601 0.1495160 0.1546484 0.1608983 1.1574540 0.1630234 0.1601461 0.1388971 0.1632413 0.1407991 0.1450864 0.1637076 0.1690480 0.1685210 0.1485321 0.0951185 0.1182330 0.0559839 0.1399058 -0.0266594 -0.0206073 -0.0258077 -0.0501590 -0.0441804 -0.0435629 -0.0166515 -0.0465468 -0.0532022 -0.0284891 0.0373874 -0.0070833 0.0708374 -0.0568709 -0.0012224 -0.0456589 -0.0148260 -0.0400401 -0.0318982 -0.0377614 0.0615295 -0.0350569 0.0530315 -0.0176955 0.0218279 0.0349340 -0.0305165 -0.0392966 -0.0554708 0.0072746 -0.0257910 0.1209628 -0.0276477 -0.0028914 0.0415786 0.0025667 -0.0464611 0.0047031 0.0493332 0.1618797 0.0374980 0.0562113 -0.0453574 -0.0333679 -0.0490234 -0.0007847 0.0696651 0.0820209 -0.0248974 -0.0279562 0.1286950 -0.0409078 -0.0206409 -0.0056293 -0.0117958 0.1248475 0.1364384 -0.0288351 0.1070735 -0.0078754 0.0012137 0.1035811 -0.0189558 -0.0531184
0.1713760 0.1666695 0.1726677 0.1702437 0.1544860 0.1595474 0.1669491 0.1630234 1.1675804 0.1650162 0.1432397 0.1692204 0.1442469 0.1500060 0.1689241 0.1753174 0.1737250 0.1520389 0.0985953 0.1222631 0.0575473 0.1439448 -0.0269420 -0.0211461 -0.0279958 -0.0514749 -0.0454444 -0.0425293 -0.0166766 -0.0463395 -0.0558610 -0.0285570 0.0354792 -0.0072633 0.0739009 -0.0594552 -0.0022937 -0.0454444 -0.0133580 -0.0404938 -0.0328705 -0.0395209 0.0642134 -0.0358654 0.0538496 -0.0188599 0.0232487 0.0362451 -0.0339651 -0.0404535 -0.0576053 0.0061666 -0.0263518 0.1238293 -0.0294958 -0.0039924 0.0412624 0.0025098 -0.0467383 0.0053322 0.0508200 0.1687530 0.0400036 0.0569922 -0.0472570 -0.0330546 -0.0506757 -0.0015327 0.0717729 0.0856737 -0.0258836 -0.0296723 0.1315079 -0.0416201 -0.0204428 -0.0048676 -0.0133343 0.1280292 0.1388133 -0.0288841 0.1090197 -0.0084627 0.0031350 0.1053827 -0.0206753 -0.0555905
0.1690101 0.1650715 0.1693684 0.1688189 0.1518192 0.1565071 0.1640961 0.1601461 0.1650162 1.1759111 0.1407965 0.1676028 0.1425548 0.1471156 0.1668725 0.1706977 0.1724350 0.1504357 0.0966444 0.1203280 0.0566797 0.1415240 -0.0264717 -0.0215932 -0.0274650 -0.0504448 -0.0468119 -0.0439999 -0.0182742 -0.0475074 -0.0563841 -0.0282408 0.0379722 -0.0068220 0.0740903 -0.0583741 -0.0027503 -0.0455847 -0.0131117 -0.0405873 -0.0340248 -0.0391217 0.0644969 -0.0359988 0.0565455 -0.0187843 0.0225599 0.0367234 -0.0310385 -0.0400282 -0.0575083 0.0052927 -0.0261706 0.1234505 -0.0290498 -0.0039150 0.0414076 0.0020198 -0.0468272 0.0051549 0.0515561 0.1661421 0.0396002 0.0586629 -0.0460910 -0.0336134 -0.0503189 -0.0011297 0.0727346 0.0839047 -0.0243312 -0.0288816 0.1337343 -0.0425748 -0.0199954 -0.0046012 -0.0129329 0.1289419 0.1396894 -0.0299160 0.1079123 -0.0084099 0.0026056 0.1059584 -0.0189913 -0.0544230
0.1469162 0.1417280 0.1475491 0.1447606 0.1320174 0.1362816 0.1412341 0.1388971 0.1432397 0.1407965 1.1310179 0.1437286 0.1229326 0.1277141 0.1441599 0.1478257 0.1478665 0.1299350 0.0839415 0.1040895 0.0492463 0.1236793 -0.0236533 -0.0190802 -0.0235972 -0.0459973 -0.0417127 -0.0381477 -0.0152443 -0.0425030 -0.0515296 -0.0248106 0.0337573 -0.0046935 0.0666909 -0.0533800 -0.0003495 -0.0407377 -0.0100488 -0.0370071 -0.0294788 -0.0349335 0.0572999 -0.0326403 0.0492799 -0.0150818 0.0217111 0.0338889 -0.0283534 -0.0366884 -0.0522139 0.0062033 -0.0219275 0.1089458 -0.0251495 -0.0023627 0.0376196 0.0045561 -0.0419021 0.0060705 0.0455841 0.1457348 0.0366393 0.0518973 -0.0424848 -0.0295639 -0.0455220 -0.0000069 0.0640541 0.0736510 -0.0211537 -0.0255408 0.1170583 -0.0381911 -0.0172895 -0.0029655 -0.0100615 0.1138698 0.1222914 -0.0251676 0.0960875 -0.0061018 0.0027919 0.0926634 -0.0172878 -0.0491375
0.1721623 0.1680209 0.1715247 0.1720182 0.1553168 0.1620337 0.1671858 0.1632413 0.1692204 0.1676028 0.1437286 1.1640905 0.1457764 0.1508027 0.1702799 0.1744998 0.1731392 0.1538385 0.0992648 0.1233320 0.0580030 0.1453394 -0.0258154 -0.0220602 -0.0280163 -0.0514984 -0.0442339 -0.0440685 -0.0186849 -0.0482962 -0.0567331 -0.0285031 0.0379263 -0.0062629 0.0730643 -0.0574296 -0.0009536 -0.0431909 -0.0133480 -0.0406052 -0.0330327 -0.0384278 0.0622516 -0.0362477 0.0526289 -0.0192421 0.0225283 0.0339599 -0.0328994 -0.0395950 -0.0569038 0.0061661 -0.0269590 0.1216261 -0.0290820 -0.0037827 0.0420517 0.0007209 -0.0473528 0.0040285 0.0482820 0.1675825 0.0388624 0.0561773 -0.0461710 -0.0337337 -0.0508197 -0.0011838 0.0697670 0.0823494 -0.0264391 -0.0281964 0.1326817 -0.0420666 -0.0210091 -0.0028346 -0.0125034 0.1254897 0.1389480 -0.0286312 0.1096006 -0.0091049 0.0000374 0.1040651 -0.0208869 -0.0551197
0.1491825 0.1428376 0.1497517 0.1468329 0.1326398 0.1383476 0.1436376 0.1407991 0.1442469 0.1425548 0.1229326 0.1457764 1.1303711 0.1288986 0.1452360 0.1499098 0.1496049 0.1317286 0.0846205 0.1053800 0.0496986 0.1236532 -0.0236828 -0.0180599 -0.0236396 -0.0465995 -0.0421614 -0.0398096 -0.0150368 -0.0434224 -0.0513933 -0.0245948 0.0345839 -0.0050957 0.0683705 -0.0535639 -0.0001155 -0.0415279 -0.0114403 -0.0366336 -0.0298382 -0.0357326 0.0586813 -0.0331083 0.0488587 -0.0150781 0.0217394 0.0335615 -0.0289728 -0.0369617 -0.0524641 0.0069177 -0.0223970 0.1095192 -0.0249267 -0.0020121 0.0384769 0.0034350 -0.0426788 0.0062035 0.0466542 0.1473892 0.0375736 0.0524282 -0.0422063 -0.0300802 -0.0457729 -0.0001394 0.0645943 0.0745491 -0.0215805 -0.0254463 0.1183629 -0.0383114 -0.0173762 -0.0024024 -0.0105098 0.1146139 0.1240984 -0.0254061 0.0975350 -0.0059814 0.0031757 0.0946112 -0.0168834 -0.0493160
0.1544893 0.1481121 0.1548757 0.1524194 0.1378671 0.1427406 0.1481052 0.1450864 0.1500060 0.1471156 0.1277141 0.1508027 0.1288986 1.1420279 0.1508324 0.1553300 0.1547270 0.1360864 0.0876698 0.1090385 0.0511171 0.1280543 -0.0247325 -0.0198433 -0.0242676 -0.0476970 -0.0429802 -0.0405683 -0.0156077 -0.0441717 -0.0521463 -0.0264315 0.0354175 -0.0056454 0.0693715 -0.0556838 -0.0005748 -0.0424261 -0.0109943 -0.0374464 -0.0308131 -0.0365500 0.0604395 -0.0333021 0.0508241 -0.0158309 0.0221671 0.0351167 -0.0287755 -0.0377650 -0.0541671 0.0066280 -0.0230143 0.1132092 -0.0257614 -0.0020350 0.0402828 0.0040897 -0.0437092 0.0062000 0.0494314 0.1529927 0.0377677 0.0548913 -0.0438305 -0.0314194 -0.0473728 0.0005209 0.0671630 0.0773534 -0.0222987 -0.0266899 0.1226381 -0.0388279 -0.0182641 -0.0038323 -0.0105669 0.1188331 0.1288132 -0.0262788 0.1002230 -0.0053777 0.0034116 0.0983047 -0.0179483 -0.0503642
0.1732402 0.1676661 0.1734679 0.1730530 0.1560766 0.1615340 0.1666134 0.1637076 0.1689241 0.1668725 0.1441599 0.1702799 0.1452360 0.1508324 1.1797035 0.1749551 0.1740182 0.1541248 0.0993691 0.1232555 0.0581001 0.1452062 -0.0276715 -0.0221322 -0.0282131 -0.0518966 -0.0466760 -0.0445074 -0.0186348 -0.0480824 -0.0565105 -0.0289921 0.0368496 -0.0079521 0.0753052 -0.0593436 -0.0007149 -0.0464495 -0.0119906 -0.0428764 -0.0343505 -0.0391889 0.0651411 -0.0349278 0.0530327 -0.0176565 0.0242362 0.0373868 -0.0331183 -0.0424775 -0.0566198 0.0055708 -0.0260782 0.1232621 -0.0280002 -0.0046072 0.0438735 0.0026189 -0.0491174 0.0046069 0.0513374 0.1697188 0.0387841 0.0577176 -0.0483481 -0.0333978 -0.0516248 -0.0018328 0.0724837 0.0862320 -0.0256742 -0.0297838 0.1326627 -0.0423928 -0.0206748 -0.0042034 -0.0119117 0.1303585 0.1426117 -0.0295417 0.1110251 -0.0089815 0.0016244 0.1061573 -0.0207326 -0.0524680
0.1736411 0.1734608 0.1774108 0.1757443 0.1613088 0.1661299 0.1740907 0.1690480 0.1753174 0.1706977 0.1478257 0.1744998 0.1499098 0.1553300 0.1749551 1.1343790 0.1797780 0.1579483 0.1018579 0.1273324 0.0601250 0.1496429 -0.0257711 -0.0239622 -0.0263992 -0.0504998 -0.0460234 -0.0441058 -0.0185125 -0.0445417 -0.0557428 -0.0299994 0.0367035 -0.0081732 0.0673455 -0.0533247 -0.0026745 -0.0449006 -0.0165525 -0.0417499 -0.0341308 -0.0404335 0.0626778 -0.0360099 0.0517674 -0.0178475 0.0216615 0.0332418 -0.0349579 -0.0405196 -0.0549575 0.0039398 -0.0263329 0.1183242 -0.0283879 -0.0032366 0.0395520 0.0004849 -0.0439237 0.0018631 0.0473889 0.1661109 0.0345303 0.0540872 -0.0455695 -0.0320522 -0.0482906 -0.0023900 0.0687884 0.0829127 -0.0261134 -0.0313783 0.1272284 -0.0441414 -0.0204416 -0.0037118 -0.0138335 0.1242729 0.1384228 -0.0293214 0.1078019 -0.0061371 -0.0005416 0.1030950 -0.0194682 -0.0549390
0.1778959 0.1710634 0.1790850 0.1762486 0.1602201 0.1646359 0.1718659 0.1685210 0.1737250 0.1724350 0.1478665 0.1731392 0.1496049 0.1547270 0.1740182 0.1797780 1.1478536 0.1588014 0.1013987 0.1270261 0.0601386 0.1491315 -0.0282744 -0.0228430 -0.0285263 -0.0511244 -0.0464331 -0.0454059 -0.0160679 -0.0480077 -0.0551432 -0.0295719 0.0381264 -0.0074804 0.0722915 -0.0570724 -0.0024709 -0.0446515 -0.0151156 -0.0394603 -0.0341299 -0.0398662 0.0649280 -0.0353651 0.0534510 -0.0188955 0.0231196 0.0344095 -0.0317875 -0.0403704 -0.0558400 0.0034787 -0.0275687 0.1210322 -0.0302458 -0.0040359 0.0422579 -0.0002141 -0.0468124 0.0027366 0.0527821 0.1693893 0.0369774 0.0578145 -0.0480139 -0.0340009 -0.0517023 -0.0040661 0.0706427 0.0822544 -0.0278456 -0.0298449 0.1333432 -0.0425757 -0.0224782 -0.0038193 -0.0142721 0.1288792 0.1410718 -0.0297177 0.1099761 -0.0069835 0.0012666 0.1043841 -0.0216580 -0.0543687
0.1568627 0.1508746 0.1572440 0.1557325 0.1406069 0.1462336 0.1505065 0.1485321 0.1520389 0.1504357 0.1299350 0.1538385 0.1317286 0.1360864 0.1541248 0.1579483 0.1588014 1.1424414 0.0895026 0.1114537 0.0525279 0.1316299 -0.0247014 -0.0199524 -0.0248198 -0.0475904 -0.0441609 -0.0417272 -0.0158572 -0.0452772 -0.0528285 -0.0261715 0.0354013 -0.0057689 0.0693075 -0.0559941 -0.0012045 -0.0432509 -0.0109904 -0.0383873 -0.0309506 -0.0355904 0.0606054 -0.0343118 0.0502078 -0.0158122 0.0224129 0.0352817 -0.0303206 -0.0383636 -0.0537557 0.0062580 -0.0241488 0.1138984 -0.0262959 -0.0012558 0.0393326 0.0034642 -0.0443912 0.0051282 0.0489182 0.1543266 0.0374760 0.0558638 -0.0429229 -0.0318107 -0.0483299 0.0011273 0.0665385 0.0772336 -0.0240221 -0.0268933 0.1245951 -0.0399796 -0.0166919 -0.0047404 -0.0122111 0.1193558 0.1294868 -0.0269050 0.1015831 -0.0071430 0.0013734 0.0973047 -0.0177363 -0.0513309
0.1007637 0.0975117 0.1015472 0.1000232 0.0906140 0.0933400 0.0969992 0.0951185 0.0985953 0.0966444 0.0839415 0.0992648 0.0846205 0.0876698 0.0993691 0.1018579 0.1013987 0.0895026 1.0589979 0.0715826 0.0338137 0.0841910 -0.0154148 -0.0128262 -0.0159723 -0.0319378 -0.0295266 -0.0270602 -0.0101543 -0.0295904 -0.0367981 -0.0166934 0.0235663 -0.0030031 0.0456835 -0.0383425 -0.0000828 -0.0282443 -0.0070885 -0.0250779 -0.0204531 -0.0243969 0.0396123 -0.0224951 0.0337144 -0.0097331 0.0147290 0.0232742 -0.0196793 -0.0250276 -0.0367280 0.0047340 -0.0146085 0.0746384 -0.0169105 -0.0011036 0.0262944 0.0031453 -0.0294020 0.0048075 0.0317788 0.1003489 0.0250579 0.0360884 -0.0297695 -0.0201887 -0.0326360 0.0004962 0.0442710 0.0513648 -0.0148623 -0.0171282 0.0805446 -0.0266223 -0.0106365 -0.0017439 -0.0066561 0.0781626 0.0841264 -0.0172887 0.0657323 -0.0038258 0.0023380 0.0647331 -0.0114089 -0.0343633
0.1256260 0.1212833 0.1259740 0.1249992 0.1122476 0.1162867 0.1212423 0.1182330 0.1222631 0.1203280 0.1040895 0.1233320 0.1053800 0.1090385 0.1232555 0.1273324 0.1270261 0.1114537 0.0715826 1.0833486 0.0420512 0.1049004 -0.0195895 -0.0152561 -0.0198811 -0.0405852 -0.0358734 -0.0340424 -0.0123876 -0.0374634 -0.0451113 -0.0211921 0.0291388 -0.0043557 0.0579453 -0.0469548 -0.0003060 -0.0355187 -0.0086086 -0.0317065 -0.0250806 -0.0304273 0.0495910 -0.0277488 0.0419965 -0.0126720 0.0186151 0.0291482 -0.0240355 -0.0313528 -0.0456726 0.0057550 -0.0182062 0.0934183 -0.0208455 -0.0009456 0.0327823 0.0040558 -0.0363539 0.0051693 0.0395837 0.1245569 0.0312947 0.0453939 -0.0360668 -0.0255209 -0.0400617 -0.0000247 0.0551403 0.0639481 -0.0175397 -0.0217703 0.1002914 -0.0321114 -0.0144370 -0.0020934 -0.0080331 0.0971078 0.1049317 -0.0212527 0.0820717 -0.0046417 0.0033227 0.0803591 -0.0140656 -0.0425352
0.0595846 0.0568328 0.0592880 0.0586093 0.0529579 0.0547335 0.0567676 0.0559839 0.0575473 0.0566797 0.0492463 0.0580030 0.0496986 0.0511171 0.0581001 0.0601250 0.0601386 0.0525279 0.0338137 0.0420512 1.0283657 0.0500111 -0.0095121 -0.0075484 -0.0091098 -0.0187633 -0.0173698 -0.0159015 -0.0056726 -0.0175293 -0.0214832 -0.0100361 0.0136460 -0.0018439 0.0268149 -0.0224171 0.0004818 -0.0165696 -0.0037534 -0.0150811 -0.0115942 -0.0140669 0.0235764 -0.0133899 0.0196808 -0.0057675 0.0093056 0.0133773 -0.0113176 -0.0151115 -0.0220585 0.0030495 -0.0092278 0.0441584 -0.0094074 -0.0006207 0.0149792 0.0016612 -0.0174690 0.0023451 0.0187044 0.0587388 0.0146594 0.0216551 -0.0177032 -0.0117612 -0.0189997 -0.0001907 0.0255257 0.0301789 -0.0085566 -0.0101778 0.0472515 -0.0153180 -0.0069357 -0.0008602 -0.0041913 0.0464356 0.0493512 -0.0102624 0.0387600 -0.0024091 0.0016131 0.0375986 -0.0069749 -0.0206491
0.1479980 0.1424380 0.1489743 0.1466401 0.1324519 0.1367168 0.1423690 0.1399058 0.1439448 0.1415240 0.1236793 0.1453394 0.1236532 0.1280543 0.1452062 0.1496429 0.1491315 0.1316299 0.0841910 0.1049004 0.0500111 1.1281688 -0.0241647 -0.0192449 -0.0227201 -0.0464261 -0.0416578 -0.0395959 -0.0147648 -0.0429124 -0.0516812 -0.0251307 0.0339345 -0.0047711 0.0678238 -0.0528879 -0.0015598 -0.0418773 -0.0114145 -0.0369274 -0.0295526 -0.0339645 0.0573573 -0.0326742 0.0482929 -0.0152640 0.0222324 0.0331974 -0.0279273 -0.0364847 -0.0517577 0.0063297 -0.0220407 0.1096227 -0.0248610 -0.0017198 0.0381637 0.0031965 -0.0415849 0.0055975 0.0459474 0.1468133 0.0355365 0.0535062 -0.0418680 -0.0303390 -0.0459507 -0.0001805 0.0641722 0.0745886 -0.0215466 -0.0254631 0.1169014 -0.0378691 -0.0173175 -0.0033998 -0.0098295 0.1127240 0.1235298 -0.0248474 0.0966951 -0.0061742 0.0029404 0.0937470 -0.0165278 -0.0488109
-0.0274536 -0.0263221 -0.0261147 -0.0284961 -0.0257264 -0.0252680 -0.0277812 -0.0266594 -0.0269420 -0.0264717 -0.0236533 -0.0258154 -0.0236828 -0.0247325 -0.0276715 -0.0257711 -0.0282744 -0.0247014 -0.0154148 -0.0195895 -0.0095121 -0.0241647 1.0205994 -0.0073111 -0.0108307 -0.0095985 -0.0144445 -0.0124758 -0.0133136 -0.0125417 -0.0143128 -0.0076980 -0.0145857 -0.0104468 -0.0182307 -0.0171787 -0.0151479 -0.0104638 -0.0122751 -0.0090942 -0.0113112 -0.0081427 -0.0116678 -0.0110446 -0.0192452 -0.0072144 -0.0118351 -0.0125252 -0.0026841 -0.0083444 -0.0112221 -0.0126267 -0.0132451 -0.0220438 -0.0126805 -0.0129876 -0.0164623 -0.0189360 -0.0051398 -0.0123475 -0.0139783 -0.0268999 -0.0198459 -0.0196029 -0.0098439 -0.0123959 -0.0105720 -0.0093188 -0.0173981 -0.0178324 -0.0127697 -0.0129920 -0.0185645 -0.0107664 -0.0112689 -0.0116629 -0.0177562 -0.0196467 -0.0205976 -0.0134452 -0.0178941 -0.0165431 -0.0129372 -0.0202500 -0.0142541 -0.0053360
-0.0218822 -0.0214774 -0.0207500 -0.0235914 -0.0205798 -0.0220311 -0.0229226 -0.0206073 -0.0211461 -0.0215932 -0.0190802 -0.0220602 -0.0180599 -0.0198433 -0.0221322 -0.0239622 -0.0228430 -0.0199524 -0.0128262 -0.0152561 -0.0075484 -0.0192449 -0.0073111 0.9465047 -0.0108859 -0.0060777 -0.0146323 -0.0038806 -0.0063199 -0.0092559 -0.0100267 -0.0074082 -0.0085028 -0.0096165 -0.0153712 -0.0075571 -0.0079068 -0.0081405 -0.0110385 -0.0117753 -0.0101571 -0.0148280 -0.0096369 -0.0126074 -0.0125727 -0.0057395 -0.0054969 -0.0160828 -0.0064817 -0.0128823 -0.0094717 -0.0102614 -0.0035828 -0.0192485 -0.0108755 -0.0103252 -0.0118701 -0.0116292 -0.0049740 -0.0065465 -0.0119654 -0.0231417 -0.0155494 -0.0107541 -0.0133977 -0.0099722 -0.0094014 -0.0115423 -0.0137335 -0.0155169 -0.0086698 -0.0113211 -0.0209816 -0.0039117 -0.0093502 -0.0070358 -0.0113983 -0.0186510 -0.0187467 -0.0140508 -0.0195002 -0.0074179 -0.0157465 -0.0149011 -0.0118067 -0.0125608
-0.0284364 -0.0283732 -0.0277773 -0.0270258 -0.0243890 -0.0258245 -0.0275210 -0.0258077 -0.0279958 -0.0274650 -0.0235972 -0.0280163 -0.0236396 -0.0242676 -0.0282131 -0.0263992 -0.0285263 -0.0248198 -0.0159723 -0.0198811 -0.0091098 -0.0227201 -0.0108307 -0.0108859 0.8693851 -0.0074917 -0.0069430 -0.0035249 -0.0065966 -0.0127558 -0.0110752 -0.0023531 -0.0120317 -0.0082333 -0.0180486 -0.0014999 -0.0086824 -0.0059483 -0.0113434 -0.0110295 -0.0095207 -0.0115848 -0.0129892 -0.0071263 -0.0084931 -0.0067423 -0.0093826 -0.0127726 -0.0076804 -0.0078396 -0.0093206 -0.0093095 -0.0115133 -0.0200124 -0.0105249 -0.0057852 -0.0155609 -0.0091115 -0.0112950 -0.0134999 -0.0119915 -0.0266263 -0.0210022 -0.0120738 -0.0065939 -0.0079478 -0.0011785 -0.0040334 -0.0120327 -0.0154142 -0.0060238 -0.0139628 -0.0223320 -0.0095243 -0.0011729 -0.0108172 -0.0074743 -0.0198067 -0.0234935 -0.0005709 -0.0189425 -0.0092384 -0.0101658 -0.0192838 -0.0076937 -0.0097511
-0.0487882 -0.0514827 -0.0519451 -0.0511521 -0.0489751 -0.0500845 -0.0496910 -0.0501590 -0.0514749 -0.0504448 -0.0459973 -0.0514984 -0.0465995 -0.0476970 -0.0518966 -0.0504998 -0.0511244 -0.0475904 -0.0319378 -0.0405852 -0.0187633 -0.0464261 -0.0095985 -0.0060777 -0.0074917 0.8666024 -0.0058958 -0.0052481 -0.0055166 -0.0001295 -0.0028904 -0.0029750 -0.0219107 -0.0124319 -0.0231097 -0.0036617 -0.0116521 -0.0054934 -0.0055435 -0.0002272 -0.0072223 -0.0079911 -0.0219074 -0.0094980 -0.0195192 -0.0012887 -0.0164256 -0.0220257 -0.0093147 -0.0123095 -0.0066122 -0.0157029 -0.0045885 -0.0347632 -0.0024733 -0.0064811 -0.0189666 -0.0151869 -0.0042164 -0.0176494 -0.0163137 -0.0495228 -0.0229267 -0.0207581 -0.0085905 -0.0080142 -0.0055246 -0.0152577 -0.0263189 -0.0233474 -0.0054947 -0.0125003 -0.0399089 -0.0133976 -0.0092137 -0.0084296 -0.0125677 -0.0365113 -0.0361903 -0.0088671 -0.0336227 -0.0140142 -0.0086702 -0.0316868 -0.0037553 0.0039194
-0.0463154 -0.0460706 -0.0463923 -0.0455832 -0.0441470 -0.0456699 -0.0456828 -0.0441804 -0.0454444 -0.0468119 -0.0417127 -0.0442339 -0.0421614 -0.0429802 -0.0466760 -0.0460234 -0.0464331 -0.0441609 -0.0295266 -0.0358734 -0.0173698 -0.0416578 -0.0144445 -0.0146323 -0.0069430 -0.0058958 0.9798922 -0.0066454 -0.0093245 -0.0057439 -0.0063226 -0.0026476 -0.0152438 -0.0176236 -0.0279042 -0.0036725 -0.0103296 -0.0039310 -0.0152062 -0.0101658 -0.0107370 -0.0039832 -0.0198389 -0.0071821 -0.0183292 -0.0117366 -0.0165114 -0.0191701 -0.0057453 0.0016634 -0.0112196 -0.0119858 -0.0086461 -0.0322784 -0.0031946 -0.0096739 -0.0157344 -0.0144263 -0.0008776 -0.0136611 -0.0198041 -0.0437985 -0.0242526 -0.0168610 -0.0023766 -0.0148604 -0.0012054 -0.0109165 -0.0225683 -0.0250441 -0.0013683 -0.0100675 -0.0376452 -0.0088765 -0.0069196 -0.0122325 -0.0108983 -0.0325438 -0.0360538 -0.0072563 -0.0298527 -0.0181832 -0.0069146 -0.0308358 -0.0126280 -0.0100521
-0.0389180 -0.0449517 -0.0429987 -0.0437948 -0.0417790 -0.0429721 -0.0455777 -0.0435629 -0.0425293 -0.0439999 -0.0381477 -0.0440685 -0.0398096 -0.0405683 -0.0445074 -0.0441058 -0.0454059 -0.0417272 -0.0270602 -0.0340424 -0.0159015 -0.0395959 -0.0124758 -0.0038806 -0.0035249 -0.0052481 -0.0066454 0.9652637 -0.0046967 -0.0076102 -0.0042848 -0.0051067 -0.0176108 -0.0105095 -0.0231343 -0.0077923 -0.0085796 0.0008923 -0.0123985 -0.0065667 -0.0147377 -0.0086210 -0.0179385 -0.0145547 -0.0158840 0.0002342 -0.0144916 -0.0219407 -0.0114800 -0.0130373 -0.0087298 -0.0180905 -0.0067944 -0.0323557 -0.0034152 -0.0079500 -0.0138947 -0.0129294 -0.0062865 -0.0140375 -0.0200573 -0.0406105 -0.0182896 -0.0185987 -0.0151105 -0.0053324 -0.0022803 -0.0073109 -0.0219799 -0.0239537 -0.0061444 -0.0106567 -0.0348553 -0.0081160 -0.0112633 -0.0096808 -0.0125733 -0.0367076 -0.0335503 -0.0018403 -0.0288524 -0.0116415 -0.0131672 -0.0286770 -0.0058666 -0.0034577
-0.0189697 -0.0177661 -0.0180808 -0.0161814 -0.0159089 -0.0160717 -0.0170158 -0.0166515 -0.0166766 -0.0182742 -0.0152443 -0.0186849 -0.0150368 -0.0156077 -0.0186348 -0.0185125 -0.0160679 -0.0158572 -0.0101543 -0.0123876 -0.0056726 -0.0147648 -0.0133136 -0.0063199 -0.0065966 -0.0055166 -0.0093245 -0.0046967 0.9578760 0.0010514 -0.0193185 -0.0104120 -0.0078325 -0.0024221 -0.0159690 -0.0058835 -0.0064513 -0.0063103 -0.0122160 -0.0060027 -0.0086796 -0.0167071 -0.0152784 -0.0146924 -0.0113360 -0.0074768 -0.0095435 -0.0136585 -0.0129796 -0.0131493 -0.0143475 -0.0139511 -0.0047965 -0.0171135 -0.0050099 -0.0084009 -0.0105217 -0.0128221 -0.0094848 -0.0122853 -0.0119756 -0.0192716 -0.0130644 -0.0086006 -0.0107518 -0.0110124 -0.0107025 -0.0112652 -0.0082047 -0.0110998 -0.0084644 -0.0160881 -0.0139884 -0.0134316 -0.0150582 -0.0085782 -0.0072736 -0.0147045 -0.0142814 -0.0068134 -0.0132908 -0.0098114 -0.0100466 -0.0205273 -0.0109319 -0.0057496
-0.0460871 -0.0455021 -0.0497346 -0.0470436 -0.0453005 -0.0467589 -0.0465488 -0.0465468 -0.0463395 -0.0475074 -0.0425030 -0.0482962 -0.0434224 -0.0441717 -0.0480824 -0.0445417 -0.0480077 -0.0452772 -0.0295904 -0.0374634 -0.0175293 -0.0429124 -0.0125417 -0.0092559 -0.0127558 -0.0001295 -0.0057439 -0.0076102 0.0010514 0.9436072 -0.0013231 -0.0033010 -0.0150156 -0.0106929 -0.0244970 -0.0057311 -0.0091867 0.0009168 -0.0102229 -0.0054475 -0.0060338 -0.0089868 -0.0204472 -0.0012225 -0.0186575 -0.0096705 -0.0109188 -0.0170476 -0.0107343 -0.0024770 -0.0041855 -0.0117558 -0.0105001 -0.0337328 -0.0134290 -0.0098502 -0.0162392 -0.0092547 -0.0053889 -0.0115205 -0.0227643 -0.0475005 -0.0242517 -0.0228618 -0.0042434 -0.0101952 -0.0058969 -0.0117683 -0.0234278 -0.0273772 -0.0056221 -0.0051871 -0.0368929 -0.0109372 -0.0114461 -0.0095543 -0.0083648 -0.0351260 -0.0407401 -0.0082837 -0.0326876 -0.0144463 -0.0129218 -0.0267111 -0.0101602 0.0014041
-0.0503490 -0.0553770 -0.0522695 -0.0567336 -0.0542000 -0.0545443 -0.0527100 -0.0532022 -0.0558610 -0.0563841 -0.0515296 -0.0567331 -0.0513933 -0.0521463 -0.0565105 -0.0557428 -0.0551432 -0.0528285 -0.0367981 -0.0451113 -0.0214832 -0.0516812 -0.0143128 -0.0100267 -0.0110752 -0.0028904 -0.0063226 -0.0042848 -0.0193185 -0.0013231 1.0396631 -0.0101019 -0.0241537 -0.0066277 -0.0307959 -0.0033823 -0.0142502 -0.0023584 -0.0128156 -0.0117709 -0.0090183 -0.0100251 -0.0319233 -0.0055522 -0.0240124 -0.0160420 -0.0155234 -0.0289895 -0.0060679 -0.0103897 -0.0064823 -0.0110493 -0.0099571 -0.0381968 -0.0109590 -0.0197220 -0.0202083 -0.0183461 -0.0020246 -0.0193362 -0.0259139 -0.0506018 -0.0255784 -0.0238746 -0.0039890 -0.0122655 -0.0026987 -0.0156999 -0.0299126 -0.0326585 -0.0142878 -0.0151375 -0.0386739 -0.0022246 -0.0070746 -0.0130236 -0.0134791 -0.0411357 -0.0421821 -0.0105736 -0.0388109 -0.0176909 -0.0205037 -0.0351267 -0.0080667 -0.0034745
-0.0310583 -0.0284182 -0.0283129 -0.0312818 -0.0268730 -0.0276126 -0.0293955 -0.0284891 -0.0285570 -0.0282408 -0.0248106 -0.0285031 -0.0245948 -0.0264315 -0.0289921 -0.0299994 -0.0295719 -0.0261715 -0.0166934 -0.0211921 -0.0100361 -0.0251307 -0.0076980 -0.0074082 -0.0023531 -0.0029750 -0.0026476 -0.0051067 -0.0104120 -0.0033010 -0.0101019 0.8790485 -0.0101603 -0.0067811 -0.0196655 -0.0062495 -0.0074925 -0.0073938 -0.0129959 -0.0176323 -0.0032765 -0.0038627 -0.0130451 -0.0083122 -0.0166303 -0.0085869 -0.0070553 -0.0113193 -0.0117683 -0.0088680 -0.0109306 -0.0118290 -0.0098008 -0.0213256 -0.0013159 -0.0069841 -0.0069070 -0.0173347 -0.0092216 -0.0174150 -0.0103719 -0.0285457 -0.0151414 -0.0132294 -0.0083326 -0.0142315 -0.0136264 -0.0065101 -0.0172610 -0.0147082 -0.0068175 -0.0102499 -0.0237505 -0.0118365 -0.0069942 -0.0118024 -0.0089869 -0.0232440 -0.0221244 -0.0046465 -0.0162988 -0.0145468 -0.0072298 -0.0199966 -0.0060268 -0.0104728
0.0331471 0.0365924 0.0350736 0.0351772 0.0356398 0.0365415 0.0353916 0.0373874 0.0354792 0.0379722 0.0337573 0.0379263 0.0345839 0.0354175 0.0368496 0.0367035 0.0381264 0.0354013 0.0235663 0.0291388 0.0136460 0.0339345 -0.0145857 -0.0085028 -0.0120317 -0.0219107 -0.0152438 -0.0176108 -0.0078325 -0.0150156 -0.0241537 -0.0101603 0.9054840 -0.0063105 0.0081485 -0.0166016 -0.0068071 -0.0162523 -0.0046039 -0.0164172 -0.0126695 -0.0133980 0.0075994 -0.0151489 0.0070096 -0.0107282 0.0031801 -0.0009600 -0.0116297 -0.0090303 -0.0179768 -0.0036170 -0.0132814 0.0201584 -0.0095842 -0.0072252 0.0008782 -0.0030357 -0.0149897 -0.0035280 0.0086138 0.0320146 -0.0028609 0.0102385 -0.0163794 -0.0124848 -0.0148560 -0.0019389 0.0145666 0.0157567 -0.0137029 -0.0168067 0.0189297 -0.0159593 -0.0070945 -0.0080335 -0.0099584 0.0228528 0.0280318 -0.0126647 0.0201975 -0.0138973 -0.0039526 0.0184890 -0.0073268 -0.0211647
-0.0083585 -0.0073935 -0.0097052 -0.0074804 -0.0062219 -0.0064921 -0.0086984 -0.0070833 -0.0072633 -0.0068220 -0.0046935 -0.0062629 -0.0050957 -0.0056454 -0.0079521 -0.0081732 -0.0074804 -0.0057689 -0.0030031 -0.0043557 -0.0018439 -0.0047711 -0.0104468 -0.0096165 -0.0082333 -0.0124319 -0.0176236 -0.0105095 -0.0024221 -0.0106929 -0.0066277 -0.0067811 -0.0063105 0.9459007 -0.0100903 -0.0122926 -0.0055618 -0.0129523 -0.0109901 -0.0057791 -0.0098705 -0.0120211 -0.0050672 -0.0124775 -0.0060233 -0.0067554 -0.0092837 -0.0071187 -0.0122423 -0.0100218 -0.0114267 -0.0070519 -0.0092837 -0.0108925 -0.0066234 -0.0051824 -0.0085026 -0.0068170 -0.0074365 -0.0063864 -0.0086783 -0.0098195 -0.0110767 -0.0074880 -0.0164044 -0.0103576 -0.0054099 -0.0014797 -0.0074570 -0.0054481 -0.0101121 -0.0133092 -0.0112278 -0.0139395 -0.0067690 -0.0082293 -0.0128851 -0.0112416 -0.0075939 -0.0099234 -0.0045419 -0.0156364 -0.0051819 -0.0049125 -0.0104650 -0.0110361
0.0612789 0.0734340 0.0690911 0.0726981 0.0709875 0.0729104 0.0723841 0.0708374 0.0739009 0.0740903 0.0666909 0.0730643 0.0683705 0.0693715 0.0753052 0.0673455 0.0722915 0.0693075 0.0456835 0.0579453 0.0268149 0.0678238 -0.0182307 -0.0153712 -0.0180486 -0.0231097 -0.0279042 -0.0231343 -0.0159690 -0.0244970 -0.0307959 -0.0196655 0.0081485 -0.0100903 1.1214242 -0.0282228 -0.0129539 -0.0283125 -0.0144758 -0.0240847 -0.0255253 -0.0258435 0.0144128 -0.0183258 0.0154775 -0.0139418 0.0038733 0.0028147 -0.0210016 -0.0197564 -0.0302701 -0.0030929 -0.0195345 0.0336282 -0.0175484 -0.0087414 0.0070482 -0.0075928 -0.0227625 -0.0095430 0.0086351 0.0639411 0.0025094 0.0103440 -0.0279909 -0.0189270 -0.0237668 -0.0069593 0.0174004 0.0239621 -0.0183296 -0.0146354 0.0419745 -0.0227490 -0.0121692 -0.0132881 -0.0135693 0.0372086 0.0445757 -0.0243974 0.0340514 -0.0172565 -0.0073930 0.0285641 -0.0153249 -0.0288124
-0.0543464 -0.0585389 -0.0583725 -0.0592336 -0.0565357 -0.0575304 -0.0580589 -0.0568709 -0.0594552 -0.0583741 -0.0533800 -0.0574296 -0.0535639 -0.0556838 -0.0593436 -0.0533247 -0.0570724 -0.0559941 -0.0383425 -0.0469548 -0.0224171 -0.0528879 -0.0171787 -0.0075571 -0.0014999 -0.0036617 -0.0036725 -0.0077923 -0.0058835 -0.0057311 -0.0033823 -0.0062495 -0.0166016 -0.0122926 -0.0282228 0.9272715 -0.0128577 -0.0075658 -0.0127434 -0.0044838 -0.0026962 -0.0083865 -0.0294558 -0.0067329 -0.0259561 -0.0108891 -0.0191452 -0.0203488 -0.0108772 -0.0092625 -0.0051364 -0.0125059 -0.0113011 -0.0421393 -0.0109463 -0.0121848 -0.0233351 -0.0176745 -0.0046662 -0.0129384 -0.0222112 -0.0572000 -0.0243872 -0.0231732 -0.0010081 -0.0081084 -0.0112327 -0.0136579 -0.0238425 -0.0355621 -0.0089290 -0.0114353 -0.0418950 -0.0000747 -0.0104957 -0.0101213 -0.0157108 -0.0461354 -0.0440232 -0.0046685 -0.0376945 -0.0131186 -0.0169334 -0.0385348 -0.0118953 -0.0076569
-0.0021330 -0.0032875 -0.0045109 -0.0015405 -0.0005223 -0.0015331 -0.0021708 -0.0012224 -0.0022937 -0.0027503 -0.0003495 -0.0009536 -0.0001155 -0.0005748 -0.0007149 -0.0026745 -0.0024709 -0.0012045 -0.0000828 -0.0003060 0.0004818 -0.0015598 -0.0151479 -0.0079068 -0.0086824 -0.0116521 -0.0103296 -0.0085796 -0.0064513 -0.0091867 -0.0142502 -0.0074925 -0.0068071 -0.0055618 -0.0129539 -0.0128577 0.9267973 -0.0132367 -0.0056405 -0.0121744 -0.0149046 -0.0157761 -0.0016682 -0.0027985 -0.0074119 -0.0075146 -0.0079892 -0.0117178 -0.0114209 -0.0156997 -0.0116024 -0.0076320 -0.0097090 -0.0081471 -0.0071231 -0.0048888 -0.0059927 -0.0123871 -0.0067069 -0.0056422 -0.0035556 -0.0046942 -0.0161644 -0.0068505 -0.0180748 -0.0083925 -0.0132694 -0.0106601 -0.0058459 -0.0067487 -0.0084996 -0.0073010 -0.0064748 -0.0099051 -0.0094599 -0.0066042 -0.0059106 -0.0057723 -0.0048635 -0.0103053 -0.0040019 -0.0170051 -0.0082404 -0.0094608 -0.0073706 -0.0160965
-0.0458351 -0.0454840 -0.0476560 -0.0471151 -0.0438950 -0.0431379 -0.0449414 -0.0456589 -0.0454444 -0.0455847 -0.0407377 -0.0431909 -0.0415279 -0.0424261 -0.0464495 -0.0449006 -0.0446515 -0.0432509 -0.0282443 -0.0355187 -0.0165696 -0.0418773 -0.0104638 -0.0081405 -0.0059483 -0.0054934 -0.0039310 0.0008923 -0.0063103 0.0009168 -0.0023584 -0.0073938 -0.0162523 -0.0129523 -0.0283125 -0.0075658 -0.0132367 0.9830967 -0.0105974 0.0006223 -0.0024764 -0.0011542 -0.0241171 -0.0070876 -0.0176961 -0.0088486 -0.0132782 -0.0199823 -0.0115817 -0.0026928 -0.0099264 -0.0168474 -0.0075803 -0.0313870 -0.0020425 -0.0084966 -0.0137842 -0.0081581 -0.0026749 -0.0127631 -0.0200847 -0.0432446 -0.0184360 -0.0226974 -0.0057239 -0.0092740 -0.0016572 -0.0110520 -0.0247616 -0.0223926 -0.0016499 -0.0088859 -0.0314279 -0.0107208 -0.0084639 -0.0067521 -0.0095886 -0.0370898 -0.0373308 -0.0076338 -0.0288489 -0.0064499 -0.0147490 -0.0282895 -0.0119809 -0.0084489
-0.0147142 -0.0139497 -0.0158265 -0.0131953 -0.0118520 -0.0129974 -0.0124383 -0.0148260 -0.0133580 -0.0131117 -0.0100488 -0.0133480 -0.0114403 -0.0109943 -0.0119906 -0.0165525 -0.0151156 -0.0109904 -0.0070885 -0.0086086 -0.0037534 -0.0114145 -0.0122751 -0.0110385 -0.0113434 -0.0055435 -0.0152062 -0.0123985 -0.0122160 -0.0102229 -0.0128156 -0.0129959 -0.0046039 -0.0109901 -0.0144758 -0.0127434 -0.0056405 -0.0105974 0.9602337 -0.0104221 -0.0114242 -0.0125816 -0.0090159 -0.0155147 -0.0047323 -0.0099258 -0.0095028 -0.0117197 -0.0095669 -0.0108574 -0.0172978 -0.0055293 -0.0116907 -0.0127118 -0.0121705 -0.0129836 -0.0114915 -0.0060920 -0.0104593 -0.0094375 -0.0088159 -0.0155388 -0.0175078 -0.0096346 -0.0106588 -0.0098303 -0.0152373 -0.0136539 -0.0076391 -0.0118598 -0.0093370 -0.0104373 -0.0132632 -0.0145408 -0.0098261 -0.0078939 -0.0101865 -0.0114976 -0.0125982 0.0005760 -0.0112460 -0.0108734 -0.0139030 -0.0101998 -0.0116200 -0.0100035
-0.0391424 -0.0388644 -0.0417680 -0.0390732 -0.0382206 -0.0393176 -0.0409147 -0.0400401 -0.0404938 -0.0405873 -0.0370071 -0.0406052 -0.0366336 -0.0374464 -0.0428764 -0.0417499 -0.0394603 -0.0383873 -0.0250779 -0.0317065 -0.0150811 -0.0369274 -0.0090942 -0.0117753 -0.0110295 -0.0002272 -0.0101658 -0.0065667 -0.0060027 -0.0054475 -0.0117709 -0.0176323 -0.0164172 -0.0057791 -0.0240847 -0.0044838 -0.0121744 0.0006223 -0.0104221 0.9177072 -0.0076387 -0.0044624 -0.0177996 -0.0111248 -0.0196680 -0.0025654 -0.0124454 -0.0107570 -0.0093041 -0.0020840 -0.0070774 -0.0119315 -0.0100190 -0.0266127 -0.0161322 -0.0125289 -0.0167186 -0.0115790 -0.0111510 -0.0125107 -0.0200477 -0.0367380 -0.0211374 -0.0181211 -0.0051122 -0.0120155 -0.0086209 -0.0124576 -0.0214385 -0.0229862 -0.0167237 -0.0097716 -0.0299402 -0.0072184 -0.0116610 -0.0204036 -0.0120362 -0.0313421 -0.0331626 -0.0121424 -0.0260396 -0.0130533 -0.0207113 -0.0253921 -0.0073019 -0.0047630
-0.0337177 -0.0347187 -0.0340425 -0.0350334 -0.0319033 -0.0318111 -0.0327777 -0.0318982 -0.0328705 -0.0340248 -0.0294788 -0.0330327 -0.0298382 -0.0308131 -0.0343505 -0.0341308 -0.0341299 -0.0309506 -0.0204531 -0.0250806 -0.0115942 -0.0295526 -0.0113112 -0.0101571 -0.0095207 -0.0072223 -0.0107370 -0.0147377 -0.0086796 -0.0060338 -0.0090183 -0.0032765 -0.0126695 -0.0098705 -0.0255253 -0.0026962 -0.0149046 -0.0024764 -0.0114242 -0.0076387 0.9600295 -0.0095362 -0.0197683 -0.0126486 -0.0167834 -0.0061131 -0.0130972 -0.0175664 -0.0111762 -0.0093555 -0.0049326 -0.0071663 -0.0151294 -0.0271606 -0.0081450 -0.0098091 -0.0131787 -0.0143963 -0.0067292 -0.0190716 -0.0157728 -0.0340057 -0.0197257 -0.0201575 -0.0153299 -0.0085078 -0.0140541 -0.0091116 -0.0145577 -0.0207212 -0.0100659 -0.0109491 -0.0256327 -0.0071560 -0.0096613 -0.0133855 -0.0187355 -0.0245259 -0.0256875 -0.0111637 -0.0240644 -0.0077165 -0.0077842 -0.0205418 -0.0057278 -0.0142801
-0.0376768 -0.0388906 -0.0371243 -0.0398457 -0.0374944 -0.0382665 -0.0393304 -0.0377614 -0.0395209 -0.0391217 -0.0349335 -0.0384278 -0.0357326 -0.0365500 -0.0391889 -0.0404335 -0.0398662 -0.0355904 -0.0243969 -0.0304273 -0.0140669 -0.0339645 -0.0081427 -0.0148280 -0.0115848 -0.0079911 -0.0039832 -0.0086210 -0.0167071 -0.0089868 -0.0100251 -0.0038627 -0.0133980 -0.0120211 -0.0258435 -0.0083865 -0.0157761 -0.0011542 -0.0125816 -0.0044624 -0.0095362 0.9542091 -0.0203788 -0.0086946 -0.0163548 -0.0100953 -0.0102866 -0.0174918 -0.0145659 -0.0130099 -0.0055266 -0.0070046 -0.0127715 -0.0292129 -0.0082160 -0.0115352 -0.0154733 -0.0119950 -0.0083984 -0.0107840 -0.0197357 -0.0357037 -0.0247823 -0.0176806 -0.0003551 -0.0133268 -0.0084715 -0.0111090 -0.0154858 -0.0201153 -0.0100745 -0.0089136 -0.0310454 -0.0085787 -0.0104094 -0.0176916 -0.0183434 -0.0298607 -0.0293032 0.0014051 -0.0277871 -0.0157439 -0.0146389 -0.0233899 -0.0120741 -0.0095181
0.0612055 0.0628445 0.0638519 0.0630612 0.0610391 0.0625744 0.0625051 0.0615295 0.0642134 0.0644969 0.0572999 0.0622516 0.0586813 0.0604395 0.0651411 0.0626778 0.0649280 0.0606054 0.0396123 0.0495910 0.0235764 0.0573573 -0.0116678 -0.0096369 -0.0129892 -0.0219074 -0.0198389 -0.0179385 -0.0152784 -0.0204472 -0.0319233 -0.0130451 0.0075994 -0.0050672 0.0144128 -0.0294558 -0.0016682 -0.0241171 -0.0090159 -0.0177996 -0.0197683 -0.0203788 0.9758972 -0.0178586 0.0128342 -0.0083913 0.0081556 0.0051322 -0.0159827 -0.0212946 -0.0250360 -0.0016850 -0.0159169 0.0389151 -0.0133324 -0.0061063 0.0131371 -0.0049049 -0.0209459 -0.0025103 0.0169798 0.0596235 0.0008192 0.0148851 -0.0210413 -0.0150707 -0.0253459 -0.0069692 0.0181616 0.0281636 -0.0099109 -0.0117919 0.0460017 -0.0176933 -0.0140882 -0.0045883 -0.0063035 0.0381092 0.0466750 -0.0136532 0.0367964 -0.0108927 -0.0064117 0.0351120 -0.0137144 -0.0278969
