0.9927423 0.0162285 -0.0090448 0.0248628 0.0195409 -0.0209080 0.0138162 0.0167801 0.0219036 0.0211969 0.0194380 0.0204194 0.0212824 0.0209340 0.0233128 0.0212453 0.0239218 0.0188439 -0.0192891 -0.0207186 0.0173173 -0.0232720 0.0099726 0.0237985 -0.0076321 -0.0072947 -0.0329407 -0.0323830 0.0225393 0.0061213 -0.0637150 -0.0071195 0.0220204 0.0040603 0.0336042 -0.0343303 0.0239880 -0.0360646 0.0254440 -0.0141302 -0.0285147 -0.0320756 0.0272173 -0.0004279 0.0195900 0.0135175 0.0046364 0.0298192 -0.0061391 -0.0268983 -0.0385451 0.0060133 0.0064409 0.0307356 -0.0146716 0.0018142 0.0178456 -0.0064712 -0.0224405 0.0155455 0.0195135 0.0247080 0.0310169 0.0027098 -0.0303134 0.0064230 -0.0238228 0.0124882 0.0243843 0.0247527 -0.0194915 0.0050437 0.0212199 -0.0291379 0.0014939 0.0108293 0.0240184 0.0135169 0.0189222 -0.0025234 0.0240539 -0.0162875 0.0260178 0.0164686 -0.0297154 -0.0227424
0.0162285 0.9775368 -0.0045400 0.0165082 0.0125921 -0.0136183 0.0088923 0.0114182 0.0151957 0.0143260 0.0126290 0.0135064 0.0141505 0.0135705 0.0150380 0.0149886 0.0148279 0.0124354 -0.0124812 -0.0134459 0.0111525 -0.0154601 0.0085024 0.0182021 -0.0034447 -0.0032187 -0.0217108 -0.0230996 0.0158447 0.0061577 -0.0490933 -0.0027811 0.0157192 0.0041635 0.0256060 -0.0248726 0.0168960 -0.0243028 0.0187709 -0.0066850 -0.0180644 -0.0204539 0.0183488 0.0029433 0.0135394 0.0102340 0.0050150 0.0210668 -0.0015069 -0.0190673 -0.0260523 0.0041739 0.0046178 0.0212845 -0.0085307 -0.0003044 0.0126015 -0.0033046 -0.0177420 0.0109937 0.0141063 0.0163536 0.0236894 0.0033738 -0.0196905 0.0057108 -0.0147644 0.0095457 0.0185423 0.0182863 -0.0112646 0.0042238 0.0141310 -0.0200569 0.0039903 0.0080309 0.0159637 0.0102479 0.0138519 0.0025101 0.0166304 -0.0103949 0.0187476 0.0109365 -0.0182354 -0.0172013
-0.0090448 -0.0045400 0.9914597 -0.0078300 -0.0062236 0.0079616 -0.0044315 -0.0061865 -0.0074505 -0.0071783 -0.0066262 -0.0064832 -0.0071747 -0.0071765 -0.0067495 -0.0064962 -0.0062607 -0.0066042 0.0065532 0.0069725 -0.0058784 0.0079822 -0.0065364 -0.0085854 0.0000546 -0.0012286 0.0087590 0.0099777 -0.0104981 -0.0056458 0.0233134 0.0000323 -0.0104337 -0.0052785 -0.0169216 0.0087881 -0.0115192 0.0089499 -0.0119341 0.0013156 0.0076451 0.0083534 -0.0103993 -0.0032927 -0.0070337 -0.0066580 -0.0031745 -0.0129006 -0.0013039 0.0071230 0.0087570 -0.0055114 -0.0040145 -0.0102687 0.0016203 -0.0026664 -0.0081450 -0.0002596 0.0055539 -0.0080478 -0.0078770 -0.0096728 -0.0139514 -0.0015009 0.0079481 -0.0072770 0.0061808 -0.0081964 -0.0112189 -0.0095839 0.0037762 -0.0054434 -0.0081949 0.0080558 -0.0038615 -0.0048252 -0.0090370 -0.0044968 -0.0056210 -0.0030278 -0.0085646 0.0023557 -0.0135998 -0.0068135 0.0071142 0.0083269
0.0248628 0.0165082 -0.0078300 0.9917347 0.0190872 -0.0215298 0.0139486 0.0175821 0.0218635 0.0219478 0.0191969 0.0193272 0.0212979 0.0209032 0.0224011 0.0220134 0.0226266 0.0193118 -0.0191029 -0.0205271 0.0169318 -0.0235581 0.0148381 0.0256866 -0.0053015 -0.0043646 -0.0330118 -0.0321547 0.0262326 0.0088702 -0.0666094 -0.0040669 0.0236319 0.0071858 0.0416903 -0.0358726 0.0274363 -0.0366589 0.0295386 -0.0105301 -0.0285558 -0.0305997 0.0284540 0.0038638 0.0206781 0.0153128 0.0073134 0.0325869 -0.0009091 -0.0297414 -0.0385720 0.0064890 0.0087972 0.0321665 -0.0129998 0.0021337 0.0200405 -0.0027944 -0.0258744 0.0179598 0.0215986 0.0250822 0.0385152 0.0072244 -0.0303590 0.0070626 -0.0247076 0.0143300 0.0270236 0.0260061 -0.0189455 0.0034077 0.0210510 -0.0310458 0.0049880 0.0129566 0.0241923 0.0137163 0.0213754 0.0004109 0.0261122 -0.0166544 0.0296432 0.0160422 -0.0294469 -0.0244086
0.0195409 0.0125921 -0.0062236 0.0190872 0.9906721 -0.0167053 0.0101929 0.0133970 0.0167701 0.0167053 0.0148264 0.0147367 0.0162847 0.0159938 0.0172100 0.0167790 0.0178726 0.0146236 -0.0146728 -0.0158204 0.0130788 -0.0179935 0.0118263 0.0216751 -0.0031857 -0.0023201 -0.0248807 -0.0261916 0.0206339 0.0077408 -0.0559882 -0.0017991 0.0189068 0.0054790 0.0326884 -0.0278447 0.0214028 -0.0284371 0.0241823 -0.0088931 -0.0209088 -0.0236503 0.0231727 0.0030774 0.0163141 0.0129783 0.0060796 0.0269470 -0.0006353 -0.0217968 -0.0293795 0.0066273 0.0079874 0.0251931 -0.0097698 0.0025034 0.0157347 -0.0019912 -0.0194981 0.0143667 0.0172760 0.0198026 0.0297925 0.0052424 -0.0240587 0.0079334 -0.0188133 0.0129628 0.0216561 0.0203939 -0.0135351 0.0052041 0.0169605 -0.0243042 0.0044503 0.0115692 0.0209682 0.0117064 0.0167380 0.0018785 0.0198485 -0.0117071 0.0232563 0.0130069 -0.0221090 -0.0189340
-0.0209080 -0.0136183 0.0079616 -0.0215298 -0.0167053 1.0304971 -0.0117608 -0.0152414 -0.0193251 -0.0192787 -0.0169824 -0.0162631 -0.0187094 -0.0183596 -0.0193695 -0.0182292 -0.0195773 -0.0168074 0.0169025 0.0182027 -0.0149685 0.0206909 -0.0139001 -0.0257578 0.0046453 0.0011165 0.0272374 0.0292046 -0.0239639 -0.0103534 0.0681151 0.0015825 -0.0222863 -0.0071512 -0.0358547 0.0298520 -0.0251166 0.0324897 -0.0278295 0.0100439 0.0234965 0.0258856 -0.0261770 -0.0042986 -0.0194828 -0.0154336 -0.0077816 -0.0305039 0.0004689 0.0247146 0.0327491 -0.0083311 -0.0094987 -0.0285579 0.0110987 -0.0029637 -0.0182074 0.0014250 0.0210969 -0.0165784 -0.0200050 -0.0225735 -0.0341224 -0.0067052 0.0275544 -0.0103362 0.0199751 -0.0146587 -0.0250841 -0.0231512 0.0144447 -0.0066300 -0.0196004 0.0279230 -0.0066242 -0.0132413 -0.0237083 -0.0134501 -0.0191219 -0.0028966 -0.0225953 0.0121092 -0.0274437 -0.0152878 0.0255458 0.0198234
0.0138162 0.0088923 -0.0044315 0.0139486 0.0101929 -0.0117608 0.9720605 0.0087017 0.0114907 0.0116195 0.0102654 0.0103944 0.0112512 0.0112118 0.0117052 0.0116317 0.0118375 0.0101556 -0.0101996 -0.0109856 0.0092008 -0.0127015 0.0067821 0.0131299 -0.0040631 -0.0016086 -0.0181394 -0.0205853 0.0132823 0.0055164 -0.0398200 -0.0018647 0.0128078 0.0026717 0.0211130 -0.0197724 0.0147278 -0.0198558 0.0152702 -0.0082785 -0.0143449 -0.0174272 0.0144728 0.0010495 0.0114155 0.0082243 0.0041226 0.0174490 -0.0006516 -0.0161302 -0.0211692 0.0026659 0.0049786 0.0175958 -0.0058200 0.0002887 0.0101856 -0.0001585 -0.0136563 0.0095786 0.0123325 0.0131692 0.0192490 0.0036570 -0.0175884 0.0051066 -0.0127166 0.0083719 0.0146040 0.0136098 -0.0080058 0.0027848 0.0112308 -0.0168675 0.0025370 0.0056820 0.0127476 0.0079667 0.0107140 0.0004418 0.0139490 -0.0083671 0.0155803 0.0094146 -0.0153754 -0.0112962
0.0167801 0.0114182 -0.0061865 0.0175821 0.0133970 -0.0152414 0.0087017 0.9763938 0.0154656 0.0151644 0.0133696 0.0130676 0.0145830 0.0143880 0.0151932 0.0153891 0.0162781 0.0132457 -0.0131856 -0.0142869 0.0118833 -0.0162746 0.0106564 0.0194505 -0.0035650 -0.0029804 -0.0219521 -0.0250645 0.0191391 0.0067332 -0.0503795 -0.0023023 0.0174758 0.0041167 0.0281682 -0.0245987 0.0192919 -0.0263018 0.0198475 -0.0082599 -0.0182063 -0.0211152 0.0197960 0.0023673 0.0141748 0.0109987 0.0045423 0.0231944 -0.0005277 -0.0201803 -0.0263415 0.0071691 0.0066019 0.0228732 -0.0099350 0.0013006 0.0132586 -0.0021271 -0.0179480 0.0118622 0.0149390 0.0173838 0.0256850 0.0038552 -0.0209122 0.0058523 -0.0174797 0.0108029 0.0190194 0.0185503 -0.0122693 0.0035235 0.0147825 -0.0224570 0.0026447 0.0091116 0.0173997 0.0095638 0.0147488 0.0013510 0.0175294 -0.0101873 0.0201684 0.0116716 -0.0192283 -0.0174057
0.0219036 0.0151957 -0.0074505 0.0218635 0.0167701 -0.0193251 0.0114907 0.0154656 0.9816285 0.0194263 0.0170876 0.0167827 0.0187500 0.0183957 0.0201842 0.0202722 0.0205571 0.0167679 -0.0168646 -0.0182258 0.0151776 -0.0208612 0.0131302 0.0245774 -0.0057416 -0.0028594 -0.0283038 -0.0295630 0.0248356 0.0088551 -0.0612084 -0.0028378 0.0208099 0.0051068 0.0360398 -0.0320829 0.0242339 -0.0315732 0.0262909 -0.0113917 -0.0233887 -0.0278819 0.0260059 0.0030639 0.0186592 0.0134960 0.0065559 0.0304110 -0.0025608 -0.0241888 -0.0341005 0.0070217 0.0085696 0.0292312 -0.0122706 0.0011089 0.0166943 -0.0035226 -0.0227299 0.0155382 0.0191420 0.0225052 0.0330517 0.0056237 -0.0275356 0.0089263 -0.0216288 0.0135262 0.0242413 0.0237305 -0.0159483 0.0054322 0.0183280 -0.0275945 0.0044058 0.0129417 0.0224814 0.0130752 0.0188106 0.0011028 0.0228006 -0.0135525 0.0271455 0.0148057 -0.0263951 -0.0228173
0.0211969 0.0143260 -0.0071783 0.0219478 0.0167053 -0.0192787 0.0116195 0.0151644 0.0194263 0.9910997 0.0170504 0.0173719 0.0188204 0.0184218 0.0197622 0.0192980 0.0203759 0.0168108 -0.0168274 -0.0181764 0.0150289 -0.0205475 0.0133102 0.0247566 -0.0049381 -0.0031538 -0.0296547 -0.0294541 0.0227197 0.0079584 -0.0625501 -0.0016376 0.0215732 0.0062705 0.0373349 -0.0305895 0.0236448 -0.0318054 0.0266789 -0.0109766 -0.0240818 -0.0274983 0.0263074 0.0031242 0.0187022 0.0139496 0.0072641 0.0306636 0.0001673 -0.0243800 -0.0336146 0.0069506 0.0086050 0.0284167 -0.0119250 0.0018848 0.0170952 -0.0035169 -0.0221175 0.0166010 0.0190823 0.0224129 0.0340366 0.0060584 -0.0274089 0.0089020 -0.0216306 0.0145974 0.0250232 0.0239494 -0.0152709 0.0055003 0.0190091 -0.0290688 0.0045348 0.0127293 0.0229279 0.0137763 0.0191373 0.0016845 0.0230647 -0.0141916 0.0273588 0.0146184 -0.0251307 -0.0226319
0.0194380 0.0126290 -0.0066262 0.0191969 0.0148264 -0.0169824 0.0102654 0.0133696 0.0170876 0.0170504 0.9922355 0.0149986 0.0165834 0.0163016 0.0173522 0.0170448 0.0176390 0.0148491 -0.0149222 -0.0160998 0.0133268 -0.0183186 0.0120409 0.0218749 -0.0045171 -0.0019143 -0.0259118 -0.0263190 0.0211579 0.0082473 -0.0567560 -0.0017586 0.0198510 0.0058367 0.0335786 -0.0283040 0.0223914 -0.0286640 0.0244093 -0.0095862 -0.0215096 -0.0237942 0.0236890 0.0033014 0.0169196 0.0131642 0.0061416 0.0277257 -0.0008072 -0.0221530 -0.0300974 0.0067556 0.0081554 0.0256616 -0.0100329 0.0018633 0.0157994 -0.0015447 -0.0193687 0.0149029 0.0178433 0.0201097 0.0304891 0.0053985 -0.0247783 0.0084185 -0.0181761 0.0129763 0.0218568 0.0206450 -0.0137282 0.0050066 0.0172944 -0.0251173 0.0045000 0.0112850 0.0212719 0.0119077 0.0167606 0.0015537 0.0202170 -0.0118625 0.0237417 0.0132950 -0.0227210 -0.0187877
0.0204194 0.0135064 -0.0064832 0.0193272 0.0147367 -0.0162631 0.0103944 0.0130676 0.0167827 0.0173719 0.0149986 0.9904148 0.0165580 0.0163224 0.0169912 0.0171122 0.0172698 0.0147781 -0.0149054 -0.0158706 0.0132864 -0.0180667 0.0113559 0.0198949 -0.0052579 -0.0036579 -0.0238520 -0.0268504 0.0187121 0.0067674 -0.0550434 -0.0024173 0.0174251 0.0043348 0.0304420 -0.0267832 0.0214883 -0.0285519 0.0225464 -0.0104672 -0.0229675 -0.0228413 0.0223599 0.0014615 0.0162972 0.0110504 0.0051201 0.0246849 -0.0025862 -0.0218167 -0.0306974 0.0067609 0.0052710 0.0246566 -0.0113266 0.0004937 0.0147780 -0.0044338 -0.0212000 0.0131946 0.0160241 0.0198598 0.0296664 0.0041711 -0.0249538 0.0058662 -0.0191796 0.0123864 0.0215426 0.0183337 -0.0152137 0.0039389 0.0172477 -0.0243653 0.0038978 0.0118093 0.0198989 0.0108438 0.0168056 0.0006296 0.0197948 -0.0126423 0.0193163 0.0123027 -0.0213142 -0.0200660
0.0212824 0.0141505 -0.0071747 0.0212979 0.0162847 -0.0187094 0.0112512 0.0145830 0.0187500 0.0188204 0.0165834 0.0165580 0.9945998 0.0179219 0.0193612 0.0188440 0.0193523 0.0163791 -0.0163441 -0.0176776 0.0146022 -0.0201047 0.0132161 0.0243937 -0.0045588 -0.0024186 -0.0279848 -0.0292843 0.0234984 0.0086537 -0.0608406 -0.0015386 0.0212602 0.0063208 0.0368604 -0.0305723 0.0241637 -0.0319006 0.0269379 -0.0103624 -0.0231083 -0.0266956 0.0259897 0.0030330 0.0186345 0.0145223 0.0067493 0.0305466 -0.0010711 -0.0246193 -0.0328254 0.0073084 0.0091253 0.0280389 -0.0111302 0.0022194 0.0177373 -0.0026231 -0.0218730 0.0162208 0.0195643 0.0221189 0.0339811 0.0057942 -0.0268956 0.0090404 -0.0207679 0.0143244 0.0242799 0.0227698 -0.0151811 0.0060541 0.0189367 -0.0276659 0.0049593 0.0128812 0.0236256 0.0131582 0.0186560 0.0018326 0.0224807 -0.0128932 0.0264622 0.0147686 -0.0249569 -0.0211377
0.0209340 0.0135705 -0.0071765 0.0209032 0.0159938 -0.0183596 0.0112118 0.0143880 0.0183957 0.0184218 0.0163016 0.0163224 0.0179219 0.9941432 0.0188453 0.0184440 0.0189289 0.0161217 -0.0161011 -0.0173549 0.0143536 -0.0197843 0.0128992 0.0239805 -0.0045515 -0.0020711 -0.0271076 -0.0285362 0.0228937 0.0087580 -0.0601685 -0.0023723 0.0210840 0.0061504 0.0362592 -0.0307256 0.0238217 -0.0311475 0.0263660 -0.0102692 -0.0230931 -0.0257214 0.0252433 0.0031219 0.0184290 0.0140500 0.0065336 0.0302939 -0.0010912 -0.0239180 -0.0322586 0.0078385 0.0087827 0.0278953 -0.0103458 0.0020406 0.0172511 -0.0025172 -0.0213661 0.0160234 0.0195709 0.0221207 0.0329516 0.0057012 -0.0266823 0.0087048 -0.0206119 0.0146289 0.0241295 0.0223794 -0.0151262 0.0054791 0.0190904 -0.0267709 0.0048197 0.0120530 0.0229989 0.0127654 0.0183394 0.0018448 0.0217862 -0.0124364 0.0258222 0.0145477 -0.0245931 -0.0203333
0.0233128 0.0150380 -0.0067495 0.0224011 0.0172100 -0.0193695 0.0117052 0.0151932 0.0201842 0.0197622 0.0173522 0.0169912 0.0193612 0.0188453 0.9885514 0.0199314 0.0209595 0.0170548 -0.0171326 -0.0185092 0.0153878 -0.0210875 0.0125516 0.0254746 -0.0056992 -0.0033621 -0.0294081 -0.0306291 0.0230260 0.0076848 -0.0619329 -0.0027335 0.0210336 0.0060712 0.0380489 -0.0311469 0.0246501 -0.0326835 0.0288616 -0.0121904 -0.0254579 -0.0276759 0.0270013 0.0023655 0.0186172 0.0148991 0.0070880 0.0302011 -0.0013379 -0.0246745 -0.0345621 0.0073337 0.0085878 0.0292158 -0.0115940 0.0016544 0.0184774 -0.0036427 -0.0233999 0.0160764 0.0198805 0.0232414 0.0333145 0.0056346 -0.0291461 0.0088090 -0.0225928 0.0133152 0.0259258 0.0229741 -0.0160622 0.0047756 0.0190831 -0.0285672 0.0042066 0.0129589 0.0238657 0.0129390 0.0200617 0.0019813 0.0239663 -0.0154977 0.0265035 0.0148516 -0.0256307 -0.0212082
0.0212453 0.0149886 -0.0064962 0.0220134 0.0167790 -0.0182292 0.0116317 0.0153891 0.0202722 0.0192980 0.0170448 0.0171122 0.0188440 0.0184440 0.0199314 0.9764596 0.0213100 0.0168464 -0.0168314 -0.0180246 0.0152276 -0.0207847 0.0127222 0.0207748 -0.0054509 -0.0046633 -0.0281508 -0.0310244 0.0207649 0.0099507 -0.0587270 -0.0044235 0.0208575 0.0055402 0.0331142 -0.0307271 0.0217439 -0.0321679 0.0226613 -0.0132796 -0.0248082 -0.0275891 0.0254875 0.0000696 0.0173451 0.0131252 0.0049811 0.0296174 -0.0040603 -0.0259402 -0.0317480 0.0044868 0.0056367 0.0257998 -0.0132863 0.0012640 0.0150876 -0.0051959 -0.0218367 0.0141602 0.0163551 0.0226792 0.0270971 0.0050488 -0.0289304 0.0091480 -0.0207357 0.0115459 0.0228728 0.0232178 -0.0170929 0.0036782 0.0175094 -0.0300843 0.0027217 0.0109620 0.0185021 0.0118376 0.0182015 0.0006307 0.0222439 -0.0129717 0.0234318 0.0131127 -0.0246799 -0.0234134
0.0239218 0.0148279 -0.0062607 0.0226266 0.0178726 -0.0195773 0.0118375 0.0162781 0.0205571 0.0203759 0.0176390 0.0172698 0.0193523 0.0189289 0.0209595 0.0213100 0.9785863 0.0173957 -0.0174060 -0.0186635 0.0156673 -0.0215324 0.0111413 0.0240295 -0.0051492 -0.0053854 -0.0297359 -0.0317036 0.0231035 0.0091100 -0.0603703 -0.0040803 0.0218572 0.0065650 0.0367855 -0.0309704 0.0224976 -0.0328087 0.0257341 -0.0108933 -0.0257068 -0.0283852 0.0266738 0.0018526 0.0179729 0.0130038 0.0067367 0.0306072 -0.0040920 -0.0257475 -0.0327908 0.0049793 0.0055631 0.0291958 -0.0132296 0.0012373 0.0174881 -0.0049849 -0.0236259 0.0129672 0.0202018 0.0228326 0.0310514 0.0041749 -0.0297709 0.0070293 -0.0239136 0.0128181 0.0237728 0.0234647 -0.0179678 0.0042090 0.0185738 -0.0289937 0.0035389 0.0130500 0.0227944 0.0137465 0.0186253 0.0013201 0.0228490 -0.0141844 0.0251950 0.0153073 -0.0268549 -0.0230733
0.0188439 0.0124354 -0.0066042 0.0193118 0.0146236 -0.0168074 0.0101556 0.0132457 0.0167679 0.0168108 0.0148491 0.0147781 0.0163791 0.0161217 0.0170548 0.0168464 0.0173957 0.9837857 -0.0147450 -0.0158159 0.0130726 -0.0180464 0.0121620 0.0212232 -0.0042188 -0.0019172 -0.0254583 -0.0264728 0.0201638 0.0067630 -0.0550743 -0.0016755 0.0188476 0.0063701 0.0324072 -0.0279779 0.0213650 -0.0287724 0.0243957 -0.0100500 -0.0211434 -0.0229947 0.0229102 0.0023997 0.0159866 0.0128400 0.0061407 0.0268784 -0.0014009 -0.0214487 -0.0290745 0.0069170 0.0074206 0.0249413 -0.0095068 0.0019769 0.0154478 -0.0021132 -0.0200849 0.0141324 0.0177247 0.0197187 0.0302308 0.0052501 -0.0241321 0.0076330 -0.0190048 0.0135189 0.0215631 0.0203754 -0.0140227 0.0051233 0.0172054 -0.0253475 0.0051214 0.0105120 0.0201899 0.0115105 0.0161148 0.0018280 0.0198000 -0.0116729 0.0229880 0.0134878 -0.0229833 -0.0192588
-0.0192891 -0.0124812 0.0065532 -0.0191029 -0.0146728 0.0169025 -0.0101996 -0.0131856 -0.0168646 -0.0168274 -0.0149222 -0.0149054 -0.0163441 -0.0161011 -0.0171326 -0.0168314 -0.0174060 -0.0147450 1.0242128 0.0160031 -0.0131447 0.0182430 -0.0121187 -0.0220407 0.0036823 0.0020077 0.0247875 0.0262916 -0.0213850 -0.0079060 0.0602228 0.0018088 -0.0194336 -0.0059901 -0.0324835 0.0274976 -0.0217944 0.0286547 -0.0247459 0.0086251 0.0209740 0.0230092 -0.0232102 -0.0033230 -0.0165768 -0.0131537 -0.0062968 -0.0272694 0.0005852 0.0213457 0.0292252 -0.0071854 -0.0084080 -0.0256723 0.0096341 -0.0022166 -0.0158712 0.0020214 0.0190218 -0.0149256 -0.0177761 -0.0199152 -0.0299302 -0.0054214 0.0241231 -0.0083774 0.0180643 -0.0132556 -0.0216980 -0.0205191 0.0134193 -0.0055613 -0.0170133 0.0242908 -0.0040291 -0.0111754 -0.0213050 -0.0118228 -0.0169327 -0.0020169 -0.0201336 0.0109714 -0.0241186 -0.0132186 0.0223522 0.0187831
-0.0207186 -0.0134459 0.0069725 -0.0205271 -0.0158204 0.0182027 -0.0109856 -0.0142869 -0.0182258 -0.0181764 -0.0160998 -0.0158706 -0.0176776 -0.0173549 -0.0185092 -0.0180246 -0.0186635 -0.0158159 0.0160031 1.0306280 -0.0142162 0.0196930 -0.0129430 -0.0235694 0.0037198 0.0015301 0.0271116 0.0283241 -0.0229659 -0.0090419 0.0651380 0.0018028 -0.0208975 -0.0065594 -0.0340965 0.0299766 -0.0236313 0.0305857 -0.0266591 0.0094646 0.0224395 0.0252670 -0.0247036 -0.0036952 -0.0181525 -0.0142976 -0.0067564 -0.0292859 0.0004099 0.0231079 0.0317538 -0.0078887 -0.0085780 -0.0272933 0.0102543 -0.0022154 -0.0172861 0.0021356 0.0204316 -0.0160092 -0.0190085 -0.0215435 -0.0323096 -0.0057233 0.0266370 -0.0090982 0.0193296 -0.0143460 -0.0235642 -0.0218576 0.0144166 -0.0060168 -0.0184678 0.0262901 -0.0053164 -0.0123043 -0.0230563 -0.0129361 -0.0183768 -0.0024358 -0.0217268 0.0116407 -0.0258137 -0.0143290 0.0236916 0.0197879
0.0173173 0.0111525 -0.0058784 0.0169318 0.0130788 -0.0149685 0.0092008 0.0118833 0.0151776 0.0150289 0.0133268 0.0132864 0.0146022 0.0143536 0.0153878 0.0152276 0.0156673 0.0130726 -0.0131447 -0.0142162 0.9888576 -0.0162127 0.0109654 0.0190350 -0.0034725 -0.0014882 -0.0227011 -0.0235557 0.0188724 0.0073452 -0.0512037 -0.0013644 0.0170643 0.0051846 0.0293929 -0.0248184 0.0196457 -0.0255792 0.0220390 -0.0081769 -0.0184883 -0.0206383 0.0207204 0.0024393 0.0147936 0.0117528 0.0056295 0.0243099 -0.0006107 -0.0195769 -0.0265871 0.0064599 0.0071242 0.0227635 -0.0084466 0.0017847 0.0140021 -0.0019596 -0.0173006 0.0131472 0.0156406 0.0177633 0.0266982 0.0046709 -0.0221489 0.0073241 -0.0165171 0.0113734 0.0195219 0.0183567 -0.0121125 0.0046286 0.0151359 -0.0216055 0.0040352 0.0102870 0.0188363 0.0104834 0.0148057 0.0015982 0.0178773 -0.0103275 0.0211654 0.0117934 -0.0200651 -0.0167343
-0.0232720 -0.0154601 0.0079822 -0.0235581 -0.0179935 0.0206909 -0.0127015 -0.0162746 -0.0208612 -0.0205475 -0.0183186 -0.0180667 -0.0201047 -0.0197843 -0.0210875 -0.0207847 -0.0215324 -0.0180464 0.0182430 0.0196930 -0.0162127 1.0430057 -0.0160752 -0.0272687 0.0047640 0.0008555 0.0300810 0.0323288 -0.0257016 -0.0104669 0.0739422 0.0020648 -0.0237377 -0.0075376 -0.0372500 0.0337387 -0.0273683 0.0346016 -0.0298890 0.0104784 0.0256077 0.0296864 -0.0279344 -0.0046261 -0.0209828 -0.0161829 -0.0070052 -0.0331654 0.0008675 0.0263404 0.0352734 -0.0085576 -0.0100833 -0.0307968 0.0112596 -0.0034314 -0.0201245 0.0022004 0.0236052 -0.0186751 -0.0219842 -0.0242562 -0.0360307 -0.0065863 0.0295440 -0.0107561 0.0219814 -0.0163196 -0.0269257 -0.0254370 0.0160526 -0.0071814 -0.0212079 0.0299459 -0.0063687 -0.0145839 -0.0261474 -0.0147537 -0.0210184 -0.0024576 -0.0245249 0.0137006 -0.0290603 -0.0168242 0.0271204 0.0225804
0.0099726 0.0085024 -0.0065364 0.0148381 0.0118263 -0.0139001 0.0067821 0.0106564 0.0131302 0.0133102 0.0120409 0.0113559 0.0132161 0.0128992 0.0125516 0.0127222 0.0111413 0.0121620 -0.0121187 -0.0129430 0.0109654 -0.0160752 1.0393842 -0.0034279 -0.0140931 -0.0179092 -0.0263735 -0.0271957 -0.0007896 -0.0109831 -0.0365941 -0.0111961 0.0032815 -0.0068228 0.0031768 -0.0263195 -0.0062797 -0.0253678 -0.0026738 -0.0172407 -0.0234088 -0.0224289 0.0092878 -0.0096026 -0.0035710 -0.0061807 -0.0052203 0.0018484 -0.0088334 -0.0193710 -0.0267023 -0.0077355 -0.0095477 0.0055590 -0.0170154 -0.0102084 0.0014288 -0.0150388 -0.0225477 -0.0021973 0.0002730 0.0100813 -0.0060327 -0.0075793 -0.0239999 -0.0089970 -0.0195128 -0.0038026 0.0053800 0.0057012 -0.0168165 -0.0146499 0.0041515 -0.0224481 -0.0111352 -0.0069439 -0.0120612 0.0022214 0.0055155 -0.0170429 0.0074553 -0.0234047 -0.0012312 -0.0017012 -0.0236389 -0.0198807
0.0237985 0.0182021 -0.0085854 0.0256866 0.0216751 -0.0257578 0.0131299 0.0194505 0.0245774 0.0247566 0.0218749 0.0198949 0.0243937 0.0239805 0.0254746 0.0207748 0.0240295 0.0212232 -0.0220407 -0.0235694 0.0190350 -0.0272687 -0.0034279 1.0103185 -0.0123232 -0.0097475 -0.0359099 -0.0282544 0.0109477 -0.0090300 -0.0506996 -0.0093954 0.0149822 -0.0029014 0.0216737 -0.0342228 0.0120402 -0.0348065 0.0110280 -0.0208624 -0.0287053 -0.0330888 0.0220053 -0.0124415 0.0116009 0.0071159 0.0005434 0.0154969 -0.0066168 -0.0338029 -0.0352454 -0.0097123 -0.0004290 0.0197474 -0.0237240 -0.0078627 0.0088964 -0.0165551 -0.0269881 0.0064993 0.0114955 0.0210132 0.0127457 0.0002733 -0.0327949 -0.0081121 -0.0274847 0.0037844 0.0168034 0.0176946 -0.0202958 -0.0010854 0.0118896 -0.0280408 -0.0059836 -0.0023556 0.0052103 0.0061491 0.0136071 -0.0111368 0.0190473 -0.0201441 0.0098206 0.0083582 -0.0314895 -0.0242557
-0.0076321 -0.0034447 0.0000546 -0.0053015 -0.0031857 0.0046453 -0.0040631 -0.0035650 -0.0057416 -0.0049381 -0.0045171 -0.0052579 -0.0045588 -0.0045515 -0.0056992 -0.0054509 -0.0051492 -0.0042188 0.0036823 0.0037198 -0.0034725 0.0047640 -0.0140931 -0.0123232 0.9055439 -0.0121713 -0.0070945 -0.0069830 -0.0113050 -0.0164445 -0.0097420 -0.0065993 -0.0101026 -0.0101554 -0.0188151 -0.0036125 -0.0141089 -0.0055197 -0.0146651 -0.0139987 -0.0087299 -0.0121949 -0.0088457 -0.0103154 -0.0056278 -0.0132212 -0.0058912 -0.0144874 -0.0071456 -0.0089892 -0.0087010 -0.0065302 -0.0130952 -0.0112166 -0.0074799 -0.0076829 -0.0101665 -0.0112471 -0.0122288 -0.0128459 -0.0102560 -0.0087005 -0.0217310 -0.0066957 -0.0106383 -0.0109122 -0.0051006 -0.0077728 -0.0098574 -0.0072406 -0.0053516 -0.0133066 -0.0089725 -0.0109539 -0.0053736 -0.0152211 -0.0138964 -0.0050016 -0.0092417 -0.0039952 -0.0082119 -0.0107197 -0.0130744 -0.0082854 -0.0035511 -0.0137213
-0.0072947 -0.0032187 -0.0012286 -0.0043646 -0.0023201 0.0011165 -0.0016086 -0.0029804 -0.0028594 -0.0031538 -0.0019143 -0.0036579 -0.0024186 -0.0020711 -0.0033621 -0.0046633 -0.0053854 -0.0019172 0.0020077 0.0015301 -0.0014882 0.0008555 -0.0179092 -0.0097475 -0.0121713 0.9494209 -0.0126915 -0.0109028 -0.0118925 -0.0110438 -0.0131985 -0.0112843 -0.0131529 -0.0121536 -0.0154367 -0.0136006 -0.0148259 -0.0172829 -0.0111458 -0.0121041 -0.0138186 -0.0107452 -0.0071039 -0.0202560 -0.0093455 -0.0100557 -0.0095779 -0.0172154 -0.0137488 -0.0175215 -0.0163316 -0.0130594 -0.0107019 -0.0112816 -0.0084394 -0.0149677 -0.0082232 -0.0179164 -0.0088079 -0.0178497 -0.0078797 -0.0069076 -0.0180740 -0.0125640 -0.0182161 -0.0133449 -0.0128789 -0.0126954 -0.0113626 -0.0049634 -0.0119863 -0.0174507 -0.0091649 -0.0184229 -0.0131018 -0.0157576 -0.0138041 -0.0055841 -0.0058723 -0.0128591 -0.0080138 -0.0156826 -0.0109888 -0.0066212 -0.0096275 -0.0101522
-0.0329407 -0.0217108 0.0087590 -0.0330118 -0.0248807 0.0272374 -0.0181394 -0.0219521 -0.0283038 -0.0296547 -0.0259118 -0.0238520 -0.0279848 -0.0271076 -0.0294081 -0.0281508 -0.0297359 -0.0254583 0.0247875 0.0271116 -0.0227011 0.0300810 -0.0263735 -0.0359099 -0.0070945 -0.0126915 1.0350583 0.0080911 -0.0307853 -0.0210528 0.0257572 -0.0050035 -0.0293791 -0.0204150 -0.0411624 -0.0022672 -0.0336953 0.0131750 -0.0341241 -0.0111278 0.0031555 0.0067394 -0.0350823 -0.0149619 -0.0297487 -0.0256093 -0.0146101 -0.0345317 -0.0089908 0.0110236 0.0011834 -0.0121794 -0.0231337 -0.0385352 0.0006761 -0.0160394 -0.0284642 -0.0103932 0.0059057 -0.0261065 -0.0310418 -0.0326829 -0.0418922 -0.0128185 0.0047463 -0.0233186 0.0038332 -0.0231170 -0.0333528 -0.0322602 0.0096543 -0.0195332 -0.0303790 0.0032439 -0.0166307 -0.0243089 -0.0317260 -0.0217990 -0.0275595 -0.0130461 -0.0315977 -0.0081023 -0.0298192 -0.0234034 0.0076288 -0.0006459
-0.0323830 -0.0230996 0.0099777 -0.0321547 -0.0261916 0.0292046 -0.0205853 -0.0250645 -0.0295630 -0.0294541 -0.0263190 -0.0268504 -0.0292843 -0.0285362 -0.0306291 -0.0310244 -0.0317036 -0.0264728 0.0262916 0.0283241 -0.0235557 0.0323288 -0.0271957 -0.0282544 -0.0069830 -0.0109028 0.0080911 1.0512667 -0.0262830 -0.0222823 0.0328544 -0.0100431 -0.0331569 -0.0197707 -0.0423173 -0.0040658 -0.0330890 0.0242799 -0.0339927 -0.0039028 -0.0029610 0.0058570 -0.0333641 -0.0194163 -0.0268186 -0.0183787 -0.0194957 -0.0434726 -0.0129076 0.0009532 0.0076270 -0.0239845 -0.0204943 -0.0389755 0.0024978 -0.0100334 -0.0265839 -0.0117184 0.0082168 -0.0274157 -0.0314881 -0.0318924 -0.0402924 -0.0137196 0.0000242 -0.0214379 0.0050422 -0.0248653 -0.0352240 -0.0347532 0.0053939 -0.0197712 -0.0303111 0.0062351 -0.0160000 -0.0232437 -0.0325997 -0.0254703 -0.0280305 -0.0135009 -0.0326953 0.0041688 -0.0360864 -0.0255403 0.0115794 0.0028125
0.0225393 0.0158447 -0.0104981 0.0262326 0.0206339 -0.0239639 0.0132823 0.0191391 0.0248356 0.0227197 0.0211579 0.0187121 0.0234984 0.0228937 0.0230260 0.0207649 0.0231035 0.0201638 -0.0213850 -0.0229659 0.0188724 -0.0257016 -0.0007896 0.0109477 -0.0113050 -0.0118925 -0.0307853 -0.0262830 1.0142920 0.0023712 -0.0593930 -0.0132020 0.0148151 -0.0008006 0.0169917 -0.0281957 0.0138757 -0.0324922 0.0068812 -0.0157253 -0.0289349 -0.0289639 0.0157358 -0.0105348 0.0109003 0.0034557 0.0001363 0.0154747 -0.0104103 -0.0330109 -0.0353047 -0.0047913 0.0016208 0.0182435 -0.0170019 -0.0052467 0.0123167 -0.0141702 -0.0278386 -0.0000560 0.0132629 0.0215003 0.0166444 -0.0000762 -0.0282245 -0.0079086 -0.0296063 0.0040256 0.0175459 0.0199159 -0.0228885 -0.0137433 0.0164041 -0.0337172 -0.0080489 0.0025943 0.0031273 0.0087022 0.0164041 -0.0103143 0.0221175 -0.0211128 0.0134645 0.0065750 -0.0318777 -0.0232586
0.0061213 0.0061577 -0.0056458 0.0088702 0.0077408 -0.0103534 0.0055164 0.0067332 0.0088551 0.0079584 0.0082473 0.0067674 0.0086537 0.0087580 0.0076848 0.0099507 0.0091100 0.0067630 -0.0079060 -0.0090419 0.0073452 -0.0104669 -0.0109831 -0.0090300 -0.0164445 -0.0110438 -0.0210528 -0.0222823 0.0023712 0.9715397 -0.0303773 -0.0094441 0.0001538 -0.0058519 -0.0032323 -0.0205120 -0.0028852 -0.0160466 -0.0032959 -0.0163227 -0.0237193 -0.0220374 0.0029824 -0.0114358 0.0021998 -0.0043961 -0.0050219 -0.0031066 -0.0116627 -0.0174756 -0.0223728 -0.0061492 -0.0143492 0.0006905 -0.0156837 -0.0093140 0.0018298 -0.0078754 -0.0182212 -0.0052036 -0.0028570 0.0056651 -0.0080460 -0.0060017 -0.0204192 -0.0095072 -0.0180707 -0.0034785 0.0026239 0.0041033 -0.0155575 -0.0128659 0.0001071 -0.0244451 -0.0099562 -0.0042482 -0.0038610 -0.0004440 -0.0005043 -0.0089303 0.0063999 -0.0142856 -0.0025947 0.0030744 -0.0222415 -0.0149188
-0.0637150 -0.0490933 0.0233134 -0.0666094 -0.0559882 0.0681151 -0.0398200 -0.0503795 -0.0612084 -0.0625501 -0.0567560 -0.0550434 -0.0608406 -0.0601685 -0.0619329 -0.0587270 -0.0603703 -0.0550743 0.0602228 0.0651380 -0.0512037 0.0739422 -0.0365941 -0.0506996 -0.0097420 -0.0131985 0.0257572 0.0328544 -0.0593930 -0.0303773 1.2355105 -0.0135365 -0.0582187 -0.0228185 -0.0726203 0.0147982 -0.0585767 0.0414165 -0.0555409 -0.0034286 0.0183903 0.0147923 -0.0655619 -0.0160387 -0.0491785 -0.0434079 -0.0198818 -0.0673163 -0.0139909 0.0200121 0.0177079 -0.0238974 -0.0297262 -0.0675948 0.0002486 -0.0206421 -0.0513376 -0.0137685 0.0186591 -0.0437668 -0.0549526 -0.0625841 -0.0629576 -0.0241541 0.0265215 -0.0303711 0.0110377 -0.0453730 -0.0627885 -0.0654141 0.0160596 -0.0276121 -0.0539792 0.0225618 -0.0233808 -0.0371951 -0.0502080 -0.0405228 -0.0527302 -0.0218083 -0.0611451 -0.0046277 -0.0611214 -0.0455083 0.0349361 0.0072342
-0.0071195 -0.0027811 0.0000323 -0.0040669 -0.0017991 0.0015825 -0.0018647 -0.0023023 -0.0028378 -0.0016376 -0.0017586 -0.0024173 -0.0015386 -0.0023723 -0.0027335 -0.0044235 -0.0040803 -0.0016755 0.0018088 0.0018028 -0.0013644 0.0020648 -0.0111961 -0.0093954 -0.0065993 -0.0112843 -0.0050035 -0.0100431 -0.0132020 -0.0094441 -0.0135365 0.9061444 -0.0058982 -0.0106325 -0.0171811 -0.0127981 -0.0054124 -0.0086569 -0.0156795 -0.0179075 -0.0068518 -0.0084631 -0.0077138 -0.0123030 -0.0079606 -0.0122957 -0.0018131 -0.0111473 -0.0135904 -0.0095604 -0.0162461 -0.0110241 -0.0129595 -0.0112011 -0.0038095 -0.0070677 -0.0030091 -0.0117778 -0.0107188 -0.0151560 -0.0089943 -0.0083930 -0.0151748 -0.0087075 -0.0095921 -0.0190958 -0.0104567 -0.0041295 -0.0084133 -0.0056766 -0.0092199 -0.0101385 -0.0083135 -0.0128360 -0.0104082 -0.0110545 -0.0088997 -0.0077060 -0.0073402 -0.0118963 -0.0060919 -0.0167759 -0.0072092 -0.0060494 -0.0070014 -0.0131850
0.0220204 0.0157192 -0.0104337 0.0236319 0.0189068 -0.0222863 0.0128078 0.0174758 0.0208099 0.0215732 0.0198510 0.0174251 0.0212602 0.0210840 0.0210336 0.0208575 0.0218572 0.0188476 -0.0194336 -0.0208975 0.0170643 -0.0237377 0.0032815 0.0149822 -0.0101026 -0.0131529 -0.0293791 -0.0331569 0.0148151 0.0001538 -0.0582187 -0.0058982 0.9192541 0.0009198 0.0294767 -0.0295882 0.0171111 -0.0339188 0.0204106 -0.0136442 -0.0231885 -0.0326240 0.0228631 -0.0068293 0.0146767 0.0091573 0.0034062 0.0195289 -0.0073175 -0.0219263 -0.0331809 0.0043706 -0.0000582 0.0267150 -0.0149280 -0.0034562 0.0121086 -0.0075585 -0.0221916 0.0098190 0.0162427 0.0241369 0.0196290 0.0032533 -0.0283693 0.0004663 -0.0255273 0.0067946 0.0252031 0.0223159 -0.0202978 -0.0019773 0.0155429 -0.0285831 -0.0003848 0.0027421 0.0121875 0.0094577 0.0165133 -0.0023103 0.0218765 -0.0213967 0.0197574 0.0127568 -0.0278773 -0.0299688
0.0040603 0.0041635 -0.0052785 0.0071858 0.0054790 -0.0071512 0.0026717 0.0041167 0.0051068 0.0062705 0.0058367 0.0043348 0.0063208 0.0061504 0.0060712 0.0055402 0.0065650 0.0063701 -0.0059901 -0.0065594 0.0051846 -0.0075376 -0.0068228 -0.0029014 -0.0101554 -0.0121536 -0.0204150 -0.0197707 -0.0008006 -0.0058519 -0.0228185 -0.0106325 0.0009198 0.9633599 -0.0010269 -0.0133518 -0.0004394 -0.0211461 -0.0013974 -0.0137986 -0.0133535 -0.0164358 0.0044255 -0.0150087 0.0022443 -0.0006620 -0.0047497 0.0030203 -0.0110873 -0.0146659 -0.0188648 -0.0046686 -0.0079980 0.0012988 -0.0137480 -0.0054929 -0.0005040 -0.0096334 -0.0147571 -0.0007107 0.0002851 0.0044958 -0.0039400 -0.0020116 -0.0190894 -0.0089791 -0.0128376 -0.0005293 0.0020430 0.0030645 -0.0115137 -0.0109791 0.0019782 -0.0184180 -0.0062032 -0.0028308 -0.0082101 -0.0016092 0.0014374 -0.0080826 0.0051595 -0.0131487 -0.0004454 0.0022023 -0.0111540 -0.0170564
0.0336042 0.0256060 -0.0169216 0.0416903 0.0326884 -0.0358547 0.0211130 0.0281682 0.0360398 0.0373349 0.0335786 0.0304420 0.0368604 0.0362592 0.0380489 0.0331142 0.0367855 0.0324072 -0.0324835 -0.0340965 0.0293929 -0.0372500 0.0031768 0.0216737 -0.0188151 -0.0154367 -0.0411624 -0.0423173 0.0169917 -0.0032323 -0.0726203 -0.0171811 0.0294767 -0.0010269 1.1697528 -0.0401275 0.0216294 -0.0508957 0.0191064 -0.0274530 -0.0364264 -0.0395313 0.0352890 -0.0088718 0.0245402 0.0080833 0.0049247 0.0281917 -0.0129273 -0.0373586 -0.0480937 0.0049458 -0.0040036 0.0381315 -0.0238010 -0.0060024 0.0243024 -0.0132475 -0.0336336 0.0109869 0.0273376 0.0354062 0.0298504 0.0003891 -0.0435562 -0.0027995 -0.0326207 0.0093957 0.0349341 0.0337368 -0.0320182 -0.0046466 0.0277328 -0.0415853 -0.0064688 0.0043941 0.0181433 0.0149517 0.0279835 -0.0126395 0.0345382 -0.0246519 0.0257255 0.0168658 -0.0398914 -0.0369734
-0.0343303 -0.0248726 0.0087881 -0.0358726 -0.0278447 0.0298520 -0.0197724 -0.0245987 -0.0320829 -0.0305895 -0.0283040 -0.0267832 -0.0305723 -0.0307256 -0.0311469 -0.0307271 -0.0309704 -0.0279779 0.0274976 0.0299766 -0.0248184 0.0337387 -0.0263195 -0.0342228 -0.0036125 -0.0136006 -0.0022672 -0.0040658 -0.0281957 -0.0205120 0.0147982 -0.0127981 -0.0295882 -0.0133518 -0.0401275 1.0275183 -0.0319625 0.0079134 -0.0378678 -0.0071120 0.0004069 -0.0012108 -0.0407185 -0.0192794 -0.0321453 -0.0236990 -0.0182063 -0.0405891 -0.0152494 -0.0045189 -0.0013969 -0.0182128 -0.0224158 -0.0423037 -0.0089027 -0.0134526 -0.0330266 -0.0133199 -0.0002861 -0.0232936 -0.0302873 -0.0347337 -0.0440830 -0.0148360 -0.0001278 -0.0214153 -0.0105012 -0.0238941 -0.0340454 -0.0385091 -0.0018361 -0.0190547 -0.0323975 0.0032742 -0.0216796 -0.0251914 -0.0322759 -0.0272923 -0.0291983 -0.0123387 -0.0366580 -0.0105856 -0.0323614 -0.0263862 0.0045498 -0.0084060
0.0239880 0.0168960 -0.0115192 0.0274363 0.0214028 -0.0251166 0.0147278 0.0192919 0.0242339 0.0236448 0.0223914 0.0214883 0.0241637 0.0238217 0.0246501 0.0217439 0.0224976 0.0213650 -0.0217944 -0.0236313 0.0196457 -0.0273683 -0.0062797 0.0120402 -0.0141089 -0.0148259 -0.0336953 -0.0330890 0.0138757 -0.0028852 -0.0585767 -0.0054124 0.0171111 -0.0004394 0.0216294 -0.0319625 0.9754944 -0.0375714 0.0179344 -0.0167613 -0.0295139 -0.0310660 0.0254882 -0.0033944 0.0116872 0.0094911 -0.0008512 0.0194758 -0.0119848 -0.0304467 -0.0342079 0.0005643 -0.0020642 0.0214558 -0.0158389 -0.0052270 0.0132283 -0.0122495 -0.0232293 0.0053676 0.0150421 0.0248623 0.0092018 0.0005080 -0.0348273 -0.0049142 -0.0277292 0.0051904 0.0206964 0.0199326 -0.0201113 -0.0049340 0.0161779 -0.0266916 -0.0068052 0.0023395 0.0115802 0.0101595 0.0143639 -0.0096626 0.0226052 -0.0248953 0.0119099 0.0102300 -0.0278094 -0.0268395
-0.0360646 -0.0243028 0.0089499 -0.0366589 -0.0284371 0.0324897 -0.0198558 -0.0263018 -0.0315732 -0.0318054 -0.0286640 -0.0285519 -0.0319006 -0.0311475 -0.0326835 -0.0321679 -0.0328087 -0.0287724 0.0286547 0.0305857 -0.0255792 0.0346016 -0.0253678 -0.0348065 -0.0055197 -0.0172829 0.0131750 0.0242799 -0.0324922 -0.0160466 0.0414165 -0.0086569 -0.0339188 -0.0211461 -0.0508957 0.0079134 -0.0375714 1.0647558 -0.0361542 0.0007598 0.0115016 0.0120472 -0.0404984 -0.0175086 -0.0316943 -0.0260823 -0.0151704 -0.0411069 -0.0104643 0.0153501 0.0047309 -0.0227501 -0.0219218 -0.0388854 0.0019392 -0.0122493 -0.0260107 -0.0037055 0.0094630 -0.0258030 -0.0329327 -0.0366749 -0.0432471 -0.0177445 0.0130459 -0.0228229 0.0041763 -0.0250665 -0.0395579 -0.0323356 0.0129282 -0.0197580 -0.0306436 0.0092182 -0.0151216 -0.0236966 -0.0359259 -0.0259763 -0.0296850 -0.0102435 -0.0337682 0.0019010 -0.0400700 -0.0250238 0.0151627 -0.0029392
0.0254440 0.0187709 -0.0119341 0.0295386 0.0241823 -0.0278295 0.0152702 0.0198475 0.0262909 0.0266789 0.0244093 0.0225464 0.0269379 0.0263660 0.0288616 0.0226613 0.0257341 0.0243957 -0.0247459 -0.0266591 0.0220390 -0.0298890 -0.0026738 0.0110280 -0.0146651 -0.0111458 -0.0341241 -0.0339927 0.0068812 -0.0032959 -0.0555409 -0.0156795 0.0204106 -0.0013974 0.0191064 -0.0378678 0.0179344 -0.0361542 1.0117437 -0.0231550 -0.0304908 -0.0343148 0.0241303 -0.0157394 0.0194189 0.0049826 0.0011794 0.0197340 -0.0138537 -0.0303286 -0.0387358 -0.0043602 -0.0059278 0.0274599 -0.0238620 -0.0082337 0.0135090 -0.0049883 -0.0299260 0.0039342 0.0162661 0.0262829 0.0083749 -0.0016133 -0.0318230 -0.0030129 -0.0303653 0.0005134 0.0247321 0.0222088 -0.0260024 -0.0082841 0.0160051 -0.0360660 -0.0049398 0.0046974 0.0089623 0.0121430 0.0181213 0.0007164 0.0262389 -0.0205820 0.0123503 0.0131211 -0.0349435 -0.0273142
-0.0141302 -0.0066850 0.0013156 -0.0105301 -0.0088931 0.0100439 -0.0082785 -0.0082599 -0.0113917 -0.0109766 -0.0095862 -0.0104672 -0.0103624 -0.0102692 -0.0121904 -0.0132796 -0.0108933 -0.0100500 0.0086251 0.0094646 -0.0081769 0.0104784 -0.0172407 -0.0208624 -0.0139987 -0.0121041 -0.0111278 -0.0039028 -0.0157253 -0.0163227 -0.0034286 -0.0179075 -0.0136442 -0.0137986 -0.0274530 -0.0071120 -0.0167613 0.0007598 -0.0231550 0.9547834 -0.0058392 -0.0057786 -0.0164910 -0.0164993 -0.0144954 -0.0154906 -0.0095841 -0.0163592 -0.0069553 -0.0045478 -0.0124480 -0.0112751 -0.0158072 -0.0172625 -0.0124096 -0.0141880 -0.0157456 -0.0113937 -0.0107980 -0.0156131 -0.0166712 -0.0124268 -0.0261671 -0.0112339 -0.0057753 -0.0184426 -0.0146360 -0.0176985 -0.0178919 -0.0153162 -0.0128593 -0.0144257 -0.0154596 -0.0107495 -0.0139662 -0.0207643 -0.0167893 -0.0114805 -0.0172019 -0.0195357 -0.0152876 -0.0140348 -0.0225459 -0.0111193 -0.0011437 -0.0106995
-0.0285147 -0.0180644 0.0076451 -0.0285558 -0.0209088 0.0234965 -0.0143449 -0.0182063 -0.0233887 -0.0240818 -0.0215096 -0.0229675 -0.0231083 -0.0230931 -0.0254579 -0.0248082 -0.0257068 -0.0211434 0.0209740 0.0224395 -0.0184883 0.0256077 -0.0234088 -0.0287053 -0.0087299 -0.0138186 0.0031555 -0.0029610 -0.0289349 -0.0237193 0.0183903 -0.0068518 -0.0231885 -0.0133535 -0.0364264 0.0004069 -0.0295139 0.0115016 -0.0304908 -0.0058392 1.0161909 -0.0002860 -0.0333628 -0.0178762 -0.0244438 -0.0202780 -0.0139416 -0.0301451 -0.0140743 0.0030650 0.0064767 -0.0145282 -0.0235458 -0.0346649 -0.0052371 -0.0112121 -0.0235950 -0.0121905 0.0013048 -0.0277336 -0.0273218 -0.0294076 -0.0376995 -0.0147977 -0.0040771 -0.0190337 -0.0044415 -0.0208381 -0.0226467 -0.0295606 -0.0000667 -0.0192540 -0.0236855 0.0042333 -0.0151107 -0.0181711 -0.0367414 -0.0177692 -0.0232197 -0.0124508 -0.0270775 -0.0024381 -0.0284037 -0.0192900 0.0069777 -0.0080919
-0.0320756 -0.0204539 0.0083534 -0.0305997 -0.0236503 0.0258856 -0.0174272 -0.0211152 -0.0278819 -0.0274983 -0.0237942 -0.0228413 -0.0266956 -0.0257214 -0.0276759 -0.0275891 -0.0283852 -0.0229947 0.0230092 0.0252670 -0.0206383 0.0296864 -0.0224289 -0.0330888 -0.0121949 -0.0107452 0.0067394 0.0058570 -0.0289639 -0.0220374 0.0147923 -0.0084631 -0.0326240 -0.0164358 -0.0395313 -0.0012108 -0.0310660 0.0120472 -0.0343148 -0.0057786 -0.0002860 1.0282372 -0.0326845 -0.0143915 -0.0288325 -0.0207617 -0.0104297 -0.0318874 -0.0162280 -0.0000157 -0.0026964 -0.0154827 -0.0210306 -0.0360635 -0.0056527 -0.0123281 -0.0241733 -0.0062160 -0.0035061 -0.0240330 -0.0313841 -0.0305710 -0.0378746 -0.0125507 0.0038000 -0.0226831 -0.0023277 -0.0238485 -0.0318853 -0.0292688 -0.0002837 -0.0186231 -0.0276047 0.0030238 -0.0164098 -0.0263605 -0.0330349 -0.0211515 -0.0266944 -0.0088936 -0.0330708 -0.0093845 -0.0333388 -0.0204186 0.0029900 -0.0054660
0.0272173 0.0183488 -0.0103993 0.0284540 0.0231727 -0.0261770 0.0144728 0.0197960 0.0260059 0.0263074 0.0236890 0.0223599 0.0259897 0.0252433 0.0270013 0.0254875 0.0266738 0.0229102 -0.0232102 -0.0247036 0.0207204 -0.0279344 0.0092878 0.0220053 -0.0088457 -0.0071039 -0.0350823 -0.0333641 0.0157358 0.0029824 -0.0655619 -0.0077138 0.0228631 0.0044255 0.0352890 -0.0407185 0.0254882 -0.0404984 0.0241303 -0.0164910 -0.0333628 -0.0326845 0.9777505 -0.0069034 0.0201475 0.0121579 0.0067136 0.0291164 -0.0098694 -0.0313277 -0.0382240 0.0049331 0.0009252 0.0347271 -0.0158966 -0.0007033 0.0197946 -0.0085078 -0.0301693 0.0129804 0.0202136 0.0290758 0.0262863 0.0033833 -0.0358473 0.0070596 -0.0310307 0.0110309 0.0226206 0.0292871 -0.0205409 -0.0016689 0.0209874 -0.0328951 -0.0005679 0.0089834 0.0181543 0.0147493 0.0207681 -0.0001453 0.0287174 -0.0210455 0.0237386 0.0166673 -0.0300779 -0.0316539
-0.0004279 0.0029433 -0.0032927 0.0038638 0.0030774 -0.0042986 0.0010495 0.0023673 0.0030639 0.0031242 0.0033014 0.0014615 0.0030330 0.0031219 0.0023655 0.0000696 0.0018526 0.0023997 -0.0033230 -0.0036952 0.0024393 -0.0046261 -0.0096026 -0.0124415 -0.0103154 -0.0202560 -0.0149619 -0.0194163 -0.0105348 -0.0114358 -0.0160387 -0.0123030 -0.0068293 -0.0150087 -0.0088718 -0.0192794 -0.0033944 -0.0175086 -0.0157394 -0.0164993 -0.0178762 -0.0143915 -0.0069034 1.0063124 -0.0054432 -0.0115082 -0.0061383 -0.0080271 -0.0142242 -0.0162303 -0.0161841 -0.0063283 -0.0113787 -0.0047391 -0.0133535 -0.0065160 -0.0032655 -0.0116367 -0.0162094 -0.0073194 -0.0037620 0.0021178 -0.0060884 -0.0091161 -0.0192017 -0.0115209 -0.0101549 -0.0109387 -0.0073742 -0.0014070 -0.0130996 -0.0139257 -0.0071753 -0.0238795 -0.0110888 -0.0117375 -0.0136462 -0.0062936 -0.0008946 -0.0097397 0.0001264 -0.0178482 -0.0027864 -0.0050189 -0.0119000 -0.0195672
