0.993025	-0.007818	-0.025088	-0.008786	0.134667	0.070943	0.030409	-0.005777	-0.002369	-0.060889	0.028872	0.003356	0.021091	-0.026839	0.041506	-0.017827	0.015871	-0.022147	-0.038831	-0.062960	0.064209	0.019547	-0.016250	-0.014795	-0.013402	-0.015305	-0.019688	-0.020387	-0.023676	-0.022091	-0.015569	-0.022982	-0.024808	-0.012611	-0.036297	-0.011753	-0.016110	-0.020441	-0.016610	-0.010345	-0.021700	-0.028142	-0.024625	-0.030422	-0.021485	-0.021539	-0.032944	-0.018227	-0.028984	-0.016518	-0.022304	-0.028668	-0.013400	-0.011713	-0.020275	-0.022138	-0.016102	-0.019016	-0.011754	-0.016137	-0.019575	-0.021380	-0.039127	-0.027767	-0.012879	-0.025649	-0.004432	-0.023940	-0.024602	-0.028286	-0.024909	-0.010038	-0.031686	-0.031362	-0.029583	-0.017405	-0.017812	-0.021013	-0.027448	-0.019283	-0.019082	-0.027319	-0.020666	-0.018251	-0.029288	-0.015111	
-0.007818	0.840174	0.023196	0.031488	0.161458	0.121634	-0.008231	0.007669	0.086249	-0.011723	-0.038726	-0.002433	0.116805	-0.099565	0.033119	0.006118	0.016635	0.000090	0.000289	0.370838	-0.000307	-0.049888	-0.019233	0.006397	-0.010004	-0.017295	-0.029192	-0.025251	-0.038254	-0.023002	-0.025180	-0.024859	-0.010319	-0.013158	-0.042815	-0.011039	-0.012236	-0.007690	-0.026097	0.000766	-0.030799	-0.013122	-0.038774	-0.015866	-0.034771	-0.031306	-0.025374	-0.020232	-0.003140	-0.011317	-0.014712	-0.022918	-0.039806	0.005411	-0.015021	-0.039742	-0.012754	-0.024005	-0.016374	-0.027677	-0.012617	-0.031621	-0.022582	-0.021381	-0.016902	-0.012920	-0.032433	-0.025230	0.011977	0.009802	-0.008136	-0.013215	-0.015620	-0.001291	-0.000795	-0.016187	-0.008571	-0.022823	-0.037670	-0.015121	-0.024140	-0.020423	-0.018291	-0.025087	0.011937	-0.045961	
-0.025088	0.023196	0.977103	0.002998	0.009517	0.103783	-0.012012	-0.023444	-0.002531	0.004732	-0.059386	-0.003136	-0.045714	-0.059255	0.022819	-0.011550	-0.007694	-0.039975	0.052849	-0.091002	-0.063412	-0.056451	-0.004582	-0.002472	-0.011158	-0.007877	-0.016268	-0.015247	-0.015510	-0.018517	-0.002974	-0.012304	-0.027855	-0.035542	-0.035997	-0.029542	-0.028373	-0.034939	-0.012994	-0.000468	-0.012905	-0.012059	-0.022374	-0.024294	-0.008344	-0.026771	-0.004813	-0.025726	-0.024318	-0.017017	-0.024667	-0.029169	-0.010037	-0.001489	-0.014790	-0.025757	-0.026304	-0.019264	-0.020156	-0.019783	-0.010515	-0.048468	-0.013115	-0.014463	-0.021121	-0.026983	-0.019851	-0.027483	-0.033255	-0.026703	-0.037573	-0.032550	-0.023461	-0.031388	-0.030198	-0.018495	-0.017515	-0.025884	0.003829	-0.021824	-0.004885	-0.027126	-0.038116	-0.026117	-0.033869	0.000063	
-0.008786	0.031488	0.002998	0.913958	0.193227	0.028125	0.029880	0.039222	0.018420	-0.026944	-0.106101	-0.018698	-0.097093	-0.034203	-0.026430	0.027721	-0.000026	-0.022371	0.005424	-0.070657	-0.009808	-0.055124	-0.006128	-0.013987	-0.025791	-0.018581	-0.026620	-0.030473	-0.025582	-0.011215	-0.018520	-0.008294	-0.014496	-0.016759	-0.009152	-0.016664	-0.007945	-0.024254	-0.025569	-0.015036	-0.027164	-0.012340	-0.024119	-0.020491	-0.006691	-0.015374	-0.014161	-0.017114	0.009371	-0.025149	-0.039155	-0.041648	-0.019918	-0.016232	-0.016808	-0.028348	-0.007971	-0.004499	-0.017634	-0.015125	-0.021732	-0.043328	-0.004064	-0.001964	-0.027968	-0.022949	-0.022111	-0.029517	-0.007536	-0.039001	-0.016660	-0.019606	-0.029833	-0.016755	-0.019367	-0.013523	-0.017129	-0.031073	-0.015882	-0.021317	-0.009747	-0.033147	-0.010385	-0.036810	-0.018684	-0.028116	
0.134667	0.161458	0.009517	0.193227	1.036312	-0.114894	-0.008673	0.303864	0.024193	-0.066800	0.058184	0.012964	-0.054130	0.022889	0.049112	0.041038	0.235525	0.002042	-0.117146	-0.197905	0.033365	0.186677	-0.054780	-0.032908	-0.011388	-0.054032	-0.002347	0.010722	-0.048918	0.037748	-0.061008	-0.048849	-0.080238	-0.081756	-0.042061	-0.001403	-0.053712	-0.026038	-0.027646	-0.045266	-0.050739	-0.027365	0.078224	-0.061482	-0.049896	0.013718	0.011478	-0.060068	-0.017001	-0.038987	-0.041796	-0.060536	-0.022064	-0.016931	-0.068049	-0.040912	-0.067720	0.026176	-0.007908	-0.046137	-0.026657	0.055669	-0.064685	-0.033077	-0.042664	-0.029636	0.035085	0.057325	-0.052315	-0.026336	0.020651	-0.002657	-0.068173	-0.013199	-0.051593	0.069516	-0.010775	-0.001914	0.009752	-0.057326	-0.062998	-0.054390	-0.069127	-0.102489	0.013839	-0.009442	
0.070943	0.121634	0.103783	0.028125	-0.114894	1.014480	-0.043913	-0.046274	-0.060024	-0.093927	-0.055151	-0.003074	-0.127598	-0.160097	0.006070	0.038160	-0.053479	-0.065141	0.078063	-0.011593	-0.096734	-0.093936	-0.028769	-0.043678	-0.013150	-0.014941	-0.041357	-0.012083	0.008196	-0.059687	-0.001023	-0.027121	-0.001301	-0.043220	-0.034832	-0.026466	-0.031326	0.001701	-0.021123	-0.024570	-0.012821	0.000812	-0.000550	-0.025491	-0.030710	-0.054248	-0.066642	-0.016693	-0.007939	-0.007641	-0.007565	-0.014057	-0.030233	-0.009026	-0.012667	-0.012202	-0.018882	-0.034004	-0.025185	0.008041	-0.019144	-0.030215	-0.059276	-0.032018	-0.023935	-0.035159	-0.037516	0.012217	-0.038505	-0.038513	-0.036885	-0.014203	-0.014402	0.006533	-0.042858	-0.012997	-0.004940	-0.022198	-0.012210	-0.031967	0.000792	-0.004829	-0.031408	-0.021048	0.005001	-0.014260	
0.030409	-0.008231	-0.012012	0.029880	-0.008673	-0.043913	0.810273	-0.061552	-0.027744	-0.036302	-0.034412	-0.021656	-0.057448	0.062108	-0.026619	-0.016522	-0.016643	0.000484	-0.052341	-0.146616	0.129742	-0.020114	-0.018637	-0.027405	-0.012381	-0.008350	-0.025924	-0.042109	-0.033064	-0.015869	0.005469	-0.014904	-0.007121	-0.022860	-0.014445	-0.014690	-0.012317	-0.019891	-0.022090	-0.031568	-0.012739	-0.011303	-0.023512	-0.014718	0.004901	-0.022307	-0.023828	-0.035439	-0.012888	-0.023258	-0.018166	-0.039514	-0.022818	-0.000126	-0.012042	-0.024658	-0.018065	-0.006604	-0.018605	-0.009691	-0.007334	-0.049680	0.007977	-0.005012	-0.013083	-0.017967	-0.008503	-0.015223	-0.003290	-0.040399	0.023751	-0.011080	-0.029897	-0.003740	-0.004584	-0.052364	-0.017047	-0.037415	-0.035877	-0.012652	-0.003678	-0.020890	-0.020617	0.005914	-0.003387	0.010909	
-0.005777	0.007669	-0.023444	0.039222	0.303864	-0.046274	-0.061552	0.832768	0.039031	-0.006888	0.004941	-0.035872	-0.081730	-0.008813	-0.041904	0.008800	0.031409	-0.008856	0.105293	0.090646	0.115539	-0.015343	-0.015955	-0.004573	-0.005759	-0.014449	-0.001003	-0.030482	-0.006127	-0.007129	0.001691	-0.011875	-0.013205	-0.020284	-0.024047	-0.015361	0.005513	-0.026364	-0.019596	-0.022092	-0.021255	-0.030868	-0.023538	-0.022033	-0.018483	-0.036204	-0.034994	-0.020833	-0.017967	-0.028267	-0.008980	0.028965	-0.016920	-0.005925	-0.039111	-0.017271	-0.016954	-0.014190	-0.025025	-0.028470	-0.017510	-0.041897	-0.031162	-0.016950	0.000521	-0.030770	-0.011147	-0.014553	-0.022487	-0.020328	-0.001470	-0.017728	-0.020724	-0.006839	-0.024868	-0.028141	-0.038251	-0.041292	-0.021526	-0.013357	-0.030372	0.001531	-0.017220	-0.022046	-0.014125	-0.018011	
-0.002369	0.086249	-0.002531	0.018420	0.024193	-0.060024	-0.027744	0.039031	0.802126	0.028638	-0.025997	-0.001405	-0.072843	0.080966	0.079173	0.024816	-0.016222	-0.026265	0.022060	-0.039180	0.184375	-0.049903	-0.013467	-0.018252	-0.015187	-0.005948	-0.026884	-0.020367	0.004365	-0.013457	-0.007520	-0.024006	-0.026953	-0.041068	-0.022153	-0.015632	-0.004813	-0.025252	-0.028207	-0.024079	-0.017940	-0.033755	-0.009192	-0.013395	-0.017702	-0.026918	-0.004904	-0.005162	-0.028594	-0.020398	-0.026017	-0.005230	-0.005837	-0.020034	-0.020142	-0.035687	-0.024529	-0.011243	-0.018191	-0.022509	-0.010144	0.014595	-0.009857	-0.020358	-0.006701	-0.020759	-0.019840	-0.012298	-0.033300	0.007112	-0.015203	-0.021391	-0.038305	-0.022120	-0.018190	-0.014727	-0.000975	-0.008636	-0.014249	-0.025102	-0.022078	-0.014437	0.010915	-0.006957	-0.018243	-0.034469	
-0.060889	-0.011723	0.004732	-0.026944	-0.066800	-0.093927	-0.036302	-0.006888	0.028638	1.041369	-0.010165	-0.021259	0.190150	0.019019	0.039391	0.004420	0.008011	-0.013486	-0.021387	-0.116375	-0.067424	0.029380	-0.003126	-0.008979	-0.031347	-0.030571	-0.040795	0.009343	-0.009180	-0.054846	-0.025798	0.005670	-0.021615	-0.019600	-0.021808	-0.030117	-0.043413	-0.022673	-0.036587	-0.009471	-0.003130	-0.016647	-0.012997	-0.006282	-0.012257	-0.034328	-0.008818	-0.059686	0.025260	-0.026472	-0.015880	-0.025365	-0.021554	-0.037871	-0.019893	-0.033517	-0.052501	-0.030290	-0.019027	-0.019130	-0.055488	-0.057813	-0.010300	-0.018684	-0.006421	-0.014549	-0.034057	-0.016607	-0.002332	-0.006205	0.002343	-0.020250	-0.029164	-0.044095	-0.015353	0.001192	-0.036569	0.036459	-0.018897	-0.026817	0.004125	-0.036302	-0.004826	-0.032531	0.001776	-0.025571	
0.028872	-0.038726	-0.059386	-0.106101	0.058184	-0.055151	-0.034412	0.004941	-0.025997	-0.010165	1.300360	-0.008184	-0.092611	0.101650	-0.120380	-0.036680	0.013862	-0.130043	-0.057712	-0.296282	0.114497	0.107920	-0.003808	-0.047567	-0.059563	-0.009060	-0.057479	0.057407	0.039286	-0.037677	-0.070357	0.000496	-0.012853	-0.032894	-0.040759	-0.032696	0.090763	-0.027253	-0.046497	-0.048602	-0.041033	-0.029877	0.000053	0.088246	-0.033928	-0.015494	0.074694	-0.062987	-0.029683	-0.060047	-0.001171	-0.016857	-0.028411	-0.065381	-0.014399	-0.060248	-0.070301	0.103826	0.036317	-0.064677	-0.050446	-0.035730	0.042846	-0.032691	-0.035922	-0.024573	0.046959	-0.014964	-0.079520	-0.052950	-0.037951	-0.032026	-0.029630	-0.067147	-0.064128	-0.049792	-0.045716	0.011086	-0.087256	-0.058944	-0.064612	-0.072143	-0.006785	-0.053557	-0.050312	-0.043493	
0.003356	-0.002433	-0.003136	-0.018698	0.012964	-0.003074	-0.021656	-0.035872	-0.001405	-0.021259	-0.008184	1.072244	-0.018811	0.053637	-0.025609	-0.002298	-0.016972	-0.010295	-0.035734	-0.017234	0.026566	0.023379	0.004094	-0.009646	-0.024922	-0.030139	-0.005398	-0.043512	-0.026915	-0.018046	-0.019280	-0.012565	-0.018059	-0.017391	-0.031130	-0.023116	-0.016393	-0.036400	-0.029489	-0.026102	-0.021357	-0.002501	-0.023659	-0.025769	-0.010088	-0.037069	-0.023208	-0.046739	-0.016096	-0.025695	-0.017562	0.010679	-0.024002	-0.022095	-0.008540	-0.015065	-0.021377	-0.035838	-0.025850	-0.026717	-0.018042	0.019587	0.004328	-0.034430	-0.025966	-0.024898	-0.029396	-0.018890	-0.035952	-0.044729	-0.022219	-0.025298	-0.017940	-0.028130	-0.010981	0.016013	0.008536	-0.037664	-0.004450	-0.041039	-0.021222	-0.038996	-0.048032	-0.027551	-0.002496	-0.022537	
0.021091	0.116805	-0.045714	-0.097093	-0.054130	-0.127598	-0.057448	-0.081730	-0.072843	0.190150	-0.092611	-0.018811	1.080939	-0.034459	-0.027133	-0.069692	0.083451	-0.044309	0.305689	-0.095706	-0.140663	0.130212	-0.002376	-0.004394	-0.048825	-0.039911	-0.034469	-0.034565	0.012413	0.003819	-0.034303	0.005684	-0.034703	-0.060231	-0.011111	0.022519	-0.051471	-0.008809	-0.050607	-0.008959	0.068422	-0.041177	0.062412	-0.056953	0.000762	0.004144	0.050021	-0.025098	-0.003768	-0.082358	-0.035393	-0.069995	0.040287	-0.109883	-0.059661	-0.032307	0.043666	-0.059282	-0.048755	-0.037691	0.017865	-0.052382	-0.044196	-0.021124	0.002394	-0.014560	-0.032226	-0.001502	-0.057235	-0.042162	0.020825	-0.013800	-0.040875	-0.052558	-0.027196	-0.025326	0.038699	-0.002582	-0.041906	-0.073192	0.004051	-0.078171	-0.001131	-0.016674	0.004123	-0.024769	
-0.026839	-0.099565	-0.059255	-0.034203	0.022889	-0.160097	0.062108	-0.008813	0.080966	0.019019	0.101650	0.053637	-0.034459	1.065673	-0.109287	-0.041159	-0.078800	0.045665	-0.122652	0.021286	-0.149969	-0.021171	-0.049602	0.019979	-0.023696	-0.030136	0.097981	-0.035850	-0.018131	0.019608	0.003625	-0.059376	-0.045797	-0.083952	-0.038330	-0.049793	-0.020847	-0.046116	-0.087015	-0.016675	-0.017884	0.003192	-0.025395	-0.061766	0.050305	-0.042427	0.039058	-0.001888	-0.091738	-0.062090	-0.037953	0.086263	0.002950	-0.046862	-0.015934	-0.039365	0.028458	-0.008002	-0.064436	-0.033962	0.067389	0.270983	-0.042537	-0.003055	0.006942	-0.023692	-0.017977	0.087017	0.011855	-0.041502	-0.068721	-0.089129	0.178075	0.001886	-0.030944	-0.062326	-0.025234	-0.029237	-0.043468	-0.029710	-0.021111	-0.006597	-0.078009	0.004248	-0.039315	-0.073673	
0.041506	0.033119	0.022819	-0.026430	0.049112	0.006070	-0.026619	-0.041904	0.079173	0.039391	-0.120380	-0.025609	-0.027133	-0.109287	0.921204	0.003159	0.026007	-0.067474	0.091346	-0.017066	0.009407	0.021143	-0.024699	-0.003314	-0.021270	-0.014706	-0.038700	-0.024570	-0.037118	-0.024176	-0.008682	-0.016567	-0.032928	-0.020533	-0.006444	-0.012314	-0.036318	-0.023331	0.002843	-0.004257	-0.023531	-0.025509	-0.019899	-0.010455	-0.016226	0.004247	-0.009734	-0.031914	-0.028520	-0.022761	-0.035632	-0.005021	-0.024713	-0.022779	-0.011450	-0.028498	-0.001538	-0.031128	-0.027141	-0.028121	-0.021900	-0.018349	-0.031686	-0.011913	-0.028564	-0.008153	-0.036096	-0.016632	0.022967	-0.043129	-0.007990	-0.016741	-0.034047	-0.001110	-0.041856	-0.022611	-0.015652	-0.029407	-0.006400	-0.028286	0.002847	-0.030449	-0.004735	-0.042568	-0.012861	0.008551	
-0.017827	0.006118	-0.011550	0.027721	0.041038	0.038160	-0.016522	0.008800	0.024816	0.004420	-0.036680	-0.002298	-0.069692	-0.041159	0.003159	0.899253	0.000504	-0.018765	0.013802	-0.026625	-0.017224	0.013939	-0.005833	-0.026497	-0.015087	-0.018027	-0.011778	-0.018069	-0.019442	-0.005739	-0.011883	-0.017955	-0.000465	-0.016743	-0.020137	-0.003886	-0.026197	-0.016845	-0.027659	-0.011171	-0.035251	-0.011256	-0.012521	-0.022664	-0.020428	-0.019026	-0.027568	-0.013855	-0.020039	-0.013170	-0.016038	-0.024859	-0.028212	-0.027242	-0.021995	-0.012669	-0.030327	-0.022351	-0.006473	-0.020761	-0.027138	-0.006624	-0.028299	-0.021427	-0.029869	-0.010245	-0.018697	-0.020755	-0.008670	-0.003781	-0.025655	-0.017012	-0.018034	-0.026901	-0.017326	0.001627	-0.023601	-0.029219	-0.017323	-0.015643	-0.024005	-0.013494	-0.034090	-0.024776	-0.019883	-0.019972	
0.015871	0.016635	-0.007694	-0.000026	0.235525	-0.053479	-0.016643	0.031409	-0.016222	0.008011	0.013862	-0.016972	0.083451	-0.078800	0.026007	0.000504	0.864967	-0.018092	0.029987	0.016246	0.084663	-0.044372	-0.021170	-0.023908	-0.015149	-0.025540	-0.015671	-0.024895	-0.015488	-0.003213	-0.015409	-0.025643	-0.022325	-0.000798	-0.021523	-0.007532	-0.024664	-0.028102	-0.023398	-0.006662	-0.008498	-0.005526	0.002541	-0.019624	-0.021997	-0.031444	-0.003017	-0.000417	-0.026524	-0.021283	-0.012641	-0.028818	-0.030139	-0.007157	-0.024074	-0.016810	-0.009972	-0.025225	-0.018119	-0.028735	-0.013973	-0.003450	-0.024366	-0.031619	-0.018611	-0.022304	-0.024650	-0.012895	-0.023545	-0.035858	-0.030039	-0.010459	-0.018463	-0.021858	-0.015363	0.011414	-0.023139	-0.015292	-0.040648	-0.003269	-0.023562	-0.009442	-0.033949	-0.009772	-0.016908	-0.019489	
-0.022147	0.000090	-0.039975	-0.022371	0.002042	-0.065141	0.000484	-0.008856	-0.026265	-0.013486	-0.130043	-0.010295	-0.044309	0.045665	-0.067474	-0.018765	-0.018092	0.901272	0.014090	0.303995	-0.190670	-0.007948	-0.013134	-0.005866	-0.008929	-0.009403	-0.013444	-0.005199	-0.027126	-0.025491	-0.019522	0.026874	-0.030262	0.017973	-0.035033	0.005457	0.011633	-0.019540	-0.008573	0.002179	-0.000174	-0.001070	-0.011602	-0.026778	-0.041385	0.016872	-0.014332	-0.019460	-0.040752	0.004020	-0.013771	-0.025295	-0.009911	-0.026503	-0.020459	-0.013868	-0.007079	-0.028869	-0.026770	-0.015504	0.004708	-0.041851	-0.015646	-0.028507	-0.011174	-0.018354	-0.045160	0.003214	-0.022853	-0.004137	-0.028995	-0.009811	0.000267	-0.036820	0.012579	-0.045431	-0.024959	-0.034751	-0.058765	-0.033395	-0.011568	-0.039514	-0.041103	-0.009516	-0.043393	-0.039883	
-0.038831	0.000289	0.052849	0.005424	-0.117146	0.078063	-0.052341	0.105293	0.022060	-0.021387	-0.057712	-0.035734	0.305689	-0.122652	0.091346	0.013802	0.029987	0.014090	0.395243	0.106768	0.311293	0.035879	-0.004990	-0.020648	0.000167	0.025780	-0.040238	0.024587	-0.022642	0.042328	-0.011906	0.003491	-0.057266	-0.019134	0.003010	-0.004323	0.009490	-0.002465	-0.037568	-0.008165	0.019159	-0.030148	-0.035444	-0.035852	0.012343	-0.006725	-0.021966	-0.018842	-0.009347	-0.017931	-0.013114	-0.007246	-0.021558	-0.084070	-0.002230	0.005515	0.002789	0.003183	-0.050601	-0.007624	-0.067026	-0.045042	-0.016571	-0.023455	-0.016641	-0.031394	-0.048100	-0.013385	0.049652	0.009584	-0.017817	0.000061	0.025010	-0.021299	0.101385	0.014937	-0.030680	-0.015437	-0.050269	0.005559	-0.065177	-0.001902	-0.019889	0.068944	0.022708	0.017530	
-0.062960	0.370838	-0.091002	-0.070657	-0.197905	-0.011593	-0.146616	0.090646	-0.039180	-0.116375	-0.296282	-0.017234	-0.095706	0.021286	-0.017066	-0.026625	0.016246	0.303995	0.106768	0.781742	-0.027761	0.087154	0.042368	0.047265	-0.027831	-0.026169	-0.049130	-0.016133	-0.010467	-0.026648	0.042034	0.006796	-0.027477	-0.025827	0.048217	0.020338	-0.031865	-0.049262	-0.037021	-0.027212	0.017149	-0.034626	0.019029	-0.026395	0.004180	0.007883	-0.065787	0.006886	-0.027754	-0.012580	-0.013053	-0.066709	-0.033737	-0.057239	-0.012701	-0.014610	-0.055452	-0.022096	-0.016897	-0.021870	-0.019444	-0.081903	-0.037467	0.102209	0.051203	-0.030064	-0.074885	-0.031465	-0.019935	0.122996	-0.025086	-0.016364	-0.044763	-0.033339	-0.000801	-0.006097	0.006290	-0.052385	-0.075648	-0.049386	-0.100169	-0.044719	-0.061605	0.030691	-0.053635	0.028011	
0.064209	-0.000307	-0.063412	-0.009808	0.033365	-0.096734	0.129742	0.115539	0.184375	-0.067424	0.114497	0.026566	-0.140663	-0.149969	0.009407	-0.017224	0.084663	-0.190670	0.311293	-0.027761	0.927674	-0.044636	0.000931	-0.090512	0.004625	-0.038541	-0.033364	-0.059860	-0.013327	-0.037177	-0.011985	0.054576	-0.020859	0.001843	-0.074796	-0.003858	-0.009757	-0.054220	0.077519	-0.018679	0.040068	-0.037766	-0.057284	-0.083662	-0.067955	-0.033150	-0.062304	-0.043838	-0.011961	-0.086710	-0.058864	-0.004493	-0.015504	-0.053620	0.010958	-0.034950	-0.038263	-0.015785	-0.053876	-0.047682	-0.012120	-0.020511	-0.050061	0.018328	-0.057628	0.053138	0.061838	-0.059173	-0.036881	0.022193	-0.033417	-0.015661	-0.058086	0.067526	0.015346	0.009292	-0.030642	0.021011	-0.106567	-0.025207	-0.060906	-0.037922	0.019905	-0.033160	-0.069403	0.031343	
0.019547	-0.049888	-0.056451	-0.055124	0.186677	-0.093936	-0.020114	-0.015343	-0.049903	0.029380	0.107920	0.023379	0.130212	-0.021171	0.021143	0.013939	-0.044372	-0.007948	0.035879	0.087154	-0.044636	1.063733	-0.052156	-0.058122	-0.008242	-0.056554	-0.053521	-0.017565	0.026837	0.005922	-0.016878	-0.039333	-0.015108	-0.003063	0.070572	-0.024269	-0.071311	-0.023239	0.013565	-0.009254	-0.044430	0.042970	-0.010860	0.005443	-0.033660	0.013423	0.037861	-0.035422	-0.019843	-0.019292	-0.065353	-0.031287	-0.032902	-0.033543	-0.026039	-0.017472	-0.094096	-0.015300	-0.015037	-0.029446	-0.043156	-0.015912	-0.051060	0.021177	0.009953	-0.053863	-0.063032	0.013304	-0.028546	-0.052096	-0.050372	-0.042904	-0.042933	0.037200	-0.036891	-0.052418	0.009506	-0.040526	0.006318	-0.015696	-0.012089	-0.005547	0.007786	-0.036904	0.000728	-0.040536	
-0.016250	-0.019233	-0.004582	-0.006128	-0.054780	-0.028769	-0.018637	-0.015955	-0.013467	-0.003126	-0.003808	0.004094	-0.002376	-0.049602	-0.024699	-0.005833	-0.021170	-0.013134	-0.004990	0.042368	0.000931	-0.052156	1.063703	-0.017180	-0.019834	-0.020392	-0.024658	-0.020087	-0.018707	-0.024512	-0.018605	-0.016444	-0.020156	-0.020228	-0.023722	-0.022091	-0.019473	-0.027070	-0.016486	-0.013635	-0.014295	-0.022088	-0.011430	-0.017960	-0.027351	-0.033069	-0.018316	-0.017362	-0.015969	-0.020577	-0.010343	-0.023220	-0.025264	-0.021792	-0.025576	-0.016971	-0.030085	-0.022373	-0.024752	-0.022875	-0.025204	-0.033864	-0.027809	-0.031029	-0.023402	-0.024199	-0.017386	-0.019671	-0.015836	-0.030087	-0.021291	-0.020847	-0.020646	-0.024284	-0.021925	-0.016342	-0.029120	-0.028594	-0.029604	-0.029360	-0.021951	-0.027574	-0.023637	-0.028953	-0.025299	-0.022940	
-0.014795	0.006397	-0.002472	-0.013987	-0.032908	-0.043678	-0.027405	-0.004573	-0.018252	-0.008979	-0.047567	-0.009646	-0.004394	0.019979	-0.003314	-0.026497	-0.023908	-0.005866	-0.020648	0.047265	-0.090512	-0.058122	-0.017180	1.001587	-0.016947	-0.020090	-0.022798	-0.019094	-0.013922	-0.017909	-0.016454	-0.014850	-0.017640	-0.016776	-0.021563	-0.018637	-0.014925	-0.030657	-0.022740	-0.016450	-0.024127	-0.025493	-0.023083	-0.016093	-0.013691	-0.010595	-0.017870	-0.018753	-0.021056	-0.029785	-0.014209	-0.023490	-0.016394	-0.021067	-0.021949	-0.021308	-0.025479	-0.022305	-0.024432	-0.019270	-0.018240	-0.048448	-0.021460	-0.018763	-0.019854	-0.020155	-0.013772	-0.022679	-0.021091	-0.027005	-0.012713	-0.021082	-0.032376	-0.013940	-0.015656	-0.027018	-0.018501	-0.033997	-0.039306	-0.021774	-0.030279	-0.024909	-0.021423	-0.025793	-0.031334	-0.010523	
-0.013402	-0.010004	-0.011158	-0.025791	-0.011388	-0.013150	-0.012381	-0.005759	-0.015187	-0.031347	-0.059563	-0.024922	-0.048825	-0.023696	-0.021270	-0.015087	-0.015149	-0.008929	0.000167	-0.027831	0.004625	-0.008242	-0.019834	-0.016947	0.873042	-0.016975	-0.010553	-0.016523	-0.021613	-0.018366	-0.020124	-0.011963	-0.017148	-0.020399	-0.027212	-0.011979	-0.018674	-0.015273	-0.018391	-0.015634	-0.018711	-0.017678	-0.013773	-0.015337	-0.011906	-0.020252	-0.012437	-0.016601	-0.021934	-0.019425	-0.014890	-0.012336	-0.022026	-0.013243	-0.016758	-0.014302	-0.021770	-0.019247	-0.016141	-0.015531	-0.022281	-0.035302	-0.025205	-0.016845	-0.009855	-0.020462	-0.021368	-0.014728	-0.015188	-0.025370	-0.015035	-0.016321	-0.022711	-0.021242	-0.019121	-0.017944	-0.018096	-0.022614	-0.024835	-0.013601	-0.019635	-0.017262	-0.019688	-0.014495	-0.020451	-0.018021	
-0.015305	-0.017295	-0.007877	-0.018581	-0.054032	-0.014941	-0.008350	-0.014449	-0.005948	-0.030571	-0.009060	-0.030139	-0.039911	-0.030136	-0.014706	-0.018027	-0.025540	-0.009403	0.025780	-0.026169	-0.038541	-0.056554	-0.020392	-0.020090	-0.016975	0.861182	-0.014226	-0.019620	-0.014046	-0.015254	-0.017207	-0.013635	-0.022974	-0.013921	-0.024468	-0.013413	-0.022628	-0.019318	-0.011463	-0.014568	-0.012681	-0.011599	-0.012345	-0.015975	-0.013744	-0.016275	-0.014370	-0.020357	-0.021164	-0.021462	-0.014034	-0.021734	-0.016054	-0.017198	-0.014720	-0.016683	-0.009421	-0.021580	-0.014913	-0.021766	-0.015603	-0.017651	-0.020992	-0.021201	-0.018798	-0.020620	-0.024558	-0.018411	-0.019028	-0.009566	-0.020611	-0.020434	-0.015031	-0.025530	-0.016274	-0.018598	-0.017564	-0.017054	-0.007309	-0.012503	-0.013745	-0.026396	-0.015398	-0.016143	-0.023842	-0.013606	
-0.019688	-0.029192	-0.016268	-0.026620	-0.002347	-0.041357	-0.025924	-0.001003	-0.026884	-0.040795	-0.057479	-0.005398	-0.034469	0.097981	-0.038700	-0.011778	-0.015671	-0.013444	-0.040238	-0.049130	-0.033364	-0.053521	-0.024658	-0.022798	-0.010553	-0.014226	0.965289	-0.020519	-0.024636	-0.017995	-0.014802	-0.013801	-0.021983	-0.024053	-0.023545	-0.020758	-0.019191	-0.018740	-0.015039	-0.015037	-0.018622	-0.017178	-0.011204	-0.020820	-0.027505	-0.022829	-0.014525	-0.014341	-0.019507	-0.012567	-0.020230	-0.017696	-0.024322	-0.023610	-0.009727	-0.020860	-0.027208	-0.015580	-0.015810	-0.023263	-0.024583	-0.019862	-0.030322	-0.017688	-0.017312	-0.027234	-0.018375	-0.016961	-0.015961	-0.019422	-0.014104	-0.019954	-0.025300	-0.019172	-0.017043	-0.018664	-0.018969	-0.018695	-0.022691	-0.023050	-0.021778	-0.025199	-0.014326	-0.028709	-0.023059	-0.025493	
-0.020387	-0.025251	-0.015247	-0.030473	0.010722	-0.012083	-0.042109	-0.030482	-0.020367	0.009343	0.057407	-0.043512	-0.034565	-0.035850	-0.024570	-0.018069	-0.024895	-0.005199	0.024587	-0.016133	-0.059860	-0.017565	-0.020087	-0.019094	-0.016523	-0.019620	-0.020519	1.008615	-0.016758	-0.024720	-0.015362	-0.018580	-0.024757	-0.021093	-0.023224	-0.020067	-0.024194	-0.012909	-0.018988	-0.017354	-0.020281	-0.021386	-0.024010	-0.024570	-0.018456	-0.012318	-0.027151	-0.023683	-0.019210	-0.023645	-0.019863	-0.023027	-0.015183	-0.027049	-0.012432	-0.014251	-0.010656	-0.020261	-0.010686	-0.028233	-0.022377	-0.022052	-0.025750	-0.020184	-0.019573	-0.023699	-0.018564	-0.023585	-0.024476	-0.019954	-0.020053	-0.019724	-0.027146	-0.020455	-0.022286	-0.021317	-0.018450	-0.030982	-0.021815	-0.020628	-0.023184	-0.021697	-0.028263	-0.022792	-0.017949	-0.014369	
-0.023676	-0.038254	-0.015510	-0.025582	-0.048918	0.008196	-0.033064	-0.006127	0.004365	-0.009180	0.039286	-0.026915	0.012413	-0.018131	-0.037118	-0.019442	-0.015488	-0.027126	-0.022642	-0.010467	-0.013327	0.026837	-0.018707	-0.013922	-0.021613	-0.014046	-0.024636	-0.016758	0.990669	-0.011150	-0.019036	-0.019230	-0.018254	-0.017109	-0.026270	-0.010748	-0.026730	-0.016568	-0.017722	-0.020992	-0.018866	-0.016479	-0.025422	-0.022553	-0.020662	-0.021074	-0.015240	-0.016323	-0.016732	-0.030853	-0.021274	-0.027187	-0.019832	-0.018419	-0.014172	-0.015332	-0.021138	-0.022090	-0.015454	-0.019828	-0.021609	-0.039151	-0.034032	-0.021975	-0.020651	-0.022244	-0.023623	-0.025391	-0.021693	-0.025623	-0.014942	-0.027840	-0.014861	-0.022082	-0.023968	-0.016545	-0.024712	-0.012603	-0.017368	-0.011108	-0.024657	-0.023179	-0.021391	-0.023669	-0.022148	-0.009329	
-0.022091	-0.023002	-0.018517	-0.011215	0.037748	-0.059687	-0.015869	-0.007129	-0.013457	-0.054846	-0.037677	-0.018046	0.003819	0.019608	-0.024176	-0.005739	-0.003213	-0.025491	0.042328	-0.026648	-0.037177	0.005922	-0.024512	-0.017909	-0.018366	-0.015254	-0.017995	-0.024720	-0.011150	0.898261	-0.018657	-0.021331	-0.008377	-0.015771	-0.017431	-0.013035	-0.018667	-0.018995	-0.016609	-0.020805	-0.023100	-0.017501	-0.019844	-0.014808	-0.013555	-0.013578	-0.014523	-0.022393	-0.019745	-0.022429	-0.021055	-0.019358	-0.021850	-0.018376	-0.016694	-0.016838	-0.016998	-0.014445	-0.015072	-0.015912	-0.020632	-0.027458	-0.028971	-0.017998	-0.019814	-0.023236	-0.017491	-0.013035	-0.015914	-0.023334	-0.019125	-0.013240	-0.018130	-0.027971	-0.020327	-0.019615	-0.015038	-0.025770	-0.033532	-0.011629	-0.007319	-0.015241	-0.010117	-0.013597	-0.022127	-0.019768	
-0.015569	-0.025180	-0.002974	-0.018520	-0.061008	-0.001023	0.005469	0.001691	-0.007520	-0.025798	-0.070357	-0.019280	-0.034303	0.003625	-0.008682	-0.011883	-0.015409	-0.019522	-0.011906	0.042034	-0.011985	-0.016878	-0.018605	-0.016454	-0.020124	-0.017207	-0.014802	-0.015362	-0.019036	-0.018657	0.952610	-0.016337	-0.024693	-0.020745	-0.029489	-0.016694	-0.017463	-0.017590	-0.019818	-0.021122	-0.021026	-0.013265	-0.022660	-0.017858	-0.017469	-0.021616	-0.007779	-0.027118	-0.024060	-0.013011	-0.018161	-0.020793	-0.018754	-0.023670	-0.015033	-0.017794	-0.028359	-0.017453	-0.014101	-0.020140	-0.028228	-0.007161	-0.023138	-0.018837	-0.017658	-0.022831	-0.018764	-0.027303	-0.023630	-0.019957	-0.017507	-0.015781	-0.022700	-0.025221	-0.016474	-0.024240	-0.022103	-0.026204	-0.020169	-0.019732	-0.018085	-0.017502	-0.026628	-0.012163	-0.020486	-0.023182	
-0.022982	-0.024859	-0.012304	-0.008294	-0.048849	-0.027121	-0.014904	-0.011875	-0.024006	0.005670	0.000496	-0.012565	0.005684	-0.059376	-0.016567	-0.017955	-0.025643	0.026874	0.003491	0.006796	0.054576	-0.039333	-0.016444	-0.014850	-0.011963	-0.013635	-0.013801	-0.018580	-0.019230	-0.021331	-0.016337	0.883217	-0.007327	-0.013109	-0.026681	-0.016067	-0.017037	-0.020965	-0.026144	-0.024867	-0.008769	-0.017033	-0.013124	-0.020778	-0.016439	-0.021066	-0.005406	-0.012643	-0.024416	-0.019418	-0.010836	-0.017224	-0.018793	-0.023301	-0.008570	-0.012330	-0.013966	-0.017058	-0.016230	-0.027598	-0.025047	-0.044432	-0.025869	-0.017241	-0.015458	-0.019248	-0.021387	-0.018431	-0.018463	-0.019553	-0.018701	-0.016581	-0.028541	-0.016395	-0.018708	-0.019487	-0.018202	-0.029837	-0.022017	-0.017660	-0.015623	-0.025248	-0.019344	-0.015561	-0.010526	-0.016987	
-0.024808	-0.010319	-0.027855	-0.014496	-0.080238	-0.001301	-0.007121	-0.013205	-0.026953	-0.021615	-0.012853	-0.018059	-0.034703	-0.045797	-0.032928	-0.000465	-0.022325	-0.030262	-0.057266	-0.027477	-0.020859	-0.015108	-0.020156	-0.017640	-0.017148	-0.022974	-0.021983	-0.024757	-0.018254	-0.008377	-0.024693	-0.007327	0.909288	-0.013995	-0.011825	-0.014582	-0.020965	-0.017691	-0.012572	-0.013178	-0.012672	-0.020673	-0.021025	-0.024228	-0.021362	-0.022709	-0.011279	-0.023843	-0.015981	-0.005411	-0.020997	-0.011453	-0.021485	-0.022893	-0.008835	-0.017475	-0.024928	-0.011981	-0.013369	-0.021900	-0.025284	-0.015489	-0.025509	-0.012353	-0.016583	-0.016063	-0.017749	-0.016293	-0.000590	-0.015139	-0.014000	-0.016354	-0.026542	-0.021594	-0.015572	-0.024954	-0.024147	-0.024666	-0.035971	-0.012550	-0.026025	-0.028895	-0.019931	-0.016571	-0.023340	-0.022632	
-0.012611	-0.013158	-0.035542	-0.016759	-0.081756	-0.043220	-0.022860	-0.020284	-0.041068	-0.019600	-0.032894	-0.017391	-0.060231	-0.083952	-0.020533	-0.016743	-0.000798	0.017973	-0.019134	-0.025827	0.001843	-0.003063	-0.020228	-0.016776	-0.020399	-0.013921	-0.024053	-0.021093	-0.017109	-0.015771	-0.020745	-0.013109	-0.013995	1.011622	-0.025248	-0.015613	-0.022174	-0.020173	-0.015292	-0.022903	-0.012912	-0.017925	-0.009748	-0.022343	-0.013241	-0.020227	-0.018912	-0.014111	-0.031009	-0.017122	-0.018893	-0.014804	-0.020204	-0.024064	-0.022345	-0.022612	-0.025171	-0.020465	-0.019849	-0.014520	-0.023566	-0.031509	-0.027612	-0.019734	-0.025425	-0.028304	-0.024189	-0.021776	-0.018418	-0.020134	-0.019491	-0.021292	-0.025587	-0.025275	-0.019430	-0.017763	-0.028372	-0.026077	-0.031566	-0.013731	-0.018090	-0.023406	-0.023486	-0.022896	-0.020717	-0.022433	
-0.036297	-0.042815	-0.035997	-0.009152	-0.042061	-0.034832	-0.014445	-0.024047	-0.022153	-0.021808	-0.040759	-0.031130	-0.011111	-0.038330	-0.006444	-0.020137	-0.021523	-0.035033	0.003010	0.048217	-0.074796	0.070572	-0.023722	-0.021563	-0.027212	-0.024468	-0.023545	-0.023224	-0.026270	-0.017431	-0.029489	-0.026681	-0.011825	-0.025248	1.220274	-0.019144	-0.022900	-0.030285	-0.031516	-0.023936	-0.022504	-0.022887	-0.032147	-0.026839	-0.016634	-0.026098	-0.024927	-0.024571	-0.027405	-0.027556	-0.025203	-0.020456	-0.023440	-0.028254	-0.030142	-0.024844	-0.015610	-0.024400	-0.025188	-0.026954	-0.016471	-0.045269	-0.031883	-0.026881	-0.031635	-0.023869	-0.025180	-0.026318	-0.021178	-0.024212	-0.021144	-0.023556	-0.012055	-0.024467	-0.027983	-0.021868	-0.027514	-0.026972	-0.021209	-0.024316	-0.023604	-0.020791	-0.021086	-0.022627	-0.030274	-0.018637	
-0.011753	-0.011039	-0.029542	-0.016664	-0.001403	-0.026466	-0.014690	-0.015361	-0.015632	-0.030117	-0.032696	-0.023116	0.022519	-0.049793	-0.012314	-0.003886	-0.007532	0.005457	-0.004323	0.020338	-0.003858	-0.024269	-0.022091	-0.018637	-0.011979	-0.013413	-0.020758	-0.020067	-0.010748	-0.013035	-0.016694	-0.016067	-0.014582	-0.015613	-0.019144	0.852137	-0.020806	-0.017620	-0.023495	-0.014419	-0.015257	-0.011711	-0.021899	-0.011847	-0.022134	-0.014374	-0.017101	-0.017948	-0.016762	-0.019724	-0.014824	-0.021554	-0.024083	-0.022670	-0.009514	-0.018517	-0.018394	-0.014835	-0.014386	-0.015126	-0.005657	-0.027902	-0.026228	-0.018974	-0.016031	-0.020598	-0.026448	-0.017351	-0.012741	-0.022033	-0.023499	-0.012439	-0.021363	-0.014244	-0.016415	-0.021559	-0.022425	-0.025061	-0.015628	-0.010278	-0.020624	-0.020352	-0.020120	-0.016277	-0.017907	-0.015306	
-0.016110	-0.012236	-0.028373	-0.007945	-0.053712	-0.031326	-0.012317	0.005513	-0.004813	-0.043413	0.090763	-0.016393	-0.051471	-0.020847	-0.036318	-0.026197	-0.024664	0.011633	0.009490	-0.031865	-0.009757	-0.071311	-0.019473	-0.014925	-0.018674	-0.022628	-0.019191	-0.024194	-0.026730	-0.018667	-0.017463	-0.017037	-0.020965	-0.022174	-0.022900	-0.020806	0.989334	-0.018264	-0.011078	-0.017730	-0.022311	-0.021636	-0.010028	-0.012670	-0.021865	-0.016774	-0.021298	-0.019522	-0.017919	-0.019266	-0.026401	-0.011239	-0.021873	-0.025402	-0.016259	-0.023508	-0.017962	-0.014766	-0.017375	-0.021235	-0.024508	-0.019735	-0.036544	-0.014716	-0.023837	-0.022548	-0.018230	-0.018575	-0.013038	-0.022047	-0.013874	-0.016783	-0.024348	-0.019676	-0.020384	-0.024265	-0.015223	-0.023217	-0.031645	-0.021598	-0.022647	-0.024611	-0.020505	-0.021346	-0.024251	-0.018340	
-0.020441	-0.007690	-0.034939	-0.024254	-0.026038	0.001701	-0.019891	-0.026364	-0.025252	-0.022673	-0.027253	-0.036400	-0.008809	-0.046116	-0.023331	-0.016845	-0.028102	-0.019540	-0.002465	-0.049262	-0.054220	-0.023239	-0.027070	-0.030657	-0.015273	-0.019318	-0.018740	-0.012909	-0.016568	-0.018995	-0.017590	-0.020965	-0.017691	-0.020173	-0.030285	-0.017620	-0.018264	0.984571	-0.021430	-0.007700	-0.020221	-0.024334	-0.015557	-0.018066	-0.023338	-0.012729	-0.013512	-0.022604	-0.021336	-0.019467	-0.019780	-0.021592	-0.028579	-0.011134	-0.014996	-0.016027	-0.016510	-0.016017	-0.025704	-0.016107	-0.022763	-0.031091	-0.028701	-0.017507	-0.014759	-0.024382	-0.022441	-0.024763	-0.026883	-0.001740	-0.017476	-0.020588	-0.024125	-0.026287	-0.019538	-0.020841	-0.014051	-0.034451	-0.021880	-0.013658	-0.018715	-0.019191	-0.024549	-0.010537	-0.016062	-0.020922	
-0.016610	-0.026097	-0.012994	-0.025569	-0.027646	-0.021123	-0.022090	-0.019596	-0.028207	-0.036587	-0.046497	-0.029489	-0.050607	-0.087015	0.002843	-0.027659	-0.023398	-0.008573	-0.037568	-0.037021	0.077519	0.013565	-0.016486	-0.022740	-0.018391	-0.011463	-0.015039	-0.018988	-0.017722	-0.016609	-0.019818	-0.026144	-0.012572	-0.015292	-0.031516	-0.023495	-0.011078	-0.021430	1.022949	-0.021239	-0.024755	-0.024884	-0.022887	-0.020846	-0.015036	-0.021200	-0.018250	-0.015222	-0.020762	-0.021748	-0.021693	-0.025302	-0.027621	-0.015748	-0.029322	-0.018859	-0.020814	-0.014150	-0.021319	-0.019892	-0.024187	-0.027613	-0.039015	-0.025824	-0.020745	-0.017977	-0.025708	-0.025159	-0.012771	-0.018833	-0.022242	-0.017256	-0.024797	-0.019011	-0.026997	-0.016587	-0.019038	-0.015805	-0.025696	-0.014594	-0.017064	-0.027143	-0.020824	-0.013474	-0.019151	-0.020656	
-0.010345	0.000766	-0.000468	-0.015036	-0.045266	-0.024570	-0.031568	-0.022092	-0.024079	-0.009471	-0.048602	-0.026102	-0.008959	-0.016675	-0.004257	-0.011171	-0.006662	0.002179	-0.008165	-0.027212	-0.018679	-0.009254	-0.013635	-0.016450	-0.015634	-0.014568	-0.015037	-0.017354	-0.020992	-0.020805	-0.021122	-0.024867	-0.013178	-0.022903	-0.023936	-0.014419	-0.017730	-0.007700	-0.021239	0.904650	-0.013381	-0.017314	-0.014996	-0.015447	-0.015039	-0.015767	-0.019264	-0.019224	-0.015618	-0.015992	-0.018083	-0.013618	-0.014736	-0.019240	-0.019873	-0.015206	-0.022842	-0.012813	-0.012561	-0.018380	-0.023644	-0.020274	-0.024393	-0.017938	-0.014014	-0.018997	-0.026281	-0.018844	-0.019580	-0.015220	-0.026193	-0.022713	-0.026819	-0.020997	-0.019103	-0.022488	-0.019385	-0.020740	-0.027176	-0.026830	-0.021442	-0.028310	-0.021307	-0.021654	-0.017525	-0.014136	
-0.021700	-0.030799	-0.012905	-0.027164	-0.050739	-0.012821	-0.012739	-0.021255	-0.017940	-0.003130	-0.041033	-0.021357	0.068422	-0.017884	-0.023531	-0.035251	-0.008498	-0.000174	0.019159	0.017149	0.040068	-0.044430	-0.014295	-0.024127	-0.018711	-0.012681	-0.018622	-0.020281	-0.018866	-0.023100	-0.021026	-0.008769	-0.012672	-0.012912	-0.022504	-0.015257	-0.022311	-0.020221	-0.024755	-0.013381	0.959570	-0.015216	-0.022729	-0.022080	-0.023254	-0.018537	-0.027068	-0.015828	-0.018626	-0.009874	-0.016692	-0.022908	-0.018802	-0.025243	-0.021620	-0.017986	-0.018374	-0.021312	-0.017126	-0.024984	-0.015122	-0.021400	-0.022572	-0.024850	-0.021377	-0.021250	-0.024542	-0.018525	-0.016242	-0.025385	-0.022303	-0.029144	-0.027542	-0.019831	-0.017657	-0.012397	-0.024163	-0.015475	-0.032531	-0.017774	-0.015047	-0.017848	-0.014935	-0.015995	-0.016967	-0.024549	
-0.028142	-0.013122	-0.012059	-0.012340	-0.027365	0.000812	-0.011303	-0.030868	-0.033755	-0.016647	-0.029877	-0.002501	-0.041177	0.003192	-0.025509	-0.011256	-0.005526	-0.001070	-0.030148	-0.034626	-0.037766	0.042970	-0.022088	-0.025493	-0.017678	-0.011599	-0.017178	-0.021386	-0.016479	-0.017501	-0.013265	-0.017033	-0.020673	-0.017925	-0.022887	-0.011711	-0.021636	-0.024334	-0.024884	-0.017314	-0.015216	0.956952	-0.015414	-0.024207	-0.022664	-0.022093	-0.013914	-0.017184	-0.024822	-0.022217	-0.016295	-0.021013	-0.017424	-0.020594	-0.019372	-0.017310	-0.015401	-0.019041	-0.017948	-0.019421	-0.020855	-0.023016	-0.029858	-0.023055	-0.017591	-0.024798	-0.025606	-0.026897	-0.011944	-0.009138	-0.023653	-0.015365	-0.013076	-0.021457	-0.021844	-0.024331	-0.025608	-0.024256	-0.024755	-0.011736	-0.021982	-0.017988	-0.020087	-0.013618	-0.018469	-0.021581	
-0.024625	-0.038774	-0.022374	-0.024119	0.078224	-0.000550	-0.023512	-0.023538	-0.009192	-0.012997	0.000053	-0.023659	0.062412	-0.025395	-0.019899	-0.012521	0.002541	-0.011602	-0.035444	0.019029	-0.057284	-0.010860	-0.011430	-0.023083	-0.013773	-0.012345	-0.011204	-0.024010	-0.025422	-0.019844	-0.022660	-0.013124	-0.021025	-0.009748	-0.032147	-0.021899	-0.010028	-0.015557	-0.022887	-0.014996	-0.022729	-0.015414	0.936123	-0.023473	-0.025896	-0.023842	-0.015326	-0.020521	-0.029252	-0.020968	-0.013562	-0.012085	-0.026584	-0.009126	-0.015349	-0.015162	-0.017137	-0.012503	-0.026162	-0.020636	-0.016365	-0.028684	-0.031794	-0.016131	-0.016127	-0.007435	-0.028821	-0.012325	-0.024699	-0.010409	-0.013339	-0.008286	-0.028133	-0.022782	-0.022051	-0.024302	-0.016929	-0.021523	-0.035714	-0.003517	-0.016701	-0.022353	-0.024604	-0.014583	-0.017044	-0.020508	
-0.030422	-0.015866	-0.024294	-0.020491	-0.061482	-0.025491	-0.014718	-0.022033	-0.013395	-0.006282	0.088246	-0.025769	-0.056953	-0.061766	-0.010455	-0.022664	-0.019624	-0.026778	-0.035852	-0.026395	-0.083662	0.005443	-0.017960	-0.016093	-0.015337	-0.015975	-0.020820	-0.024570	-0.022553	-0.014808	-0.017858	-0.020778	-0.024228	-0.022343	-0.026839	-0.011847	-0.012670	-0.018066	-0.020846	-0.015447	-0.022080	-0.024207	-0.023473	1.011643	-0.018058	-0.021018	-0.016349	-0.024013	-0.021772	-0.020899	-0.021966	-0.008217	-0.027565	-0.019730	-0.021560	-0.013962	-0.023571	-0.016649	-0.021490	-0.013188	-0.025569	-0.031902	-0.024547	-0.027351	-0.018896	-0.023077	-0.013652	-0.023581	-0.015750	-0.019933	-0.022120	-0.024137	-0.030412	-0.028473	-0.019333	-0.023408	-0.022742	-0.031867	-0.017369	-0.021902	-0.019642	-0.027197	-0.015143	-0.021964	-0.019999	-0.019329	
-0.021485	-0.034771	-0.008344	-0.006691	-0.049896	-0.030710	0.004901	-0.018483	-0.017702	-0.012257	-0.033928	-0.010088	0.000762	0.050305	-0.016226	-0.020428	-0.021997	-0.041385	0.012343	0.004180	-0.067955	-0.033660	-0.027351	-0.013691	-0.011906	-0.013744	-0.027505	-0.018456	-0.020662	-0.013555	-0.017469	-0.016439	-0.021362	-0.013241	-0.016634	-0.022134	-0.021865	-0.023338	-0.015036	-0.015039	-0.023254	-0.022664	-0.025896	-0.018058	0.961595	-0.018580	-0.019749	-0.016867	-0.020939	-0.019534	-0.028484	-0.017551	-0.019478	-0.018983	-0.019009	-0.019184	-0.019273	-0.022775	-0.027875	-0.019234	-0.015076	-0.046068	-0.021040	-0.007348	-0.014948	-0.025974	-0.020420	-0.020772	-0.016584	-0.014317	-0.014684	-0.015161	-0.014038	-0.014742	-0.019085	-0.022500	-0.018118	-0.024296	-0.022544	-0.016875	-0.016733	-0.021641	-0.022252	-0.022136	-0.018216	-0.017864	
-0.021539	-0.031306	-0.026771	-0.015374	0.013718	-0.054248	-0.022307	-0.036204	-0.026918	-0.034328	-0.015494	-0.037069	0.004144	-0.042427	0.004247	-0.019026	-0.031444	0.016872	-0.006725	0.007883	-0.033150	0.013423	-0.033069	-0.010595	-0.020252	-0.016275	-0.022829	-0.012318	-0.021074	-0.013578	-0.021616	-0.021066	-0.022709	-0.020227	-0.026098	-0.014374	-0.016774	-0.012729	-0.021200	-0.015767	-0.018537	-0.022093	-0.023842	-0.021018	-0.018580	1.063285	-0.013752	-0.024778	-0.017653	-0.023254	-0.021591	-0.021545	-0.016037	-0.015678	-0.022188	-0.018313	-0.016830	-0.021411	-0.021172	-0.024619	-0.022660	-0.049481	-0.042155	-0.021841	-0.028518	-0.020307	-0.025227	-0.018913	-0.019352	-0.020640	-0.023633	-0.032592	-0.025290	-0.020864	-0.018356	-0.009662	-0.015274	-0.016820	-0.019284	-0.026508	-0.021764	-0.029377	-0.024357	-0.031420	-0.026428	-0.025481	
-0.032944	-0.025374	-0.004813	-0.014161	0.011478	-0.066642	-0.023828	-0.034994	-0.004904	-0.008818	0.074694	-0.023208	0.050021	0.039058	-0.009734	-0.027568	-0.003017	-0.014332	-0.021966	-0.065787	-0.062304	0.037861	-0.018316	-0.017870	-0.012437	-0.014370	-0.014525	-0.027151	-0.015240	-0.014523	-0.007779	-0.005406	-0.011279	-0.018912	-0.024927	-0.017101	-0.021298	-0.013512	-0.018250	-0.019264	-0.027068	-0.013914	-0.015326	-0.016349	-0.019749	-0.013752	0.964297	-0.022869	-0.011227	-0.018134	-0.017502	-0.021533	-0.027522	-0.029015	-0.028647	-0.016100	-0.024693	-0.020029	-0.021939	-0.013068	-0.014886	-0.017374	-0.028267	-0.032546	-0.019009	-0.020295	-0.029621	-0.024946	-0.017593	-0.012563	-0.019529	-0.020544	-0.022162	-0.022643	-0.025101	-0.021626	-0.022712	-0.007019	-0.025311	-0.015918	-0.018412	-0.019272	-0.025828	-0.017739	-0.026057	-0.017098	
