0.9923670 0.0151610 -0.0074002 0.0231724 0.0175224 -0.0202895 0.0149122 0.0129341 0.0197770 0.0193347 0.0181578 0.0190740 0.0194486 0.0190006 0.0213454 0.0200772 0.0219193 0.0173849 -0.0169406 -0.0211036 0.0152175 -0.0238252 0.0141841 0.0232199 -0.0064165 -0.0054297 -0.0316254 -0.0323562 0.0206229 0.0072490 -0.0637997 -0.0059572 0.0204056 0.0032826 0.0314858 -0.0333465 0.0224228 -0.0366030 0.0223232 -0.0122780 -0.0301929 -0.0319854 0.0254741 0.0030924 0.0187147 0.0112052 0.0013803 0.0282384 -0.0015302 -0.0244187 -0.0372962 0.0035747 0.0066946 0.0288822 -0.0099700 -0.0031634 0.0149502 -0.0084806 -0.0216517 0.0146250 0.0177404 0.0213609 0.0290840 -0.0003227 -0.0303293 0.0112290 -0.0133358 0.0155571 0.0223481 0.0227696 -0.0184118 0.0066410 0.0149953 -0.0306060 0.0027897 0.0076724 0.0245930 0.0090625 0.0020810 -0.0063548 0.0213579 -0.0188654 0.0236371 0.0109238 -0.0259612 -0.0181812
0.0151610 0.9778143 -0.0035188 0.0156152 0.0114426 -0.0134222 0.0097396 0.0090258 0.0140063 0.0133119 0.0119671 0.0127878 0.0131414 0.0124992 0.0139388 0.0143969 0.0137214 0.0116540 -0.0111107 -0.0139064 0.0099301 -0.0160666 0.0116416 0.0180561 -0.0026380 -0.0018770 -0.0208330 -0.0233908 0.0147347 0.0070850 -0.0498873 -0.0019647 0.0148172 0.0036382 0.0245012 -0.0242517 0.0160723 -0.0251000 0.0168176 -0.0054559 -0.0196483 -0.0205939 0.0174390 0.0055461 0.0131397 0.0087344 0.0028827 0.0202481 0.0017750 -0.0173967 -0.0251979 0.0025156 0.0049209 0.0202761 -0.0053833 -0.0037939 0.0108239 -0.0047896 -0.0173567 0.0104835 0.0130530 0.0144037 0.0226394 0.0013093 -0.0199158 0.0092670 -0.0073976 0.0117951 0.0174006 0.0172152 -0.0106679 0.0054219 0.0101012 -0.0216463 0.0049608 0.0059048 0.0166016 0.0072974 0.0024844 -0.0001789 0.0150499 -0.0123810 0.0173612 0.0073589 -0.0156750 -0.0139931
-0.0074002 -0.0035188 0.9897320 -0.0062583 -0.0048107 0.0068474 -0.0041810 -0.0043195 -0.0058786 -0.0056926 -0.0054174 -0.0052458 -0.0057221 -0.0057091 -0.0051961 -0.0052141 -0.0046888 -0.0053554 0.0050386 0.0061943 -0.0045259 0.0071283 -0.0071997 -0.0072300 -0.0005233 -0.0018990 0.0069218 0.0085685 -0.0087438 -0.0055964 0.0202156 -0.0004304 -0.0088742 -0.0046942 -0.0144768 0.0069031 -0.0098583 0.0076202 -0.0096605 0.0002679 0.0070948 0.0070596 -0.0086137 -0.0042352 -0.0058426 -0.0052332 -0.0018456 -0.0109080 -0.0027786 0.0050989 0.0067160 -0.0043842 -0.0036586 -0.0082885 -0.0003064 -0.0010209 -0.0064039 0.0002667 0.0042545 -0.0069440 -0.0063718 -0.0075746 -0.0116881 -0.0002926 0.0066015 -0.0083136 0.0019281 -0.0084074 -0.0093961 -0.0078340 0.0027168 -0.0056514 -0.0053638 0.0073542 -0.0040115 -0.0032388 -0.0080620 -0.0025028 0.0004062 -0.0017233 -0.0066325 0.0025732 -0.0115685 -0.0044448 0.0047200 0.0058616
0.0231724 0.0156152 -0.0062583 0.9917917 0.0172723 -0.0211583 0.0152159 0.0138803 0.0199840 0.0203180 0.0181297 0.0181867 0.0196919 0.0191929 0.0206661 0.0210624 0.0208594 0.0180627 -0.0169583 -0.0211428 0.0150109 -0.0243827 0.0196636 0.0254684 -0.0040650 -0.0023131 -0.0318644 -0.0324906 0.0245213 0.0102926 -0.0675077 -0.0028029 0.0222173 0.0063868 0.0399050 -0.0350739 0.0261410 -0.0376397 0.0264950 -0.0086878 -0.0306581 -0.0307391 0.0270196 0.0078711 0.0200616 0.0130127 0.0040061 0.0313250 0.0041527 -0.0274209 -0.0374750 0.0039854 0.0092774 0.0305894 -0.0082094 -0.0031752 0.0172538 -0.0050685 -0.0252792 0.0171641 0.0199782 0.0219586 0.0368747 0.0040689 -0.0306181 0.0123985 -0.0137565 0.0178050 0.0252396 0.0243164 -0.0179710 0.0052727 0.0148019 -0.0329614 0.0064861 0.0097560 0.0251787 0.0091712 0.0039887 -0.0037078 0.0236222 -0.0195963 0.0274759 0.0104816 -0.0258773 -0.0197139
0.0175224 0.0114426 -0.0048107 0.0172723 0.9904695 -0.0157890 0.0107317 0.0101651 0.0147222 0.0148500 0.0134595 0.0133116 0.0144667 0.0141144 0.0152607 0.0154075 0.0158853 0.0131256 -0.0125292 -0.0156691 0.0111592 -0.0179122 0.0149890 0.0206120 -0.0020787 -0.0006535 -0.0228605 -0.0254546 0.0184788 0.0084936 -0.0550100 -0.0007403 0.0170715 0.0046440 0.0299943 -0.0259790 0.0195428 -0.0281733 0.0209091 -0.0070966 -0.0218652 -0.0228385 0.0211726 0.0059587 0.0151644 0.0107268 0.0033956 0.0248876 0.0032184 -0.0189848 -0.0272153 0.0044541 0.0080158 0.0229680 -0.0057115 -0.0015746 0.0130354 -0.0036107 -0.0182342 0.0131707 0.0153716 0.0167439 0.0273464 0.0026611 -0.0232927 0.0117173 -0.0095554 0.0150662 0.0194389 0.0183216 -0.0122657 0.0064011 0.0116610 -0.0251174 0.0053957 0.0086796 0.0208486 0.0078541 0.0030724 -0.0013230 0.0172150 -0.0135196 0.0206774 0.0083500 -0.0182610 -0.0144324
-0.0202895 -0.0134222 0.0068474 -0.0211583 -0.0157890 1.0309500 -0.0134169 -0.0125539 -0.0184474 -0.0186356 -0.0167470 -0.0159481 -0.0180684 -0.0176143 -0.0186421 -0.0181796 -0.0188281 -0.0163980 0.0156885 0.0196084 -0.0138851 0.0224040 -0.0190171 -0.0265191 0.0036681 -0.0007429 0.0271654 0.0308346 -0.0233594 -0.0120409 0.0724061 0.0004754 -0.0218869 -0.0066840 -0.0357858 0.0301957 -0.0249408 0.0349471 -0.0263127 0.0087237 0.0267367 0.0271418 -0.0259689 -0.0081123 -0.0196844 -0.0139337 -0.0050324 -0.0306091 -0.0041975 0.0233198 0.0328772 -0.0063167 -0.0103103 -0.0283389 0.0070374 0.0018834 -0.0164107 0.0036322 0.0214001 -0.0165136 -0.0193550 -0.0207512 -0.0341009 -0.0040275 0.0289618 -0.0157187 0.0103960 -0.0184428 -0.0245152 -0.0225905 0.0142069 -0.0085966 -0.0147670 0.0313294 -0.0082379 -0.0107705 -0.0255600 -0.0098404 -0.0038860 0.0008786 -0.0213160 0.0154472 -0.0266280 -0.0108415 0.0229287 0.0160891
0.0149122 0.0097396 -0.0041810 0.0152159 0.0107317 -0.0134169 0.9722679 0.0079055 0.0122283 0.0125199 0.0112924 0.0113509 0.0121207 0.0119861 0.0125853 0.0129261 0.0127070 0.0110442 -0.0105355 -0.0131699 0.0095052 -0.0152692 0.0110526 0.0153331 -0.0037321 -0.0005398 -0.0200793 -0.0237234 0.0145354 0.0072423 -0.0461343 -0.0012839 0.0140455 0.0028262 0.0236225 -0.0221345 0.0163232 -0.0237036 0.0160529 -0.0081457 -0.0181553 -0.0200642 0.0161310 0.0038160 0.0128722 0.0082456 0.0027584 0.0196572 0.0023946 -0.0168885 -0.0235326 0.0018578 0.0061349 0.0194227 -0.0038769 -0.0027783 0.0102360 -0.0017876 -0.0153451 0.0107017 0.0132814 0.0135399 0.0215252 0.0022699 -0.0204216 0.0093125 -0.0078334 0.0119246 0.0159378 0.0148346 -0.0089170 0.0045109 0.0093175 -0.0209951 0.0039534 0.0049233 0.0156377 0.0064720 0.0018428 -0.0019343 0.0146742 -0.0114666 0.0168640 0.0074655 -0.0154063 -0.0102820
0.0129341 0.0090258 -0.0043195 0.0138803 0.0101651 -0.0125539 0.0079055 0.9761677 0.0118622 0.0117075 0.0105201 0.0101757 0.0112047 0.0109985 0.0116188 0.0123203 0.0126572 0.0103208 -0.0097613 -0.0122953 0.0088198 -0.0140765 0.0116449 0.0160678 -0.0022596 -0.0014812 -0.0174189 -0.0214192 0.0149828 0.0063823 -0.0437497 -0.0012754 0.0137634 0.0027884 0.0222162 -0.0199082 0.0152796 -0.0227865 0.0144791 -0.0058058 -0.0164900 -0.0177220 0.0154877 0.0042013 0.0113004 0.0077260 0.0017596 0.0183864 0.0024749 -0.0155161 -0.0212100 0.0046686 0.0057023 0.0181602 -0.0056421 -0.0020974 0.0092898 -0.0031057 -0.0147375 0.0092093 0.0114062 0.0126319 0.0202319 0.0012341 -0.0174906 0.0077674 -0.0082633 0.0108922 0.0147161 0.0144873 -0.0096895 0.0038226 0.0086752 -0.0202587 0.0028087 0.0055949 0.0148224 0.0052118 0.0022219 -0.0013147 0.0131096 -0.0102191 0.0153923 0.0064739 -0.0136510 -0.0117406
0.0197770 0.0140063 -0.0058786 0.0199840 0.0147222 -0.0184474 0.0122283 0.0118622 0.9806044 0.0174549 0.0156695 0.0153120 0.0168246 0.0163927 0.0181109 0.0188832 0.0184430 0.0152009 -0.0145384 -0.0182314 0.0130947 -0.0209715 0.0168924 0.0236062 -0.0045178 -0.0009857 -0.0263843 -0.0290820 0.0226204 0.0098159 -0.0606726 -0.0016459 0.0189261 0.0042311 0.0333630 -0.0304346 0.0223312 -0.0316108 0.0228093 -0.0094400 -0.0246661 -0.0272036 0.0239601 0.0063644 0.0175540 0.0110637 0.0035299 0.0283650 0.0018349 -0.0212850 -0.0321903 0.0046307 0.0086917 0.0269500 -0.0077773 -0.0034856 0.0137738 -0.0053637 -0.0214994 0.0143551 0.0171441 0.0191884 0.0305981 0.0027384 -0.0269874 0.0133001 -0.0113332 0.0160880 0.0219464 0.0215744 -0.0146297 0.0068891 0.0124365 -0.0287022 0.0055513 0.0097748 0.0225921 0.0088067 0.0031916 -0.0024983 0.0199594 -0.0157205 0.0244320 0.0095877 -0.0223163 -0.0179386
0.0193347 0.0133119 -0.0056926 0.0203180 0.0148500 -0.0186356 0.0125199 0.0117075 0.0174549 0.9905934 0.0158388 0.0160913 0.0171125 0.0166358 0.0179188 0.0181465 0.0185012 0.0154398 -0.0146920 -0.0184063 0.0131139 -0.0209221 0.0173398 0.0240944 -0.0037491 -0.0012784 -0.0280392 -0.0292484 0.0207712 0.0090547 -0.0625694 -0.0004612 0.0199169 0.0054508 0.0350562 -0.0292666 0.0220364 -0.0321936 0.0234906 -0.0091395 -0.0256852 -0.0271507 0.0245651 0.0065422 0.0178115 0.0116737 0.0042932 0.0289842 0.0046280 -0.0217208 -0.0320177 0.0045998 0.0088408 0.0264872 -0.0074193 -0.0027917 0.0143368 -0.0054525 -0.0211349 0.0155982 0.0173117 0.0193395 0.0319603 0.0031856 -0.0271843 0.0135022 -0.0114424 0.0174043 0.0230028 0.0220535 -0.0141475 0.0070366 0.0132157 -0.0305438 0.0057526 0.0096568 0.0233608 0.0096074 0.0035271 -0.0019945 0.0204962 -0.0165832 0.0249961 0.0095124 -0.0213152 -0.0179102
0.0181578 0.0119671 -0.0054174 0.0181297 0.0134595 -0.0167470 0.0112924 0.0105201 0.0156695 0.0158388 0.9927571 0.0141458 0.0153879 0.0150297 0.0160501 0.0163481 0.0163069 0.0139183 -0.0132976 -0.0166440 0.0118730 -0.0190337 0.0159475 0.0217256 -0.0035405 -0.0002564 -0.0249104 -0.0266916 0.0198213 0.0093978 -0.0576871 -0.0007412 0.0187587 0.0052040 0.0322189 -0.0275633 0.0214050 -0.0295965 0.0220359 -0.0081053 -0.0234872 -0.0239865 0.0226015 0.0064619 0.0164476 0.0113531 0.0035512 0.0267845 0.0032381 -0.0201577 -0.0291119 0.0047454 0.0085382 0.0244641 -0.0061735 -0.0023888 0.0136364 -0.0033773 -0.0188951 0.0142890 0.0166026 0.0177542 0.0292583 0.0028814 -0.0250463 0.0127821 -0.0091858 0.0157904 0.0205060 0.0193694 -0.0130014 0.0065079 0.0124092 -0.0270705 0.0056929 0.0087081 0.0221116 0.0083392 0.0030110 -0.0017818 0.0183222 -0.0143223 0.0220852 0.0089434 -0.0196537 -0.0148598
0.0190740 0.0127878 -0.0052458 0.0181867 0.0133116 -0.0159481 0.0113509 0.0101757 0.0153120 0.0160913 0.0141458 0.9906898 0.0152953 0.0149837 0.0156290 0.0163385 0.0158761 0.0137919 -0.0132187 -0.0163402 0.0117764 -0.0186946 0.0149811 0.0196484 -0.0043218 -0.0020816 -0.0228108 -0.0271292 0.0173617 0.0078252 -0.0557294 -0.0014418 0.0163200 0.0036963 0.0289984 -0.0259880 0.0204470 -0.0293385 0.0202027 -0.0090431 -0.0247678 -0.0229123 0.0212367 0.0044510 0.0157615 0.0092579 0.0025838 0.0236580 0.0012222 -0.0198041 -0.0296356 0.0048070 0.0056007 0.0234015 -0.0076466 -0.0035643 0.0126010 -0.0061680 -0.0206930 0.0125601 0.0147573 0.0174733 0.0283764 0.0017373 -0.0250837 0.0099389 -0.0106445 0.0149885 0.0201492 0.0170051 -0.0144652 0.0053285 0.0124116 -0.0261257 0.0050140 0.0093053 0.0205712 0.0073836 0.0033481 -0.0025190 0.0178527 -0.0149075 0.0176268 0.0080105 -0.0182385 -0.0163100
0.0194486 0.0131414 -0.0057221 0.0196919 0.0144667 -0.0180684 0.0121207 0.0112047 0.0168246 0.0171125 0.0153879 0.0152953 0.9943550 0.0161689 0.0175507 0.0176915 0.0175041 0.0150299 -0.0142526 -0.0178901 0.0127259 -0.0204484 0.0171689 0.0237403 -0.0033806 -0.0005575 -0.0263534 -0.0291044 0.0215562 0.0097193 -0.0608446 -0.0003821 0.0196359 0.0055141 0.0346056 -0.0292253 0.0225846 -0.0322586 0.0237906 -0.0085322 -0.0247126 -0.0263451 0.0242690 0.0064001 0.0177419 0.0122676 0.0038119 0.0288668 0.0033197 -0.0219631 -0.0312070 0.0049814 0.0093586 0.0261403 -0.0067014 -0.0024050 0.0150273 -0.0045266 -0.0209011 0.0152186 0.0178167 0.0191031 0.0319361 0.0029626 -0.0266292 0.0135840 -0.0106151 0.0170767 0.0222844 0.0208997 -0.0140652 0.0075697 0.0132711 -0.0291457 0.0061590 0.0098493 0.0240389 0.0090410 0.0034139 -0.0017985 0.0199544 -0.0152587 0.0241026 0.0097557 -0.0211500 -0.0164459
0.0190006 0.0124992 -0.0057091 0.0191929 0.0141144 -0.0176143 0.0119861 0.0109985 0.0163927 0.0166358 0.0150297 0.0149837 0.0161689 0.9937987 0.0169504 0.0172011 0.0170019 0.0146991 -0.0139553 -0.0174488 0.0124302 -0.0199901 0.0166615 0.0231660 -0.0033790 -0.0002482 -0.0253104 -0.0281670 0.0208480 0.0097425 -0.0598737 -0.0012271 0.0193494 0.0053178 0.0338080 -0.0291852 0.0221243 -0.0313178 0.0231138 -0.0084144 -0.0244978 -0.0252068 0.0233963 0.0063885 0.0174351 0.0117529 0.0036311 0.0284477 0.0031906 -0.0211626 -0.0304542 0.0055290 0.0089535 0.0258464 -0.0059658 -0.0024789 0.0145005 -0.0043503 -0.0202778 0.0149428 0.0177374 0.0190313 0.0307291 0.0029099 -0.0262369 0.0130746 -0.0106124 0.0172158 0.0220257 0.0204075 -0.0139344 0.0069070 0.0134409 -0.0280352 0.0059577 0.0090127 0.0232367 0.0086795 0.0033792 -0.0017062 0.0191832 -0.0146502 0.0233473 0.0095605 -0.0206990 -0.0156212
0.0213454 0.0139388 -0.0051961 0.0206661 0.0152607 -0.0186421 0.0125853 0.0116188 0.0181109 0.0179188 0.0160501 0.0156290 0.0175507 0.0169504 0.9877465 0.0186862 0.0189715 0.0155964 -0.0148908 -0.0186760 0.0133772 -0.0213792 0.0165479 0.0247237 -0.0044623 -0.0014412 -0.0277256 -0.0303768 0.0209691 0.0087477 -0.0618051 -0.0015260 0.0193032 0.0052377 0.0356274 -0.0297359 0.0229664 -0.0329571 0.0255571 -0.0102769 -0.0269855 -0.0274426 0.0251514 0.0058006 0.0176608 0.0125351 0.0040288 0.0283796 0.0031673 -0.0218976 -0.0328622 0.0049235 0.0088104 0.0271621 -0.0070388 -0.0030980 0.0156307 -0.0055769 -0.0223428 0.0150132 0.0180267 0.0200369 0.0310989 0.0027189 -0.0288072 0.0134525 -0.0121909 0.0160963 0.0238082 0.0209856 -0.0148510 0.0063033 0.0131764 -0.0299441 0.0054305 0.0098163 0.0242123 0.0086607 0.0041933 -0.0017421 0.0212751 -0.0178754 0.0240167 0.0096534 -0.0216908 -0.0163570
0.0200772 0.0143969 -0.0052141 0.0210624 0.0154075 -0.0181796 0.0129261 0.0123203 0.0188832 0.0181465 0.0163481 0.0163385 0.0176915 0.0172011 0.0186862 0.9776889 0.0200462 0.0159857 -0.0151591 -0.0188533 0.0137369 -0.0218380 0.0169953 0.0209060 -0.0044820 -0.0029597 -0.0274489 -0.0316445 0.0196013 0.0112375 -0.0601372 -0.0033785 0.0199434 0.0049398 0.0320897 -0.0303514 0.0209748 -0.0334049 0.0204768 -0.0119086 -0.0271244 -0.0280336 0.0245968 0.0034251 0.0170101 0.0113324 0.0021795 0.0289391 0.0001694 -0.0241304 -0.0311585 0.0024130 0.0061349 0.0248190 -0.0093335 -0.0032413 0.0129243 -0.0071888 -0.0216447 0.0136794 0.0152378 0.0203073 0.0261945 0.0023813 -0.0294577 0.0138409 -0.0115382 0.0147406 0.0217153 0.0220937 -0.0165148 0.0053122 0.0123328 -0.0322596 0.0040139 0.0083205 0.0196569 0.0080612 0.0030833 -0.0028555 0.0203875 -0.0157596 0.0219633 0.0084393 -0.0217317 -0.0196116
0.0219193 0.0137214 -0.0046888 0.0208594 0.0158853 -0.0188281 0.0127070 0.0126572 0.0184430 0.0185012 0.0163069 0.0158761 0.0175041 0.0170019 0.0189715 0.0200462 0.9775929 0.0159111 -0.0151200 -0.0188168 0.0136234 -0.0218157 0.0150059 0.0232716 -0.0039424 -0.0035283 -0.0281239 -0.0314620 0.0210748 0.0101319 -0.0602646 -0.0029127 0.0201335 0.0057292 0.0343792 -0.0296242 0.0208447 -0.0330817 0.0225251 -0.0090582 -0.0271925 -0.0279252 0.0248150 0.0052014 0.0170070 0.0106841 0.0037511 0.0288539 0.0002355 -0.0230739 -0.0311591 0.0026591 0.0057819 0.0271402 -0.0087465 -0.0033402 0.0146412 -0.0068402 -0.0225759 0.0119227 0.0183439 0.0196241 0.0289065 0.0013252 -0.0294540 0.0115495 -0.0138633 0.0154962 0.0216732 0.0214625 -0.0167983 0.0056994 0.0126110 -0.0303125 0.0047201 0.0099752 0.0231195 0.0094972 0.0027925 -0.0022901 0.0201439 -0.0164350 0.0227202 0.0101234 -0.0230212 -0.0183831
0.0173849 0.0116540 -0.0053554 0.0180627 0.0131256 -0.0163980 0.0110442 0.0103208 0.0152009 0.0154398 0.0139183 0.0137919 0.0150299 0.0146991 0.0155964 0.0159857 0.0159111 0.9840037 -0.0129957 -0.0161707 0.0115066 -0.0185457 0.0157896 0.0208525 -0.0032207 -0.0002962 -0.0242073 -0.0265568 0.0186304 0.0077932 -0.0555037 -0.0006568 0.0175817 0.0056959 0.0307459 -0.0269713 0.0201609 -0.0293909 0.0218215 -0.0085190 -0.0228204 -0.0229275 0.0216060 0.0054433 0.0153488 0.0109505 0.0035554 0.0256519 0.0025222 -0.0192935 -0.0277932 0.0048981 0.0076963 0.0234958 -0.0056663 -0.0021641 0.0131735 -0.0038528 -0.0194127 0.0133740 0.0163278 0.0172084 0.0287244 0.0027468 -0.0241223 0.0117509 -0.0101085 0.0161033 0.0199962 0.0189064 -0.0131731 0.0065001 0.0122957 -0.0269616 0.0062313 0.0079094 0.0207629 0.0079184 0.0026057 -0.0014141 0.0177439 -0.0139125 0.0211271 0.0090994 -0.0197774 -0.0152809
-0.0169406 -0.0111107 0.0050386 -0.0169583 -0.0125292 0.0156885 -0.0105355 -0.0097613 -0.0145384 -0.0146920 -0.0132976 -0.0132187 -0.0142526 -0.0139553 -0.0148908 -0.0151591 -0.0151200 -0.0129957 1.0207008 0.0155685 -0.0110120 0.0178349 -0.0149469 -0.0205637 0.0025440 0.0003663 0.0223052 0.0250544 -0.0188469 -0.0084682 0.0578379 0.0007681 -0.0172493 -0.0050277 -0.0297384 0.0251007 -0.0195285 0.0278567 -0.0210438 0.0067117 0.0215448 0.0217689 -0.0208125 -0.0060677 -0.0151110 -0.0106715 -0.0035081 -0.0248216 -0.0031956 0.0181612 0.0264840 -0.0048819 -0.0082516 -0.0230549 0.0054480 0.0018817 -0.0129038 0.0035953 0.0174096 -0.0134371 -0.0155487 -0.0165326 -0.0270556 -0.0027497 0.0229104 -0.0119097 0.0085799 -0.0150299 -0.0190950 -0.0180882 0.0119249 -0.0066026 -0.0114752 0.0246563 -0.0048405 -0.0080915 -0.0207541 -0.0077990 -0.0031659 0.0012178 -0.0171659 0.0125798 -0.0211138 -0.0083770 0.0181227 0.0139871
-0.0211036 -0.0139064 0.0061943 -0.0211428 -0.0156691 0.0196084 -0.0131699 -0.0122953 -0.0182314 -0.0184063 -0.0166440 -0.0163402 -0.0178901 -0.0174488 -0.0186760 -0.0188533 -0.0188168 -0.0161707 0.0155685 1.0344591 -0.0138226 0.0223551 -0.0186635 -0.0254990 0.0029099 -0.0002766 0.0283815 0.0313868 -0.0234953 -0.0112067 0.0727295 0.0007488 -0.0215305 -0.0064477 -0.0353894 0.0317879 -0.0246071 0.0345747 -0.0263275 0.0085841 0.0267783 0.0277758 -0.0256340 -0.0077369 -0.0192526 -0.0135198 -0.0043554 -0.0306432 -0.0042804 0.0228651 0.0334643 -0.0062676 -0.0098532 -0.0282637 0.0066716 0.0024860 -0.0163559 0.0044239 0.0217436 -0.0167691 -0.0192991 -0.0207656 -0.0335478 -0.0033422 0.0293267 -0.0149981 0.0106208 -0.0188700 -0.0240993 -0.0223807 0.0148682 -0.0083292 -0.0145322 0.0310071 -0.0072149 -0.0104770 -0.0260700 -0.0099807 -0.0041042 0.0011983 -0.0214990 0.0155706 -0.0261941 -0.0106123 0.0222566 0.0170077
0.0152175 0.0099301 -0.0045259 0.0150109 0.0111592 -0.0138851 0.0095052 0.0088198 0.0130947 0.0131139 0.0118730 0.0117764 0.0127259 0.0124302 0.0133772 0.0137369 0.0136234 0.0115066 -0.0110120 -0.0138226 0.9889081 -0.0158450 0.0135457 0.0177266 -0.0024236 0.0000144 -0.0204707 -0.0224606 0.0166198 0.0078743 -0.0494195 -0.0004067 0.0151176 0.0043500 0.0264516 -0.0226856 0.0176305 -0.0248660 0.0187438 -0.0064396 -0.0189848 -0.0195199 0.0185678 0.0049181 0.0134961 0.0095509 0.0031571 0.0220237 0.0027965 -0.0167410 -0.0241465 0.0044212 0.0070153 0.0203749 -0.0046936 -0.0018489 0.0113594 -0.0033523 -0.0158629 0.0118373 0.0136644 0.0147357 0.0240198 0.0023031 -0.0210678 0.0105160 -0.0080074 0.0129889 0.0172039 0.0161800 -0.0107600 0.0055942 0.0101846 -0.0219278 0.0047784 0.0075578 0.0183659 0.0068996 0.0025254 -0.0012593 0.0152170 -0.0117394 0.0184920 0.0074692 -0.0163021 -0.0124405
-0.0238252 -0.0160666 0.0071283 -0.0243827 -0.0179122 0.0224040 -0.0152692 -0.0140765 -0.0209715 -0.0209221 -0.0190337 -0.0186946 -0.0204484 -0.0199901 -0.0213792 -0.0218380 -0.0218157 -0.0185457 0.0178349 0.0223551 -0.0158450 1.0493758 -0.0227168 -0.0293955 0.0038252 -0.0012638 0.0316942 0.0360005 -0.0263973 -0.0130515 0.0831409 0.0008189 -0.0245546 -0.0074855 -0.0388364 0.0360016 -0.0285421 0.0393925 -0.0296726 0.0094893 0.0307328 0.0327141 -0.0291175 -0.0093279 -0.0223461 -0.0154027 -0.0043151 -0.0348320 -0.0045605 0.0261611 0.0373910 -0.0067883 -0.0116327 -0.0319889 0.0071731 0.0019236 -0.0191908 0.0048006 0.0252238 -0.0196651 -0.0224514 -0.0234953 -0.0374864 -0.0039356 0.0327902 -0.0176021 0.0120573 -0.0216119 -0.0276453 -0.0261484 0.0166223 -0.0099188 -0.0168300 0.0355099 -0.0086138 -0.0126006 -0.0294211 -0.0114639 -0.0047989 0.0016738 -0.0244085 0.0182545 -0.0296025 -0.0126823 0.0256102 0.0194736
0.0141841 0.0116416 -0.0071997 0.0196636 0.0149890 -0.0190171 0.0110526 0.0116449 0.0168924 0.0173398 0.0159475 0.0149811 0.0171689 0.0166615 0.0165479 0.0169953 0.0150059 0.0157896 -0.0149469 -0.0186635 0.0135457 -0.0227168 1.0427132 -0.0000310 -0.0141196 -0.0174161 -0.0292165 -0.0309695 0.0020067 -0.0091815 -0.0443455 -0.0107600 0.0067957 -0.0061735 0.0081829 -0.0289885 -0.0031112 -0.0300276 0.0000196 -0.0175510 -0.0273073 -0.0252683 0.0139788 -0.0074480 -0.0001626 -0.0048367 -0.0059775 0.0061296 -0.0064978 -0.0215349 -0.0298507 -0.0077390 -0.0081178 0.0104480 -0.0162643 -0.0125184 0.0033166 -0.0163026 -0.0250986 0.0000777 0.0032354 0.0133860 -0.0017076 -0.0082760 -0.0270334 -0.0054318 -0.0172622 0.0004080 0.0093096 0.0097226 -0.0188807 -0.0131083 0.0041318 -0.0266387 -0.0095498 -0.0065464 -0.0085909 0.0019800 -0.0025018 -0.0186643 0.0110213 -0.0263183 0.0021337 -0.0022877 -0.0253730 -0.0204513
0.0232199 0.0180561 -0.0072300 0.0254684 0.0206120 -0.0265191 0.0153331 0.0160678 0.0236062 0.0240944 0.0217256 0.0196484 0.0237403 0.0231660 0.0247237 0.0209060 0.0232716 0.0208525 -0.0205637 -0.0254990 0.0177266 -0.0293955 -0.0000310 1.0121766 -0.0117175 -0.0086541 -0.0359548 -0.0292930 0.0106100 -0.0078143 -0.0523306 -0.0086442 0.0147554 -0.0032241 0.0219360 -0.0343216 0.0120654 -0.0363095 0.0099569 -0.0201830 -0.0305757 -0.0340338 0.0220265 -0.0098064 0.0119705 0.0058976 -0.0021203 0.0158173 -0.0034739 -0.0331099 -0.0355489 -0.0112274 0.0001773 0.0198192 -0.0208912 -0.0120205 0.0071510 -0.0182972 -0.0271957 0.0065931 0.0110097 0.0190381 0.0129141 -0.0022924 -0.0336088 -0.0044717 -0.0214294 0.0070384 0.0165076 0.0172722 -0.0201355 0.0002056 0.0068090 -0.0299300 -0.0046755 -0.0042830 0.0066035 0.0025023 -0.0024607 -0.0139448 0.0178217 -0.0226843 0.0092744 0.0038318 -0.0297368 -0.0218777
-0.0064165 -0.0026380 -0.0005233 -0.0040650 -0.0020787 0.0036681 -0.0037321 -0.0022596 -0.0045178 -0.0037491 -0.0035405 -0.0043218 -0.0033806 -0.0033790 -0.0044623 -0.0044820 -0.0039424 -0.0032207 0.0025440 0.0029099 -0.0024236 0.0038252 -0.0141196 -0.0117175 0.9050775 -0.0123443 -0.0078709 -0.0077098 -0.0104852 -0.0163352 -0.0111139 -0.0067386 -0.0091824 -0.0098727 -0.0175385 -0.0042840 -0.0132408 -0.0063141 -0.0134376 -0.0143259 -0.0091813 -0.0127437 -0.0077413 -0.0105211 -0.0049234 -0.0125640 -0.0053312 -0.0134611 -0.0075979 -0.0097424 -0.0095273 -0.0060443 -0.0129163 -0.0099585 -0.0082142 -0.0071001 -0.0091590 -0.0110989 -0.0128009 -0.0122844 -0.0093659 -0.0071097 -0.0207138 -0.0061159 -0.0112503 -0.0110995 -0.0065218 -0.0076561 -0.0086993 -0.0060649 -0.0059299 -0.0132738 -0.0073848 -0.0115135 -0.0053548 -0.0145527 -0.0134542 -0.0038989 -0.0060159 -0.0035588 -0.0068073 -0.0107677 -0.0120334 -0.0069776 -0.0046075 -0.0144998
-0.0054297 -0.0018770 -0.0018990 -0.0023131 -0.0006535 -0.0007429 -0.0005398 -0.0014812 -0.0009857 -0.0012784 -0.0002564 -0.0020816 -0.0005575 -0.0002482 -0.0014412 -0.0029597 -0.0035283 -0.0002962 0.0003663 -0.0002766 0.0000144 -0.0012638 -0.0174161 -0.0086541 -0.0123443 0.9489186 -0.0137052 -0.0120930 -0.0107059 -0.0106427 -0.0152480 -0.0113660 -0.0117485 -0.0118336 -0.0134995 -0.0144269 -0.0136338 -0.0189287 -0.0099724 -0.0124343 -0.0147645 -0.0116325 -0.0053071 -0.0201149 -0.0080980 -0.0092063 -0.0091216 -0.0157575 -0.0138158 -0.0184318 -0.0172609 -0.0127047 -0.0103151 -0.0094189 -0.0088834 -0.0148562 -0.0070206 -0.0179910 -0.0097067 -0.0170350 -0.0065543 -0.0048249 -0.0165108 -0.0121681 -0.0192598 -0.0128179 -0.0135346 -0.0118447 -0.0096376 -0.0031025 -0.0128445 -0.0171991 -0.0076797 -0.0195233 -0.0128491 -0.0150864 -0.0128643 -0.0046235 -0.0041116 -0.0127658 -0.0060774 -0.0162065 -0.0096052 -0.0054791 -0.0107193 -0.0108288
-0.0316254 -0.0208330 0.0069218 -0.0318644 -0.0228605 0.0271654 -0.0200793 -0.0174189 -0.0263843 -0.0280392 -0.0249104 -0.0228108 -0.0263534 -0.0253104 -0.0277256 -0.0274489 -0.0281239 -0.0242073 0.0223052 0.0283815 -0.0204707 0.0316942 -0.0292165 -0.0359548 -0.0078709 -0.0137052 1.0337809 0.0086961 -0.0300062 -0.0220523 0.0269638 -0.0058184 -0.0285520 -0.0198345 -0.0404524 -0.0025513 -0.0330953 0.0143071 -0.0328030 -0.0120017 0.0048101 0.0070931 -0.0343548 -0.0175023 -0.0294750 -0.0239324 -0.0116265 -0.0341459 -0.0124533 0.0096452 0.0007776 -0.0104607 -0.0234541 -0.0377448 -0.0025844 -0.0118046 -0.0260186 -0.0088117 0.0057124 -0.0257750 -0.0299413 -0.0299604 -0.0412913 -0.0099703 0.0051129 -0.0269309 -0.0029865 -0.0256500 -0.0323054 -0.0311322 0.0090023 -0.0206598 -0.0243099 0.0049934 -0.0177548 -0.0219389 -0.0323322 -0.0172291 -0.0094479 -0.0102932 -0.0297007 -0.0060670 -0.0287533 -0.0180688 0.0050798 -0.0031159
-0.0323562 -0.0233908 0.0085685 -0.0324906 -0.0254546 0.0308346 -0.0237234 -0.0214192 -0.0290820 -0.0292484 -0.0266916 -0.0271292 -0.0291044 -0.0281670 -0.0303768 -0.0316445 -0.0314620 -0.0265568 0.0250544 0.0313868 -0.0224606 0.0360005 -0.0309695 -0.0292930 -0.0077098 -0.0120930 0.0086961 1.0546889 -0.0263665 -0.0237847 0.0371002 -0.0109169 -0.0335968 -0.0194733 -0.0429499 -0.0033114 -0.0334928 0.0272643 -0.0335263 -0.0045873 -0.0000638 0.0074081 -0.0338900 -0.0225143 -0.0275714 -0.0172900 -0.0166221 -0.0441795 -0.0166462 0.0004347 0.0083441 -0.0223706 -0.0213512 -0.0394886 -0.0007922 -0.0053792 -0.0250658 -0.0097258 0.0089260 -0.0277624 -0.0313181 -0.0305082 -0.0410932 -0.0108854 0.0016968 -0.0263660 -0.0022452 -0.0288995 -0.0353748 -0.0347832 0.0056174 -0.0213575 -0.0250613 0.0096107 -0.0175995 -0.0212656 -0.0343731 -0.0212553 -0.0095905 -0.0102300 -0.0321146 0.0072324 -0.0359408 -0.0205515 0.0097953 0.0005979
0.0206229 0.0147347 -0.0087438 0.0245213 0.0184788 -0.0233594 0.0145354 0.0149828 0.0226204 0.0207712 0.0198213 0.0173617 0.0215562 0.0208480 0.0209691 0.0196013 0.0210748 0.0186304 -0.0188469 -0.0234953 0.0166198 -0.0263973 0.0020067 0.0106100 -0.0104852 -0.0107059 -0.0300062 -0.0263665 1.0124707 0.0031694 -0.0596902 -0.0123605 0.0134644 -0.0014512 0.0155087 -0.0274106 0.0127520 -0.0328594 0.0047191 -0.0146429 -0.0300185 -0.0289665 0.0143031 -0.0082168 0.0102837 0.0016882 -0.0026428 0.0142761 -0.0072115 -0.0314430 -0.0346265 -0.0065411 0.0018740 0.0166722 -0.0136921 -0.0091083 0.0096473 -0.0155826 -0.0273913 -0.0007785 0.0117346 0.0182268 0.0153793 -0.0027265 -0.0282375 -0.0047071 -0.0225433 0.0064079 0.0158594 0.0181756 -0.0219593 -0.0126648 0.0106514 -0.0347606 -0.0070566 0.0002297 0.0035596 0.0045138 0.0003267 -0.0130451 0.0195657 -0.0229675 0.0117469 0.0016803 -0.0292369 -0.0205146
0.0072490 0.0070850 -0.0055964 0.0102926 0.0084936 -0.0120409 0.0072423 0.0063823 0.0098159 0.0090547 0.0093978 0.0078252 0.0097193 0.0097425 0.0087477 0.0112375 0.0101319 0.0077932 -0.0084682 -0.0112067 0.0078743 -0.0130515 -0.0091815 -0.0078143 -0.0163352 -0.0106427 -0.0220523 -0.0237847 0.0031694 0.9717351 -0.0333591 -0.0091716 0.0011909 -0.0056687 -0.0016372 -0.0215391 -0.0018389 -0.0180570 -0.0026037 -0.0163625 -0.0255619 -0.0233298 0.0045027 -0.0102633 0.0033478 -0.0042329 -0.0057517 -0.0016467 -0.0103524 -0.0179231 -0.0235027 -0.0064330 -0.0137759 0.0022314 -0.0149507 -0.0108748 0.0020860 -0.0086201 -0.0191818 -0.0044564 -0.0019616 0.0063908 -0.0067133 -0.0067177 -0.0218575 -0.0076745 -0.0161989 -0.0015238 0.0038567 0.0053114 -0.0161883 -0.0121368 -0.0008136 -0.0264349 -0.0091959 -0.0045074 -0.0025383 -0.0012505 -0.0062487 -0.0100063 0.0073297 -0.0156527 -0.0016143 0.0021125 -0.0223802 -0.0146931
-0.0637997 -0.0498873 0.0202156 -0.0675077 -0.0550100 0.0724061 -0.0461343 -0.0437497 -0.0606726 -0.0625694 -0.0576871 -0.0557294 -0.0608446 -0.0598737 -0.0618051 -0.0601372 -0.0602646 -0.0555037 0.0578379 0.0727295 -0.0494195 0.0831409 -0.0443455 -0.0523306 -0.0111139 -0.0152480 0.0269638 0.0371002 -0.0596902 -0.0333591 1.2493502 -0.0152561 -0.0588113 -0.0222917 -0.0738710 0.0161378 -0.0592248 0.0477107 -0.0547121 -0.0046933 0.0241165 0.0174009 -0.0665094 -0.0221989 -0.0508230 -0.0416497 -0.0137021 -0.0685577 -0.0212037 0.0189888 0.0191326 -0.0209608 -0.0312697 -0.0685651 -0.0066828 -0.0111722 -0.0488985 -0.0101046 0.0201493 -0.0446274 -0.0552182 -0.0605558 -0.0636764 -0.0181539 0.0294798 -0.0378460 -0.0020175 -0.0532964 -0.0635951 -0.0661803 0.0165796 -0.0303929 -0.0451645 0.0288483 -0.0268373 -0.0339418 -0.0530350 -0.0330921 -0.0161008 -0.0157955 -0.0601585 0.0011264 -0.0610540 -0.0368521 0.0315056 0.0033406
-0.0059572 -0.0019647 -0.0004304 -0.0028029 -0.0007403 0.0004754 -0.0012839 -0.0012754 -0.0016459 -0.0004612 -0.0007412 -0.0014418 -0.0003821 -0.0012271 -0.0015260 -0.0033785 -0.0029127 -0.0006568 0.0007681 0.0007488 -0.0004067 0.0008189 -0.0107600 -0.0086442 -0.0067386 -0.0113660 -0.0058184 -0.0109169 -0.0123605 -0.0091716 -0.0152561 0.9058011 -0.0049882 -0.0103873 -0.0158471 -0.0135403 -0.0045886 -0.0097973 -0.0147985 -0.0181924 -0.0075011 -0.0091126 -0.0064983 -0.0122599 -0.0071378 -0.0116994 -0.0014682 -0.0101405 -0.0137115 -0.0102387 -0.0169711 -0.0107116 -0.0126597 -0.0099749 -0.0041970 -0.0068916 -0.0021310 -0.0118249 -0.0114033 -0.0145459 -0.0080750 -0.0070040 -0.0139980 -0.0084413 -0.0103743 -0.0189615 -0.0112905 -0.0035511 -0.0072700 -0.0044687 -0.0098322 -0.0099961 -0.0072092 -0.0135914 -0.0102811 -0.0105563 -0.0082837 -0.0069867 -0.0059511 -0.0117416 -0.0048155 -0.0170707 -0.0062029 -0.0052184 -0.0078311 -0.0138532
0.0204056 0.0148172 -0.0088742 0.0222173 0.0170715 -0.0218869 0.0140455 0.0137634 0.0189261 0.0199169 0.0187587 0.0163200 0.0196359 0.0193494 0.0193032 0.0199434 0.0201335 0.0175817 -0.0172493 -0.0215305 0.0151176 -0.0245546 0.0067957 0.0147554 -0.0091824 -0.0117485 -0.0285520 -0.0335968 0.0134644 0.0011909 -0.0588113 -0.0049882 0.9185996 0.0003095 0.0281331 -0.0289488 0.0160480 -0.0346659 0.0180837 -0.0123570 -0.0246722 -0.0326944 0.0215943 -0.0040242 0.0141140 0.0072985 0.0005129 0.0185341 -0.0035431 -0.0202486 -0.0324770 0.0023858 0.0002058 0.0254231 -0.0111744 -0.0076235 0.0096045 -0.0092434 -0.0217201 0.0092366 0.0148115 0.0212886 0.0183487 0.0005707 -0.0285786 0.0043871 -0.0172941 0.0095229 0.0236804 0.0207676 -0.0194397 -0.0006879 0.0100388 -0.0299792 0.0007676 0.0002404 0.0128334 0.0053735 0.0009998 -0.0054441 0.0195899 -0.0235261 0.0181333 0.0079087 -0.0251964 -0.0266839
0.0032826 0.0036382 -0.0046942 0.0063868 0.0046440 -0.0066840 0.0028262 0.0027884 0.0042311 0.0054508 0.0052040 0.0036963 0.0055141 0.0053178 0.0052377 0.0049398 0.0057292 0.0056959 -0.0050277 -0.0064477 0.0043500 -0.0074855 -0.0061735 -0.0032241 -0.0098727 -0.0118336 -0.0198345 -0.0194733 -0.0014512 -0.0056687 -0.0222917 -0.0103873 0.0003095 0.9631792 -0.0017882 -0.0128576 -0.0010375 -0.0209859 -0.0022540 -0.0134010 -0.0135515 -0.0161817 0.0037332 -0.0144179 0.0018356 -0.0013087 -0.0055728 0.0023926 -0.0101668 -0.0138910 -0.0182989 -0.0052620 -0.0080153 0.0005730 -0.0126616 -0.0066046 -0.0014185 -0.0099825 -0.0143839 -0.0010824 -0.0003794 0.0033534 -0.0046560 -0.0028067 -0.0188409 -0.0081264 -0.0105676 0.0000177 0.0013461 0.0023236 -0.0111038 -0.0107618 0.0001729 -0.0186674 -0.0059794 -0.0036217 -0.0083693 -0.0028815 -0.0032789 -0.0088290 0.0042684 -0.0135547 -0.0012164 0.0006110 -0.0099840 -0.0160833
0.0314858 0.0245012 -0.0144768 0.0399050 0.0299943 -0.0357858 0.0236225 0.0222162 0.0333630 0.0350562 0.0322189 0.0289984 0.0346056 0.0338080 0.0356274 0.0320897 0.0343792 0.0307459 -0.0297384 -0.0353894 0.0264516 -0.0388364 0.0081829 0.0219360 -0.0175385 -0.0134995 -0.0404524 -0.0429499 0.0155087 -0.0016372 -0.0738710 -0.0158471 0.0281331 -0.0017882 1.1677577 -0.0397617 0.0206023 -0.0521155 0.0164044 -0.0259159 -0.0382846 -0.0403336 0.0340016 -0.0047267 0.0242401 0.0056419 0.0006032 0.0273048 -0.0076080 -0.0357510 -0.0477877 0.0023006 -0.0033634 0.0366155 -0.0187683 -0.0119981 0.0207104 -0.0155767 -0.0333572 0.0104745 0.0255637 0.0310240 0.0286474 -0.0035866 -0.0440599 0.0029895 -0.0227725 0.0139452 0.0331326 0.0317957 -0.0313063 -0.0025894 0.0191814 -0.0436742 -0.0047401 0.0008795 0.0197001 0.0088181 0.0025108 -0.0172257 0.0313460 -0.0276880 0.0234406 0.0093302 -0.0369780 -0.0332848
-0.0333465 -0.0242517 0.0069031 -0.0350739 -0.0259790 0.0301957 -0.0221345 -0.0199082 -0.0304346 -0.0292666 -0.0275633 -0.0259880 -0.0292253 -0.0291852 -0.0297359 -0.0303514 -0.0296242 -0.0269713 0.0251007 0.0317879 -0.0226856 0.0360016 -0.0289885 -0.0343216 -0.0042840 -0.0144269 -0.0025513 -0.0033114 -0.0274106 -0.0215391 0.0161378 -0.0135403 -0.0289488 -0.0128576 -0.0397617 1.0276273 -0.0315907 0.0092236 -0.0366219 -0.0077534 0.0020562 -0.0006998 -0.0402753 -0.0216147 -0.0322731 -0.0222548 -0.0151926 -0.0404918 -0.0181981 -0.0055162 -0.0015881 -0.0166277 -0.0228244 -0.0417957 -0.0117762 -0.0093930 -0.0308145 -0.0117853 -0.0003135 -0.0230561 -0.0294511 -0.0322182 -0.0437767 -0.0119377 0.0003298 -0.0245755 -0.0162071 -0.0268992 -0.0332473 -0.0376511 -0.0022450 -0.0200802 -0.0265708 0.0047804 -0.0228494 -0.0231408 -0.0331009 -0.0227078 -0.0101851 -0.0095671 -0.0349461 -0.0086226 -0.0315991 -0.0209710 0.0023911 -0.0102736
0.0224228 0.0160723 -0.0098583 0.0261410 0.0195428 -0.0249408 0.0163232 0.0152796 0.0223312 0.0220364 0.0214050 0.0204470 0.0225846 0.0221243 0.0229664 0.0209748 0.0208447 0.0201609 -0.0195285 -0.0246071 0.0176305 -0.0285421 -0.0031112 0.0120654 -0.0132408 -0.0136338 -0.0330953 -0.0334928 0.0127520 -0.0018389 -0.0592248 -0.0045886 0.0160480 -0.0010375 0.0206023 -0.0315907 0.9750459 -0.0385949 0.0159851 -0.0157643 -0.0310239 -0.0312218 0.0244505 -0.0007511 0.0113885 0.0077487 -0.0037084 0.0187868 -0.0085288 -0.0291007 -0.0333396 -0.0012922 -0.0017212 0.0203898 -0.0124087 -0.0093483 0.0107724 -0.0139183 -0.0229831 0.0048791 0.0138336 0.0219076 0.0082273 -0.0022101 -0.0350291 -0.0011454 -0.0206131 0.0079688 0.0193861 0.0185018 -0.0194707 -0.0037731 0.0104456 -0.0280508 -0.0056664 -0.0000150 0.0124102 0.0059027 -0.0021191 -0.0125916 0.0203762 -0.0269330 0.0104613 0.0051850 -0.0255177 -0.0240859
-0.0366030 -0.0251000 0.0076202 -0.0376397 -0.0281733 0.0349471 -0.0237036 -0.0227865 -0.0316108 -0.0321936 -0.0295965 -0.0293385 -0.0322586 -0.0313178 -0.0329571 -0.0334049 -0.0330817 -0.0293909 0.0278567 0.0345747 -0.0248660 0.0393925 -0.0300276 -0.0363095 -0.0063141 -0.0189287 0.0143071 0.0272643 -0.0328594 -0.0180570 0.0477107 -0.0097973 -0.0346659 -0.0209859 -0.0521155 0.0092236 -0.0385949 1.0725783 -0.0357483 -0.0000921 0.0154982 0.0141938 -0.0416463 -0.0212762 -0.0329783 -0.0252117 -0.0119939 -0.0424995 -0.0151784 0.0149799 0.0061063 -0.0210540 -0.0231689 -0.0400121 -0.0018803 -0.0068926 -0.0247835 -0.0014008 0.0107273 -0.0265440 -0.0332484 -0.0356273 -0.0442605 -0.0147181 0.0153704 -0.0283621 -0.0041291 -0.0298060 -0.0402030 -0.0329855 0.0134267 -0.0217944 -0.0255321 0.0135235 -0.0171969 -0.0216700 -0.0381789 -0.0218201 -0.0092807 -0.0064647 -0.0335427 0.0056950 -0.0403986 -0.0200417 0.0136037 -0.0053269
0.0223232 0.0168176 -0.0096605 0.0264950 0.0209091 -0.0263127 0.0160529 0.0144791 0.0228093 0.0234906 0.0220359 0.0202027 0.0237906 0.0231138 0.0255571 0.0204768 0.0225251 0.0218215 -0.0210438 -0.0263275 0.0187438 -0.0296726 0.0000196 0.0099569 -0.0134376 -0.0099724 -0.0328030 -0.0335263 0.0047191 -0.0026037 -0.0547121 -0.0147985 0.0180837 -0.0022540 0.0164044 -0.0366219 0.0159851 -0.0357483 1.0064514 -0.0218415 -0.0308726 -0.0337181 0.0214445 -0.0132709 0.0180470 0.0026013 -0.0020789 0.0175144 -0.0102271 -0.0281292 -0.0371984 -0.0064384 -0.0059265 0.0246008 -0.0202663 -0.0124146 0.0100213 -0.0064603 -0.0288731 0.0027941 0.0137945 0.0216438 0.0060431 -0.0047131 -0.0310948 0.0002193 -0.0227228 0.0025142 0.0219292 0.0192506 -0.0246474 -0.0073706 0.0089548 -0.0366777 -0.0039565 0.0017296 0.0087134 0.0071753 -0.0006704 -0.0022441 0.0224031 -0.0220541 0.0096818 0.0069627 -0.0316682 -0.0239590
-0.0122780 -0.0054559 0.0002679 -0.0086878 -0.0070966 0.0087237 -0.0081457 -0.0058058 -0.0094400 -0.0091395 -0.0081053 -0.0090431 -0.0085322 -0.0084144 -0.0102769 -0.0119086 -0.0090582 -0.0085190 0.0067117 0.0085841 -0.0064396 0.0094893 -0.0175510 -0.0201830 -0.0143259 -0.0124343 -0.0120017 -0.0045873 -0.0146429 -0.0163625 -0.0046933 -0.0181924 -0.0123570 -0.0134010 -0.0259159 -0.0077534 -0.0157643 -0.0000921 -0.0218415 0.9540318 -0.0060706 -0.0063701 -0.0149501 -0.0170126 -0.0135592 -0.0144226 -0.0084226 -0.0151211 -0.0079236 -0.0055768 -0.0133549 -0.0104976 -0.0156234 -0.0156146 -0.0136264 -0.0128834 -0.0140972 -0.0110414 -0.0115437 -0.0148567 -0.0153585 -0.0099545 -0.0250062 -0.0101219 -0.0063917 -0.0191680 -0.0170921 -0.0178732 -0.0163087 -0.0136791 -0.0135878 -0.0145287 -0.0125786 -0.0111571 -0.0140875 -0.0197089 -0.0163314 -0.0094344 -0.0106258 -0.0187230 -0.0131608 -0.0138172 -0.0212441 -0.0086361 -0.0026755 -0.0118287
-0.0301929 -0.0196483 0.0070948 -0.0306581 -0.0218652 0.0267367 -0.0181553 -0.0164900 -0.0246661 -0.0256852 -0.0234872 -0.0247678 -0.0247126 -0.0244978 -0.0269855 -0.0271244 -0.0271925 -0.0228204 0.0215448 0.0267783 -0.0189848 0.0307328 -0.0273073 -0.0305757 -0.0091813 -0.0147645 0.0048101 -0.0000638 -0.0300185 -0.0255619 0.0241165 -0.0075011 -0.0246722 -0.0135515 -0.0382846 0.0020562 -0.0310239 0.0154982 -0.0308726 -0.0060706 1.0238827 0.0019812 -0.0353940 -0.0205299 -0.0263947 -0.0202370 -0.0120134 -0.0319393 -0.0171850 0.0037920 0.0082629 -0.0136535 -0.0247001 -0.0367580 -0.0073281 -0.0076870 -0.0235395 -0.0105675 0.0029658 -0.0289821 -0.0284987 -0.0297593 -0.0395479 -0.0128969 -0.0017135 -0.0232564 -0.0092246 -0.0250726 -0.0242451 -0.0311191 0.0009954 -0.0207743 -0.0203591 0.0080530 -0.0168338 -0.0173144 -0.0389855 -0.0154466 -0.0086229 -0.0100400 -0.0280035 0.0005266 -0.0296406 -0.0161629 0.0068665 -0.0090523
-0.0319854 -0.0205939 0.0070596 -0.0307391 -0.0228385 0.0271418 -0.0200642 -0.0177220 -0.0272036 -0.0271507 -0.0239865 -0.0229123 -0.0263451 -0.0252068 -0.0274426 -0.0280336 -0.0279252 -0.0229275 0.0217689 0.0277758 -0.0195199 0.0327141 -0.0252683 -0.0340338 -0.0127437 -0.0116325 0.0070931 0.0074081 -0.0289665 -0.0233298 0.0174009 -0.0091126 -0.0326944 -0.0161817 -0.0403336 -0.0006998 -0.0312218 0.0141938 -0.0337181 -0.0063701 0.0019812 1.0302534 -0.0331114 -0.0166165 -0.0294199 -0.0197735 -0.0078519 -0.0324689 -0.0193740 -0.0004975 -0.0023467 -0.0141078 -0.0216254 -0.0363562 -0.0082187 -0.0086027 -0.0227961 -0.0047096 -0.0030470 -0.0242397 -0.0312059 -0.0291285 -0.0380220 -0.0101287 0.0048776 -0.0262235 -0.0077415 -0.0267908 -0.0319840 -0.0291145 -0.0002434 -0.0197954 -0.0227993 0.0052936 -0.0177390 -0.0247402 -0.0341351 -0.0174995 -0.0104575 -0.0063067 -0.0322612 -0.0070504 -0.0331975 -0.0160885 0.0014394 -0.0071423
0.0254741 0.0174390 -0.0086137 0.0270196 0.0211726 -0.0259689 0.0161310 0.0154877 0.0239601 0.0245651 0.0226015 0.0212367 0.0242690 0.0233963 0.0251514 0.0245968 0.0248150 0.0216060 -0.0208125 -0.0256340 0.0185678 -0.0291175 0.0139788 0.0220265 -0.0077413 -0.0053071 -0.0343548 -0.0338900 0.0143031 0.0045027 -0.0665094 -0.0064983 0.0215943 0.0037332 0.0340016 -0.0402753 0.0244505 -0.0416463 0.0214445 -0.0149501 -0.0353940 -0.0331114 0.9769114 -0.0032839 0.0197460 0.0100279 0.0032831 0.0282585 -0.0051222 -0.0295348 -0.0375829 0.0025582 0.0014060 0.0333490 -0.0114737 -0.0059437 0.0169155 -0.0106359 -0.0298197 0.0123554 0.0187202 0.0257528 0.0250542 0.0001321 -0.0363280 0.0121761 -0.0215260 0.0146925 0.0209783 0.0276923 -0.0198496 0.0000699 0.0142774 -0.0348804 0.0009631 0.0059268 0.0193640 0.0099221 0.0017644 -0.0040189 0.0261719 -0.0238514 0.0218752 0.0107395 -0.0271637 -0.0280954
0.0030924 0.0055461 -0.0042352 0.0078711 0.0059587 -0.0081123 0.0038160 0.0042013 0.0063644 0.0065422 0.0064619 0.0044510 0.0064001 0.0063885 0.0058006 0.0034251 0.0052014 0.0054433 -0.0060677 -0.0077369 0.0049181 -0.0093279 -0.0074480 -0.0098064 -0.0105211 -0.0201149 -0.0175023 -0.0225143 -0.0082168 -0.0102633 -0.0221989 -0.0122599 -0.0040242 -0.0144179 -0.0047267 -0.0216147 -0.0007511 -0.0212762 -0.0132709 -0.0170126 -0.0205299 -0.0166165 -0.0032839 1.0068994 -0.0027996 -0.0101649 -0.0059541 -0.0047324 -0.0133820 -0.0181219 -0.0186948 -0.0058787 -0.0104009 -0.0008492 -0.0135061 -0.0073446 -0.0012512 -0.0122982 -0.0182722 -0.0054726 -0.0013144 0.0055384 -0.0026522 -0.0090138 -0.0216051 -0.0096293 -0.0102217 -0.0084298 -0.0040262 0.0020768 -0.0149039 -0.0130742 -0.0056378 -0.0269793 -0.0102054 -0.0109021 -0.0112036 -0.0053875 -0.0025181 -0.0102912 0.0034858 -0.0196255 0.0000694 -0.0041372 -0.0139898 -0.0206556
