Sample	1.0	2.0	3.0	4.0	5.0	6.0	7.0	8.0	9.0	>10	>50	>100	>500	>1k	>5k	>10k+	1.0	2.0	3.0	4.0	5.0	6.0	7.0	8.0	9.0	1.0	2.0	3.0	4.0	5.0	6.0	7.0	8.0	9.0	1.0	2.0	3.0	4.0	5.0	6.0	7.0	8.0	9.0	1.0	2.0	3.0	4.0	5.0	6.0	7.0	8.0	9.0	1.0	2.0	3.0	4.0	5.0	6.0	7.0	8.0	9.0	1.0	2.0	3.0	4.0	5.0	6.0	7.0	8.0	9.0	1.0	2.0	3.0	4.0	5.0	6.0	7.0	8.0	9.0	1.0	2.0	3.0	4.0	5.0	6.0	7.0	8.0	9.0	1.0	2.0	3.0	4.0	5.0	6.0	7.0	8.0	9.0	1.0	2.0	3.0	4.0	5.0	6.0	7.0	8.0	9.0	1.0	2.0	3.0	4.0	5.0	6.0	7.0	8.0	9.0	1.0	2.0	3.0	4.0	5.0	6.0	7.0	8.0	9.0	1.0	2.0	3.0	4.0	5.0	6.0	7.0	8.0	9.0	1.0	2.0	3.0	4.0	5.0	6.0	7.0	8.0	9.0	1.0	2.0	3.0	4.0	5.0	6.0	7.0	8.0	9.0	1.0	2.0	3.0	4.0	5.0	6.0	7.0	8.0	9.0	1.0	2.0	3.0	4.0	5.0	6.0	7.0	8.0	9.0	1.0	2.0	3.0	4.0	5.0	6.0	7.0	8.0	9.0	1.0	2.0	3.0	4.0	5.0	6.0	7.0	8.0	9.0	1.0	2.0	3.0	4.0	5.0	6.0	7.0	8.0	9.0	1.0	2.0	3.0	4.0	5.0	6.0	7.0	8.0	9.0	1.0	2.0	3.0	4.0	5.0	6.0	7.0	8.0	9.0	1.0	2.0	3.0	4.0	5.0	6.0	7.0	8.0	9.0	1.0	2.0	3.0	4.0	5.0	6.0	7.0	8.0	9.0	1.0	2.0	3.0	4.0	5.0	6.0	7.0	8.0	9.0	1.0	2.0	3.0	4.0	5.0	6.0	7.0	8.0	9.0	1.0	2.0	3.0	4.0	5.0	6.0	7.0	8.0	9.0	1.0	2.0	3.0	4.0	5.0	6.0	7.0	8.0	9.0	1.0	2.0	3.0	4.0	5.0	6.0	7.0	8.0	9.0	1.0	2.0	3.0	4.0	5.0	6.0	7.0	8.0	9.0	1.0	2.0	3.0	4.0	5.0	6.0	7.0	8.0	9.0	1.0	2.0	3.0	4.0	5.0	6.0	7.0	8.0	9.0	1.0	2.0	3.0	4.0	5.0	6.0	7.0	8.0	9.0	1.0	2.0	3.0	4.0	5.0	6.0	7.0	8.0	9.0	1.0	2.0	3.0	4.0	5.0	6.0	7.0	8.0	9.0	1.0	2.0	3.0	4.0	5.0	6.0	7.0	8.0	9.0	1.0	2.0	3.0	4.0	5.0	6.0	7.0	8.0	9.0	1.0	2.0	3.0	4.0	5.0	6.0	7.0	8.0	9.0	1.0	2.0	3.0	4.0	5.0	6.0	7.0	8.0	9.0	1.0	2.0	3.0	4.0	5.0	6.0	7.0	8.0	9.0	1.0	2.0	3.0	4.0	5.0	6.0	7.0	8.0	9.0	1.0	2.0	3.0	4.0	5.0	6.0	7.0	8.0	9.0	1.0	2.0	3.0	4.0	5.0	6.0	7.0	8.0	9.0	1.0	2.0	3.0	4.0	5.0	6.0	7.0	8.0	9.0	1.0	2.0	3.0	4.0	5.0	6.0	7.0	8.0	9.0	1.0	2.0	3.0	4.0	5.0	6.0	7.0	8.0	9.0	1.0	2.0	3.0	4.0	5.0	6.0	7.0	8.0	9.0	1.0	2.0	3.0	4.0	5.0	6.0	7.0	8.0	9.0	1.0	2.0	3.0	4.0	5.0	6.0	7.0	8.0	9.0	1.0	2.0	3.0	4.0	5.0	6.0	7.0	8.0	9.0	1.0	2.0	3.0	4.0	5.0	6.0	7.0	8.0	9.0	1.0	2.0	3.0	4.0	5.0	6.0	7.0	8.0	9.0	1.0	2.0	3.0	4.0	5.0	6.0	7.0	8.0	9.0	1.0	2.0	3.0	4.0	5.0	6.0	7.0	8.0	9.0	1.0	2.0	3.0	4.0	5.0	6.0	7.0	8.0	9.0	1.0	2.0	3.0	4.0	5.0	6.0	7.0	8.0	9.0	1.0	2.0	3.0	4.0	5.0	6.0	7.0	8.0	9.0	1.0	2.0	3.0	4.0	5.0	6.0	7.0	8.0	9.0	1.0	2.0	3.0	4.0	5.0	6.0	7.0	8.0	9.0	1.0	2.0	3.0	4.0	5.0	6.0	7.0	8.0	9.0	1.0	2.0	3.0	4.0	5.0	6.0	7.0	8.0	9.0	1.0	2.0	3.0	4.0	5.0	6.0	7.0	8.0	9.0	1.0	2.0	3.0	4.0	5.0	6.0	7.0	8.0	9.0	1.0	2.0	3.0	4.0	5.0	6.0	7.0	8.0	9.0	1.0	2.0	3.0	4.0	5.0	6.0	7.0	8.0	9.0	1.0	2.0	3.0	4.0	5.0	6.0	7.0	8.0	9.0	1.0	2.0	3.0	4.0	5.0	6.0	7.0	8.0	9.0	1.0	2.0	3.0	4.0	5.0	6.0	7.0	8.0	9.0	1.0	2.0	3.0	4.0	5.0	6.0	7.0	8.0	9.0	1.0	2.0	3.0	4.0	5.0	6.0	7.0	8.0	9.0	1.0	2.0	3.0	4.0	5.0	6.0	7.0	8.0	9.0	1.0	2.0	3.0	4.0	5.0	6.0	7.0	8.0	9.0	1.0	2.0	3.0	4.0	5.0	6.0	7.0	8.0	9.0	1.0	2.0	3.0	4.0	5.0	6.0	7.0	8.0	9.0	1.0	2.0	3.0	4.0	5.0	6.0	7.0	8.0	9.0	1.0	2.0	3.0	4.0	5.0	6.0	7.0	8.0	9.0	1.0	2.0	3.0	4.0	5.0	6.0	7.0	8.0	9.0	1.0	2.0	3.0	4.0	5.0	6.0	7.0	8.0	9.0	1.0	2.0	3.0	4.0	5.0	6.0	7.0	8.0	9.0	1.0	2.0	3.0	4.0	5.0	6.0	7.0	8.0	9.0	1.0	2.0	3.0	4.0	5.0	6.0	7.0	8.0	9.0	1.0	2.0	3.0	4.0	5.0	6.0	7.0	8.0	9.0	1.0	2.0	3.0	4.0	5.0	6.0	7.0	8.0	9.0	1.0	2.0	3.0	4.0	5.0	6.0	7.0	8.0	9.0	1.0	2.0	3.0	4.0	5.0	6.0	7.0	8.0	9.0	1.0	2.0	3.0	4.0	5.0	6.0	7.0	8.0	9.0	1.0	2.0	3.0	4.0	5.0	6.0	7.0	8.0	9.0	1.0	2.0	3.0	4.0	5.0	6.0	7.0	8.0	9.0	1.0	2.0	3.0	4.0	5.0	6.0	7.0	8.0	9.0	1.0	2.0	3.0	4.0	5.0	6.0	7.0	8.0	9.0	1.0	2.0	3.0	4.0	5.0	6.0	7.0	8.0	9.0	1.0	2.0	3.0	4.0	5.0	6.0	7.0	8.0	9.0	1.0	2.0	3.0	4.0	5.0	6.0	7.0	8.0	9.0	1.0	2.0	3.0	4.0	5.0	6.0	7.0	8.0	9.0	1.0	2.0	3.0	4.0	5.0	6.0	7.0	8.0	9.0
Sor-CPnd_001-Ex1-3E-lcwgs-1-3.clmp.r1										0.13391251050878453	0.007238035043071225	0.01819915161932893	0.009711701265027371	0.0	0.0	0.0																																																																																																																																																																																																																																																																																																																																																																																																																																																																																																																																																																																																																																																																																																																																																																																																																																																																																							
Sor-CPnd_001-Ex1-3E-lcwgs-1-3.clmp.r2										0.13873326852313483	0.006645009597801915	0.02746073027637883	0.0	0.0	0.0	0.0																																																																																																																																																																																																																																																																																																																																																																																																																																																																																																																																																																																																																																																																																																																																																																																																																																																																																							
Sor-CPnd_002-Ex1-5E-lcwgs-1-3.clmp.r1										0.11125213820319395	0.005531375118492784	0.01728128651912203	0.010445243911158905	0.0	0.0	0.0																																																																																																																																																																																																																																																																																																																																																																																																																																																																																																																																																																																																																																																																																																																																																																																																																																																																																							
Sor-CPnd_002-Ex1-5E-lcwgs-1-3.clmp.r2										0.1140797664741712	0.00895025442880564	0.02507072830737477	0.0	0.0	0.0	0.0																																																																																																																																																																																																																																																																																																																																																																																																																																																																																																																																																																																																																																																																																																																																																																																																																																																																																							
Sor-CPnd_003-Ex1-2B-lcwgs-1-3.clmp.r1										0.16585460345438124	0.008254255662314375	0.011946807513601674	0.01710033307257354	0.0	0.0	0.0																																																																																																																																																																																																																																																																																																																																																																																																																																																																																																																																																																																																																																																																																																																																																																																																																																																																																							
Sor-CPnd_003-Ex1-2B-lcwgs-1-3.clmp.r2										0.23149045846782573	0.015491782952021962	0.01595181069792363	0.009050969967315485	0.0	0.0	0.0																																																																																																																																																																																																																																																																																																																																																																																																																																																																																																																																																																																																																																																																																																																																																																																																																																																																																							
Sor-CPnd_004-Ex1-1G-lcwgs-1-3.clmp.r1										0.22269635161406473	0.02456882321165283	0.014719479093035538	0.01847192738471802	0.0	0.0	0.0																																																																																																																																																																																																																																																																																																																																																																																																																																																																																																																																																																																																																																																																																																																																																																																																																																																																																							
Sor-CPnd_004-Ex1-1G-lcwgs-1-3.clmp.r2										0.27049358615366903	0.02645682190118867	0.014259584617477877	0.016945614816643324	0.0	0.0	0.0																																																																																																																																																																																																																																																																																																																																																																																																																																																																																																																																																																																																																																																																																																																																																																																																																																																																																							
Sor-CPnd_005-Ex1-3D-lcwgs-1-3.clmp.r1										0.11585934034175434	0.008622281609575327	0.025517704507782648	0.0	0.0	0.0	0.0																																																																																																																																																																																																																																																																																																																																																																																																																																																																																																																																																																																																																																																																																																																																																																																																																																																																																							
Sor-CPnd_005-Ex1-3D-lcwgs-1-3.clmp.r2										0.14883467367089884	0.006831879138295413	0.023851887738609794	0.0	0.0	0.0	0.0																																																																																																																																																																																																																																																																																																																																																																																																																																																																																																																																																																																																																																																																																																																																																																																																																																																																																							
Sor-CPnd_006-Ex1-2D-lcwgs-1-3.clmp.r1										0.18507308561163235	0.018358827298691736	0.013222190431434104	0.007764743035054437	0.01015777827472661	0.0	0.0																																																																																																																																																																																																																																																																																																																																																																																																																																																																																																																																																																																																																																																																																																																																																																																																																																																																																							
Sor-CPnd_006-Ex1-2D-lcwgs-1-3.clmp.r2										0.2678839416666368	0.02087816709903843	0.00976197523829934	0.01606041797873771	0.0	0.0	0.0																																																																																																																																																																																																																																																																																																																																																																																																																																																																																																																																																																																																																																																																																																																																																																																																																																																																																							
Sor-CPnd_007-Ex1-1C-lcwgs-1-3.clmp.r1										0.07590933746098527	0.009333279726733583	0.017256293837674366	0.0	0.0	0.0	0.0																																																																																																																																																																																																																																																																																																																																																																																																																																																																																																																																																																																																																																																																																																																																																																																																																																																																																							
Sor-CPnd_007-Ex1-1C-lcwgs-1-3.clmp.r2										0.09183740684665292	0.007397094716767528	0.021075389427289294	0.0	0.0	0.0	0.0																																																																																																																																																																																																																																																																																																																																																																																																																																																																																																																																																																																																																																																																																																																																																																																																																																																																																							
Sor-CPnd_008-Ex1-1A-lcwgs-1-3.clmp.r1										0.4300111028652502	0.043235094130296574	0.026927284958927884	0.005431315040096327	0.023115807685711177	0.0	0.0																																																																																																																																																																																																																																																																																																																																																																																																																																																																																																																																																																																																																																																																																																																																																																																																																																																																																							
Sor-CPnd_008-Ex1-1A-lcwgs-1-3.clmp.r2										0.6674966153468618	0.08595187506816902	0.03864067870286069	0.0	0.038573499174879275	0.0	0.0																																																																																																																																																																																																																																																																																																																																																																																																																																																																																																																																																																																																																																																																																																																																																																																																																																																																																							
Sor-CPnd_009-Ex1-6A-lcwgs-1-3.clmp.r1										0.29321088581244314	0.01921569626057996	0.0139709159919702	0.00875134017068724	0.01109875847529511	0.0	0.0																																																																																																																																																																																																																																																																																																																																																																																																																																																																																																																																																																																																																																																																																																																																																																																																																																																																																							
Sor-CPnd_009-Ex1-6A-lcwgs-1-3.clmp.r2										0.36285090524655983	0.040378288317728814	0.016475798283545805	0.008582073769261423	0.011531204945618798	0.0	0.0																																																																																																																																																																																																																																																																																																																																																																																																																																																																																																																																																																																																																																																																																																																																																																																																																																																																																							
Sor-CPnd_010-Ex1-1H-lcwgs-1-3.clmp.r1										0.02925415000244145	0.008025757390834476	0.009322849494403684	0.0	0.0	0.0	0.0																																																																																																																																																																																																																																																																																																																																																																																																																																																																																																																																																																																																																																																																																																																																																																																																																																																																																							
Sor-CPnd_010-Ex1-1H-lcwgs-1-3.clmp.r2										0.032712409133756656	0.007519894311842726	0.008732780491172197	0.0	0.0	0.0	0.0																																																																																																																																																																																																																																																																																																																																																																																																																																																																																																																																																																																																																																																																																																																																																																																																																																																																																							
Sor-CPnd_012-Ex1-5B-lcwgs-1-3.clmp.r1										0.11458742239365298	0.005486179253912866	0.029704863382710875	0.0	0.0	0.0	0.0																																																																																																																																																																																																																																																																																																																																																																																																																																																																																																																																																																																																																																																																																																																																																																																																																																																																																							
Sor-CPnd_012-Ex1-5B-lcwgs-1-3.clmp.r2										0.14991919472563747	0.009408947790451382	0.018986654365377664	0.010780371269080874	0.0	0.0	0.0																																																																																																																																																																																																																																																																																																																																																																																																																																																																																																																																																																																																																																																																																																																																																																																																																																																																																							
Sor-CPnd_013-Ex1-7F-lcwgs-1-3.clmp.r1										0.07798742368292315	0.0062037870346692454	0.024538339951602123	0.0	0.0	0.0	0.0																																																																																																																																																																																																																																																																																																																																																																																																																																																																																																																																																																																																																																																																																																																																																																																																																																																																																							
Sor-CPnd_013-Ex1-7F-lcwgs-1-3.clmp.r2										0.09571783620792709	0.00394218048370607	0.021315821532618094	0.0	0.0	0.0	0.0																																																																																																																																																																																																																																																																																																																																																																																																																																																																																																																																																																																																																																																																																																																																																																																																																																																																																							
Sor-CPnd_014-Ex1-1F-lcwgs-1-3.clmp.r1										0.18412042739913062	0.010006187051513658	0.011308987259616697	0.018180977148657896	0.0	0.0	0.0																																																																																																																																																																																																																																																																																																																																																																																																																																																																																																																																																																																																																																																																																																																																																																																																																																																																																							
Sor-CPnd_014-Ex1-1F-lcwgs-1-3.clmp.r2										0.25839097860016497	0.01895669452832907	0.01420029567812265	0.017515110621195814	0.0	0.0	0.0																																																																																																																																																																																																																																																																																																																																																																																																																																																																																																																																																																																																																																																																																																																																																																																																																																																																																							
Sor-CPnd_015-Ex1-5F-lcwgs-1-3.clmp.r1										0.08006639746128952	0.0088740077579102	0.02558624291887569	0.0	0.0	0.0	0.0																																																																																																																																																																																																																																																																																																																																																																																																																																																																																																																																																																																																																																																																																																																																																																																																																																																																																							
Sor-CPnd_015-Ex1-5F-lcwgs-1-3.clmp.r2										0.108563724795476	0.002589130192803609	0.025949395849137222	0.0	0.0	0.0	0.0																																																																																																																																																																																																																																																																																																																																																																																																																																																																																																																																																																																																																																																																																																																																																																																																																																																																																							
Sor-CPnd_016-Ex1-1B-lcwgs-1-3.clmp.r1										0.458447044983215	0.06003910752632749	0.05052189748493931	0.009497723339581215	0.02152710157499673	0.0	0.0																																																																																																																																																																																																																																																																																																																																																																																																																																																																																																																																																																																																																																																																																																																																																																																																																																																																																							
Sor-CPnd_016-Ex1-1B-lcwgs-1-3.clmp.r2										0.7325951445737038	0.13519814629087656	0.08560862654668738	0.0038730516272468926	0.02984013722636831	0.0	0.0																																																																																																																																																																																																																																																																																																																																																																																																																																																																																																																																																																																																																																																																																																																																																																																																																																																																																							
Sor-CPnd_017-Ex1-3G-lcwgs-1-3.clmp.r1										0.02028507214395251	0.016280831155676967	0.0	0.0	0.0	0.0	0.0																																																																																																																																																																																																																																																																																																																																																																																																																																																																																																																																																																																																																																																																																																																																																																																																																																																																																							
Sor-CPnd_017-Ex1-3G-lcwgs-1-3.clmp.r2										0.021936042476406823	0.014731457866395398	0.0	0.0	0.0	0.0	0.0																																																																																																																																																																																																																																																																																																																																																																																																																																																																																																																																																																																																																																																																																																																																																																																																																																																																																							
Sor-CPnd_018-Ex1-1E-lcwgs-1-3.clmp.r1										0.07449176813006575	0.004195881016652311	0.024444897188446644	0.0	0.0	0.0	0.0																																																																																																																																																																																																																																																																																																																																																																																																																																																																																																																																																																																																																																																																																																																																																																																																																																																																																							
Sor-CPnd_018-Ex1-1E-lcwgs-1-3.clmp.r2										0.11347294815364532	0.0052276886163871855	0.01929102103085968	0.0	0.0	0.0	0.0																																																																																																																																																																																																																																																																																																																																																																																																																																																																																																																																																																																																																																																																																																																																																																																																																																																																																							
Sor-CPnd_019-Ex1-6G-lcwgs-1-3.clmp.r1										0.14844501745491556	0.013451776099712036	0.014684725077986118	0.019375941827301704	0.0	0.0	0.0																																																																																																																																																																																																																																																																																																																																																																																																																																																																																																																																																																																																																																																																																																																																																																																																																																																																																							
Sor-CPnd_019-Ex1-6G-lcwgs-1-3.clmp.r2										0.20028792542070734	0.012021257831850176	0.014721017464878323	0.01761470010812183	0.0	0.0	0.0																																																																																																																																																																																																																																																																																																																																																																																																																																																																																																																																																																																																																																																																																																																																																																																																																																																																																							
Sor-CPnd_020-Ex1-2E-lcwgs-1-3.clmp.r1										0.2426427724328771	0.025980166287852522	0.01763007104059486	0.008479311487028103	0.010350333270550736	0.0	0.0																																																																																																																																																																																																																																																																																																																																																																																																																																																																																																																																																																																																																																																																																																																																																																																																																																																																																							
Sor-CPnd_020-Ex1-2E-lcwgs-1-3.clmp.r2										0.3662967732903612	0.04298229005356528	0.01534786606305466	0.017501639699512506	0.0	0.0	0.0																																																																																																																																																																																																																																																																																																																																																																																																																																																																																																																																																																																																																																																																																																																																																																																																																																																																																							
Sor-CPnd_022-Ex1-7C-lcwgs-1-3.clmp.r1										0.18167763986356478	0.013941366985849774	0.014036867410561371	0.019234242067960178	0.0	0.0	0.0																																																																																																																																																																																																																																																																																																																																																																																																																																																																																																																																																																																																																																																																																																																																																																																																																																																																																							
Sor-CPnd_022-Ex1-7C-lcwgs-1-3.clmp.r2										0.24318447604650067	0.013327095391092931	0.011908382828328621	0.01935235332410316	0.0	0.0	0.0																																																																																																																																																																																																																																																																																																																																																																																																																																																																																																																																																																																																																																																																																																																																																																																																																																																																																							
Sor-CPnd_024-Ex1-5G-lcwgs-1-3.clmp.r1										0.050034483222888865	0.005357248876342384	0.023255413341436396	0.0	0.0	0.0	0.0																																																																																																																																																																																																																																																																																																																																																																																																																																																																																																																																																																																																																																																																																																																																																																																																																																																																																							
Sor-CPnd_024-Ex1-5G-lcwgs-1-3.clmp.r2										0.06688419113403633	0.002578262194753659	0.01756429862063263	0.0	0.0	0.0	0.0																																																																																																																																																																																																																																																																																																																																																																																																																																																																																																																																																																																																																																																																																																																																																																																																																																																																																							
Sor-CPnd_026-Ex1-3H-lcwgs-1-3.clmp.r1										0.2609566199865842	0.0328876891993513	0.013998026873911463	0.009353095572338757	0.011342679498910817	0.0	0.0																																																																																																																																																																																																																																																																																																																																																																																																																																																																																																																																																																																																																																																																																																																																																																																																																																																																																							
Sor-CPnd_026-Ex1-3H-lcwgs-1-3.clmp.r2										0.36118893259642904	0.046691600805659844	0.02122065833653262	0.01908831310614323	0.0	0.0	0.0																																																																																																																																																																																																																																																																																																																																																																																																																																																																																																																																																																																																																																																																																																																																																																																																																																																																																							
Sor-CPnd_027-Ex1-3C-lcwgs-1-3.clmp.r1										0.1381201581654895	0.010501204669699357	0.023228699673805295	0.011483030965361131	0.0	0.0	0.0																																																																																																																																																																																																																																																																																																																																																																																																																																																																																																																																																																																																																																																																																																																																																																																																																																																																																							
Sor-CPnd_027-Ex1-3C-lcwgs-1-3.clmp.r2										0.1998621223817143	0.01012843677631392	0.03290282209091811	0.0	0.0	0.0	0.0																																																																																																																																																																																																																																																																																																																																																																																																																																																																																																																																																																																																																																																																																																																																																																																																																																																																																							
Sor-CPnd_028-Ex1-3A-lcwgs-1-3.clmp.r1										0.26755576021605193	0.021533196794038357	0.018583775619054253	0.020920016287879515	0.0	0.0	0.0																																																																																																																																																																																																																																																																																																																																																																																																																																																																																																																																																																																																																																																																																																																																																																																																																																																																																							
Sor-CPnd_028-Ex1-3A-lcwgs-1-3.clmp.r2										0.3819793773866147	0.05174156999503389	0.01451980113112604	0.028972346780711963	0.0	0.0	0.0																																																																																																																																																																																																																																																																																																																																																																																																																																																																																																																																																																																																																																																																																																																																																																																																																																																																																							
Sor-CPnd_029-Ex1-8E-lcwgs-1-3.clmp.r1										0.27292534895797327	0.034352263242651664	0.01401609041391064	0.005196159762947939	0.019911334889951764	0.0	0.0																																																																																																																																																																																																																																																																																																																																																																																																																																																																																																																																																																																																																																																																																																																																																																																																																																																																																							
Sor-CPnd_029-Ex1-8E-lcwgs-1-3.clmp.r2										0.3956936914267076	0.05418075885483013	0.020160064446722446	0.013214233048403894	0.010349730676123136	0.0	0.0																																																																																																																																																																																																																																																																																																																																																																																																																																																																																																																																																																																																																																																																																																																																																																																																																																																																																							
Sor-CPnd_030-Ex1-2H-lcwgs-1-3.clmp.r1										0.1584724264276802	0.008701456982467904	0.02121101459610107	0.010420061588639156	0.0	0.0	0.0																																																																																																																																																																																																																																																																																																																																																																																																																																																																																																																																																																																																																																																																																																																																																																																																																																																																																							
Sor-CPnd_030-Ex1-2H-lcwgs-1-3.clmp.r2										0.1561018162826196	0.018367774244248507	0.01634614247158468	0.009394523810313334	0.0	0.0	0.0																																																																																																																																																																																																																																																																																																																																																																																																																																																																																																																																																																																																																																																																																																																																																																																																																																																																																							
Sor-CPnd_031-Ex1-5D-lcwgs-1-3.clmp.r1										0.2551405945706701	0.023392036839365547	0.018782915125630656	0.009128441097143074	0.011373463988856485	0.0	0.0																																																																																																																																																																																																																																																																																																																																																																																																																																																																																																																																																																																																																																																																																																																																																																																																																																																																																							
Sor-CPnd_031-Ex1-5D-lcwgs-1-3.clmp.r2										0.34085449454119293	0.039072325020100905	0.012803759703990837	0.0089950714434513	0.010016345930480704	0.0	0.0																																																																																																																																																																																																																																																																																																																																																																																																																																																																																																																																																																																																																																																																																																																																																																																																																																																																																							
Sor-CPnd_033-Ex1-2F-lcwgs-1-3.clmp.r1										0.1103839445346869	0.0050189431707703775	0.02537418086249916	0.0	0.0	0.0	0.0																																																																																																																																																																																																																																																																																																																																																																																																																																																																																																																																																																																																																																																																																																																																																																																																																																																																																							
Sor-CPnd_033-Ex1-2F-lcwgs-1-3.clmp.r2										0.14161696945095664	0.004081209783381389	0.0237783118580874	0.0	0.0	0.0	0.0																																																																																																																																																																																																																																																																																																																																																																																																																																																																																																																																																																																																																																																																																																																																																																																																																																																																																							
Sor-CPnd_034-Ex1-4G-lcwgs-1-3.clmp.r1										0.050648221461111094	0.006131152556786288	0.016476672670946206	0.0	0.0	0.0	0.0																																																																																																																																																																																																																																																																																																																																																																																																																																																																																																																																																																																																																																																																																																																																																																																																																																																																																							
Sor-CPnd_034-Ex1-4G-lcwgs-1-3.clmp.r2										0.05180822811821277	0.005055021726421827	0.020604246049500122	0.0	0.0	0.0	0.0																																																																																																																																																																																																																																																																																																																																																																																																																																																																																																																																																																																																																																																																																																																																																																																																																																																																																							
Sor-CPnd_036-Ex1-5C-lcwgs-1-3.clmp.r1										0.2376046800153445	0.013803924171250294	0.012504969539334427	0.007430868401276456	0.011021623601893266	0.0	0.0																																																																																																																																																																																																																																																																																																																																																																																																																																																																																																																																																																																																																																																																																																																																																																																																																																																																																							
Sor-CPnd_036-Ex1-5C-lcwgs-1-3.clmp.r2										0.32402869947188945	0.0275582710777137	0.012885390862787704	0.006891365324407779	0.010223018200668229	0.0	0.0																																																																																																																																																																																																																																																																																																																																																																																																																																																																																																																																																																																																																																																																																																																																																																																																																																																																																							
Sor-CPnd_037-Ex1-6C-lcwgs-1-3.clmp.r1										0.14120780024787005	0.007115470215682267	0.0349419599512225	0.01260656836569093	0.0	0.0	0.0																																																																																																																																																																																																																																																																																																																																																																																																																																																																																																																																																																																																																																																																																																																																																																																																																																																																																							
Sor-CPnd_037-Ex1-6C-lcwgs-1-3.clmp.r2										0.21774223213877575	0.0053140255781518415	0.030605296706151724	0.011922022945376682	0.0	0.0	0.0																																																																																																																																																																																																																																																																																																																																																																																																																																																																																																																																																																																																																																																																																																																																																																																																																																																																																							
Sor-CPnd_038-Ex1-2A-lcwgs-1-3.clmp.r1										0.43665586528102834	0.06512715866425968	0.02261960322324719	0.004906343619617028	0.02393359493597635	0.0	0.0																																																																																																																																																																																																																																																																																																																																																																																																																																																																																																																																																																																																																																																																																																																																																																																																																																																																																							
Sor-CPnd_038-Ex1-2A-lcwgs-1-3.clmp.r2										0.6408240339700582	0.09326496548100058	0.0467530876596436	0.012661475423618725	0.022660531065800384	0.0	0.0																																																																																																																																																																																																																																																																																																																																																																																																																																																																																																																																																																																																																																																																																																																																																																																																																																																																																							
Sor-CPnd_041-Ex1-7A-lcwgs-1-3.clmp.r1										0.33062397686232914	0.03770085309616468	0.02058048751772273	0.0048267435793273895	0.019101871898924542	0.0	0.0																																																																																																																																																																																																																																																																																																																																																																																																																																																																																																																																																																																																																																																																																																																																																																																																																																																																																							
Sor-CPnd_041-Ex1-7A-lcwgs-1-3.clmp.r2										0.4183499499224686	0.06381475090442626	0.024704971112949996	0.0	0.01994789311344441	0.0	0.0																																																																																																																																																																																																																																																																																																																																																																																																																																																																																																																																																																																																																																																																																																																																																																																																																																																																																							
Sor-CPnd_043-Ex1-1D-lcwgs-1-3.clmp.r1										0.2443508928972109	0.029324501493770687	0.014489120213349936	0.01049418097245066	0.0129530193393141	0.0	0.0																																																																																																																																																																																																																																																																																																																																																																																																																																																																																																																																																																																																																																																																																																																																																																																																																																																																																							
Sor-CPnd_043-Ex1-1D-lcwgs-1-3.clmp.r2										0.3363457343366384	0.033596546176146685	0.011075964796840445	0.010060075357115837	0.01216322699971845	0.0	0.0																																																																																																																																																																																																																																																																																																																																																																																																																																																																																																																																																																																																																																																																																																																																																																																																																																																																																							
Sor-CPnd_044-Ex1-8G-lcwgs-1-3.clmp.r1										0.23814094050348322	0.018743562264175864	0.009444495162944901	0.013238659859683642	0.01052691287700835	0.0	0.0																																																																																																																																																																																																																																																																																																																																																																																																																																																																																																																																																																																																																																																																																																																																																																																																																																																																																							
Sor-CPnd_044-Ex1-8G-lcwgs-1-3.clmp.r2										0.30793896357636064	0.02741293653434852	0.016628015984395325	0.008096889177665923	0.009555389957485658	0.0	0.0																																																																																																																																																																																																																																																																																																																																																																																																																																																																																																																																																																																																																																																																																																																																																																																																																																																																																							
Sor-CPnd_045-Ex1-7B-lcwgs-1-3.clmp.r1										0.28181923256456953	0.04074406520006536	0.015601528700480205	0.0052102733522009816	0.021269471523803242	0.0	0.0																																																																																																																																																																																																																																																																																																																																																																																																																																																																																																																																																																																																																																																																																																																																																																																																																																																																																							
Sor-CPnd_045-Ex1-7B-lcwgs-1-3.clmp.r2										0.4651838935359564	0.03767346192247191	0.017514136066481195	0.006235199569639674	0.02158641876324621	0.0	0.0																																																																																																																																																																																																																																																																																																																																																																																																																																																																																																																																																																																																																																																																																																																																																																																																																																																																																							
Sor-CPnd_046-Ex1-5A-lcwgs-1-3.clmp.r1										0.0833114862822074	0.004193825386912602	0.023052210971468198	0.0	0.0	0.0	0.0																																																																																																																																																																																																																																																																																																																																																																																																																																																																																																																																																																																																																																																																																																																																																																																																																																																																																							
Sor-CPnd_046-Ex1-5A-lcwgs-1-3.clmp.r2										0.12540037840281631	0.0029622570718606392	0.022640896821721136	0.0	0.0	0.0	0.0																																																																																																																																																																																																																																																																																																																																																																																																																																																																																																																																																																																																																																																																																																																																																																																																																																																																																							
Sor-CPnd_049-Ex1-3B-lcwgs-1-3.clmp.r1										0.06815986488925556	0.006595719622464085	0.026260124284963365	0.0	0.0	0.0	0.0																																																																																																																																																																																																																																																																																																																																																																																																																																																																																																																																																																																																																																																																																																																																																																																																																																																																																							
Sor-CPnd_049-Ex1-3B-lcwgs-1-3.clmp.r2										0.07372648204784421	0.007302676272235054	0.01990599369108982	0.0	0.0	0.0	0.0																																																																																																																																																																																																																																																																																																																																																																																																																																																																																																																																																																																																																																																																																																																																																																																																																																																																																							
Sor-CPnd_050-Ex1-3F-lcwgs-1-3.clmp.r1										0.20664832129513988	0.02408790044454216	0.01058300573126738	0.01851382084793684	0.0	0.0	0.0																																																																																																																																																																																																																																																																																																																																																																																																																																																																																																																																																																																																																																																																																																																																																																																																																																																																																							
Sor-CPnd_050-Ex1-3F-lcwgs-1-3.clmp.r2										0.2761087020795193	0.021467101183990214	0.009892575824289748	0.018365134605050848	0.0	0.0	0.0																																																																																																																																																																																																																																																																																																																																																																																																																																																																																																																																																																																																																																																																																																																																																																																																																																																																																							
Sor-CPnd_052-Ex1-6D-lcwgs-1-3.clmp.r1										0.10302782598713688	0.005064090120491933	0.020047471141112397	0.009227099346752431	0.0	0.0	0.0																																																																																																																																																																																																																																																																																																																																																																																																																																																																																																																																																																																																																																																																																																																																																																																																																																																																																							
Sor-CPnd_052-Ex1-6D-lcwgs-1-3.clmp.r2										0.12726020232611568	0.00948097718920103	0.01598599719155365	0.009438117657536242	0.0	0.0	0.0																																																																																																																																																																																																																																																																																																																																																																																																																																																																																																																																																																																																																																																																																																																																																																																																																																																																																							
Sor-CPnd_053-Ex1-2C-lcwgs-1-3.clmp.r1										0.15414195713286719	0.008572987119904979	0.023644546478459906	0.011382446177692162	0.0	0.0	0.0																																																																																																																																																																																																																																																																																																																																																																																																																																																																																																																																																																																																																																																																																																																																																																																																																																																																																							
Sor-CPnd_053-Ex1-2C-lcwgs-1-3.clmp.r2										0.195193839840545	0.010618429669442977	0.021792345163110207	0.01025614328617128	0.0	0.0	0.0																																																																																																																																																																																																																																																																																																																																																																																																																																																																																																																																																																																																																																																																																																																																																																																																																																																																																							
Sor-CPnd_054-Ex1-8F-lcwgs-1-3.clmp.r1										0.03750192080657664	0.00435178215738614	0.015926989410683236	0.0	0.0	0.0	0.0																																																																																																																																																																																																																																																																																																																																																																																																																																																																																																																																																																																																																																																																																																																																																																																																																																																																																							
Sor-CPnd_054-Ex1-8F-lcwgs-1-3.clmp.r2										0.03627242317142318	0.00891447631849603	0.015534853456313068	0.0	0.0	0.0	0.0																																																																																																																																																																																																																																																																																																																																																																																																																																																																																																																																																																																																																																																																																																																																																																																																																																																																																							
Sor-CPnd_055-Ex1-7G-lcwgs-1-3.clmp.r1										0.13861034089283494	0.004417365494708319	0.018263285261002373	0.020351156291318544	0.0	0.0	0.0																																																																																																																																																																																																																																																																																																																																																																																																																																																																																																																																																																																																																																																																																																																																																																																																																																																																																							
Sor-CPnd_055-Ex1-7G-lcwgs-1-3.clmp.r2										0.18253117644680003	0.013641221999198658	0.0055747348849284764	0.018993041363954768	0.0	0.0	0.0																																																																																																																																																																																																																																																																																																																																																																																																																																																																																																																																																																																																																																																																																																																																																																																																																																																																																							
Sor-CPnd_058-Ex1-2G-lcwgs-1-3.clmp.r1										0.13139880407379984	0.0038086253259725917	0.03580345222035369	0.0	0.0	0.0	0.0																																																																																																																																																																																																																																																																																																																																																																																																																																																																																																																																																																																																																																																																																																																																																																																																																																																																																							
Sor-CPnd_058-Ex1-2G-lcwgs-1-3.clmp.r2										0.13081104946336494	0.0076382354884635024	0.024446942059917244	0.0	0.0	0.0	0.0																																																																																																																																																																																																																																																																																																																																																																																																																																																																																																																																																																																																																																																																																																																																																																																																																																																																																							
Sor-CPnd_063-Ex1-7D-lcwgs-1-3.clmp.r1										0.14203569669436167	0.012601536120245529	0.014367874707093886	0.018081778139456377	0.0	0.0	0.0																																																																																																																																																																																																																																																																																																																																																																																																																																																																																																																																																																																																																																																																																																																																																																																																																																																																																							
Sor-CPnd_063-Ex1-7D-lcwgs-1-3.clmp.r2										0.19023076606069578	0.016403718951904015	0.008263644381312692	0.016487571510353273	0.0	0.0	0.0																																																																																																																																																																																																																																																																																																																																																																																																																																																																																																																																																																																																																																																																																																																																																																																																																																																																																							
Sor-CPnd_066-Ex1-8B-lcwgs-1-3.clmp.r1										0.020904422174914707	0.0	0.0	0.0	0.0	0.0	0.0																																																																																																																																																																																																																																																																																																																																																																																																																																																																																																																																																																																																																																																																																																																																																																																																																																																																																							
Sor-CPnd_066-Ex1-8B-lcwgs-1-3.clmp.r2										0.025448091054454478	0.0	0.0	0.0	0.0	0.0	0.0																																																																																																																																																																																																																																																																																																																																																																																																																																																																																																																																																																																																																																																																																																																																																																																																																																																																																							
Sor-CPnd_069-Ex1-6B-lcwgs-1-3.clmp.r1										0.14403555732807186	0.010406648222006012	0.02334731787401149	0.012136601759077121	0.0	0.0	0.0																																																																																																																																																																																																																																																																																																																																																																																																																																																																																																																																																																																																																																																																																																																																																																																																																																																																																							
Sor-CPnd_069-Ex1-6B-lcwgs-1-3.clmp.r2										0.21421130473976094	0.014104041302882262	0.0213571245835214	0.011685745006939334	0.0	0.0	0.0																																																																																																																																																																																																																																																																																																																																																																																																																																																																																																																																																																																																																																																																																																																																																																																																																																																																																							
Sor-CPnd_072-Ex1-8C-lcwgs-1-3.clmp.r1										0.31506836204732497	0.03417740319404359	0.02174907481524932	0.00678474687312521	0.025941679220772857	0.0	0.0																																																																																																																																																																																																																																																																																																																																																																																																																																																																																																																																																																																																																																																																																																																																																																																																																																																																																							
Sor-CPnd_072-Ex1-8C-lcwgs-1-3.clmp.r2										0.45221173119575026	0.06917622719959722	0.033509659501216316	0.0	0.0350223386118713	0.0	0.0																																																																																																																																																																																																																																																																																																																																																																																																																																																																																																																																																																																																																																																																																																																																																																																																																																																																																							
